SAVED BY: 
TITLE: 
COMMENTS: 
DATE: 10/27/2020
TIME: 1:52 PM

STIMULUS, RESPONSE

8.560000E+6,  1.477897E-4
8.566250E+6,  1.626536E-4
8.572500E+6,  1.529306E-4
8.578750E+6,  1.671314E-4
8.585000E+6,  1.675114E-4
8.591250E+6,  1.635477E-4
8.597500E+6,  1.787245E-4
8.603750E+6,  1.574531E-4
8.610000E+6,  1.699552E-4
8.616250E+6,  1.768619E-4
8.622500E+6,  1.545474E-4
8.628750E+6,  1.886934E-4
8.635000E+6,  1.894310E-4
8.641250E+6,  1.766756E-4
8.647500E+6,  1.801625E-4
8.653750E+6,  1.616180E-4
8.660000E+6,  1.731291E-4
8.666250E+6,  1.928657E-4
8.672500E+6,  1.607537E-4
8.678750E+6,  1.862422E-4
8.685000E+6,  1.632869E-4
8.691250E+6,  1.807511E-4
8.697500E+6,  1.666695E-4
8.703750E+6,  1.807958E-4
8.710000E+6,  1.700521E-4
8.716250E+6,  1.718923E-4
8.722500E+6,  1.765937E-4
8.728750E+6,  1.758263E-4
8.735000E+6,  1.741424E-4
8.741250E+6,  1.873448E-4
8.747500E+6,  1.719221E-4
8.753750E+6,  1.685098E-4
8.760000E+6,  1.719445E-4
8.766250E+6,  1.739785E-4
8.772500E+6,  1.740158E-4
8.778750E+6,  1.819208E-4
8.785000E+6,  1.685172E-4
8.791250E+6,  1.775473E-4
8.797500E+6,  1.852214E-4
8.803750E+6,  1.768470E-4
8.810000E+6,  1.809523E-4
8.816250E+6,  1.684353E-4
8.822500E+6,  1.771152E-4
8.828750E+6,  1.857877E-4
8.835000E+6,  1.736954E-4
8.841250E+6,  1.913533E-4
8.847500E+6,  1.788363E-4
8.853750E+6,  1.735911E-4
8.860000E+6,  1.831129E-4
8.866250E+6,  1.938865E-4
8.872500E+6,  1.787841E-4
8.878750E+6,  1.973510E-4
8.885000E+6,  1.922548E-4
8.891250E+6,  1.686439E-4
8.897500E+6,  1.939386E-4
8.903750E+6,  1.942068E-4
8.910000E+6,  1.822710E-4
8.916250E+6,  2.026707E-4
8.922500E+6,  1.772940E-4
8.928750E+6,  1.803264E-4
8.935000E+6,  1.977012E-4
8.941250E+6,  1.941547E-4
8.947500E+6,  1.910627E-4
8.953750E+6,  1.922622E-4
8.960000E+6,  1.970306E-4
8.966250E+6,  2.045408E-4
8.972500E+6,  1.701862E-4
8.978750E+6,  1.830608E-4
8.985000E+6,  1.940951E-4
8.991250E+6,  1.907796E-4
8.997500E+6,  1.891926E-4
9.003750E+6,  1.995042E-4
9.010000E+6,  1.754761E-4
9.016250E+6,  2.114177E-4
9.022500E+6,  1.872927E-4
9.028750E+6,  1.908019E-4
9.035000E+6,  1.753718E-4
9.041250E+6,  2.044067E-4
9.047500E+6,  1.995787E-4
9.053750E+6,  1.862571E-4
9.060000E+6,  1.921654E-4
9.066250E+6,  1.974180E-4
9.072500E+6,  2.035722E-4
9.078750E+6,  1.975447E-4
9.085000E+6,  1.996979E-4
9.091250E+6,  2.033934E-4
9.097500E+6,  2.011210E-4
9.103750E+6,  2.054796E-4
9.110000E+6,  2.118945E-4
9.116250E+6,  1.925826E-4
9.122500E+6,  2.012998E-4
9.128750E+6,  1.996905E-4
9.135000E+6,  2.092570E-4
9.141250E+6,  2.096444E-4
9.147500E+6,  1.882315E-4
9.153750E+6,  1.917407E-4
9.160000E+6,  1.999214E-4
9.166250E+6,  2.055615E-4
9.172500E+6,  2.010912E-4
9.178750E+6,  2.162680E-4
9.185000E+6,  2.055019E-4
9.191250E+6,  2.068132E-4
9.197500E+6,  2.000034E-4
9.203750E+6,  1.936257E-4
9.210000E+6,  2.163649E-4
9.216250E+6,  2.136976E-4
9.222500E+6,  1.952946E-4
9.228750E+6,  2.149940E-4
9.235000E+6,  2.114326E-4
9.241250E+6,  2.082288E-4
9.247500E+6,  2.198219E-4
9.253750E+6,  2.399534E-4
9.260000E+6,  2.129078E-4
9.266250E+6,  2.218634E-4
9.272500E+6,  2.016649E-4
9.278750E+6,  2.128854E-4
9.285000E+6,  2.133325E-4
9.291250E+6,  2.256185E-4
9.297500E+6,  2.152771E-4
9.303750E+6,  2.210513E-4
9.310000E+6,  2.200902E-4
9.316250E+6,  2.120286E-4
9.322500E+6,  2.157167E-4
9.328750E+6,  2.071336E-4
9.335000E+6,  2.035573E-4
9.341250E+6,  2.360418E-4
9.347500E+6,  2.124012E-4
9.353750E+6,  2.200454E-4
9.360000E+6,  2.155602E-4
9.366250E+6,  2.189502E-4
9.372500E+6,  2.340600E-4
9.378750E+6,  2.341121E-4
9.385000E+6,  2.184957E-4
9.391250E+6,  2.147108E-4
9.397500E+6,  2.395883E-4
9.403750E+6,  2.387762E-4
9.410000E+6,  2.373978E-4
9.416250E+6,  2.340376E-4
9.422500E+6,  2.132580E-4
9.428750E+6,  2.508163E-4
9.435000E+6,  2.246276E-4
9.441250E+6,  2.397373E-4
9.447500E+6,  2.433360E-4
9.453750E+6,  2.410561E-4
9.460000E+6,  2.397373E-4
9.466250E+6,  2.473742E-4
9.472500E+6,  2.299547E-4
9.478750E+6,  2.430677E-4
9.485000E+6,  2.432019E-4
9.491250E+6,  2.376959E-4
9.497500E+6,  2.456009E-4
9.503750E+6,  2.438724E-4
9.510000E+6,  2.363175E-4
9.516250E+6,  2.202615E-4
9.522500E+6,  2.582520E-4
9.528750E+6,  2.581626E-4
9.535000E+6,  2.364591E-4
9.541250E+6,  2.346709E-4
9.547500E+6,  2.326220E-4
9.553750E+6,  2.538413E-4
9.560000E+6,  2.472848E-4
9.566250E+6,  2.406836E-4
9.572500E+6,  2.401844E-4
9.578750E+6,  2.380535E-4
9.585000E+6,  2.120882E-4
9.591250E+6,  2.413765E-4
9.597500E+6,  2.388656E-4
9.603750E+6,  2.578646E-4
9.610000E+6,  2.504587E-4
9.616250E+6,  2.579242E-4
9.622500E+6,  2.597570E-4
9.628750E+6,  2.591610E-4
9.635000E+6,  2.267063E-4
9.641250E+6,  2.553463E-4
9.647500E+6,  2.438203E-4
9.653750E+6,  2.546608E-4
9.660000E+6,  2.532452E-4
9.666250E+6,  2.451837E-4
9.672500E+6,  2.443790E-4
9.678750E+6,  2.820343E-4
9.685000E+6,  2.506375E-4
9.691250E+6,  2.550036E-4
9.697500E+6,  2.541393E-4
9.703750E+6,  2.717227E-4
9.710000E+6,  2.565533E-4
9.716250E+6,  2.437159E-4
9.722500E+6,  2.576709E-4
9.728750E+6,  2.505630E-4
9.735000E+6,  2.588630E-4
9.741250E+6,  2.832264E-4
9.747500E+6,  2.543032E-4
9.753750E+6,  2.580881E-4
9.760000E+6,  2.582073E-4
9.766250E+6,  2.532303E-4
9.772500E+6,  2.472401E-4
9.778750E+6,  2.654046E-4
9.785000E+6,  2.755970E-4
9.791250E+6,  2.512932E-4
9.797500E+6,  2.826899E-4
9.803750E+6,  2.543777E-4
9.810000E+6,  2.688766E-4
9.816250E+6,  2.694428E-4
9.822500E+6,  2.725422E-4
9.828750E+6,  2.830476E-4
9.835000E+6,  2.935827E-4
9.841250E+6,  2.765954E-4
9.847500E+6,  2.692491E-4
9.853750E+6,  2.732426E-4
9.860000E+6,  2.722293E-4
9.866250E+6,  2.794266E-4
9.872500E+6,  2.794117E-4
9.878750E+6,  2.806634E-4
9.885000E+6,  2.693385E-4
9.891250E+6,  2.829880E-4
9.897500E+6,  2.618134E-4
9.903750E+6,  2.726167E-4
9.910000E+6,  2.653599E-4
9.916250E+6,  3.013909E-4
9.922500E+6,  2.867132E-4
9.928750E+6,  2.796501E-4
9.935000E+6,  2.623051E-4
9.941250E+6,  2.728105E-4
9.947500E+6,  2.728403E-4
9.953750E+6,  2.905577E-4
9.960000E+6,  2.802461E-4
9.966250E+6,  2.836287E-4
9.972500E+6,  2.877712E-4
9.978750E+6,  2.871007E-4
9.985000E+6,  2.728403E-4
9.991250E+6,  3.049225E-4
9.997500E+6,  2.906024E-4
1.000375E+7,  2.834946E-4
1.001000E+7,  2.833903E-4
1.001625E+7,  3.047884E-4
1.002250E+7,  2.865046E-4
1.002875E+7,  2.943873E-4
1.003500E+7,  3.173202E-4
1.004125E+7,  2.941489E-4
1.004750E+7,  3.052205E-4
1.005375E+7,  3.192425E-4
1.006000E+7,  3.089011E-4
1.006625E+7,  2.977848E-4
1.007250E+7,  3.083050E-4
1.007875E+7,  3.270507E-4
1.008500E+7,  3.083348E-4
1.009125E+7,  2.940893E-4
1.009750E+7,  3.093779E-4
1.010375E+7,  3.189445E-4
1.011000E+7,  2.938956E-4
1.011625E+7,  3.062487E-4
1.012250E+7,  3.263205E-4
1.012875E+7,  3.265887E-4
1.013500E+7,  3.081560E-4
1.014125E+7,  3.225803E-4
1.014750E+7,  3.188401E-4
1.015375E+7,  3.083795E-4
1.016000E+7,  2.873838E-4
1.016625E+7,  3.090203E-4
1.017250E+7,  3.338456E-4
1.017875E+7,  3.142357E-4
1.018500E+7,  3.300607E-4
1.019125E+7,  3.485829E-4
1.019750E+7,  3.185719E-4
1.020375E+7,  3.233850E-4
1.021000E+7,  3.238916E-4
1.021625E+7,  3.353208E-4
1.022250E+7,  3.156513E-4
1.022875E+7,  3.417879E-4
1.023500E+7,  3.231615E-4
1.024125E+7,  3.344715E-4
1.024750E+7,  3.421456E-4
1.025375E+7,  3.489852E-4
1.026000E+7,  3.424436E-4
1.026625E+7,  3.380626E-4
1.027250E+7,  3.481656E-4
1.027875E+7,  3.382862E-4
1.028500E+7,  3.302097E-4
1.029125E+7,  3.301948E-4
1.029750E+7,  3.283620E-4
1.030375E+7,  3.554374E-4
1.031000E+7,  3.377348E-4
1.031625E+7,  3.458858E-4
1.032250E+7,  3.344119E-4
1.032875E+7,  3.477931E-4
1.033500E+7,  3.457218E-4
1.034125E+7,  3.565550E-4
1.034750E+7,  3.494322E-4
1.035375E+7,  3.483295E-4
1.036000E+7,  3.523529E-4
1.036625E+7,  3.522933E-4
1.037250E+7,  3.515184E-4
1.037875E+7,  3.462285E-4
1.038500E+7,  3.675520E-4
1.039125E+7,  3.554672E-4
1.039750E+7,  3.612787E-4
1.040375E+7,  3.655255E-4
1.041000E+7,  3.422946E-4
1.041625E+7,  3.739148E-4
1.042250E+7,  3.783703E-4
1.042875E+7,  3.612190E-4
1.043500E+7,  3.792048E-4
1.044125E+7,  3.764182E-4
1.044750E+7,  3.746748E-4
1.045375E+7,  3.722310E-4
1.046000E+7,  4.021674E-4
1.046625E+7,  3.712773E-4
1.047250E+7,  3.779829E-4
1.047875E+7,  3.721714E-4
1.048500E+7,  3.847182E-4
1.049125E+7,  3.642589E-4
1.049750E+7,  3.716052E-4
1.050375E+7,  3.778636E-4
1.051000E+7,  3.838241E-4
1.051625E+7,  4.002601E-4
1.052250E+7,  3.744960E-4
1.052875E+7,  3.884584E-4
1.053500E+7,  3.879517E-4
1.054125E+7,  3.882647E-4
1.054750E+7,  3.890097E-4
1.055375E+7,  3.855824E-4
1.056000E+7,  3.873110E-4
1.056625E+7,  3.730655E-4
1.057250E+7,  4.002303E-4
1.057875E+7,  4.050136E-4
1.058500E+7,  4.020631E-4
1.059125E+7,  3.850609E-4
1.059750E+7,  4.058331E-4
1.060375E+7,  4.010797E-4
1.061000E+7,  4.166216E-4
1.061625E+7,  4.200935E-4
1.062250E+7,  3.864467E-4
1.062875E+7,  4.153848E-4
1.063500E+7,  4.126281E-4
1.064125E+7,  4.035980E-4
1.064750E+7,  4.158467E-4
1.065375E+7,  4.106164E-4
1.066000E+7,  4.045218E-4
1.066625E+7,  4.268289E-4
1.067250E+7,  4.238933E-4
1.067875E+7,  4.232228E-4
1.068500E+7,  4.151314E-4
1.069125E+7,  4.286468E-4
1.069750E+7,  4.095286E-4
1.070375E+7,  4.362315E-4
1.071000E+7,  4.282892E-4
1.071625E+7,  4.307181E-4
1.072250E+7,  4.281551E-4
1.072875E+7,  4.266649E-4
1.073500E+7,  4.387200E-4
1.074125E+7,  4.517883E-4
1.074750E+7,  4.375875E-4
1.075375E+7,  4.427433E-4
1.076000E+7,  4.403442E-4
1.076625E+7,  4.635751E-4
1.077250E+7,  4.491657E-4
1.077875E+7,  4.545450E-4
1.078500E+7,  4.343092E-4
1.079125E+7,  4.665405E-4
1.079750E+7,  4.504621E-4
1.080375E+7,  4.561394E-4
1.081000E+7,  4.547238E-4
1.081625E+7,  4.665107E-4
1.082250E+7,  4.498363E-4
1.082875E+7,  4.548430E-4
1.083500E+7,  4.695952E-4
1.084125E+7,  4.550368E-4
1.084750E+7,  4.720092E-4
1.085375E+7,  4.740953E-4
1.086000E+7,  4.668683E-4
1.086625E+7,  4.659593E-4
1.087250E+7,  4.691333E-4
1.087875E+7,  4.865974E-4
1.088500E+7,  4.797280E-4
1.089125E+7,  4.960895E-4
1.089750E+7,  5.188584E-4
1.090375E+7,  4.951954E-4
1.091000E+7,  4.890859E-4
1.091625E+7,  5.139112E-4
1.092250E+7,  4.845858E-4
1.092875E+7,  5.054474E-4
1.093500E+7,  5.105138E-4
1.094125E+7,  5.090237E-4
1.094750E+7,  5.107820E-4
1.095375E+7,  5.124807E-4
1.096000E+7,  5.054176E-4
1.096625E+7,  5.073547E-4
1.097250E+7,  5.107522E-4
1.097875E+7,  5.216002E-4
1.098500E+7,  5.021095E-4
1.099125E+7,  5.196929E-4
1.099750E+7,  5.175769E-4
1.100375E+7,  5.074143E-4
1.101000E+7,  5.228817E-4
1.101625E+7,  5.283058E-4
1.102250E+7,  5.301535E-4
1.102875E+7,  5.642176E-4
1.103500E+7,  5.346239E-4
1.104125E+7,  5.243719E-4
1.104750E+7,  5.268753E-4
1.105375E+7,  5.325377E-4
1.106000E+7,  5.465448E-4
1.106625E+7,  5.485117E-4
1.107250E+7,  5.463958E-4
1.107875E+7,  5.594194E-4
1.108500E+7,  5.510747E-4
1.109125E+7,  5.644262E-4
1.109750E+7,  5.520284E-4
1.110375E+7,  5.705357E-4
1.111000E+7,  5.844235E-4
1.111625E+7,  5.706549E-4
1.112250E+7,  5.698204E-4
1.112875E+7,  5.698502E-4
1.113500E+7,  5.853176E-4
1.114125E+7,  5.807281E-4
1.114750E+7,  5.725026E-4
1.115375E+7,  5.798340E-4
1.116000E+7,  6.050467E-4
1.116625E+7,  6.024241E-4
1.117250E+7,  5.818307E-4
1.117875E+7,  6.058812E-4
1.118500E+7,  5.928576E-4
1.119125E+7,  6.106198E-4
1.119750E+7,  6.234944E-4
1.120375E+7,  6.217659E-4
1.121000E+7,  6.457269E-4
1.121625E+7,  6.793737E-4
1.122250E+7,  7.079244E-4
1.122875E+7,  7.405579E-4
1.123500E+7,  7.784367E-4
1.124125E+7,  7.879436E-4
1.124750E+7,  7.920861E-4
1.125375E+7,  7.852614E-4
1.126000E+7,  7.728934E-4
1.126625E+7,  7.706583E-4
1.127250E+7,  8.166134E-4
1.127875E+7,  7.822216E-4
1.128500E+7,  7.700324E-4
1.129125E+7,  7.415414E-4
1.129750E+7,  6.934702E-4
1.130375E+7,  7.148087E-4
1.131000E+7,  7.386208E-4
1.131625E+7,  7.662773E-4
1.132250E+7,  8.025467E-4
1.132875E+7,  7.823110E-4
1.133500E+7,  7.985532E-4
1.134125E+7,  7.499754E-4
1.134750E+7,  7.587373E-4
1.135375E+7,  7.512867E-4
1.136000E+7,  7.378757E-4
1.136625E+7,  7.808208E-4
1.137250E+7,  7.798374E-4
1.137875E+7,  8.073449E-4
1.138500E+7,  7.919073E-4
1.139125E+7,  7.992089E-4
1.139750E+7,  7.859468E-4
1.140375E+7,  7.460415E-4
1.141000E+7,  7.704496E-4
1.141625E+7,  7.525980E-4
1.142250E+7,  7.821918E-4
1.142875E+7,  8.181632E-4
1.143500E+7,  7.852912E-4
1.144125E+7,  8.209944E-4
1.144750E+7,  8.610487E-4
1.145375E+7,  8.770227E-4
1.146000E+7,  8.834302E-4
1.146625E+7,  9.159744E-4
1.147250E+7,  8.833110E-4
1.147875E+7,  8.827746E-4
1.148500E+7,  8.782148E-4
1.149125E+7,  9.686351E-4
1.149750E+7,  9.935498E-4
1.150375E+7,  9.358525E-4
1.151000E+7,  9.667575E-4
1.151625E+7,  9.662807E-4
1.152250E+7,  9.816885E-4
1.152875E+7,  9.515584E-4
1.153500E+7,  9.045899E-4
1.154125E+7,  9.819269E-4
1.154750E+7,  1.031041E-3
1.155375E+7,  9.968877E-4
1.156000E+7,  1.111805E-3
1.156625E+7,  1.108408E-3
1.157250E+7,  1.124740E-3
1.157875E+7,  1.127124E-3
1.158500E+7,  1.246870E-3
1.159125E+7,  1.086771E-3
1.159750E+7,  1.094580E-3
1.160375E+7,  1.174510E-3
1.161000E+7,  1.167297E-3
1.161625E+7,  1.319706E-3
1.162250E+7,  1.308858E-3
1.162875E+7,  1.571417E-3
1.163500E+7,  1.666605E-3
1.164125E+7,  1.862288E-3
1.164750E+7,  2.118468E-3
1.165375E+7,  2.062082E-3
1.166000E+7,  1.978993E-3
1.166625E+7,  2.160192E-3
1.167250E+7,  2.025127E-3
1.167875E+7,  2.026796E-3
1.168500E+7,  2.070785E-3
1.169125E+7,  2.045274E-3
1.169750E+7,  2.069235E-3
1.170375E+7,  2.095222E-3
1.171000E+7,  2.106071E-3
1.171625E+7,  2.147555E-3
1.172250E+7,  2.146721E-3
1.172875E+7,  2.135158E-3
1.173500E+7,  2.190590E-3
1.174125E+7,  2.219319E-3
1.174750E+7,  2.206802E-3
1.175375E+7,  2.255201E-3
1.176000E+7,  2.260208E-3
1.176625E+7,  2.246499E-3
1.177250E+7,  2.274275E-3
1.177875E+7,  2.273560E-3
1.178500E+7,  2.358556E-3
1.179125E+7,  2.360821E-3
1.179750E+7,  2.339482E-3
1.180375E+7,  2.291679E-3
1.181000E+7,  2.299786E-3
1.181625E+7,  2.330661E-3
1.182250E+7,  2.473354E-3
1.182875E+7,  2.477169E-3
1.183500E+7,  2.462268E-3
1.184125E+7,  2.481580E-3
1.184750E+7,  2.521873E-3
1.185375E+7,  2.543211E-3
1.186000E+7,  2.508998E-3
1.186625E+7,  2.574801E-3
1.187250E+7,  2.593517E-3
1.187875E+7,  2.592564E-3
1.188500E+7,  2.630591E-3
1.189125E+7,  2.689719E-3
1.189750E+7,  2.619624E-3
1.190375E+7,  2.710223E-3
1.191000E+7,  2.701402E-3
1.191625E+7,  2.747536E-3
1.192250E+7,  2.759099E-3
1.192875E+7,  2.831340E-3
1.193500E+7,  2.780318E-3
1.194125E+7,  2.788067E-3
1.194750E+7,  2.871752E-3
1.195375E+7,  2.898812E-3
1.196000E+7,  2.797127E-3
1.196625E+7,  2.877474E-3
1.197250E+7,  2.918482E-3
1.197875E+7,  2.947688E-3
1.198500E+7,  2.944708E-3
1.199125E+7,  2.992034E-3
1.199750E+7,  3.017902E-3
1.200375E+7,  3.058672E-3
1.201000E+7,  3.061771E-3
1.201625E+7,  3.075719E-3
1.202250E+7,  3.057361E-3
1.202875E+7,  3.123522E-3
1.203500E+7,  3.139138E-3
1.204125E+7,  3.082991E-3
1.204750E+7,  3.129005E-3
1.205375E+7,  3.185987E-3
1.206000E+7,  3.164411E-3
1.206625E+7,  3.253341E-3
1.207250E+7,  3.280282E-3
1.207875E+7,  3.275156E-3
1.208500E+7,  3.281832E-3
1.209125E+7,  3.293514E-3
1.209750E+7,  3.246546E-3
1.210375E+7,  3.294826E-3
1.211000E+7,  3.345013E-3
1.211625E+7,  3.359914E-3
1.212250E+7,  3.379464E-3
1.212875E+7,  3.451586E-3
1.213500E+7,  3.461242E-3
1.214125E+7,  3.548384E-3
1.214750E+7,  3.550649E-3
1.215375E+7,  3.577232E-3
1.216000E+7,  3.529310E-3
1.216625E+7,  3.597498E-3
1.217250E+7,  3.627419E-3
1.217875E+7,  3.659010E-3
1.218500E+7,  3.712296E-3
1.219125E+7,  3.776073E-3
1.219750E+7,  3.768563E-3
1.220375E+7,  3.800750E-3
1.221000E+7,  3.823042E-3
1.221625E+7,  3.840089E-3
1.222250E+7,  3.981829E-3
1.222875E+7,  4.004717E-3
1.223500E+7,  4.040718E-3
1.224125E+7,  4.080057E-3
1.224750E+7,  4.033089E-3
1.225375E+7,  4.140615E-3
1.226000E+7,  4.162788E-3
1.226625E+7,  4.168272E-3
1.227250E+7,  4.273653E-3
1.227875E+7,  4.307747E-3
1.228500E+7,  4.281759E-3
1.229125E+7,  4.403591E-3
1.229750E+7,  4.418612E-3
1.230375E+7,  4.491329E-3
1.231000E+7,  4.555702E-3
1.231625E+7,  4.601479E-3
1.232250E+7,  4.644632E-3
1.232875E+7,  4.655361E-3
1.233500E+7,  4.736185E-3
1.234125E+7,  4.751444E-3
1.234750E+7,  4.834652E-3
1.235375E+7,  4.859447E-3
1.236000E+7,  4.980326E-3
1.236625E+7,  4.952431E-3
1.237250E+7,  5.048752E-3
1.237875E+7,  5.103827E-3
1.238500E+7,  5.227089E-3
1.239125E+7,  5.254030E-3
1.239750E+7,  5.275249E-3
1.240375E+7,  5.372524E-3
1.241000E+7,  5.408764E-3
1.241625E+7,  5.485058E-3
1.242250E+7,  5.575180E-3
1.242875E+7,  5.600691E-3
1.243500E+7,  5.747080E-3
1.244125E+7,  5.759716E-3
1.244750E+7,  5.805492E-3
1.245375E+7,  5.919218E-3
1.246000E+7,  5.957603E-3
1.246625E+7,  6.094933E-3
1.247250E+7,  6.119490E-3
1.247875E+7,  6.204605E-3
1.248500E+7,  6.310701E-3
1.249125E+7,  6.381989E-3
1.249750E+7,  6.432295E-3
1.250375E+7,  6.601334E-3
1.251000E+7,  6.634474E-3
1.251625E+7,  6.748199E-3
1.252250E+7,  6.834269E-3
1.252875E+7,  6.907701E-3
1.253500E+7,  7.024765E-3
1.254125E+7,  7.136583E-3
1.254750E+7,  7.189274E-3
1.255375E+7,  7.334709E-3
1.256000E+7,  7.405043E-3
1.256625E+7,  7.504225E-3
1.257250E+7,  7.593393E-3
1.257875E+7,  7.739305E-3
1.258500E+7,  7.861137E-3
1.259125E+7,  7.968426E-3
1.259750E+7,  8.056641E-3
1.260375E+7,  8.175373E-3
1.261000E+7,  8.307934E-3
1.261625E+7,  8.537769E-3
1.262250E+7,  8.595467E-3
1.262875E+7,  8.919716E-3
1.263500E+7,  8.749008E-3
1.264125E+7,  9.028435E-3
1.264750E+7,  9.171963E-3
1.265375E+7,  9.287834E-3
1.266000E+7,  9.542942E-3
1.266625E+7,  9.541988E-3
1.267250E+7,  9.905338E-3
1.267875E+7,  1.019669E-2
1.268500E+7,  1.056480E-2
1.269125E+7,  1.065922E-2
1.269750E+7,  1.027012E-2
1.270375E+7,  1.017857E-2
1.271000E+7,  1.170492E-2
1.271625E+7,  1.099205E-2
1.272250E+7,  1.119375E-2
1.272875E+7,  1.142359E-2
1.273500E+7,  1.177120E-2
1.274125E+7,  1.192093E-2
1.274750E+7,  1.222801E-2
1.275375E+7,  1.220989E-2
1.276000E+7,  1.254606E-2
1.276625E+7,  1.264477E-2
1.277250E+7,  9.471893E-3
1.277875E+7,  1.208782E-2
1.278500E+7,  1.387310E-2
1.279125E+7,  1.447535E-2
1.279750E+7,  1.396561E-2
1.280375E+7,  1.338100E-2
1.281000E+7,  1.251459E-2
1.281625E+7,  1.588058E-2
1.282250E+7,  1.583481E-2
1.282875E+7,  1.569366E-2
1.283500E+7,  1.475716E-2
1.284125E+7,  1.749325E-2
1.284750E+7,  1.746845E-2
1.285375E+7,  1.815033E-2
1.286000E+7,  1.814461E-2
1.286625E+7,  1.904488E-2
1.287250E+7,  1.926899E-2
1.287875E+7,  1.911926E-2
1.288500E+7,  1.916790E-2
1.289125E+7,  2.086830E-2
1.289750E+7,  2.098370E-2
1.290375E+7,  2.084732E-2
1.291000E+7,  2.153015E-2
1.291625E+7,  2.300549E-2
1.292250E+7,  2.037716E-2
1.292875E+7,  2.265453E-2
1.293500E+7,  2.094173E-2
1.294125E+7,  2.202034E-2
1.294750E+7,  1.866627E-2
1.295375E+7,  1.402664E-2
1.296000E+7,  1.130009E-2
1.296625E+7,  1.092863E-2
1.297250E+7,  1.133442E-2
1.297875E+7,  1.153517E-2
1.298500E+7,  1.174307E-2
1.299125E+7,  1.204920E-2
1.299750E+7,  1.232529E-2
1.300375E+7,  1.267147E-2
1.301000E+7,  1.303148E-2
1.301625E+7,  1.330805E-2
1.302250E+7,  1.372957E-2
1.302875E+7,  1.407337E-2
1.303500E+7,  1.449347E-2
1.304125E+7,  1.486588E-2
1.304750E+7,  1.532984E-2
1.305375E+7,  1.572132E-2
1.306000E+7,  1.615143E-2
1.306625E+7,  1.666832E-2
1.307250E+7,  1.715660E-2
1.307875E+7,  1.778793E-2
1.308500E+7,  1.832008E-2
1.309125E+7,  1.896572E-2
1.309750E+7,  1.949596E-2
1.310375E+7,  2.010918E-2
1.311000E+7,  2.079487E-2
1.311625E+7,  2.151585E-2
1.312250E+7,  2.233601E-2
1.312875E+7,  2.315331E-2
1.313500E+7,  2.399921E-2
1.314125E+7,  2.483368E-2
1.314750E+7,  2.583885E-2
1.315375E+7,  2.714729E-2
1.316000E+7,  2.823925E-2
1.316625E+7,  2.933693E-2
1.317250E+7,  3.030014E-2
1.317875E+7,  3.167725E-2
1.318500E+7,  3.293037E-2
1.319125E+7,  3.455544E-2
1.319750E+7,  3.562927E-2
1.320375E+7,  3.716850E-2
1.321000E+7,  3.923225E-2
1.321625E+7,  4.044533E-2
1.322250E+7,  4.229736E-2
1.322875E+7,  4.459953E-2
1.323500E+7,  4.710960E-2
1.324125E+7,  5.002594E-2
1.324750E+7,  5.365562E-2
1.325375E+7,  5.742264E-2
1.326000E+7,  6.004333E-2
1.326625E+7,  6.358719E-2
1.327250E+7,  6.748199E-2
1.327875E+7,  7.217407E-2
1.328500E+7,  7.598114E-2
1.329125E+7,  8.210373E-2
1.329750E+7,  8.713531E-2
1.330375E+7,  9.204483E-2
1.331000E+7,  1.009865E-1
1.331625E+7,  1.080017E-1
1.332250E+7,  1.185875E-1
1.332875E+7,  1.235390E-1
1.333500E+7,  1.294937E-1
1.334125E+7,  1.374664E-1
1.334750E+7,  1.474915E-1
1.335375E+7,  1.627808E-1
1.336000E+7,  1.757278E-1
1.336625E+7,  1.890869E-1
1.337250E+7,  2.090225E-1
1.337875E+7,  2.266464E-1
1.338500E+7,  2.467804E-1
1.339125E+7,  2.749481E-1
1.339750E+7,  3.000336E-1
1.340375E+7,  3.273315E-1
1.341000E+7,  3.596191E-1
1.341625E+7,  3.982391E-1
1.342250E+7,  4.341278E-1
1.342875E+7,  4.739990E-1
1.343500E+7,  5.122375E-1
1.344125E+7,  5.372925E-1
1.344750E+7,  5.642700E-1
1.345375E+7,  5.820312E-1
1.346000E+7,  5.905762E-1
1.346625E+7,  5.989380E-1
1.347250E+7,  6.045837E-1
1.347875E+7,  5.978699E-1
1.348500E+7,  5.881653E-1
1.349125E+7,  5.829773E-1
1.349750E+7,  5.801392E-1
1.350375E+7,  5.820618E-1
1.351000E+7,  5.780640E-1
1.351625E+7,  5.763855E-1
1.352250E+7,  5.786133E-1
1.352875E+7,  5.824280E-1
1.353500E+7,  5.886536E-1
1.354125E+7,  5.939941E-1
1.354750E+7,  5.997620E-1
1.355375E+7,  6.041565E-1
1.356000E+7,  6.052551E-1
1.356625E+7,  6.023254E-1
1.357250E+7,  5.940857E-1
1.357875E+7,  5.823669E-1
1.358500E+7,  5.629883E-1
1.359125E+7,  5.383606E-1
1.359750E+7,  5.097961E-1
1.360375E+7,  4.781799E-1
1.361000E+7,  4.450836E-1
1.361625E+7,  4.122314E-1
1.362250E+7,  3.816681E-1
1.362875E+7,  3.523254E-1
1.363500E+7,  3.260651E-1
1.364125E+7,  3.013153E-1
1.364750E+7,  2.786255E-1
1.365375E+7,  2.584839E-1
1.366000E+7,  2.406540E-1
1.366625E+7,  2.248459E-1
1.367250E+7,  2.100906E-1
1.367875E+7,  1.967239E-1
1.368500E+7,  1.846313E-1
1.369125E+7,  1.734695E-1
1.369750E+7,  1.634369E-1
1.370375E+7,  1.548843E-1
1.371000E+7,  1.464462E-1
1.371625E+7,  1.392517E-1
1.372250E+7,  1.326828E-1
1.372875E+7,  1.268311E-1
1.373500E+7,  1.210403E-1
1.374125E+7,  1.160049E-1
1.374750E+7,  1.114731E-1
1.375375E+7,  1.069183E-1
1.376000E+7,  1.033325E-1
1.376625E+7,  9.918594E-2
1.377250E+7,  9.603500E-2
1.377875E+7,  9.307480E-2
1.378500E+7,  9.030914E-2
1.379125E+7,  8.747482E-2
1.379750E+7,  8.493042E-2
1.380375E+7,  8.274078E-2
1.381000E+7,  8.018494E-2
1.381625E+7,  7.879639E-2
1.382250E+7,  7.702255E-2
1.382875E+7,  7.509613E-2
1.383500E+7,  7.394791E-2
1.384125E+7,  7.259750E-2
1.384750E+7,  7.135391E-2
1.385375E+7,  7.022095E-2
1.386000E+7,  6.925201E-2
1.386625E+7,  6.840515E-2
1.387250E+7,  6.770325E-2
1.387875E+7,  6.705475E-2
1.388500E+7,  6.648636E-2
1.389125E+7,  6.604385E-2
1.389750E+7,  6.577301E-2
1.390375E+7,  6.551743E-2
1.391000E+7,  6.542587E-2
1.391625E+7,  6.543350E-2
1.392250E+7,  6.563950E-2
1.392875E+7,  6.587601E-2
1.393500E+7,  6.629944E-2
1.394125E+7,  6.692886E-2
1.394750E+7,  6.757355E-2
1.395375E+7,  6.859207E-2
1.396000E+7,  6.971359E-2
1.396625E+7,  7.104492E-2
1.397250E+7,  7.263947E-2
1.397875E+7,  7.443619E-2
1.398500E+7,  7.665634E-2
1.399125E+7,  7.933044E-2
1.399750E+7,  8.243179E-2
1.400375E+7,  8.602905E-2
1.401000E+7,  9.043121E-2
1.401625E+7,  9.540939E-2
1.402250E+7,  1.014557E-1
1.402875E+7,  1.086121E-1
1.403500E+7,  1.175194E-1
1.404125E+7,  1.277313E-1
1.404750E+7,  1.398315E-1
1.405375E+7,  1.535950E-1
1.406000E+7,  1.679840E-1
1.406625E+7,  1.797791E-1
1.407250E+7,  1.861191E-1
1.407875E+7,  1.821289E-1
1.408500E+7,  1.684875E-1
1.409125E+7,  1.492310E-1
1.409750E+7,  1.290054E-1
1.410375E+7,  1.109810E-1
1.411000E+7,  9.569550E-2
1.411625E+7,  8.293915E-2
1.412250E+7,  7.236862E-2
1.412875E+7,  6.380844E-2
1.413500E+7,  5.666542E-2
1.414125E+7,  5.060387E-2
1.414750E+7,  4.551697E-2
1.415375E+7,  4.119301E-2
1.416000E+7,  3.738594E-2
1.416625E+7,  3.411102E-2
1.417250E+7,  3.124523E-2
1.417875E+7,  2.869320E-2
1.418500E+7,  2.645111E-2
1.419125E+7,  2.453899E-2
1.419750E+7,  2.273846E-2
1.420375E+7,  2.116394E-2
1.421000E+7,  1.975250E-2
1.421625E+7,  1.843643E-2
1.422250E+7,  1.725578E-2
1.422875E+7,  1.616669E-2
1.423500E+7,  1.517391E-2
1.424125E+7,  1.425838E-2
1.424750E+7,  1.344013E-2
1.425375E+7,  1.272678E-2
1.426000E+7,  1.199961E-2
1.426625E+7,  1.135063E-2
1.427250E+7,  1.073170E-2
1.427875E+7,  1.019049E-2
1.428500E+7,  9.647369E-3
1.429125E+7,  9.182453E-3
1.429750E+7,  8.709908E-3
1.430375E+7,  8.308887E-3
1.431000E+7,  7.892609E-3
1.431625E+7,  7.530928E-3
1.432250E+7,  7.185221E-3
1.432875E+7,  6.856680E-3
1.433500E+7,  6.584883E-3
1.434125E+7,  6.266594E-3
1.434750E+7,  5.979776E-3
1.435375E+7,  5.761862E-3
1.436000E+7,  5.500317E-3
1.436625E+7,  5.267859E-3
1.437250E+7,  5.053520E-3
1.437875E+7,  4.820824E-3
1.438500E+7,  4.638433E-3
1.439125E+7,  4.458189E-3
1.439750E+7,  4.285097E-3
1.440375E+7,  4.120111E-3
1.441000E+7,  3.954649E-3
1.441625E+7,  3.821969E-3
1.442250E+7,  3.648758E-3
1.442875E+7,  3.526926E-3
1.443500E+7,  3.415585E-3
1.444125E+7,  3.272653E-3
1.444750E+7,  3.154635E-3
1.445375E+7,  3.039598E-3
1.446000E+7,  2.960563E-3
1.446625E+7,  2.836466E-3
1.447250E+7,  2.735734E-3
1.447875E+7,  2.640605E-3
1.448500E+7,  2.556205E-3
1.449125E+7,  2.460003E-3
1.449750E+7,  2.392888E-3
1.450375E+7,  2.292395E-3
1.451000E+7,  2.205729E-3
1.451625E+7,  2.149224E-3
1.452250E+7,  2.069592E-3
1.452875E+7,  2.026200E-3
1.453500E+7,  1.942337E-3
1.454125E+7,  1.864314E-3
1.454750E+7,  1.808465E-3
1.455375E+7,  1.762748E-3
1.456000E+7,  1.699030E-3
1.456625E+7,  1.647592E-3
1.457250E+7,  1.599550E-3
1.457875E+7,  1.574695E-3
1.458500E+7,  1.502156E-3
1.459125E+7,  1.459181E-3
1.459750E+7,  1.423597E-3
1.460375E+7,  1.380205E-3
1.461000E+7,  1.358271E-3
1.461625E+7,  1.313686E-3
1.462250E+7,  1.255333E-3
1.462875E+7,  1.226485E-3
1.463500E+7,  1.183689E-3
1.464125E+7,  1.147985E-3
1.464750E+7,  1.082480E-3
1.465375E+7,  1.096964E-3
1.466000E+7,  1.066864E-3
1.466625E+7,  1.003444E-3
1.467250E+7,  9.870529E-4
1.467875E+7,  9.800792E-4
1.468500E+7,  9.160042E-4
1.469125E+7,  9.006560E-4
1.469750E+7,  8.790195E-4
1.470375E+7,  8.582771E-4
1.471000E+7,  8.499622E-4
1.471625E+7,  8.203387E-4
1.472250E+7,  7.847846E-4
1.472875E+7,  7.700622E-4
1.473500E+7,  7.629097E-4
1.474125E+7,  7.415414E-4
1.474750E+7,  7.131696E-4
1.475375E+7,  6.903112E-4
1.476000E+7,  6.763637E-4
1.476625E+7,  6.538928E-4
1.477250E+7,  6.399453E-4
1.477875E+7,  6.178021E-4
1.478500E+7,  6.103218E-4
1.479125E+7,  6.183088E-4
1.479750E+7,  5.819499E-4
1.480375E+7,  5.596280E-4
1.481000E+7,  5.454421E-4
1.481625E+7,  5.527735E-4
1.482250E+7,  5.244911E-4
1.482875E+7,  5.315840E-4
1.483500E+7,  4.889667E-4
1.484125E+7,  4.883409E-4
1.484750E+7,  4.882514E-4
1.485375E+7,  4.671514E-4
1.486000E+7,  4.592389E-4
1.486625E+7,  4.452467E-4
1.487250E+7,  4.090369E-4
1.487875E+7,  4.231632E-4
1.488500E+7,  4.008263E-4
1.489125E+7,  3.868043E-4
1.489750E+7,  3.943890E-4
1.490375E+7,  3.655404E-4
1.491000E+7,  3.871471E-4
1.491625E+7,  3.590584E-4
1.492250E+7,  3.435910E-4
1.492875E+7,  3.512502E-4
1.493500E+7,  3.366470E-4
1.494125E+7,  3.437400E-4
1.494750E+7,  3.148317E-4
1.495375E+7,  3.224909E-4
1.496000E+7,  3.153235E-4
1.496625E+7,  3.006905E-4
1.497250E+7,  2.936125E-4
1.497875E+7,  3.010333E-4
1.498500E+7,  2.718866E-4
1.499125E+7,  2.787262E-4
1.499750E+7,  2.577603E-4
1.500375E+7,  2.795458E-4
1.501000E+7,  2.670884E-4
1.501625E+7,  2.510995E-4
1.502250E+7,  2.356395E-4
1.502875E+7,  2.298504E-4
1.503500E+7,  2.361983E-4
1.504125E+7,  2.149567E-4
1.504750E+7,  1.997948E-4
1.505375E+7,  2.157688E-4
1.506000E+7,  2.069622E-4
1.506625E+7,  2.294481E-4
1.507250E+7,  1.924187E-4
1.507875E+7,  2.146810E-4
1.508500E+7,  1.930222E-4
1.509125E+7,  2.002195E-4
1.509750E+7,  1.701713E-4
1.510375E+7,  1.853332E-4
1.511000E+7,  1.696721E-4
1.511625E+7,  1.647919E-4
1.512250E+7,  1.695976E-4
1.512875E+7,  1.770034E-4
1.513500E+7,  1.501739E-4
1.514125E+7,  1.485199E-4
1.514750E+7,  1.630634E-4
1.515375E+7,  1.552850E-4
1.516000E+7,  1.548752E-4
1.516625E+7,  1.482740E-4
1.517250E+7,  1.273677E-4
1.517875E+7,  1.475886E-4
1.518500E+7,  1.290068E-4
1.519125E+7,  1.566187E-4
1.519750E+7,  1.258850E-4
1.520375E+7,  1.229271E-4
1.521000E+7,  1.358241E-4
1.521625E+7,  1.162849E-4
1.522250E+7,  9.826571E-5
1.522875E+7,  1.362637E-4
1.523500E+7,  1.273528E-4
1.524125E+7,  9.954348E-5
1.524750E+7,  1.018159E-4
1.525375E+7,  9.813160E-5
1.526000E+7,  8.389726E-5
1.526625E+7,  1.246184E-4
1.527250E+7,  1.222789E-4
1.527875E+7,  1.143552E-4
1.528500E+7,  1.070984E-4
1.529125E+7,  1.074262E-4
1.529750E+7,  1.009069E-4
1.530375E+7,  7.062778E-5
1.531000E+7,  9.360164E-5
1.531625E+7,  8.638948E-5
1.532250E+7,  1.119934E-4
1.532875E+7,  6.271154E-5
1.533500E+7,  7.144362E-5
1.534125E+7,  1.074374E-4
1.534750E+7,  1.024380E-4
1.535375E+7,  7.992983E-5
1.536000E+7,  8.354709E-5
1.536625E+7,  6.868690E-5
1.537250E+7,  9.457394E-5
1.537875E+7,  5.920231E-5
1.538500E+7,  7.681549E-5
1.539125E+7,  7.639825E-5
1.539750E+7,  8.095801E-5
1.540375E+7,  8.813292E-5
1.541000E+7,  6.284565E-5
1.541625E+7,  8.869544E-5
1.542250E+7,  5.914643E-5
1.542875E+7,  7.452071E-5
1.543500E+7,  5.558506E-5
1.544125E+7,  7.671118E-5
1.544750E+7,  8.633360E-5
1.545375E+7,  4.368462E-5
1.546000E+7,  4.629046E-5
1.546625E+7,  7.971749E-5
1.547250E+7,  3.050268E-5
1.547875E+7,  5.451590E-5
1.548500E+7,  5.501322E-5
1.549125E+7,  5.095638E-5
1.549750E+7,  1.821294E-5
1.550375E+7,  4.536472E-5
1.551000E+7,  5.683489E-5
1.551625E+7,  7.033348E-5
1.552250E+7,  4.217774E-5
1.552875E+7,  3.480352E-5
1.553500E+7,  3.230572E-5
1.554125E+7,  4.503690E-5
1.554750E+7,  3.554113E-5
1.555375E+7,  4.327856E-5
1.556000E+7,  5.204976E-5
1.556625E+7,  4.030950E-5
1.557250E+7,  5.399808E-5
1.557875E+7,  5.904399E-5
1.558500E+7,  2.581999E-5
1.559125E+7,  4.566647E-5
1.559750E+7,  2.562441E-5
1.560375E+7,  1.796708E-5
1.561000E+7,  3.341958E-5
1.561625E+7,  8.209608E-6
1.562250E+7,  3.148615E-5
1.562875E+7,  2.588052E-5
1.563500E+7,  8.890871E-6
1.564125E+7,  3.974698E-5
1.564750E+7,  3.845198E-6
1.565375E+7,  2.595782E-5
1.566000E+7,  1.379056E-5
1.566625E+7,  3.299117E-5
1.567250E+7,  8.601695E-6
1.567875E+7,  2.989639E-5
1.568500E+7,  6.438654E-10
1.569125E+7,  1.081545E-5
1.569750E+7,  7.642433E-6
1.570375E+7,  3.255717E-5
1.571000E+7,  2.400205E-5
1.571625E+7,  7.590279E-6
1.572250E+7,  8.512288E-6
1.572875E+7,  7.607043E-6
1.573500E+7,  2.763700E-5
1.574125E+7,  1.134211E-5
1.574750E+7,  3.055856E-5
1.575375E+7,  2.395082E-5
1.576000E+7,  2.392847E-5
1.576625E+7,  1.074001E-5
1.577250E+7,  7.581199E-6
1.577875E+7,  6.379821E-10
1.578500E+7,  2.307724E-5
1.579125E+7,  2.146233E-5
1.579750E+7,  3.237836E-5
1.580375E+7,  1.891237E-5
1.581000E+7,  2.536178E-5
1.581625E+7,  8.434057E-6
1.582250E+7,  2.293382E-5
1.582875E+7,  2.411101E-5
1.583500E+7,  3.770692E-6
1.584125E+7,  2.720300E-5
1.584750E+7,  3.041048E-5
1.585375E+7,  2.714898E-5
1.586000E+7,  3.035832E-5
1.586625E+7,  1.552422E-5
1.587250E+7,  3.925711E-5
1.587875E+7,  1.356052E-5
1.588500E+7,  1.354935E-5
1.589125E+7,  2.936088E-5
1.589750E+7,  1.678802E-5
1.590375E+7,  1.353491E-5
1.591000E+7,  8.399598E-6
1.591625E+7,  8.390751E-6
1.592250E+7,  1.500128E-5
1.592875E+7,  1.499616E-5
1.593500E+7,  3.749388E-6
1.594125E+7,  1.123967E-5
1.594750E+7,  8.367468E-6
1.595375E+7,  1.497054E-5
1.596000E+7,  1.543388E-5
1.596625E+7,  3.087334E-5
1.597250E+7,  1.058821E-5
1.597875E+7,  3.745407E-5
1.598500E+7,  1.542550E-5
1.599125E+7,  8.371659E-6
1.599750E+7,  2.277084E-5
1.600375E+7,  8.596480E-5
1.601000E+7,  6.490201E-5
1.601625E+7,  3.488176E-5
1.602250E+7,  1.258552E-4
1.602875E+7,  1.434470E-5
1.603500E+7,  5.910546E-5
1.604125E+7,  6.490946E-5
1.604750E+7,  7.715076E-5
1.605375E+7,  5.172938E-5
1.606000E+7,  8.054450E-5
1.606625E+7,  1.040287E-4
1.607250E+7,  1.379326E-4
1.607875E+7,  9.587780E-5
1.608500E+7,  1.840107E-5
1.609125E+7,  5.362742E-5
1.609750E+7,  1.386851E-4
1.610375E+7,  7.963926E-5
1.611000E+7,  2.297200E-5
1.611625E+7,  7.599592E-5
1.612250E+7,  6.627664E-5
1.612875E+7,  4.626811E-5
1.613500E+7,  7.488206E-5
1.614125E+7,  7.841736E-5
1.614750E+7,  1.047440E-4
1.615375E+7,  3.628246E-5
1.616000E+7,  1.055412E-4
1.616625E+7,  1.183897E-5
1.617250E+7,  5.740672E-6
1.617875E+7,  6.477907E-5
1.618500E+7,  1.184037E-5
1.619125E+7,  2.568029E-5
1.619750E+7,  2.070144E-5
1.620375E+7,  5.416386E-5
1.621000E+7,  8.868054E-5
1.621625E+7,  4.268438E-5
1.622250E+7,  5.912781E-5
1.622875E+7,  6.029382E-5
1.623500E+7,  2.367329E-5
1.624125E+7,  7.194281E-5
1.624750E+7,  3.495812E-5
1.625375E+7,  7.948652E-5
1.626000E+7,  6.343424E-5
1.626625E+7,  3.159791E-5
1.627250E+7,  6.823987E-5
1.627875E+7,  9.776652E-5
1.628500E+7,  9.418651E-5
1.629125E+7,  5.743466E-6
1.629750E+7,  2.871547E-5
1.630375E+7,  6.705523E-5
1.631000E+7,  3.053620E-5
1.631625E+7,  3.675371E-5
1.632250E+7,  8.326769E-5
1.632875E+7,  6.477907E-5
1.633500E+7,  6.771460E-5
1.634125E+7,  5.668402E-5
1.634750E+7,  1.378804E-4
1.635375E+7,  6.311387E-5
1.636000E+7,  1.773611E-4
1.636625E+7,  4.738197E-5
1.637250E+7,  7.735565E-5
1.637875E+7,  1.608655E-4
1.638500E+7,  7.104501E-5
1.639125E+7,  5.785190E-5
1.639750E+7,  6.831810E-5
1.640375E+7,  1.692027E-4
1.641000E+7,  5.786121E-5
1.641625E+7,  3.096089E-5
1.642250E+7,  4.489534E-5
1.642875E+7,  6.216019E-5
1.643500E+7,  5.519390E-5
1.644125E+7,  1.725927E-5
1.644750E+7,  3.781728E-5
1.645375E+7,  8.132774E-6
1.646000E+7,  4.740618E-5
1.646625E+7,  1.929328E-5
1.647250E+7,  6.004237E-5
1.647875E+7,  4.880689E-5
1.648500E+7,  2.317969E-5
1.649125E+7,  1.609847E-4
1.649750E+7,  6.094389E-5
1.650375E+7,  8.134544E-5
1.651000E+7,  2.877880E-5
1.651625E+7,  6.201863E-5
1.652250E+7,  7.674843E-5
1.652875E+7,  1.198687E-4
1.653500E+7,  4.150532E-5
1.654125E+7,  3.454648E-5
1.654750E+7,  9.289011E-5
1.655375E+7,  2.715923E-5
1.656000E+7,  7.213652E-5
1.656625E+7,  1.185164E-4
1.657250E+7,  6.935373E-5
1.657875E+7,  4.122965E-5
1.658500E+7,  6.018765E-5
1.659125E+7,  6.344914E-5
1.659750E+7,  6.202981E-5
1.660375E+7,  6.794557E-5
1.661000E+7,  8.774921E-5
1.661625E+7,  5.312078E-5
1.662250E+7,  6.743148E-5
1.662875E+7,  1.011603E-4
1.663500E+7,  5.195662E-5
1.664125E+7,  5.291961E-5
1.664750E+7,  1.384765E-4
1.665375E+7,  1.216084E-4
1.666000E+7,  7.364899E-5
1.666625E+7,  6.340817E-5
1.667250E+7,  8.378923E-5
1.667875E+7,  2.305768E-5
1.668500E+7,  3.119186E-5
1.669125E+7,  1.222193E-4
1.669750E+7,  7.571280E-5
1.670375E+7,  1.747906E-4
1.671000E+7,  9.195507E-5
1.671625E+7,  4.910827E-4
1.672250E+7,  1.961887E-4
1.672875E+7,  1.206584E-4
1.673500E+7,  7.138029E-5
1.674125E+7,  2.885470E-6
1.674750E+7,  6.889924E-5
1.675375E+7,  5.578063E-5
1.676000E+7,  1.806468E-4
1.676625E+7,  7.799640E-5
1.677250E+7,  8.267909E-5
1.677875E+7,  6.948784E-5
1.678500E+7,  3.514439E-5
1.679125E+7,  9.189546E-5
1.679750E+7,  6.363168E-5
1.680375E+7,  5.396269E-5
1.681000E+7,  3.926642E-5
1.681625E+7,  8.417666E-5
1.682250E+7,  4.085340E-5
1.682875E+7,  3.017578E-5
1.683500E+7,  5.612336E-5
1.684125E+7,  2.887193E-5
1.684750E+7,  1.390129E-4
1.685375E+7,  5.521066E-5
1.686000E+7,  3.878027E-5
1.686625E+7,  3.370829E-5
1.687250E+7,  8.339807E-5
1.687875E+7,  6.869435E-5
1.688500E+7,  4.166923E-5
1.689125E+7,  6.767362E-5
1.689750E+7,  1.656711E-4
1.690375E+7,  2.330914E-5
1.691000E+7,  4.213490E-5
1.691625E+7,  9.832904E-5
1.692250E+7,  4.058890E-5
1.692875E+7,  3.705174E-5
1.693500E+7,  1.331791E-4
1.694125E+7,  1.393333E-4
1.694750E+7,  7.240474E-5
1.695375E+7,  9.861216E-5
1.696000E+7,  3.937632E-5
1.696625E+7,  7.720664E-5
1.697250E+7,  7.872283E-5
1.697875E+7,  7.162616E-5
1.698500E+7,  4.409812E-5
1.699125E+7,  7.645413E-5
1.699750E+7,  1.727790E-4
1.700375E+7,  3.662519E-5
1.701000E+7,  7.875636E-5
1.701625E+7,  4.672445E-5
1.702250E+7,  7.605553E-5
1.702875E+7,  8.199364E-5
1.703500E+7,  1.277849E-4
1.704125E+7,  2.591126E-5
1.704750E+7,  1.165979E-4
1.705375E+7,  1.044990E-5
1.706000E+7,  3.122166E-5
1.706625E+7,  9.093061E-5
1.707250E+7,  2.477318E-5
1.707875E+7,  7.626787E-5
1.708500E+7,  6.483495E-5
1.709125E+7,  7.268414E-5
1.709750E+7,  8.204579E-5
1.710375E+7,  9.817258E-5
1.711000E+7,  3.541261E-5
1.711625E+7,  2.266560E-5
1.712250E+7,  2.462324E-5
1.712875E+7,  9.289384E-5
1.713500E+7,  4.927814E-5
1.714125E+7,  2.319925E-5
1.714750E+7,  5.349703E-5
1.715375E+7,  8.957088E-5
1.716000E+7,  1.161266E-5
1.716625E+7,  4.883987E-10
1.717250E+7,  6.566197E-5
1.717875E+7,  7.399619E-4
1.718500E+7,  4.344434E-4
1.719125E+7,  3.495626E-5
1.719750E+7,  4.066154E-5
1.720375E+7,  7.823482E-5
1.721000E+7,  7.560849E-5
1.721625E+7,  1.039281E-4
1.722250E+7,  2.323836E-5
1.722875E+7,  4.231557E-5
1.723500E+7,  8.321181E-5
1.724125E+7,  1.198472E-5
1.724750E+7,  1.273900E-4
1.725375E+7,  3.532507E-5
1.726000E+7,  8.097664E-5
1.726625E+7,  1.048036E-4
1.727250E+7,  2.681371E-5
1.727875E+7,  4.079752E-5
1.728500E+7,  1.299614E-5
1.729125E+7,  4.322268E-5
1.729750E+7,  1.362115E-4
1.730375E+7,  2.966914E-5
1.731000E+7,  8.327514E-5
1.731625E+7,  1.337975E-4
1.732250E+7,  1.010112E-4
1.732875E+7,  1.262352E-4
1.733500E+7,  7.006153E-5
1.734125E+7,  4.937127E-5
1.734750E+7,  1.372993E-4
1.735375E+7,  1.444742E-4
1.736000E+7,  9.755418E-5
1.736625E+7,  1.150891E-4
1.737250E+7,  2.397504E-5
1.737875E+7,  5.209073E-5
1.738500E+7,  1.194701E-4
1.739125E+7,  1.088195E-4
1.739750E+7,  4.950538E-5
1.740375E+7,  8.269772E-5
1.741000E+7,  5.890802E-5
1.741625E+7,  2.912804E-5
1.742250E+7,  1.796260E-4
1.742875E+7,  1.841970E-5
1.743500E+7,  4.703738E-5
1.744125E+7,  9.433180E-5
1.744750E+7,  9.555742E-5
1.745375E+7,  3.685988E-5
1.746000E+7,  9.480491E-5
1.746625E+7,  5.378388E-5
1.747250E+7,  9.418651E-5
1.747875E+7,  7.662177E-5
1.748500E+7,  1.063459E-4
1.749125E+7,  4.050508E-5
1.749750E+7,  9.375438E-5
1.750375E+7,  6.152317E-5
1.751000E+7,  6.153807E-5
1.751625E+7,  1.304746E-4
1.752250E+7,  1.201546E-5
1.752875E+7,  1.019351E-4
1.753500E+7,  4.247203E-5
1.754125E+7,  4.081987E-5
1.754750E+7,  8.299574E-5
1.755375E+7,  5.836226E-5
1.756000E+7,  2.394021E-4
1.756625E+7,  6.198138E-5
1.757250E+7,  8.353591E-5
1.757875E+7,  6.828457E-5
1.758500E+7,  5.538762E-5
1.759125E+7,  6.018765E-5
1.759750E+7,  4.339218E-5
1.760375E+7,  6.524101E-5
1.761000E+7,  4.249625E-5
1.761625E+7,  4.989840E-5
1.762250E+7,  8.678809E-5
1.762875E+7,  8.498877E-5
1.763500E+7,  6.095879E-5
1.764125E+7,  9.932742E-5
1.764750E+7,  1.714453E-4
1.765375E+7,  2.612639E-5
1.766000E+7,  2.355315E-5
1.766625E+7,  6.537512E-5
1.767250E+7,  4.343875E-5
1.767875E+7,  5.792081E-5
1.768500E+7,  6.382540E-5
1.769125E+7,  1.156665E-4
1.769750E+7,  8.434057E-5
1.770375E+7,  9.809807E-5
1.771000E+7,  5.545653E-5
1.771625E+7,  7.618219E-5
1.772250E+7,  8.513778E-5
1.772875E+7,  1.150444E-4
1.773500E+7,  8.379295E-5
1.774125E+7,  4.716776E-5
1.774750E+7,  2.016276E-4
1.775375E+7,  2.090856E-4
1.776000E+7,  7.917732E-5
1.776625E+7,  3.150851E-5
1.777250E+7,  4.455075E-5
1.777875E+7,  4.349463E-5
1.778500E+7,  5.236641E-5
1.779125E+7,  9.365752E-5
1.779750E+7,  1.137145E-4
1.780375E+7,  1.024455E-4
1.781000E+7,  2.394170E-4
1.781625E+7,  1.054956E-5
1.782250E+7,  1.779106E-5
1.782875E+7,  2.411753E-5
1.783500E+7,  1.464551E-5
1.784125E+7,  9.101257E-5
1.784750E+7,  1.304671E-4
1.785375E+7,  2.699345E-5
1.786000E+7,  8.812174E-5
1.786625E+7,  9.320676E-5
1.787250E+7,  4.224107E-5
1.787875E+7,  1.404136E-4
1.788500E+7,  4.980899E-5
1.789125E+7,  5.885772E-5
1.789750E+7,  4.590489E-5
1.790375E+7,  2.931990E-5
1.791000E+7,  1.825839E-4
1.791625E+7,  2.416782E-5
1.792250E+7,  5.560741E-5
1.792875E+7,  2.344698E-5
1.793500E+7,  6.474182E-5
1.794125E+7,  3.227778E-5
1.794750E+7,  7.085502E-5
1.795375E+7,  9.263307E-5
1.796000E+7,  2.346840E-5
1.796625E+7,  6.554276E-5
1.797250E+7,  9.701774E-5
1.797875E+7,  7.092953E-5
1.798500E+7,  3.989600E-5
1.799125E+7,  6.235018E-5
1.799750E+7,  2.992526E-5
1.800375E+7,  3.322028E-5
1.801000E+7,  5.014241E-5
1.801625E+7,  4.730560E-5
1.802250E+7,  7.523596E-5
1.802875E+7,  7.833168E-5
1.803500E+7,  5.844608E-5
1.804125E+7,  5.669333E-5
1.804750E+7,  4.812144E-5
1.805375E+7,  1.930520E-4
1.806000E+7,  7.046759E-5
1.806625E+7,  4.151464E-5
1.807250E+7,  3.532320E-5
1.807875E+7,  3.818050E-5
1.808500E+7,  7.872283E-5
1.809125E+7,  3.946014E-5
1.809750E+7,  6.841868E-5
1.810375E+7,  9.185821E-5
1.811000E+7,  1.550838E-4
1.811625E+7,  7.273257E-5
1.812250E+7,  1.656860E-4
1.812875E+7,  2.594590E-4
1.813500E+7,  1.078248E-4
1.814125E+7,  8.319318E-5
1.814750E+7,  1.710653E-4
1.815375E+7,  1.370907E-4
1.816000E+7,  1.728684E-4
1.816625E+7,  1.321062E-4
1.817250E+7,  1.020283E-4
1.817875E+7,  1.185127E-4
1.818500E+7,  6.772578E-5
1.819125E+7,  1.413673E-4
1.819750E+7,  6.991252E-5
1.820375E+7,  6.331131E-5
1.821000E+7,  5.617552E-5
1.821625E+7,  1.787487E-5
1.822250E+7,  1.124926E-4
1.822875E+7,  5.620345E-5
1.823500E+7,  1.073033E-4
1.824125E+7,  2.513640E-5
1.824750E+7,  4.242174E-5
1.825375E+7,  8.529052E-5
1.826000E+7,  6.575370E-6
1.826625E+7,  1.060171E-5
1.827250E+7,  8.000806E-5
1.827875E+7,  7.352978E-5
1.828500E+7,  5.711056E-5
1.829125E+7,  5.403720E-5
1.829750E+7,  5.550124E-5
1.830375E+7,  6.455928E-5
1.831000E+7,  2.058316E-5
1.831625E+7,  1.973193E-5
1.832250E+7,  6.502494E-5
1.832875E+7,  6.946549E-5
1.833500E+7,  2.945680E-5
1.834125E+7,  8.004159E-5
1.834750E+7,  1.247525E-4
1.835375E+7,  2.961326E-5
1.836000E+7,  6.477535E-5
1.836625E+7,  5.918369E-5
1.837250E+7,  9.795278E-5
1.837875E+7,  6.877258E-5
1.838500E+7,  3.727339E-5
1.839125E+7,  2.122484E-5
1.839750E+7,  7.683411E-5
1.840375E+7,  8.662790E-5
1.841000E+7,  5.896948E-5
1.841625E+7,  1.061941E-5
1.842250E+7,  4.906021E-5
1.842875E+7,  2.146978E-5
1.843500E+7,  4.009157E-5
1.844125E+7,  9.176135E-5
1.844750E+7,  2.948102E-5
1.845375E+7,  1.318101E-5
1.846000E+7,  4.751980E-5
1.846625E+7,  6.345659E-5
1.847250E+7,  1.125894E-4
1.847875E+7,  1.337677E-4
1.848500E+7,  8.189678E-5
1.849125E+7,  1.114942E-4
1.849750E+7,  1.555830E-4
1.850375E+7,  1.166649E-4
1.851000E+7,  4.489161E-5
1.851625E+7,  1.505315E-4
1.852250E+7,  9.460002E-5
1.852875E+7,  6.077997E-5
1.853500E+7,  7.924438E-5
1.854125E+7,  3.245473E-5
1.854750E+7,  9.685010E-5
1.855375E+7,  6.557629E-5
1.856000E+7,  1.534745E-4