SAVED BY: 
TITLE: 
COMMENTS: 
DATE: 10/27/2020
TIME: 3:10 PM

STIMULUS, RESPONSE

8.560000E+6,  1.223907E-4
8.566250E+6,  1.321957E-4
8.572500E+6,  1.488402E-4
8.578750E+6,  1.285970E-4
8.585000E+6,  1.245067E-4
8.591250E+6,  1.190826E-4
8.597500E+6,  1.380369E-4
8.603750E+6,  1.348183E-4
8.610000E+6,  1.316071E-4
8.616250E+6,  1.331121E-4
8.622500E+6,  1.502708E-4
8.628750E+6,  1.615360E-4
8.635000E+6,  1.267344E-4
8.641250E+6,  1.471788E-4
8.647500E+6,  1.408756E-4
8.653750E+6,  1.556203E-4
8.660000E+6,  1.520440E-4
8.666250E+6,  1.426786E-4
8.672500E+6,  1.442209E-4
8.678750E+6,  1.400411E-4
8.685000E+6,  1.417920E-4
8.691250E+6,  1.302958E-4
8.697500E+6,  1.418144E-4
8.703750E+6,  1.661628E-4
8.710000E+6,  1.601353E-4
8.716250E+6,  1.521707E-4
8.722500E+6,  1.505464E-4
8.728750E+6,  1.506284E-4
8.735000E+6,  1.654848E-4
8.741250E+6,  1.420379E-4
8.747500E+6,  1.322478E-4
8.753750E+6,  1.332238E-4
8.760000E+6,  1.420006E-4
8.766250E+6,  1.460239E-4
8.772500E+6,  1.402274E-4
8.778750E+6,  1.661181E-4
8.785000E+6,  1.521260E-4
8.791250E+6,  1.537427E-4
8.797500E+6,  1.364797E-4
8.803750E+6,  1.653805E-4
8.810000E+6,  1.584217E-4
8.816250E+6,  1.380891E-4
8.822500E+6,  1.655966E-4
8.828750E+6,  1.575723E-4
8.835000E+6,  1.443848E-4
8.841250E+6,  1.341030E-4
8.847500E+6,  1.497790E-4
8.853750E+6,  1.411960E-4
8.860000E+6,  1.540110E-4
8.866250E+6,  1.423657E-4
8.872500E+6,  1.425892E-4
8.878750E+6,  1.472682E-4
8.885000E+6,  1.634508E-4
8.891250E+6,  1.459122E-4
8.897500E+6,  1.535788E-4
8.903750E+6,  1.634583E-4
8.910000E+6,  1.479089E-4
8.916250E+6,  1.662746E-4
8.922500E+6,  1.420081E-4
8.928750E+6,  1.557469E-4
8.935000E+6,  1.647174E-4
8.941250E+6,  1.698583E-4
8.947500E+6,  1.715049E-4
8.953750E+6,  1.576692E-4
8.960000E+6,  1.304746E-4
8.966250E+6,  1.444295E-4
8.972500E+6,  1.620129E-4
8.978750E+6,  1.576170E-4
8.985000E+6,  1.615956E-4
8.991250E+6,  1.555011E-4
8.997500E+6,  1.438633E-4
9.003750E+6,  1.591444E-4
9.010000E+6,  1.713857E-4
9.016250E+6,  1.523048E-4
9.022500E+6,  1.674145E-4
9.028750E+6,  1.603886E-4
9.035000E+6,  1.501739E-4
9.041250E+6,  1.523271E-4
9.047500E+6,  1.619160E-4
9.053750E+6,  1.619458E-4
9.060000E+6,  1.420006E-4
9.066250E+6,  1.577884E-4
9.072500E+6,  1.613200E-4
9.078750E+6,  1.602471E-4
9.085000E+6,  1.537278E-4
9.091250E+6,  1.426414E-4
9.097500E+6,  1.596138E-4
9.103750E+6,  1.558214E-4
9.110000E+6,  1.421794E-4
9.116250E+6,  1.664236E-4
9.122500E+6,  1.558363E-4
9.128750E+6,  1.753196E-4
9.135000E+6,  1.500472E-4
9.141250E+6,  1.795441E-4
9.147500E+6,  1.756027E-4
9.153750E+6,  1.615435E-4
9.160000E+6,  1.603290E-4
9.166250E+6,  1.636297E-4
9.172500E+6,  1.616701E-4
9.178750E+6,  1.658127E-4
9.185000E+6,  1.644567E-4
9.191250E+6,  1.519471E-4
9.197500E+6,  1.658127E-4
9.203750E+6,  1.677796E-4
9.210000E+6,  1.549199E-4
9.216250E+6,  1.569837E-4
9.222500E+6,  1.695305E-4
9.228750E+6,  1.834333E-4
9.235000E+6,  1.618788E-4
9.241250E+6,  1.735762E-4
9.247500E+6,  1.618266E-4
9.253750E+6,  1.767650E-4
9.260000E+6,  1.492277E-4
9.266250E+6,  1.641139E-4
9.272500E+6,  1.682043E-4
9.278750E+6,  1.638085E-4
9.285000E+6,  1.544282E-4
9.291250E+6,  1.694411E-4
9.297500E+6,  1.521707E-4
9.303750E+6,  1.763776E-4
9.310000E+6,  1.583099E-4
9.316250E+6,  1.695603E-4
9.322500E+6,  1.724362E-4
9.328750E+6,  1.661107E-4
9.335000E+6,  1.738742E-4
9.341250E+6,  1.857877E-4
9.347500E+6,  1.740828E-4
9.353750E+6,  1.760721E-4
9.360000E+6,  1.773983E-4
9.366250E+6,  1.649484E-4
9.372500E+6,  1.596212E-4
9.378750E+6,  1.776665E-4
9.385000E+6,  1.798421E-4
9.391250E+6,  2.033189E-4
9.397500E+6,  1.682639E-4
9.403750E+6,  1.720563E-4
9.410000E+6,  1.679137E-4
9.416250E+6,  2.023354E-4
9.422500E+6,  1.875982E-4
9.428750E+6,  1.777261E-4
9.435000E+6,  1.837686E-4
9.441250E+6,  1.879334E-4
9.447500E+6,  1.818463E-4
9.453750E+6,  1.820102E-4
9.460000E+6,  1.683533E-4
9.466250E+6,  1.867041E-4
9.472500E+6,  1.769215E-4
9.478750E+6,  1.726821E-4
9.485000E+6,  1.684129E-4
9.491250E+6,  2.113134E-4
9.497500E+6,  1.953542E-4
9.503750E+6,  1.848266E-4
9.510000E+6,  1.740381E-4
9.516250E+6,  1.927316E-4
9.522500E+6,  1.918003E-4
9.528750E+6,  2.093241E-4
9.535000E+6,  2.006292E-4
9.541250E+6,  1.794696E-4
9.547500E+6,  1.859665E-4
9.553750E+6,  1.599118E-4
9.560000E+6,  1.751706E-4
9.566250E+6,  1.898408E-4
9.572500E+6,  1.946315E-4
9.578750E+6,  2.051368E-4
9.585000E+6,  1.922101E-4
9.591250E+6,  1.784489E-4
9.597500E+6,  1.828223E-4
9.603750E+6,  1.950487E-4
9.610000E+6,  1.922473E-4
9.616250E+6,  2.049133E-4
9.622500E+6,  1.723021E-4
9.628750E+6,  1.829639E-4
9.635000E+6,  1.897812E-4
9.641250E+6,  1.674592E-4
9.647500E+6,  1.797676E-4
9.653750E+6,  1.844764E-4
9.660000E+6,  1.861826E-4
9.666250E+6,  1.799241E-4
9.672500E+6,  1.806766E-4
9.678750E+6,  1.921579E-4
9.685000E+6,  1.852438E-4
9.691250E+6,  1.946837E-4
9.697500E+6,  1.775771E-4
9.703750E+6,  1.898557E-4
9.710000E+6,  1.995936E-4
9.716250E+6,  1.972541E-4
9.722500E+6,  2.029911E-4
9.728750E+6,  1.919419E-4
9.735000E+6,  1.830980E-4
9.741250E+6,  1.846775E-4
9.747500E+6,  2.075210E-4
9.753750E+6,  1.997724E-4
9.760000E+6,  1.963228E-4
9.766250E+6,  1.872256E-4
9.772500E+6,  1.947656E-4
9.778750E+6,  1.900941E-4
9.785000E+6,  2.000406E-4
9.791250E+6,  2.148747E-4
9.797500E+6,  2.007261E-4
9.803750E+6,  1.923218E-4
9.810000E+6,  2.102107E-4
9.816250E+6,  2.063811E-4
9.822500E+6,  1.926720E-4
9.828750E+6,  2.049655E-4
9.835000E+6,  1.901463E-4
9.841250E+6,  2.001747E-4
9.847500E+6,  2.179742E-4
9.853750E+6,  1.909733E-4
9.860000E+6,  1.950115E-4
9.866250E+6,  1.852140E-4
9.872500E+6,  1.976714E-4
9.878750E+6,  2.351701E-4
9.885000E+6,  1.977235E-4
9.891250E+6,  2.089441E-4
9.897500E+6,  2.126247E-4
9.903750E+6,  2.181605E-4
9.910000E+6,  2.126619E-4
9.916250E+6,  2.152696E-4
9.922500E+6,  1.951680E-4
9.928750E+6,  1.953691E-4
9.935000E+6,  2.106130E-4
9.941250E+6,  1.867861E-4
9.947500E+6,  2.230331E-4
9.953750E+6,  2.106652E-4
9.960000E+6,  2.080128E-4
9.966250E+6,  2.003908E-4
9.972500E+6,  1.959875E-4
9.978750E+6,  2.304986E-4
9.985000E+6,  2.004802E-4
9.991250E+6,  2.181455E-4
9.997500E+6,  2.152696E-4
1.000375E+7,  2.230853E-4
1.001000E+7,  2.059489E-4
1.001625E+7,  2.054796E-4
1.002250E+7,  2.302080E-4
1.002875E+7,  2.329871E-4
1.003500E+7,  1.981556E-4
1.004125E+7,  2.305359E-4
1.004750E+7,  2.308339E-4
1.005375E+7,  2.279282E-4
1.006000E+7,  2.228022E-4
1.006625E+7,  2.130195E-4
1.007250E+7,  2.285987E-4
1.007875E+7,  2.240539E-4
1.008500E+7,  2.214909E-4
1.009125E+7,  2.232566E-4
1.009750E+7,  2.160072E-4
1.010375E+7,  2.203062E-4
1.011000E+7,  2.104938E-4
1.011625E+7,  2.332926E-4
1.012250E+7,  2.081245E-4
1.012875E+7,  2.282783E-4
1.013500E+7,  2.104715E-4
1.014125E+7,  2.316386E-4
1.014750E+7,  2.403557E-4
1.015375E+7,  2.259612E-4
1.016000E+7,  2.295524E-4
1.016625E+7,  2.296492E-4
1.017250E+7,  2.356470E-4
1.017875E+7,  2.331063E-4
1.018500E+7,  2.395511E-4
1.019125E+7,  2.297163E-4
1.019750E+7,  2.505034E-4
1.020375E+7,  2.284050E-4
1.021000E+7,  2.313852E-4
1.021625E+7,  2.385452E-4
1.022250E+7,  2.211705E-4
1.022875E+7,  2.331883E-4
1.023500E+7,  2.186373E-4
1.024125E+7,  2.293810E-4
1.024750E+7,  2.333149E-4
1.025375E+7,  2.513975E-4
1.026000E+7,  2.233088E-4
1.026625E+7,  2.409220E-4
1.027250E+7,  2.483577E-4
1.027875E+7,  2.497882E-4
1.028500E+7,  2.391264E-4
1.029125E+7,  2.256706E-4
1.029750E+7,  2.430752E-4
1.030375E+7,  2.490282E-4
1.031000E+7,  2.434552E-4
1.031625E+7,  2.496392E-4
1.032250E+7,  2.389103E-4
1.032875E+7,  2.489984E-4
1.033500E+7,  2.638996E-4
1.034125E+7,  2.536476E-4
1.034750E+7,  2.436489E-4
1.035375E+7,  2.571344E-4
1.036000E+7,  2.442896E-4
1.036625E+7,  2.638549E-4
1.037250E+7,  2.554804E-4
1.037875E+7,  2.672523E-4
1.038500E+7,  2.543330E-4
1.039125E+7,  2.337545E-4
1.039750E+7,  2.374575E-4
1.040375E+7,  2.600551E-4
1.041000E+7,  2.400279E-4
1.041625E+7,  2.563000E-4
1.042250E+7,  2.586395E-4
1.042875E+7,  2.700388E-4
1.043500E+7,  2.613813E-4
1.044125E+7,  2.530515E-4
1.044750E+7,  2.502054E-4
1.045375E+7,  2.749413E-4
1.046000E+7,  2.601445E-4
1.046625E+7,  2.614707E-4
1.047250E+7,  2.534539E-4
1.047875E+7,  2.774000E-4
1.048500E+7,  2.722889E-4
1.049125E+7,  2.772361E-4
1.049750E+7,  2.675354E-4
1.050375E+7,  2.747327E-4
1.051000E+7,  2.716631E-4
1.051625E+7,  2.659708E-4
1.052250E+7,  2.657771E-4
1.052875E+7,  2.716929E-4
1.053500E+7,  2.713352E-4
1.054125E+7,  2.771169E-4
1.054750E+7,  2.605319E-4
1.055375E+7,  2.904087E-4
1.056000E+7,  2.718419E-4
1.056625E+7,  2.894551E-4
1.057250E+7,  2.703816E-4
1.057875E+7,  2.721250E-4
1.058500E+7,  2.844334E-4
1.059125E+7,  2.775192E-4
1.059750E+7,  2.622008E-4
1.060375E+7,  2.664030E-4
1.061000E+7,  2.678186E-4
1.061625E+7,  2.817661E-4
1.062250E+7,  2.860427E-4
1.062875E+7,  2.803802E-4
1.063500E+7,  2.844781E-4
1.064125E+7,  2.763569E-4
1.064750E+7,  2.981275E-4
1.065375E+7,  3.004074E-4
1.066000E+7,  2.878308E-4
1.066625E+7,  2.875775E-4
1.067250E+7,  2.890974E-4
1.067875E+7,  2.923012E-4
1.068500E+7,  3.016889E-4
1.069125E+7,  2.779365E-4
1.069750E+7,  2.837032E-4
1.070375E+7,  2.845973E-4
1.071000E+7,  2.934337E-4
1.071625E+7,  3.061146E-4
1.072250E+7,  2.852082E-4
1.072875E+7,  3.034920E-4
1.073500E+7,  3.158003E-4
1.074125E+7,  2.765805E-4
1.074750E+7,  2.980530E-4
1.075375E+7,  3.183037E-4
1.076000E+7,  3.022403E-4
1.076625E+7,  3.159940E-4
1.077250E+7,  3.059357E-4
1.077875E+7,  3.034174E-4
1.078500E+7,  2.894551E-4
1.079125E+7,  3.103614E-4
1.079750E+7,  2.987832E-4
1.080375E+7,  3.004521E-4
1.081000E+7,  2.983660E-4
1.081625E+7,  3.327429E-4
1.082250E+7,  2.992004E-4
1.082875E+7,  3.190190E-4
1.083500E+7,  3.265440E-4
1.084125E+7,  2.985448E-4
1.084750E+7,  3.148168E-4
1.085375E+7,  2.964586E-4
1.086000E+7,  3.251880E-4
1.086625E+7,  3.292561E-4
1.087250E+7,  3.251731E-4
1.087875E+7,  3.133714E-4
1.088500E+7,  3.105849E-4
1.089125E+7,  3.292710E-4
1.089750E+7,  2.934933E-4
1.090375E+7,  3.095716E-4
1.091000E+7,  3.168136E-4
1.091625E+7,  3.323257E-4
1.092250E+7,  3.249049E-4
1.092875E+7,  3.439784E-4
1.093500E+7,  3.357828E-4
1.094125E+7,  3.430396E-4
1.094750E+7,  3.443509E-4
1.095375E+7,  3.263056E-4
1.096000E+7,  3.526658E-4
1.096625E+7,  3.572106E-4
1.097250E+7,  3.367215E-4
1.097875E+7,  3.425032E-4
1.098500E+7,  3.207028E-4
1.099125E+7,  3.682524E-4
1.099750E+7,  3.308207E-4
1.100375E+7,  3.356338E-4
1.101000E+7,  3.421456E-4
1.101625E+7,  3.554076E-4
1.102250E+7,  3.383309E-4
1.102875E+7,  3.631264E-4
1.103500E+7,  3.328323E-4
1.104125E+7,  3.456622E-4
1.104750E+7,  3.646761E-4
1.105375E+7,  3.668070E-4
1.106000E+7,  3.452450E-4
1.106625E+7,  3.362894E-4
1.107250E+7,  3.463030E-4
1.107875E+7,  3.773719E-4
1.108500E+7,  3.553778E-4
1.109125E+7,  3.713965E-4
1.109750E+7,  3.724992E-4
1.110375E+7,  3.737956E-4
1.111000E+7,  3.662258E-4
1.111625E+7,  3.533065E-4
1.112250E+7,  3.533065E-4
1.112875E+7,  3.627092E-4
1.113500E+7,  3.536344E-4
1.114125E+7,  3.913045E-4
1.114750E+7,  3.897697E-4
1.115375E+7,  3.551990E-4
1.116000E+7,  3.933758E-4
1.116625E+7,  3.821105E-4
1.117250E+7,  3.744960E-4
1.117875E+7,  3.836900E-4
1.118500E+7,  3.824085E-4
1.119125E+7,  3.742129E-4
1.119750E+7,  3.726780E-4
1.120375E+7,  3.959090E-4
1.121000E+7,  4.055500E-4
1.121625E+7,  4.167706E-4
1.122250E+7,  4.429519E-4
1.122875E+7,  4.413575E-4
1.123500E+7,  5.075336E-4
1.124125E+7,  5.020797E-4
1.124750E+7,  4.974008E-4
1.125375E+7,  4.930794E-4
1.126000E+7,  4.872829E-4
1.126625E+7,  4.537851E-4
1.127250E+7,  4.796535E-4
1.127875E+7,  4.738569E-4
1.128500E+7,  5.203784E-4
1.129125E+7,  4.673302E-4
1.129750E+7,  4.093796E-4
1.130375E+7,  4.521906E-4
1.131000E+7,  4.829317E-4
1.131625E+7,  4.856288E-4
1.132250E+7,  4.960597E-4
1.132875E+7,  4.818290E-4
1.133500E+7,  4.835874E-4
1.134125E+7,  4.740655E-4
1.134750E+7,  4.904568E-4
1.135375E+7,  4.603118E-4
1.136000E+7,  4.480332E-4
1.136625E+7,  4.872531E-4
1.137250E+7,  4.965961E-4
1.137875E+7,  4.990697E-4
1.138500E+7,  4.959702E-4
1.139125E+7,  4.841089E-4
1.139750E+7,  4.889369E-4
1.140375E+7,  4.807711E-4
1.141000E+7,  4.636794E-4
1.141625E+7,  4.793108E-4
1.142250E+7,  4.606545E-4
1.142875E+7,  5.119443E-4
1.143500E+7,  4.785210E-4
1.144125E+7,  4.696548E-4
1.144750E+7,  5.364716E-4
1.145375E+7,  5.500913E-4
1.146000E+7,  5.146563E-4
1.146625E+7,  5.525053E-4
1.147250E+7,  5.241334E-4
1.147875E+7,  5.290508E-4
1.148500E+7,  5.230606E-4
1.149125E+7,  5.844235E-4
1.149750E+7,  5.994141E-4
1.150375E+7,  5.691946E-4
1.151000E+7,  5.710125E-4
1.151625E+7,  5.986691E-4
1.152250E+7,  5.748570E-4
1.152875E+7,  5.741119E-4
1.153500E+7,  5.477369E-4
1.154125E+7,  5.723238E-4
1.154750E+7,  5.759001E-4
1.155375E+7,  5.857646E-4
1.156000E+7,  6.754994E-4
1.156625E+7,  6.715357E-4
1.157250E+7,  6.456077E-4
1.157875E+7,  6.983876E-4
1.158500E+7,  7.415116E-4
1.159125E+7,  6.725192E-4
1.159750E+7,  6.352067E-4
1.160375E+7,  6.884634E-4
1.161000E+7,  7.045865E-4
1.161625E+7,  7.313192E-4
1.162250E+7,  8.028150E-4
1.162875E+7,  9.178519E-4
1.163500E+7,  9.977221E-4
1.164125E+7,  1.093686E-3
1.164750E+7,  1.202047E-3
1.165375E+7,  1.204073E-3
1.166000E+7,  1.145244E-3
1.166625E+7,  1.222312E-3
1.167250E+7,  1.181901E-3
1.167875E+7,  1.246035E-3
1.168500E+7,  1.196980E-3
1.169125E+7,  1.167119E-3
1.169750E+7,  1.226902E-3
1.170375E+7,  1.212597E-3
1.171000E+7,  1.229763E-3
1.171625E+7,  1.249731E-3
1.172250E+7,  1.209140E-3
1.172875E+7,  1.245677E-3
1.173500E+7,  1.257002E-3
1.174125E+7,  1.272440E-3
1.174750E+7,  1.240551E-3
1.175375E+7,  1.260102E-3
1.176000E+7,  1.304686E-3
1.176625E+7,  1.281321E-3
1.177250E+7,  1.263976E-3
1.177875E+7,  1.367033E-3
1.178500E+7,  1.294076E-3
1.179125E+7,  1.296937E-3
1.179750E+7,  1.345217E-3
1.180375E+7,  1.294494E-3
1.181000E+7,  1.258016E-3
1.181625E+7,  1.300871E-3
1.182250E+7,  1.371145E-3
1.182875E+7,  1.374483E-3
1.183500E+7,  1.376212E-3
1.184125E+7,  1.404583E-3
1.184750E+7,  1.405239E-3
1.185375E+7,  1.390815E-3
1.186000E+7,  1.417041E-3
1.186625E+7,  1.393437E-3
1.187250E+7,  1.412749E-3
1.187875E+7,  1.436114E-3
1.188500E+7,  1.456976E-3
1.189125E+7,  1.507998E-3
1.189750E+7,  1.480877E-3
1.190375E+7,  1.504958E-3
1.191000E+7,  1.533687E-3
1.191625E+7,  1.530409E-3
1.192250E+7,  1.459122E-3
1.192875E+7,  1.558304E-3
1.193500E+7,  1.598060E-3
1.194125E+7,  1.562297E-3
1.194750E+7,  1.533806E-3
1.195375E+7,  1.547992E-3
1.196000E+7,  1.546800E-3
1.196625E+7,  1.595438E-3
1.197250E+7,  1.554370E-3
1.197875E+7,  1.625657E-3
1.198500E+7,  1.583815E-3
1.199125E+7,  1.596689E-3
1.199750E+7,  1.629591E-3
1.200375E+7,  1.620114E-3
1.201000E+7,  1.623333E-3
1.201625E+7,  1.681030E-3
1.202250E+7,  1.664102E-3
1.202875E+7,  1.682818E-3
1.203500E+7,  1.653194E-3
1.204125E+7,  1.672208E-3
1.204750E+7,  1.706362E-3
1.205375E+7,  1.702368E-3
1.206000E+7,  1.665711E-3
1.206625E+7,  1.763284E-3
1.207250E+7,  1.749992E-3
1.207875E+7,  1.740277E-3
1.208500E+7,  1.644254E-3
1.209125E+7,  1.734078E-3
1.209750E+7,  1.729667E-3
1.210375E+7,  1.755357E-3
1.211000E+7,  1.787364E-3
1.211625E+7,  1.743853E-3
1.212250E+7,  1.727998E-3
1.212875E+7,  1.782656E-3
1.213500E+7,  1.805305E-3
1.214125E+7,  1.848340E-3
1.214750E+7,  1.793802E-3
1.215375E+7,  1.848519E-3
1.216000E+7,  1.897931E-3
1.216625E+7,  1.846611E-3
1.217250E+7,  1.913428E-3
1.217875E+7,  1.915455E-3
1.218500E+7,  1.909852E-3
1.219125E+7,  1.899779E-3
1.219750E+7,  1.954436E-3
1.220375E+7,  1.926780E-3
1.221000E+7,  1.977682E-3
1.221625E+7,  2.007604E-3
1.222250E+7,  1.991749E-3
1.222875E+7,  2.025127E-3
1.223500E+7,  2.074122E-3
1.224125E+7,  2.026796E-3
1.224750E+7,  2.090573E-3
1.225375E+7,  2.072453E-3
1.226000E+7,  2.076626E-3
1.226625E+7,  2.104878E-3
1.227250E+7,  2.126932E-3
1.227875E+7,  2.189755E-3
1.228500E+7,  2.166033E-3
1.229125E+7,  2.189875E-3
1.229750E+7,  2.209187E-3
1.230375E+7,  2.201915E-3
1.231000E+7,  2.252579E-3
1.231625E+7,  2.271652E-3
1.232250E+7,  2.307177E-3
1.232875E+7,  2.308607E-3
1.233500E+7,  2.336860E-3
1.234125E+7,  2.395511E-3
1.234750E+7,  2.372265E-3
1.235375E+7,  2.426386E-3
1.236000E+7,  2.428293E-3
1.236625E+7,  2.425194E-3
1.237250E+7,  2.470970E-3
1.237875E+7,  2.507687E-3
1.238500E+7,  2.492428E-3
1.239125E+7,  2.568245E-3
1.239750E+7,  2.556205E-3
1.240375E+7,  2.613068E-3
1.241000E+7,  2.592921E-3
1.241625E+7,  2.637148E-3
1.242250E+7,  2.649665E-3
1.242875E+7,  2.709985E-3
1.243500E+7,  2.696514E-3
1.244125E+7,  2.760649E-3
1.244750E+7,  2.757192E-3
1.245375E+7,  2.838135E-3
1.246000E+7,  2.828479E-3
1.246625E+7,  2.876163E-3
1.247250E+7,  2.921700E-3
1.247875E+7,  2.943158E-3
1.248500E+7,  2.925277E-3
1.249125E+7,  3.041267E-3
1.249750E+7,  3.008842E-3
1.250375E+7,  3.063679E-3
1.251000E+7,  3.114581E-3
1.251625E+7,  3.126383E-3
1.252250E+7,  3.142118E-3
1.252875E+7,  3.206611E-3
1.253500E+7,  3.253460E-3
1.254125E+7,  3.286362E-3
1.254750E+7,  3.348827E-3
1.255375E+7,  3.391981E-3
1.256000E+7,  3.396630E-3
1.256625E+7,  3.466964E-3
1.257250E+7,  3.493190E-3
1.257875E+7,  3.540397E-3
1.258500E+7,  3.578901E-3
1.259125E+7,  3.610611E-3
1.259750E+7,  3.687382E-3
1.260375E+7,  3.718853E-3
1.261000E+7,  3.748536E-3
1.261625E+7,  3.859043E-3
1.262250E+7,  3.862262E-3
1.262875E+7,  4.041672E-3
1.263500E+7,  3.987074E-3
1.264125E+7,  4.079580E-3
1.264750E+7,  4.100084E-3
1.265375E+7,  4.168272E-3
1.266000E+7,  4.229069E-3
1.266625E+7,  4.278421E-3
1.267250E+7,  4.405260E-3
1.267875E+7,  4.526615E-3
1.268500E+7,  4.629135E-3
1.269125E+7,  4.722834E-3
1.269750E+7,  4.479408E-3
1.270375E+7,  4.486561E-3
1.271000E+7,  5.215406E-3
1.271625E+7,  4.801273E-3
1.272250E+7,  4.876137E-3
1.272875E+7,  4.948139E-3
1.273500E+7,  5.121708E-3
1.274125E+7,  5.108356E-3
1.274750E+7,  5.322933E-3
1.275375E+7,  5.274534E-3
1.276000E+7,  5.402803E-3
1.276625E+7,  5.459547E-3
1.277250E+7,  4.050016E-3
1.277875E+7,  5.199194E-3
1.278500E+7,  5.926132E-3
1.279125E+7,  6.126642E-3
1.279750E+7,  6.000757E-3
1.280375E+7,  5.754948E-3
1.281000E+7,  5.297661E-3
1.281625E+7,  6.700516E-3
1.282250E+7,  6.692410E-3
1.282875E+7,  6.654263E-3
1.283500E+7,  6.243944E-3
1.284125E+7,  7.373333E-3
1.284750E+7,  7.326603E-3
1.285375E+7,  7.625580E-3
1.286000E+7,  7.592440E-3
1.286625E+7,  7.954597E-3
1.287250E+7,  7.983685E-3
1.287875E+7,  7.984638E-3
1.288500E+7,  7.971764E-3
1.289125E+7,  8.686543E-3
1.289750E+7,  8.687019E-3
1.290375E+7,  8.591175E-3
1.291000E+7,  8.850098E-3
1.291625E+7,  9.401798E-3
1.292250E+7,  8.304119E-3
1.292875E+7,  9.248734E-3
1.293500E+7,  8.541584E-3
1.294125E+7,  8.963585E-3
1.294750E+7,  7.561922E-3
1.295375E+7,  5.674601E-3
1.296000E+7,  4.567623E-3
1.296625E+7,  4.422188E-3
1.297250E+7,  4.542112E-3
1.297875E+7,  4.622936E-3
1.298500E+7,  4.699469E-3
1.299125E+7,  4.809380E-3
1.299750E+7,  4.903555E-3
1.300375E+7,  5.055428E-3
1.301000E+7,  5.169630E-3
1.301625E+7,  5.272388E-3
1.302250E+7,  5.429506E-3
1.302875E+7,  5.547762E-3
1.303500E+7,  5.700588E-3
1.304125E+7,  5.851507E-3
1.304750E+7,  6.007433E-3
1.305375E+7,  6.141663E-3
1.306000E+7,  6.321907E-3
1.306625E+7,  6.483078E-3
1.307250E+7,  6.668091E-3
1.307875E+7,  6.903648E-3
1.308500E+7,  7.090092E-3
1.309125E+7,  7.303476E-3
1.309750E+7,  7.517099E-3
1.310375E+7,  7.720947E-3
1.311000E+7,  7.970333E-3
1.311625E+7,  8.259773E-3
1.312250E+7,  8.530617E-3
1.312875E+7,  8.825302E-3
1.313500E+7,  9.143829E-3
1.314125E+7,  9.405613E-3
1.314750E+7,  9.808540E-3
1.315375E+7,  1.026344E-2
1.316000E+7,  1.068115E-2
1.316625E+7,  1.107359E-2
1.317250E+7,  1.139975E-2
1.317875E+7,  1.188755E-2
1.318500E+7,  1.233816E-2
1.319125E+7,  1.293325E-2
1.319750E+7,  1.329231E-2
1.320375E+7,  1.385832E-2
1.321000E+7,  1.457787E-2
1.321625E+7,  1.496696E-2
1.322250E+7,  1.563168E-2
1.322875E+7,  1.644802E-2
1.323500E+7,  1.731968E-2
1.324125E+7,  1.836681E-2
1.324750E+7,  1.962948E-2
1.325375E+7,  2.096558E-2
1.326000E+7,  2.185822E-2
1.326625E+7,  2.309227E-2
1.327250E+7,  2.443981E-2
1.327875E+7,  2.608681E-2
1.328500E+7,  2.735233E-2
1.329125E+7,  2.947617E-2
1.329750E+7,  3.112984E-2
1.330375E+7,  3.285599E-2
1.331000E+7,  3.593826E-2
1.331625E+7,  3.833008E-2
1.332250E+7,  4.192924E-2
1.332875E+7,  4.354668E-2
1.333500E+7,  4.540062E-2
1.334125E+7,  4.818535E-2
1.334750E+7,  5.149841E-2
1.335375E+7,  5.653191E-2
1.336000E+7,  6.085396E-2
1.336625E+7,  6.533813E-2
1.337250E+7,  7.208252E-2
1.337875E+7,  7.796860E-2
1.338500E+7,  8.484268E-2
1.339125E+7,  9.460068E-2
1.339750E+7,  1.036644E-1
1.340375E+7,  1.139984E-1
1.341000E+7,  1.269989E-1
1.341625E+7,  1.431732E-1
1.342250E+7,  1.605377E-1
1.342875E+7,  1.827469E-1
1.343500E+7,  2.081833E-1
1.344125E+7,  2.336121E-1
1.344750E+7,  2.661438E-1
1.345375E+7,  3.003998E-1
1.346000E+7,  3.368225E-1
1.346625E+7,  3.755035E-1
1.347250E+7,  4.130402E-1
1.347875E+7,  4.385681E-1
1.348500E+7,  4.544830E-1
1.349125E+7,  4.661560E-1
1.349750E+7,  4.731750E-1
1.350375E+7,  4.794769E-1
1.351000E+7,  4.782562E-1
1.351625E+7,  4.772491E-1
1.352250E+7,  4.787445E-1
1.352875E+7,  4.821472E-1
1.353500E+7,  4.879913E-1
1.354125E+7,  4.935913E-1
1.354750E+7,  5.017700E-1
1.355375E+7,  5.096741E-1
1.356000E+7,  5.164795E-1
1.356625E+7,  5.206909E-1
1.357250E+7,  5.222778E-1
1.357875E+7,  5.220032E-1
1.358500E+7,  5.175476E-1
1.359125E+7,  5.080872E-1
1.359750E+7,  4.964600E-1
1.360375E+7,  4.823303E-1
1.361000E+7,  4.678345E-1
1.361625E+7,  4.533997E-1
1.362250E+7,  4.402771E-1
1.362875E+7,  4.280701E-1
1.363500E+7,  4.178925E-1
1.364125E+7,  4.083710E-1
1.364750E+7,  3.971100E-1
1.365375E+7,  3.852386E-1
1.366000E+7,  3.695374E-1
1.366625E+7,  3.482056E-1
1.367250E+7,  3.198547E-1
1.367875E+7,  2.855225E-1
1.368500E+7,  2.488098E-1
1.369125E+7,  2.125168E-1
1.369750E+7,  1.794739E-1
1.370375E+7,  1.510162E-1
1.371000E+7,  1.269760E-1
1.371625E+7,  1.071091E-1
1.372250E+7,  9.069061E-2
1.372875E+7,  7.687759E-2
1.373500E+7,  6.611252E-2
1.374125E+7,  5.669594E-2
1.374750E+7,  4.894447E-2
1.375375E+7,  4.247475E-2
1.376000E+7,  3.704071E-2
1.376625E+7,  3.240013E-2
1.377250E+7,  2.850533E-2
1.377875E+7,  2.515221E-2
1.378500E+7,  2.228355E-2
1.379125E+7,  1.980209E-2
1.379750E+7,  1.761723E-2
1.380375E+7,  1.574039E-2
1.381000E+7,  1.407051E-2
1.381625E+7,  1.264906E-2
1.382250E+7,  1.136494E-2
1.382875E+7,  1.022911E-2
1.383500E+7,  9.241104E-3
1.384125E+7,  8.365631E-3
1.384750E+7,  7.550478E-3
1.385375E+7,  6.871462E-3
1.386000E+7,  6.237268E-3
1.386625E+7,  5.676746E-3
1.387250E+7,  5.164385E-3
1.387875E+7,  4.703045E-3
1.388500E+7,  4.285336E-3
1.389125E+7,  3.937483E-3
1.389750E+7,  3.585696E-3
1.390375E+7,  3.291249E-3
1.391000E+7,  2.992511E-3
1.391625E+7,  2.761602E-3
1.392250E+7,  2.531648E-3
1.392875E+7,  2.313137E-3
1.393500E+7,  2.102494E-3
1.394125E+7,  1.931906E-3
1.394750E+7,  1.778424E-3
1.395375E+7,  1.641572E-3
1.396000E+7,  1.477957E-3
1.396625E+7,  1.358688E-3
1.397250E+7,  1.245201E-3
1.397875E+7,  1.155794E-3
1.398500E+7,  1.052022E-3
1.399125E+7,  9.654760E-4
1.399750E+7,  8.917749E-4
1.400375E+7,  8.178353E-4
1.401000E+7,  7.539392E-4
1.401625E+7,  6.647706E-4
1.402250E+7,  6.194413E-4
1.402875E+7,  5.668998E-4
1.403500E+7,  5.083680E-4
1.404125E+7,  4.513562E-4
1.404750E+7,  4.196465E-4
1.405375E+7,  3.627688E-4
1.406000E+7,  3.411323E-4
1.406625E+7,  3.031790E-4
1.407250E+7,  2.786070E-4
1.407875E+7,  2.513081E-4
1.408500E+7,  2.085194E-4
1.409125E+7,  1.949966E-4
1.409750E+7,  1.596883E-4
1.410375E+7,  1.656115E-4
1.411000E+7,  1.249611E-4
1.411625E+7,  1.100898E-4
1.412250E+7,  9.105355E-5
1.412875E+7,  8.119270E-5
1.413500E+7,  6.155670E-5
1.414125E+7,  5.767867E-5
1.414750E+7,  4.553236E-5
1.415375E+7,  4.837476E-5
1.416000E+7,  2.623070E-5
1.416625E+7,  4.903972E-5
1.417250E+7,  4.029647E-5
1.417875E+7,  4.219450E-5
1.418500E+7,  6.195158E-5
1.419125E+7,  5.102158E-5
1.419750E+7,  5.918741E-5
1.420375E+7,  6.883591E-5
1.421000E+7,  6.122515E-5
1.421625E+7,  7.215515E-5
1.422250E+7,  8.166581E-5
1.422875E+7,  7.906556E-5
1.423500E+7,  7.946044E-5
1.424125E+7,  9.702519E-5
1.424750E+7,  7.441267E-5
1.425375E+7,  8.698180E-5
1.426000E+7,  8.935481E-5
1.426625E+7,  1.100525E-4
1.427250E+7,  9.809807E-5
1.427875E+7,  1.082756E-4
1.428500E+7,  1.174472E-4
1.429125E+7,  9.822100E-5
1.429750E+7,  1.101121E-4
1.430375E+7,  1.002066E-4
1.431000E+7,  8.425489E-5
1.431625E+7,  1.151748E-4
1.432250E+7,  9.971485E-5
1.432875E+7,  9.817630E-5
1.433500E+7,  1.004077E-4
1.434125E+7,  1.130179E-4
1.434750E+7,  1.142398E-4
1.435375E+7,  9.196624E-5
1.436000E+7,  1.355559E-4
1.436625E+7,  1.115650E-4
1.437250E+7,  1.129732E-4
1.437875E+7,  1.222268E-4
1.438500E+7,  1.104921E-4
1.439125E+7,  1.131557E-4
1.439750E+7,  1.050942E-4
1.440375E+7,  1.203902E-4
1.441000E+7,  8.743256E-5
1.441625E+7,  1.128018E-4
1.442250E+7,  1.182370E-4
1.442875E+7,  1.122318E-4
1.443500E+7,  1.052208E-4
1.444125E+7,  1.043528E-4
1.444750E+7,  1.132153E-4
1.445375E+7,  1.063943E-4
1.446000E+7,  1.102351E-4
1.446625E+7,  1.101904E-4
1.447250E+7,  9.432063E-5
1.447875E+7,  1.148544E-4
1.448500E+7,  8.038431E-5
1.449125E+7,  1.044497E-4
1.449750E+7,  8.740276E-5
1.450375E+7,  1.149178E-4
1.451000E+7,  1.105443E-4
1.451625E+7,  9.285659E-5
1.452250E+7,  9.068102E-5
1.452875E+7,  8.955598E-5
1.453500E+7,  9.846687E-5
1.454125E+7,  1.006685E-4
1.454750E+7,  7.458404E-5
1.455375E+7,  1.022927E-4
1.456000E+7,  8.748844E-5
1.456625E+7,  9.051710E-5
1.457250E+7,  6.651878E-5
1.457875E+7,  9.644777E-5
1.458500E+7,  9.058788E-5
1.459125E+7,  6.034039E-5
1.459750E+7,  7.946417E-5
1.460375E+7,  7.948279E-5
1.461000E+7,  8.488074E-5
1.461625E+7,  7.842109E-5
1.462250E+7,  8.913875E-5
1.462875E+7,  8.496642E-5
1.463500E+7,  7.681176E-5
1.464125E+7,  8.765236E-5
1.464750E+7,  6.926432E-5
1.465375E+7,  7.040426E-5
1.466000E+7,  8.489192E-5
1.466625E+7,  5.982816E-5
1.467250E+7,  7.951632E-5
1.467875E+7,  6.654114E-5
1.468500E+7,  7.472932E-5
1.469125E+7,  6.463379E-5
1.469750E+7,  6.248429E-5
1.470375E+7,  6.891042E-5
1.471000E+7,  9.583682E-5
1.471625E+7,  5.231611E-5
1.472250E+7,  5.689450E-5
1.472875E+7,  4.716776E-5
1.473500E+7,  6.090477E-5
1.474125E+7,  6.504729E-5
1.474750E+7,  7.588416E-5
1.475375E+7,  2.326444E-5
1.476000E+7,  6.087311E-5
1.476625E+7,  5.446561E-5
1.477250E+7,  6.630272E-5
1.477875E+7,  4.420057E-5
1.478500E+7,  7.155165E-5
1.479125E+7,  4.495680E-5
1.479750E+7,  6.207451E-5
1.480375E+7,  3.914721E-5
1.481000E+7,  6.052665E-5
1.481625E+7,  4.656054E-5
1.482250E+7,  4.603527E-5
1.482875E+7,  6.000698E-5
1.483500E+7,  5.546585E-5
1.484125E+7,  2.845470E-5
1.484750E+7,  6.357580E-5
1.485375E+7,  4.075840E-5
1.486000E+7,  3.715977E-5
1.486625E+7,  2.216827E-5
1.487250E+7,  5.314313E-5
1.487875E+7,  6.688759E-5
1.488500E+7,  4.503131E-5
1.489125E+7,  4.512817E-5
1.489750E+7,  4.078262E-5
1.490375E+7,  3.948435E-5
1.491000E+7,  4.620291E-5
1.491625E+7,  5.858764E-5
1.492250E+7,  3.671832E-5
1.492875E+7,  4.460663E-5
1.493500E+7,  2.194196E-5
1.494125E+7,  1.827348E-5
1.494750E+7,  3.661215E-5
1.495375E+7,  2.860464E-5
1.496000E+7,  3.946200E-5
1.496625E+7,  4.095025E-5
1.497250E+7,  4.275516E-5
1.497875E+7,  2.073683E-5
1.498500E+7,  4.101172E-5
1.499125E+7,  4.635192E-5
1.499750E+7,  4.544854E-5
1.500375E+7,  2.934784E-5
1.501000E+7,  5.345978E-5
1.501625E+7,  2.870616E-5
1.502250E+7,  5.469844E-5
1.502875E+7,  3.843196E-5
1.503500E+7,  3.150851E-5
1.504125E+7,  2.334081E-5
1.504750E+7,  2.956018E-5
1.505375E+7,  1.849979E-5
1.506000E+7,  3.857166E-5
1.506625E+7,  1.988560E-5
1.507250E+7,  2.091192E-5
1.507875E+7,  7.381197E-6
1.508500E+7,  2.971385E-5
1.509125E+7,  2.211705E-5
1.509750E+7,  5.158782E-5
1.510375E+7,  3.759935E-5
1.511000E+7,  2.971664E-5
1.511625E+7,  4.790165E-5
1.512250E+7,  2.357736E-5
1.512875E+7,  1.041358E-5
1.513500E+7,  4.412979E-5
1.514125E+7,  4.558265E-5
1.514750E+7,  2.327468E-5
1.515375E+7,  2.241973E-5
1.516000E+7,  6.201333E-10
1.516625E+7,  1.520663E-5
1.517250E+7,  2.332032E-5
1.517875E+7,  3.762543E-5
1.518500E+7,  3.977679E-5
1.519125E+7,  2.661161E-5
1.519750E+7,  3.045518E-5
1.520375E+7,  3.310293E-5
1.521000E+7,  1.526624E-5
1.521625E+7,  1.485972E-5
1.522250E+7,  2.694130E-5
1.522875E+7,  2.113637E-5
1.523500E+7,  1.492538E-5
1.524125E+7,  1.056213E-5
1.524750E+7,  4.366972E-5
1.525375E+7,  2.120342E-5
1.526000E+7,  1.547299E-5
1.526625E+7,  2.392195E-5
1.527250E+7,  2.145022E-5
1.527875E+7,  2.553686E-5
1.528500E+7,  1.912285E-5
1.529125E+7,  2.768356E-5
1.529750E+7,  3.066845E-5
1.530375E+7,  1.579802E-5
1.531000E+7,  2.178922E-5
1.531625E+7,  2.988335E-5
1.532250E+7,  3.072806E-5
1.532875E+7,  1.568906E-5
1.533500E+7,  4.654936E-5
1.534125E+7,  1.561549E-5
1.534750E+7,  2.488866E-5
1.535375E+7,  9.421725E-6
1.536000E+7,  3.716536E-5
1.536625E+7,  1.860783E-5
1.537250E+7,  8.288305E-6
1.537875E+7,  1.183432E-5
1.538500E+7,  1.207180E-5
1.539125E+7,  2.283417E-5
1.539750E+7,  2.696179E-5
1.540375E+7,  3.098138E-5
1.541000E+7,  7.833820E-6
1.541625E+7,  8.060131E-6
1.542250E+7,  4.224945E-6
1.542875E+7,  1.616310E-5
1.543500E+7,  1.178030E-5
1.544125E+7,  1.905393E-5
1.544750E+7,  9.607524E-6
1.545375E+7,  2.458692E-5
1.546000E+7,  1.251930E-5
1.546625E+7,  1.731515E-5
1.547250E+7,  2.277829E-5
1.547875E+7,  1.675077E-5
1.548500E+7,  1.829024E-5
1.549125E+7,  7.116796E-10
1.549750E+7,  3.639795E-5
1.550375E+7,  3.846921E-5
1.551000E+7,  2.875738E-5
1.551625E+7,  1.744553E-5
1.552250E+7,  1.850445E-5
1.552875E+7,  1.266599E-5
1.553500E+7,  1.615193E-5
1.554125E+7,  2.242718E-5
1.554750E+7,  2.811942E-5
1.555375E+7,  1.519499E-5
1.556000E+7,  3.423728E-5
1.556625E+7,  3.001187E-5
1.557250E+7,  1.080055E-5
1.557875E+7,  9.080861E-6
1.558500E+7,  3.293157E-5
1.559125E+7,  2.943538E-5
1.559750E+7,  1.146458E-5
1.560375E+7,  6.765788E-10
1.561000E+7,  2.464280E-5
1.561625E+7,  9.182841E-6
1.562250E+7,  2.582092E-5
1.562875E+7,  1.830608E-5
1.563500E+7,  2.514385E-5
1.564125E+7,  8.712988E-6
1.564750E+7,  2.465770E-5
1.565375E+7,  2.789497E-5
1.566000E+7,  1.912750E-5
1.566625E+7,  3.856840E-6
1.567250E+7,  6.475602E-10
1.567875E+7,  1.532398E-5
1.568500E+7,  1.578126E-5
1.569125E+7,  8.556060E-6
1.569750E+7,  1.708977E-5
1.570375E+7,  3.812718E-6
1.571000E+7,  1.072651E-5
1.571625E+7,  7.588416E-6
1.572250E+7,  6.405969E-10
1.572875E+7,  1.140777E-5
1.573500E+7,  1.138588E-5
1.574125E+7,  3.567711E-5
1.574750E+7,  1.515727E-5
1.575375E+7,  1.894869E-5
1.576000E+7,  1.692865E-5
1.576625E+7,  7.594936E-6
1.577250E+7,  7.578405E-6
1.577875E+7,  2.542604E-5
1.578500E+7,  2.398808E-5
1.579125E+7,  8.479692E-6
1.579750E+7,  1.513865E-5
1.580375E+7,  2.535246E-5
1.581000E+7,  1.689047E-5
1.581625E+7,  1.130253E-5
1.582250E+7,  3.015809E-5
1.582875E+7,  1.682900E-5
1.583500E+7,  3.037974E-5
1.584125E+7,  1.685601E-5
1.584750E+7,  2.413616E-5
1.585375E+7,  2.712943E-5
1.586000E+7,  2.410263E-5
1.586625E+7,  1.064828E-5
1.587250E+7,  3.759167E-6
1.587875E+7,  7.519498E-6
1.588500E+7,  1.879595E-5
1.589125E+7,  1.680478E-5
1.589750E+7,  2.705026E-5
1.590375E+7,  2.515595E-5
1.591000E+7,  3.754161E-6
1.591625E+7,  2.703443E-5
1.592250E+7,  1.060171E-5
1.592875E+7,  1.123920E-5
1.593500E+7,  2.119318E-5
1.594125E+7,  1.497148E-5
1.594750E+7,  1.672842E-5
1.595375E+7,  7.482711E-6
1.596000E+7,  1.058308E-5
1.596625E+7,  1.542643E-5
1.597250E+7,  2.994016E-5
1.597875E+7,  7.490860E-6
1.598500E+7,  2.367795E-5
1.599125E+7,  3.743917E-6
1.599750E+7,  2.245791E-5
1.600375E+7,  4.011579E-5
1.601000E+7,  2.580602E-5
1.601625E+7,  1.550987E-4
1.602250E+7,  9.405985E-5
1.602875E+7,  9.704381E-5
1.603500E+7,  7.642061E-5
1.604125E+7,  1.999959E-4
1.604750E+7,  1.748949E-4
1.605375E+7,  1.541674E-4
1.606000E+7,  7.987767E-5
1.606625E+7,  1.929998E-4
1.607250E+7,  4.263595E-5
1.607875E+7,  9.871274E-5
1.608500E+7,  1.296997E-4
1.609125E+7,  6.701797E-5
1.609750E+7,  4.877895E-5
1.610375E+7,  5.012006E-5
1.611000E+7,  2.093315E-4
1.611625E+7,  1.919419E-4
1.612250E+7,  9.187311E-5
1.612875E+7,  1.963973E-4
1.613500E+7,  9.172782E-5
1.614125E+7,  9.189174E-5
1.614750E+7,  6.712973E-5
1.615375E+7,  4.057772E-5
1.616000E+7,  9.534508E-5
1.616625E+7,  3.861636E-5
1.617250E+7,  2.645422E-5
1.617875E+7,  7.356331E-5
1.618500E+7,  1.210980E-4
1.619125E+7,  3.490970E-5
1.619750E+7,  1.233295E-4
1.620375E+7,  5.291775E-5
1.621000E+7,  3.349967E-5
1.621625E+7,  5.723350E-5
1.622250E+7,  6.724149E-5
1.622875E+7,  9.742379E-5
1.623500E+7,  7.178262E-5
1.624125E+7,  1.053996E-4
1.624750E+7,  1.263320E-4
1.625375E+7,  1.191683E-4
1.626000E+7,  3.853254E-5
1.626625E+7,  3.460236E-5
1.627250E+7,  9.831786E-5
1.627875E+7,  6.416440E-5
1.628500E+7,  3.851950E-5
1.629125E+7,  7.942691E-5
1.629750E+7,  1.444221E-4
1.630375E+7,  9.392202E-5
1.631000E+7,  6.548315E-5
1.631625E+7,  4.637241E-5
1.632250E+7,  8.750334E-5
1.632875E+7,  1.815800E-5
1.633500E+7,  1.594275E-4
1.634125E+7,  7.475540E-5
1.634750E+7,  7.034466E-5
1.635375E+7,  8.609891E-5
1.636000E+7,  4.815497E-5
1.636625E+7,  1.816172E-5
1.637250E+7,  1.056083E-4
1.637875E+7,  3.631040E-5
1.638500E+7,  3.630668E-5
1.639125E+7,  1.517534E-4
1.639750E+7,  1.346841E-4
1.640375E+7,  7.589161E-5
1.641000E+7,  8.618459E-6
1.641625E+7,  1.290888E-4
1.642250E+7,  1.238212E-4
1.642875E+7,  3.736466E-5
1.643500E+7,  5.137548E-5
1.644125E+7,  5.279481E-5
1.644750E+7,  6.926805E-5
1.645375E+7,  3.635511E-5
1.646000E+7,  8.851290E-5
1.646625E+7,  1.104735E-4
1.647250E+7,  3.681891E-5
1.647875E+7,  2.072006E-5
1.648500E+7,  1.927558E-5
1.649125E+7,  4.500709E-5
1.649750E+7,  4.888326E-5
1.650375E+7,  1.003556E-4
1.651000E+7,  6.507337E-5
1.651625E+7,  2.443697E-5
1.652250E+7,  1.437543E-5
1.652875E+7,  7.504597E-5
1.653500E+7,  7.488579E-5
1.654125E+7,  2.575666E-5
1.654750E+7,  8.926913E-5
1.655375E+7,  1.025870E-4
1.656000E+7,  8.139014E-5
1.656625E+7,  1.842994E-5
1.657250E+7,  3.685802E-5
1.657875E+7,  1.331121E-4
1.658500E+7,  3.260560E-5
1.659125E+7,  7.496774E-5
1.659750E+7,  2.180636E-4
1.660375E+7,  7.503852E-5
1.661000E+7,  1.660511E-4
1.661625E+7,  4.922971E-5
1.662250E+7,  8.245930E-5
1.662875E+7,  1.328215E-4
1.663500E+7,  6.015226E-5
1.664125E+7,  1.003630E-4
1.664750E+7,  8.156151E-5
1.665375E+7,  1.286119E-4
1.666000E+7,  3.565662E-5
1.666625E+7,  6.752461E-5
1.667250E+7,  8.765236E-5
1.667875E+7,  7.480010E-5
1.668500E+7,  9.760261E-5
1.669125E+7,  8.793548E-5
1.669750E+7,  1.822971E-5
1.670375E+7,  1.631025E-5
1.671000E+7,  2.596062E-5
1.671625E+7,  1.238957E-4
1.672250E+7,  8.665398E-5
1.672875E+7,  5.606934E-5
1.673500E+7,  1.007132E-4
1.674125E+7,  5.469657E-5
1.674750E+7,  6.925315E-5
1.675375E+7,  1.022182E-4
1.676000E+7,  5.423091E-5
1.676625E+7,  1.064651E-4
1.677250E+7,  7.596612E-5
1.677875E+7,  9.768456E-5
1.678500E+7,  2.845004E-5
1.679125E+7,  7.883087E-5
1.679750E+7,  3.873557E-5
1.680375E+7,  2.081972E-5
1.681000E+7,  3.227964E-5
1.681625E+7,  3.699027E-5
1.682250E+7,  6.379932E-5
1.682875E+7,  3.528409E-5
1.683500E+7,  3.368035E-5
1.684125E+7,  4.699640E-5
1.684750E+7,  5.271845E-5
1.685375E+7,  2.084207E-5
1.686000E+7,  3.371760E-5
1.686625E+7,  9.974837E-5
1.687250E+7,  5.581044E-5
1.687875E+7,  1.448989E-4
1.688500E+7,  6.122515E-5
1.689125E+7,  6.589293E-5
1.689750E+7,  2.904981E-5
1.690375E+7,  4.168227E-5
1.691000E+7,  1.193024E-5
1.691625E+7,  1.226440E-4
1.692250E+7,  1.055524E-4
1.692875E+7,  9.265542E-5
1.693500E+7,  2.893899E-5
1.694125E+7,  6.991997E-5
1.694750E+7,  7.598102E-5
1.695375E+7,  4.060380E-5
1.696000E+7,  1.816452E-4
1.696625E+7,  2.025440E-4
1.697250E+7,  4.406273E-5
1.697875E+7,  2.669729E-5
1.698500E+7,  4.418753E-5
1.699125E+7,  7.164851E-5
1.699750E+7,  1.258329E-4
1.700375E+7,  1.193173E-4
1.701000E+7,  6.351620E-5
1.701625E+7,  1.482517E-4
1.702250E+7,  1.511201E-4
1.702875E+7,  8.438155E-5
1.703500E+7,  4.985370E-5
1.704125E+7,  4.778057E-5
1.704750E+7,  3.526360E-5
1.705375E+7,  4.925579E-5
1.706000E+7,  6.239861E-5
1.706625E+7,  8.865818E-5
1.707250E+7,  9.566918E-5
1.707875E+7,  1.671389E-4
1.708500E+7,  3.900006E-5
1.709125E+7,  3.477745E-5
1.709750E+7,  4.720502E-5
1.710375E+7,  1.945347E-5
1.711000E+7,  8.139387E-5
1.711625E+7,  1.764391E-5
1.712250E+7,  4.720688E-5
1.712875E+7,  1.013614E-4
1.713500E+7,  5.947985E-5
1.714125E+7,  4.638359E-5
1.714750E+7,  5.230866E-5
1.715375E+7,  2.340320E-5
1.716000E+7,  3.385171E-5
1.716625E+7,  7.662550E-5
1.717250E+7,  1.857243E-5
1.717875E+7,  5.452521E-5
1.718500E+7,  5.578250E-5
1.719125E+7,  8.592755E-5
1.719750E+7,  1.047691E-5
1.720375E+7,  1.643319E-5
1.721000E+7,  1.299195E-5
1.721625E+7,  5.508773E-5
1.722250E+7,  6.448850E-5
1.722875E+7,  5.580299E-5
1.723500E+7,  2.395269E-5
1.724125E+7,  4.322082E-5
1.724750E+7,  4.655309E-5
1.725375E+7,  4.788488E-5
1.726000E+7,  1.640320E-4
1.726625E+7,  6.625056E-5
1.727250E+7,  3.390200E-5
1.727875E+7,  1.558289E-4
1.728500E+7,  2.678577E-5
1.729125E+7,  1.838431E-4
1.729750E+7,  1.486391E-4
1.730375E+7,  4.553609E-5
1.731000E+7,  5.200133E-5
1.731625E+7,  8.647889E-5
1.732250E+7,  2.090707E-4
1.732875E+7,  1.003183E-4
1.733500E+7,  1.397654E-4
1.734125E+7,  1.000874E-4
1.734750E+7,  5.515851E-5
1.735375E+7,  1.826435E-4
1.736000E+7,  1.739785E-4
1.736625E+7,  5.848333E-5
1.737250E+7,  1.176521E-4
1.737875E+7,  2.119131E-5
1.738500E+7,  1.373217E-4
1.739125E+7,  1.528040E-4
1.739750E+7,  1.260862E-4
1.740375E+7,  1.837388E-4
1.741000E+7,  2.620183E-5
1.741625E+7,  1.025498E-4
1.742250E+7,  1.321658E-4
1.742875E+7,  9.361655E-5
1.743500E+7,  8.463115E-5
1.744125E+7,  1.195259E-4
1.744750E+7,  1.405180E-4
1.745375E+7,  4.847161E-5
1.746000E+7,  6.873533E-5
1.746625E+7,  1.924485E-4
1.747250E+7,  5.566515E-5
1.747875E+7,  7.713586E-5
1.748500E+7,  5.212054E-5
1.749125E+7,  3.498234E-5
1.749750E+7,  5.260296E-5
1.750375E+7,  6.778911E-5
1.751000E+7,  3.911182E-5
1.751625E+7,  7.095188E-5
1.752250E+7,  3.137067E-5
1.752875E+7,  1.196824E-4
1.753500E+7,  6.525218E-5
1.754125E+7,  5.835434E-6
1.754750E+7,  4.752912E-5
1.755375E+7,  5.258806E-5
1.756000E+7,  2.917368E-5
1.756625E+7,  4.563108E-5
1.757250E+7,  4.812330E-5
1.757875E+7,  3.498979E-5
1.758500E+7,  1.403615E-4
1.759125E+7,  3.969483E-5
1.759750E+7,  4.960597E-5
1.760375E+7,  3.045518E-5
1.761000E+7,  1.234412E-4
1.761625E+7,  4.959293E-5
1.762250E+7,  9.285659E-5
1.762875E+7,  8.258224E-5
1.763500E+7,  1.896992E-4
1.764125E+7,  4.448183E-5
1.764750E+7,  7.126853E-5
1.765375E+7,  8.882582E-5
1.766000E+7,  1.134314E-4
1.766625E+7,  3.929995E-5
1.767250E+7,  6.384403E-5
1.767875E+7,  9.800866E-5
1.768500E+7,  3.410317E-5
1.769125E+7,  8.555502E-5
1.769750E+7,  8.898601E-5
1.770375E+7,  6.024726E-5
1.771000E+7,  7.800758E-5
1.771625E+7,  1.718700E-4
1.772250E+7,  1.294389E-4
1.772875E+7,  1.407191E-4
1.773500E+7,  1.534820E-4
1.774125E+7,  4.452653E-5
1.774750E+7,  1.110956E-4
1.775375E+7,  1.712367E-4
1.776000E+7,  6.899610E-5
1.776625E+7,  6.255507E-5
1.777250E+7,  4.136376E-5
1.777875E+7,  7.328764E-5
1.778500E+7,  2.062246E-4
1.779125E+7,  4.900806E-5
1.779750E+7,  7.122755E-5
1.780375E+7,  7.631630E-5
1.781000E+7,  5.232543E-5
1.781625E+7,  1.640767E-4
1.782250E+7,  3.149733E-5
1.782875E+7,  6.540120E-5
1.783500E+7,  8.800253E-5
1.784125E+7,  5.116872E-5
1.784750E+7,  5.684048E-5
1.785375E+7,  1.655146E-5
1.786000E+7,  2.303049E-4
1.786625E+7,  1.307875E-4
1.787250E+7,  1.308601E-5
1.787875E+7,  1.068711E-4
1.788500E+7,  6.091781E-5
1.789125E+7,  1.099221E-4
1.789750E+7,  4.725344E-5
1.790375E+7,  4.578382E-5
1.791000E+7,  4.726090E-5
1.791625E+7,  7.088855E-5
1.792250E+7,  7.455423E-5
1.792875E+7,  2.885796E-5
1.793500E+7,  1.310045E-5
1.794125E+7,  2.623796E-4
1.794750E+7,  5.219318E-5
1.795375E+7,  3.278255E-5
1.796000E+7,  1.041368E-4
1.796625E+7,  7.138774E-5
1.797250E+7,  8.798204E-6
1.797875E+7,  8.297339E-5
1.798500E+7,  1.048036E-4
1.799125E+7,  8.543953E-5
1.799750E+7,  9.752437E-5
1.800375E+7,  1.057843E-5
1.801000E+7,  1.115277E-4
1.801625E+7,  1.114346E-4
1.802250E+7,  3.756955E-5
1.802875E+7,  5.012751E-5
1.803500E+7,  7.087737E-5
1.804125E+7,  6.772578E-5
1.804750E+7,  3.857538E-5
1.805375E+7,  9.277463E-5
1.806000E+7,  1.661330E-4
1.806625E+7,  4.270300E-5
1.807250E+7,  1.467671E-5
1.807875E+7,  9.628013E-5
1.808500E+7,  4.150532E-5
1.809125E+7,  1.528710E-4
1.809750E+7,  8.397177E-5
1.810375E+7,  1.058122E-5
1.811000E+7,  1.879875E-5
1.811625E+7,  7.048622E-5
1.812250E+7,  2.420321E-5
1.812875E+7,  9.480491E-5
1.813500E+7,  7.102266E-5
1.814125E+7,  5.542673E-5
1.814750E+7,  2.998766E-5
1.815375E+7,  1.184456E-4
1.816000E+7,  6.330386E-5
1.816625E+7,  1.166724E-4
1.817250E+7,  1.237616E-4
1.817875E+7,  7.525831E-5
1.818500E+7,  1.139380E-4
1.819125E+7,  1.175050E-5
1.819750E+7,  7.650256E-5
1.820375E+7,  5.910918E-5
1.821000E+7,  2.140645E-5
1.821625E+7,  7.712096E-5
1.822250E+7,  7.360429E-5
1.822875E+7,  9.473786E-5
1.823500E+7,  1.172796E-4
1.824125E+7,  3.764033E-5
1.824750E+7,  7.529184E-5
1.825375E+7,  2.120659E-4
1.826000E+7,  5.421601E-5
1.826625E+7,  5.882466E-6
1.827250E+7,  4.450604E-5
1.827875E+7,  4.159473E-5
1.828500E+7,  1.021139E-4
1.829125E+7,  7.216632E-5
1.829750E+7,  5.881675E-5
1.830375E+7,  4.162267E-5
1.831000E+7,  7.104129E-5
1.831625E+7,  1.142025E-4
1.832250E+7,  7.537007E-5
1.832875E+7,  5.795434E-5
1.833500E+7,  7.375330E-5
1.834125E+7,  8.830428E-5
1.834750E+7,  3.431737E-5
1.835375E+7,  8.290261E-5
1.836000E+7,  4.746020E-5
1.836625E+7,  1.094639E-4
1.837250E+7,  8.098781E-5
1.837875E+7,  1.079924E-4
1.838500E+7,  1.052991E-4
1.839125E+7,  4.453771E-5
1.839750E+7,  4.287995E-5
1.840375E+7,  5.555525E-5
1.841000E+7,  7.756427E-5
1.841625E+7,  5.033426E-5
1.842250E+7,  1.215376E-5
1.842875E+7,  3.294833E-5
1.843500E+7,  4.831143E-5
1.844125E+7,  5.313195E-5
1.844750E+7,  2.961792E-5
1.845375E+7,  1.177602E-4
1.846000E+7,  1.586601E-5
1.846625E+7,  1.792610E-5
1.847250E+7,  8.205324E-5
1.847875E+7,  1.221374E-4
1.848500E+7,  2.946239E-5
1.849125E+7,  3.006682E-5
1.849750E+7,  3.438629E-5
1.850375E+7,  8.210912E-5
1.851000E+7,  5.895272E-6
1.851625E+7,  5.631521E-5
1.852250E+7,  1.521707E-4
1.852875E+7,  1.532808E-4
1.853500E+7,  9.771064E-5
1.854125E+7,  7.689372E-5
1.854750E+7,  4.756637E-5
1.855375E+7,  1.252517E-4
1.856000E+7,  3.835186E-5