SAVED BY: 
TITLE: 
COMMENTS: 
DATE: 10/27/2020
TIME: 1:26 PM

STIMULUS, RESPONSE

8.560000E+6,  1.652166E-4
8.566250E+6,  1.584664E-4
8.572500E+6,  1.794994E-4
8.578750E+6,  1.551881E-4
8.585000E+6,  1.529232E-4
8.591250E+6,  1.661852E-4
8.597500E+6,  1.642331E-4
8.603750E+6,  1.473725E-4
8.610000E+6,  1.605228E-4
8.616250E+6,  1.731664E-4
8.622500E+6,  1.722649E-4
8.628750E+6,  1.503527E-4
8.635000E+6,  1.347214E-4
8.641250E+6,  1.603886E-4
8.647500E+6,  1.668930E-4
8.653750E+6,  1.570433E-4
8.660000E+6,  1.752302E-4
8.666250E+6,  1.632273E-4
8.672500E+6,  1.701713E-4
8.678750E+6,  1.727417E-4
8.685000E+6,  1.348481E-4
8.691250E+6,  1.630560E-4
8.697500E+6,  1.761541E-4
8.703750E+6,  1.508519E-4
8.710000E+6,  1.666397E-4
8.716250E+6,  1.666099E-4
8.722500E+6,  1.506284E-4
8.728750E+6,  1.567379E-4
8.735000E+6,  1.420081E-4
8.741250E+6,  1.839101E-4
8.747500E+6,  1.756027E-4
8.753750E+6,  1.882240E-4
8.760000E+6,  1.740903E-4
8.766250E+6,  1.724660E-4
8.772500E+6,  1.599342E-4
8.778750E+6,  1.630262E-4
8.785000E+6,  1.818165E-4
8.791250E+6,  1.881719E-4
8.797500E+6,  1.569167E-4
8.803750E+6,  1.727343E-4
8.810000E+6,  1.757294E-4
8.816250E+6,  1.692921E-4
8.822500E+6,  1.674369E-4
8.828750E+6,  1.663119E-4
8.835000E+6,  1.788661E-4
8.841250E+6,  1.726523E-4
8.847500E+6,  1.693666E-4
8.853750E+6,  1.883581E-4
8.860000E+6,  1.625642E-4
8.866250E+6,  1.665279E-4
8.872500E+6,  1.790375E-4
8.878750E+6,  1.726002E-4
8.885000E+6,  1.914948E-4
8.891250E+6,  1.948252E-4
8.897500E+6,  1.683086E-4
8.903750E+6,  1.919046E-4
8.910000E+6,  1.850948E-4
8.916250E+6,  1.820624E-4
8.922500E+6,  1.790598E-4
8.928750E+6,  1.693219E-4
8.935000E+6,  1.820400E-4
8.941250E+6,  1.790524E-4
8.947500E+6,  1.572520E-4
8.953750E+6,  1.851171E-4
8.960000E+6,  1.727641E-4
8.966250E+6,  1.945421E-4
8.972500E+6,  1.695082E-4
8.978750E+6,  1.821071E-4
8.985000E+6,  1.819879E-4
8.991250E+6,  2.011731E-4
8.997500E+6,  1.792163E-4
9.003750E+6,  1.987368E-4
9.010000E+6,  1.740009E-4
9.016250E+6,  1.889914E-4
9.022500E+6,  1.728535E-4
9.028750E+6,  1.764670E-4
9.035000E+6,  1.789331E-4
9.041250E+6,  2.010316E-4
9.047500E+6,  1.728460E-4
9.053750E+6,  1.726449E-4
9.060000E+6,  1.822636E-4
9.066250E+6,  1.914874E-4
9.072500E+6,  1.663193E-4
9.078750E+6,  1.998171E-4
9.085000E+6,  2.047196E-4
9.091250E+6,  1.856014E-4
9.097500E+6,  1.915693E-4
9.103750E+6,  1.820922E-4
9.110000E+6,  1.826137E-4
9.116250E+6,  1.923963E-4
9.122500E+6,  1.824349E-4
9.128750E+6,  1.790449E-4
9.135000E+6,  1.791865E-4
9.141250E+6,  1.948774E-4
9.147500E+6,  1.898631E-4
9.153750E+6,  1.891479E-4
9.160000E+6,  2.013072E-4
9.166250E+6,  2.049059E-4
9.172500E+6,  1.878515E-4
9.178750E+6,  2.011210E-4
9.185000E+6,  2.048090E-4
9.191250E+6,  2.042875E-4
9.197500E+6,  1.891777E-4
9.203750E+6,  2.043992E-4
9.210000E+6,  1.980886E-4
9.216250E+6,  2.074465E-4
9.222500E+6,  1.998916E-4
9.228750E+6,  2.012700E-4
9.235000E+6,  2.156124E-4
9.241250E+6,  2.012402E-4
9.247500E+6,  1.895279E-4
9.253750E+6,  2.034679E-4
9.260000E+6,  1.797006E-4
9.266250E+6,  2.043694E-4
9.272500E+6,  1.994297E-4
9.278750E+6,  2.138838E-4
9.285000E+6,  1.960844E-4
9.291250E+6,  2.136603E-4
9.297500E+6,  2.015159E-4
9.303750E+6,  2.152398E-4
9.310000E+6,  2.092123E-4
9.316250E+6,  1.904294E-4
9.322500E+6,  1.915619E-4
9.328750E+6,  2.048612E-4
9.335000E+6,  1.797453E-4
9.341250E+6,  2.093539E-4
9.347500E+6,  2.114326E-4
9.353750E+6,  2.080873E-4
9.360000E+6,  2.128854E-4
9.366250E+6,  2.113432E-4
9.372500E+6,  2.125651E-4
9.378750E+6,  2.235770E-4
9.385000E+6,  1.950637E-4
9.391250E+6,  2.339259E-4
9.397500E+6,  2.177134E-4
9.403750E+6,  2.300963E-4
9.410000E+6,  2.177805E-4
9.416250E+6,  2.085716E-4
9.422500E+6,  2.277121E-4
9.428750E+6,  2.095401E-4
9.435000E+6,  2.271682E-4
9.441250E+6,  2.162009E-4
9.447500E+6,  1.929849E-4
9.453750E+6,  2.162084E-4
9.460000E+6,  2.174824E-4
9.466250E+6,  2.211481E-4
9.472500E+6,  1.897141E-4
9.478750E+6,  2.241284E-4
9.485000E+6,  2.021641E-4
9.491250E+6,  2.161488E-4
9.497500E+6,  2.179146E-4
9.503750E+6,  2.340823E-4
9.510000E+6,  2.155229E-4
9.516250E+6,  2.122149E-4
9.522500E+6,  2.318323E-4
9.528750E+6,  2.338365E-4
9.535000E+6,  2.346486E-4
9.541250E+6,  2.387241E-4
9.547500E+6,  2.284870E-4
9.553750E+6,  2.253801E-4
9.560000E+6,  2.329573E-4
9.566250E+6,  2.434552E-4
9.572500E+6,  2.277568E-4
9.578750E+6,  2.230927E-4
9.585000E+6,  2.210736E-4
9.591250E+6,  2.210066E-4
9.597500E+6,  2.039671E-4
9.603750E+6,  2.155751E-4
9.610000E+6,  2.259463E-4
9.616250E+6,  2.344549E-4
9.622500E+6,  2.036169E-4
9.628750E+6,  2.294183E-4
9.635000E+6,  2.226010E-4
9.641250E+6,  2.311915E-4
9.647500E+6,  2.311170E-4
9.653750E+6,  2.278611E-4
9.660000E+6,  2.399907E-4
9.666250E+6,  2.164766E-4
9.672500E+6,  2.446622E-4
9.678750E+6,  2.346113E-4
9.685000E+6,  2.207831E-4
9.691250E+6,  2.414435E-4
9.697500E+6,  2.155080E-4
9.703750E+6,  2.278388E-4
9.710000E+6,  2.390668E-4
9.716250E+6,  2.536923E-4
9.722500E+6,  2.323389E-4
9.728750E+6,  2.451688E-4
9.735000E+6,  2.381504E-4
9.741250E+6,  2.524406E-4
9.747500E+6,  2.404749E-4
9.753750E+6,  2.489388E-4
9.760000E+6,  2.638698E-4
9.766250E+6,  2.586544E-4
9.772500E+6,  2.504289E-4
9.778750E+6,  2.349094E-4
9.785000E+6,  2.368465E-4
9.791250E+6,  2.571791E-4
9.797500E+6,  2.480447E-4
9.803750E+6,  2.570897E-4
9.810000E+6,  2.420992E-4
9.816250E+6,  2.587289E-4
9.822500E+6,  2.605766E-4
9.828750E+6,  2.727509E-4
9.835000E+6,  2.433211E-4
9.841250E+6,  2.592802E-4
9.847500E+6,  2.567768E-4
9.853750E+6,  2.486557E-4
9.860000E+6,  2.663136E-4
9.866250E+6,  2.727807E-4
9.872500E+6,  2.559572E-4
9.878750E+6,  2.730638E-4
9.885000E+6,  2.522469E-4
9.891250E+6,  2.877414E-4
9.897500E+6,  2.608597E-4
9.903750E+6,  2.610236E-4
9.910000E+6,  2.643764E-4
9.916250E+6,  2.506077E-4
9.922500E+6,  2.799779E-4
9.928750E+6,  2.440587E-4
9.935000E+6,  2.698451E-4
9.941250E+6,  2.867728E-4
9.947500E+6,  2.560019E-4
9.953750E+6,  2.766699E-4
9.960000E+6,  2.648532E-4
9.966250E+6,  2.667010E-4
9.972500E+6,  2.443343E-4
9.978750E+6,  2.730042E-4
9.985000E+6,  2.763867E-4
9.991250E+6,  2.751648E-4
9.997500E+6,  2.918392E-4
1.000375E+7,  2.650172E-4
1.001000E+7,  2.834648E-4
1.001625E+7,  2.730936E-4
1.002250E+7,  2.816170E-4
1.002875E+7,  3.015548E-4
1.003500E+7,  2.768040E-4
1.004125E+7,  2.789050E-4
1.004750E+7,  2.800673E-4
1.005375E+7,  2.800971E-4
1.006000E+7,  2.646893E-4
1.006625E+7,  2.821535E-4
1.007250E+7,  2.769381E-4
1.007875E+7,  2.876669E-4
1.008500E+7,  2.615750E-4
1.009125E+7,  2.940297E-4
1.009750E+7,  2.771914E-4
1.010375E+7,  2.765357E-4
1.011000E+7,  2.976060E-4
1.011625E+7,  3.026575E-4
1.012250E+7,  2.995133E-4
1.012875E+7,  3.007948E-4
1.013500E+7,  2.843589E-4
1.014125E+7,  2.997816E-4
1.014750E+7,  2.785474E-4
1.015375E+7,  2.846718E-4
1.016000E+7,  2.996922E-4
1.016625E+7,  2.980530E-4
1.017250E+7,  3.097355E-4
1.017875E+7,  2.882481E-4
1.018500E+7,  2.887100E-4
1.019125E+7,  2.982914E-4
1.019750E+7,  2.820641E-4
1.020375E+7,  2.977252E-4
1.021000E+7,  2.940595E-4
1.021625E+7,  3.102273E-4
1.022250E+7,  3.031641E-4
1.022875E+7,  3.009439E-4
1.023500E+7,  3.044605E-4
1.024125E+7,  3.160238E-4
1.024750E+7,  3.008544E-4
1.025375E+7,  3.090799E-4
1.026000E+7,  3.143847E-4
1.026625E+7,  3.161132E-4
1.027250E+7,  2.937913E-4
1.027875E+7,  3.001690E-4
1.028500E+7,  3.089309E-4
1.029125E+7,  3.253669E-4
1.029750E+7,  3.080070E-4
1.030375E+7,  3.127158E-4
1.031000E+7,  3.108680E-4
1.031625E+7,  3.176033E-4
1.032250E+7,  3.198683E-4
1.032875E+7,  3.290176E-4
1.033500E+7,  3.329217E-4
1.034125E+7,  3.277659E-4
1.034750E+7,  3.048331E-4
1.035375E+7,  3.119707E-4
1.036000E+7,  3.241301E-4
1.036625E+7,  3.233701E-4
1.037250E+7,  3.137290E-4
1.037875E+7,  3.270805E-4
1.038500E+7,  3.409535E-4
1.039125E+7,  3.445745E-4
1.039750E+7,  3.492236E-4
1.040375E+7,  3.342479E-4
1.041000E+7,  3.304631E-4
1.041625E+7,  3.442019E-4
1.042250E+7,  3.293455E-4
1.042875E+7,  3.435165E-4
1.043500E+7,  3.290623E-4
1.044125E+7,  3.314614E-4
1.044750E+7,  3.261119E-4
1.045375E+7,  3.408641E-4
1.046000E+7,  3.375262E-4
1.046625E+7,  3.402233E-4
1.047250E+7,  3.482550E-4
1.047875E+7,  3.474504E-4
1.048500E+7,  3.321022E-4
1.049125E+7,  3.696233E-4
1.049750E+7,  3.451407E-4
1.050375E+7,  3.467649E-4
1.051000E+7,  3.528893E-4
1.051625E+7,  3.662258E-4
1.052250E+7,  3.296882E-4
1.052875E+7,  3.516376E-4
1.053500E+7,  3.671497E-4
1.054125E+7,  3.313571E-4
1.054750E+7,  3.623217E-4
1.055375E+7,  3.599226E-4
1.056000E+7,  3.743917E-4
1.056625E+7,  3.746450E-4
1.057250E+7,  3.460348E-4
1.057875E+7,  3.602207E-4
1.058500E+7,  3.623813E-4
1.059125E+7,  3.672242E-4
1.059750E+7,  3.556758E-4
1.060375E+7,  3.567934E-4
1.061000E+7,  3.533512E-4
1.061625E+7,  3.723055E-4
1.062250E+7,  3.717095E-4
1.062875E+7,  3.626794E-4
1.063500E+7,  3.808886E-4
1.064125E+7,  3.933758E-4
1.064750E+7,  3.913939E-4
1.065375E+7,  3.813654E-4
1.066000E+7,  3.856421E-4
1.066625E+7,  3.793240E-4
1.067250E+7,  3.842860E-4
1.067875E+7,  3.926307E-4
1.068500E+7,  3.926456E-4
1.069125E+7,  3.906190E-4
1.069750E+7,  4.031062E-4
1.070375E+7,  4.017651E-4
1.071000E+7,  3.642589E-4
1.071625E+7,  3.946573E-4
1.072250E+7,  3.931224E-4
1.072875E+7,  4.251748E-4
1.073500E+7,  4.051924E-4
1.074125E+7,  4.084110E-4
1.074750E+7,  3.953874E-4
1.075375E+7,  4.023612E-4
1.076000E+7,  4.181862E-4
1.076625E+7,  4.071444E-4
1.077250E+7,  4.132837E-4
1.077875E+7,  4.174858E-4
1.078500E+7,  4.250854E-4
1.079125E+7,  4.191697E-4
1.079750E+7,  4.007369E-4
1.080375E+7,  4.270971E-4
1.081000E+7,  4.244298E-4
1.081625E+7,  4.287660E-4
1.082250E+7,  4.173070E-4
1.082875E+7,  4.288703E-4
1.083500E+7,  4.289001E-4
1.084125E+7,  4.312694E-4
1.084750E+7,  4.351437E-4
1.085375E+7,  4.286766E-4
1.086000E+7,  4.315972E-4
1.086625E+7,  4.568696E-4
1.087250E+7,  4.311800E-4
1.087875E+7,  4.431158E-4
1.088500E+7,  4.430264E-4
1.089125E+7,  4.527420E-4
1.089750E+7,  4.350841E-4
1.090375E+7,  4.477054E-4
1.091000E+7,  4.497617E-4
1.091625E+7,  4.577041E-4
1.092250E+7,  4.353374E-4
1.092875E+7,  4.610270E-4
1.093500E+7,  4.749149E-4
1.094125E+7,  4.630387E-4
1.094750E+7,  4.504323E-4
1.095375E+7,  4.602671E-4
1.096000E+7,  4.530251E-4
1.096625E+7,  4.789829E-4
1.097250E+7,  4.527271E-4
1.097875E+7,  4.762858E-4
1.098500E+7,  4.782677E-4
1.099125E+7,  4.819632E-4
1.099750E+7,  4.713535E-4
1.100375E+7,  5.141497E-4
1.101000E+7,  4.853457E-4
1.101625E+7,  4.792213E-4
1.102250E+7,  4.746467E-4
1.102875E+7,  4.716963E-4
1.103500E+7,  4.924536E-4
1.104125E+7,  4.997551E-4
1.104750E+7,  4.933476E-4
1.105375E+7,  5.065799E-4
1.106000E+7,  4.857183E-4
1.106625E+7,  4.964471E-4
1.107250E+7,  5.062819E-4
1.107875E+7,  4.964769E-4
1.108500E+7,  5.076528E-4
1.109125E+7,  5.140603E-4
1.109750E+7,  5.001426E-4
1.110375E+7,  5.182326E-4
1.111000E+7,  5.220473E-4
1.111625E+7,  5.149841E-4
1.112250E+7,  4.761815E-4
1.112875E+7,  5.191565E-4
1.113500E+7,  5.084872E-4
1.114125E+7,  5.304813E-4
1.114750E+7,  5.237460E-4
1.115375E+7,  5.486012E-4
1.116000E+7,  5.409420E-4
1.116625E+7,  5.492568E-4
1.117250E+7,  5.382001E-4
1.117875E+7,  5.586743E-4
1.118500E+7,  5.389750E-4
1.119125E+7,  5.684197E-4
1.119750E+7,  5.556047E-4
1.120375E+7,  5.763769E-4
1.121000E+7,  5.965233E-4
1.121625E+7,  6.062090E-4
1.122250E+7,  6.264448E-4
1.122875E+7,  6.731153E-4
1.123500E+7,  7.347763E-4
1.124125E+7,  7.186234E-4
1.124750E+7,  7.300079E-4
1.125375E+7,  7.152557E-4
1.126000E+7,  7.173419E-4
1.126625E+7,  7.107258E-4
1.127250E+7,  7.506907E-4
1.127875E+7,  6.956756E-4
1.128500E+7,  6.993413E-4
1.129125E+7,  6.752908E-4
1.129750E+7,  6.250441E-4
1.130375E+7,  6.751120E-4
1.131000E+7,  6.844699E-4
1.131625E+7,  6.870925E-4
1.132250E+7,  7.315874E-4
1.132875E+7,  7.134974E-4
1.133500E+7,  7.213354E-4
1.134125E+7,  7.006228E-4
1.134750E+7,  6.867945E-4
1.135375E+7,  7.053614E-4
1.136000E+7,  6.406307E-4
1.136625E+7,  7.113218E-4
1.137250E+7,  7.312000E-4
1.137875E+7,  7.451177E-4
1.138500E+7,  7.393658E-4
1.139125E+7,  6.940067E-4
1.139750E+7,  7.019639E-4
1.140375E+7,  6.869435E-4
1.141000E+7,  6.816983E-4
1.141625E+7,  7.028580E-4
1.142250E+7,  7.157326E-4
1.142875E+7,  7.573366E-4
1.143500E+7,  7.191002E-4
1.144125E+7,  7.286072E-4
1.144750E+7,  7.951558E-4
1.145375E+7,  7.905364E-4
1.146000E+7,  8.015633E-4
1.146625E+7,  8.246303E-4
1.147250E+7,  7.975996E-4
1.147875E+7,  7.855296E-4
1.148500E+7,  7.892847E-4
1.149125E+7,  8.768141E-4
1.149750E+7,  8.810163E-4
1.150375E+7,  8.662343E-4
1.151000E+7,  8.865297E-4
1.151625E+7,  9.203851E-4
1.152250E+7,  8.673072E-4
1.152875E+7,  8.343160E-4
1.153500E+7,  7.993281E-4
1.154125E+7,  8.915365E-4
1.154750E+7,  9.063780E-4
1.155375E+7,  8.976161E-4
1.156000E+7,  1.021981E-3
1.156625E+7,  1.020670E-3
1.157250E+7,  1.010060E-3
1.157875E+7,  1.054347E-3
1.158500E+7,  1.134694E-3
1.159125E+7,  1.002371E-3
1.159750E+7,  9.894967E-4
1.160375E+7,  1.048148E-3
1.161000E+7,  1.076281E-3
1.161625E+7,  1.143217E-3
1.162250E+7,  1.171529E-3
1.162875E+7,  1.417756E-3
1.163500E+7,  1.501083E-3
1.164125E+7,  1.692832E-3
1.164750E+7,  1.861691E-3
1.165375E+7,  1.795471E-3
1.166000E+7,  1.728177E-3
1.166625E+7,  1.960516E-3
1.167250E+7,  1.858294E-3
1.167875E+7,  1.870751E-3
1.168500E+7,  1.886845E-3
1.169125E+7,  1.848638E-3
1.169750E+7,  1.857519E-3
1.170375E+7,  1.856148E-3
1.171000E+7,  1.951754E-3
1.171625E+7,  1.931548E-3
1.172250E+7,  1.888096E-3
1.172875E+7,  1.955628E-3
1.173500E+7,  1.974463E-3
1.174125E+7,  1.972437E-3
1.174750E+7,  2.007842E-3
1.175375E+7,  2.016068E-3
1.176000E+7,  2.023697E-3
1.176625E+7,  2.025723E-3
1.177250E+7,  2.074242E-3
1.177875E+7,  2.082109E-3
1.178500E+7,  2.119064E-3
1.179125E+7,  2.036929E-3
1.179750E+7,  2.121091E-3
1.180375E+7,  2.084732E-3
1.181000E+7,  2.093911E-3
1.181625E+7,  2.125382E-3
1.182250E+7,  2.154469E-3
1.182875E+7,  2.187371E-3
1.183500E+7,  2.225637E-3
1.184125E+7,  2.234221E-3
1.184750E+7,  2.249479E-3
1.185375E+7,  2.274632E-3
1.186000E+7,  2.285719E-3
1.186625E+7,  2.324820E-3
1.187250E+7,  2.311707E-3
1.187875E+7,  2.338409E-3
1.188500E+7,  2.359033E-3
1.189125E+7,  2.408028E-3
1.189750E+7,  2.366543E-3
1.190375E+7,  2.432108E-3
1.191000E+7,  2.401829E-3
1.191625E+7,  2.447605E-3
1.192250E+7,  2.457976E-3
1.192875E+7,  2.500057E-3
1.193500E+7,  2.513051E-3
1.194125E+7,  2.512336E-3
1.194750E+7,  2.509713E-3
1.195375E+7,  2.536654E-3
1.196000E+7,  2.578855E-3
1.196625E+7,  2.586007E-3
1.197250E+7,  2.611518E-3
1.197875E+7,  2.631187E-3
1.198500E+7,  2.674699E-3
1.199125E+7,  2.672076E-3
1.199750E+7,  2.674818E-3
1.200375E+7,  2.705455E-3
1.201000E+7,  2.726793E-3
1.201625E+7,  2.773046E-3
1.202250E+7,  2.745509E-3
1.202875E+7,  2.763391E-3
1.203500E+7,  2.820611E-3
1.204125E+7,  2.752662E-3
1.204750E+7,  2.787590E-3
1.205375E+7,  2.820373E-3
1.206000E+7,  2.796769E-3
1.206625E+7,  2.869725E-3
1.207250E+7,  2.963424E-3
1.207875E+7,  2.938867E-3
1.208500E+7,  2.885103E-3
1.209125E+7,  2.908230E-3
1.209750E+7,  2.934098E-3
1.210375E+7,  2.951384E-3
1.211000E+7,  2.950907E-3
1.211625E+7,  2.953410E-3
1.212250E+7,  3.021955E-3
1.212875E+7,  3.051877E-3
1.213500E+7,  3.043294E-3
1.214125E+7,  3.192663E-3
1.214750E+7,  3.144979E-3
1.215375E+7,  3.151298E-3
1.216000E+7,  3.173709E-3
1.216625E+7,  3.215313E-3
1.217250E+7,  3.215671E-3
1.217875E+7,  3.252625E-3
1.218500E+7,  3.293753E-3
1.219125E+7,  3.373861E-3
1.219750E+7,  3.336191E-3
1.220375E+7,  3.383994E-3
1.221000E+7,  3.425121E-3
1.221625E+7,  3.437161E-3
1.222250E+7,  3.454566E-3
1.222875E+7,  3.539681E-3
1.223500E+7,  3.616571E-3
1.224125E+7,  3.581882E-3
1.224750E+7,  3.651738E-3
1.225375E+7,  3.669262E-3
1.226000E+7,  3.701448E-3
1.226625E+7,  3.734946E-3
1.227250E+7,  3.730893E-3
1.227875E+7,  3.804445E-3
1.228500E+7,  3.898382E-3
1.229125E+7,  3.905654E-3
1.229750E+7,  3.908396E-3
1.230375E+7,  4.015923E-3
1.231000E+7,  4.030704E-3
1.231625E+7,  4.065514E-3
1.232250E+7,  4.093170E-3
1.232875E+7,  4.171610E-3
1.233500E+7,  4.160404E-3
1.234125E+7,  4.243851E-3
1.234750E+7,  4.287481E-3
1.235375E+7,  4.332781E-3
1.236000E+7,  4.402637E-3
1.236625E+7,  4.423618E-3
1.237250E+7,  4.436970E-3
1.237875E+7,  4.553318E-3
1.238500E+7,  4.563332E-3
1.239125E+7,  4.652977E-3
1.239750E+7,  4.649162E-3
1.240375E+7,  4.700661E-3
1.241000E+7,  4.780531E-3
1.241625E+7,  4.807711E-3
1.242250E+7,  4.926205E-3
1.242875E+7,  4.974842E-3
1.243500E+7,  5.000591E-3
1.244125E+7,  5.108118E-3
1.244750E+7,  5.102396E-3
1.245375E+7,  5.256891E-3
1.246000E+7,  5.262852E-3
1.246625E+7,  5.343437E-3
1.247250E+7,  5.356550E-3
1.247875E+7,  5.470991E-3
1.248500E+7,  5.510092E-3
1.249125E+7,  5.617380E-3
1.249750E+7,  5.752325E-3
1.250375E+7,  5.821228E-3
1.251000E+7,  5.827427E-3
1.251625E+7,  5.891562E-3
1.252250E+7,  6.058455E-3
1.252875E+7,  6.056070E-3
1.253500E+7,  6.096363E-3
1.254125E+7,  6.274939E-3
1.254750E+7,  6.377697E-3
1.255375E+7,  6.463051E-3
1.256000E+7,  6.520748E-3
1.256625E+7,  6.646395E-3
1.257250E+7,  6.768465E-3
1.257875E+7,  6.827354E-3
1.258500E+7,  6.957769E-3
1.259125E+7,  7.057428E-3
1.259750E+7,  7.125854E-3
1.260375E+7,  7.259846E-3
1.261000E+7,  7.360220E-3
1.261625E+7,  7.503510E-3
1.262250E+7,  7.555246E-3
1.262875E+7,  7.912159E-3
1.263500E+7,  7.711411E-3
1.264125E+7,  7.948399E-3
1.264750E+7,  8.122444E-3
1.265375E+7,  8.175850E-3
1.266000E+7,  8.365631E-3
1.266625E+7,  8.440971E-3
1.267250E+7,  8.753777E-3
1.267875E+7,  8.930206E-3
1.268500E+7,  9.347916E-3
1.269125E+7,  9.380817E-3
1.269750E+7,  9.084225E-3
1.270375E+7,  8.963585E-3
1.271000E+7,  1.028299E-2
1.271625E+7,  9.598255E-3
1.272250E+7,  9.786129E-3
1.272875E+7,  1.001263E-2
1.273500E+7,  1.035213E-2
1.274125E+7,  1.046515E-2
1.274750E+7,  1.078749E-2
1.275375E+7,  1.078558E-2
1.276000E+7,  1.099539E-2
1.276625E+7,  1.116371E-2
1.277250E+7,  8.368969E-3
1.277875E+7,  1.064730E-2
1.278500E+7,  1.213026E-2
1.279125E+7,  1.274586E-2
1.279750E+7,  1.223707E-2
1.280375E+7,  1.182985E-2
1.281000E+7,  1.096678E-2
1.281625E+7,  1.392078E-2
1.282250E+7,  1.390743E-2
1.282875E+7,  1.385641E-2
1.283500E+7,  1.294184E-2
1.284125E+7,  1.540375E-2
1.284750E+7,  1.535702E-2
1.285375E+7,  1.597595E-2
1.286000E+7,  1.590061E-2
1.286625E+7,  1.675034E-2
1.287250E+7,  1.692200E-2
1.287875E+7,  1.685619E-2
1.288500E+7,  1.687050E-2
1.289125E+7,  1.832867E-2
1.289750E+7,  1.839256E-2
1.290375E+7,  1.837254E-2
1.291000E+7,  1.894951E-2
1.291625E+7,  2.016449E-2
1.292250E+7,  1.788616E-2
1.292875E+7,  1.986885E-2
1.293500E+7,  1.836491E-2
1.294125E+7,  1.937675E-2
1.294750E+7,  1.636124E-2
1.295375E+7,  1.228857E-2
1.296000E+7,  9.922028E-3
1.296625E+7,  9.594917E-3
1.297250E+7,  9.888172E-3
1.297875E+7,  1.009655E-2
1.298500E+7,  1.029158E-2
1.299125E+7,  1.054907E-2
1.299750E+7,  1.078129E-2
1.300375E+7,  1.108217E-2
1.301000E+7,  1.139784E-2
1.301625E+7,  1.165247E-2
1.302250E+7,  1.204824E-2
1.302875E+7,  1.235199E-2
1.303500E+7,  1.270914E-2
1.304125E+7,  1.304913E-2
1.304750E+7,  1.341438E-2
1.305375E+7,  1.375055E-2
1.306000E+7,  1.413345E-2
1.306625E+7,  1.457500E-2
1.307250E+7,  1.502085E-2
1.307875E+7,  1.553726E-2
1.308500E+7,  1.603603E-2
1.309125E+7,  1.656437E-2
1.309750E+7,  1.702595E-2
1.310375E+7,  1.758003E-2
1.311000E+7,  1.816463E-2
1.311625E+7,  1.881981E-2
1.312250E+7,  1.949120E-2
1.312875E+7,  2.021408E-2
1.313500E+7,  2.096558E-2
1.314125E+7,  2.166271E-2
1.314750E+7,  2.254772E-2
1.315375E+7,  2.367401E-2
1.316000E+7,  2.466393E-2
1.316625E+7,  2.560997E-2
1.317250E+7,  2.640820E-2
1.317875E+7,  2.764797E-2
1.318500E+7,  2.874756E-2
1.319125E+7,  3.011703E-2
1.319750E+7,  3.101635E-2
1.320375E+7,  3.239822E-2
1.321000E+7,  3.414917E-2
1.321625E+7,  3.518677E-2
1.322250E+7,  3.677177E-2
1.322875E+7,  3.880119E-2
1.323500E+7,  4.091263E-2
1.324125E+7,  4.343224E-2
1.324750E+7,  4.654503E-2
1.325375E+7,  4.977226E-2
1.326000E+7,  5.202293E-2
1.326625E+7,  5.498886E-2
1.327250E+7,  5.837250E-2
1.327875E+7,  6.239128E-2
1.328500E+7,  6.554413E-2
1.329125E+7,  7.079315E-2
1.329750E+7,  7.495880E-2
1.330375E+7,  7.916260E-2
1.331000E+7,  8.675766E-2
1.331625E+7,  9.272003E-2
1.332250E+7,  1.016197E-1
1.332875E+7,  1.057854E-1
1.333500E+7,  1.104965E-1
1.334125E+7,  1.174736E-1
1.334750E+7,  1.256332E-1
1.335375E+7,  1.381454E-1
1.336000E+7,  1.489487E-1
1.336625E+7,  1.600189E-1
1.337250E+7,  1.768494E-1
1.337875E+7,  1.910706E-1
1.338500E+7,  2.079773E-1
1.339125E+7,  2.318039E-1
1.339750E+7,  2.528076E-1
1.340375E+7,  2.764282E-1
1.341000E+7,  3.044128E-1
1.341625E+7,  3.395386E-1
1.342250E+7,  3.734741E-1
1.342875E+7,  4.125824E-1
1.343500E+7,  4.530945E-1
1.344125E+7,  4.845276E-1
1.344750E+7,  5.205688E-1
1.345375E+7,  5.478210E-1
1.346000E+7,  5.674744E-1
1.346625E+7,  5.848999E-1
1.347250E+7,  5.985413E-1
1.347875E+7,  5.979614E-1
1.348500E+7,  5.913391E-1
1.349125E+7,  5.873108E-1
1.349750E+7,  5.863342E-1
1.350375E+7,  5.883789E-1
1.351000E+7,  5.831909E-1
1.351625E+7,  5.819397E-1
1.352250E+7,  5.821533E-1
1.352875E+7,  5.848083E-1
1.353500E+7,  5.900269E-1
1.354125E+7,  5.938721E-1
1.354750E+7,  5.993958E-1
1.355375E+7,  6.026001E-1
1.356000E+7,  6.026611E-1
1.356625E+7,  5.990906E-1
1.357250E+7,  5.905762E-1
1.357875E+7,  5.782166E-1
1.358500E+7,  5.588379E-1
1.359125E+7,  5.340271E-1
1.359750E+7,  5.048828E-1
1.360375E+7,  4.735413E-1
1.361000E+7,  4.412689E-1
1.361625E+7,  4.093781E-1
1.362250E+7,  3.787537E-1
1.362875E+7,  3.498230E-1
1.363500E+7,  3.237000E-1
1.364125E+7,  2.997284E-1
1.364750E+7,  2.769775E-1
1.365375E+7,  2.572784E-1
1.366000E+7,  2.395172E-1
1.366625E+7,  2.243423E-1
1.367250E+7,  2.102127E-1
1.367875E+7,  1.967239E-1
1.368500E+7,  1.851425E-1
1.369125E+7,  1.742554E-1
1.369750E+7,  1.645432E-1
1.370375E+7,  1.559677E-1
1.371000E+7,  1.482239E-1
1.371625E+7,  1.408539E-1
1.372250E+7,  1.346588E-1
1.372875E+7,  1.285934E-1
1.373500E+7,  1.236420E-1
1.374125E+7,  1.185684E-1
1.374750E+7,  1.140518E-1
1.375375E+7,  1.100197E-1
1.376000E+7,  1.064034E-1
1.376625E+7,  1.031723E-1
1.377250E+7,  9.991455E-2
1.377875E+7,  9.732437E-2
1.378500E+7,  9.450531E-2
1.379125E+7,  9.230042E-2
1.379750E+7,  9.003448E-2
1.380375E+7,  8.795929E-2
1.381000E+7,  8.623123E-2
1.381625E+7,  8.468628E-2
1.382250E+7,  8.317566E-2
1.382875E+7,  8.210373E-2
1.383500E+7,  8.099365E-2
1.384125E+7,  8.020401E-2
1.384750E+7,  7.936859E-2
1.385375E+7,  7.881165E-2
1.386000E+7,  7.802963E-2
1.386625E+7,  7.785416E-2
1.387250E+7,  7.798386E-2
1.387875E+7,  7.796478E-2
1.388500E+7,  7.792282E-2
1.389125E+7,  7.878876E-2
1.389750E+7,  7.905579E-2
1.390375E+7,  8.023453E-2
1.391000E+7,  8.138657E-2
1.391625E+7,  8.285904E-2
1.392250E+7,  8.454132E-2
1.392875E+7,  8.694839E-2
1.393500E+7,  8.929443E-2
1.394125E+7,  9.219360E-2
1.394750E+7,  9.579468E-2
1.395375E+7,  1.000519E-1
1.396000E+7,  1.049728E-1
1.396625E+7,  1.110191E-1
1.397250E+7,  1.183434E-1
1.397875E+7,  1.266937E-1
1.398500E+7,  1.369553E-1
1.399125E+7,  1.492767E-1
1.399750E+7,  1.629791E-1
1.400375E+7,  1.778641E-1
1.401000E+7,  1.911697E-1
1.401625E+7,  1.993027E-1
1.402250E+7,  1.975174E-1
1.402875E+7,  1.855087E-1
1.403500E+7,  1.665039E-1
1.404125E+7,  1.450424E-1
1.404750E+7,  1.245461E-1
1.405375E+7,  1.075249E-1
1.406000E+7,  9.260941E-2
1.406625E+7,  8.045578E-2
1.407250E+7,  7.061386E-2
1.407875E+7,  6.266403E-2
1.408500E+7,  5.586052E-2
1.409125E+7,  5.004311E-2
1.409750E+7,  4.512024E-2
1.410375E+7,  4.079247E-2
1.411000E+7,  3.711128E-2
1.411625E+7,  3.392601E-2
1.412250E+7,  3.113842E-2
1.412875E+7,  2.861404E-2
1.413500E+7,  2.642918E-2
1.414125E+7,  2.447605E-2
1.414750E+7,  2.269936E-2
1.415375E+7,  2.116299E-2
1.416000E+7,  1.971817E-2
1.416625E+7,  1.842880E-2
1.417250E+7,  1.721001E-2
1.417875E+7,  1.615238E-2
1.418500E+7,  1.517534E-2
1.419125E+7,  1.430988E-2
1.419750E+7,  1.345158E-2
1.420375E+7,  1.268053E-2
1.421000E+7,  1.196432E-2
1.421625E+7,  1.132965E-2
1.422250E+7,  1.075411E-2
1.422875E+7,  1.018095E-2
1.423500E+7,  9.654522E-3
1.424125E+7,  9.151459E-3
1.424750E+7,  8.698940E-3
1.425375E+7,  8.266449E-3
1.426000E+7,  7.844448E-3
1.426625E+7,  7.513523E-3
1.427250E+7,  7.170200E-3
1.427875E+7,  6.825924E-3
1.428500E+7,  6.529570E-3
1.429125E+7,  6.239176E-3
1.429750E+7,  5.963564E-3
1.430375E+7,  5.679846E-3
1.431000E+7,  5.460024E-3
1.431625E+7,  5.241156E-3
1.432250E+7,  4.994154E-3
1.432875E+7,  4.794121E-3
1.433500E+7,  4.628420E-3
1.434125E+7,  4.419565E-3
1.434750E+7,  4.284859E-3
1.435375E+7,  4.118443E-3
1.436000E+7,  3.913403E-3
1.436625E+7,  3.808737E-3
1.437250E+7,  3.625393E-3
1.437875E+7,  3.517628E-3
1.438500E+7,  3.370166E-3
1.439125E+7,  3.243685E-3
1.439750E+7,  3.130794E-3
1.440375E+7,  3.028035E-3
1.441000E+7,  2.927661E-3
1.441625E+7,  2.807140E-3
1.442250E+7,  2.715349E-3
1.442875E+7,  2.627730E-3
1.443500E+7,  2.520561E-3
1.444125E+7,  2.448082E-3
1.444750E+7,  2.351999E-3
1.445375E+7,  2.277732E-3
1.446000E+7,  2.185225E-3
1.446625E+7,  2.149463E-3
1.447250E+7,  2.046943E-3
1.447875E+7,  1.967907E-3
1.448500E+7,  1.938343E-3
1.449125E+7,  1.882911E-3
1.449750E+7,  1.794219E-3
1.450375E+7,  1.763761E-3
1.451000E+7,  1.677811E-3
1.451625E+7,  1.663327E-3
1.452250E+7,  1.582742E-3
1.452875E+7,  1.545846E-3
1.453500E+7,  1.494288E-3
1.454125E+7,  1.452565E-3
1.454750E+7,  1.429737E-3
1.455375E+7,  1.372397E-3
1.456000E+7,  1.320243E-3
1.456625E+7,  1.298249E-3
1.457250E+7,  1.258254E-3
1.457875E+7,  1.211345E-3
1.458500E+7,  1.169980E-3
1.459125E+7,  1.139462E-3
1.459750E+7,  1.125634E-3
1.460375E+7,  1.076758E-3
1.461000E+7,  1.039624E-3
1.461625E+7,  1.016140E-3
1.462250E+7,  9.883642E-4
1.462875E+7,  9.801984E-4
1.463500E+7,  9.300411E-4
1.464125E+7,  9.222329E-4
1.464750E+7,  8.864701E-4
1.465375E+7,  8.639991E-4
1.466000E+7,  8.430183E-4
1.466625E+7,  8.284152E-4
1.467250E+7,  7.630885E-4
1.467875E+7,  7.762909E-4
1.468500E+7,  7.563531E-4
1.469125E+7,  7.412732E-4
1.469750E+7,  6.971955E-4
1.470375E+7,  6.832182E-4
1.471000E+7,  7.045567E-4
1.471625E+7,  6.537139E-4
1.472250E+7,  6.477535E-4
1.472875E+7,  6.107390E-4
1.473500E+7,  6.100237E-4
1.474125E+7,  5.972981E-4
1.474750E+7,  5.741417E-4
1.475375E+7,  5.669892E-4
1.476000E+7,  5.596578E-4
1.476625E+7,  5.446076E-4
1.477250E+7,  5.308688E-4
1.477875E+7,  5.163848E-4
1.478500E+7,  4.944503E-4
1.479125E+7,  4.871041E-4
1.479750E+7,  4.654676E-4
1.480375E+7,  4.727095E-4
1.481000E+7,  4.292130E-4
1.481625E+7,  4.437715E-4
1.482250E+7,  4.368275E-4
1.482875E+7,  4.369467E-4
1.483500E+7,  4.229248E-4
1.484125E+7,  3.790408E-4
1.484750E+7,  3.934205E-4
1.485375E+7,  4.082620E-4
1.486000E+7,  3.864765E-4
1.486625E+7,  3.356636E-4
1.487250E+7,  3.654808E-4
1.487875E+7,  3.358871E-4
1.488500E+7,  3.354698E-4
1.489125E+7,  3.286004E-4
1.489750E+7,  3.508478E-4
1.490375E+7,  3.362745E-4
1.491000E+7,  3.065467E-4
1.491625E+7,  2.851039E-4
1.492250E+7,  3.000200E-4
1.492875E+7,  2.997518E-4
1.493500E+7,  2.856553E-4
1.494125E+7,  2.715737E-4
1.494750E+7,  2.563745E-4
1.495375E+7,  2.710223E-4
1.496000E+7,  2.568364E-4
1.496625E+7,  2.638996E-4
1.497250E+7,  2.421513E-4
1.497875E+7,  2.420768E-4
1.498500E+7,  2.202317E-4
1.499125E+7,  2.503246E-4
1.499750E+7,  2.432838E-4
1.500375E+7,  2.279803E-4
1.501000E+7,  2.057776E-4
1.501625E+7,  2.205521E-4
1.502250E+7,  2.143085E-4
1.502875E+7,  2.078488E-4
1.503500E+7,  1.844987E-4
1.504125E+7,  2.015382E-4
1.504750E+7,  1.701415E-4
1.505375E+7,  1.851693E-4
1.506000E+7,  1.848489E-4
1.506625E+7,  1.792088E-4
1.507250E+7,  1.932383E-4
1.507875E+7,  1.711771E-4
1.508500E+7,  1.622587E-4
1.509125E+7,  1.497641E-4
1.509750E+7,  1.562834E-4
1.510375E+7,  1.784787E-4
1.511000E+7,  1.624450E-4
1.511625E+7,  1.624525E-4
1.512250E+7,  1.351312E-4
1.512875E+7,  1.567006E-4
1.513500E+7,  1.553074E-4
1.514125E+7,  1.192950E-4
1.514750E+7,  1.325086E-4
1.515375E+7,  1.403838E-4
1.516000E+7,  1.280010E-4
1.516625E+7,  1.405701E-4
1.517250E+7,  1.038499E-4
1.517875E+7,  1.403466E-4
1.518500E+7,  1.369640E-4
1.519125E+7,  1.263618E-4
1.519750E+7,  1.109093E-4
1.520375E+7,  1.413375E-4
1.521000E+7,  9.809062E-5
1.521625E+7,  1.129396E-4
1.522250E+7,  1.056939E-4
1.522875E+7,  1.353994E-4
1.523500E+7,  1.044944E-4
1.524125E+7,  1.223385E-4
1.524750E+7,  8.267537E-5
1.525375E+7,  9.806827E-5
1.526000E+7,  1.049973E-4
1.526625E+7,  1.139380E-4
1.527250E+7,  9.098649E-5
1.527875E+7,  6.857514E-5
1.528500E+7,  7.656962E-5
1.529125E+7,  1.077168E-4
1.529750E+7,  8.009747E-5
1.530375E+7,  8.248538E-5
1.531000E+7,  8.506700E-5
1.531625E+7,  9.208918E-5
1.532250E+7,  7.658079E-5
1.532875E+7,  7.646158E-5
1.533500E+7,  9.335205E-5
1.534125E+7,  8.806959E-5
1.534750E+7,  6.345287E-5
1.535375E+7,  8.686632E-5
1.536000E+7,  5.576573E-5
1.536625E+7,  8.418411E-5
1.537250E+7,  9.136274E-5
1.537875E+7,  7.642433E-5
1.538500E+7,  7.041916E-5
1.539125E+7,  6.073900E-5
1.539750E+7,  8.541718E-5
1.540375E+7,  7.151440E-5
1.541000E+7,  4.956126E-5
1.541625E+7,  7.299334E-5
1.542250E+7,  4.408509E-5
1.542875E+7,  6.322935E-5
1.543500E+7,  7.872283E-5
1.544125E+7,  7.690117E-5
1.544750E+7,  6.547570E-5
1.545375E+7,  2.749544E-5
1.546000E+7,  4.432723E-5
1.546625E+7,  3.357604E-5
1.547250E+7,  3.488548E-5
1.547875E+7,  8.096546E-5
1.548500E+7,  5.058758E-5
1.549125E+7,  7.387623E-5
1.549750E+7,  6.328151E-5
1.550375E+7,  2.027489E-5
1.551000E+7,  5.025044E-5
1.551625E+7,  4.381873E-5
1.552250E+7,  4.455447E-5
1.552875E+7,  4.302524E-5
1.553500E+7,  5.784072E-5
1.554125E+7,  6.286800E-5
1.554750E+7,  7.111579E-5
1.555375E+7,  2.215616E-5
1.556000E+7,  8.418411E-5
1.556625E+7,  5.218573E-5
1.557250E+7,  4.830770E-5
1.557875E+7,  5.618297E-5
1.558500E+7,  4.900247E-5
1.559125E+7,  3.766827E-5
1.559750E+7,  1.619849E-5
1.560375E+7,  4.974753E-5
1.561000E+7,  3.623404E-5
1.561625E+7,  2.751127E-5
1.562250E+7,  5.409494E-5
1.562875E+7,  3.375299E-5
1.563500E+7,  2.139993E-5
1.564125E+7,  3.328733E-5
1.564750E+7,  1.586229E-5
1.565375E+7,  3.866293E-5
1.566000E+7,  3.612600E-5
1.566625E+7,  2.588332E-5
1.567250E+7,  3.079325E-5
1.567875E+7,  2.991036E-5
1.568500E+7,  8.553732E-6
1.569125E+7,  1.913588E-5
1.569750E+7,  3.818655E-6
1.570375E+7,  5.343556E-5
1.571000E+7,  3.811903E-5
1.571625E+7,  3.059208E-5
1.572250E+7,  4.256144E-5
1.572875E+7,  1.568906E-5
1.573500E+7,  6.385221E-10
1.574125E+7,  4.412234E-5
1.574750E+7,  2.397224E-5
1.575375E+7,  3.389269E-5
1.576000E+7,  1.070136E-5
1.576625E+7,  3.795372E-6
1.577250E+7,  2.305675E-5
1.577875E+7,  2.308283E-5
1.578500E+7,  3.960356E-5
1.579125E+7,  2.274197E-5
1.579750E+7,  1.692679E-5
1.580375E+7,  7.562805E-6
1.581000E+7,  2.536830E-5
1.581625E+7,  2.416130E-5
1.582250E+7,  2.385210E-5
1.582875E+7,  3.031734E-5
1.583500E+7,  6.342873E-10
1.584125E+7,  3.845245E-5
1.584750E+7,  1.685973E-5
1.585375E+7,  2.258923E-5
1.586000E+7,  1.128996E-5
1.586625E+7,  1.682714E-5
1.587250E+7,  2.027024E-5
1.587875E+7,  1.505576E-5
1.588500E+7,  1.879036E-5
1.589125E+7,  1.681596E-5
1.589750E+7,  2.518110E-5
1.590375E+7,  2.705678E-5
1.591000E+7,  7.516006E-6
1.591625E+7,  1.500687E-5
1.592250E+7,  2.401508E-5
1.592875E+7,  3.747526E-6
1.593500E+7,  2.624840E-5
1.594125E+7,  1.872517E-5
1.594750E+7,  1.673028E-5
1.595375E+7,  1.349393E-5
1.596000E+7,  1.673214E-5
1.596625E+7,  1.123315E-5
1.597250E+7,  2.368446E-5
1.597875E+7,  1.351302E-5
1.598500E+7,  1.544505E-5
1.599125E+7,  1.542922E-5
1.599750E+7,  8.360948E-6
1.600375E+7,  8.392707E-5
1.601000E+7,  1.279041E-4
1.601625E+7,  1.952574E-4
1.602250E+7,  6.266311E-5
1.602875E+7,  4.108995E-5
1.603500E+7,  1.264885E-4
1.604125E+7,  5.738623E-5
1.604750E+7,  1.571849E-4
1.605375E+7,  2.840459E-4
1.606000E+7,  9.892508E-5
1.606625E+7,  1.534075E-4
1.607250E+7,  8.533522E-5
1.607875E+7,  5.739741E-6
1.608500E+7,  5.916506E-5
1.609125E+7,  1.399294E-4
1.609750E+7,  5.856156E-5
1.610375E+7,  2.211407E-4
1.611000E+7,  8.989871E-5
1.611625E+7,  5.804747E-5
1.612250E+7,  1.680106E-4
1.612875E+7,  6.819889E-5
1.613500E+7,  5.919486E-5
1.614125E+7,  3.211387E-5
1.614750E+7,  1.107492E-4
1.615375E+7,  5.569495E-5
1.616000E+7,  5.292520E-5
1.616625E+7,  5.921163E-5
1.617250E+7,  8.482859E-5
1.617875E+7,  6.681681E-5
1.618500E+7,  3.347360E-5
1.619125E+7,  1.746695E-5
1.619750E+7,  2.366770E-5
1.620375E+7,  9.016693E-5
1.621000E+7,  1.930669E-4
1.621625E+7,  2.455246E-5
1.622250E+7,  5.921908E-5
1.622875E+7,  1.254305E-4
1.623500E+7,  8.504838E-5
1.624125E+7,  5.575269E-5
1.624750E+7,  7.738546E-5
1.625375E+7,  1.177862E-4
1.626000E+7,  1.034178E-4
1.626625E+7,  6.551668E-5
1.627250E+7,  1.402721E-4
1.627875E+7,  6.602332E-5
1.628500E+7,  2.872385E-5
1.629125E+7,  5.519949E-5
1.629750E+7,  1.320988E-4
1.630375E+7,  5.771220E-5
1.631000E+7,  4.677288E-5
1.631625E+7,  7.177889E-5
1.632250E+7,  3.363751E-5
1.632875E+7,  7.263944E-5
1.633500E+7,  5.681254E-5
1.634125E+7,  9.283423E-5
1.634750E+7,  4.372559E-5
1.635375E+7,  5.777553E-5
1.636000E+7,  6.549060E-5
1.636625E+7,  2.470613E-4
1.637250E+7,  1.280978E-4
1.637875E+7,  8.282438E-5
1.638500E+7,  8.270144E-5
1.639125E+7,  6.635487E-5
1.639750E+7,  7.070974E-5
1.640375E+7,  4.187040E-5
1.641000E+7,  4.501455E-5
1.641625E+7,  4.114397E-5
1.642250E+7,  7.018447E-5
1.642875E+7,  1.272857E-4
1.643500E+7,  7.490441E-5
1.644125E+7,  5.459413E-5
1.644750E+7,  5.786121E-5
1.645375E+7,  2.093241E-5
1.646000E+7,  6.215647E-5
1.646625E+7,  5.671941E-5
1.647250E+7,  9.796023E-5
1.647875E+7,  4.379638E-5
1.648500E+7,  1.000799E-4
1.649125E+7,  2.371892E-5
1.649750E+7,  3.253669E-5
1.650375E+7,  6.566569E-5
1.651000E+7,  5.283952E-5
1.651625E+7,  1.020804E-4
1.652250E+7,  4.492886E-5
1.652875E+7,  8.563697E-5
1.653500E+7,  6.290153E-5
1.654125E+7,  1.013763E-4
1.654750E+7,  3.369525E-5
1.655375E+7,  3.864057E-5
1.656000E+7,  3.913045E-5
1.656625E+7,  8.813664E-5
1.657250E+7,  1.412258E-4
1.657875E+7,  1.243800E-4
1.658500E+7,  4.753657E-5
1.659125E+7,  7.841736E-5
1.659750E+7,  5.503558E-5
1.660375E+7,  4.387274E-5
1.661000E+7,  2.076104E-5
1.661625E+7,  1.314282E-4
1.662250E+7,  2.864450E-4
1.662875E+7,  1.033135E-4
1.663500E+7,  9.354949E-5
1.664125E+7,  8.156896E-5
1.664750E+7,  2.251863E-4
1.665375E+7,  1.332462E-4
1.666000E+7,  1.469329E-4
1.666625E+7,  1.188647E-5
1.667250E+7,  9.510666E-5
1.667875E+7,  6.805733E-5
1.668500E+7,  9.809807E-5
1.669125E+7,  9.578466E-5
1.669750E+7,  2.253056E-5
1.670375E+7,  6.027147E-5
1.671000E+7,  1.144037E-4
1.671625E+7,  6.932020E-5
1.672250E+7,  1.045354E-4
1.672875E+7,  5.427934E-5
1.673500E+7,  1.386106E-4
1.674125E+7,  5.199388E-5
1.674750E+7,  8.168165E-6
1.675375E+7,  3.229640E-5
1.676000E+7,  9.812415E-5
1.676625E+7,  9.043887E-5
1.677250E+7,  1.109987E-4
1.677875E+7,  4.507415E-5
1.678500E+7,  5.327351E-5
1.679125E+7,  3.368035E-5
1.679750E+7,  5.890988E-5
1.680375E+7,  3.479235E-5
1.681000E+7,  3.524870E-5
1.681625E+7,  7.243827E-5
1.682250E+7,  5.306862E-5
1.682875E+7,  1.112297E-4
1.683500E+7,  5.777925E-6
1.684125E+7,  7.581711E-5
1.684750E+7,  3.016554E-5
1.685375E+7,  4.138611E-5
1.686000E+7,  5.329587E-5
1.686625E+7,  6.820634E-5
1.687250E+7,  5.052239E-5
1.687875E+7,  1.455769E-4
1.688500E+7,  6.589293E-5
1.689125E+7,  3.467873E-5
1.689750E+7,  6.230548E-5
1.690375E+7,  2.455246E-5
1.691000E+7,  7.899478E-5
1.691625E+7,  7.412955E-5
1.692250E+7,  1.699999E-4
1.692875E+7,  1.558363E-4
1.693500E+7,  1.095757E-4
1.694125E+7,  4.050136E-5
1.694750E+7,  3.375486E-5
1.695375E+7,  4.676543E-5
1.696000E+7,  9.262189E-5
1.696625E+7,  3.021676E-5
1.697250E+7,  9.430200E-5
1.697875E+7,  2.470464E-4
1.698500E+7,  1.101010E-4
1.699125E+7,  1.125000E-4
1.699750E+7,  3.487244E-5
1.700375E+7,  3.662333E-5
1.701000E+7,  3.079325E-5
1.701625E+7,  1.229420E-4
1.702250E+7,  4.497916E-5
1.702875E+7,  7.804111E-5
1.703500E+7,  9.345636E-5
1.704125E+7,  5.716830E-5
1.704750E+7,  7.176027E-5
1.705375E+7,  5.468540E-5
1.706000E+7,  6.917119E-5
1.706625E+7,  1.949072E-4
1.707250E+7,  1.296774E-4
1.707875E+7,  9.223074E-5
1.708500E+7,  9.483472E-5
1.709125E+7,  8.248910E-5
1.709750E+7,  3.529340E-5
1.710375E+7,  1.764111E-5
1.711000E+7,  4.957430E-5
1.711625E+7,  4.681386E-5
1.712250E+7,  5.603954E-5
1.712875E+7,  1.005754E-4
1.713500E+7,  2.899487E-5
1.714125E+7,  1.297565E-5
1.714750E+7,  3.124587E-5
1.715375E+7,  4.420243E-5
1.716000E+7,  2.092961E-5
1.716625E+7,  7.637218E-5
1.717250E+7,  3.528409E-5
1.717875E+7,  2.917089E-5
1.718500E+7,  7.088482E-5
1.719125E+7,  4.224479E-5
1.719750E+7,  2.860930E-5
1.720375E+7,  3.618598E-4
1.721000E+7,  1.767185E-5
1.721625E+7,  6.801262E-5
1.722250E+7,  9.744242E-5
1.722875E+7,  9.189546E-5
1.723500E+7,  4.161149E-5
1.724125E+7,  7.669628E-5
1.724750E+7,  2.962071E-5
1.725375E+7,  3.673881E-5
1.726000E+7,  4.512817E-5
1.726625E+7,  5.932152E-5
1.727250E+7,  7.829070E-5
1.727875E+7,  9.193644E-5
1.728500E+7,  1.352429E-4
1.729125E+7,  6.980821E-5
1.729750E+7,  4.193187E-5
1.730375E+7,  5.489215E-5
1.731000E+7,  1.645181E-5
1.731625E+7,  2.967753E-5
1.732250E+7,  1.108833E-4
1.732875E+7,  1.142584E-4
1.733500E+7,  8.748099E-5
1.734125E+7,  7.834285E-5
1.734750E+7,  2.448559E-4
1.735375E+7,  8.227769E-6
1.736000E+7,  1.140609E-4
1.736625E+7,  1.891404E-4
1.737250E+7,  6.631389E-5
1.737875E+7,  7.279590E-5
1.738500E+7,  8.090213E-5
1.739125E+7,  1.131035E-4
1.739750E+7,  1.205951E-4
1.740375E+7,  7.227808E-5
1.741000E+7,  4.549138E-5
1.741625E+7,  1.084283E-4
1.742250E+7,  4.118495E-5
1.742875E+7,  6.434321E-5
1.743500E+7,  8.875132E-5
1.744125E+7,  1.071505E-4
1.744750E+7,  1.465529E-4
1.745375E+7,  2.441704E-4
1.746000E+7,  4.438125E-5
1.746625E+7,  8.081272E-5
1.747250E+7,  6.438419E-5
1.747875E+7,  8.343533E-5
1.748500E+7,  1.512021E-4
1.749125E+7,  6.235018E-5
1.749750E+7,  8.250773E-5
1.750375E+7,  1.649559E-5
1.751000E+7,  3.687851E-5
1.751625E+7,  1.373217E-4
1.752250E+7,  4.784390E-5
1.752875E+7,  5.534478E-5
1.753500E+7,  4.212745E-5
1.754125E+7,  1.167599E-5
1.754750E+7,  4.708953E-5
1.755375E+7,  2.691336E-5
1.756000E+7,  7.223338E-5
1.756625E+7,  1.303619E-5
1.757250E+7,  5.753711E-5
1.757875E+7,  5.832128E-5
1.758500E+7,  1.151860E-4
1.759125E+7,  4.708022E-5
1.759750E+7,  3.405660E-5
1.760375E+7,  1.181439E-4
1.761000E+7,  6.526336E-5
1.761625E+7,  9.945035E-5
1.762250E+7,  5.380623E-5
1.762875E+7,  1.018196E-4
1.763500E+7,  2.280623E-5
1.764125E+7,  6.293133E-5
1.764750E+7,  7.616356E-5
1.765375E+7,  5.259737E-5
1.766000E+7,  8.263160E-6
1.766625E+7,  5.854107E-5
1.767250E+7,  8.252263E-5
1.767875E+7,  4.136935E-5
1.768500E+7,  9.644032E-5
1.769125E+7,  1.176894E-4
1.769750E+7,  2.377257E-4
1.770375E+7,  1.037233E-4
1.771000E+7,  3.555790E-5
1.771625E+7,  1.475736E-4
1.772250E+7,  8.085370E-5
1.772875E+7,  1.753680E-5
1.773500E+7,  1.146570E-4
1.774125E+7,  1.298338E-4
1.774750E+7,  1.461152E-5
1.775375E+7,  1.462642E-5
1.776000E+7,  5.338527E-5
1.776625E+7,  9.528548E-5
1.777250E+7,  1.703426E-4
1.777875E+7,  7.725134E-5
1.778500E+7,  5.551800E-5
1.779125E+7,  5.852431E-5
1.779750E+7,  9.170920E-5
1.780375E+7,  3.560446E-5
1.781000E+7,  4.348345E-5
1.781625E+7,  1.239926E-4
1.782250E+7,  4.063733E-5
1.782875E+7,  4.568510E-5
1.783500E+7,  6.175786E-5
1.784125E+7,  2.987124E-5
1.784750E+7,  6.686896E-5
1.785375E+7,  6.959215E-5
1.786000E+7,  3.929064E-5
1.786625E+7,  1.312494E-4
1.787250E+7,  6.827712E-5
1.787875E+7,  5.856622E-6
1.788500E+7,  6.228313E-5
1.789125E+7,  9.532273E-5
1.789750E+7,  1.311535E-5
1.790375E+7,  4.835986E-5
1.791000E+7,  5.976483E-5
1.791625E+7,  7.514283E-5
1.792250E+7,  4.575960E-5
1.792875E+7,  9.113550E-5
1.793500E+7,  3.416464E-5
1.794125E+7,  2.933759E-5
1.794750E+7,  8.874014E-5
1.795375E+7,  1.209415E-5
1.796000E+7,  3.990158E-5
1.796625E+7,  9.104237E-5
1.797250E+7,  3.936701E-5
1.797875E+7,  4.438497E-5
1.798500E+7,  8.967146E-5
1.799125E+7,  1.784414E-5
1.799750E+7,  2.292171E-5
1.800375E+7,  7.069111E-5
1.801000E+7,  7.901713E-5
1.801625E+7,  1.585931E-4
1.802250E+7,  4.201196E-5
1.802875E+7,  5.535409E-5
1.803500E+7,  8.239597E-5
1.804125E+7,  1.062527E-4
1.804750E+7,  1.187511E-4
1.805375E+7,  1.312466E-5
1.806000E+7,  8.537620E-5
1.806625E+7,  1.139715E-4
1.807250E+7,  4.939693E-10
1.807875E+7,  7.098541E-5
1.808500E+7,  6.042421E-5
1.809125E+7,  2.119131E-5
1.809750E+7,  1.294166E-4
1.810375E+7,  5.290844E-5
1.811000E+7,  8.162111E-5
1.811625E+7,  1.235530E-4
1.812250E+7,  5.640090E-5
1.812875E+7,  1.223981E-4
1.813500E+7,  8.453429E-5
1.814125E+7,  4.590675E-5
1.814750E+7,  7.693097E-5
1.815375E+7,  9.775907E-5
1.816000E+7,  7.366762E-5
1.816625E+7,  6.570667E-5
1.817250E+7,  1.354292E-4
1.817875E+7,  5.413592E-5
1.818500E+7,  8.302275E-6
1.819125E+7,  4.985929E-5
1.819750E+7,  3.288127E-5
1.820375E+7,  7.784367E-5
1.821000E+7,  3.069825E-5
1.821625E+7,  8.815154E-5
1.822250E+7,  8.823350E-5
1.822875E+7,  3.722496E-5
1.823500E+7,  9.080768E-5
1.824125E+7,  1.315307E-5
1.824750E+7,  6.576255E-5
1.825375E+7,  2.940837E-5
1.826000E+7,  3.430992E-5
1.826625E+7,  8.115917E-5
1.827250E+7,  1.413077E-4
1.827875E+7,  2.370682E-5
1.828500E+7,  2.713408E-5
1.829125E+7,  9.304658E-5
1.829750E+7,  8.003041E-5
1.830375E+7,  3.000908E-5
1.831000E+7,  8.324534E-5
1.831625E+7,  9.617954E-5
1.832250E+7,  5.624071E-5
1.832875E+7,  1.422912E-4
1.833500E+7,  4.004128E-5
1.834125E+7,  8.177385E-5
1.834750E+7,  7.186085E-5
1.835375E+7,  2.634153E-5
1.836000E+7,  2.123974E-5
1.836625E+7,  1.028068E-4
1.837250E+7,  7.380918E-5
1.837875E+7,  5.593523E-5
1.838500E+7,  7.861480E-5
1.839125E+7,  1.375377E-4
1.839750E+7,  7.126108E-5
1.840375E+7,  7.378682E-5
1.841000E+7,  1.087375E-4
1.841625E+7,  3.295392E-5
1.842250E+7,  6.193295E-5
1.842875E+7,  6.222725E-5
1.843500E+7,  8.764118E-5
1.844125E+7,  5.872175E-5
1.844750E+7,  4.168227E-5
1.845375E+7,  1.175143E-4
1.846000E+7,  1.003891E-4
1.846625E+7,  2.517737E-5
1.847250E+7,  8.844584E-5
1.847875E+7,  3.730133E-5
1.848500E+7,  1.213476E-4
1.849125E+7,  2.639089E-5
1.849750E+7,  5.661324E-5
1.850375E+7,  9.222329E-5
1.851000E+7,  6.882474E-5
1.851625E+7,  5.038641E-5
1.852250E+7,  6.883219E-5
1.852875E+7,  2.782326E-5
1.853500E+7,  8.856878E-5
1.854125E+7,  6.727874E-5
1.854750E+7,  1.146197E-4
1.855375E+7,  5.322509E-5
1.856000E+7,  9.668618E-5