SAVED BY: 
TITLE: 
COMMENTS: 
DATE: 10/27/2020
TIME: 1:21 PM

STIMULUS, RESPONSE

8.560000E+6,  1.610890E-4
8.566250E+6,  1.688898E-4
8.572500E+6,  1.611039E-4
8.578750E+6,  1.391098E-4
8.585000E+6,  1.713112E-4
8.591250E+6,  1.363456E-4
8.597500E+6,  1.391470E-4
8.603750E+6,  1.615584E-4
8.610000E+6,  1.576915E-4
8.616250E+6,  1.368970E-4
8.622500E+6,  1.659095E-4
8.628750E+6,  1.588315E-4
8.635000E+6,  1.684055E-4
8.641250E+6,  1.612008E-4
8.647500E+6,  1.463741E-4
8.653750E+6,  1.444668E-4
8.660000E+6,  1.762509E-4
8.666250E+6,  1.590028E-4
8.672500E+6,  1.561940E-4
8.678750E+6,  1.462549E-4
8.685000E+6,  1.485422E-4
8.691250E+6,  1.544431E-4
8.697500E+6,  1.577884E-4
8.703750E+6,  1.444891E-4
8.710000E+6,  1.514181E-4
8.716250E+6,  1.687631E-4
8.722500E+6,  1.664758E-4
8.728750E+6,  1.742393E-4
8.735000E+6,  1.613647E-4
8.741250E+6,  1.737624E-4
8.747500E+6,  1.387745E-4
8.753750E+6,  1.415163E-4
8.760000E+6,  1.736209E-4
8.766250E+6,  1.635700E-4
8.772500E+6,  1.840666E-4
8.778750E+6,  1.688302E-4
8.785000E+6,  1.784265E-4
8.791250E+6,  1.645386E-4
8.797500E+6,  1.437441E-4
8.803750E+6,  1.467913E-4
8.810000E+6,  1.736507E-4
8.816250E+6,  1.715049E-4
8.822500E+6,  1.642704E-4
8.828750E+6,  1.811758E-4
8.835000E+6,  1.637861E-4
8.841250E+6,  1.787618E-4
8.847500E+6,  1.589730E-4
8.853750E+6,  1.812354E-4
8.860000E+6,  1.599491E-4
8.866250E+6,  1.809523E-4
8.872500E+6,  1.786351E-4
8.878750E+6,  1.760200E-4
8.885000E+6,  1.761317E-4
8.891250E+6,  1.742095E-4
8.897500E+6,  1.787171E-4
8.903750E+6,  1.538619E-4
8.910000E+6,  1.737475E-4
8.916250E+6,  1.934767E-4
8.922500E+6,  1.787469E-4
8.928750E+6,  1.810938E-4
8.935000E+6,  1.743883E-4
8.941250E+6,  1.870915E-4
8.947500E+6,  1.717061E-4
8.953750E+6,  1.861826E-4
8.960000E+6,  1.716539E-4
8.966250E+6,  1.909807E-4
8.972500E+6,  1.742989E-4
8.978750E+6,  1.858324E-4
8.985000E+6,  1.612902E-4
8.991250E+6,  1.738593E-4
8.997500E+6,  1.908466E-4
9.003750E+6,  1.860783E-4
9.010000E+6,  1.761615E-4
9.016250E+6,  1.784638E-4
9.022500E+6,  1.743063E-4
9.028750E+6,  1.674965E-4
9.035000E+6,  1.814961E-4
9.041250E+6,  1.815185E-4
9.047500E+6,  1.686886E-4
9.053750E+6,  1.797751E-4
9.060000E+6,  1.834184E-4
9.066250E+6,  1.762882E-4
9.072500E+6,  1.810044E-4
9.078750E+6,  1.869947E-4
9.085000E+6,  1.754165E-4
9.091250E+6,  1.872107E-4
9.097500E+6,  1.910701E-4
9.103750E+6,  1.987591E-4
9.110000E+6,  1.739040E-4
9.116250E+6,  1.798272E-4
9.122500E+6,  1.914874E-4
9.128750E+6,  1.986846E-4
9.135000E+6,  1.744032E-4
9.141250E+6,  1.727268E-4
9.147500E+6,  1.914576E-4
9.153750E+6,  1.961067E-4
9.160000E+6,  1.821890E-4
9.166250E+6,  1.644716E-4
9.172500E+6,  1.827404E-4
9.178750E+6,  2.023205E-4
9.185000E+6,  1.771525E-4
9.191250E+6,  1.817122E-4
9.197500E+6,  2.043620E-4
9.203750E+6,  1.814589E-4
9.210000E+6,  1.956597E-4
9.216250E+6,  1.799241E-4
9.222500E+6,  1.772493E-4
9.228750E+6,  1.925975E-4
9.235000E+6,  2.013817E-4
9.241250E+6,  2.115443E-4
9.247500E+6,  1.900941E-4
9.253750E+6,  2.026111E-4
9.260000E+6,  1.841411E-4
9.266250E+6,  2.039149E-4
9.272500E+6,  1.816675E-4
9.278750E+6,  2.039671E-4
9.285000E+6,  1.945645E-4
9.291250E+6,  2.165884E-4
9.297500E+6,  1.694337E-4
9.303750E+6,  2.074167E-4
9.310000E+6,  1.929626E-4
9.316250E+6,  2.116337E-4
9.322500E+6,  1.830682E-4
9.328750E+6,  1.973286E-4
9.335000E+6,  1.944155E-4
9.341250E+6,  2.020672E-4
9.347500E+6,  2.014786E-4
9.353750E+6,  2.119467E-4
9.360000E+6,  2.017170E-4
9.366250E+6,  2.112910E-4
9.372500E+6,  2.086312E-4
9.378750E+6,  2.282485E-4
9.385000E+6,  1.930594E-4
9.391250E+6,  2.282336E-4
9.397500E+6,  2.029687E-4
9.403750E+6,  2.015308E-4
9.410000E+6,  2.090260E-4
9.416250E+6,  2.068579E-4
9.422500E+6,  2.043098E-4
9.428750E+6,  2.101436E-4
9.435000E+6,  1.904070E-4
9.441250E+6,  2.074912E-4
9.447500E+6,  2.002940E-4
9.453750E+6,  1.973286E-4
9.460000E+6,  1.922175E-4
9.466250E+6,  2.002865E-4
9.472500E+6,  2.128035E-4
9.478750E+6,  2.228245E-4
9.485000E+6,  2.087355E-4
9.491250E+6,  2.198964E-4
9.497500E+6,  2.042204E-4
9.503750E+6,  2.210587E-4
9.510000E+6,  2.085343E-4
9.516250E+6,  1.949519E-4
9.522500E+6,  2.274588E-4
9.528750E+6,  2.170950E-4
9.535000E+6,  2.162158E-4
9.541250E+6,  2.230033E-4
9.547500E+6,  2.018809E-4
9.553750E+6,  2.130643E-4
9.560000E+6,  2.046153E-4
9.566250E+6,  2.243370E-4
9.572500E+6,  2.133250E-4
9.578750E+6,  2.045482E-4
9.585000E+6,  2.044663E-4
9.591250E+6,  2.384558E-4
9.597500E+6,  2.326816E-4
9.603750E+6,  2.169013E-4
9.610000E+6,  2.384558E-4
9.616250E+6,  2.369285E-4
9.622500E+6,  2.346933E-4
9.628750E+6,  2.083033E-4
9.635000E+6,  2.087429E-4
9.641250E+6,  2.229065E-4
9.647500E+6,  2.281293E-4
9.653750E+6,  2.130494E-4
9.660000E+6,  2.358258E-4
9.666250E+6,  2.359003E-4
9.672500E+6,  2.469122E-4
9.678750E+6,  2.441108E-4
9.685000E+6,  2.291426E-4
9.691250E+6,  2.313778E-4
9.697500E+6,  2.358183E-4
9.703750E+6,  2.466142E-4
9.710000E+6,  2.105832E-4
9.716250E+6,  2.233312E-4
9.722500E+6,  2.360418E-4
9.728750E+6,  2.501607E-4
9.735000E+6,  2.415925E-4
9.741250E+6,  2.432764E-4
9.747500E+6,  2.303421E-4
9.753750E+6,  2.369136E-4
9.760000E+6,  2.372563E-4
9.766250E+6,  2.380535E-4
9.772500E+6,  2.470165E-4
9.778750E+6,  2.449900E-4
9.785000E+6,  2.661645E-4
9.791250E+6,  2.430305E-4
9.797500E+6,  2.403706E-4
9.803750E+6,  2.323091E-4
9.810000E+6,  2.207235E-4
9.816250E+6,  2.570301E-4
9.822500E+6,  2.437010E-4
9.828750E+6,  2.451241E-4
9.835000E+6,  2.599806E-4
9.841250E+6,  2.434328E-4
9.847500E+6,  2.379566E-4
9.853750E+6,  2.589375E-4
9.860000E+6,  2.393499E-4
9.866250E+6,  2.451688E-4
9.872500E+6,  2.564192E-4
9.878750E+6,  2.580285E-4
9.885000E+6,  2.379417E-4
9.891250E+6,  2.598912E-4
9.897500E+6,  2.542734E-4
9.903750E+6,  2.796948E-4
9.910000E+6,  2.502203E-4
9.916250E+6,  2.551973E-4
9.922500E+6,  2.568960E-4
9.928750E+6,  2.723634E-4
9.935000E+6,  2.413616E-4
9.941250E+6,  2.754480E-4
9.947500E+6,  2.601445E-4
9.953750E+6,  2.820343E-4
9.960000E+6,  2.474487E-4
9.966250E+6,  2.601594E-4
9.972500E+6,  2.468079E-4
9.978750E+6,  2.571791E-4
9.985000E+6,  2.504587E-4
9.991250E+6,  2.641976E-4
9.997500E+6,  2.600551E-4
1.000375E+7,  2.541244E-4
1.001000E+7,  2.606958E-4
1.001625E+7,  2.699047E-4
1.002250E+7,  2.500117E-4
1.002875E+7,  2.663136E-4
1.003500E+7,  2.630204E-4
1.004125E+7,  2.954751E-4
1.004750E+7,  2.632290E-4
1.005375E+7,  2.758950E-4
1.006000E+7,  2.692789E-4
1.006625E+7,  2.695322E-4
1.007250E+7,  2.723634E-4
1.007875E+7,  2.825409E-4
1.008500E+7,  2.859384E-4
1.009125E+7,  2.952665E-4
1.009750E+7,  2.756715E-4
1.010375E+7,  2.820045E-4
1.011000E+7,  2.695620E-4
1.011625E+7,  2.885759E-4
1.012250E+7,  3.078431E-4
1.012875E+7,  2.858639E-4
1.013500E+7,  2.771169E-4
1.014125E+7,  2.792478E-4
1.014750E+7,  2.947748E-4
1.015375E+7,  2.762228E-4
1.016000E+7,  2.919137E-4
1.016625E+7,  3.011674E-4
1.017250E+7,  2.758950E-4
1.017875E+7,  2.925843E-4
1.018500E+7,  2.918094E-4
1.019125E+7,  2.992153E-4
1.019750E+7,  2.883971E-4
1.020375E+7,  3.059953E-4
1.021000E+7,  2.918988E-4
1.021625E+7,  3.046989E-4
1.022250E+7,  2.979934E-4
1.022875E+7,  2.896488E-4
1.023500E+7,  2.798587E-4
1.024125E+7,  3.110915E-4
1.024750E+7,  2.856255E-4
1.025375E+7,  2.800375E-4
1.026000E+7,  3.052652E-4
1.026625E+7,  2.989322E-4
1.027250E+7,  3.016442E-4
1.027875E+7,  3.178269E-4
1.028500E+7,  3.145486E-4
1.029125E+7,  3.146529E-4
1.029750E+7,  3.080964E-4
1.030375E+7,  3.018975E-4
1.031000E+7,  3.142804E-4
1.031625E+7,  3.173798E-4
1.032250E+7,  2.955645E-4
1.032875E+7,  3.140867E-4
1.033500E+7,  3.017783E-4
1.034125E+7,  2.985746E-4
1.034750E+7,  2.983361E-4
1.035375E+7,  3.337413E-4
1.036000E+7,  3.113449E-4
1.036625E+7,  2.921671E-4
1.037250E+7,  3.078878E-4
1.037875E+7,  3.248006E-4
1.038500E+7,  2.864599E-4
1.039125E+7,  3.399402E-4
1.039750E+7,  2.989024E-4
1.040375E+7,  3.083348E-4
1.041000E+7,  3.337413E-4
1.041625E+7,  3.242195E-4
1.042250E+7,  3.208965E-4
1.042875E+7,  3.081858E-4
1.043500E+7,  3.121346E-4
1.044125E+7,  3.400147E-4
1.044750E+7,  3.593266E-4
1.045375E+7,  3.401935E-4
1.046000E+7,  3.154129E-4
1.046625E+7,  3.435463E-4
1.047250E+7,  3.405213E-4
1.047875E+7,  3.244281E-4
1.048500E+7,  3.564656E-4
1.049125E+7,  3.371388E-4
1.049750E+7,  3.183782E-4
1.050375E+7,  3.415346E-4
1.051000E+7,  3.406852E-4
1.051625E+7,  3.561974E-4
1.052250E+7,  3.282130E-4
1.052875E+7,  3.407300E-4
1.053500E+7,  3.284961E-4
1.054125E+7,  3.564209E-4
1.054750E+7,  3.499240E-4
1.055375E+7,  3.592819E-4
1.056000E+7,  3.661215E-4
1.056625E+7,  3.670007E-4
1.057250E+7,  3.693551E-4
1.057875E+7,  3.542602E-4
1.058500E+7,  3.418922E-4
1.059125E+7,  3.472865E-4
1.059750E+7,  3.562868E-4
1.060375E+7,  3.569275E-4
1.061000E+7,  3.403425E-4
1.061625E+7,  3.757775E-4
1.062250E+7,  3.595203E-4
1.062875E+7,  3.633350E-4
1.063500E+7,  3.623664E-4
1.064125E+7,  3.713965E-4
1.064750E+7,  3.701597E-4
1.065375E+7,  3.852397E-4
1.066000E+7,  3.605932E-4
1.066625E+7,  3.639758E-4
1.067250E+7,  3.794432E-4
1.067875E+7,  3.618449E-4
1.068500E+7,  3.764331E-4
1.069125E+7,  3.796667E-4
1.069750E+7,  3.836155E-4
1.070375E+7,  3.890246E-4
1.071000E+7,  3.642887E-4
1.071625E+7,  3.741533E-4
1.072250E+7,  3.732443E-4
1.072875E+7,  3.826916E-4
1.073500E+7,  3.965497E-4
1.074125E+7,  3.793538E-4
1.074750E+7,  3.824830E-4
1.075375E+7,  4.018396E-4
1.076000E+7,  3.920346E-4
1.076625E+7,  3.928542E-4
1.077250E+7,  4.005432E-4
1.077875E+7,  4.151314E-4
1.078500E+7,  4.124939E-4
1.079125E+7,  4.168451E-4
1.079750E+7,  4.088134E-4
1.080375E+7,  4.111528E-4
1.081000E+7,  4.093647E-4
1.081625E+7,  4.052073E-4
1.082250E+7,  4.152954E-4
1.082875E+7,  4.121363E-4
1.083500E+7,  3.946722E-4
1.084125E+7,  4.354566E-4
1.084750E+7,  4.036427E-4
1.085375E+7,  4.289746E-4
1.086000E+7,  4.262775E-4
1.086625E+7,  4.051328E-4
1.087250E+7,  4.296750E-4
1.087875E+7,  4.254580E-4
1.088500E+7,  4.414171E-4
1.089125E+7,  4.383475E-4
1.089750E+7,  4.115552E-4
1.090375E+7,  4.275143E-4
1.091000E+7,  4.317164E-4
1.091625E+7,  4.523396E-4
1.092250E+7,  4.353076E-4
1.092875E+7,  4.450828E-4
1.093500E+7,  4.392117E-4
1.094125E+7,  4.517138E-4
1.094750E+7,  4.364550E-4
1.095375E+7,  4.352629E-4
1.096000E+7,  4.517734E-4
1.096625E+7,  4.523546E-4
1.097250E+7,  4.484504E-4
1.097875E+7,  4.681200E-4
1.098500E+7,  4.503280E-4
1.099125E+7,  4.637986E-4
1.099750E+7,  4.583597E-4
1.100375E+7,  4.737675E-4
1.101000E+7,  4.734993E-4
1.101625E+7,  4.509985E-4
1.102250E+7,  4.732460E-4
1.102875E+7,  4.680455E-4
1.103500E+7,  4.680902E-4
1.104125E+7,  4.657358E-4
1.104750E+7,  4.788935E-4
1.105375E+7,  4.680604E-4
1.106000E+7,  4.654974E-4
1.106625E+7,  4.892647E-4
1.107250E+7,  4.737973E-4
1.107875E+7,  4.864484E-4
1.108500E+7,  4.563928E-4
1.109125E+7,  5.035102E-4
1.109750E+7,  4.906952E-4
1.110375E+7,  5.017817E-4
1.111000E+7,  5.035996E-4
1.111625E+7,  4.856586E-4
1.112250E+7,  5.149841E-4
1.112875E+7,  5.019903E-4
1.113500E+7,  5.118549E-4
1.114125E+7,  5.256832E-4
1.114750E+7,  5.228817E-4
1.115375E+7,  5.048811E-4
1.116000E+7,  5.162060E-4
1.116625E+7,  5.224049E-4
1.117250E+7,  5.489588E-4
1.117875E+7,  5.245507E-4
1.118500E+7,  5.383492E-4
1.119125E+7,  5.473793E-4
1.119750E+7,  5.408227E-4
1.120375E+7,  5.322695E-4
1.121000E+7,  5.518198E-4
1.121625E+7,  5.874634E-4
1.122250E+7,  6.011426E-4
1.122875E+7,  6.523728E-4
1.123500E+7,  6.830692E-4
1.124125E+7,  7.076263E-4
1.124750E+7,  6.845891E-4
1.125375E+7,  6.701052E-4
1.126000E+7,  6.799698E-4
1.126625E+7,  6.625950E-4
1.127250E+7,  7.053912E-4
1.127875E+7,  6.680787E-4
1.128500E+7,  6.805658E-4
1.129125E+7,  6.469488E-4
1.129750E+7,  6.015897E-4
1.130375E+7,  6.578565E-4
1.131000E+7,  6.779432E-4
1.131625E+7,  6.615520E-4
1.132250E+7,  6.909668E-4
1.132875E+7,  6.658733E-4
1.133500E+7,  6.982982E-4
1.134125E+7,  6.662607E-4
1.134750E+7,  6.744564E-4
1.135375E+7,  6.837547E-4
1.136000E+7,  6.290972E-4
1.136625E+7,  7.091463E-4
1.137250E+7,  6.893873E-4
1.137875E+7,  7.100701E-4
1.138500E+7,  7.094741E-4
1.139125E+7,  6.749928E-4
1.139750E+7,  6.737709E-4
1.140375E+7,  6.811321E-4
1.141000E+7,  6.431341E-4
1.141625E+7,  6.703138E-4
1.142250E+7,  6.638467E-4
1.142875E+7,  7.153153E-4
1.143500E+7,  6.811023E-4
1.144125E+7,  6.903708E-4
1.144750E+7,  7.463694E-4
1.145375E+7,  7.638037E-4
1.146000E+7,  7.489324E-4
1.146625E+7,  8.061230E-4
1.147250E+7,  7.744431E-4
1.147875E+7,  7.674396E-4
1.148500E+7,  7.549524E-4
1.149125E+7,  8.336008E-4
1.149750E+7,  8.602440E-4
1.150375E+7,  8.377433E-4
1.151000E+7,  8.720756E-4
1.151625E+7,  8.403659E-4
1.152250E+7,  8.581281E-4
1.152875E+7,  8.300245E-4
1.153500E+7,  7.649958E-4
1.154125E+7,  8.762181E-4
1.154750E+7,  8.954704E-4
1.155375E+7,  8.363128E-4
1.156000E+7,  9.505153E-4
1.156625E+7,  9.703040E-4
1.157250E+7,  9.700060E-4
1.157875E+7,  1.011968E-3
1.158500E+7,  1.090467E-3
1.159125E+7,  9.345114E-4
1.159750E+7,  9.613335E-4
1.160375E+7,  1.012921E-3
1.161000E+7,  1.018941E-3
1.161625E+7,  1.127779E-3
1.162250E+7,  1.154721E-3
1.162875E+7,  1.369894E-3
1.163500E+7,  1.452744E-3
1.164125E+7,  1.577854E-3
1.164750E+7,  1.756847E-3
1.165375E+7,  1.769185E-3
1.166000E+7,  1.657605E-3
1.166625E+7,  1.857817E-3
1.167250E+7,  1.731575E-3
1.167875E+7,  1.788080E-3
1.168500E+7,  1.776874E-3
1.169125E+7,  1.787603E-3
1.169750E+7,  1.767576E-3
1.170375E+7,  1.833200E-3
1.171000E+7,  1.802564E-3
1.171625E+7,  1.840174E-3
1.172250E+7,  1.812279E-3
1.172875E+7,  1.829863E-3
1.173500E+7,  1.937270E-3
1.174125E+7,  1.862526E-3
1.174750E+7,  1.905203E-3
1.175375E+7,  1.944661E-3
1.176000E+7,  1.926899E-3
1.176625E+7,  1.920342E-3
1.177250E+7,  1.985788E-3
1.177875E+7,  1.974225E-3
1.178500E+7,  2.000928E-3
1.179125E+7,  2.037883E-3
1.179750E+7,  1.984239E-3
1.180375E+7,  1.976728E-3
1.181000E+7,  1.959920E-3
1.181625E+7,  1.992464E-3
1.182250E+7,  2.053857E-3
1.182875E+7,  2.124786E-3
1.183500E+7,  2.112508E-3
1.184125E+7,  2.156734E-3
1.184750E+7,  2.140880E-3
1.185375E+7,  2.201080E-3
1.186000E+7,  2.156615E-3
1.186625E+7,  2.181530E-3
1.187250E+7,  2.214789E-3
1.187875E+7,  2.229214E-3
1.188500E+7,  2.269268E-3
1.189125E+7,  2.256036E-3
1.189750E+7,  2.258062E-3
1.190375E+7,  2.275825E-3
1.191000E+7,  2.335191E-3
1.191625E+7,  2.347112E-3
1.192250E+7,  2.363682E-3
1.192875E+7,  2.400517E-3
1.193500E+7,  2.392173E-3
1.194125E+7,  2.421618E-3
1.194750E+7,  2.426505E-3
1.195375E+7,  2.436757E-3
1.196000E+7,  2.457380E-3
1.196625E+7,  2.495646E-3
1.197250E+7,  2.466917E-3
1.197875E+7,  2.522945E-3
1.198500E+7,  2.488852E-3
1.199125E+7,  2.547860E-3
1.199750E+7,  2.552032E-3
1.200375E+7,  2.569079E-3
1.201000E+7,  2.614021E-3
1.201625E+7,  2.638340E-3
1.202250E+7,  2.640367E-3
1.202875E+7,  2.621412E-3
1.203500E+7,  2.640247E-3
1.204125E+7,  2.643585E-3
1.204750E+7,  2.659678E-3
1.205375E+7,  2.713084E-3
1.206000E+7,  2.701163E-3
1.206625E+7,  2.762198E-3
1.207250E+7,  2.858520E-3
1.207875E+7,  2.727270E-3
1.208500E+7,  2.766252E-3
1.209125E+7,  2.773881E-3
1.209750E+7,  2.808213E-3
1.210375E+7,  2.814174E-3
1.211000E+7,  2.861857E-3
1.211625E+7,  2.869248E-3
1.212250E+7,  2.893209E-3
1.212875E+7,  2.908230E-3
1.213500E+7,  2.950072E-3
1.214125E+7,  2.976060E-3
1.214750E+7,  2.981782E-3
1.215375E+7,  3.012896E-3
1.216000E+7,  3.057480E-3
1.216625E+7,  3.093958E-3
1.217250E+7,  3.068328E-3
1.217875E+7,  3.143907E-3
1.218500E+7,  3.148794E-3
1.219125E+7,  3.188133E-3
1.219750E+7,  3.220439E-3
1.220375E+7,  3.271699E-3
1.221000E+7,  3.264666E-3
1.221625E+7,  3.331065E-3
1.222250E+7,  3.339052E-3
1.222875E+7,  3.388286E-3
1.223500E+7,  3.440499E-3
1.224125E+7,  3.390789E-3
1.224750E+7,  3.412724E-3
1.225375E+7,  3.516197E-3
1.226000E+7,  3.494620E-3
1.226625E+7,  3.561020E-3
1.227250E+7,  3.605962E-3
1.227875E+7,  3.692508E-3
1.228500E+7,  3.692985E-3
1.229125E+7,  3.740668E-3
1.229750E+7,  3.723025E-3
1.230375E+7,  3.813505E-3
1.231000E+7,  3.846884E-3
1.231625E+7,  3.884077E-3
1.232250E+7,  3.964901E-3
1.232875E+7,  3.978014E-3
1.233500E+7,  4.015923E-3
1.234125E+7,  4.005194E-3
1.234750E+7,  4.126072E-3
1.235375E+7,  4.118204E-3
1.236000E+7,  4.159212E-3
1.236625E+7,  4.265547E-3
1.237250E+7,  4.253149E-3
1.237875E+7,  4.359245E-3
1.238500E+7,  4.365683E-3
1.239125E+7,  4.441738E-3
1.239750E+7,  4.441023E-3
1.240375E+7,  4.522324E-3
1.241000E+7,  4.624367E-3
1.241625E+7,  4.617691E-3
1.242250E+7,  4.664183E-3
1.242875E+7,  4.724264E-3
1.243500E+7,  4.822016E-3
1.244125E+7,  4.901409E-3
1.244750E+7,  4.915953E-3
1.245375E+7,  4.993677E-3
1.246000E+7,  5.055189E-3
1.246625E+7,  5.124569E-3
1.247250E+7,  5.135775E-3
1.247875E+7,  5.235672E-3
1.248500E+7,  5.351782E-3
1.249125E+7,  5.429983E-3
1.249750E+7,  5.509138E-3
1.250375E+7,  5.583048E-3
1.251000E+7,  5.607843E-3
1.251625E+7,  5.723715E-3
1.252250E+7,  5.784035E-3
1.252875E+7,  5.848408E-3
1.253500E+7,  5.893946E-3
1.254125E+7,  6.002903E-3
1.254750E+7,  6.085873E-3
1.255375E+7,  6.202459E-3
1.256000E+7,  6.299257E-3
1.256625E+7,  6.306648E-3
1.257250E+7,  6.430864E-3
1.257875E+7,  6.600142E-3
1.258500E+7,  6.603003E-3
1.259125E+7,  6.762266E-3
1.259750E+7,  6.841660E-3
1.260375E+7,  6.955862E-3
1.261000E+7,  7.034540E-3
1.261625E+7,  7.218599E-3
1.262250E+7,  7.248163E-3
1.262875E+7,  7.561445E-3
1.263500E+7,  7.440090E-3
1.264125E+7,  7.632494E-3
1.264750E+7,  7.831573E-3
1.265375E+7,  7.836819E-3
1.266000E+7,  8.043289E-3
1.266625E+7,  8.125305E-3
1.267250E+7,  8.440018E-3
1.267875E+7,  8.576393E-3
1.268500E+7,  8.902550E-3
1.269125E+7,  9.007931E-3
1.269750E+7,  8.686066E-3
1.270375E+7,  8.577824E-3
1.271000E+7,  9.942532E-3
1.271625E+7,  9.254456E-3
1.272250E+7,  9.415627E-3
1.272875E+7,  9.624958E-3
1.273500E+7,  9.949207E-3
1.274125E+7,  1.008081E-2
1.274750E+7,  1.033163E-2
1.275375E+7,  1.034784E-2
1.276000E+7,  1.060772E-2
1.276625E+7,  1.072979E-2
1.277250E+7,  7.994175E-3
1.277875E+7,  1.019192E-2
1.278500E+7,  1.167488E-2
1.279125E+7,  1.224804E-2
1.279750E+7,  1.184893E-2
1.280375E+7,  1.131821E-2
1.281000E+7,  1.055098E-2
1.281625E+7,  1.343489E-2
1.282250E+7,  1.343155E-2
1.282875E+7,  1.329422E-2
1.283500E+7,  1.249218E-2
1.284125E+7,  1.486540E-2
1.284750E+7,  1.474380E-2
1.285375E+7,  1.533318E-2
1.286000E+7,  1.539421E-2
1.286625E+7,  1.614857E-2
1.287250E+7,  1.634884E-2
1.287875E+7,  1.629543E-2
1.288500E+7,  1.634884E-2
1.289125E+7,  1.771927E-2
1.289750E+7,  1.783180E-2
1.290375E+7,  1.770115E-2
1.291000E+7,  1.826286E-2
1.291625E+7,  1.955795E-2
1.292250E+7,  1.729298E-2
1.292875E+7,  1.924992E-2
1.293500E+7,  1.784611E-2
1.294125E+7,  1.874638E-2
1.294750E+7,  1.586628E-2
1.295375E+7,  1.190948E-2
1.296000E+7,  9.623528E-3
1.296625E+7,  9.287357E-3
1.297250E+7,  9.641171E-3
1.297875E+7,  9.840012E-3
1.298500E+7,  1.001787E-2
1.299125E+7,  1.028824E-2
1.299750E+7,  1.050329E-2
1.300375E+7,  1.079845E-2
1.301000E+7,  1.110792E-2
1.301625E+7,  1.137781E-2
1.302250E+7,  1.174784E-2
1.302875E+7,  1.202393E-2
1.303500E+7,  1.239777E-2
1.304125E+7,  1.272202E-2
1.304750E+7,  1.311255E-2
1.305375E+7,  1.344776E-2
1.306000E+7,  1.383734E-2
1.306625E+7,  1.430225E-2
1.307250E+7,  1.471424E-2
1.307875E+7,  1.522875E-2
1.308500E+7,  1.571751E-2
1.309125E+7,  1.626015E-2
1.309750E+7,  1.675224E-2
1.310375E+7,  1.730251E-2
1.311000E+7,  1.787949E-2
1.311625E+7,  1.851654E-2
1.312250E+7,  1.923752E-2
1.312875E+7,  1.995945E-2
1.313500E+7,  2.070808E-2
1.314125E+7,  2.143097E-2
1.314750E+7,  2.228546E-2
1.315375E+7,  2.342606E-2
1.316000E+7,  2.439117E-2
1.316625E+7,  2.538300E-2
1.317250E+7,  2.623272E-2
1.317875E+7,  2.742195E-2
1.318500E+7,  2.854538E-2
1.319125E+7,  2.999401E-2
1.319750E+7,  3.091240E-2
1.320375E+7,  3.231049E-2
1.321000E+7,  3.411484E-2
1.321625E+7,  3.518867E-2
1.322250E+7,  3.681755E-2
1.322875E+7,  3.886986E-2
1.323500E+7,  4.108429E-2
1.324125E+7,  4.366684E-2
1.324750E+7,  4.685020E-2
1.325375E+7,  5.024529E-2
1.326000E+7,  5.259323E-2
1.326625E+7,  5.570412E-2
1.327250E+7,  5.924606E-2
1.327875E+7,  6.341553E-2
1.328500E+7,  6.677628E-2
1.329125E+7,  7.222748E-2
1.329750E+7,  7.664871E-2
1.330375E+7,  8.117294E-2
1.331000E+7,  8.915710E-2
1.331625E+7,  9.558487E-2
1.332250E+7,  1.049843E-1
1.332875E+7,  1.094360E-1
1.333500E+7,  1.147118E-1
1.334125E+7,  1.223373E-1
1.334750E+7,  1.314468E-1
1.335375E+7,  1.447449E-1
1.336000E+7,  1.570358E-1
1.336625E+7,  1.692963E-1
1.337250E+7,  1.874084E-1
1.337875E+7,  2.039337E-1
1.338500E+7,  2.228470E-1
1.339125E+7,  2.486954E-1
1.339750E+7,  2.729950E-1
1.340375E+7,  2.994843E-1
1.341000E+7,  3.302765E-1
1.341625E+7,  3.689117E-1
1.342250E+7,  4.051666E-1
1.342875E+7,  4.462433E-1
1.343500E+7,  4.863739E-1
1.344125E+7,  5.143433E-1
1.344750E+7,  5.442200E-1
1.345375E+7,  5.646057E-1
1.346000E+7,  5.765076E-1
1.346625E+7,  5.849915E-1
1.347250E+7,  5.922546E-1
1.347875E+7,  5.859680E-1
1.348500E+7,  5.771179E-1
1.349125E+7,  5.714722E-1
1.349750E+7,  5.685425E-1
1.350375E+7,  5.709534E-1
1.351000E+7,  5.675354E-1
1.351625E+7,  5.662537E-1
1.352250E+7,  5.686951E-1
1.352875E+7,  5.731506E-1
1.353500E+7,  5.800171E-1
1.354125E+7,  5.856628E-1
1.354750E+7,  5.927429E-1
1.355375E+7,  5.982666E-1
1.356000E+7,  6.007996E-1
1.356625E+7,  5.999756E-1
1.357250E+7,  5.930481E-1
1.357875E+7,  5.829163E-1
1.358500E+7,  5.657043E-1
1.359125E+7,  5.427856E-1
1.359750E+7,  5.152893E-1
1.360375E+7,  4.850006E-1
1.361000E+7,  4.537811E-1
1.361625E+7,  4.224396E-1
1.362250E+7,  3.927002E-1
1.362875E+7,  3.637390E-1
1.363500E+7,  3.387451E-1
1.364125E+7,  3.145447E-1
1.364750E+7,  2.925262E-1
1.365375E+7,  2.731323E-1
1.366000E+7,  2.554779E-1
1.366625E+7,  2.404633E-1
1.367250E+7,  2.260056E-1
1.367875E+7,  2.132950E-1
1.368500E+7,  2.015152E-1
1.369125E+7,  1.907654E-1
1.369750E+7,  1.815109E-1
1.370375E+7,  1.731873E-1
1.371000E+7,  1.651001E-1
1.371625E+7,  1.580963E-1
1.372250E+7,  1.522827E-1
1.372875E+7,  1.465530E-1
1.373500E+7,  1.417542E-1
1.374125E+7,  1.371994E-1
1.374750E+7,  1.331329E-1
1.375375E+7,  1.293869E-1
1.376000E+7,  1.263046E-1
1.376625E+7,  1.234703E-1
1.377250E+7,  1.207428E-1
1.377875E+7,  1.189613E-1
1.378500E+7,  1.173096E-1
1.379125E+7,  1.152000E-1
1.379750E+7,  1.138306E-1
1.380375E+7,  1.130524E-1
1.381000E+7,  1.124001E-1
1.381625E+7,  1.123390E-1
1.382250E+7,  1.121979E-1
1.382875E+7,  1.126823E-1
1.383500E+7,  1.133537E-1
1.384125E+7,  1.144981E-1
1.384750E+7,  1.162529E-1
1.385375E+7,  1.179657E-1
1.386000E+7,  1.203423E-1
1.386625E+7,  1.238670E-1
1.387250E+7,  1.278076E-1
1.387875E+7,  1.323547E-1
1.388500E+7,  1.387024E-1
1.389125E+7,  1.451492E-1
1.389750E+7,  1.534958E-1
1.390375E+7,  1.636887E-1
1.391000E+7,  1.759872E-1
1.391625E+7,  1.896057E-1
1.392250E+7,  2.057800E-1
1.392875E+7,  2.221909E-1
1.393500E+7,  2.365799E-1
1.394125E+7,  2.440262E-1
1.394750E+7,  2.410202E-1
1.395375E+7,  2.252960E-1
1.396000E+7,  2.014847E-1
1.396625E+7,  1.754074E-1
1.397250E+7,  1.512146E-1
1.397875E+7,  1.298599E-1
1.398500E+7,  1.122284E-1
1.399125E+7,  9.773636E-2
1.399750E+7,  8.525085E-2
1.400375E+7,  7.529068E-2
1.401000E+7,  6.702805E-2
1.401625E+7,  5.984497E-2
1.402250E+7,  5.377769E-2
1.402875E+7,  4.864311E-2
1.403500E+7,  4.410744E-2
1.404125E+7,  4.025459E-2
1.404750E+7,  3.679657E-2
1.405375E+7,  3.376579E-2
1.406000E+7,  3.108692E-2
1.406625E+7,  2.867126E-2
1.407250E+7,  2.658653E-2
1.407875E+7,  2.468204E-2
1.408500E+7,  2.295399E-2
1.409125E+7,  2.138805E-2
1.409750E+7,  1.998138E-2
1.410375E+7,  1.866245E-2
1.411000E+7,  1.749420E-2
1.411625E+7,  1.642609E-2
1.412250E+7,  1.543045E-2
1.412875E+7,  1.452112E-2
1.413500E+7,  1.366425E-2
1.414125E+7,  1.292276E-2
1.414750E+7,  1.219320E-2
1.415375E+7,  1.155329E-2
1.416000E+7,  1.092339E-2
1.416625E+7,  1.036263E-2
1.417250E+7,  9.803295E-3
1.417875E+7,  9.328365E-3
1.418500E+7,  8.861065E-3
1.419125E+7,  8.457184E-3
1.419750E+7,  8.019447E-3
1.420375E+7,  7.625341E-3
1.421000E+7,  7.302046E-3
1.421625E+7,  6.968737E-3
1.422250E+7,  6.652832E-3
1.422875E+7,  6.333828E-3
1.423500E+7,  6.065369E-3
1.424125E+7,  5.829334E-3
1.424750E+7,  5.526543E-3
1.425375E+7,  5.330563E-3
1.426000E+7,  5.094767E-3
1.426625E+7,  4.889250E-3
1.427250E+7,  4.695177E-3
1.427875E+7,  4.489899E-3
1.428500E+7,  4.291296E-3
1.429125E+7,  4.135132E-3
1.429750E+7,  4.000664E-3
1.430375E+7,  3.821373E-3
1.431000E+7,  3.679395E-3
1.431625E+7,  3.530145E-3
1.432250E+7,  3.397584E-3
1.432875E+7,  3.287554E-3
1.433500E+7,  3.166914E-3
1.434125E+7,  3.033161E-3
1.434750E+7,  2.922773E-3
1.435375E+7,  2.824903E-3
1.436000E+7,  2.731800E-3
1.436625E+7,  2.608180E-3
1.437250E+7,  2.523065E-3
1.437875E+7,  2.437711E-3
1.438500E+7,  2.350330E-3
1.439125E+7,  2.273440E-3
1.439750E+7,  2.207994E-3
1.440375E+7,  2.134800E-3
1.441000E+7,  2.067804E-3
1.441625E+7,  1.982212E-3
1.442250E+7,  1.928151E-3
1.442875E+7,  1.857400E-3
1.443500E+7,  1.802981E-3
1.444125E+7,  1.735747E-3
1.444750E+7,  1.706123E-3
1.445375E+7,  1.657546E-3
1.446000E+7,  1.574457E-3
1.446625E+7,  1.548052E-3
1.447250E+7,  1.494408E-3
1.447875E+7,  1.423478E-3
1.448500E+7,  1.403928E-3
1.449125E+7,  1.365483E-3
1.449750E+7,  1.306117E-3
1.450375E+7,  1.278460E-3
1.451000E+7,  1.244128E-3
1.451625E+7,  1.197755E-3
1.452250E+7,  1.205862E-3
1.452875E+7,  1.135707E-3
1.453500E+7,  1.087844E-3
1.454125E+7,  1.085579E-3
1.454750E+7,  1.021147E-3
1.455375E+7,  1.039267E-3
1.456000E+7,  9.884238E-4
1.456625E+7,  9.369254E-4
1.457250E+7,  9.295642E-4
1.457875E+7,  9.104311E-4
1.458500E+7,  8.828938E-4
1.459125E+7,  8.573234E-4
1.459750E+7,  8.296371E-4
1.460375E+7,  8.148849E-4
1.461000E+7,  7.883012E-4
1.461625E+7,  7.798374E-4
1.462250E+7,  7.397830E-4
1.462875E+7,  7.117987E-4
1.463500E+7,  7.162690E-4
1.464125E+7,  6.982088E-4
1.464750E+7,  6.596744E-4
1.465375E+7,  6.700456E-4
1.466000E+7,  6.334186E-4
1.466625E+7,  6.244183E-4
1.467250E+7,  5.975664E-4
1.467875E+7,  5.894005E-4
1.468500E+7,  5.717874E-4
1.469125E+7,  5.602241E-4
1.469750E+7,  5.518198E-4
1.470375E+7,  5.179346E-4
1.471000E+7,  5.035996E-4
1.471625E+7,  5.211830E-4
1.472250E+7,  4.816502E-4
1.472875E+7,  4.981160E-4
1.473500E+7,  4.736930E-4
1.474125E+7,  4.555881E-4
1.474750E+7,  4.597902E-4
1.475375E+7,  4.317909E-4
1.476000E+7,  4.408956E-4
1.476625E+7,  4.049391E-4
1.477250E+7,  4.033446E-4
1.477875E+7,  3.994703E-4
1.478500E+7,  3.869981E-4
1.479125E+7,  3.808588E-4
1.479750E+7,  3.793240E-4
1.480375E+7,  3.571063E-4
1.481000E+7,  3.509521E-4
1.481625E+7,  3.555715E-4
1.482250E+7,  3.413707E-4
1.482875E+7,  3.333837E-4
1.483500E+7,  3.210902E-4
1.484125E+7,  3.314912E-4
1.484750E+7,  2.928972E-4
1.485375E+7,  2.894402E-4
1.486000E+7,  2.932400E-4
1.486625E+7,  2.795905E-4
1.487250E+7,  2.678931E-4
1.487875E+7,  2.731532E-4
1.488500E+7,  2.627671E-4
1.489125E+7,  2.717525E-4
1.489750E+7,  2.758205E-4
1.490375E+7,  2.654791E-4
1.491000E+7,  2.517104E-4
1.491625E+7,  2.438053E-4
1.492250E+7,  2.472103E-4
1.492875E+7,  2.353042E-4
1.493500E+7,  2.586991E-4
1.494125E+7,  2.322271E-4
1.494750E+7,  1.990199E-4
1.495375E+7,  2.136230E-4
1.496000E+7,  2.081841E-4
1.496625E+7,  2.097338E-4
1.497250E+7,  1.936629E-4
1.497875E+7,  2.001449E-4
1.498500E+7,  1.969263E-4
1.499125E+7,  1.837984E-4
1.499750E+7,  1.858771E-4
1.500375E+7,  1.629815E-4
1.501000E+7,  1.954734E-4
1.501625E+7,  1.660809E-4
1.502250E+7,  1.715943E-4
1.502875E+7,  1.553744E-4
1.503500E+7,  1.649782E-4
1.504125E+7,  1.619458E-4
1.504750E+7,  1.707748E-4
1.505375E+7,  1.525730E-4
1.506000E+7,  1.414195E-4
1.506625E+7,  1.537129E-4
1.507250E+7,  1.587421E-4
1.507875E+7,  1.507774E-4
1.508500E+7,  1.273081E-4
1.509125E+7,  1.436174E-4
1.509750E+7,  1.188181E-4
1.510375E+7,  1.220368E-4
1.511000E+7,  1.534745E-4
1.511625E+7,  1.271293E-4
1.512250E+7,  1.220033E-4
1.512875E+7,  1.095012E-4
1.513500E+7,  1.004264E-4
1.514125E+7,  1.258701E-4
1.514750E+7,  1.234263E-4
1.515375E+7,  1.153611E-4
1.516000E+7,  1.088381E-4
1.516625E+7,  9.901077E-5
1.517250E+7,  1.235679E-4
1.517875E+7,  1.074113E-4
1.518500E+7,  8.811802E-5
1.519125E+7,  9.739399E-5
1.519750E+7,  9.479746E-5
1.520375E+7,  8.446351E-5
1.521000E+7,  7.729605E-5
1.521625E+7,  9.103864E-5
1.522250E+7,  9.026378E-5
1.522875E+7,  1.027808E-4
1.523500E+7,  1.026765E-4
1.524125E+7,  9.362027E-5
1.524750E+7,  8.467212E-5
1.525375E+7,  8.770451E-5
1.526000E+7,  5.861558E-5
1.526625E+7,  6.600097E-5
1.527250E+7,  1.067407E-4
1.527875E+7,  6.982312E-5
1.528500E+7,  8.923560E-5
1.529125E+7,  8.757785E-5
1.529750E+7,  7.595494E-5
1.530375E+7,  8.287653E-5
1.531000E+7,  6.027706E-5
1.531625E+7,  7.147714E-5
1.532250E+7,  6.204844E-5
1.532875E+7,  8.023903E-5
1.533500E+7,  4.734099E-5
1.534125E+7,  7.895753E-5
1.534750E+7,  7.750466E-5
1.535375E+7,  6.793067E-5
1.536000E+7,  6.853417E-5
1.536625E+7,  6.058812E-5
1.537250E+7,  5.574524E-5
1.537875E+7,  5.180016E-5
1.538500E+7,  3.331900E-5
1.539125E+7,  5.894341E-5
1.539750E+7,  6.340444E-5
1.540375E+7,  4.272163E-5
1.541000E+7,  3.696419E-5
1.541625E+7,  3.600866E-5
1.542250E+7,  6.433204E-5
1.542875E+7,  6.898120E-5
1.543500E+7,  5.511753E-5
1.544125E+7,  7.284805E-5
1.544750E+7,  3.645010E-5
1.545375E+7,  4.700013E-5
1.546000E+7,  7.372722E-5
1.546625E+7,  3.384240E-5
1.547250E+7,  3.486313E-5
1.547875E+7,  4.191324E-5
1.548500E+7,  2.452917E-5
1.549125E+7,  4.313886E-5
1.549750E+7,  5.920231E-5
1.550375E+7,  6.898865E-5
1.551000E+7,  5.409680E-5
1.551625E+7,  4.360266E-5
1.552250E+7,  4.159659E-5
1.552875E+7,  3.607944E-5
1.553500E+7,  2.912804E-5
1.554125E+7,  4.764460E-5
1.554750E+7,  7.950887E-5
1.555375E+7,  4.804321E-5
1.556000E+7,  2.550799E-5
1.556625E+7,  2.236012E-5
1.557250E+7,  4.554912E-5
1.557875E+7,  3.634021E-5
1.558500E+7,  2.309494E-5
1.559125E+7,  1.683179E-5
1.559750E+7,  1.811236E-5
1.560375E+7,  3.706291E-5
1.561000E+7,  2.026651E-5
1.561625E+7,  2.052169E-5
1.562250E+7,  2.280343E-5
1.562875E+7,  2.587773E-5
1.563500E+7,  3.554299E-5
1.564125E+7,  1.948606E-5
1.564750E+7,  3.443100E-5
1.565375E+7,  4.164129E-5
1.566000E+7,  2.419576E-5
1.566625E+7,  1.391862E-5
1.567250E+7,  2.308283E-5
1.567875E+7,  1.533236E-5
1.568500E+7,  2.988055E-5
1.569125E+7,  2.759043E-5
1.569750E+7,  2.982840E-5
1.570375E+7,  3.144890E-5
1.571000E+7,  7.591210E-6
1.571625E+7,  4.089065E-5
1.572250E+7,  1.524063E-5
1.572875E+7,  2.283324E-5
1.573500E+7,  2.542511E-5
1.574125E+7,  1.559872E-5
1.574750E+7,  3.809668E-5
1.575375E+7,  1.561455E-5
1.576000E+7,  1.514563E-5
1.576625E+7,  3.816560E-5
1.577250E+7,  1.896732E-5
1.577875E+7,  1.695286E-5
1.578500E+7,  1.564156E-5
1.579125E+7,  2.308004E-5
1.579750E+7,  1.515215E-5
1.580375E+7,  3.855862E-5
1.581000E+7,  2.389494E-5
1.581625E+7,  2.718344E-5
1.582250E+7,  3.774418E-6
1.582875E+7,  3.035367E-5
1.583500E+7,  1.885183E-5
1.584125E+7,  3.938377E-5
1.584750E+7,  2.639368E-5
1.585375E+7,  7.536495E-6
1.586000E+7,  2.713688E-5
1.586625E+7,  3.926829E-5
1.587250E+7,  8.401461E-6
1.587875E+7,  2.288166E-5
1.588500E+7,  2.126023E-5
1.589125E+7,  1.063664E-5
1.589750E+7,  1.547765E-5
1.590375E+7,  1.678895E-5
1.591000E+7,  1.502084E-5
1.591625E+7,  8.386094E-6
1.592250E+7,  1.678430E-5
1.592875E+7,  6.307062E-10
1.593500E+7,  1.873542E-5
1.594125E+7,  8.368399E-6
1.594750E+7,  1.871400E-5
1.595375E+7,  1.871120E-5
1.596000E+7,  8.367002E-6
1.596625E+7,  1.542922E-5
1.597250E+7,  2.701022E-5
1.597875E+7,  1.498824E-5
1.598500E+7,  2.276804E-5
1.599125E+7,  2.277177E-5
1.599750E+7,  2.275966E-5
1.600375E+7,  8.595176E-6
1.601000E+7,  1.259372E-4
1.601625E+7,  1.161844E-4
1.602250E+7,  4.829417E-10
1.602875E+7,  1.452416E-4
1.603500E+7,  1.897663E-4
1.604125E+7,  9.194389E-5
1.604750E+7,  8.626282E-5
1.605375E+7,  5.292334E-5
1.606000E+7,  5.737692E-5
1.606625E+7,  6.913394E-5
1.607250E+7,  5.176291E-5
1.607875E+7,  8.267537E-5
1.608500E+7,  6.554648E-5
1.609125E+7,  1.324341E-4
1.609750E+7,  4.269183E-5
1.610375E+7,  5.685166E-5
1.611000E+7,  6.349385E-5
1.611625E+7,  5.574338E-5
1.612250E+7,  5.171075E-5
1.612875E+7,  1.035770E-5
1.613500E+7,  5.015358E-5
1.614125E+7,  8.119736E-6
1.614750E+7,  2.872385E-5
1.615375E+7,  5.778298E-5
1.616000E+7,  6.298721E-5
1.616625E+7,  7.105991E-5
1.617250E+7,  1.076609E-4
1.617875E+7,  5.743653E-5
1.618500E+7,  2.368540E-5
1.619125E+7,  1.816638E-5
1.619750E+7,  5.300157E-5
1.620375E+7,  9.785593E-5
1.621000E+7,  1.285831E-5
1.621625E+7,  1.152121E-4
1.622250E+7,  4.270487E-5
1.622875E+7,  6.899238E-5
1.623500E+7,  5.774759E-5
1.624125E+7,  1.191907E-4
1.624750E+7,  5.298108E-5
1.625375E+7,  3.213249E-5
1.626000E+7,  5.201250E-5
1.626625E+7,  2.226904E-4
1.627250E+7,  1.056492E-4
1.627875E+7,  6.164983E-5
1.628500E+7,  2.244301E-5
1.629125E+7,  6.921217E-5
1.629750E+7,  8.663535E-5
1.630375E+7,  8.229166E-5
1.631000E+7,  1.150221E-4
1.631625E+7,  5.297735E-5
1.632250E+7,  7.015467E-5
1.632875E+7,  2.289042E-4
1.633500E+7,  1.845360E-4
1.634125E+7,  1.213662E-4
1.634750E+7,  1.926534E-5
1.635375E+7,  5.201623E-5
1.636000E+7,  2.092309E-5
1.636625E+7,  1.011081E-4
1.637250E+7,  1.243353E-4
1.637875E+7,  9.003282E-5
1.638500E+7,  6.943941E-5
1.639125E+7,  7.911399E-5
1.639750E+7,  5.023368E-5
1.640375E+7,  6.927177E-5
1.641000E+7,  7.745996E-5
1.641625E+7,  6.388128E-5
1.642250E+7,  6.711110E-5
1.642875E+7,  5.985983E-5
1.643500E+7,  6.177276E-5
1.644125E+7,  5.179830E-5
1.644750E+7,  9.789318E-5
1.645375E+7,  5.301833E-5
1.646000E+7,  1.626834E-5
1.646625E+7,  6.558746E-5
1.647250E+7,  9.803101E-5
1.647875E+7,  4.040450E-5
1.648500E+7,  5.756272E-6
1.649125E+7,  1.303926E-4
1.649750E+7,  6.933138E-5
1.650375E+7,  6.932393E-5
1.651000E+7,  3.863871E-5
1.651625E+7,  3.610551E-5
1.652250E+7,  1.724958E-4
1.652875E+7,  3.182441E-4
1.653500E+7,  1.287321E-5
1.654125E+7,  2.879836E-5
1.654750E+7,  7.158145E-5
1.655375E+7,  2.322067E-5
1.656000E+7,  2.075639E-5
1.656625E+7,  5.464256E-5
1.657250E+7,  1.071580E-4
1.657875E+7,  4.646182E-5
1.658500E+7,  5.999580E-5
1.659125E+7,  1.383722E-4
1.659750E+7,  9.541214E-5
1.660375E+7,  3.864057E-5
1.661000E+7,  7.535517E-5
1.661625E+7,  5.467795E-5
1.662250E+7,  8.251518E-5
1.662875E+7,  2.099201E-5
1.663500E+7,  6.733462E-5
1.664125E+7,  4.697591E-5
1.664750E+7,  2.532601E-4
1.665375E+7,  3.106892E-5
1.666000E+7,  5.320646E-5
1.666625E+7,  5.038269E-5
1.667250E+7,  3.510714E-5
1.667875E+7,  1.187883E-4
1.668500E+7,  2.883095E-5
1.669125E+7,  3.116950E-5
1.669750E+7,  2.184287E-4
1.670375E+7,  1.195297E-4
1.671000E+7,  1.478419E-4
1.671625E+7,  1.778677E-4
1.672250E+7,  1.446158E-4
1.672875E+7,  1.283139E-4
1.673500E+7,  5.950592E-5
1.674125E+7,  9.397045E-5
1.674750E+7,  5.230494E-5
1.675375E+7,  8.973107E-5
1.676000E+7,  3.478117E-5
1.676625E+7,  9.896979E-5
1.677250E+7,  5.894341E-5
1.677875E+7,  4.657544E-5
1.678500E+7,  1.157597E-4
1.679125E+7,  4.845299E-5
1.679750E+7,  8.745864E-5
1.680375E+7,  5.894899E-5
1.681000E+7,  8.900464E-5
1.681625E+7,  1.340955E-4
1.682250E+7,  5.550869E-5
1.682875E+7,  1.636613E-5
1.683500E+7,  1.042010E-5
1.684125E+7,  4.946627E-5
1.684750E+7,  2.330355E-5
1.685375E+7,  7.566810E-5
1.686000E+7,  9.615719E-5
1.686625E+7,  1.116991E-4
1.687250E+7,  3.579818E-5
1.687875E+7,  6.942824E-5
1.688500E+7,  7.061288E-5
1.689125E+7,  6.146729E-5
1.689750E+7,  2.951268E-5
1.690375E+7,  5.054101E-5
1.691000E+7,  1.274571E-4
1.691625E+7,  8.673407E-6
1.692250E+7,  4.173629E-5
1.692875E+7,  1.193909E-5
1.693500E+7,  2.590474E-5
1.694125E+7,  2.373382E-4
1.694750E+7,  1.286715E-4
1.695375E+7,  1.017787E-4
1.696000E+7,  1.130588E-4
1.696625E+7,  4.146434E-5
1.697250E+7,  2.029613E-4
1.697875E+7,  7.843971E-5
1.698500E+7,  2.448708E-4
1.699125E+7,  5.500019E-5
1.699750E+7,  2.109259E-5
1.700375E+7,  9.362772E-5
1.701000E+7,  1.078174E-4
1.701625E+7,  1.432225E-4
1.702250E+7,  4.309602E-5
1.702875E+7,  7.426366E-5
1.703500E+7,  9.844825E-5
1.704125E+7,  1.235008E-4
1.704750E+7,  1.396909E-4
1.705375E+7,  1.417249E-4
1.706000E+7,  1.195678E-5
1.706625E+7,  6.517395E-5
1.707250E+7,  3.482774E-5
1.707875E+7,  6.789714E-5
1.708500E+7,  4.504062E-5
1.709125E+7,  4.959479E-5
1.709750E+7,  2.092868E-5
1.710375E+7,  2.594385E-5
1.711000E+7,  2.612732E-5
1.711625E+7,  2.859533E-5
1.712250E+7,  6.522611E-5
1.712875E+7,  4.510209E-5
1.713500E+7,  8.251891E-5
1.714125E+7,  3.245287E-5
1.714750E+7,  3.244355E-5
1.715375E+7,  1.197448E-5
1.716000E+7,  2.396014E-5
1.716625E+7,  3.129244E-5
1.717250E+7,  3.893115E-5
1.717875E+7,  6.755069E-5
1.718500E+7,  6.401911E-5
1.719125E+7,  5.806796E-5
1.719750E+7,  8.849055E-5
1.720375E+7,  4.359707E-5
1.721000E+7,  3.720820E-5
1.721625E+7,  2.906425E-6
1.722250E+7,  5.429611E-5
1.722875E+7,  3.955513E-5
1.723500E+7,  5.725771E-5
1.724125E+7,  9.953231E-5
1.724750E+7,  1.153536E-4
1.725375E+7,  3.778189E-5
1.726000E+7,  6.789342E-5
1.726625E+7,  1.940653E-4
1.727250E+7,  3.644079E-5
1.727875E+7,  5.823746E-5
1.728500E+7,  1.352727E-4
1.729125E+7,  5.462766E-5
1.729750E+7,  2.908334E-5
1.730375E+7,  1.250878E-4
1.731000E+7,  1.405254E-4
1.731625E+7,  6.002933E-5
1.732250E+7,  2.909731E-5
1.732875E+7,  1.103692E-4
1.733500E+7,  7.201359E-5
1.734125E+7,  2.325624E-4
1.734750E+7,  4.327483E-5
1.735375E+7,  1.278222E-4
1.736000E+7,  8.930266E-5
1.736625E+7,  1.302175E-5
1.737250E+7,  4.116632E-5
1.737875E+7,  4.949793E-5
1.738500E+7,  1.485050E-4
1.739125E+7,  9.412318E-5
1.739750E+7,  2.193823E-4
1.740375E+7,  1.357049E-4
1.741000E+7,  8.609146E-5
1.741625E+7,  1.981109E-4
1.742250E+7,  8.452684E-5
1.742875E+7,  1.320988E-4
1.743500E+7,  8.739904E-5
1.744125E+7,  8.980185E-5
1.744750E+7,  1.345575E-4
1.745375E+7,  6.646663E-5
1.746000E+7,  2.472848E-5
1.746625E+7,  7.316843E-5
1.747250E+7,  5.864725E-5
1.747875E+7,  2.275687E-5
1.748500E+7,  1.290813E-4
1.749125E+7,  9.064004E-5
1.749750E+7,  1.956895E-5
1.750375E+7,  6.006844E-5
1.751000E+7,  2.005547E-4
1.751625E+7,  8.620322E-5
1.752250E+7,  3.734604E-5
1.752875E+7,  4.377961E-5
1.753500E+7,  1.204293E-5
1.754125E+7,  5.669892E-5
1.754750E+7,  5.389377E-5
1.755375E+7,  6.157905E-5
1.756000E+7,  8.130446E-5
1.756625E+7,  7.476285E-5
1.757250E+7,  7.031113E-5
1.757875E+7,  3.657117E-5
1.758500E+7,  1.589507E-4
1.759125E+7,  6.207079E-5
1.759750E+7,  6.743893E-5
1.760375E+7,  7.053092E-5
1.761000E+7,  4.563108E-5
1.761625E+7,  4.818663E-5
1.762250E+7,  4.338287E-5
1.762875E+7,  1.404285E-4
1.763500E+7,  7.865950E-5
1.764125E+7,  5.003065E-5
1.764750E+7,  1.856387E-4
1.765375E+7,  2.498459E-5
1.766000E+7,  9.955093E-5
1.766625E+7,  8.796155E-5
1.767250E+7,  8.421391E-5
1.767875E+7,  7.337332E-5
1.768500E+7,  5.879439E-5
1.769125E+7,  1.778826E-5
1.769750E+7,  8.125603E-5
1.770375E+7,  1.471266E-4
1.771000E+7,  9.162724E-5
1.771625E+7,  1.205094E-4
1.772250E+7,  1.110360E-4
1.772875E+7,  2.697762E-5
1.773500E+7,  8.376315E-5
1.774125E+7,  1.185834E-4
1.774750E+7,  3.411621E-5
1.775375E+7,  1.153424E-4
1.776000E+7,  9.570643E-5
1.776625E+7,  1.707077E-4
1.777250E+7,  1.289025E-4
1.777875E+7,  9.425730E-5
1.778500E+7,  8.390844E-5
1.779125E+7,  1.704097E-4
1.779750E+7,  2.701860E-5
1.780375E+7,  1.061559E-4
1.781000E+7,  7.125735E-5
1.781625E+7,  1.154840E-4
1.782250E+7,  2.618041E-5
1.782875E+7,  5.971082E-5
1.783500E+7,  5.972572E-5
1.784125E+7,  1.657289E-5
1.784750E+7,  7.614493E-5
1.785375E+7,  8.943304E-5
1.786000E+7,  7.710233E-5
1.786625E+7,  1.483634E-4
1.787250E+7,  9.822845E-5
1.787875E+7,  8.694082E-5
1.788500E+7,  9.708852E-5
1.789125E+7,  1.207460E-5
1.789750E+7,  1.191124E-4
1.790375E+7,  1.041964E-4
1.791000E+7,  7.741153E-5
1.791625E+7,  5.243905E-5
1.792250E+7,  7.517263E-5
1.792875E+7,  5.862443E-6
1.793500E+7,  2.114940E-5
1.794125E+7,  6.107241E-5
1.794750E+7,  1.210067E-5
1.795375E+7,  7.676706E-5
1.796000E+7,  1.663640E-4
1.796625E+7,  3.522448E-5
1.797250E+7,  1.292303E-4
1.797875E+7,  1.311954E-5
1.798500E+7,  3.533624E-5
1.799125E+7,  9.986758E-5
1.799750E+7,  5.872734E-5
1.800375E+7,  7.821620E-5
1.801000E+7,  9.935349E-5
1.801625E+7,  5.667284E-5
1.802250E+7,  7.547811E-5
1.802875E+7,  3.994629E-5
1.803500E+7,  1.087263E-4
1.804125E+7,  8.924678E-5
1.804750E+7,  8.155033E-5
1.805375E+7,  2.117734E-5
1.806000E+7,  7.149577E-5
1.806625E+7,  5.573407E-5
1.807250E+7,  2.421904E-5
1.807875E+7,  1.482368E-4
1.808500E+7,  3.992394E-5
1.809125E+7,  1.235977E-4
1.809750E+7,  8.125603E-5
1.810375E+7,  9.410456E-5
1.811000E+7,  1.211278E-5
1.811625E+7,  7.994473E-5
1.812250E+7,  1.313677E-5
1.812875E+7,  1.435652E-4
1.813500E+7,  9.191781E-5
1.814125E+7,  1.393631E-4
1.814750E+7,  4.128553E-5
1.815375E+7,  5.233288E-5
1.816000E+7,  2.495665E-5
1.816625E+7,  1.248047E-4
1.817250E+7,  1.667887E-4
1.817875E+7,  1.304820E-4
1.818500E+7,  1.312867E-4
1.819125E+7,  1.060218E-4
1.819750E+7,  1.851916E-4
1.820375E+7,  1.340955E-4
1.821000E+7,  8.323416E-5
1.821625E+7,  2.495106E-5
1.822250E+7,  5.890243E-5
1.822875E+7,  5.063973E-5
1.823500E+7,  1.192093E-4
1.824125E+7,  6.533042E-5
1.824750E+7,  5.803443E-5
1.825375E+7,  3.290735E-5
1.826000E+7,  8.833408E-5
1.826625E+7,  4.087947E-5
1.827250E+7,  4.284456E-5
1.827875E+7,  7.066876E-5
1.828500E+7,  6.457046E-5
1.829125E+7,  2.373569E-5
1.829750E+7,  3.723055E-5
1.830375E+7,  4.162826E-5
1.831000E+7,  6.711483E-5
1.831625E+7,  1.063123E-4
1.832250E+7,  6.583054E-6
1.832875E+7,  3.595464E-5
1.833500E+7,  5.311333E-5
1.834125E+7,  5.953945E-5
1.834750E+7,  7.363781E-5
1.835375E+7,  3.535859E-5
1.836000E+7,  8.337200E-5
1.836625E+7,  1.269877E-4
1.837250E+7,  1.083165E-4
1.837875E+7,  1.595095E-4
1.838500E+7,  3.956258E-5
1.839125E+7,  1.184754E-4
1.839750E+7,  4.137680E-5
1.840375E+7,  1.223087E-4
1.841000E+7,  9.677187E-5
1.841625E+7,  9.491667E-5
1.842250E+7,  2.720114E-5
1.842875E+7,  6.905198E-5
1.843500E+7,  5.896576E-5
1.844125E+7,  5.437247E-5
1.844750E+7,  2.948008E-5
1.845375E+7,  8.025393E-5
1.846000E+7,  7.551536E-5
1.846625E+7,  5.013682E-5
1.847250E+7,  5.926937E-5
1.847875E+7,  7.136911E-5
1.848500E+7,  7.505342E-5
1.849125E+7,  2.720580E-5
1.849750E+7,  1.424998E-4
1.850375E+7,  4.254654E-5
1.851000E+7,  1.122020E-4
1.851625E+7,  1.341105E-4
1.852250E+7,  1.811758E-4
1.852875E+7,  4.424527E-5
1.853500E+7,  5.735271E-5
1.854125E+7,  3.552623E-5
1.854750E+7,  1.114383E-4
1.855375E+7,  1.147017E-4
1.856000E+7,  1.005866E-4