SAVED BY: 
TITLE: 
COMMENTS: 
DATE: 10/27/2020
TIME: 2:05 PM

STIMULUS, RESPONSE

8.560000E+6,  1.480207E-4
8.566250E+6,  1.288727E-4
8.572500E+6,  1.656637E-4
8.578750E+6,  1.628622E-4
8.585000E+6,  1.696348E-4
8.591250E+6,  1.809150E-4
8.597500E+6,  1.803115E-4
8.603750E+6,  1.597628E-4
8.610000E+6,  1.831055E-4
8.616250E+6,  1.429170E-4
8.622500E+6,  1.779199E-4
8.628750E+6,  1.588762E-4
8.635000E+6,  1.682565E-4
8.641250E+6,  1.716837E-4
8.647500E+6,  1.566708E-4
8.653750E+6,  1.725480E-4
8.660000E+6,  1.635253E-4
8.666250E+6,  1.820028E-4
8.672500E+6,  1.566932E-4
8.678750E+6,  1.743138E-4
8.685000E+6,  1.742914E-4
8.691250E+6,  1.726300E-4
8.697500E+6,  1.607388E-4
8.703750E+6,  1.675412E-4
8.710000E+6,  1.905560E-4
8.716250E+6,  1.840591E-4
8.722500E+6,  1.795813E-4
8.728750E+6,  1.888648E-4
8.735000E+6,  1.667365E-4
8.741250E+6,  1.873747E-4
8.747500E+6,  1.521930E-4
8.753750E+6,  1.531690E-4
8.760000E+6,  1.653284E-4
8.766250E+6,  1.733825E-4
8.772500E+6,  1.685992E-4
8.778750E+6,  2.091601E-4
8.785000E+6,  1.616925E-4
8.791250E+6,  1.980215E-4
8.797500E+6,  1.705736E-4
8.803750E+6,  1.784787E-4
8.810000E+6,  1.649410E-4
8.816250E+6,  1.830459E-4
8.822500E+6,  1.765117E-4
8.828750E+6,  1.342744E-4
8.835000E+6,  1.734346E-4
8.841250E+6,  1.862794E-4
8.847500E+6,  1.726523E-4
8.853750E+6,  1.955926E-4
8.860000E+6,  1.753643E-4
8.866250E+6,  1.965016E-4
8.872500E+6,  1.851395E-4
8.878750E+6,  1.906008E-4
8.885000E+6,  1.956075E-4
8.891250E+6,  1.830980E-4
8.897500E+6,  1.801774E-4
8.903750E+6,  1.965240E-4
8.910000E+6,  1.863539E-4
8.916250E+6,  1.696348E-4
8.922500E+6,  1.875758E-4
8.928750E+6,  1.841113E-4
8.935000E+6,  1.776442E-4
8.941250E+6,  2.076849E-4
8.947500E+6,  1.968741E-4
8.953750E+6,  1.941025E-4
8.960000E+6,  1.940951E-4
8.966250E+6,  1.930594E-4
8.972500E+6,  1.820177E-4
8.978750E+6,  1.881942E-4
8.985000E+6,  2.064183E-4
8.991250E+6,  1.955181E-4
8.997500E+6,  1.984164E-4
9.003750E+6,  1.941919E-4
9.010000E+6,  1.995638E-4
9.016250E+6,  2.073795E-4
9.022500E+6,  1.955554E-4
9.028750E+6,  2.010539E-4
9.035000E+6,  1.902059E-4
9.041250E+6,  2.074167E-4
9.047500E+6,  1.877323E-4
9.053750E+6,  1.962110E-4
9.060000E+6,  1.966581E-4
9.066250E+6,  1.956075E-4
9.072500E+6,  1.930296E-4
9.078750E+6,  1.968294E-4
9.085000E+6,  2.086163E-4
9.091250E+6,  2.028570E-4
9.097500E+6,  2.033114E-4
9.103750E+6,  2.033263E-4
9.110000E+6,  1.826137E-4
9.116250E+6,  2.101511E-4
9.122500E+6,  2.023280E-4
9.128750E+6,  1.982152E-4
9.135000E+6,  2.077892E-4
9.141250E+6,  2.245381E-4
9.147500E+6,  1.842007E-4
9.153750E+6,  2.231970E-4
9.160000E+6,  1.933724E-4
9.166250E+6,  2.034083E-4
9.172500E+6,  2.143234E-4
9.178750E+6,  2.125353E-4
9.185000E+6,  2.021790E-4
9.191250E+6,  2.231225E-4
9.197500E+6,  1.982898E-4
9.203750E+6,  2.021715E-4
9.210000E+6,  2.101585E-4
9.216250E+6,  2.190620E-4
9.222500E+6,  2.089143E-4
9.228750E+6,  2.178997E-4
9.235000E+6,  2.234131E-4
9.241250E+6,  2.335832E-4
9.247500E+6,  2.063140E-4
9.253750E+6,  2.216101E-4
9.260000E+6,  2.171248E-4
9.266250E+6,  2.378523E-4
9.272500E+6,  2.103671E-4
9.278750E+6,  2.221167E-4
9.285000E+6,  2.116561E-4
9.291250E+6,  2.051145E-4
9.297500E+6,  2.235696E-4
9.303750E+6,  2.287775E-4
9.310000E+6,  2.093613E-4
9.316250E+6,  2.205223E-4
9.322500E+6,  2.064928E-4
9.328750E+6,  2.189279E-4
9.335000E+6,  2.379492E-4
9.341250E+6,  2.369657E-4
9.347500E+6,  2.301931E-4
9.353750E+6,  2.220497E-4
9.360000E+6,  2.292097E-4
9.366250E+6,  2.032965E-4
9.372500E+6,  2.040640E-4
9.378750E+6,  2.317801E-4
9.385000E+6,  2.105460E-4
9.391250E+6,  2.352968E-4
9.397500E+6,  2.328977E-4
9.403750E+6,  2.161339E-4
9.410000E+6,  2.297610E-4
9.416250E+6,  2.394691E-4
9.422500E+6,  2.355948E-4
9.428750E+6,  2.223477E-4
9.435000E+6,  2.191663E-4
9.441250E+6,  2.299622E-4
9.447500E+6,  2.303421E-4
9.453750E+6,  2.191961E-4
9.460000E+6,  2.382845E-4
9.466250E+6,  2.210736E-4
9.472500E+6,  2.355799E-4
9.478750E+6,  2.379641E-4
9.485000E+6,  2.486557E-4
9.491250E+6,  2.300516E-4
9.497500E+6,  2.332181E-4
9.503750E+6,  2.289191E-4
9.510000E+6,  2.212748E-4
9.516250E+6,  2.380982E-4
9.522500E+6,  2.414286E-4
9.528750E+6,  2.384558E-4
9.535000E+6,  2.229586E-4
9.541250E+6,  2.411976E-4
9.547500E+6,  2.285838E-4
9.553750E+6,  2.383441E-4
9.560000E+6,  2.463758E-4
9.566250E+6,  2.513975E-4
9.572500E+6,  2.402365E-4
9.578750E+6,  2.557188E-4
9.585000E+6,  2.368316E-4
9.591250E+6,  2.399758E-4
9.597500E+6,  2.397150E-4
9.603750E+6,  2.559423E-4
9.610000E+6,  2.446622E-4
9.616250E+6,  2.619326E-4
9.622500E+6,  2.431348E-4
9.628750E+6,  2.525449E-4
9.635000E+6,  2.524853E-4
9.641250E+6,  2.397969E-4
9.647500E+6,  2.400354E-4
9.653750E+6,  2.557784E-4
9.660000E+6,  2.338961E-4
9.666250E+6,  2.480745E-4
9.672500E+6,  2.495944E-4
9.678750E+6,  2.525300E-4
9.685000E+6,  2.638698E-4
9.691250E+6,  2.747476E-4
9.697500E+6,  2.494901E-4
9.703750E+6,  2.574176E-4
9.710000E+6,  2.591908E-4
9.716250E+6,  2.647042E-4
9.722500E+6,  2.418831E-4
9.728750E+6,  2.699047E-4
9.735000E+6,  2.728105E-4
9.741250E+6,  2.781302E-4
9.747500E+6,  2.453476E-4
9.753750E+6,  2.526194E-4
9.760000E+6,  2.701283E-4
9.766250E+6,  2.768934E-4
9.772500E+6,  2.543330E-4
9.778750E+6,  2.814680E-4
9.785000E+6,  2.769381E-4
9.791250E+6,  2.640486E-4
9.797500E+6,  2.626032E-4
9.803750E+6,  2.708584E-4
9.810000E+6,  2.816021E-4
9.816250E+6,  2.770275E-4
9.822500E+6,  2.833456E-4
9.828750E+6,  2.589524E-4
9.835000E+6,  2.971739E-4
9.841250E+6,  2.597719E-4
9.847500E+6,  2.633184E-4
9.853750E+6,  2.845675E-4
9.860000E+6,  2.657473E-4
9.866250E+6,  2.772957E-4
9.872500E+6,  2.649277E-4
9.878750E+6,  2.944171E-4
9.885000E+6,  2.723932E-4
9.891250E+6,  2.934635E-4
9.897500E+6,  2.668947E-4
9.903750E+6,  2.820045E-4
9.910000E+6,  2.785772E-4
9.916250E+6,  2.968907E-4
9.922500E+6,  2.694875E-4
9.928750E+6,  2.886206E-4
9.935000E+6,  2.855957E-4
9.941250E+6,  3.068000E-4
9.947500E+6,  3.013164E-4
9.953750E+6,  2.832413E-4
9.960000E+6,  2.733320E-4
9.966250E+6,  2.972484E-4
9.972500E+6,  2.911091E-4
9.978750E+6,  3.068149E-4
9.985000E+6,  2.769977E-4
9.991250E+6,  3.109574E-4
9.997500E+6,  2.935678E-4
1.000375E+7,  2.894104E-4
1.001000E+7,  3.166497E-4
1.001625E+7,  2.969354E-4
1.002250E+7,  2.690703E-4
1.002875E+7,  3.172010E-4
1.003500E+7,  3.103018E-4
1.004125E+7,  2.909899E-4
1.004750E+7,  2.999455E-4
1.005375E+7,  2.870858E-4
1.006000E+7,  3.068149E-4
1.006625E+7,  3.095567E-4
1.007250E+7,  3.009737E-4
1.007875E+7,  2.851933E-4
1.008500E+7,  3.106296E-4
1.009125E+7,  3.188252E-4
1.009750E+7,  3.145188E-4
1.010375E+7,  2.882928E-4
1.011000E+7,  3.127605E-4
1.011625E+7,  3.246516E-4
1.012250E+7,  3.029853E-4
1.012875E+7,  3.366768E-4
1.013500E+7,  2.968013E-4
1.014125E+7,  3.146380E-4
1.014750E+7,  3.162622E-4
1.015375E+7,  3.264993E-4
1.016000E+7,  3.265291E-4
1.016625E+7,  2.987832E-4
1.017250E+7,  3.009886E-4
1.017875E+7,  3.188103E-4
1.018500E+7,  3.401339E-4
1.019125E+7,  3.110021E-4
1.019750E+7,  3.225058E-4
1.020375E+7,  3.294200E-4
1.021000E+7,  3.054589E-4
1.021625E+7,  3.148168E-4
1.022250E+7,  3.243238E-4
1.022875E+7,  3.346503E-4
1.023500E+7,  3.225952E-4
1.024125E+7,  3.392398E-4
1.024750E+7,  3.539175E-4
1.025375E+7,  3.414005E-4
1.026000E+7,  3.316998E-4
1.026625E+7,  3.229380E-4
1.027250E+7,  3.485233E-4
1.027875E+7,  3.409386E-4
1.028500E+7,  3.348291E-4
1.029125E+7,  3.604144E-4
1.029750E+7,  3.257245E-4
1.030375E+7,  3.426820E-4
1.031000E+7,  3.127456E-4
1.031625E+7,  3.350675E-4
1.032250E+7,  3.384650E-4
1.032875E+7,  3.469437E-4
1.033500E+7,  3.169626E-4
1.034125E+7,  3.405660E-4
1.034750E+7,  3.548115E-4
1.035375E+7,  3.372729E-4
1.036000E+7,  3.391504E-4
1.036625E+7,  3.365427E-4
1.037250E+7,  3.602058E-4
1.037875E+7,  3.563911E-4
1.038500E+7,  3.360510E-4
1.039125E+7,  3.508478E-4
1.039750E+7,  3.468990E-4
1.040375E+7,  3.685951E-4
1.041000E+7,  3.648102E-4
1.041625E+7,  3.601015E-4
1.042250E+7,  3.642887E-4
1.042875E+7,  3.708750E-4
1.043500E+7,  3.786534E-4
1.044125E+7,  3.490299E-4
1.044750E+7,  3.722310E-4
1.045375E+7,  3.726631E-4
1.046000E+7,  3.516674E-4
1.046625E+7,  3.589690E-4
1.047250E+7,  3.763437E-4
1.047875E+7,  3.785193E-4
1.048500E+7,  3.699809E-4
1.049125E+7,  3.731251E-4
1.049750E+7,  3.934503E-4
1.050375E+7,  3.776550E-4
1.051000E+7,  3.724694E-4
1.051625E+7,  3.842711E-4
1.052250E+7,  3.866404E-4
1.052875E+7,  4.026294E-4
1.053500E+7,  3.710836E-4
1.054125E+7,  4.043877E-4
1.054750E+7,  3.997982E-4
1.055375E+7,  3.978908E-4
1.056000E+7,  3.970712E-4
1.056625E+7,  3.882796E-4
1.057250E+7,  3.936738E-4
1.057875E+7,  4.045814E-4
1.058500E+7,  3.965646E-4
1.059125E+7,  3.913343E-4
1.059750E+7,  3.991127E-4
1.060375E+7,  4.137307E-4
1.061000E+7,  3.993511E-4
1.061625E+7,  4.349947E-4
1.062250E+7,  3.970414E-4
1.062875E+7,  4.265457E-4
1.063500E+7,  3.863275E-4
1.064125E+7,  4.160106E-4
1.064750E+7,  4.181117E-4
1.065375E+7,  4.022568E-4
1.066000E+7,  4.250854E-4
1.066625E+7,  4.092902E-4
1.067250E+7,  4.210025E-4
1.067875E+7,  4.350394E-4
1.068500E+7,  4.357696E-4
1.069125E+7,  4.296005E-4
1.069750E+7,  4.326105E-4
1.070375E+7,  4.339963E-4
1.071000E+7,  4.383177E-4
1.071625E+7,  4.331023E-4
1.072250E+7,  4.318506E-4
1.072875E+7,  4.362166E-4
1.073500E+7,  4.460514E-4
1.074125E+7,  4.317611E-4
1.074750E+7,  4.379153E-4
1.075375E+7,  4.398823E-4
1.076000E+7,  4.404634E-4
1.076625E+7,  4.443973E-4
1.077250E+7,  4.446656E-4
1.077875E+7,  4.537404E-4
1.078500E+7,  4.469752E-4
1.079125E+7,  4.822761E-4
1.079750E+7,  4.463345E-4
1.080375E+7,  4.740059E-4
1.081000E+7,  4.515499E-4
1.081625E+7,  4.665554E-4
1.082250E+7,  4.457086E-4
1.082875E+7,  4.704446E-4
1.083500E+7,  4.573911E-4
1.084125E+7,  4.653484E-4
1.084750E+7,  4.650205E-4
1.085375E+7,  4.738122E-4
1.086000E+7,  4.691929E-4
1.086625E+7,  4.506558E-4
1.087250E+7,  4.668087E-4
1.087875E+7,  4.677624E-4
1.088500E+7,  4.599392E-4
1.089125E+7,  4.833937E-4
1.089750E+7,  4.797578E-4
1.090375E+7,  5.055070E-4
1.091000E+7,  4.917085E-4
1.091625E+7,  4.819036E-4
1.092250E+7,  4.820526E-4
1.092875E+7,  5.095601E-4
1.093500E+7,  4.923642E-4
1.094125E+7,  4.945695E-4
1.094750E+7,  4.837811E-4
1.095375E+7,  5.091429E-4
1.096000E+7,  5.038679E-4
1.096625E+7,  5.145371E-4
1.097250E+7,  4.972816E-4
1.097875E+7,  5.099177E-4
1.098500E+7,  5.178154E-4
1.099125E+7,  5.019307E-4
1.099750E+7,  5.072653E-4
1.100375E+7,  5.302727E-4
1.101000E+7,  5.153418E-4
1.101625E+7,  5.316734E-4
1.102250E+7,  5.225241E-4
1.102875E+7,  5.402267E-4
1.103500E+7,  5.071163E-4
1.104125E+7,  5.349219E-4
1.104750E+7,  5.125403E-4
1.105375E+7,  5.500019E-4
1.106000E+7,  5.474389E-4
1.106625E+7,  5.597174E-4
1.107250E+7,  5.607903E-4
1.107875E+7,  5.431473E-4
1.108500E+7,  5.277097E-4
1.109125E+7,  5.432665E-4
1.109750E+7,  5.510151E-4
1.110375E+7,  5.564690E-4
1.111000E+7,  5.509853E-4
1.111625E+7,  5.636215E-4
1.112250E+7,  5.668402E-4
1.112875E+7,  6.000102E-4
1.113500E+7,  5.800426E-4
1.114125E+7,  5.776584E-4
1.114750E+7,  5.656183E-4
1.115375E+7,  5.908906E-4
1.116000E+7,  5.876422E-4
1.116625E+7,  5.896091E-4
1.117250E+7,  5.900562E-4
1.117875E+7,  6.220341E-4
1.118500E+7,  5.927384E-4
1.119125E+7,  6.108880E-4
1.119750E+7,  6.045997E-4
1.120375E+7,  6.018281E-4
1.121000E+7,  6.560981E-4
1.121625E+7,  6.722510E-4
1.122250E+7,  7.019043E-4
1.122875E+7,  7.335544E-4
1.123500E+7,  8.230805E-4
1.124125E+7,  7.808805E-4
1.124750E+7,  7.812083E-4
1.125375E+7,  7.922053E-4
1.126000E+7,  7.815361E-4
1.126625E+7,  7.314384E-4
1.127250E+7,  8.077025E-4
1.127875E+7,  7.701218E-4
1.128500E+7,  7.916987E-4
1.129125E+7,  7.517040E-4
1.129750E+7,  6.993711E-4
1.130375E+7,  7.298589E-4
1.131000E+7,  7.455349E-4
1.131625E+7,  7.537007E-4
1.132250E+7,  7.714033E-4
1.132875E+7,  7.647872E-4
1.133500E+7,  7.810593E-4
1.134125E+7,  7.703304E-4
1.134750E+7,  7.700622E-4
1.135375E+7,  7.567704E-4
1.136000E+7,  7.015467E-4
1.136625E+7,  7.689297E-4
1.137250E+7,  7.854402E-4
1.137875E+7,  8.069277E-4
1.138500E+7,  7.915199E-4
1.139125E+7,  7.849932E-4
1.139750E+7,  7.503629E-4
1.140375E+7,  7.752776E-4
1.141000E+7,  7.405579E-4
1.141625E+7,  7.493198E-4
1.142250E+7,  7.556081E-4
1.142875E+7,  8.118749E-4
1.143500E+7,  7.890463E-4
1.144125E+7,  8.002520E-4
1.144750E+7,  8.481443E-4
1.145375E+7,  8.674562E-4
1.146000E+7,  8.755922E-4
1.146625E+7,  9.408295E-4
1.147250E+7,  8.731484E-4
1.147875E+7,  8.411407E-4
1.148500E+7,  8.666515E-4
1.149125E+7,  9.837151E-4
1.149750E+7,  9.804964E-4
1.150375E+7,  9.723902E-4
1.151000E+7,  9.918213E-4
1.151625E+7,  9.535849E-4
1.152250E+7,  9.472072E-4
1.152875E+7,  9.465814E-4
1.153500E+7,  8.620918E-4
1.154125E+7,  1.009941E-3
1.154750E+7,  9.940267E-4
1.155375E+7,  9.949803E-4
1.156000E+7,  1.113474E-3
1.156625E+7,  1.097679E-3
1.157250E+7,  1.096427E-3
1.157875E+7,  1.130641E-3
1.158500E+7,  1.210272E-3
1.159125E+7,  1.092076E-3
1.159750E+7,  1.113236E-3
1.160375E+7,  1.138747E-3
1.161000E+7,  1.167357E-3
1.161625E+7,  1.247704E-3
1.162250E+7,  1.328290E-3
1.162875E+7,  1.536667E-3
1.163500E+7,  1.627624E-3
1.164125E+7,  1.839578E-3
1.164750E+7,  2.017498E-3
1.165375E+7,  1.971006E-3
1.166000E+7,  1.920938E-3
1.166625E+7,  2.150536E-3
1.167250E+7,  2.019405E-3
1.167875E+7,  2.037764E-3
1.168500E+7,  2.033353E-3
1.169125E+7,  2.057076E-3
1.169750E+7,  2.083063E-3
1.170375E+7,  2.075553E-3
1.171000E+7,  2.077818E-3
1.171625E+7,  2.047420E-3
1.172250E+7,  2.108693E-3
1.172875E+7,  2.119780E-3
1.173500E+7,  2.169251E-3
1.174125E+7,  2.134919E-3
1.174750E+7,  2.169371E-3
1.175375E+7,  2.227664E-3
1.176000E+7,  2.169728E-3
1.176625E+7,  2.214551E-3
1.177250E+7,  2.246618E-3
1.177875E+7,  2.240539E-3
1.178500E+7,  2.252221E-3
1.179125E+7,  2.310157E-3
1.179750E+7,  2.308130E-3
1.180375E+7,  2.271295E-3
1.181000E+7,  2.298474E-3
1.181625E+7,  2.295732E-3
1.182250E+7,  2.320409E-3
1.182875E+7,  2.381206E-3
1.183500E+7,  2.344728E-3
1.184125E+7,  2.444625E-3
1.184750E+7,  2.423763E-3
1.185375E+7,  2.443790E-3
1.186000E+7,  2.497435E-3
1.186625E+7,  2.523541E-3
1.187250E+7,  2.502799E-3
1.187875E+7,  2.567172E-3
1.188500E+7,  2.551436E-3
1.189125E+7,  2.516866E-3
1.189750E+7,  2.570510E-3
1.190375E+7,  2.650499E-3
1.191000E+7,  2.695680E-3
1.191625E+7,  2.657652E-3
1.192250E+7,  2.679944E-3
1.192875E+7,  2.733827E-3
1.193500E+7,  2.721667E-3
1.194125E+7,  2.688527E-3
1.194750E+7,  2.755880E-3
1.195375E+7,  2.777338E-3
1.196000E+7,  2.808809E-3
1.196625E+7,  2.791047E-3
1.197250E+7,  2.783895E-3
1.197875E+7,  2.876520E-3
1.198500E+7,  2.853274E-3
1.199125E+7,  2.878785E-3
1.199750E+7,  2.855420E-3
1.200375E+7,  2.935171E-3
1.201000E+7,  2.913475E-3
1.201625E+7,  2.964616E-3
1.202250E+7,  2.958894E-3
1.202875E+7,  3.031254E-3
1.203500E+7,  2.985120E-3
1.204125E+7,  3.013492E-3
1.204750E+7,  2.999544E-3
1.205375E+7,  3.055215E-3
1.206000E+7,  3.035307E-3
1.206625E+7,  3.171206E-3
1.207250E+7,  3.184319E-3
1.207875E+7,  3.142953E-3
1.208500E+7,  3.140450E-3
1.209125E+7,  3.144264E-3
1.209750E+7,  3.176451E-3
1.210375E+7,  3.168583E-3
1.211000E+7,  3.253937E-3
1.211625E+7,  3.275275E-3
1.212250E+7,  3.270149E-3
1.212875E+7,  3.301144E-3
1.213500E+7,  3.317595E-3
1.214125E+7,  3.338099E-3
1.214750E+7,  3.347635E-3
1.215375E+7,  3.420472E-3
1.216000E+7,  3.416777E-3
1.216625E+7,  3.481984E-3
1.217250E+7,  3.447533E-3
1.217875E+7,  3.552794E-3
1.218500E+7,  3.553629E-3
1.219125E+7,  3.585935E-3
1.219750E+7,  3.592730E-3
1.220375E+7,  3.626466E-3
1.221000E+7,  3.653049E-3
1.221625E+7,  3.718138E-3
1.222250E+7,  3.756523E-3
1.222875E+7,  3.791332E-3
1.223500E+7,  3.858209E-3
1.224125E+7,  3.835917E-3
1.224750E+7,  3.896594E-3
1.225375E+7,  3.947735E-3
1.226000E+7,  4.008055E-3
1.226625E+7,  3.982306E-3
1.227250E+7,  4.064798E-3
1.227875E+7,  4.100561E-3
1.228500E+7,  4.160404E-3
1.229125E+7,  4.228115E-3
1.229750E+7,  4.238605E-3
1.230375E+7,  4.302025E-3
1.231000E+7,  4.352093E-3
1.231625E+7,  4.367590E-3
1.232250E+7,  4.407644E-3
1.232875E+7,  4.443169E-3
1.233500E+7,  4.463434E-3
1.234125E+7,  4.522324E-3
1.234750E+7,  4.605055E-3
1.235375E+7,  4.684448E-3
1.236000E+7,  4.683495E-3
1.236625E+7,  4.708052E-3
1.237250E+7,  4.743099E-3
1.237875E+7,  4.821301E-3
1.238500E+7,  4.877567E-3
1.239125E+7,  4.924774E-3
1.239750E+7,  4.973412E-3
1.240375E+7,  5.051374E-3
1.241000E+7,  5.110025E-3
1.241625E+7,  5.188465E-3
1.242250E+7,  5.223274E-3
1.242875E+7,  5.300045E-3
1.243500E+7,  5.383968E-3
1.244125E+7,  5.414486E-3
1.244750E+7,  5.491018E-3
1.245375E+7,  5.511284E-3
1.246000E+7,  5.632162E-3
1.246625E+7,  5.670309E-3
1.247250E+7,  5.708456E-3
1.247875E+7,  5.844831E-3
1.248500E+7,  5.846024E-3
1.249125E+7,  5.949497E-3
1.249750E+7,  5.995989E-3
1.250375E+7,  6.176710E-3
1.251000E+7,  6.193161E-3
1.251625E+7,  6.342411E-3
1.252250E+7,  6.381512E-3
1.252875E+7,  6.497860E-3
1.253500E+7,  6.501675E-3
1.254125E+7,  6.613731E-3
1.254750E+7,  6.672859E-3
1.255375E+7,  6.806612E-3
1.256000E+7,  6.917953E-3
1.256625E+7,  6.989241E-3
1.257250E+7,  7.100344E-3
1.257875E+7,  7.191896E-3
1.258500E+7,  7.268429E-3
1.259125E+7,  7.389069E-3
1.259750E+7,  7.473230E-3
1.260375E+7,  7.628202E-3
1.261000E+7,  7.702589E-3
1.261625E+7,  7.903099E-3
1.262250E+7,  7.934093E-3
1.262875E+7,  8.224487E-3
1.263500E+7,  8.053780E-3
1.264125E+7,  8.333683E-3
1.264750E+7,  8.479118E-3
1.265375E+7,  8.552074E-3
1.266000E+7,  8.745193E-3
1.266625E+7,  8.788586E-3
1.267250E+7,  9.072304E-3
1.267875E+7,  9.311676E-3
1.268500E+7,  9.657383E-3
1.269125E+7,  9.771824E-3
1.269750E+7,  9.387493E-3
1.270375E+7,  9.277821E-3
1.271000E+7,  1.073742E-2
1.271625E+7,  9.963036E-3
1.272250E+7,  1.016426E-2
1.272875E+7,  1.038027E-2
1.273500E+7,  1.065540E-2
1.274125E+7,  1.077843E-2
1.274750E+7,  1.108217E-2
1.275375E+7,  1.113081E-2
1.276000E+7,  1.136255E-2
1.276625E+7,  1.146889E-2
1.277250E+7,  8.584023E-3
1.277875E+7,  1.086950E-2
1.278500E+7,  1.253891E-2
1.279125E+7,  1.307869E-2
1.279750E+7,  1.258421E-2
1.280375E+7,  1.207304E-2
1.281000E+7,  1.120710E-2
1.281625E+7,  1.431131E-2
1.282250E+7,  1.419878E-2
1.282875E+7,  1.410055E-2
1.283500E+7,  1.321077E-2
1.284125E+7,  1.567364E-2
1.284750E+7,  1.559305E-2
1.285375E+7,  1.622486E-2
1.286000E+7,  1.614857E-2
1.286625E+7,  1.696873E-2
1.287250E+7,  1.716709E-2
1.287875E+7,  1.706409E-2
1.288500E+7,  1.704216E-2
1.289125E+7,  1.852989E-2
1.289750E+7,  1.852989E-2
1.290375E+7,  1.846313E-2
1.291000E+7,  1.907539E-2
1.291625E+7,  2.028465E-2
1.292250E+7,  1.794243E-2
1.292875E+7,  1.988029E-2
1.293500E+7,  1.841068E-2
1.294125E+7,  1.932621E-2
1.294750E+7,  1.637077E-2
1.295375E+7,  1.224852E-2
1.296000E+7,  9.846210E-3
1.296625E+7,  9.523392E-3
1.297250E+7,  9.857655E-3
1.297875E+7,  1.004267E-2
1.298500E+7,  1.016903E-2
1.299125E+7,  1.043606E-2
1.299750E+7,  1.067019E-2
1.300375E+7,  1.093531E-2
1.301000E+7,  1.122618E-2
1.301625E+7,  1.146078E-2
1.302250E+7,  1.180506E-2
1.302875E+7,  1.206255E-2
1.303500E+7,  1.241016E-2
1.304125E+7,  1.271629E-2
1.304750E+7,  1.305580E-2
1.305375E+7,  1.336622E-2
1.306000E+7,  1.372671E-2
1.306625E+7,  1.413822E-2
1.307250E+7,  1.451731E-2
1.307875E+7,  1.501894E-2
1.308500E+7,  1.543903E-2
1.309125E+7,  1.594543E-2
1.309750E+7,  1.636219E-2
1.310375E+7,  1.683044E-2
1.311000E+7,  1.737118E-2
1.311625E+7,  1.791477E-2
1.312250E+7,  1.854706E-2
1.312875E+7,  1.917934E-2
1.313500E+7,  1.981640E-2
1.314125E+7,  2.044964E-2
1.314750E+7,  2.122974E-2
1.315375E+7,  2.223110E-2
1.316000E+7,  2.305984E-2
1.316625E+7,  2.388191E-2
1.317250E+7,  2.457428E-2
1.317875E+7,  2.560425E-2
1.318500E+7,  2.657032E-2
1.319125E+7,  2.776241E-2
1.319750E+7,  2.847862E-2
1.320375E+7,  2.963352E-2
1.321000E+7,  3.115368E-2
1.321625E+7,  3.198242E-2
1.322250E+7,  3.329849E-2
1.322875E+7,  3.497887E-2
1.323500E+7,  3.675461E-2
1.324125E+7,  3.885841E-2
1.324750E+7,  4.146194E-2
1.325375E+7,  4.414368E-2
1.326000E+7,  4.591751E-2
1.326625E+7,  4.835892E-2
1.327250E+7,  5.103493E-2
1.327875E+7,  5.428123E-2
1.328500E+7,  5.677414E-2
1.329125E+7,  6.089973E-2
1.329750E+7,  6.414413E-2
1.330375E+7,  6.739044E-2
1.331000E+7,  7.330322E-2
1.331625E+7,  7.782745E-2
1.332250E+7,  8.478546E-2
1.332875E+7,  8.758926E-2
1.333500E+7,  9.076309E-2
1.334125E+7,  9.564972E-2
1.334750E+7,  1.014977E-1
1.335375E+7,  1.105843E-1
1.336000E+7,  1.181908E-1
1.336625E+7,  1.258545E-1
1.337250E+7,  1.375198E-1
1.337875E+7,  1.472015E-1
1.338500E+7,  1.584702E-1
1.339125E+7,  1.745682E-1
1.339750E+7,  1.883240E-1
1.340375E+7,  2.039642E-1
1.341000E+7,  2.234497E-1
1.341625E+7,  2.474442E-1
1.342250E+7,  2.713623E-1
1.342875E+7,  3.003387E-1
1.343500E+7,  3.326416E-1
1.344125E+7,  3.621826E-1
1.344750E+7,  3.992157E-1
1.345375E+7,  4.352417E-1
1.346000E+7,  4.696198E-1
1.346625E+7,  5.058289E-1
1.347250E+7,  5.414734E-1
1.347875E+7,  5.635376E-1
1.348500E+7,  5.763245E-1
1.349125E+7,  5.889893E-1
1.349750E+7,  5.977478E-1
1.350375E+7,  6.066589E-1
1.351000E+7,  6.058044E-1
1.351625E+7,  6.039734E-1
1.352250E+7,  6.038818E-1
1.352875E+7,  6.037903E-1
1.353500E+7,  6.047363E-1
1.354125E+7,  6.042480E-1
1.354750E+7,  6.044312E-1
1.355375E+7,  6.024475E-1
1.356000E+7,  5.970154E-1
1.356625E+7,  5.882263E-1
1.357250E+7,  5.742798E-1
1.357875E+7,  5.564575E-1
1.358500E+7,  5.324707E-1
1.359125E+7,  5.040588E-1
1.359750E+7,  4.722900E-1
1.360375E+7,  4.382782E-1
1.361000E+7,  4.046173E-1
1.361625E+7,  3.715363E-1
1.362250E+7,  3.408508E-1
1.362875E+7,  3.119812E-1
1.363500E+7,  2.862549E-1
1.364125E+7,  2.622681E-1
1.364750E+7,  2.404938E-1
1.365375E+7,  2.215347E-1
1.366000E+7,  2.046890E-1
1.366625E+7,  1.893845E-1
1.367250E+7,  1.756668E-1
1.367875E+7,  1.630554E-1
1.368500E+7,  1.520996E-1
1.369125E+7,  1.413727E-1
1.369750E+7,  1.323929E-1
1.370375E+7,  1.240997E-1
1.371000E+7,  1.170120E-1
1.371625E+7,  1.100731E-1
1.372250E+7,  1.041298E-1
1.372875E+7,  9.840393E-2
1.373500E+7,  9.382248E-2
1.374125E+7,  8.856583E-2
1.374750E+7,  8.454514E-2
1.375375E+7,  8.008194E-2
1.376000E+7,  7.680130E-2
1.376625E+7,  7.320023E-2
1.377250E+7,  7.009888E-2
1.377875E+7,  6.727600E-2
1.378500E+7,  6.451035E-2
1.379125E+7,  6.206512E-2
1.379750E+7,  5.961800E-2
1.380375E+7,  5.750084E-2
1.381000E+7,  5.538559E-2
1.381625E+7,  5.352402E-2
1.382250E+7,  5.169678E-2
1.382875E+7,  5.008316E-2
1.383500E+7,  4.850769E-2
1.384125E+7,  4.709053E-2
1.384750E+7,  4.564285E-2
1.385375E+7,  4.432678E-2
1.386000E+7,  4.311943E-2
1.386625E+7,  4.199409E-2
1.387250E+7,  4.089737E-2
1.387875E+7,  3.988647E-2
1.388500E+7,  3.896141E-2
1.389125E+7,  3.810310E-2
1.389750E+7,  3.718376E-2
1.390375E+7,  3.639603E-2
1.391000E+7,  3.562737E-2
1.391625E+7,  3.495026E-2
1.392250E+7,  3.425980E-2
1.392875E+7,  3.367043E-2
1.393500E+7,  3.306007E-2
1.394125E+7,  3.254318E-2
1.394750E+7,  3.201675E-2
1.395375E+7,  3.154564E-2
1.396000E+7,  3.106308E-2
1.396625E+7,  3.065586E-2
1.397250E+7,  3.027344E-2
1.397875E+7,  2.987480E-2
1.398500E+7,  2.959728E-2
1.399125E+7,  2.930546E-2
1.399750E+7,  2.906132E-2
1.400375E+7,  2.882195E-2
1.401000E+7,  2.861404E-2
1.401625E+7,  2.841473E-2
1.402250E+7,  2.826595E-2
1.402875E+7,  2.811146E-2
1.403500E+7,  2.801800E-2
1.404125E+7,  2.798653E-2
1.404750E+7,  2.794075E-2
1.405375E+7,  2.797222E-2
1.406000E+7,  2.794266E-2
1.406625E+7,  2.801037E-2
1.407250E+7,  2.813816E-2
1.407875E+7,  2.825546E-2
1.408500E+7,  2.843380E-2
1.409125E+7,  2.869225E-2
1.409750E+7,  2.893543E-2
1.410375E+7,  2.923679E-2
1.411000E+7,  2.963638E-2
1.411625E+7,  3.002834E-2
1.412250E+7,  3.054047E-2
1.412875E+7,  3.107929E-2
1.413500E+7,  3.177834E-2
1.414125E+7,  3.247261E-2
1.414750E+7,  3.340530E-2
1.415375E+7,  3.439140E-2
1.416000E+7,  3.548622E-2
1.416625E+7,  3.682709E-2
1.417250E+7,  3.824043E-2
1.417875E+7,  3.997231E-2
1.418500E+7,  4.194450E-2
1.419125E+7,  4.431725E-2
1.419750E+7,  4.705620E-2
1.420375E+7,  5.029106E-2
1.421000E+7,  5.413818E-2
1.421625E+7,  5.868912E-2
1.422250E+7,  6.409454E-2
1.422875E+7,  7.039261E-2
1.423500E+7,  7.764053E-2
1.424125E+7,  8.512497E-2
1.424750E+7,  9.177780E-2
1.425375E+7,  9.552002E-2
1.426000E+7,  9.418869E-2
1.426625E+7,  8.784103E-2
1.427250E+7,  7.843018E-2
1.427875E+7,  6.826782E-2
1.428500E+7,  5.893898E-2
1.429125E+7,  5.112457E-2
1.429750E+7,  4.449463E-2
1.430375E+7,  3.905678E-2
1.431000E+7,  3.452301E-2
1.431625E+7,  3.075504E-2
1.432250E+7,  2.756977E-2
1.432875E+7,  2.485847E-2
1.433500E+7,  2.254200E-2
1.434125E+7,  2.056694E-2
1.434750E+7,  1.879120E-2
1.435375E+7,  1.727295E-2
1.436000E+7,  1.591778E-2
1.436625E+7,  1.474285E-2
1.437250E+7,  1.367807E-2
1.437875E+7,  1.271391E-2
1.438500E+7,  1.188660E-2
1.439125E+7,  1.110554E-2
1.439750E+7,  1.037836E-2
1.440375E+7,  9.768009E-3
1.441000E+7,  9.165764E-3
1.441625E+7,  8.617401E-3
1.442250E+7,  8.141994E-3
1.442875E+7,  7.682085E-3
1.443500E+7,  7.259130E-3
1.444125E+7,  6.882668E-3
1.444750E+7,  6.518841E-3
1.445375E+7,  6.184816E-3
1.446000E+7,  5.860329E-3
1.446625E+7,  5.592823E-3
1.447250E+7,  5.312681E-3
1.447875E+7,  5.062342E-3
1.448500E+7,  4.848003E-3
1.449125E+7,  4.604578E-3
1.449750E+7,  4.410267E-3
1.450375E+7,  4.194975E-3
1.451000E+7,  4.028320E-3
1.451625E+7,  3.865361E-3
1.452250E+7,  3.681540E-3
1.452875E+7,  3.533363E-3
1.453500E+7,  3.387213E-3
1.454125E+7,  3.226280E-3
1.454750E+7,  3.131509E-3
1.455375E+7,  2.970338E-3
1.456000E+7,  2.890348E-3
1.456625E+7,  2.776504E-3
1.457250E+7,  2.654314E-3
1.457875E+7,  2.541065E-3
1.458500E+7,  2.445102E-3
1.459125E+7,  2.341032E-3
1.459750E+7,  2.249956E-3
1.460375E+7,  2.199173E-3
1.461000E+7,  2.108932E-3
1.461625E+7,  2.019286E-3
1.462250E+7,  1.929164E-3
1.462875E+7,  1.877964E-3
1.463500E+7,  1.830161E-3
1.464125E+7,  1.765311E-3
1.464750E+7,  1.703203E-3
1.465375E+7,  1.641452E-3
1.466000E+7,  1.590967E-3
1.466625E+7,  1.528144E-3
1.467250E+7,  1.479685E-3
1.467875E+7,  1.434207E-3
1.468500E+7,  1.399875E-3
1.469125E+7,  1.344681E-3
1.469750E+7,  1.309812E-3
1.470375E+7,  1.263142E-3
1.471000E+7,  1.196682E-3
1.471625E+7,  1.168728E-3
1.472250E+7,  1.138687E-3
1.472875E+7,  1.121938E-3
1.473500E+7,  1.073658E-3
1.474125E+7,  1.034319E-3
1.474750E+7,  1.019537E-3
1.475375E+7,  9.648204E-4
1.476000E+7,  9.177327E-4
1.476625E+7,  8.960068E-4
1.477250E+7,  8.924305E-4
1.477875E+7,  8.596480E-4
1.478500E+7,  8.314252E-4
1.479125E+7,  8.071065E-4
1.479750E+7,  7.851124E-4
1.480375E+7,  7.744730E-4
1.481000E+7,  7.537305E-4
1.481625E+7,  7.199943E-4
1.482250E+7,  7.128716E-4
1.482875E+7,  6.602705E-4
1.483500E+7,  6.765723E-4
1.484125E+7,  6.564260E-4
1.484750E+7,  6.305873E-4
1.485375E+7,  6.338060E-4
1.486000E+7,  5.833805E-4
1.486625E+7,  5.744696E-4
1.487250E+7,  5.528927E-4
1.487875E+7,  5.500317E-4
1.488500E+7,  5.331933E-4
1.489125E+7,  5.014837E-4
1.489750E+7,  5.137622E-4
1.490375E+7,  4.862845E-4
1.491000E+7,  4.650503E-4
1.491625E+7,  4.531592E-4
1.492250E+7,  4.413128E-4
1.492875E+7,  4.555583E-4
1.493500E+7,  4.251897E-4
1.494125E+7,  4.154742E-4
1.494750E+7,  3.941357E-4
1.495375E+7,  4.266798E-4
1.496000E+7,  3.674924E-4
1.496625E+7,  3.578514E-4
1.497250E+7,  3.559291E-4
1.497875E+7,  3.479570E-4
1.498500E+7,  3.459007E-4
1.499125E+7,  3.421158E-4
1.499750E+7,  3.113449E-4
1.500375E+7,  2.984256E-4
1.501000E+7,  3.032535E-4
1.501625E+7,  3.016740E-4
1.502250E+7,  2.680719E-4
1.502875E+7,  2.776980E-4
1.503500E+7,  2.822727E-4
1.504125E+7,  2.920777E-4
1.504750E+7,  2.607852E-4
1.505375E+7,  2.530813E-4
1.506000E+7,  2.406314E-4
1.506625E+7,  2.605617E-4
1.507250E+7,  2.519190E-4
1.507875E+7,  2.303421E-4
1.508500E+7,  2.299696E-4
1.509125E+7,  2.299175E-4
1.509750E+7,  2.054870E-4
1.510375E+7,  1.972690E-4
1.511000E+7,  2.054125E-4
1.511625E+7,  1.945570E-4
1.512250E+7,  1.934320E-4
1.512875E+7,  1.831278E-4
1.513500E+7,  1.968518E-4
1.514125E+7,  1.741499E-4
1.514750E+7,  1.678318E-4
1.515375E+7,  1.782700E-4
1.516000E+7,  1.519248E-4
1.516625E+7,  1.575351E-4
1.517250E+7,  1.576617E-4
1.517875E+7,  1.458526E-4
1.518500E+7,  1.358539E-4
1.519125E+7,  1.308098E-4
1.519750E+7,  1.276210E-4
1.520375E+7,  1.454577E-4
1.521000E+7,  1.273155E-4
1.521625E+7,  1.271367E-4
1.522250E+7,  1.290962E-4
1.522875E+7,  1.437664E-4
1.523500E+7,  1.522079E-4
1.524125E+7,  1.313686E-4
1.524750E+7,  1.007617E-4
1.525375E+7,  1.081191E-4
1.526000E+7,  1.200698E-4
1.526625E+7,  1.182742E-4
1.527250E+7,  1.269579E-4
1.527875E+7,  1.232773E-4
1.528500E+7,  1.177937E-4
1.529125E+7,  9.832904E-5
1.529750E+7,  9.283051E-5
1.530375E+7,  1.164600E-4
1.531000E+7,  1.111478E-4
1.531625E+7,  1.001172E-4
1.532250E+7,  9.366125E-5
1.532875E+7,  8.403882E-5
1.533500E+7,  9.811297E-5
1.534125E+7,  8.414686E-5
1.534750E+7,  7.259101E-5
1.535375E+7,  9.416789E-5
1.536000E+7,  7.257983E-5
1.536625E+7,  1.006350E-4
1.537250E+7,  9.118766E-5
1.537875E+7,  6.707385E-5
1.538500E+7,  7.695705E-5
1.539125E+7,  8.747727E-5
1.539750E+7,  7.143244E-5
1.540375E+7,  7.183477E-5
1.541000E+7,  6.278977E-5
1.541625E+7,  9.679049E-5
1.542250E+7,  5.230121E-5
1.542875E+7,  5.714037E-5
1.543500E+7,  7.116795E-5
1.544125E+7,  6.675720E-5
1.544750E+7,  5.966984E-5
1.545375E+7,  6.145611E-5
1.546000E+7,  6.266311E-5
1.546625E+7,  6.011128E-5
1.547250E+7,  6.287172E-5
1.547875E+7,  5.923584E-5
1.548500E+7,  5.956739E-5
1.549125E+7,  6.783009E-5
1.549750E+7,  6.563962E-5
1.550375E+7,  5.458854E-5
1.551000E+7,  5.386956E-5
1.551625E+7,  5.306117E-5
1.552250E+7,  5.299412E-5
1.552875E+7,  3.480352E-5
1.553500E+7,  6.465241E-5
1.554125E+7,  4.829839E-5
1.554750E+7,  7.108971E-5
1.555375E+7,  5.397014E-5
1.556000E+7,  5.207583E-5
1.556625E+7,  3.354996E-5
1.557250E+7,  4.856847E-5
1.557875E+7,  4.741736E-5
1.558500E+7,  3.762729E-5
1.559125E+7,  2.740696E-5
1.559750E+7,  3.340840E-5
1.560375E+7,  4.975311E-5
1.561000E+7,  4.727580E-5
1.561625E+7,  5.758554E-5
1.562250E+7,  1.662504E-5
1.562875E+7,  4.115142E-5
1.563500E+7,  1.987815E-5
1.564125E+7,  1.948979E-5
1.564750E+7,  1.721643E-5
1.565375E+7,  7.742085E-6
1.566000E+7,  3.846735E-5
1.566625E+7,  3.861729E-6
1.567250E+7,  1.539569E-5
1.567875E+7,  3.087521E-5
1.568500E+7,  2.420228E-5
1.569125E+7,  3.154948E-5
1.569750E+7,  3.820518E-6
1.570375E+7,  2.979580E-5
1.571000E+7,  2.043135E-5
1.571625E+7,  3.795722E-6
1.572250E+7,  1.903158E-5
1.572875E+7,  7.605879E-6
1.573500E+7,  1.564622E-5
1.574125E+7,  1.560524E-5
1.574750E+7,  2.732128E-5
1.575375E+7,  7.574912E-6
1.576000E+7,  1.070928E-5
1.576625E+7,  2.401881E-5
1.577250E+7,  2.398062E-5
1.577875E+7,  1.367368E-5
1.578500E+7,  1.074141E-5
1.579125E+7,  2.427772E-5
1.579750E+7,  2.305303E-5
1.580375E+7,  2.268236E-5
1.581000E+7,  1.689978E-5
1.581625E+7,  8.427538E-6
1.582250E+7,  1.686346E-5
1.582875E+7,  2.381299E-5
1.583500E+7,  1.508230E-5
1.584125E+7,  1.685601E-5
1.584750E+7,  2.133194E-5
1.585375E+7,  2.129283E-5
1.586000E+7,  8.413102E-6
1.586625E+7,  2.130773E-5
1.587250E+7,  1.681317E-5
1.587875E+7,  8.411240E-6
1.588500E+7,  2.710056E-5
1.589125E+7,  3.779121E-5
1.589750E+7,  1.546368E-5
1.590375E+7,  7.507158E-6
1.591000E+7,  7.508788E-6
1.591625E+7,  1.677964E-5
1.592250E+7,  1.677033E-5
1.592875E+7,  1.350837E-5
1.593500E+7,  1.060311E-5
1.594125E+7,  1.349999E-5
1.594750E+7,  1.496682E-5
1.595375E+7,  1.496915E-5
1.596000E+7,  1.496216E-5
1.596625E+7,  1.870282E-5
1.597250E+7,  3.450178E-5
1.597875E+7,  2.698041E-5
1.598500E+7,  2.014358E-5
1.599125E+7,  7.485738E-6
1.599750E+7,  3.739726E-6
1.600375E+7,  7.969141E-5
1.601000E+7,  1.082420E-4
1.601625E+7,  8.468702E-5
1.602250E+7,  7.167086E-5
1.602875E+7,  9.903312E-5
1.603500E+7,  1.397282E-4
1.604125E+7,  1.015365E-4
1.604750E+7,  3.903173E-5
1.605375E+7,  1.246855E-4
1.606000E+7,  2.320185E-4
1.606625E+7,  1.221597E-4
1.607250E+7,  1.631826E-4
1.607875E+7,  7.513911E-5
1.608500E+7,  1.227930E-4
1.609125E+7,  1.631603E-4
1.609750E+7,  8.653104E-5
1.610375E+7,  1.284294E-5
1.611000E+7,  3.906898E-5
1.611625E+7,  5.652197E-5
1.612250E+7,  5.394965E-5
1.612875E+7,  7.993728E-5
1.613500E+7,  6.624684E-5
1.614125E+7,  1.002401E-4
1.614750E+7,  3.091060E-5
1.615375E+7,  2.868660E-5
1.616000E+7,  7.577240E-5
1.616625E+7,  9.799376E-5
1.617250E+7,  6.723031E-5
1.617875E+7,  2.998579E-5
1.618500E+7,  5.915202E-5
1.619125E+7,  8.845329E-5
1.619750E+7,  8.642301E-5
1.620375E+7,  1.400933E-4
1.621000E+7,  1.035593E-4
1.621625E+7,  6.695837E-5
1.622250E+7,  9.260327E-5
1.622875E+7,  1.930669E-4
1.623500E+7,  9.417906E-5
1.624125E+7,  8.767843E-5
1.624750E+7,  8.483231E-5
1.625375E+7,  8.043647E-5
1.626000E+7,  4.485622E-5
1.626625E+7,  9.913743E-5
1.627250E+7,  6.420538E-6
1.627875E+7,  1.435075E-5
1.628500E+7,  2.828147E-5
1.629125E+7,  6.729737E-5
1.629750E+7,  8.227676E-5
1.630375E+7,  1.926534E-5
1.631000E+7,  8.694455E-5
1.631625E+7,  1.567528E-4
1.632250E+7,  6.325543E-5
1.632875E+7,  4.268065E-5
1.633500E+7,  5.774200E-5
1.634125E+7,  8.993596E-5
1.634750E+7,  9.773299E-5
1.635375E+7,  8.911267E-5
1.636000E+7,  9.142980E-5
1.636625E+7,  5.859695E-5
1.637250E+7,  8.995458E-5
1.637875E+7,  8.122064E-6
1.638500E+7,  1.242682E-4
1.639125E+7,  5.810335E-5
1.639750E+7,  6.459653E-5
1.640375E+7,  6.731600E-5
1.641000E+7,  8.095801E-5
1.641625E+7,  1.092851E-4
1.642250E+7,  4.144013E-5
1.642875E+7,  1.073703E-4
1.643500E+7,  5.244464E-5
1.644125E+7,  4.379824E-5
1.644750E+7,  3.216043E-5
1.645375E+7,  5.667284E-5
1.646000E+7,  8.168444E-5
1.646625E+7,  9.153783E-5
1.647250E+7,  3.213063E-5
1.647875E+7,  2.440624E-5
1.648500E+7,  7.546321E-5
1.649125E+7,  2.651103E-5
1.649750E+7,  5.902909E-5
1.650375E+7,  8.882210E-5
1.651000E+7,  1.193434E-4
1.651625E+7,  1.305416E-4
1.652250E+7,  3.216043E-5
1.652875E+7,  1.107752E-4
1.653500E+7,  8.496270E-5
1.654125E+7,  2.894271E-5
1.654750E+7,  5.700812E-5
1.655375E+7,  6.843731E-5
1.656000E+7,  1.091436E-4
1.656625E+7,  1.270249E-4
1.657250E+7,  1.048222E-4
1.657875E+7,  9.111315E-5
1.658500E+7,  2.577994E-5
1.659125E+7,  9.581074E-5
1.659750E+7,  9.436160E-5
1.660375E+7,  4.387461E-5
1.661000E+7,  7.061288E-5
1.661625E+7,  8.763373E-5
1.662250E+7,  5.506724E-5
1.662875E+7,  1.187949E-5
1.663500E+7,  1.509264E-4
1.664125E+7,  1.344159E-4
1.664750E+7,  1.611412E-4
1.665375E+7,  1.593232E-4
1.666000E+7,  2.011657E-4
1.666625E+7,  9.386986E-5
1.667250E+7,  1.552794E-5
1.667875E+7,  5.439483E-5
1.668500E+7,  3.879331E-5
1.669125E+7,  7.200241E-5
1.669750E+7,  6.405637E-5
1.670375E+7,  6.729364E-5
1.671000E+7,  6.129593E-5
1.671625E+7,  1.825020E-5
1.672250E+7,  1.821965E-4
1.672875E+7,  1.111291E-4
1.673500E+7,  1.277477E-4
1.674125E+7,  1.039542E-5
1.674750E+7,  1.456290E-4
1.675375E+7,  6.582960E-5
1.676000E+7,  6.330758E-5
1.676625E+7,  2.945215E-5
1.677250E+7,  8.393079E-5
1.677875E+7,  2.723467E-5
1.678500E+7,  2.328493E-5
1.679125E+7,  2.082903E-5
1.679750E+7,  2.255198E-5
1.680375E+7,  2.311822E-5
1.681000E+7,  8.679926E-5
1.681625E+7,  1.026019E-4
1.682250E+7,  2.256408E-5
1.682875E+7,  6.465986E-5
1.683500E+7,  8.495897E-5
1.684125E+7,  1.291335E-4
1.684750E+7,  3.699772E-5
1.685375E+7,  1.008771E-4
1.686000E+7,  9.066984E-5
1.686625E+7,  1.135617E-4
1.687250E+7,  1.283810E-4
1.687875E+7,  6.013922E-5
1.688500E+7,  8.173287E-6
1.689125E+7,  6.095879E-5
1.689750E+7,  6.463751E-5
1.690375E+7,  6.254762E-5
1.691000E+7,  8.182600E-5
1.691625E+7,  8.979440E-5
1.692250E+7,  6.768852E-5
1.692875E+7,  2.260692E-5
1.693500E+7,  4.950725E-5
1.694125E+7,  9.262934E-5
1.694750E+7,  8.151308E-5
1.695375E+7,  4.775263E-5
1.696000E+7,  6.597862E-5
1.696625E+7,  1.290888E-4
1.697250E+7,  1.193061E-4
1.697875E+7,  6.604567E-5
1.698500E+7,  1.854151E-4
1.699125E+7,  7.725880E-5
1.699750E+7,  6.977096E-5
1.700375E+7,  6.776676E-5
1.701000E+7,  1.181327E-4
1.701625E+7,  6.270036E-5
1.702250E+7,  9.365380E-5
1.702875E+7,  1.270846E-4
1.703500E+7,  1.153760E-4
1.704125E+7,  6.838143E-5
1.704750E+7,  8.239225E-5
1.705375E+7,  6.840378E-5
1.706000E+7,  9.000301E-5
1.706625E+7,  8.121133E-5
1.707250E+7,  8.119270E-5
1.707875E+7,  1.725331E-4
1.708500E+7,  8.831918E-5
1.709125E+7,  1.154132E-4
1.709750E+7,  2.320409E-4
1.710375E+7,  9.078160E-5
1.711000E+7,  1.285225E-4
1.711625E+7,  4.101917E-5
1.712250E+7,  7.256120E-5
1.712875E+7,  4.990399E-5
1.713500E+7,  1.045642E-5
1.714125E+7,  1.172647E-4
1.714750E+7,  9.657443E-5
1.715375E+7,  8.626655E-5
1.716000E+7,  2.959650E-5
1.716625E+7,  6.489921E-6
1.717250E+7,  7.428229E-5
1.717875E+7,  6.173551E-5
1.718500E+7,  8.948520E-5
1.719125E+7,  4.689209E-5
1.719750E+7,  2.919789E-5
1.720375E+7,  3.248081E-5
1.721000E+7,  7.284433E-5
1.721625E+7,  2.464093E-5
1.722250E+7,  2.677087E-5
1.722875E+7,  2.033915E-5
1.723500E+7,  7.901341E-5
1.724125E+7,  3.719702E-5
1.724750E+7,  5.259551E-5
1.725375E+7,  2.462883E-5
1.726000E+7,  6.632507E-5
1.726625E+7,  2.116058E-5
1.727250E+7,  1.405254E-4
1.727875E+7,  5.881302E-5
1.728500E+7,  3.899634E-5
1.729125E+7,  1.162589E-4
1.729750E+7,  1.838431E-5
1.730375E+7,  1.028329E-4
1.731000E+7,  1.233593E-4
1.731625E+7,  4.795939E-5
1.732250E+7,  5.933829E-5
1.732875E+7,  1.951586E-5
1.733500E+7,  9.012595E-5
1.734125E+7,  1.831278E-4
1.734750E+7,  1.482964E-4
1.735375E+7,  1.309142E-4
1.736000E+7,  8.399785E-5
1.736625E+7,  2.097525E-5
1.737250E+7,  1.215227E-4
1.737875E+7,  5.368143E-5
1.738500E+7,  4.365109E-5
1.739125E+7,  3.360510E-4
1.739750E+7,  3.683008E-5
1.740375E+7,  1.921207E-4
1.741000E+7,  5.368330E-5
1.741625E+7,  1.414120E-4
1.742250E+7,  1.287013E-4
1.742875E+7,  4.979223E-5
1.743500E+7,  6.646663E-5
1.744125E+7,  5.739182E-5
1.744750E+7,  1.174062E-4
1.745375E+7,  7.459894E-5
1.746000E+7,  4.437938E-5
1.746625E+7,  5.946308E-5
1.747250E+7,  1.773331E-5
1.747875E+7,  8.239411E-6
1.748500E+7,  7.283315E-5
1.749125E+7,  1.964644E-4
1.749750E+7,  1.613498E-4
1.750375E+7,  8.634850E-5
1.751000E+7,  7.172301E-5
1.751625E+7,  1.408085E-4
1.752250E+7,  6.395206E-5
1.752875E+7,  2.278853E-5
1.753500E+7,  8.752570E-6
1.754125E+7,  5.283952E-5
1.754750E+7,  2.126023E-5
1.755375E+7,  3.550947E-5
1.756000E+7,  5.218759E-5
1.756625E+7,  3.016293E-4
1.757250E+7,  7.582456E-5
1.757875E+7,  1.956429E-5
1.758500E+7,  5.254894E-5
1.759125E+7,  6.739050E-5
1.759750E+7,  1.845695E-5
1.760375E+7,  1.465976E-4
1.761000E+7,  7.031485E-5
1.761625E+7,  6.939471E-5
1.762250E+7,  4.126690E-5
1.762875E+7,  1.571234E-5
1.763500E+7,  5.024858E-5
1.764125E+7,  8.137524E-5
1.764750E+7,  7.255375E-5
1.765375E+7,  6.159395E-5
1.766000E+7,  8.939579E-5
1.766625E+7,  5.845726E-5
1.767250E+7,  3.148429E-5
1.767875E+7,  1.117103E-4
1.768500E+7,  1.307251E-5
1.769125E+7,  2.497993E-5
1.769750E+7,  5.387515E-5
1.770375E+7,  2.300143E-4
1.771000E+7,  2.349317E-4
1.771625E+7,  6.717816E-5
1.772250E+7,  9.683147E-5
1.772875E+7,  8.063018E-5
1.773500E+7,  1.346245E-4
1.774125E+7,  1.677051E-4
1.774750E+7,  3.005862E-4
1.775375E+7,  1.755543E-5
1.776000E+7,  8.599460E-5
1.776625E+7,  5.001947E-5
1.777250E+7,  8.891150E-5
1.777875E+7,  1.377016E-4
1.778500E+7,  1.136251E-4
1.779125E+7,  1.117811E-4
1.779750E+7,  8.860603E-5
1.780375E+7,  5.972199E-5
1.781000E+7,  6.023236E-5
1.781625E+7,  3.152527E-5
1.782250E+7,  1.105815E-4
1.782875E+7,  9.524450E-5
1.783500E+7,  6.037764E-5
1.784125E+7,  3.982708E-5
1.784750E+7,  1.171511E-5
1.785375E+7,  1.381040E-4
1.786000E+7,  6.858632E-5
1.786625E+7,  1.271963E-4
1.787250E+7,  2.286118E-5
1.787875E+7,  7.706508E-5
1.788500E+7,  1.321733E-4
1.789125E+7,  1.532733E-4
1.789750E+7,  4.731119E-5
1.790375E+7,  8.400157E-5
1.791000E+7,  5.865656E-5
1.791625E+7,  6.553018E-6
1.792250E+7,  2.333596E-4
1.792875E+7,  3.749505E-5
1.793500E+7,  7.132068E-5
1.794125E+7,  1.393333E-4
1.794750E+7,  9.110570E-5
1.795375E+7,  6.692484E-5
1.796000E+7,  1.024380E-4
1.796625E+7,  9.331480E-5
1.797250E+7,  9.553507E-5
1.797875E+7,  1.784135E-5
1.798500E+7,  1.057200E-4
1.799125E+7,  8.114800E-5
1.799750E+7,  7.681176E-5
1.800375E+7,  8.574128E-5
1.801000E+7,  1.878291E-5
1.801625E+7,  1.853518E-5
1.802250E+7,  4.150346E-5
1.802875E+7,  4.472211E-5
1.803500E+7,  1.085773E-4
1.804125E+7,  7.651374E-5
1.804750E+7,  9.479001E-5
1.805375E+7,  5.312823E-5
1.806000E+7,  1.313398E-5
1.806625E+7,  6.561354E-5
1.807250E+7,  4.272722E-5
1.807875E+7,  6.458908E-5
1.808500E+7,  1.765266E-4
1.809125E+7,  1.101792E-4
1.809750E+7,  7.216632E-5
1.810375E+7,  5.291402E-5
1.811000E+7,  1.315773E-4
1.811625E+7,  2.994295E-5
1.812250E+7,  6.981939E-5
1.812875E+7,  5.610101E-5
1.813500E+7,  7.360056E-5
1.814125E+7,  1.763180E-5
1.814750E+7,  1.971330E-5
1.815375E+7,  1.046024E-4
1.816000E+7,  3.942661E-5
1.816625E+7,  2.493057E-5
1.817250E+7,  6.135181E-5
1.817875E+7,  1.331046E-4
1.818500E+7,  1.894757E-4
1.819125E+7,  7.823110E-5
1.819750E+7,  1.236200E-4
1.820375E+7,  1.126304E-4
1.821000E+7,  8.549541E-5
1.821625E+7,  2.443641E-4
1.822250E+7,  8.131936E-5
1.822875E+7,  6.478280E-5
1.823500E+7,  2.998393E-5
1.824125E+7,  5.882932E-6
1.824750E+7,  6.116927E-5
1.825375E+7,  2.496596E-5
1.826000E+7,  4.115887E-5
1.826625E+7,  4.375540E-5
1.827250E+7,  7.206202E-5
1.827875E+7,  8.942187E-5
1.828500E+7,  1.149140E-4
1.829125E+7,  6.714836E-5
1.829750E+7,  2.513267E-5
1.830375E+7,  7.698312E-5
1.831000E+7,  1.315493E-5
1.831625E+7,  2.941396E-5
1.832250E+7,  6.212294E-5
1.832875E+7,  4.129484E-5
1.833500E+7,  8.369982E-5
1.834125E+7,  4.164129E-5
1.834750E+7,  2.426840E-5
1.835375E+7,  7.362664E-5
1.836000E+7,  5.332381E-5
1.836625E+7,  3.691018E-5
1.837250E+7,  3.873371E-5
1.837875E+7,  3.291853E-5
1.838500E+7,  5.930290E-5
1.839125E+7,  4.748255E-5
1.839750E+7,  3.534928E-5
1.840375E+7,  5.431287E-5
1.841000E+7,  1.318604E-4
1.841625E+7,  4.611537E-5
1.842250E+7,  3.966875E-5
1.842875E+7,  2.377760E-5
1.843500E+7,  7.171556E-5
1.844125E+7,  4.126690E-5
1.844750E+7,  3.548525E-5
1.845375E+7,  4.010089E-5
1.846000E+7,  6.591901E-5
1.846625E+7,  2.563447E-4
1.847250E+7,  8.584559E-5
1.847875E+7,  8.438900E-5
1.848500E+7,  7.686391E-5
1.849125E+7,  4.294701E-5
1.849750E+7,  4.865415E-5
1.850375E+7,  3.835186E-5
1.851000E+7,  9.021908E-5
1.851625E+7,  5.432963E-5
1.852250E+7,  5.928241E-5
1.852875E+7,  7.372722E-5
1.853500E+7,  1.427904E-4
1.854125E+7,  4.293770E-5
1.854750E+7,  1.305789E-4
1.855375E+7,  8.350983E-5
1.856000E+7,  1.003556E-4