SAVED BY: 
TITLE: 
COMMENTS: 
DATE: 10/27/2020
TIME: 1:04 PM

STIMULUS, RESPONSE

8.560000E+6,  1.770854E-4
8.566250E+6,  1.444444E-4
8.572500E+6,  1.633540E-4
8.578750E+6,  1.466572E-4
8.585000E+6,  1.523644E-4
8.591250E+6,  1.652837E-4
8.597500E+6,  1.419485E-4
8.603750E+6,  1.390055E-4
8.610000E+6,  1.677722E-4
8.616250E+6,  1.292750E-4
8.622500E+6,  1.511574E-4
8.628750E+6,  1.443997E-4
8.635000E+6,  1.437292E-4
8.641250E+6,  1.401305E-4
8.647500E+6,  1.538023E-4
8.653750E+6,  1.269504E-4
8.660000E+6,  1.338869E-4
8.666250E+6,  1.361147E-4
8.672500E+6,  1.269430E-4
8.678750E+6,  1.292452E-4
8.685000E+6,  1.323968E-4
8.691250E+6,  1.445189E-4
8.697500E+6,  1.567379E-4
8.703750E+6,  1.654327E-4
8.710000E+6,  1.557395E-4
8.716250E+6,  1.438558E-4
8.722500E+6,  1.568794E-4
8.728750E+6,  1.462623E-4
8.735000E+6,  1.537427E-4
8.741250E+6,  1.498759E-4
8.747500E+6,  1.346767E-4
8.753750E+6,  1.654550E-4
8.760000E+6,  1.620576E-4
8.766250E+6,  1.769215E-4
8.772500E+6,  1.343042E-4
8.778750E+6,  1.480281E-4
8.785000E+6,  1.479164E-4
8.791250E+6,  1.635551E-4
8.797500E+6,  1.600087E-4
8.803750E+6,  1.620948E-4
8.810000E+6,  1.500472E-4
8.816250E+6,  1.575276E-4
8.822500E+6,  1.755133E-4
8.828750E+6,  1.644343E-4
8.835000E+6,  1.664832E-4
8.841250E+6,  1.788735E-4
8.847500E+6,  1.514778E-4
8.853750E+6,  1.615435E-4
8.860000E+6,  1.667365E-4
8.866250E+6,  1.642108E-4
8.872500E+6,  1.303852E-4
8.878750E+6,  1.654625E-4
8.885000E+6,  1.666173E-4
8.891250E+6,  1.660883E-4
8.897500E+6,  1.672059E-4
8.903750E+6,  1.618043E-4
8.910000E+6,  1.501665E-4
8.916250E+6,  1.595095E-4
8.922500E+6,  1.545474E-4
8.928750E+6,  1.613349E-4
8.935000E+6,  1.622364E-4
8.941250E+6,  1.616478E-4
8.947500E+6,  1.666993E-4
8.953750E+6,  1.753643E-4
8.960000E+6,  1.480132E-4
8.966250E+6,  1.590177E-4
8.972500E+6,  1.798049E-4
8.978750E+6,  1.754388E-4
8.985000E+6,  1.615286E-4
8.991250E+6,  1.567826E-4
8.997500E+6,  1.692697E-4
9.003750E+6,  1.714081E-4
9.010000E+6,  1.719221E-4
9.016250E+6,  1.563281E-4
9.022500E+6,  1.488999E-4
9.028750E+6,  1.792759E-4
9.035000E+6,  1.622066E-4
9.041250E+6,  1.769960E-4
9.047500E+6,  1.790524E-4
9.053750E+6,  1.600161E-4
9.060000E+6,  1.688302E-4
9.066250E+6,  1.539513E-4
9.072500E+6,  1.929849E-4
9.078750E+6,  1.663640E-4
9.085000E+6,  1.635998E-4
9.091250E+6,  1.695380E-4
9.097500E+6,  1.667663E-4
9.103750E+6,  1.667812E-4
9.110000E+6,  1.734793E-4
9.116250E+6,  1.738966E-4
9.122500E+6,  1.676604E-4
9.128750E+6,  1.668781E-4
9.135000E+6,  1.624227E-4
9.141250E+6,  1.814738E-4
9.147500E+6,  1.941919E-4
9.153750E+6,  1.714230E-4
9.160000E+6,  1.581311E-4
9.166250E+6,  1.790076E-4
9.172500E+6,  1.664907E-4
9.178750E+6,  1.875088E-4
9.185000E+6,  1.898631E-4
9.191250E+6,  1.854077E-4
9.197500E+6,  1.592934E-4
9.203750E+6,  1.669079E-4
9.210000E+6,  1.639053E-4
9.216250E+6,  1.539811E-4
9.222500E+6,  1.700073E-4
9.228750E+6,  1.954213E-4
9.235000E+6,  1.839474E-4
9.241250E+6,  1.815632E-4
9.247500E+6,  1.741573E-4
9.253750E+6,  1.740903E-4
9.260000E+6,  1.793429E-4
9.266250E+6,  1.768768E-4
9.272500E+6,  1.676530E-4
9.278750E+6,  1.746640E-4
9.285000E+6,  1.946464E-4
9.291250E+6,  1.694933E-4
9.297500E+6,  1.690313E-4
9.303750E+6,  1.978651E-4
9.310000E+6,  1.791269E-4
9.316250E+6,  1.782775E-4
9.322500E+6,  1.818389E-4
9.328750E+6,  1.719072E-4
9.335000E+6,  1.794472E-4
9.341250E+6,  1.969486E-4
9.347500E+6,  1.668036E-4
9.353750E+6,  1.969710E-4
9.360000E+6,  1.805648E-4
9.366250E+6,  1.795739E-4
9.372500E+6,  1.817644E-4
9.378750E+6,  1.994893E-4
9.385000E+6,  1.843795E-4
9.391250E+6,  1.847893E-4
9.397500E+6,  1.742914E-4
9.403750E+6,  1.919791E-4
9.410000E+6,  1.924112E-4
9.416250E+6,  2.065971E-4
9.422500E+6,  1.882687E-4
9.428750E+6,  2.017617E-4
9.435000E+6,  1.843795E-4
9.441250E+6,  2.041683E-4
9.447500E+6,  1.824722E-4
9.453750E+6,  1.842752E-4
9.460000E+6,  1.826435E-4
9.466250E+6,  1.942366E-4
9.472500E+6,  1.969114E-4
9.478750E+6,  1.916662E-4
9.485000E+6,  1.868159E-4
9.491250E+6,  1.925752E-4
9.497500E+6,  1.967624E-4
9.503750E+6,  1.841411E-4
9.510000E+6,  1.943037E-4
9.516250E+6,  1.944155E-4
9.522500E+6,  1.869202E-4
9.528750E+6,  1.944453E-4
9.535000E+6,  1.897365E-4
9.541250E+6,  1.851246E-4
9.547500E+6,  1.844391E-4
9.553750E+6,  1.895353E-4
9.560000E+6,  1.996309E-4
9.566250E+6,  2.121702E-4
9.572500E+6,  2.070740E-4
9.578750E+6,  2.050623E-4
9.585000E+6,  1.895875E-4
9.591250E+6,  1.946315E-4
9.597500E+6,  2.222285E-4
9.603750E+6,  2.171248E-4
9.610000E+6,  2.174228E-4
9.616250E+6,  2.123117E-4
9.622500E+6,  1.796335E-4
9.628750E+6,  2.040043E-4
9.635000E+6,  1.946315E-4
9.641250E+6,  1.993924E-4
9.647500E+6,  1.894534E-4
9.653750E+6,  2.226084E-4
9.660000E+6,  2.095550E-4
9.666250E+6,  2.106726E-4
9.672500E+6,  2.051517E-4
9.678750E+6,  2.034083E-4
9.685000E+6,  2.006739E-4
9.691250E+6,  2.071783E-4
9.697500E+6,  1.906157E-4
9.703750E+6,  2.315417E-4
9.710000E+6,  2.359897E-4
9.716250E+6,  2.197698E-4
9.722500E+6,  2.074614E-4
9.728750E+6,  2.099052E-4
9.735000E+6,  2.072677E-4
9.741250E+6,  2.254248E-4
9.747500E+6,  1.921430E-4
9.753750E+6,  2.272651E-4
9.760000E+6,  1.899302E-4
9.766250E+6,  2.226382E-4
9.772500E+6,  2.122596E-4
9.778750E+6,  2.108142E-4
9.785000E+6,  2.000332E-4
9.791250E+6,  2.400205E-4
9.797500E+6,  2.036393E-4
9.803750E+6,  2.247170E-4
9.810000E+6,  2.274290E-4
9.816250E+6,  2.082586E-4
9.822500E+6,  2.101213E-4
9.828750E+6,  2.175495E-4
9.835000E+6,  2.327338E-4
9.841250E+6,  2.209395E-4
9.847500E+6,  2.203360E-4
9.853750E+6,  2.203435E-4
9.860000E+6,  2.084747E-4
9.866250E+6,  2.257153E-4
9.872500E+6,  2.250895E-4
9.878750E+6,  2.053007E-4
9.885000E+6,  2.338812E-4
9.891250E+6,  2.484173E-4
9.897500E+6,  2.237037E-4
9.903750E+6,  2.178326E-4
9.910000E+6,  2.135932E-4
9.916250E+6,  2.156720E-4
9.922500E+6,  2.228916E-4
9.928750E+6,  2.309084E-4
9.935000E+6,  2.268031E-4
9.941250E+6,  2.166554E-4
9.947500E+6,  2.252907E-4
9.953750E+6,  2.354383E-4
9.960000E+6,  2.459586E-4
9.966250E+6,  2.396330E-4
9.972500E+6,  2.335161E-4
9.978750E+6,  2.425611E-4
9.985000E+6,  2.493411E-4
9.991250E+6,  2.384782E-4
9.997500E+6,  2.207980E-4
1.000375E+7,  2.242029E-4
1.001000E+7,  2.327189E-4
1.001625E+7,  2.478659E-4
1.002250E+7,  2.436042E-4
1.002875E+7,  2.565235E-4
1.003500E+7,  2.356768E-4
1.004125E+7,  2.366602E-4
1.004750E+7,  2.287105E-4
1.005375E+7,  2.507716E-4
1.006000E+7,  2.549142E-4
1.006625E+7,  2.383143E-4
1.007250E+7,  2.485514E-4
1.007875E+7,  2.464652E-4
1.008500E+7,  2.353936E-4
1.009125E+7,  2.414286E-4
1.009750E+7,  2.566278E-4
1.010375E+7,  2.424568E-4
1.011000E+7,  2.398789E-4
1.011625E+7,  2.689809E-4
1.012250E+7,  2.541095E-4
1.012875E+7,  2.586991E-4
1.013500E+7,  2.607256E-4
1.014125E+7,  2.481639E-4
1.014750E+7,  2.607405E-4
1.015375E+7,  2.480745E-4
1.016000E+7,  2.468079E-4
1.016625E+7,  2.584606E-4
1.017250E+7,  2.414212E-4
1.017875E+7,  2.651513E-4
1.018500E+7,  2.494603E-4
1.019125E+7,  2.608448E-4
1.019750E+7,  2.622306E-4
1.020375E+7,  2.553910E-4
1.021000E+7,  2.577156E-4
1.021625E+7,  2.454519E-4
1.022250E+7,  2.439693E-4
1.022875E+7,  2.637953E-4
1.023500E+7,  2.623796E-4
1.024125E+7,  2.782643E-4
1.024750E+7,  2.552867E-4
1.025375E+7,  2.638549E-4
1.026000E+7,  2.459735E-4
1.026625E+7,  2.752841E-4
1.027250E+7,  2.469122E-4
1.027875E+7,  2.796501E-4
1.028500E+7,  2.499670E-4
1.029125E+7,  2.656281E-4
1.029750E+7,  2.685189E-4
1.030375E+7,  2.698898E-4
1.031000E+7,  2.699494E-4
1.031625E+7,  2.756566E-4
1.032250E+7,  2.694726E-4
1.032875E+7,  2.883673E-4
1.033500E+7,  2.576113E-4
1.034125E+7,  2.811849E-4
1.034750E+7,  2.982765E-4
1.035375E+7,  2.556145E-4
1.036000E+7,  2.826154E-4
1.036625E+7,  2.971739E-4
1.037250E+7,  2.787113E-4
1.037875E+7,  2.729595E-4
1.038500E+7,  2.719462E-4
1.039125E+7,  2.779365E-4
1.039750E+7,  2.671778E-4
1.040375E+7,  2.875775E-4
1.041000E+7,  2.913177E-4
1.041625E+7,  2.904832E-4
1.042250E+7,  2.885759E-4
1.042875E+7,  2.936423E-4
1.043500E+7,  2.942532E-4
1.044125E+7,  2.858192E-4
1.044750E+7,  2.680272E-4
1.045375E+7,  3.059953E-4
1.046000E+7,  2.831519E-4
1.046625E+7,  3.036112E-4
1.047250E+7,  2.828985E-4
1.047875E+7,  2.702773E-4
1.048500E+7,  2.871752E-4
1.049125E+7,  2.927184E-4
1.049750E+7,  3.018528E-4
1.050375E+7,  2.963245E-4
1.051000E+7,  2.918243E-4
1.051625E+7,  2.946556E-4
1.052250E+7,  2.798438E-4
1.052875E+7,  2.990961E-4
1.053500E+7,  3.070980E-4
1.054125E+7,  2.998263E-4
1.054750E+7,  2.932400E-4
1.055375E+7,  2.920479E-4
1.056000E+7,  3.116578E-4
1.056625E+7,  3.018528E-4
1.057250E+7,  2.970397E-4
1.057875E+7,  3.008693E-4
1.058500E+7,  3.196597E-4
1.059125E+7,  3.286898E-4
1.059750E+7,  3.096759E-4
1.060375E+7,  3.214329E-4
1.061000E+7,  2.904683E-4
1.061625E+7,  3.063679E-4
1.062250E+7,  2.911538E-4
1.062875E+7,  3.286600E-4
1.063500E+7,  3.015548E-4
1.064125E+7,  3.180206E-4
1.064750E+7,  3.072470E-4
1.065375E+7,  3.122538E-4
1.066000E+7,  2.963394E-4
1.066625E+7,  3.193170E-4
1.067250E+7,  3.248602E-4
1.067875E+7,  3.087372E-4
1.068500E+7,  3.282279E-4
1.069125E+7,  3.323108E-4
1.069750E+7,  3.352314E-4
1.070375E+7,  3.320575E-4
1.071000E+7,  3.179461E-4
1.071625E+7,  3.390014E-4
1.072250E+7,  3.413409E-4
1.072875E+7,  3.547370E-4
1.073500E+7,  3.247857E-4
1.074125E+7,  3.285408E-4
1.074750E+7,  3.059059E-4
1.075375E+7,  3.428161E-4
1.076000E+7,  3.290176E-4
1.076625E+7,  3.252476E-4
1.077250E+7,  3.439933E-4
1.077875E+7,  3.352612E-4
1.078500E+7,  3.329664E-4
1.079125E+7,  3.558546E-4
1.079750E+7,  3.578216E-4
1.080375E+7,  3.352761E-4
1.081000E+7,  3.457665E-4
1.081625E+7,  3.407598E-4
1.082250E+7,  3.457665E-4
1.082875E+7,  3.459305E-4
1.083500E+7,  3.426969E-4
1.084125E+7,  3.255308E-4
1.084750E+7,  3.445596E-4
1.085375E+7,  3.458112E-4
1.086000E+7,  3.572702E-4
1.086625E+7,  3.633499E-4
1.087250E+7,  3.538877E-4
1.087875E+7,  3.618002E-4
1.088500E+7,  3.571808E-4
1.089125E+7,  3.484190E-4
1.089750E+7,  3.540218E-4
1.090375E+7,  3.577769E-4
1.091000E+7,  3.705770E-4
1.091625E+7,  3.670305E-4
1.092250E+7,  3.539920E-4
1.092875E+7,  3.696531E-4
1.093500E+7,  3.571808E-4
1.094125E+7,  3.795177E-4
1.094750E+7,  3.740638E-4
1.095375E+7,  3.735572E-4
1.096000E+7,  3.776848E-4
1.096625E+7,  3.892779E-4
1.097250E+7,  3.933161E-4
1.097875E+7,  3.733039E-4
1.098500E+7,  3.541112E-4
1.099125E+7,  3.890991E-4
1.099750E+7,  3.865361E-4
1.100375E+7,  3.956109E-4
1.101000E+7,  3.892183E-4
1.101625E+7,  3.891140E-4
1.102250E+7,  3.859550E-4
1.102875E+7,  4.147291E-4
1.103500E+7,  4.120022E-4
1.104125E+7,  3.862977E-4
1.104750E+7,  4.216731E-4
1.105375E+7,  3.954321E-4
1.106000E+7,  4.017502E-4
1.106625E+7,  4.050732E-4
1.107250E+7,  4.120469E-4
1.107875E+7,  4.020035E-4
1.108500E+7,  3.991723E-4
1.109125E+7,  4.154742E-4
1.109750E+7,  4.248172E-4
1.110375E+7,  4.090965E-4
1.111000E+7,  4.256517E-4
1.111625E+7,  4.315972E-4
1.112250E+7,  4.219562E-4
1.112875E+7,  4.009008E-4
1.113500E+7,  4.260540E-4
1.114125E+7,  4.295707E-4
1.114750E+7,  4.296005E-4
1.115375E+7,  4.339069E-4
1.116000E+7,  4.281700E-4
1.116625E+7,  4.263073E-4
1.117250E+7,  4.396290E-4
1.117875E+7,  4.269481E-4
1.118500E+7,  4.364252E-4
1.119125E+7,  4.260093E-4
1.119750E+7,  4.644096E-4
1.120375E+7,  4.360974E-4
1.121000E+7,  4.798472E-4
1.121625E+7,  4.788488E-4
1.122250E+7,  5.186498E-4
1.122875E+7,  5.328953E-4
1.123500E+7,  5.704463E-4
1.124125E+7,  5.471408E-4
1.124750E+7,  5.678535E-4
1.125375E+7,  6.039441E-4
1.126000E+7,  5.542934E-4
1.126625E+7,  5.342364E-4
1.127250E+7,  5.849302E-4
1.127875E+7,  5.605519E-4
1.128500E+7,  5.554557E-4
1.129125E+7,  5.154908E-4
1.129750E+7,  4.784018E-4
1.130375E+7,  5.421340E-4
1.131000E+7,  5.437732E-4
1.131625E+7,  5.480647E-4
1.132250E+7,  5.798936E-4
1.132875E+7,  5.538762E-4
1.133500E+7,  5.770028E-4
1.134125E+7,  5.364120E-4
1.134750E+7,  5.603135E-4
1.135375E+7,  5.569756E-4
1.136000E+7,  5.212426E-4
1.136625E+7,  5.435944E-4
1.137250E+7,  5.531013E-4
1.137875E+7,  5.728900E-4
1.138500E+7,  5.662143E-4
1.139125E+7,  5.488396E-4
1.139750E+7,  5.425513E-4
1.140375E+7,  5.699992E-4
1.141000E+7,  5.263984E-4
1.141625E+7,  5.284548E-4
1.142250E+7,  5.469322E-4
1.142875E+7,  5.866289E-4
1.143500E+7,  5.497634E-4
1.144125E+7,  5.650818E-4
1.144750E+7,  5.997419E-4
1.145375E+7,  6.237328E-4
1.146000E+7,  6.147325E-4
1.146625E+7,  6.413758E-4
1.147250E+7,  6.167591E-4
1.147875E+7,  5.976558E-4
1.148500E+7,  6.207824E-4
1.149125E+7,  7.043779E-4
1.149750E+7,  6.932318E-4
1.150375E+7,  6.773174E-4
1.151000E+7,  6.817877E-4
1.151625E+7,  6.758571E-4
1.152250E+7,  6.690919E-4
1.152875E+7,  6.636083E-4
1.153500E+7,  6.016493E-4
1.154125E+7,  6.895661E-4
1.154750E+7,  6.727874E-4
1.155375E+7,  6.990135E-4
1.156000E+7,  7.703304E-4
1.156625E+7,  7.663965E-4
1.157250E+7,  7.699132E-4
1.157875E+7,  8.136928E-4
1.158500E+7,  8.854568E-4
1.159125E+7,  7.844865E-4
1.159750E+7,  7.440448E-4
1.160375E+7,  8.183122E-4
1.161000E+7,  8.026958E-4
1.161625E+7,  8.757114E-4
1.162250E+7,  8.846223E-4
1.162875E+7,  1.084208E-3
1.163500E+7,  1.172066E-3
1.164125E+7,  1.292229E-3
1.164750E+7,  1.384974E-3
1.165375E+7,  1.399159E-3
1.166000E+7,  1.339138E-3
1.166625E+7,  1.498580E-3
1.167250E+7,  1.435459E-3
1.167875E+7,  1.414180E-3
1.168500E+7,  1.433313E-3
1.169125E+7,  1.440704E-3
1.169750E+7,  1.409233E-3
1.170375E+7,  1.480341E-3
1.171000E+7,  1.424074E-3
1.171625E+7,  1.493931E-3
1.172250E+7,  1.474380E-3
1.172875E+7,  1.451433E-3
1.173500E+7,  1.477063E-3
1.174125E+7,  1.526237E-3
1.174750E+7,  1.481175E-3
1.175375E+7,  1.479685E-3
1.176000E+7,  1.550198E-3
1.176625E+7,  1.575112E-3
1.177250E+7,  1.562297E-3
1.177875E+7,  1.562595E-3
1.178500E+7,  1.580656E-3
1.179125E+7,  1.609504E-3
1.179750E+7,  1.614153E-3
1.180375E+7,  1.551211E-3
1.181000E+7,  1.565516E-3
1.181625E+7,  1.567006E-3
1.182250E+7,  1.594365E-3
1.182875E+7,  1.657248E-3
1.183500E+7,  1.662850E-3
1.184125E+7,  1.694381E-3
1.184750E+7,  1.679182E-3
1.185375E+7,  1.714885E-3
1.186000E+7,  1.691937E-3
1.186625E+7,  1.728773E-3
1.187250E+7,  1.741886E-3
1.187875E+7,  1.801610E-3
1.188500E+7,  1.732767E-3
1.189125E+7,  1.749933E-3
1.189750E+7,  1.792371E-3
1.190375E+7,  1.816034E-3
1.191000E+7,  1.831770E-3
1.191625E+7,  1.818240E-3
1.192250E+7,  1.832604E-3
1.192875E+7,  1.881003E-3
1.193500E+7,  1.848698E-3
1.194125E+7,  1.879275E-3
1.194750E+7,  1.869619E-3
1.195375E+7,  1.878619E-3
1.196000E+7,  1.882553E-3
1.196625E+7,  1.897514E-3
1.197250E+7,  1.906276E-3
1.197875E+7,  1.970410E-3
1.198500E+7,  1.961350E-3
1.199125E+7,  1.980066E-3
1.199750E+7,  1.945734E-3
1.200375E+7,  2.064705E-3
1.201000E+7,  2.002835E-3
1.201625E+7,  2.001405E-3
1.202250E+7,  2.075553E-3
1.202875E+7,  2.073526E-3
1.203500E+7,  2.056003E-3
1.204125E+7,  2.057433E-3
1.204750E+7,  2.030492E-3
1.205375E+7,  2.119303E-3
1.206000E+7,  2.026320E-3
1.206625E+7,  2.155304E-3
1.207250E+7,  2.135754E-3
1.207875E+7,  2.170920E-3
1.208500E+7,  2.094507E-3
1.209125E+7,  2.142072E-3
1.209750E+7,  2.135754E-3
1.210375E+7,  2.158642E-3
1.211000E+7,  2.193451E-3
1.211625E+7,  2.191067E-3
1.212250E+7,  2.194166E-3
1.212875E+7,  2.209187E-3
1.213500E+7,  2.230525E-3
1.214125E+7,  2.254844E-3
1.214750E+7,  2.295494E-3
1.215375E+7,  2.323151E-3
1.216000E+7,  2.333999E-3
1.216625E+7,  2.349854E-3
1.217250E+7,  2.319574E-3
1.217875E+7,  2.403140E-3
1.218500E+7,  2.367377E-3
1.219125E+7,  2.424717E-3
1.219750E+7,  2.426505E-3
1.220375E+7,  2.456546E-3
1.221000E+7,  2.484679E-3
1.221625E+7,  2.514482E-3
1.222250E+7,  2.457976E-3
1.222875E+7,  2.512455E-3
1.223500E+7,  2.595305E-3
1.224125E+7,  2.626061E-3
1.224750E+7,  2.606511E-3
1.225375E+7,  2.663016E-3
1.226000E+7,  2.682805E-3
1.226625E+7,  2.670884E-3
1.227250E+7,  2.721906E-3
1.227875E+7,  2.733111E-3
1.228500E+7,  2.775192E-3
1.229125E+7,  2.834558E-3
1.229750E+7,  2.822995E-3
1.230375E+7,  2.845883E-3
1.231000E+7,  2.906561E-3
1.231625E+7,  2.895355E-3
1.232250E+7,  2.934217E-3
1.232875E+7,  2.973318E-3
1.233500E+7,  2.989531E-3
1.234125E+7,  3.023028E-3
1.234750E+7,  3.068209E-3
1.235375E+7,  3.109813E-3
1.236000E+7,  3.133535E-3
1.236625E+7,  3.171802E-3
1.237250E+7,  3.148079E-3
1.237875E+7,  3.187895E-3
1.238500E+7,  3.240228E-3
1.239125E+7,  3.328085E-3
1.239750E+7,  3.335595E-3
1.240375E+7,  3.373981E-3
1.241000E+7,  3.386021E-3
1.241625E+7,  3.463864E-3
1.242250E+7,  3.494620E-3
1.242875E+7,  3.523350E-3
1.243500E+7,  3.554225E-3
1.244125E+7,  3.641367E-3
1.244750E+7,  3.623009E-3
1.245375E+7,  3.700137E-3
1.246000E+7,  3.731489E-3
1.246625E+7,  3.748417E-3
1.247250E+7,  3.813148E-3
1.247875E+7,  3.864884E-3
1.248500E+7,  3.912687E-3
1.249125E+7,  3.972292E-3
1.249750E+7,  4.035473E-3
1.250375E+7,  4.065752E-3
1.251000E+7,  4.120827E-3
1.251625E+7,  4.171133E-3
1.252250E+7,  4.210711E-3
1.252875E+7,  4.316330E-3
1.253500E+7,  4.333973E-3
1.254125E+7,  4.410028E-3
1.254750E+7,  4.450321E-3
1.255375E+7,  4.523993E-3
1.256000E+7,  4.552603E-3
1.256625E+7,  4.609346E-3
1.257250E+7,  4.691601E-3
1.257875E+7,  4.800558E-3
1.258500E+7,  4.822254E-3
1.259125E+7,  4.878998E-3
1.259750E+7,  4.935026E-3
1.260375E+7,  5.057096E-3
1.261000E+7,  5.158424E-3
1.261625E+7,  5.247355E-3
1.262250E+7,  5.292416E-3
1.262875E+7,  5.523682E-3
1.263500E+7,  5.370617E-3
1.264125E+7,  5.588770E-3
1.264750E+7,  5.656958E-3
1.265375E+7,  5.728960E-3
1.266000E+7,  5.888462E-3
1.266625E+7,  5.884409E-3
1.267250E+7,  6.088972E-3
1.267875E+7,  6.250620E-3
1.268500E+7,  6.443501E-3
1.269125E+7,  6.501198E-3
1.269750E+7,  6.294250E-3
1.270375E+7,  6.241798E-3
1.271000E+7,  7.218122E-3
1.271625E+7,  6.713867E-3
1.272250E+7,  6.795168E-3
1.272875E+7,  6.963491E-3
1.273500E+7,  7.177114E-3
1.274125E+7,  7.193804E-3
1.274750E+7,  7.478476E-3
1.275375E+7,  7.463455E-3
1.276000E+7,  7.604837E-3
1.276625E+7,  7.710457E-3
1.277250E+7,  5.797386E-3
1.277875E+7,  7.327795E-3
1.278500E+7,  8.378983E-3
1.279125E+7,  8.825779E-3
1.279750E+7,  8.506775E-3
1.280375E+7,  8.127689E-3
1.281000E+7,  7.539749E-3
1.281625E+7,  9.655952E-3
1.282250E+7,  9.588718E-3
1.282875E+7,  9.528637E-3
1.283500E+7,  8.941174E-3
1.284125E+7,  1.059675E-2
1.284750E+7,  1.054287E-2
1.285375E+7,  1.093960E-2
1.286000E+7,  1.094246E-2
1.286625E+7,  1.147509E-2
1.287250E+7,  1.161718E-2
1.287875E+7,  1.155758E-2
1.288500E+7,  1.157331E-2
1.289125E+7,  1.262474E-2
1.289750E+7,  1.262856E-2
1.290375E+7,  1.257610E-2
1.291000E+7,  1.299477E-2
1.291625E+7,  1.388073E-2
1.292250E+7,  1.227665E-2
1.292875E+7,  1.360464E-2
1.293500E+7,  1.262951E-2
1.294125E+7,  1.330185E-2
1.294750E+7,  1.122856E-2
1.295375E+7,  8.482456E-3
1.296000E+7,  6.799936E-3
1.296625E+7,  6.568670E-3
1.297250E+7,  6.810904E-3
1.297875E+7,  6.938696E-3
1.298500E+7,  7.070065E-3
1.299125E+7,  7.249832E-3
1.299750E+7,  7.421255E-3
1.300375E+7,  7.615805E-3
1.301000E+7,  7.806778E-3
1.301625E+7,  8.005619E-3
1.302250E+7,  8.252621E-3
1.302875E+7,  8.460999E-3
1.303500E+7,  8.716583E-3
1.304125E+7,  8.942604E-3
1.304750E+7,  9.219646E-3
1.305375E+7,  9.463310E-3
1.306000E+7,  9.714603E-3
1.306625E+7,  1.004362E-2
1.307250E+7,  1.032162E-2
1.307875E+7,  1.070070E-2
1.308500E+7,  1.103878E-2
1.309125E+7,  1.142931E-2
1.309750E+7,  1.175880E-2
1.310375E+7,  1.213837E-2
1.311000E+7,  1.254702E-2
1.311625E+7,  1.299620E-2
1.312250E+7,  1.349306E-2
1.312875E+7,  1.400709E-2
1.313500E+7,  1.453257E-2
1.314125E+7,  1.501703E-2
1.314750E+7,  1.562071E-2
1.315375E+7,  1.644421E-2
1.316000E+7,  1.711178E-2
1.316625E+7,  1.779938E-2
1.317250E+7,  1.840210E-2
1.317875E+7,  1.924706E-2
1.318500E+7,  2.002525E-2
1.319125E+7,  2.102566E-2
1.319750E+7,  2.172089E-2
1.320375E+7,  2.265453E-2
1.321000E+7,  2.392673E-2
1.321625E+7,  2.469254E-2
1.322250E+7,  2.583599E-2
1.322875E+7,  2.727890E-2
1.323500E+7,  2.884293E-2
1.324125E+7,  3.067780E-2
1.324750E+7,  3.289032E-2
1.325375E+7,  3.526115E-2
1.326000E+7,  3.689194E-2
1.326625E+7,  3.912354E-2
1.327250E+7,  4.159737E-2
1.327875E+7,  4.453659E-2
1.328500E+7,  4.696465E-2
1.329125E+7,  5.082321E-2
1.329750E+7,  5.396461E-2
1.330375E+7,  5.714226E-2
1.331000E+7,  6.281281E-2
1.331625E+7,  6.729507E-2
1.332250E+7,  7.398224E-2
1.332875E+7,  7.725906E-2
1.333500E+7,  8.098984E-2
1.334125E+7,  8.646393E-2
1.334750E+7,  9.292603E-2
1.335375E+7,  1.026154E-1
1.336000E+7,  1.112633E-1
1.336625E+7,  1.202087E-1
1.337250E+7,  1.338272E-1
1.337875E+7,  1.453476E-1
1.338500E+7,  1.595459E-1
1.339125E+7,  1.792374E-1
1.339750E+7,  1.974411E-1
1.340375E+7,  2.181091E-1
1.341000E+7,  2.439575E-1
1.341625E+7,  2.758789E-1
1.342250E+7,  3.081055E-1
1.342875E+7,  3.465881E-1
1.343500E+7,  3.882751E-1
1.344125E+7,  4.239197E-1
1.344750E+7,  4.634705E-1
1.345375E+7,  4.952545E-1
1.346000E+7,  5.185547E-1
1.346625E+7,  5.381165E-1
1.347250E+7,  5.513916E-1
1.347875E+7,  5.509338E-1
1.348500E+7,  5.436096E-1
1.349125E+7,  5.390320E-1
1.349750E+7,  5.373535E-1
1.350375E+7,  5.383301E-1
1.351000E+7,  5.349121E-1
1.351625E+7,  5.339661E-1
1.352250E+7,  5.362549E-1
1.352875E+7,  5.417480E-1
1.353500E+7,  5.489807E-1
1.354125E+7,  5.560303E-1
1.354750E+7,  5.654297E-1
1.355375E+7,  5.729675E-1
1.356000E+7,  5.783386E-1
1.356625E+7,  5.813293E-1
1.357250E+7,  5.791931E-1
1.357875E+7,  5.732422E-1
1.358500E+7,  5.614014E-1
1.359125E+7,  5.429382E-1
1.359750E+7,  5.220032E-1
1.360375E+7,  4.970856E-1
1.361000E+7,  4.711151E-1
1.361625E+7,  4.455872E-1
1.362250E+7,  4.204102E-1
1.362875E+7,  3.972321E-1
1.363500E+7,  3.755798E-1
1.364125E+7,  3.559723E-1
1.364750E+7,  3.386993E-1
1.365375E+7,  3.234406E-1
1.366000E+7,  3.106689E-1
1.366625E+7,  3.003082E-1
1.367250E+7,  2.911224E-1
1.367875E+7,  2.835846E-1
1.368500E+7,  2.773895E-1
1.369125E+7,  2.731476E-1
1.369750E+7,  2.707977E-1
1.370375E+7,  2.698517E-1
1.371000E+7,  2.711334E-1
1.371625E+7,  2.743988E-1
1.372250E+7,  2.792511E-1
1.372875E+7,  2.870483E-1
1.373500E+7,  2.962799E-1
1.374125E+7,  3.072052E-1
1.374750E+7,  3.196259E-1
1.375375E+7,  3.305969E-1
1.376000E+7,  3.383789E-1
1.376625E+7,  3.375854E-1
1.377250E+7,  3.259888E-1
1.377875E+7,  3.019257E-1
1.378500E+7,  2.701569E-1
1.379125E+7,  2.355652E-1
1.379750E+7,  2.024078E-1
1.380375E+7,  1.729050E-1
1.381000E+7,  1.484604E-1
1.381625E+7,  1.276093E-1
1.382250E+7,  1.101532E-1
1.382875E+7,  9.619522E-2
1.383500E+7,  8.407211E-2
1.384125E+7,  7.431793E-2
1.384750E+7,  6.571960E-2
1.385375E+7,  5.849457E-2
1.386000E+7,  5.232430E-2
1.386625E+7,  4.706955E-2
1.387250E+7,  4.246902E-2
1.387875E+7,  3.843689E-2
1.388500E+7,  3.493118E-2
1.389125E+7,  3.182602E-2
1.389750E+7,  2.905560E-2
1.390375E+7,  2.664852E-2
1.391000E+7,  2.443886E-2
1.391625E+7,  2.252769E-2
1.392250E+7,  2.074146E-2
1.392875E+7,  1.919079E-2
1.393500E+7,  1.777554E-2
1.394125E+7,  1.650238E-2
1.394750E+7,  1.532745E-2
1.395375E+7,  1.426220E-2
1.396000E+7,  1.332092E-2
1.396625E+7,  1.239967E-2
1.397250E+7,  1.157808E-2
1.397875E+7,  1.086092E-2
1.398500E+7,  1.017141E-2
1.399125E+7,  9.563923E-3
1.399750E+7,  8.961678E-3
1.400375E+7,  8.440971E-3
1.401000E+7,  7.942200E-3
1.401625E+7,  7.461309E-3
1.402250E+7,  7.037640E-3
1.402875E+7,  6.654263E-3
1.403500E+7,  6.277084E-3
1.404125E+7,  5.945444E-3
1.404750E+7,  5.627632E-3
1.405375E+7,  5.321026E-3
1.406000E+7,  5.036116E-3
1.406625E+7,  4.783392E-3
1.407250E+7,  4.558802E-3
1.407875E+7,  4.313469E-3
1.408500E+7,  4.124403E-3
1.409125E+7,  3.919125E-3
1.409750E+7,  3.735900E-3
1.410375E+7,  3.546357E-3
1.411000E+7,  3.370881E-3
1.411625E+7,  3.200293E-3
1.412250E+7,  3.059030E-3
1.412875E+7,  2.914190E-3
1.413500E+7,  2.801418E-3
1.414125E+7,  2.657175E-3
1.414750E+7,  2.545118E-3
1.415375E+7,  2.431273E-3
1.416000E+7,  2.331853E-3
1.416625E+7,  2.206326E-3
1.417250E+7,  2.133369E-3
1.417875E+7,  2.034903E-3
1.418500E+7,  1.928926E-3
1.419125E+7,  1.860499E-3
1.419750E+7,  1.774609E-3
1.420375E+7,  1.697719E-3
1.421000E+7,  1.632094E-3
1.421625E+7,  1.581848E-3
1.422250E+7,  1.522243E-3
1.422875E+7,  1.443684E-3
1.423500E+7,  1.360834E-3
1.424125E+7,  1.323700E-3
1.424750E+7,  1.269281E-3
1.425375E+7,  1.256287E-3
1.426000E+7,  1.188815E-3
1.426625E+7,  1.131773E-3
1.427250E+7,  1.105726E-3
1.427875E+7,  1.070321E-3
1.428500E+7,  1.028657E-3
1.429125E+7,  9.858608E-4
1.429750E+7,  9.380877E-4
1.430375E+7,  8.990765E-4
1.431000E+7,  8.895397E-4
1.431625E+7,  8.483231E-4
1.432250E+7,  8.007884E-4
1.432875E+7,  7.890761E-4
1.433500E+7,  7.668734E-4
1.434125E+7,  7.255673E-4
1.434750E+7,  7.100701E-4
1.435375E+7,  7.124841E-4
1.436000E+7,  6.420612E-4
1.436625E+7,  6.440282E-4
1.437250E+7,  6.086826E-4
1.437875E+7,  5.879998E-4
1.438500E+7,  5.793273E-4
1.439125E+7,  5.754828E-4
1.439750E+7,  5.446970E-4
1.440375E+7,  5.270839E-4
1.441000E+7,  4.963875E-4
1.441625E+7,  4.954040E-4
1.442250E+7,  4.680604E-4
1.442875E+7,  4.626364E-4
1.443500E+7,  4.528463E-4
1.444125E+7,  4.330873E-4
1.444750E+7,  3.994703E-4
1.445375E+7,  4.093051E-4
1.446000E+7,  3.862977E-4
1.446625E+7,  3.862530E-4
1.447250E+7,  3.760904E-4
1.447875E+7,  3.452450E-4
1.448500E+7,  3.331006E-4
1.449125E+7,  3.361255E-4
1.449750E+7,  3.122240E-4
1.450375E+7,  2.996475E-4
1.451000E+7,  3.023148E-4
1.451625E+7,  2.817065E-4
1.452250E+7,  2.719164E-4
1.452875E+7,  2.634972E-4
1.453500E+7,  2.712607E-4
1.454125E+7,  2.292022E-4
1.454750E+7,  2.484620E-4
1.455375E+7,  2.382770E-4
1.456000E+7,  2.382100E-4
1.456625E+7,  2.228096E-4
1.457250E+7,  2.309084E-4
1.457875E+7,  1.997128E-4
1.458500E+7,  2.228320E-4
1.459125E+7,  2.102181E-4
1.459750E+7,  2.190098E-4
1.460375E+7,  1.951531E-4
1.461000E+7,  1.802295E-4
1.461625E+7,  1.746789E-4
1.462250E+7,  1.895502E-4
1.462875E+7,  1.616701E-4
1.463500E+7,  1.597703E-4
1.464125E+7,  1.754686E-4
1.464750E+7,  1.596585E-4
1.465375E+7,  1.614392E-4
1.466000E+7,  1.337156E-4
1.466625E+7,  1.488999E-4
1.467250E+7,  1.518428E-4
1.467875E+7,  1.360103E-4
1.468500E+7,  1.282543E-4
1.469125E+7,  1.227856E-4
1.469750E+7,  1.235977E-4
1.470375E+7,  1.413748E-4
1.471000E+7,  1.430511E-4
1.471625E+7,  1.263171E-4
1.472250E+7,  1.207180E-4
1.472875E+7,  1.207218E-4
1.473500E+7,  9.776279E-5
1.474125E+7,  9.509176E-5
1.474750E+7,  9.773299E-5
1.475375E+7,  1.111738E-4
1.476000E+7,  1.054853E-4
1.476625E+7,  9.878352E-5
1.477250E+7,  1.053959E-4
1.477875E+7,  1.158677E-4
1.478500E+7,  8.572638E-5
1.479125E+7,  8.286163E-5
1.479750E+7,  9.679049E-5
1.480375E+7,  8.483231E-5
1.481000E+7,  1.156516E-4
1.481625E+7,  8.573383E-5
1.482250E+7,  5.967729E-5
1.482875E+7,  7.466599E-5
1.483500E+7,  9.613857E-5
1.484125E+7,  9.940192E-5
1.484750E+7,  9.011850E-5
1.485375E+7,  7.212907E-5
1.486000E+7,  6.720796E-5
1.486625E+7,  6.448850E-5
1.487250E+7,  8.032471E-5
1.487875E+7,  6.692111E-5
1.488500E+7,  6.486848E-5
1.489125E+7,  6.527081E-5
1.489750E+7,  6.069802E-5
1.490375E+7,  6.190687E-5
1.491000E+7,  4.908070E-5
1.491625E+7,  6.247684E-5
1.492250E+7,  6.085262E-5
1.492875E+7,  3.448874E-5
1.493500E+7,  3.014784E-5
1.494125E+7,  4.917197E-5
1.494750E+7,  5.715527E-5
1.495375E+7,  3.893860E-5
1.496000E+7,  6.303936E-5
1.496625E+7,  6.517395E-5
1.497250E+7,  4.915707E-5
1.497875E+7,  4.475750E-5
1.498500E+7,  4.699081E-5
1.499125E+7,  5.586818E-5
1.499750E+7,  5.936623E-5
1.500375E+7,  5.973503E-5
1.501000E+7,  2.648402E-5
1.501625E+7,  4.778616E-5
1.502250E+7,  3.913604E-5
1.502875E+7,  3.292784E-5
1.503500E+7,  5.313195E-5
1.504125E+7,  6.004609E-5
1.504750E+7,  3.406592E-5
1.505375E+7,  2.341159E-5
1.506000E+7,  5.328469E-5
1.506625E+7,  4.951097E-5
1.507250E+7,  4.958920E-5
1.507875E+7,  1.845974E-5
1.508500E+7,  4.718825E-5
1.509125E+7,  3.971532E-5
1.509750E+7,  4.168600E-5
1.510375E+7,  3.298372E-5
1.511000E+7,  3.919005E-5
1.511625E+7,  2.331194E-5
1.512250E+7,  7.371418E-6
1.512875E+7,  2.876204E-5
1.513500E+7,  4.164875E-5
1.514125E+7,  2.967566E-5
1.514750E+7,  7.356284E-6
1.515375E+7,  4.614703E-5
1.516000E+7,  4.120730E-5
1.516625E+7,  2.087280E-5
1.517250E+7,  3.040954E-5
1.517875E+7,  2.950802E-5
1.518500E+7,  1.651514E-5
1.519125E+7,  2.245326E-5
1.519750E+7,  1.478521E-5
1.520375E+7,  1.849886E-5
1.521000E+7,  1.657195E-5
1.521625E+7,  2.259761E-5
1.522250E+7,  3.679842E-5
1.522875E+7,  1.671351E-5
1.523500E+7,  2.691709E-5
1.524125E+7,  2.391823E-5
1.524750E+7,  2.699345E-5
1.525375E+7,  7.492490E-6
1.526000E+7,  3.091432E-5
1.526625E+7,  2.419110E-5
1.527250E+7,  3.792532E-5
1.527875E+7,  5.380996E-5
1.528500E+7,  3.268756E-5
1.529125E+7,  3.537163E-5
1.529750E+7,  2.767053E-5
1.530375E+7,  1.713820E-5
1.531000E+7,  3.178045E-5
1.531625E+7,  7.652678E-6
1.532250E+7,  8.518808E-6
1.532875E+7,  6.402274E-10
1.533500E+7,  2.326444E-5
1.534125E+7,  3.048312E-5
1.534750E+7,  3.628805E-5
1.535375E+7,  1.883879E-5
1.536000E+7,  1.662318E-5
1.536625E+7,  1.715776E-5
1.537250E+7,  3.317371E-5
1.537875E+7,  9.355601E-6
1.538500E+7,  9.538606E-6
1.539125E+7,  3.497489E-5
1.539750E+7,  3.075041E-5
1.540375E+7,  3.965944E-5
1.541000E+7,  1.615752E-5
1.541625E+7,  2.700090E-5
1.542250E+7,  4.925579E-5
1.542875E+7,  3.611855E-5
1.543500E+7,  1.570769E-5
1.544125E+7,  3.436208E-5
1.544750E+7,  1.921132E-5
1.545375E+7,  3.884733E-5
1.546000E+7,  2.385117E-5
1.546625E+7,  8.393545E-6
1.547250E+7,  7.117080E-10
1.547875E+7,  2.368726E-5
1.548500E+7,  1.227157E-5
1.549125E+7,  1.525134E-5
1.549750E+7,  3.746152E-5
1.550375E+7,  1.868140E-5
1.551000E+7,  3.236718E-5
1.551625E+7,  2.793781E-5
1.552250E+7,  9.251758E-6
1.552875E+7,  1.193443E-5
1.553500E+7,  1.805741E-5
1.554125E+7,  1.001311E-5
1.554750E+7,  9.459882E-10
1.555375E+7,  1.610536E-5
1.556000E+7,  3.265962E-5
1.556625E+7,  1.802295E-5
1.557250E+7,  2.415385E-5
1.557875E+7,  2.444535E-5
1.558500E+7,  3.289804E-5
1.559125E+7,  3.489666E-5
1.559750E+7,  1.460547E-5
1.560375E+7,  8.984935E-6
1.561000E+7,  1.461152E-5
1.561625E+7,  1.160335E-5
1.562250E+7,  1.613051E-5
1.562875E+7,  2.589170E-5
1.563500E+7,  8.884817E-6
1.564125E+7,  1.949724E-5
1.564750E+7,  1.923740E-5
1.565375E+7,  1.395075E-5
1.566000E+7,  1.082243E-5
1.566625E+7,  2.809241E-5
1.567250E+7,  1.386926E-5
1.567875E+7,  1.579337E-5
1.568500E+7,  2.677646E-5
1.569125E+7,  6.437801E-10
1.569750E+7,  1.146412E-5
1.570375E+7,  3.075227E-5
1.571000E+7,  1.696777E-5
1.571625E+7,  2.763513E-5
1.572250E+7,  7.617986E-6
1.572875E+7,  4.435517E-5
1.573500E+7,  1.696870E-5
1.574125E+7,  1.135049E-5
1.574750E+7,  1.895614E-5
1.575375E+7,  2.539065E-5
1.576000E+7,  1.364574E-5
1.576625E+7,  1.073722E-5
1.577250E+7,  1.072511E-5
1.577875E+7,  1.072325E-5
1.578500E+7,  1.697429E-5
1.579125E+7,  3.790017E-6
1.579750E+7,  1.071300E-5
1.580375E+7,  8.454081E-6
1.581000E+7,  1.558289E-5
1.581625E+7,  2.527796E-5
1.582250E+7,  2.383720E-5
1.582875E+7,  3.102794E-5
1.583500E+7,  1.065200E-5
1.584125E+7,  1.685601E-5
1.584750E+7,  2.717692E-5
1.585375E+7,  1.064641E-5
1.586000E+7,  1.550186E-5
1.586625E+7,  1.682341E-5
1.587250E+7,  1.063244E-5
1.587875E+7,  1.680851E-5
1.588500E+7,  1.680665E-5
1.589125E+7,  2.709124E-5
1.589750E+7,  3.753114E-6
1.590375E+7,  1.353677E-5
1.591000E+7,  1.062313E-5
1.591625E+7,  6.306777E-10
1.592250E+7,  7.498078E-6
1.592875E+7,  1.498964E-5
1.593500E+7,  7.492723E-6
1.594125E+7,  1.673028E-5
1.594750E+7,  7.482711E-6
1.595375E+7,  1.542829E-5
1.596000E+7,  1.543947E-5
1.596625E+7,  3.745896E-6
1.597250E+7,  8.367002E-6
1.597875E+7,  8.382834E-6
1.598500E+7,  1.871120E-5
1.599125E+7,  1.872145E-5
1.599750E+7,  1.672748E-5
1.600375E+7,  2.579018E-5
1.601000E+7,  3.041625E-4
1.601625E+7,  8.041412E-5
1.602250E+7,  4.706345E-5
1.602875E+7,  5.889311E-5
1.603500E+7,  2.101511E-4
1.604125E+7,  1.002923E-4
1.604750E+7,  1.042858E-4
1.605375E+7,  7.178634E-5
1.606000E+7,  1.320690E-4
1.606625E+7,  1.646206E-4
1.607250E+7,  3.987923E-5
1.607875E+7,  5.744956E-5
1.608500E+7,  9.324774E-5
1.609125E+7,  1.005195E-4
1.609750E+7,  4.812703E-5
1.610375E+7,  1.059361E-4
1.611000E+7,  1.263991E-4
1.611625E+7,  9.917095E-5
1.612250E+7,  1.310781E-4
1.612875E+7,  6.086566E-5
1.613500E+7,  7.061288E-5
1.614125E+7,  5.665235E-5
1.614750E+7,  8.694082E-5
1.615375E+7,  8.083507E-5
1.616000E+7,  5.893223E-5
1.616625E+7,  9.128824E-5
1.617250E+7,  4.062057E-5
1.617875E+7,  6.273761E-5
1.618500E+7,  3.506616E-5
1.619125E+7,  4.374236E-5
1.619750E+7,  2.929382E-5
1.620375E+7,  3.017485E-4
1.621000E+7,  8.983165E-5
1.621625E+7,  1.649261E-4
1.622250E+7,  5.176663E-5
1.622875E+7,  7.138029E-5
1.623500E+7,  3.778748E-5
1.624125E+7,  7.468835E-5
1.624750E+7,  3.508478E-5
1.625375E+7,  5.421601E-5
1.626000E+7,  4.064664E-5
1.626625E+7,  2.370402E-5
1.627250E+7,  4.383177E-5
1.627875E+7,  8.126348E-5
1.628500E+7,  1.373664E-4
1.629125E+7,  1.157001E-4
1.629750E+7,  1.208186E-4
1.630375E+7,  3.866851E-5
1.631000E+7,  5.980209E-5
1.631625E+7,  7.182360E-5
1.632250E+7,  6.503239E-5
1.632875E+7,  4.632771E-5
1.633500E+7,  1.091808E-4
1.634125E+7,  3.857166E-5
1.634750E+7,  6.704032E-5
1.635375E+7,  1.149587E-4
1.636000E+7,  6.561354E-5
1.636625E+7,  1.454502E-4
1.637250E+7,  2.023280E-4
1.637875E+7,  1.020357E-4
1.638500E+7,  2.383664E-4
1.639125E+7,  5.022623E-5
1.639750E+7,  1.466647E-4
1.640375E+7,  8.237362E-5
1.641000E+7,  1.518205E-4
1.641625E+7,  7.848069E-5
1.642250E+7,  1.068637E-4
1.642875E+7,  5.086884E-5
1.643500E+7,  1.052506E-4
1.644125E+7,  1.986474E-4
1.644750E+7,  4.495680E-5
1.645375E+7,  8.650869E-5
1.646000E+7,  6.064400E-5
1.646625E+7,  1.042373E-4
1.647250E+7,  1.438288E-5
1.647875E+7,  9.101629E-5
1.648500E+7,  4.635751E-5
1.649125E+7,  2.093241E-5
1.649750E+7,  7.480010E-5
1.650375E+7,  3.217533E-5
1.651000E+7,  7.981434E-5
1.651625E+7,  1.081415E-4
1.652250E+7,  2.574176E-5
1.652875E+7,  1.118332E-4
1.653500E+7,  6.649271E-5
1.654125E+7,  6.741285E-5
1.654750E+7,  7.511303E-5
1.655375E+7,  9.376183E-5
1.656000E+7,  3.860518E-5
1.656625E+7,  2.322719E-5
1.657250E+7,  8.026138E-5
1.657875E+7,  4.044920E-5
1.658500E+7,  1.019761E-4
1.659125E+7,  9.509176E-5
1.659750E+7,  5.436316E-5
1.660375E+7,  1.287600E-5
1.661000E+7,  5.152635E-5
1.661625E+7,  1.616850E-4
1.662250E+7,  1.039580E-4
1.662875E+7,  3.064424E-5
1.663500E+7,  1.103915E-4
1.664125E+7,  6.923079E-5
1.664750E+7,  6.000139E-5
1.665375E+7,  1.496673E-4
1.666000E+7,  8.672848E-5
1.666625E+7,  3.520772E-5
1.667250E+7,  3.882311E-5
1.667875E+7,  6.505474E-5
1.668500E+7,  7.388368E-5
1.669125E+7,  1.039617E-4
1.669750E+7,  1.553670E-4
1.670375E+7,  4.494190E-4
1.671000E+7,  1.525879E-4
1.671625E+7,  4.658103E-5
1.672250E+7,  1.034699E-4
1.672875E+7,  2.715886E-4
1.673500E+7,  7.503852E-5
1.674125E+7,  1.352578E-4
1.674750E+7,  7.050112E-5
1.675375E+7,  1.310632E-4
1.676000E+7,  8.213520E-5
1.676625E+7,  7.776171E-5
1.677250E+7,  1.757592E-5
1.677875E+7,  3.177673E-5
1.678500E+7,  2.844725E-5
1.679125E+7,  7.889047E-5
1.679750E+7,  5.583465E-5
1.680375E+7,  7.522479E-5
1.681000E+7,  8.168630E-6
1.681625E+7,  3.575161E-5
1.682250E+7,  4.374236E-5
1.682875E+7,  7.091090E-5
1.683500E+7,  8.969754E-5
1.684125E+7,  6.669387E-5
1.684750E+7,  8.176547E-6
1.685375E+7,  8.981675E-5
1.686000E+7,  6.674975E-5
1.686625E+7,  9.846687E-5
1.687250E+7,  5.175546E-5
1.687875E+7,  2.891384E-5
1.688500E+7,  5.211867E-5
1.689125E+7,  2.453327E-4
1.689750E+7,  5.435944E-5
1.690375E+7,  2.259575E-5
1.691000E+7,  1.679882E-4
1.691625E+7,  6.778911E-5
1.692250E+7,  9.084120E-5
1.692875E+7,  5.058572E-5
1.693500E+7,  2.893992E-5
1.694125E+7,  8.916482E-5
1.694750E+7,  1.106858E-4
1.695375E+7,  7.000938E-5
1.696000E+7,  1.351833E-4
1.696625E+7,  1.342893E-4
1.697250E+7,  7.448345E-5
1.697875E+7,  3.901124E-4
1.698500E+7,  2.590008E-5
1.699125E+7,  8.521974E-5
1.699750E+7,  9.505451E-5
1.700375E+7,  7.966906E-5
1.701000E+7,  1.247078E-4
1.701625E+7,  6.621331E-5
1.702250E+7,  1.270771E-4
1.702875E+7,  7.913634E-5
1.703500E+7,  1.577213E-4
1.704125E+7,  1.257956E-4
1.704750E+7,  3.243424E-5
1.705375E+7,  1.159608E-4
1.706000E+7,  9.848177E-5
1.706625E+7,  7.006153E-5
1.707250E+7,  4.313514E-5
1.707875E+7,  1.105629E-4
1.708500E+7,  9.082258E-5
1.709125E+7,  9.968877E-5
1.709750E+7,  4.418939E-5
1.710375E+7,  1.142845E-4
1.711000E+7,  2.265442E-5
1.711625E+7,  4.866906E-5
1.712250E+7,  8.442625E-5
1.712875E+7,  3.906526E-5
1.713500E+7,  5.348027E-5
1.714125E+7,  5.971268E-5
1.714750E+7,  4.933402E-5
1.715375E+7,  6.059557E-5
1.716000E+7,  4.427321E-5
1.716625E+7,  2.480391E-5
1.717250E+7,  7.684901E-5
1.717875E+7,  2.859812E-5
1.718500E+7,  8.425489E-5
1.719125E+7,  5.872920E-5
1.719750E+7,  5.512126E-5
1.720375E+7,  6.260723E-5
1.721000E+7,  6.287917E-5
1.721625E+7,  1.118518E-4
1.722250E+7,  3.720447E-5
1.722875E+7,  2.908614E-5
1.723500E+7,  7.266551E-5
1.724125E+7,  3.677420E-5
1.724750E+7,  8.387491E-5
1.725375E+7,  8.140504E-5
1.726000E+7,  5.931593E-5
1.726625E+7,  3.490411E-5
1.727250E+7,  7.761642E-5
1.727875E+7,  9.526312E-5
1.728500E+7,  4.192255E-5
1.729125E+7,  1.951680E-5
1.729750E+7,  5.643815E-5
1.730375E+7,  8.230098E-6
1.731000E+7,  1.626387E-4
1.731625E+7,  7.589906E-5
1.732250E+7,  1.313239E-4
1.732875E+7,  3.037602E-5
1.733500E+7,  5.848892E-5
1.734125E+7,  2.925284E-5
1.734750E+7,  1.440197E-4
1.735375E+7,  8.656457E-5
1.736000E+7,  1.049973E-4
1.736625E+7,  5.134344E-4
1.737250E+7,  8.866936E-5
1.737875E+7,  7.624552E-5
1.738500E+7,  5.275011E-5
1.739125E+7,  2.914295E-5
1.739750E+7,  7.233769E-5
1.740375E+7,  2.038851E-5
1.741000E+7,  1.079440E-4
1.741625E+7,  8.878484E-5
1.742250E+7,  8.817390E-5
1.742875E+7,  8.166581E-5
1.743500E+7,  1.843423E-4
1.744125E+7,  8.868054E-5
1.744750E+7,  8.038804E-5
1.745375E+7,  5.254708E-5
1.746000E+7,  2.915226E-5
1.746625E+7,  6.580725E-5
1.747250E+7,  3.606454E-5
1.747875E+7,  6.008521E-5
1.748500E+7,  9.422004E-5
1.749125E+7,  4.375540E-5
1.749750E+7,  1.304923E-5
1.750375E+7,  4.053488E-5
1.751000E+7,  5.833246E-5
1.751625E+7,  9.699166E-5
1.752250E+7,  6.478280E-5
1.752875E+7,  3.514066E-5
1.753500E+7,  5.577877E-5
1.754125E+7,  8.754805E-5
1.754750E+7,  2.479739E-5
1.755375E+7,  2.920534E-5
1.756000E+7,  4.857965E-5
1.756625E+7,  5.355291E-5
1.757250E+7,  5.904958E-5
1.757875E+7,  2.974831E-5
1.758500E+7,  7.322058E-5
1.759125E+7,  6.020814E-5
1.759750E+7,  4.569255E-5
1.760375E+7,  6.564334E-5
1.761000E+7,  1.099333E-4
1.761625E+7,  1.108199E-4
1.762250E+7,  7.319823E-5
1.762875E+7,  3.917143E-5
1.763500E+7,  7.617846E-5
1.764125E+7,  1.307530E-5
1.764750E+7,  1.307055E-4
1.765375E+7,  1.169275E-5
1.766000E+7,  1.098141E-4
1.766625E+7,  9.400398E-5
1.767250E+7,  1.872610E-5
1.767875E+7,  7.659197E-5
1.768500E+7,  1.551360E-4
1.769125E+7,  4.578009E-5
1.769750E+7,  8.271541E-6
1.770375E+7,  1.872927E-4
1.771000E+7,  1.078956E-4
1.771625E+7,  7.137656E-5
1.772250E+7,  1.648590E-4
1.772875E+7,  2.633315E-5
1.773500E+7,  6.435812E-5
1.774125E+7,  8.935109E-5
1.774750E+7,  6.570294E-5
1.775375E+7,  2.135709E-4
1.776000E+7,  2.517253E-4
1.776625E+7,  3.561936E-5
1.777250E+7,  1.185648E-4
1.777875E+7,  4.869141E-5
1.778500E+7,  1.346916E-4
1.779125E+7,  1.188777E-4
1.779750E+7,  8.457154E-5
1.780375E+7,  1.057833E-4
1.781000E+7,  3.435314E-4
1.781625E+7,  1.161061E-4
1.782250E+7,  5.278550E-5
1.782875E+7,  4.571117E-5
1.783500E+7,  1.304969E-4
1.784125E+7,  3.315695E-5
1.784750E+7,  1.336113E-4
1.785375E+7,  1.758244E-5
1.786000E+7,  1.547560E-4
1.786625E+7,  7.351860E-5
1.787250E+7,  7.667392E-5
1.787875E+7,  8.159131E-5
1.788500E+7,  7.464364E-5
1.789125E+7,  9.155646E-5
1.789750E+7,  2.291612E-5
1.790375E+7,  8.213148E-5
1.791000E+7,  9.547174E-5
1.791625E+7,  9.546801E-5
1.792250E+7,  7.353351E-5
1.792875E+7,  1.853332E-5
1.793500E+7,  1.758523E-5
1.794125E+7,  4.480779E-5
1.794750E+7,  9.764731E-5
1.795375E+7,  7.922947E-5
1.796000E+7,  1.467159E-5
1.796625E+7,  7.894635E-5
1.797250E+7,  3.817305E-5
1.797875E+7,  1.569837E-4
1.798500E+7,  1.431629E-4
1.799125E+7,  1.620054E-4
1.799750E+7,  1.580920E-5
1.800375E+7,  2.084225E-4
1.801000E+7,  1.968294E-4
1.801625E+7,  1.679435E-4
1.802250E+7,  1.013912E-4
1.802875E+7,  7.616729E-5
1.803500E+7,  9.507686E-5
1.804125E+7,  7.747486E-5
1.804750E+7,  7.050857E-5
1.805375E+7,  1.872405E-4
1.806000E+7,  1.130067E-4
1.806625E+7,  1.480877E-4
1.807250E+7,  4.472025E-5
1.807875E+7,  1.844987E-4
1.808500E+7,  1.864135E-4
1.809125E+7,  6.862357E-5
1.809750E+7,  6.850436E-5
1.810375E+7,  8.074939E-5
1.811000E+7,  2.118386E-5
1.811625E+7,  7.079542E-5
1.812250E+7,  3.716908E-5
1.812875E+7,  8.737668E-5
1.813500E+7,  1.632497E-4
1.814125E+7,  1.121275E-4
1.814750E+7,  2.659410E-4
1.815375E+7,  7.153302E-5
1.816000E+7,  5.712360E-5
1.816625E+7,  5.032867E-5
1.817250E+7,  2.120528E-5
1.817875E+7,  1.182929E-4
1.818500E+7,  1.276210E-4
1.819125E+7,  6.889924E-5
1.819750E+7,  6.063841E-5
1.820375E+7,  6.704405E-5
1.821000E+7,  1.031049E-4
1.821625E+7,  4.082918E-5
1.822250E+7,  1.090616E-4
1.822875E+7,  1.495779E-4
1.823500E+7,  1.213774E-4
1.824125E+7,  9.403378E-5
1.824750E+7,  5.295686E-5
1.825375E+7,  7.382780E-5
1.826000E+7,  1.175851E-4
1.826625E+7,  5.297922E-5
1.827250E+7,  8.966774E-5
1.827875E+7,  5.206652E-5
1.828500E+7,  9.197369E-5
1.829125E+7,  8.853152E-5
1.829750E+7,  1.061754E-5
1.830375E+7,  2.958439E-5
1.831000E+7,  2.372637E-5
1.831625E+7,  2.122670E-5
1.832250E+7,  8.250028E-5
1.832875E+7,  7.641315E-5
1.833500E+7,  3.004819E-5
1.834125E+7,  5.866028E-5
1.834750E+7,  9.966269E-5
1.835375E+7,  6.491691E-5
1.836000E+7,  7.093698E-5
1.836625E+7,  3.174134E-5
1.837250E+7,  6.073527E-5
1.837875E+7,  6.621331E-5
1.838500E+7,  8.302182E-5
1.839125E+7,  1.014099E-4
1.839750E+7,  8.110330E-5
1.840375E+7,  1.095608E-4
1.841000E+7,  1.114458E-4
1.841625E+7,  3.187172E-5
1.842250E+7,  4.863739E-5
1.842875E+7,  6.082654E-5
1.843500E+7,  7.029995E-5
1.844125E+7,  5.382672E-5
1.844750E+7,  2.948660E-5
1.845375E+7,  9.890646E-5
1.846000E+7,  5.437061E-5
1.846625E+7,  6.246567E-5
1.847250E+7,  7.174537E-5
1.847875E+7,  4.905649E-5
1.848500E+7,  9.850040E-5
1.849125E+7,  2.906006E-5
1.849750E+7,  1.310110E-4
1.850375E+7,  1.863763E-4
1.851000E+7,  6.306544E-5
1.851625E+7,  6.015599E-5
1.852250E+7,  6.631762E-5
1.852875E+7,  2.566278E-4
1.853500E+7,  1.928434E-4
1.854125E+7,  1.145564E-4
1.854750E+7,  5.079433E-5
1.855375E+7,  7.210299E-5
1.856000E+7,  7.300079E-5