SAVED BY: 
TITLE: 
COMMENTS: 
DATE: 10/27/2020
TIME: 12:56 PM

STIMULUS, RESPONSE

8.560000E+6,  1.337677E-4
8.566250E+6,  1.286343E-4
8.572500E+6,  1.488924E-4
8.578750E+6,  1.429841E-4
8.585000E+6,  1.413822E-4
8.591250E+6,  1.443923E-4
8.597500E+6,  1.487955E-4
8.603750E+6,  1.449361E-4
8.610000E+6,  1.178421E-4
8.616250E+6,  1.196228E-4
8.622500E+6,  1.525655E-4
8.628750E+6,  1.363829E-4
8.635000E+6,  1.488477E-4
8.641250E+6,  1.462996E-4
8.647500E+6,  1.471266E-4
8.653750E+6,  1.401529E-4
8.660000E+6,  1.428500E-4
8.666250E+6,  1.563579E-4
8.672500E+6,  1.490116E-4
8.678750E+6,  1.439005E-4
8.685000E+6,  1.445115E-4
8.691250E+6,  1.636446E-4
8.697500E+6,  1.543537E-4
8.703750E+6,  1.543611E-4
8.710000E+6,  1.488253E-4
8.716250E+6,  1.487508E-4
8.722500E+6,  1.459196E-4
8.728750E+6,  1.430362E-4
8.735000E+6,  1.440570E-4
8.741250E+6,  1.393259E-4
8.747500E+6,  1.488924E-4
8.753750E+6,  1.389980E-4
8.760000E+6,  1.351237E-4
8.766250E+6,  1.381934E-4
8.772500E+6,  1.570955E-4
8.778750E+6,  1.684427E-4
8.785000E+6,  1.262948E-4
8.791250E+6,  1.683906E-4
8.797500E+6,  1.486242E-4
8.803750E+6,  1.643002E-4
8.810000E+6,  1.556724E-4
8.816250E+6,  1.401901E-4
8.822500E+6,  1.513436E-4
8.828750E+6,  1.769289E-4
8.835000E+6,  1.459122E-4
8.841250E+6,  1.527146E-4
8.847500E+6,  1.462922E-4
8.853750E+6,  1.390874E-4
8.860000E+6,  1.642331E-4
8.866250E+6,  1.635626E-4
8.872500E+6,  1.590401E-4
8.878750E+6,  1.536682E-4
8.885000E+6,  1.403987E-4
8.891250E+6,  1.654252E-4
8.897500E+6,  1.459122E-4
8.903750E+6,  1.590624E-4
8.910000E+6,  1.670644E-4
8.916250E+6,  1.547635E-4
8.922500E+6,  1.564100E-4
8.928750E+6,  1.546666E-4
8.935000E+6,  1.664385E-4
8.941250E+6,  1.494288E-4
8.947500E+6,  1.684278E-4
8.953750E+6,  1.558438E-4
8.960000E+6,  1.572222E-4
8.966250E+6,  1.545772E-4
8.972500E+6,  1.743212E-4
8.978750E+6,  1.615137E-4
8.985000E+6,  1.600459E-4
8.991250E+6,  1.538992E-4
8.997500E+6,  1.571327E-4
9.003750E+6,  1.519173E-4
9.010000E+6,  1.517311E-4
9.016250E+6,  1.656339E-4
9.022500E+6,  1.783371E-4
9.028750E+6,  1.727790E-4
9.035000E+6,  1.488850E-4
9.041250E+6,  1.817048E-4
9.047500E+6,  1.547635E-4
9.053750E+6,  1.699626E-4
9.060000E+6,  1.572594E-4
9.066250E+6,  1.825467E-4
9.072500E+6,  1.741201E-4
9.078750E+6,  1.637191E-4
9.085000E+6,  1.588017E-4
9.091250E+6,  1.492947E-4
9.097500E+6,  1.600683E-4
9.103750E+6,  1.545101E-4
9.110000E+6,  1.784042E-4
9.116250E+6,  1.759976E-4
9.122500E+6,  1.547560E-4
9.128750E+6,  1.756325E-4
9.135000E+6,  1.422092E-4
9.141250E+6,  1.799837E-4
9.147500E+6,  1.729131E-4
9.153750E+6,  1.794770E-4
9.160000E+6,  1.659915E-4
9.166250E+6,  1.772046E-4
9.172500E+6,  1.558885E-4
9.178750E+6,  1.763701E-4
9.185000E+6,  1.685172E-4
9.191250E+6,  1.588538E-4
9.197500E+6,  1.647100E-4
9.203750E+6,  1.714751E-4
9.210000E+6,  1.715496E-4
9.216250E+6,  1.734719E-4
9.222500E+6,  1.714528E-4
9.228750E+6,  1.608580E-4
9.235000E+6,  1.618043E-4
9.241250E+6,  1.572594E-4
9.247500E+6,  1.745597E-4
9.253750E+6,  1.892447E-4
9.260000E+6,  1.797527E-4
9.266250E+6,  1.796409E-4
9.272500E+6,  1.484081E-4
9.278750E+6,  1.862794E-4
9.285000E+6,  1.648366E-4
9.291250E+6,  1.956075E-4
9.297500E+6,  1.730770E-4
9.303750E+6,  1.678765E-4
9.310000E+6,  1.737922E-4
9.316250E+6,  1.668707E-4
9.322500E+6,  1.767874E-4
9.328750E+6,  1.815781E-4
9.335000E+6,  1.732185E-4
9.341250E+6,  1.732334E-4
9.347500E+6,  1.859814E-4
9.353750E+6,  1.816675E-4
9.360000E+6,  1.876652E-4
9.366250E+6,  1.896545E-4
9.372500E+6,  1.896843E-4
9.378750E+6,  1.972467E-4
9.385000E+6,  1.836568E-4
9.391250E+6,  1.786649E-4
9.397500E+6,  1.957417E-4
9.403750E+6,  1.837164E-4
9.410000E+6,  1.763850E-4
9.416250E+6,  1.896024E-4
9.422500E+6,  1.640096E-4
9.428750E+6,  1.952276E-4
9.435000E+6,  1.733601E-4
9.441250E+6,  1.651496E-4
9.447500E+6,  1.861751E-4
9.453750E+6,  1.543611E-4
9.460000E+6,  1.768917E-4
9.466250E+6,  1.800656E-4
9.472500E+6,  1.613051E-4
9.478750E+6,  1.795813E-4
9.485000E+6,  1.862645E-4
9.491250E+6,  1.891181E-4
9.497500E+6,  1.831427E-4
9.503750E+6,  1.923144E-4
9.510000E+6,  1.861677E-4
9.516250E+6,  1.831651E-4
9.522500E+6,  1.798868E-4
9.528750E+6,  1.923963E-4
9.535000E+6,  1.861155E-4
9.541250E+6,  1.839921E-4
9.547500E+6,  1.766384E-4
9.553750E+6,  2.003238E-4
9.560000E+6,  1.767650E-4
9.566250E+6,  1.849756E-4
9.572500E+6,  2.021119E-4
9.578750E+6,  1.957119E-4
9.585000E+6,  1.990795E-4
9.591250E+6,  2.177060E-4
9.597500E+6,  2.094284E-4
9.603750E+6,  1.929626E-4
9.610000E+6,  2.211034E-4
9.616250E+6,  1.839548E-4
9.622500E+6,  1.957193E-4
9.628750E+6,  1.864135E-4
9.635000E+6,  1.869872E-4
9.641250E+6,  1.989007E-4
9.647500E+6,  2.082959E-4
9.653750E+6,  1.893342E-4
9.660000E+6,  1.892075E-4
9.666250E+6,  2.087876E-4
9.672500E+6,  1.899973E-4
9.678750E+6,  1.997426E-4
9.685000E+6,  1.835227E-4
9.691250E+6,  1.802519E-4
9.697500E+6,  1.968294E-4
9.703750E+6,  1.924634E-4
9.710000E+6,  1.926497E-4
9.716250E+6,  2.052560E-4
9.722500E+6,  1.833439E-4
9.728750E+6,  1.991764E-4
9.735000E+6,  1.928434E-4
9.741250E+6,  2.150089E-4
9.747500E+6,  1.866817E-4
9.753750E+6,  2.151355E-4
9.760000E+6,  2.247840E-4
9.766250E+6,  2.053753E-4
9.772500E+6,  1.992211E-4
9.778750E+6,  2.085790E-4
9.785000E+6,  2.036765E-4
9.791250E+6,  2.022684E-4
9.797500E+6,  2.054796E-4
9.803750E+6,  2.180710E-4
9.810000E+6,  2.157986E-4
9.816250E+6,  2.150536E-4
9.822500E+6,  1.770630E-4
9.828750E+6,  2.151728E-4
9.835000E+6,  2.089292E-4
9.841250E+6,  1.993105E-4
9.847500E+6,  1.997873E-4
9.853750E+6,  2.149865E-4
9.860000E+6,  2.151802E-4
9.866250E+6,  2.340600E-4
9.872500E+6,  2.309307E-4
9.878750E+6,  1.996309E-4
9.885000E+6,  2.154261E-4
9.891250E+6,  2.195835E-4
9.897500E+6,  1.958236E-4
9.903750E+6,  2.223551E-4
9.910000E+6,  2.310127E-4
9.916250E+6,  2.255514E-4
9.922500E+6,  2.137721E-4
9.928750E+6,  2.140850E-4
9.935000E+6,  2.000481E-4
9.941250E+6,  2.343208E-4
9.947500E+6,  2.123192E-4
9.953750E+6,  2.224520E-4
9.960000E+6,  2.123266E-4
9.966250E+6,  2.311021E-4
9.972500E+6,  2.075285E-4
9.978750E+6,  2.186075E-4
9.985000E+6,  2.126768E-4
9.991250E+6,  2.439171E-4
9.997500E+6,  2.120808E-4
1.000375E+7,  2.377406E-4
1.001000E+7,  2.219230E-4
1.001625E+7,  2.345368E-4
1.002250E+7,  2.470613E-4
1.002875E+7,  2.345145E-4
1.003500E+7,  2.348274E-4
1.004125E+7,  2.346039E-4
1.004750E+7,  2.315193E-4
1.005375E+7,  2.377257E-4
1.006000E+7,  2.131835E-4
1.006625E+7,  2.221838E-4
1.007250E+7,  2.441332E-4
1.007875E+7,  2.346039E-4
1.008500E+7,  2.411157E-4
1.009125E+7,  2.375320E-4
1.009750E+7,  2.157241E-4
1.010375E+7,  2.348647E-4
1.011000E+7,  2.409965E-4
1.011625E+7,  2.193004E-4
1.012250E+7,  2.409816E-4
1.012875E+7,  2.317354E-4
1.013500E+7,  2.248287E-4
1.014125E+7,  2.384707E-4
1.014750E+7,  2.409592E-4
1.015375E+7,  2.283305E-4
1.016000E+7,  2.350211E-4
1.016625E+7,  2.290532E-4
1.017250E+7,  2.382323E-4
1.017875E+7,  2.413169E-4
1.018500E+7,  2.388805E-4
1.019125E+7,  2.350584E-4
1.019750E+7,  2.597719E-4
1.020375E+7,  2.254844E-4
1.021000E+7,  2.556592E-4
1.021625E+7,  2.615154E-4
1.022250E+7,  2.416596E-4
1.022875E+7,  2.413616E-4
1.023500E+7,  2.449602E-4
1.024125E+7,  2.575815E-4
1.024750E+7,  2.332032E-4
1.025375E+7,  2.502799E-4
1.026000E+7,  2.336130E-4
1.026625E+7,  2.508759E-4
1.027250E+7,  2.583116E-4
1.027875E+7,  2.478361E-4
1.028500E+7,  2.510995E-4
1.029125E+7,  2.575368E-4
1.029750E+7,  2.483577E-4
1.030375E+7,  2.549887E-4
1.031000E+7,  2.480298E-4
1.031625E+7,  2.517551E-4
1.032250E+7,  2.496392E-4
1.032875E+7,  2.516359E-4
1.033500E+7,  2.594292E-4
1.034125E+7,  2.608150E-4
1.034750E+7,  2.642423E-4
1.035375E+7,  2.641976E-4
1.036000E+7,  2.559125E-4
1.036625E+7,  2.760142E-4
1.037250E+7,  2.670139E-4
1.037875E+7,  2.840459E-4
1.038500E+7,  2.619326E-4
1.039125E+7,  2.592653E-4
1.039750E+7,  2.593696E-4
1.040375E+7,  2.584308E-4
1.041000E+7,  2.720952E-4
1.041625E+7,  2.835840E-4
1.042250E+7,  2.727509E-4
1.042875E+7,  2.835542E-4
1.043500E+7,  2.685189E-4
1.044125E+7,  2.787262E-4
1.044750E+7,  2.718717E-4
1.045375E+7,  2.738982E-4
1.046000E+7,  2.580434E-4
1.046625E+7,  2.695918E-4
1.047250E+7,  2.741516E-4
1.047875E+7,  2.854764E-4
1.048500E+7,  2.739131E-4
1.049125E+7,  2.913177E-4
1.049750E+7,  2.603829E-4
1.050375E+7,  2.777278E-4
1.051000E+7,  2.854466E-4
1.051625E+7,  2.742559E-4
1.052250E+7,  2.867579E-4
1.052875E+7,  2.990067E-4
1.053500E+7,  2.813935E-4
1.054125E+7,  3.002435E-4
1.054750E+7,  2.861619E-4
1.055375E+7,  2.845973E-4
1.056000E+7,  2.802014E-4
1.056625E+7,  2.955645E-4
1.057250E+7,  2.969056E-4
1.057875E+7,  2.800077E-4
1.058500E+7,  2.954155E-4
1.059125E+7,  2.951473E-4
1.059750E+7,  2.894849E-4
1.060375E+7,  3.004819E-4
1.061000E+7,  2.768934E-4
1.061625E+7,  3.007799E-4
1.062250E+7,  2.985299E-4
1.062875E+7,  2.848655E-4
1.063500E+7,  2.859980E-4
1.064125E+7,  3.226697E-4
1.064750E+7,  2.973825E-4
1.065375E+7,  3.061444E-4
1.066000E+7,  3.040135E-4
1.066625E+7,  2.961457E-4
1.067250E+7,  2.938509E-4
1.067875E+7,  2.886057E-4
1.068500E+7,  3.000796E-4
1.069125E+7,  3.110021E-4
1.069750E+7,  3.042668E-4
1.070375E+7,  3.062338E-4
1.071000E+7,  2.992600E-4
1.071625E+7,  3.002584E-4
1.072250E+7,  3.190935E-4
1.072875E+7,  3.004670E-4
1.073500E+7,  3.090650E-4
1.074125E+7,  3.289133E-4
1.074750E+7,  3.132671E-4
1.075375E+7,  3.349930E-4
1.076000E+7,  3.023297E-4
1.076625E+7,  2.950877E-4
1.077250E+7,  3.147572E-4
1.077875E+7,  3.107339E-4
1.078500E+7,  3.118515E-4
1.079125E+7,  3.319979E-4
1.079750E+7,  3.191829E-4
1.080375E+7,  3.269762E-4
1.081000E+7,  3.271401E-4
1.081625E+7,  3.377646E-4
1.082250E+7,  3.292114E-4
1.082875E+7,  3.250837E-4
1.083500E+7,  3.164113E-4
1.084125E+7,  3.378987E-4
1.084750E+7,  3.222227E-4
1.085375E+7,  3.434271E-4
1.086000E+7,  3.279448E-4
1.086625E+7,  3.397465E-4
1.087250E+7,  3.301203E-4
1.087875E+7,  3.293604E-4
1.088500E+7,  3.165305E-4
1.089125E+7,  3.243685E-4
1.089750E+7,  3.369898E-4
1.090375E+7,  3.335923E-4
1.091000E+7,  3.309250E-4
1.091625E+7,  3.373921E-4
1.092250E+7,  3.429055E-4
1.092875E+7,  3.350824E-4
1.093500E+7,  3.602058E-4
1.094125E+7,  3.549308E-4
1.094750E+7,  3.636181E-4
1.095375E+7,  3.390312E-4
1.096000E+7,  3.407747E-4
1.096625E+7,  3.556609E-4
1.097250E+7,  3.554374E-4
1.097875E+7,  3.619492E-4
1.098500E+7,  3.522336E-4
1.099125E+7,  3.722012E-4
1.099750E+7,  3.525913E-4
1.100375E+7,  3.716052E-4
1.101000E+7,  3.591329E-4
1.101625E+7,  3.644377E-4
1.102250E+7,  3.542602E-4
1.102875E+7,  3.888160E-4
1.103500E+7,  3.397763E-4
1.104125E+7,  3.617406E-4
1.104750E+7,  3.620535E-4
1.105375E+7,  3.747493E-4
1.106000E+7,  3.697425E-4
1.106625E+7,  3.630519E-4
1.107250E+7,  3.747940E-4
1.107875E+7,  3.770441E-4
1.108500E+7,  3.749877E-4
1.109125E+7,  3.823489E-4
1.109750E+7,  3.814399E-4
1.110375E+7,  3.911704E-4
1.111000E+7,  3.792793E-4
1.111625E+7,  3.908575E-4
1.112250E+7,  3.853589E-4
1.112875E+7,  3.725886E-4
1.113500E+7,  4.049689E-4
1.114125E+7,  4.035234E-4
1.114750E+7,  3.785789E-4
1.115375E+7,  4.101694E-4
1.116000E+7,  3.993213E-4
1.116625E+7,  4.113466E-4
1.117250E+7,  3.953278E-4
1.117875E+7,  4.211068E-4
1.118500E+7,  3.886372E-4
1.119125E+7,  4.025102E-4
1.119750E+7,  4.152954E-4
1.120375E+7,  4.232973E-4
1.121000E+7,  4.246533E-4
1.121625E+7,  4.341602E-4
1.122250E+7,  4.567951E-4
1.122875E+7,  5.241036E-4
1.123500E+7,  5.171895E-4
1.124125E+7,  5.218089E-4
1.124750E+7,  5.300641E-4
1.125375E+7,  5.206466E-4
1.126000E+7,  5.267262E-4
1.126625E+7,  5.232394E-4
1.127250E+7,  5.359352E-4
1.127875E+7,  5.228519E-4
1.128500E+7,  5.006790E-4
1.129125E+7,  4.929900E-4
1.129750E+7,  4.614294E-4
1.130375E+7,  4.847795E-4
1.131000E+7,  4.870445E-4
1.131625E+7,  5.260110E-4
1.132250E+7,  5.538166E-4
1.132875E+7,  5.196631E-4
1.133500E+7,  5.291700E-4
1.134125E+7,  5.067289E-4
1.134750E+7,  5.052984E-4
1.135375E+7,  5.131364E-4
1.136000E+7,  4.788637E-4
1.136625E+7,  5.093515E-4
1.137250E+7,  5.106926E-4
1.137875E+7,  5.402267E-4
1.138500E+7,  5.325973E-4
1.139125E+7,  5.268157E-4
1.139750E+7,  4.996359E-4
1.140375E+7,  4.877448E-4
1.141000E+7,  5.013347E-4
1.141625E+7,  5.161762E-4
1.142250E+7,  5.159676E-4
1.142875E+7,  5.274415E-4
1.143500E+7,  5.134642E-4
1.144125E+7,  5.210340E-4
1.144750E+7,  5.403757E-4
1.145375E+7,  5.768538E-4
1.146000E+7,  5.632341E-4
1.146625E+7,  5.955100E-4
1.147250E+7,  5.621612E-4
1.147875E+7,  5.438030E-4
1.148500E+7,  5.780160E-4
1.149125E+7,  6.416142E-4
1.149750E+7,  6.529987E-4
1.150375E+7,  6.231964E-4
1.151000E+7,  6.515682E-4
1.151625E+7,  6.470084E-4
1.152250E+7,  6.343722E-4
1.152875E+7,  6.237030E-4
1.153500E+7,  5.919933E-4
1.154125E+7,  6.717443E-4
1.154750E+7,  6.554127E-4
1.155375E+7,  6.446540E-4
1.156000E+7,  7.328987E-4
1.156625E+7,  7.421672E-4
1.157250E+7,  7.189214E-4
1.157875E+7,  7.373989E-4
1.158500E+7,  7.759333E-4
1.159125E+7,  6.727874E-4
1.159750E+7,  7.108748E-4
1.160375E+7,  7.506311E-4
1.161000E+7,  7.616282E-4
1.161625E+7,  8.034110E-4
1.162250E+7,  8.563399E-4
1.162875E+7,  9.835958E-4
1.163500E+7,  1.078188E-3
1.164125E+7,  1.200795E-3
1.164750E+7,  1.326025E-3
1.165375E+7,  1.269281E-3
1.166000E+7,  1.179099E-3
1.166625E+7,  1.352489E-3
1.167250E+7,  1.283646E-3
1.167875E+7,  1.289487E-3
1.168500E+7,  1.267493E-3
1.169125E+7,  1.307249E-3
1.169750E+7,  1.321614E-3
1.170375E+7,  1.323283E-3
1.171000E+7,  1.288176E-3
1.171625E+7,  1.371086E-3
1.172250E+7,  1.346231E-3
1.172875E+7,  1.369536E-3
1.173500E+7,  1.363933E-3
1.174125E+7,  1.391888E-3
1.174750E+7,  1.350820E-3
1.175375E+7,  1.397192E-3
1.176000E+7,  1.409888E-3
1.176625E+7,  1.411557E-3
1.177250E+7,  1.407921E-3
1.177875E+7,  1.425743E-3
1.178500E+7,  1.479924E-3
1.179125E+7,  1.470685E-3
1.179750E+7,  1.419663E-3
1.180375E+7,  1.420259E-3
1.181000E+7,  1.444995E-3
1.181625E+7,  1.407683E-3
1.182250E+7,  1.511097E-3
1.182875E+7,  1.542509E-3
1.183500E+7,  1.513541E-3
1.184125E+7,  1.493812E-3
1.184750E+7,  1.547456E-3
1.185375E+7,  1.554310E-3
1.186000E+7,  1.553416E-3
1.186625E+7,  1.556814E-3
1.187250E+7,  1.556396E-3
1.187875E+7,  1.572490E-3
1.188500E+7,  1.556933E-3
1.189125E+7,  1.630962E-3
1.189750E+7,  1.599550E-3
1.190375E+7,  1.642525E-3
1.191000E+7,  1.621306E-3
1.191625E+7,  1.650333E-3
1.192250E+7,  1.622200E-3
1.192875E+7,  1.649320E-3
1.193500E+7,  1.637638E-3
1.194125E+7,  1.704693E-3
1.194750E+7,  1.733124E-3
1.195375E+7,  1.686931E-3
1.196000E+7,  1.676798E-3
1.196625E+7,  1.730561E-3
1.197250E+7,  1.713634E-3
1.197875E+7,  1.783729E-3
1.198500E+7,  1.782119E-3
1.199125E+7,  1.818180E-3
1.199750E+7,  1.779199E-3
1.200375E+7,  1.801848E-3
1.201000E+7,  1.794398E-3
1.201625E+7,  1.849413E-3
1.202250E+7,  1.814783E-3
1.202875E+7,  1.838326E-3
1.203500E+7,  1.859963E-3
1.204125E+7,  1.843095E-3
1.204750E+7,  1.813769E-3
1.205375E+7,  1.866996E-3
1.206000E+7,  1.882672E-3
1.206625E+7,  1.913846E-3
1.207250E+7,  1.956224E-3
1.207875E+7,  1.949668E-3
1.208500E+7,  1.870751E-3
1.209125E+7,  1.890838E-3
1.209750E+7,  1.938522E-3
1.210375E+7,  1.950145E-3
1.211000E+7,  1.856565E-3
1.211625E+7,  1.940727E-3
1.212250E+7,  1.979828E-3
1.212875E+7,  2.014279E-3
1.213500E+7,  2.006054E-3
1.214125E+7,  2.027273E-3
1.214750E+7,  2.016544E-3
1.215375E+7,  2.078295E-3
1.216000E+7,  2.085328E-3
1.216625E+7,  2.081156E-3
1.217250E+7,  2.070785E-3
1.217875E+7,  2.111912E-3
1.218500E+7,  2.165914E-3
1.219125E+7,  2.162695E-3
1.219750E+7,  2.189875E-3
1.220375E+7,  2.194047E-3
1.221000E+7,  2.213717E-3
1.221625E+7,  2.221704E-3
1.222250E+7,  2.247214E-3
1.222875E+7,  2.254844E-3
1.223500E+7,  2.249241E-3
1.224125E+7,  2.293706E-3
1.224750E+7,  2.272725E-3
1.225375E+7,  2.356887E-3
1.226000E+7,  2.388716E-3
1.226625E+7,  2.414346E-3
1.227250E+7,  2.369404E-3
1.227875E+7,  2.433896E-3
1.228500E+7,  2.429605E-3
1.229125E+7,  2.482533E-3
1.229750E+7,  2.497673E-3
1.230375E+7,  2.534509E-3
1.231000E+7,  2.563834E-3
1.231625E+7,  2.588034E-3
1.232250E+7,  2.532959E-3
1.232875E+7,  2.637625E-3
1.233500E+7,  2.611041E-3
1.234125E+7,  2.650142E-3
1.234750E+7,  2.674103E-3
1.235375E+7,  2.746224E-3
1.236000E+7,  2.748370E-3
1.236625E+7,  2.759099E-3
1.237250E+7,  2.769351E-3
1.237875E+7,  2.800465E-3
1.238500E+7,  2.913356E-3
1.239125E+7,  2.909184E-3
1.239750E+7,  2.868652E-3
1.240375E+7,  2.935290E-3
1.241000E+7,  2.989531E-3
1.241625E+7,  2.992153E-3
1.242250E+7,  3.059626E-3
1.242875E+7,  3.091216E-3
1.243500E+7,  3.136039E-3
1.244125E+7,  3.206015E-3
1.244750E+7,  3.217340E-3
1.245375E+7,  3.208280E-3
1.246000E+7,  3.265142E-3
1.246625E+7,  3.283978E-3
1.247250E+7,  3.289223E-3
1.247875E+7,  3.375769E-3
1.248500E+7,  3.421068E-3
1.249125E+7,  3.441453E-3
1.249750E+7,  3.503203E-3
1.250375E+7,  3.587484E-3
1.251000E+7,  3.572583E-3
1.251625E+7,  3.615379E-3
1.252250E+7,  3.626347E-3
1.252875E+7,  3.702998E-3
1.253500E+7,  3.740072E-3
1.254125E+7,  3.798127E-3
1.254750E+7,  3.840089E-3
1.255375E+7,  3.908873E-3
1.256000E+7,  3.990889E-3
1.256625E+7,  4.069328E-3
1.257250E+7,  4.046917E-3
1.257875E+7,  4.160166E-3
1.258500E+7,  4.149437E-3
1.259125E+7,  4.275560E-3
1.259750E+7,  4.304886E-3
1.260375E+7,  4.381895E-3
1.261000E+7,  4.412889E-3
1.261625E+7,  4.510164E-3
1.262250E+7,  4.502773E-3
1.262875E+7,  4.693747E-3
1.263500E+7,  4.583120E-3
1.264125E+7,  4.728317E-3
1.264750E+7,  4.857779E-3
1.265375E+7,  4.871607E-3
1.266000E+7,  4.987001E-3
1.266625E+7,  5.043983E-3
1.267250E+7,  5.213261E-3
1.267875E+7,  5.302906E-3
1.268500E+7,  5.535841E-3
1.269125E+7,  5.613327E-3
1.269750E+7,  5.358458E-3
1.270375E+7,  5.301237E-3
1.271000E+7,  6.153822E-3
1.271625E+7,  5.738258E-3
1.272250E+7,  5.799294E-3
1.272875E+7,  5.954266E-3
1.273500E+7,  6.088257E-3
1.274125E+7,  6.163120E-3
1.274750E+7,  6.329060E-3
1.275375E+7,  6.347179E-3
1.276000E+7,  6.419420E-3
1.276625E+7,  6.579638E-3
1.277250E+7,  4.874468E-3
1.277875E+7,  6.221294E-3
1.278500E+7,  7.183313E-3
1.279125E+7,  7.448196E-3
1.279750E+7,  7.133007E-3
1.280375E+7,  6.856203E-3
1.281000E+7,  6.384611E-3
1.281625E+7,  8.129597E-3
1.282250E+7,  8.049965E-3
1.282875E+7,  8.026123E-3
1.283500E+7,  7.545710E-3
1.284125E+7,  8.933544E-3
1.284750E+7,  8.857250E-3
1.285375E+7,  9.205818E-3
1.286000E+7,  9.173393E-3
1.286625E+7,  9.700298E-3
1.287250E+7,  9.747505E-3
1.287875E+7,  9.722710E-3
1.288500E+7,  9.674549E-3
1.289125E+7,  1.055861E-2
1.289750E+7,  1.052570E-2
1.290375E+7,  1.051664E-2
1.291000E+7,  1.087904E-2
1.291625E+7,  1.158571E-2
1.292250E+7,  1.019812E-2
1.292875E+7,  1.142263E-2
1.293500E+7,  1.053524E-2
1.294125E+7,  1.106739E-2
1.294750E+7,  9.361267E-3
1.295375E+7,  7.013798E-3
1.296000E+7,  5.642891E-3
1.296625E+7,  5.451679E-3
1.297250E+7,  5.653620E-3
1.297875E+7,  5.774498E-3
1.298500E+7,  5.842686E-3
1.299125E+7,  5.964994E-3
1.299750E+7,  6.135464E-3
1.300375E+7,  6.305218E-3
1.301000E+7,  6.460428E-3
1.301625E+7,  6.626368E-3
1.302250E+7,  6.801605E-3
1.302875E+7,  6.971359E-3
1.303500E+7,  7.184267E-3
1.304125E+7,  7.360220E-3
1.304750E+7,  7.531643E-3
1.305375E+7,  7.754326E-3
1.306000E+7,  7.967472E-3
1.306625E+7,  8.222103E-3
1.307250E+7,  8.460522E-3
1.307875E+7,  8.765221E-3
1.308500E+7,  9.024143E-3
1.309125E+7,  9.323120E-3
1.309750E+7,  9.594440E-3
1.310375E+7,  9.897232E-3
1.311000E+7,  1.023293E-2
1.311625E+7,  1.056814E-2
1.312250E+7,  1.096964E-2
1.312875E+7,  1.139116E-2
1.313500E+7,  1.179171E-2
1.314125E+7,  1.216412E-2
1.314750E+7,  1.262856E-2
1.315375E+7,  1.332045E-2
1.316000E+7,  1.384926E-2
1.316625E+7,  1.437521E-2
1.317250E+7,  1.486063E-2
1.317875E+7,  1.551104E-2
1.318500E+7,  1.611900E-2
1.319125E+7,  1.691151E-2
1.319750E+7,  1.743031E-2
1.320375E+7,  1.820469E-2
1.321000E+7,  1.920605E-2
1.321625E+7,  1.978779E-2
1.322250E+7,  2.069283E-2
1.322875E+7,  2.183914E-2
1.323500E+7,  2.304554E-2
1.324125E+7,  2.442360E-2
1.324750E+7,  2.621746E-2
1.325375E+7,  2.807999E-2
1.326000E+7,  2.934170E-2
1.326625E+7,  3.106689E-2
1.327250E+7,  3.298569E-2
1.327875E+7,  3.528023E-2
1.328500E+7,  3.714371E-2
1.329125E+7,  4.014206E-2
1.329750E+7,  4.254150E-2
1.330375E+7,  4.495621E-2
1.331000E+7,  4.935074E-2
1.331625E+7,  5.284882E-2
1.332250E+7,  5.797005E-2
1.332875E+7,  6.037712E-2
1.333500E+7,  6.322861E-2
1.334125E+7,  6.732178E-2
1.334750E+7,  7.225800E-2
1.335375E+7,  7.969284E-2
1.336000E+7,  8.619690E-2
1.336625E+7,  9.288406E-2
1.337250E+7,  1.029778E-1
1.337875E+7,  1.118622E-1
1.338500E+7,  1.223946E-1
1.339125E+7,  1.371918E-1
1.339750E+7,  1.513062E-1
1.340375E+7,  1.668396E-1
1.341000E+7,  1.863708E-1
1.341625E+7,  2.112198E-1
1.342250E+7,  2.374954E-1
1.342875E+7,  2.694702E-1
1.343500E+7,  3.057709E-1
1.344125E+7,  3.402405E-1
1.344750E+7,  3.810730E-1
1.345375E+7,  4.201202E-1
1.346000E+7,  4.542847E-1
1.346625E+7,  4.862061E-1
1.347250E+7,  5.115356E-1
1.347875E+7,  5.211792E-1
1.348500E+7,  5.211487E-1
1.349125E+7,  5.220032E-1
1.349750E+7,  5.214233E-1
1.350375E+7,  5.248718E-1
1.351000E+7,  5.210266E-1
1.351625E+7,  5.199280E-1
1.352250E+7,  5.218201E-1
1.352875E+7,  5.264587E-1
1.353500E+7,  5.340881E-1
1.354125E+7,  5.421448E-1
1.354750E+7,  5.515137E-1
1.355375E+7,  5.608215E-1
1.356000E+7,  5.681763E-1
1.356625E+7,  5.733337E-1
1.357250E+7,  5.737610E-1
1.357875E+7,  5.722961E-1
1.358500E+7,  5.638428E-1
1.359125E+7,  5.512390E-1
1.359750E+7,  5.347290E-1
1.360375E+7,  5.145264E-1
1.361000E+7,  4.937592E-1
1.361625E+7,  4.727325E-1
1.362250E+7,  4.527588E-1
1.362875E+7,  4.345093E-1
1.363500E+7,  4.184875E-1
1.364125E+7,  4.046326E-1
1.364750E+7,  3.931732E-1
1.365375E+7,  3.842773E-1
1.366000E+7,  3.791199E-1
1.366625E+7,  3.763428E-1
1.367250E+7,  3.761292E-1
1.367875E+7,  3.772583E-1
1.368500E+7,  3.804321E-1
1.369125E+7,  3.827667E-1
1.369750E+7,  3.842621E-1
1.370375E+7,  3.804016E-1
1.371000E+7,  3.691254E-1
1.371625E+7,  3.477631E-1
1.372250E+7,  3.169556E-1
1.372875E+7,  2.800751E-1
1.373500E+7,  2.425232E-1
1.374125E+7,  2.072601E-1
1.374750E+7,  1.758881E-1
1.375375E+7,  1.499100E-1
1.376000E+7,  1.281128E-1
1.376625E+7,  1.099358E-1
1.377250E+7,  9.495926E-2
1.377875E+7,  8.245087E-2
1.378500E+7,  7.199097E-2
1.379125E+7,  6.322098E-2
1.379750E+7,  5.574036E-2
1.380375E+7,  4.940987E-2
1.381000E+7,  4.393578E-2
1.381625E+7,  3.927422E-2
1.382250E+7,  3.518677E-2
1.382875E+7,  3.168869E-2
1.383500E+7,  2.863693E-2
1.384125E+7,  2.589989E-2
1.384750E+7,  2.353668E-2
1.385375E+7,  2.138615E-2
1.386000E+7,  1.951313E-2
1.386625E+7,  1.784706E-2
1.387250E+7,  1.636982E-2
1.387875E+7,  1.503277E-2
1.388500E+7,  1.382971E-2
1.389125E+7,  1.272917E-2
1.389750E+7,  1.173639E-2
1.390375E+7,  1.084232E-2
1.391000E+7,  1.005840E-2
1.391625E+7,  9.314060E-3
1.392250E+7,  8.650780E-3
1.392875E+7,  8.044243E-3
1.393500E+7,  7.505894E-3
1.394125E+7,  6.981611E-3
1.394750E+7,  6.506443E-3
1.395375E+7,  6.076097E-3
1.396000E+7,  5.659342E-3
1.396625E+7,  5.309820E-3
1.397250E+7,  4.986525E-3
1.397875E+7,  4.682064E-3
1.398500E+7,  4.379272E-3
1.399125E+7,  4.107952E-3
1.399750E+7,  3.884673E-3
1.400375E+7,  3.648639E-3
1.401000E+7,  3.432393E-3
1.401625E+7,  3.217936E-3
1.402250E+7,  3.036141E-3
1.402875E+7,  2.832890E-3
1.403500E+7,  2.698779E-3
1.404125E+7,  2.539277E-3
1.404750E+7,  2.387166E-3
1.405375E+7,  2.287269E-3
1.406000E+7,  2.154112E-3
1.406625E+7,  2.047777E-3
1.407250E+7,  1.949131E-3
1.407875E+7,  1.835823E-3
1.408500E+7,  1.702726E-3
1.409125E+7,  1.633584E-3
1.409750E+7,  1.537919E-3
1.410375E+7,  1.486778E-3
1.411000E+7,  1.386762E-3
1.411625E+7,  1.319349E-3
1.412250E+7,  1.262128E-3
1.412875E+7,  1.219094E-3
1.413500E+7,  1.129329E-3
1.414125E+7,  1.087010E-3
1.414750E+7,  1.013696E-3
1.415375E+7,  9.797215E-4
1.416000E+7,  9.281039E-4
1.416625E+7,  8.924603E-4
1.417250E+7,  8.487999E-4
1.417875E+7,  7.949173E-4
1.418500E+7,  7.914305E-4
1.419125E+7,  7.348657E-4
1.419750E+7,  6.797910E-4
1.420375E+7,  6.480515E-4
1.421000E+7,  6.237030E-4
1.421625E+7,  6.012917E-4
1.422250E+7,  5.757213E-4
1.422875E+7,  5.762577E-4
1.423500E+7,  5.413890E-4
1.424125E+7,  4.995465E-4
1.424750E+7,  4.577935E-4
1.425375E+7,  4.654378E-4
1.426000E+7,  4.502535E-4
1.426625E+7,  4.150718E-4
1.427250E+7,  4.148781E-4
1.427875E+7,  3.772229E-4
1.428500E+7,  3.411770E-4
1.429125E+7,  3.493726E-4
1.429750E+7,  3.350526E-4
1.430375E+7,  3.093034E-4
1.431000E+7,  3.063977E-4
1.431625E+7,  2.971590E-4
1.432250E+7,  3.052801E-4
1.432875E+7,  2.629757E-4
1.433500E+7,  2.741367E-4
1.434125E+7,  2.352148E-4
1.434750E+7,  2.223179E-4
1.435375E+7,  2.360418E-4
1.436000E+7,  2.211779E-4
1.436625E+7,  2.069920E-4
1.437250E+7,  1.926646E-4
1.437875E+7,  1.992285E-4
1.438500E+7,  1.955479E-4
1.439125E+7,  1.576692E-4
1.439750E+7,  1.666844E-4
1.440375E+7,  1.613274E-4
1.441000E+7,  1.735911E-4
1.441625E+7,  1.489073E-4
1.442250E+7,  1.485273E-4
1.442875E+7,  1.186579E-4
1.443500E+7,  1.362488E-4
1.444125E+7,  1.187250E-4
1.444750E+7,  1.279339E-4
1.445375E+7,  9.731948E-5
1.446000E+7,  1.228899E-4
1.446625E+7,  1.125522E-4
1.447250E+7,  9.262562E-5
1.447875E+7,  9.726360E-5
1.448500E+7,  8.716434E-5
1.449125E+7,  9.472668E-5
1.449750E+7,  7.971749E-5
1.450375E+7,  7.452816E-5
1.451000E+7,  8.456036E-5
1.451625E+7,  7.243827E-5
1.452250E+7,  7.536262E-5
1.452875E+7,  6.913021E-5
1.453500E+7,  6.440282E-5
1.454125E+7,  5.896203E-5
1.454750E+7,  7.243454E-5
1.455375E+7,  6.148219E-5
1.456000E+7,  4.927255E-5
1.456625E+7,  4.228577E-5
1.457250E+7,  4.052930E-5
1.457875E+7,  4.874356E-5
1.458500E+7,  4.927814E-5
1.459125E+7,  5.522929E-5
1.459750E+7,  2.829544E-5
1.460375E+7,  2.832804E-5
1.461000E+7,  4.228391E-5
1.461625E+7,  4.244410E-5
1.462250E+7,  8.108094E-6
1.462875E+7,  4.101172E-5
1.463500E+7,  1.451746E-5
1.464125E+7,  3.698096E-5
1.464750E+7,  3.099069E-5
1.465375E+7,  3.243424E-5
1.466000E+7,  2.051145E-5
1.466625E+7,  2.618041E-5
1.467250E+7,  1.495844E-5
1.467875E+7,  2.616085E-5
1.468500E+7,  3.078580E-5
1.469125E+7,  1.815893E-5
1.469750E+7,  7.264782E-6
1.470375E+7,  2.618320E-5
1.471000E+7,  1.309626E-5
1.471625E+7,  1.308275E-5
1.472250E+7,  1.309672E-5
1.472875E+7,  2.323929E-5
1.473500E+7,  2.928451E-5
1.474125E+7,  2.438389E-5
1.474750E+7,  1.310837E-5
1.475375E+7,  1.498219E-5
1.476000E+7,  1.451094E-5
1.476625E+7,  1.956522E-5
1.477250E+7,  7.265946E-6
1.477875E+7,  3.631809E-6
1.478500E+7,  7.260358E-6
1.479125E+7,  1.453888E-5
1.479750E+7,  1.818221E-5
1.480375E+7,  7.267110E-6
1.481000E+7,  3.429316E-5
1.481625E+7,  1.028692E-5
1.482250E+7,  1.456169E-5
1.482875E+7,  7.278984E-6
1.483500E+7,  1.456309E-5
1.484125E+7,  2.443139E-5
1.484750E+7,  7.284107E-6
1.485375E+7,  3.643101E-6
1.486000E+7,  1.313444E-5
1.486625E+7,  1.458591E-5
1.487250E+7,  8.157454E-6
1.487875E+7,  8.146744E-6
1.488500E+7,  3.005099E-5
1.489125E+7,  8.160714E-6
1.489750E+7,  3.647874E-6
1.490375E+7,  8.162577E-6
1.491000E+7,  1.315353E-5
1.491625E+7,  8.171890E-6
1.492250E+7,  2.341904E-5
1.492875E+7,  6.149037E-10
1.493500E+7,  2.342276E-5
1.494125E+7,  6.152732E-10
1.494750E+7,  3.661844E-6
1.495375E+7,  2.456550E-5
1.496000E+7,  7.328810E-6
1.496625E+7,  1.465296E-5
1.497250E+7,  2.230331E-5
1.497875E+7,  2.347771E-5
1.498500E+7,  1.101382E-5
1.499125E+7,  1.640525E-5
1.499750E+7,  1.514424E-5
1.500375E+7,  2.321135E-5
1.501000E+7,  1.514377E-5
1.501625E+7,  1.516519E-5
1.502250E+7,  2.967473E-5
1.502875E+7,  1.517450E-5
1.503500E+7,  2.085231E-5
1.504125E+7,  1.651235E-5
1.504750E+7,  7.391907E-6
1.505375E+7,  1.334772E-5
1.506000E+7,  1.477730E-5
1.506625E+7,  8.257572E-6
1.507250E+7,  1.045829E-5
1.507875E+7,  1.651421E-5
1.508500E+7,  3.299676E-5
1.509125E+7,  1.648627E-5
1.509750E+7,  7.372350E-6
1.510375E+7,  3.686175E-6
1.511000E+7,  2.683233E-5
1.511625E+7,  1.520338E-5
1.512250E+7,  1.985393E-5
1.512875E+7,  3.393739E-5
1.513500E+7,  1.103897E-5
1.514125E+7,  1.327880E-5
1.514750E+7,  8.227769E-6
1.515375E+7,  1.984835E-5
1.516000E+7,  2.971943E-5
1.516625E+7,  1.521222E-5
1.517250E+7,  2.581906E-5
1.517875E+7,  7.380499E-6
1.518500E+7,  8.261297E-6
1.519125E+7,  1.649559E-5
1.519750E+7,  1.990888E-5
1.520375E+7,  2.368260E-5
1.521000E+7,  7.411232E-6
1.521625E+7,  3.716676E-6
1.522250E+7,  1.494493E-5
1.522875E+7,  1.867954E-5
1.523500E+7,  1.492864E-5
1.524125E+7,  1.056679E-5
1.524750E+7,  2.115779E-5
1.525375E+7,  2.370961E-5
1.526000E+7,  1.500733E-5
1.526625E+7,  3.023818E-5
1.527250E+7,  1.136772E-5
1.527875E+7,  7.611932E-6
1.528500E+7,  2.448820E-5
1.529125E+7,  1.084711E-5
1.529750E+7,  1.715496E-5
1.530375E+7,  2.423394E-5
1.531000E+7,  7.714145E-6
1.531625E+7,  1.710933E-5
1.532250E+7,  1.704413E-5
1.532875E+7,  2.311822E-5
1.533500E+7,  1.096958E-5
1.534125E+7,  2.843048E-5
1.534750E+7,  2.755225E-5
1.535375E+7,  8.425210E-6
1.536000E+7,  2.078246E-5
1.536625E+7,  2.792571E-5
1.537250E+7,  1.658499E-5
1.537875E+7,  9.356998E-6
1.538500E+7,  1.280289E-5
1.539125E+7,  9.483658E-6
1.539750E+7,  2.592802E-5
1.540375E+7,  3.968831E-6
1.541000E+7,  8.758623E-6
1.541625E+7,  2.013706E-5
1.542250E+7,  1.889933E-5
1.542875E+7,  9.030104E-6
1.543500E+7,  1.964439E-5
1.544125E+7,  1.906510E-5
1.544750E+7,  3.096834E-5
1.545375E+7,  1.943391E-5
1.546000E+7,  1.252396E-5
1.546625E+7,  3.461540E-5
1.547250E+7,  1.196237E-5
1.547875E+7,  1.185341E-5
1.548500E+7,  2.588145E-5
1.549125E+7,  1.525600E-5
1.549750E+7,  1.591723E-5
1.550375E+7,  2.026744E-5
1.551000E+7,  3.622286E-5
1.551625E+7,  2.759602E-5
1.552250E+7,  2.228562E-5
1.552875E+7,  2.704840E-5
1.553500E+7,  1.142919E-5
1.554125E+7,  1.268461E-5
1.554750E+7,  3.372133E-5
1.555375E+7,  5.369307E-6
1.556000E+7,  1.531001E-5
1.556625E+7,  2.828147E-5
1.557250E+7,  8.126904E-10
1.557875E+7,  1.361268E-5
1.558500E+7,  8.167233E-6
1.559125E+7,  4.397891E-5
1.559750E+7,  9.062234E-6
1.560375E+7,  8.988194E-6
1.561000E+7,  2.922956E-5
1.561625E+7,  9.179115E-6
1.562250E+7,  2.550613E-5
1.562875E+7,  1.686905E-5
1.563500E+7,  7.946044E-6
1.564125E+7,  1.102500E-5
1.564750E+7,  8.598436E-6
1.565375E+7,  1.093745E-5
1.566000E+7,  1.578685E-5
1.566625E+7,  8.632429E-6
1.567250E+7,  1.925603E-5
1.567875E+7,  3.828201E-6
1.568500E+7,  2.165418E-5
1.569125E+7,  3.824709E-6
1.569750E+7,  1.528487E-5
1.570375E+7,  1.526438E-5
1.571000E+7,  1.073256E-5
1.571625E+7,  1.896825E-5
1.572250E+7,  2.049096E-5
1.572875E+7,  1.522154E-5
1.573500E+7,  1.897570E-5
1.574125E+7,  2.036709E-5
1.574750E+7,  3.032479E-5
1.575375E+7,  2.540648E-5
1.576000E+7,  1.891237E-5
1.576625E+7,  1.698732E-5
1.577250E+7,  2.144929E-5
1.577875E+7,  1.563504E-5
1.578500E+7,  2.043229E-5
1.579125E+7,  6.374989E-10
1.579750E+7,  8.464791E-6
1.580375E+7,  1.557264E-5
1.581000E+7,  2.419204E-5
1.581625E+7,  1.554005E-5
1.582250E+7,  1.358194E-5
1.582875E+7,  3.764289E-6
1.583500E+7,  2.718065E-5
1.584125E+7,  3.015064E-5
1.584750E+7,  7.544179E-6
1.585375E+7,  2.026372E-5
1.586000E+7,  3.763125E-6
1.586625E+7,  3.761263E-6
1.587250E+7,  1.681130E-5
1.587875E+7,  1.504319E-5
1.588500E+7,  8.398667E-6
1.589125E+7,  1.503062E-5
1.589750E+7,  2.252124E-5
1.590375E+7,  8.394476E-6
1.591000E+7,  7.507391E-6
1.591625E+7,  8.387957E-6
1.592250E+7,  1.545809E-5
1.592875E+7,  1.350930E-5
1.593500E+7,  2.925657E-5
1.594125E+7,  3.743917E-6
1.594750E+7,  1.870189E-5
1.595375E+7,  1.673028E-5
1.596000E+7,  1.057889E-5
1.596625E+7,  1.497241E-5
1.597250E+7,  2.367329E-5
1.597875E+7,  1.498545E-5
1.598500E+7,  1.870748E-5
1.599125E+7,  1.673214E-5
1.599750E+7,  1.673121E-5
1.600375E+7,  1.552105E-4
1.601000E+7,  1.246929E-4
1.601625E+7,  1.465157E-4
1.602250E+7,  1.021586E-4
1.602875E+7,  2.129897E-4
1.603500E+7,  3.000498E-4
1.604125E+7,  9.064376E-5
1.604750E+7,  3.352165E-4
1.605375E+7,  1.530796E-4
1.606000E+7,  7.253513E-5
1.606625E+7,  3.450811E-4
1.607250E+7,  2.451390E-4
1.607875E+7,  1.109429E-4
1.608500E+7,  2.107322E-4
1.609125E+7,  5.742349E-5
1.609750E+7,  2.263710E-4
1.610375E+7,  7.196143E-5
1.611000E+7,  1.572520E-4
1.611625E+7,  1.407415E-4
1.612250E+7,  7.109717E-5
1.612875E+7,  1.814775E-5
1.613500E+7,  1.155324E-4
1.614125E+7,  7.646531E-5
1.614750E+7,  1.350343E-4
1.615375E+7,  8.982420E-5
1.616000E+7,  2.868753E-5
1.616625E+7,  4.346110E-5
1.617250E+7,  2.314709E-5
1.617875E+7,  1.284573E-5
1.618500E+7,  9.554997E-5
1.619125E+7,  6.315857E-5
1.619750E+7,  4.883483E-5
1.620375E+7,  5.810708E-5
1.621000E+7,  2.710428E-5
1.621625E+7,  7.711351E-5
1.622250E+7,  1.326129E-4
1.622875E+7,  1.816545E-5
1.623500E+7,  3.053993E-5
1.624125E+7,  2.647657E-5
1.624750E+7,  5.774014E-5
1.625375E+7,  4.143082E-5
1.626000E+7,  9.474158E-5
1.626625E+7,  6.304309E-5
1.627250E+7,  3.853999E-5
1.627875E+7,  3.861077E-5
1.628500E+7,  6.547570E-5
1.629125E+7,  5.689450E-5
1.629750E+7,  2.244040E-4
1.630375E+7,  7.811561E-5
1.631000E+7,  9.197369E-5
1.631625E+7,  8.330122E-5
1.632250E+7,  1.546834E-5
1.632875E+7,  7.648394E-5
1.633500E+7,  1.679733E-4
1.634125E+7,  5.201437E-5
1.634750E+7,  7.535517E-5
1.635375E+7,  7.999688E-5
1.636000E+7,  6.721541E-5
1.636625E+7,  8.273125E-5
1.637250E+7,  7.183850E-5
1.637875E+7,  7.979944E-5
1.638500E+7,  9.511039E-5
1.639125E+7,  1.568720E-4
1.639750E+7,  4.116632E-5
1.640375E+7,  5.280413E-5
1.641000E+7,  1.265258E-4
1.641625E+7,  1.892820E-4
1.642250E+7,  9.254739E-5
1.642875E+7,  6.381050E-5
1.643500E+7,  6.063655E-5
1.644125E+7,  4.502013E-5
1.644750E+7,  1.410916E-4
1.645375E+7,  8.642673E-5
1.646000E+7,  7.669255E-5
1.646625E+7,  9.099767E-5
1.647250E+7,  5.671568E-5
1.647875E+7,  7.617846E-5
1.648500E+7,  3.991835E-5
1.649125E+7,  2.571568E-5
1.649750E+7,  8.515269E-5
1.650375E+7,  2.877042E-5
1.651000E+7,  1.029447E-4
1.651625E+7,  5.288050E-5
1.652250E+7,  7.274002E-5
1.652875E+7,  5.218573E-5
1.653500E+7,  3.512949E-5
1.654125E+7,  1.083240E-4
1.654750E+7,  8.813292E-5
1.655375E+7,  6.073341E-5
1.656000E+7,  9.335205E-5
1.656625E+7,  3.915466E-5
1.657250E+7,  5.789660E-5
1.657875E+7,  9.591505E-5
1.658500E+7,  5.383603E-5
1.659125E+7,  8.720160E-5
1.659750E+7,  1.251474E-4
1.660375E+7,  3.642589E-5
1.661000E+7,  4.471652E-5
1.661625E+7,  4.045665E-5
1.662250E+7,  9.379163E-5
1.662875E+7,  1.305565E-4
1.663500E+7,  8.153170E-5
1.664125E+7,  5.038641E-5
1.664750E+7,  4.937500E-5
1.665375E+7,  4.504621E-5
1.666000E+7,  1.231730E-4
1.666625E+7,  1.329482E-4
1.667250E+7,  2.307259E-5
1.667875E+7,  3.518164E-5
1.668500E+7,  1.008920E-4
1.669125E+7,  3.167428E-5
1.669750E+7,  7.846206E-5
1.670375E+7,  1.360327E-4
1.671000E+7,  7.936358E-5
1.671625E+7,  1.825579E-5
1.672250E+7,  1.217425E-4
1.672875E+7,  7.709116E-5
1.673500E+7,  4.697591E-5
1.674125E+7,  2.721511E-5
1.674750E+7,  4.130602E-5
1.675375E+7,  2.083369E-5
1.676000E+7,  9.451434E-5
1.676625E+7,  9.563565E-5
1.677250E+7,  1.059137E-4
1.677875E+7,  4.051626E-5
1.678500E+7,  7.600337E-5
1.679125E+7,  3.571436E-5
1.679750E+7,  9.561703E-5
1.680375E+7,  6.120279E-5
1.681000E+7,  1.359284E-4
1.681625E+7,  4.524365E-5
1.682250E+7,  8.159876E-5
1.682875E+7,  1.023225E-4
1.683500E+7,  6.989390E-5
1.684125E+7,  8.171890E-6
1.684750E+7,  3.801286E-5
1.685375E+7,  4.906952E-5
1.686000E+7,  6.980076E-5
1.686625E+7,  1.086108E-4
1.687250E+7,  5.583651E-5
1.687875E+7,  4.635938E-5
1.688500E+7,  9.868667E-5
1.689125E+7,  7.247925E-5
1.689750E+7,  3.659166E-5
1.690375E+7,  3.519468E-5
1.691000E+7,  4.142895E-5
1.691625E+7,  2.104696E-5
1.692250E+7,  5.899929E-5
1.692875E+7,  1.193434E-4
1.693500E+7,  3.235973E-5
1.694125E+7,  1.207814E-4
1.694750E+7,  1.347065E-4
1.695375E+7,  5.245954E-5
1.696000E+7,  8.710101E-5
1.696625E+7,  4.912354E-5
1.697250E+7,  6.476417E-5
1.697875E+7,  1.516044E-4
1.698500E+7,  1.650602E-4
1.699125E+7,  8.424371E-5
1.699750E+7,  2.457108E-5
1.700375E+7,  9.861961E-5
1.701000E+7,  1.601577E-4
1.701625E+7,  8.238107E-5
1.702250E+7,  1.082383E-4
1.702875E+7,  3.711507E-5
1.703500E+7,  1.377985E-4
1.704125E+7,  4.036725E-4
1.704750E+7,  8.696690E-5
1.705375E+7,  1.640059E-5
1.706000E+7,  1.353621E-4
1.706625E+7,  1.479536E-4
1.707250E+7,  7.680804E-5
1.707875E+7,  4.779547E-5
1.708500E+7,  1.113713E-4
1.709125E+7,  4.676729E-5
1.709750E+7,  1.170747E-4
1.710375E+7,  3.394857E-5
1.711000E+7,  8.192286E-5
1.711625E+7,  5.225092E-5
1.712250E+7,  8.130074E-5
1.712875E+7,  7.207692E-5
1.713500E+7,  5.971082E-5
1.714125E+7,  7.627532E-5
1.714750E+7,  5.600974E-5
1.715375E+7,  2.462231E-5
1.716000E+7,  2.903980E-6
1.716625E+7,  1.212396E-4
1.717250E+7,  2.959091E-5
1.717875E+7,  4.314445E-5
1.718500E+7,  1.105517E-4
1.719125E+7,  3.672577E-5
1.719750E+7,  3.594719E-5
1.720375E+7,  3.847182E-4
1.721000E+7,  2.396386E-5
1.721625E+7,  1.162430E-5
1.722250E+7,  8.155778E-5
1.722875E+7,  1.009144E-4
1.723500E+7,  1.000129E-4
1.724125E+7,  8.582696E-5
1.724750E+7,  1.497716E-4
1.725375E+7,  2.395455E-5
1.726000E+7,  1.337603E-4
1.726625E+7,  3.287755E-5
1.727250E+7,  1.950096E-5
1.727875E+7,  2.095848E-5
1.728500E+7,  3.501587E-5
1.729125E+7,  6.779656E-5
1.729750E+7,  1.407489E-4
1.730375E+7,  5.820952E-5
1.731000E+7,  2.325978E-5
1.731625E+7,  2.152547E-4
1.732250E+7,  1.215339E-4
1.732875E+7,  9.183586E-5
1.733500E+7,  2.923515E-5
1.734125E+7,  9.386986E-5
1.734750E+7,  7.699430E-5
1.735375E+7,  5.081855E-5
1.736000E+7,  2.432764E-4
1.736625E+7,  4.665740E-5
1.737250E+7,  1.951028E-5
1.737875E+7,  6.401911E-5
1.738500E+7,  7.617846E-5
1.739125E+7,  4.119240E-5
1.739750E+7,  4.436634E-5
1.740375E+7,  1.008362E-4
1.741000E+7,  4.169345E-5
1.741625E+7,  9.602681E-5
1.742250E+7,  4.697405E-5
1.742875E+7,  5.013868E-5
1.743500E+7,  2.439320E-4
1.744125E+7,  3.919192E-5
1.744750E+7,  1.120344E-4
1.745375E+7,  1.183227E-4
1.746000E+7,  6.994233E-5
1.746625E+7,  5.571917E-5
1.747250E+7,  8.282438E-5
1.747875E+7,  4.885532E-5
1.748500E+7,  4.708208E-5
1.749125E+7,  5.899183E-5
1.749750E+7,  6.652251E-5
1.750375E+7,  6.522238E-5
1.751000E+7,  6.933138E-5
1.751625E+7,  9.500235E-5
1.752250E+7,  5.260110E-5
1.752875E+7,  1.631752E-4
1.753500E+7,  2.105162E-5
1.754125E+7,  7.657334E-5
1.754750E+7,  3.406964E-5
1.755375E+7,  6.526010E-6
1.756000E+7,  9.699911E-5
1.756625E+7,  8.233264E-5
1.757250E+7,  5.482510E-5
1.757875E+7,  3.155880E-5
1.758500E+7,  5.289540E-5
1.759125E+7,  4.418381E-5
1.759750E+7,  4.963763E-5
1.760375E+7,  1.458870E-5
1.761000E+7,  1.876429E-4
1.761625E+7,  8.685887E-5
1.762250E+7,  4.054606E-5
1.762875E+7,  5.023926E-5
1.763500E+7,  5.253777E-5
1.764125E+7,  5.757064E-5
1.764750E+7,  1.263842E-4
1.765375E+7,  1.296997E-4
1.766000E+7,  7.909164E-5
1.766625E+7,  6.536394E-5
1.767250E+7,  3.107265E-5
1.767875E+7,  1.428574E-4
1.768500E+7,  6.614998E-5
1.769125E+7,  1.282468E-4
1.769750E+7,  1.036040E-4
1.770375E+7,  7.070228E-5
1.771000E+7,  1.638308E-4
1.771625E+7,  7.065758E-5
1.772250E+7,  1.423731E-4
1.772875E+7,  1.141764E-4
1.773500E+7,  1.736954E-4
1.774125E+7,  5.338341E-5
1.774750E+7,  4.214980E-5
1.775375E+7,  7.173419E-5
1.776000E+7,  1.184754E-4
1.776625E+7,  1.850445E-5
1.777250E+7,  1.997128E-4
1.777875E+7,  2.538264E-4
1.778500E+7,  1.169778E-4
1.779125E+7,  5.797297E-5
1.779750E+7,  7.319823E-5
1.780375E+7,  3.312714E-5
1.781000E+7,  1.336113E-4
1.781625E+7,  1.361445E-4
1.782250E+7,  6.202608E-5
1.782875E+7,  6.543472E-5
1.783500E+7,  8.642673E-5
1.784125E+7,  6.445125E-5
1.784750E+7,  3.315695E-5
1.785375E+7,  4.724972E-5
1.786000E+7,  1.008213E-4
1.786625E+7,  2.503395E-5
1.787250E+7,  3.526919E-5
1.787875E+7,  7.328391E-5
1.788500E+7,  4.472397E-5
1.789125E+7,  3.983080E-5
1.789750E+7,  7.940829E-5
1.790375E+7,  8.798763E-5
1.791000E+7,  3.989972E-5
1.791625E+7,  6.690621E-5
1.792250E+7,  4.985370E-5
1.792875E+7,  9.311736E-5
1.793500E+7,  1.966953E-5
1.794125E+7,  4.366785E-5
1.794750E+7,  1.095571E-4
1.795375E+7,  1.465855E-5
1.796000E+7,  6.873906E-5
1.796625E+7,  9.553507E-5
1.797250E+7,  4.202500E-5
1.797875E+7,  8.661300E-5
1.798500E+7,  6.431341E-5
1.799125E+7,  6.691366E-5
1.799750E+7,  7.615238E-5
1.800375E+7,  7.071719E-5
1.801000E+7,  1.302361E-4
1.801625E+7,  1.896545E-4
1.802250E+7,  3.281794E-5
1.802875E+7,  1.058280E-4
1.803500E+7,  5.125068E-5
1.804125E+7,  1.232997E-4
1.804750E+7,  5.871803E-5
1.805375E+7,  4.401803E-5
1.806000E+7,  5.196780E-5
1.806625E+7,  1.270175E-4
1.807250E+7,  4.777312E-5
1.807875E+7,  2.627727E-5
1.808500E+7,  6.127730E-5
1.809125E+7,  3.716908E-5
1.809750E+7,  5.247071E-5
1.810375E+7,  6.879121E-5
1.811000E+7,  1.905635E-4
1.811625E+7,  1.336262E-4
1.812250E+7,  6.600469E-5
1.812875E+7,  3.571808E-5
1.813500E+7,  1.516789E-4
1.814125E+7,  1.159310E-4
1.814750E+7,  9.574741E-5
1.815375E+7,  7.364154E-5
1.816000E+7,  1.355410E-4
1.816625E+7,  1.747310E-4
1.817250E+7,  7.721037E-5
1.817875E+7,  4.081242E-5
1.818500E+7,  6.560236E-5
1.819125E+7,  9.632111E-5
1.819750E+7,  5.421601E-5
1.820375E+7,  1.178905E-4
1.821000E+7,  3.578141E-5
1.821625E+7,  2.879053E-4
1.822250E+7,  3.085136E-4
1.822875E+7,  5.307049E-5
1.823500E+7,  1.081638E-4
1.824125E+7,  7.079169E-5
1.824750E+7,  1.101866E-4
1.825375E+7,  4.491210E-5
1.826000E+7,  1.099184E-4
1.826625E+7,  9.999424E-5
1.827250E+7,  7.281452E-5
1.827875E+7,  7.721409E-5
1.828500E+7,  3.688596E-5
1.829125E+7,  6.067753E-5
1.829750E+7,  5.592220E-5
1.830375E+7,  3.689714E-5
1.831000E+7,  3.290549E-5
1.831625E+7,  2.941350E-6
1.832250E+7,  9.313226E-5
1.832875E+7,  2.060272E-5
1.833500E+7,  5.714223E-5
1.834125E+7,  5.428120E-5
1.834750E+7,  2.142228E-5
1.835375E+7,  8.723512E-5
1.836000E+7,  4.709698E-5
1.836625E+7,  4.612654E-5
1.837250E+7,  4.247390E-5
1.837875E+7,  4.248321E-5
1.838500E+7,  1.038127E-4
1.839125E+7,  9.499863E-5
1.839750E+7,  4.941784E-5
1.840375E+7,  3.595836E-5
1.841000E+7,  5.148165E-5
1.841625E+7,  1.605600E-4
1.842250E+7,  6.723776E-5
1.842875E+7,  2.502929E-5
1.843500E+7,  6.217137E-5
1.844125E+7,  9.878352E-5
1.844750E+7,  7.368997E-5
1.845375E+7,  1.270249E-4
1.846000E+7,  2.949312E-5
1.846625E+7,  8.588657E-5
1.847250E+7,  2.717506E-5
1.847875E+7,  1.592189E-4
1.848500E+7,  1.817718E-4
1.849125E+7,  4.910491E-5
1.849750E+7,  4.010089E-5
1.850375E+7,  2.720393E-5
1.851000E+7,  3.731251E-5
1.851625E+7,  7.252395E-5
1.852250E+7,  1.599938E-4
1.852875E+7,  1.268312E-4
1.853500E+7,  7.402152E-5
1.854125E+7,  3.078952E-5
1.854750E+7,  5.080551E-5
1.855375E+7,  1.531914E-4
1.856000E+7,  1.063272E-4