SAVED BY: 
TITLE: 
COMMENTS: 
DATE: 10/27/2020
TIME: 1:32 PM

STIMULUS, RESPONSE

8.560000E+6,  1.665801E-4
8.566250E+6,  1.583919E-4
8.572500E+6,  1.550093E-4
8.578750E+6,  1.730025E-4
8.585000E+6,  1.599044E-4
8.591250E+6,  1.718625E-4
8.597500E+6,  1.785085E-4
8.603750E+6,  1.608208E-4
8.610000E+6,  1.556426E-4
8.616250E+6,  1.487210E-4
8.622500E+6,  1.649782E-4
8.628750E+6,  1.768172E-4
8.635000E+6,  1.516268E-4
8.641250E+6,  1.762658E-4
8.647500E+6,  1.636669E-4
8.653750E+6,  1.802817E-4
8.660000E+6,  1.785681E-4
8.666250E+6,  1.585782E-4
8.672500E+6,  1.854002E-4
8.678750E+6,  1.768246E-4
8.685000E+6,  1.567602E-4
8.691250E+6,  1.787394E-4
8.697500E+6,  1.740977E-4
8.703750E+6,  1.683533E-4
8.710000E+6,  1.650676E-4
8.716250E+6,  1.616329E-4
8.722500E+6,  1.587719E-4
8.728750E+6,  1.734495E-4
8.735000E+6,  1.805350E-4
8.741250E+6,  1.838356E-4
8.747500E+6,  1.729950E-4
8.753750E+6,  1.637265E-4
8.760000E+6,  1.961961E-4
8.766250E+6,  1.718998E-4
8.772500E+6,  1.627952E-4
8.778750E+6,  1.653880E-4
8.785000E+6,  1.718998E-4
8.791250E+6,  1.824573E-4
8.797500E+6,  1.651123E-4
8.803750E+6,  1.719892E-4
8.810000E+6,  1.686662E-4
8.816250E+6,  1.627281E-4
8.822500E+6,  1.824051E-4
8.828750E+6,  1.892298E-4
8.835000E+6,  1.788735E-4
8.841250E+6,  1.754016E-4
8.847500E+6,  1.879781E-4
8.853750E+6,  1.915544E-4
8.860000E+6,  1.880080E-4
8.866250E+6,  1.697391E-4
8.872500E+6,  1.887381E-4
8.878750E+6,  1.701042E-4
8.885000E+6,  1.685470E-4
8.891250E+6,  1.810715E-4
8.897500E+6,  1.836643E-4
8.903750E+6,  2.023727E-4
8.910000E+6,  1.836568E-4
8.916250E+6,  1.801625E-4
8.922500E+6,  1.810566E-4
8.928750E+6,  1.734719E-4
8.935000E+6,  1.655370E-4
8.941250E+6,  1.722798E-4
8.947500E+6,  1.838058E-4
8.953750E+6,  1.871437E-4
8.960000E+6,  2.009422E-4
8.966250E+6,  1.846850E-4
8.972500E+6,  1.880825E-4
8.978750E+6,  1.865029E-4
8.985000E+6,  1.871586E-4
8.991250E+6,  1.877099E-4
8.997500E+6,  1.941919E-4
9.003750E+6,  1.949742E-4
9.010000E+6,  1.989529E-4
9.016250E+6,  1.926422E-4
9.022500E+6,  1.812130E-4
9.028750E+6,  1.814142E-4
9.035000E+6,  1.893714E-4
9.041250E+6,  1.795366E-4
9.047500E+6,  1.777187E-4
9.053750E+6,  1.893416E-4
9.060000E+6,  1.753941E-4
9.066250E+6,  2.082512E-4
9.072500E+6,  2.031252E-4
9.078750E+6,  1.997054E-4
9.085000E+6,  1.847371E-4
9.091250E+6,  2.114177E-4
9.097500E+6,  1.790151E-4
9.103750E+6,  1.859143E-4
9.110000E+6,  1.942441E-4
9.116250E+6,  1.987368E-4
9.122500E+6,  1.846775E-4
9.128750E+6,  1.838133E-4
9.135000E+6,  1.875311E-4
9.141250E+6,  2.007410E-4
9.147500E+6,  1.985133E-4
9.153750E+6,  1.976863E-4
9.160000E+6,  2.106428E-4
9.166250E+6,  2.075508E-4
9.172500E+6,  1.881868E-4
9.178750E+6,  1.907945E-4
9.185000E+6,  2.021641E-4
9.191250E+6,  2.068132E-4
9.197500E+6,  2.004132E-4
9.203750E+6,  2.075136E-4
9.210000E+6,  1.860857E-4
9.216250E+6,  2.083033E-4
9.222500E+6,  1.952723E-4
9.228750E+6,  2.118722E-4
9.235000E+6,  1.989380E-4
9.241250E+6,  2.103373E-4
9.247500E+6,  2.153441E-4
9.253750E+6,  2.117828E-4
9.260000E+6,  2.074391E-4
9.266250E+6,  2.059117E-4
9.272500E+6,  2.041310E-4
9.278750E+6,  2.009347E-4
9.285000E+6,  2.078936E-4
9.291250E+6,  2.147481E-4
9.297500E+6,  2.155453E-4
9.303750E+6,  2.147406E-4
9.310000E+6,  2.116412E-4
9.316250E+6,  2.148449E-4
9.322500E+6,  2.184361E-4
9.328750E+6,  1.912117E-4
9.335000E+6,  2.184138E-4
9.341250E+6,  2.112612E-4
9.347500E+6,  2.221614E-4
9.353750E+6,  2.186075E-4
9.360000E+6,  2.329201E-4
9.366250E+6,  2.095774E-4
9.372500E+6,  2.230853E-4
9.378750E+6,  2.292469E-4
9.385000E+6,  2.298728E-4
9.391250E+6,  2.081916E-4
9.397500E+6,  2.200976E-4
9.403750E+6,  2.189353E-4
9.410000E+6,  2.220497E-4
9.416250E+6,  2.226979E-4
9.422500E+6,  2.224669E-4
9.428750E+6,  2.396628E-4
9.435000E+6,  2.261251E-4
9.441250E+6,  2.272129E-4
9.447500E+6,  2.270490E-4
9.453750E+6,  2.363324E-4
9.460000E+6,  2.295598E-4
9.466250E+6,  2.223402E-4
9.472500E+6,  2.131611E-4
9.478750E+6,  2.184287E-4
9.485000E+6,  2.329275E-4
9.491250E+6,  2.229959E-4
9.497500E+6,  2.159402E-4
9.503750E+6,  2.217367E-4
9.510000E+6,  2.098829E-4
9.516250E+6,  2.431720E-4
9.522500E+6,  2.152547E-4
9.528750E+6,  2.292246E-4
9.535000E+6,  2.403259E-4
9.541250E+6,  2.258644E-4
9.547500E+6,  2.188981E-4
9.553750E+6,  2.434626E-4
9.560000E+6,  2.118498E-4
9.566250E+6,  2.152845E-4
9.572500E+6,  2.371073E-4
9.578750E+6,  2.469569E-4
9.585000E+6,  2.363697E-4
9.591250E+6,  2.518743E-4
9.597500E+6,  2.362952E-4
9.603750E+6,  2.331585E-4
9.610000E+6,  2.239719E-4
9.616250E+6,  2.222359E-4
9.622500E+6,  2.577603E-4
9.628750E+6,  2.650321E-4
9.635000E+6,  2.326220E-4
9.641250E+6,  2.151877E-4
9.647500E+6,  2.380162E-4
9.653750E+6,  2.362728E-4
9.660000E+6,  2.435520E-4
9.666250E+6,  2.615005E-4
9.672500E+6,  2.224967E-4
9.678750E+6,  2.470165E-4
9.685000E+6,  2.539456E-4
9.691250E+6,  2.579093E-4
9.697500E+6,  2.435222E-4
9.703750E+6,  2.373978E-4
9.710000E+6,  2.472401E-4
9.716250E+6,  2.509356E-4
9.722500E+6,  2.581775E-4
9.728750E+6,  2.374128E-4
9.735000E+6,  2.366230E-4
9.741250E+6,  2.542287E-4
9.747500E+6,  2.579838E-4
9.753750E+6,  2.486706E-4
9.760000E+6,  2.511442E-4
9.766250E+6,  2.366975E-4
9.772500E+6,  2.475381E-4
9.778750E+6,  2.616197E-4
9.785000E+6,  2.511889E-4
9.791250E+6,  2.649277E-4
9.797500E+6,  2.546459E-4
9.803750E+6,  2.508312E-4
9.810000E+6,  2.514422E-4
9.816250E+6,  2.587885E-4
9.822500E+6,  2.512783E-4
9.828750E+6,  2.582222E-4
9.835000E+6,  2.471656E-4
9.841250E+6,  2.618581E-4
9.847500E+6,  2.658963E-4
9.853750E+6,  2.724230E-4
9.860000E+6,  2.614558E-4
9.866250E+6,  2.654195E-4
9.872500E+6,  2.653450E-4
9.878750E+6,  2.547354E-4
9.885000E+6,  2.588481E-4
9.891250E+6,  2.654642E-4
9.897500E+6,  2.692342E-4
9.903750E+6,  2.724081E-4
9.910000E+6,  2.690256E-4
9.916250E+6,  2.655387E-4
9.922500E+6,  2.796948E-4
9.928750E+6,  2.622008E-4
9.935000E+6,  2.727360E-4
9.941250E+6,  2.705306E-4
9.947500E+6,  2.735704E-4
9.953750E+6,  2.802312E-4
9.960000E+6,  2.764016E-4
9.966250E+6,  2.876818E-4
9.972500E+6,  2.736300E-4
9.978750E+6,  2.800077E-4
9.985000E+6,  2.523214E-4
9.991250E+6,  2.867877E-4
9.997500E+6,  2.970695E-4
1.000375E+7,  2.764165E-4
1.001000E+7,  2.729595E-4
1.001625E+7,  2.909154E-4
1.002250E+7,  2.761334E-4
1.002875E+7,  2.905875E-4
1.003500E+7,  2.883077E-4
1.004125E+7,  2.996773E-4
1.004750E+7,  2.979189E-4
1.005375E+7,  2.941191E-4
1.006000E+7,  3.017336E-4
1.006625E+7,  2.943128E-4
1.007250E+7,  2.777576E-4
1.007875E+7,  2.905130E-4
1.008500E+7,  2.971590E-4
1.009125E+7,  2.998859E-4
1.009750E+7,  2.906024E-4
1.010375E+7,  2.906770E-4
1.011000E+7,  3.020465E-4
1.011625E+7,  2.954602E-4
1.012250E+7,  2.837181E-4
1.012875E+7,  3.209859E-4
1.013500E+7,  3.005415E-4
1.014125E+7,  3.122091E-4
1.014750E+7,  2.976954E-4
1.015375E+7,  3.264695E-4
1.016000E+7,  2.918392E-4
1.016625E+7,  3.056526E-4
1.017250E+7,  2.835542E-4
1.017875E+7,  3.177077E-4
1.018500E+7,  2.820641E-4
1.019125E+7,  3.127158E-4
1.019750E+7,  3.111213E-4
1.020375E+7,  3.150403E-4
1.021000E+7,  2.985150E-4
1.021625E+7,  3.045201E-4
1.022250E+7,  3.026128E-4
1.022875E+7,  3.197342E-4
1.023500E+7,  3.230721E-4
1.024125E+7,  3.291070E-4
1.024750E+7,  3.046393E-4
1.025375E+7,  3.444254E-4
1.026000E+7,  3.098994E-4
1.026625E+7,  3.247857E-4
1.027250E+7,  3.177226E-4
1.027875E+7,  3.327429E-4
1.028500E+7,  3.187954E-4
1.029125E+7,  3.291517E-4
1.029750E+7,  3.246218E-4
1.030375E+7,  3.259778E-4
1.031000E+7,  2.974719E-4
1.031625E+7,  3.369302E-4
1.032250E+7,  3.306419E-4
1.032875E+7,  3.371835E-4
1.033500E+7,  3.326833E-4
1.034125E+7,  3.319979E-4
1.034750E+7,  3.304034E-4
1.035375E+7,  3.518462E-4
1.036000E+7,  3.459901E-4
1.036625E+7,  3.418624E-4
1.037250E+7,  3.466159E-4
1.037875E+7,  3.200173E-4
1.038500E+7,  3.285557E-4
1.039125E+7,  3.421456E-4
1.039750E+7,  3.457367E-4
1.040375E+7,  3.466010E-4
1.041000E+7,  3.341287E-4
1.041625E+7,  3.383458E-4
1.042250E+7,  3.479570E-4
1.042875E+7,  3.513396E-4
1.043500E+7,  3.330708E-4
1.044125E+7,  3.721416E-4
1.044750E+7,  3.519803E-4
1.045375E+7,  3.590584E-4
1.046000E+7,  3.669709E-4
1.046625E+7,  3.610998E-4
1.047250E+7,  3.579408E-4
1.047875E+7,  3.738701E-4
1.048500E+7,  3.519207E-4
1.049125E+7,  3.695041E-4
1.049750E+7,  3.562868E-4
1.050375E+7,  3.809780E-4
1.051000E+7,  3.613085E-4
1.051625E+7,  3.783405E-4
1.052250E+7,  3.681332E-4
1.052875E+7,  3.520399E-4
1.053500E+7,  3.777742E-4
1.054125E+7,  3.823042E-4
1.054750E+7,  3.695488E-4
1.055375E+7,  3.722012E-4
1.056000E+7,  3.627390E-4
1.056625E+7,  3.938079E-4
1.057250E+7,  3.710240E-4
1.057875E+7,  3.845990E-4
1.058500E+7,  3.988892E-4
1.059125E+7,  3.837049E-4
1.059750E+7,  3.862083E-4
1.060375E+7,  3.865808E-4
1.061000E+7,  3.916025E-4
1.061625E+7,  3.732592E-4
1.062250E+7,  3.967434E-4
1.062875E+7,  3.882945E-4
1.063500E+7,  3.881156E-4
1.064125E+7,  3.979206E-4
1.064750E+7,  3.991276E-4
1.065375E+7,  3.932118E-4
1.066000E+7,  4.064888E-4
1.066625E+7,  3.798157E-4
1.067250E+7,  4.093945E-4
1.067875E+7,  4.147887E-4
1.068500E+7,  3.991574E-4
1.069125E+7,  3.960580E-4
1.069750E+7,  4.064441E-4
1.070375E+7,  4.218519E-4
1.071000E+7,  4.042685E-4
1.071625E+7,  3.887713E-4
1.072250E+7,  4.027188E-4
1.072875E+7,  4.111379E-4
1.073500E+7,  4.152060E-4
1.074125E+7,  4.286915E-4
1.074750E+7,  4.211366E-4
1.075375E+7,  4.430413E-4
1.076000E+7,  4.180223E-4
1.076625E+7,  4.420578E-4
1.077250E+7,  4.270226E-4
1.077875E+7,  4.251450E-4
1.078500E+7,  4.408509E-4
1.079125E+7,  4.376024E-4
1.079750E+7,  4.215539E-4
1.080375E+7,  4.308671E-4
1.081000E+7,  4.513115E-4
1.081625E+7,  4.299879E-4
1.082250E+7,  4.165471E-4
1.082875E+7,  4.253685E-4
1.083500E+7,  4.393011E-4
1.084125E+7,  4.428327E-4
1.084750E+7,  4.581362E-4
1.085375E+7,  4.584193E-4
1.086000E+7,  4.652143E-4
1.086625E+7,  4.529804E-4
1.087250E+7,  4.444122E-4
1.087875E+7,  4.718602E-4
1.088500E+7,  4.648119E-4
1.089125E+7,  4.806966E-4
1.089750E+7,  4.616678E-4
1.090375E+7,  4.725903E-4
1.091000E+7,  4.515350E-4
1.091625E+7,  4.857033E-4
1.092250E+7,  4.756898E-4
1.092875E+7,  4.655123E-4
1.093500E+7,  4.827678E-4
1.094125E+7,  4.709214E-4
1.094750E+7,  4.777163E-4
1.095375E+7,  4.861504E-4
1.096000E+7,  4.810244E-4
1.096625E+7,  4.864037E-4
1.097250E+7,  4.968047E-4
1.097875E+7,  4.945993E-4
1.098500E+7,  4.798323E-4
1.099125E+7,  4.968047E-4
1.099750E+7,  4.782081E-4
1.100375E+7,  4.953444E-4
1.101000E+7,  4.957020E-4
1.101625E+7,  4.895627E-4
1.102250E+7,  4.933476E-4
1.102875E+7,  5.121827E-4
1.103500E+7,  5.071163E-4
1.104125E+7,  5.127192E-4
1.104750E+7,  5.130470E-4
1.105375E+7,  5.251169E-4
1.106000E+7,  5.281866E-4
1.106625E+7,  5.396008E-4
1.107250E+7,  5.318522E-4
1.107875E+7,  5.272329E-4
1.108500E+7,  5.358458E-4
1.109125E+7,  5.395412E-4
1.109750E+7,  5.200505E-4
1.110375E+7,  5.397201E-4
1.111000E+7,  5.306304E-4
1.111625E+7,  5.477667E-4
1.112250E+7,  5.310774E-4
1.112875E+7,  5.313456E-4
1.113500E+7,  5.520582E-4
1.114125E+7,  5.433559E-4
1.114750E+7,  5.547404E-4
1.115375E+7,  5.622208E-4
1.116000E+7,  5.563498E-4
1.116625E+7,  5.629957E-4
1.117250E+7,  5.660951E-4
1.117875E+7,  5.755723E-4
1.118500E+7,  5.805492E-4
1.119125E+7,  5.966425E-4
1.119750E+7,  6.011724E-4
1.120375E+7,  6.057024E-4
1.121000E+7,  6.348193E-4
1.121625E+7,  6.300509E-4
1.122250E+7,  6.559789E-4
1.122875E+7,  7.014871E-4
1.123500E+7,  7.699728E-4
1.124125E+7,  7.734001E-4
1.124750E+7,  7.718503E-4
1.125375E+7,  7.425845E-4
1.126000E+7,  7.354319E-4
1.126625E+7,  7.277727E-4
1.127250E+7,  7.844269E-4
1.127875E+7,  7.468462E-4
1.128500E+7,  7.513165E-4
1.129125E+7,  7.149279E-4
1.129750E+7,  6.658435E-4
1.130375E+7,  6.981492E-4
1.131000E+7,  7.140636E-4
1.131625E+7,  7.191300E-4
1.132250E+7,  7.636547E-4
1.132875E+7,  7.485747E-4
1.133500E+7,  7.704794E-4
1.134125E+7,  7.418692E-4
1.134750E+7,  7.117987E-4
1.135375E+7,  7.252097E-4
1.136000E+7,  6.780028E-4
1.136625E+7,  7.590950E-4
1.137250E+7,  7.484555E-4
1.137875E+7,  7.746220E-4
1.138500E+7,  7.767975E-4
1.139125E+7,  7.513762E-4
1.139750E+7,  7.410347E-4
1.140375E+7,  7.399619E-4
1.141000E+7,  7.253885E-4
1.141625E+7,  7.373095E-4
1.142250E+7,  7.477999E-4
1.142875E+7,  7.866025E-4
1.143500E+7,  7.686615E-4
1.144125E+7,  7.655621E-4
1.144750E+7,  8.255541E-4
1.145375E+7,  8.560121E-4
1.146000E+7,  8.453429E-4
1.146625E+7,  8.570552E-4
1.147250E+7,  8.493066E-4
1.147875E+7,  8.291602E-4
1.148500E+7,  8.543134E-4
1.149125E+7,  9.009540E-4
1.149750E+7,  9.462833E-4
1.150375E+7,  9.199977E-4
1.151000E+7,  9.453297E-4
1.151625E+7,  9.267926E-4
1.152250E+7,  9.354651E-4
1.152875E+7,  9.049773E-4
1.153500E+7,  8.604825E-4
1.154125E+7,  9.496808E-4
1.154750E+7,  9.673238E-4
1.155375E+7,  9.504259E-4
1.156000E+7,  1.080573E-3
1.156625E+7,  1.071036E-3
1.157250E+7,  1.061022E-3
1.157875E+7,  1.101553E-3
1.158500E+7,  1.214802E-3
1.159125E+7,  1.039147E-3
1.159750E+7,  1.049459E-3
1.160375E+7,  1.123905E-3
1.161000E+7,  1.100659E-3
1.161625E+7,  1.246393E-3
1.162250E+7,  1.274645E-3
1.162875E+7,  1.474798E-3
1.163500E+7,  1.601517E-3
1.164125E+7,  1.771510E-3
1.164750E+7,  2.002954E-3
1.165375E+7,  1.935720E-3
1.166000E+7,  1.874864E-3
1.166625E+7,  2.086520E-3
1.167250E+7,  1.893282E-3
1.167875E+7,  1.973987E-3
1.168500E+7,  1.987219E-3
1.169125E+7,  1.965761E-3
1.169750E+7,  1.965046E-3
1.170375E+7,  2.038717E-3
1.171000E+7,  2.021074E-3
1.171625E+7,  2.017140E-3
1.172250E+7,  2.048135E-3
1.172875E+7,  2.065897E-3
1.173500E+7,  2.063394E-3
1.174125E+7,  2.084970E-3
1.174750E+7,  2.135634E-3
1.175375E+7,  2.168536E-3
1.176000E+7,  2.129912E-3
1.176625E+7,  2.161860E-3
1.177250E+7,  2.192259E-3
1.177875E+7,  2.222061E-3
1.178500E+7,  2.193451E-3
1.179125E+7,  2.270818E-3
1.179750E+7,  2.244115E-3
1.180375E+7,  2.209663E-3
1.181000E+7,  2.235174E-3
1.181625E+7,  2.215385E-3
1.182250E+7,  2.295375E-3
1.182875E+7,  2.361894E-3
1.183500E+7,  2.362967E-3
1.184125E+7,  2.376795E-3
1.184750E+7,  2.365112E-3
1.185375E+7,  2.475739E-3
1.186000E+7,  2.443075E-3
1.186625E+7,  2.456427E-3
1.187250E+7,  2.473354E-3
1.187875E+7,  2.502084E-3
1.188500E+7,  2.520442E-3
1.189125E+7,  2.550960E-3
1.189750E+7,  2.555490E-3
1.190375E+7,  2.589583E-3
1.191000E+7,  2.600908E-3
1.191625E+7,  2.583623E-3
1.192250E+7,  2.623796E-3
1.192875E+7,  2.639294E-3
1.193500E+7,  2.660871E-3
1.194125E+7,  2.674818E-3
1.194750E+7,  2.729654E-3
1.195375E+7,  2.695799E-3
1.196000E+7,  2.729177E-3
1.196625E+7,  2.803326E-3
1.197250E+7,  2.815127E-3
1.197875E+7,  2.843142E-3
1.198500E+7,  2.812266E-3
1.199125E+7,  2.843618E-3
1.199750E+7,  2.848506E-3
1.200375E+7,  2.908707E-3
1.201000E+7,  2.875566E-3
1.201625E+7,  2.892852E-3
1.202250E+7,  2.956867E-3
1.202875E+7,  2.943397E-3
1.203500E+7,  2.979755E-3
1.204125E+7,  2.998710E-3
1.204750E+7,  3.002286E-3
1.205375E+7,  3.000140E-3
1.206000E+7,  2.950549E-3
1.206625E+7,  3.112197E-3
1.207250E+7,  3.182292E-3
1.207875E+7,  3.082871E-3
1.208500E+7,  3.080010E-3
1.209125E+7,  3.129840E-3
1.209750E+7,  3.152609E-3
1.210375E+7,  3.171802E-3
1.211000E+7,  3.202796E-3
1.211625E+7,  3.207207E-3
1.212250E+7,  3.219008E-3
1.212875E+7,  3.278494E-3
1.213500E+7,  3.316522E-3
1.214125E+7,  3.328919E-3
1.214750E+7,  3.390551E-3
1.215375E+7,  3.406644E-3
1.216000E+7,  3.435373E-3
1.216625E+7,  3.470182E-3
1.217250E+7,  3.485203E-3
1.217875E+7,  3.505826E-3
1.218500E+7,  3.523946E-3
1.219125E+7,  3.626823E-3
1.219750E+7,  3.617883E-3
1.220375E+7,  3.628254E-3
1.221000E+7,  3.695726E-3
1.221625E+7,  3.730893E-3
1.222250E+7,  3.756046E-3
1.222875E+7,  3.812551E-3
1.223500E+7,  3.846407E-3
1.224125E+7,  3.908157E-3
1.224750E+7,  3.892064E-3
1.225375E+7,  3.947020E-3
1.226000E+7,  3.992796E-3
1.226625E+7,  4.066229E-3
1.227250E+7,  4.036188E-3
1.227875E+7,  4.121780E-3
1.228500E+7,  4.121542E-3
1.229125E+7,  4.200220E-3
1.229750E+7,  4.230738E-3
1.230375E+7,  4.245043E-3
1.231000E+7,  4.340172E-3
1.231625E+7,  4.376888E-3
1.232250E+7,  4.396677E-3
1.232875E+7,  4.471064E-3
1.233500E+7,  4.487514E-3
1.234125E+7,  4.579782E-3
1.234750E+7,  4.589796E-3
1.235375E+7,  4.695654E-3
1.236000E+7,  4.763126E-3
1.236625E+7,  4.765987E-3
1.237250E+7,  4.829407E-3
1.237875E+7,  4.857063E-3
1.238500E+7,  4.923344E-3
1.239125E+7,  5.014658E-3
1.239750E+7,  5.056858E-3
1.240375E+7,  5.119562E-3
1.241000E+7,  5.213499E-3
1.241625E+7,  5.204439E-3
1.242250E+7,  5.287409E-3
1.242875E+7,  5.355120E-3
1.243500E+7,  5.427122E-3
1.244125E+7,  5.573273E-3
1.244750E+7,  5.582094E-3
1.245375E+7,  5.653620E-3
1.246000E+7,  5.688667E-3
1.246625E+7,  5.787849E-3
1.247250E+7,  5.855322E-3
1.247875E+7,  5.932331E-3
1.248500E+7,  5.977631E-3
1.249125E+7,  6.122351E-3
1.249750E+7,  6.219864E-3
1.250375E+7,  6.335497E-3
1.251000E+7,  6.405830E-3
1.251625E+7,  6.397963E-3
1.252250E+7,  6.506205E-3
1.252875E+7,  6.644964E-3
1.253500E+7,  6.690979E-3
1.254125E+7,  6.784201E-3
1.254750E+7,  6.877184E-3
1.255375E+7,  7.011652E-3
1.256000E+7,  7.160425E-3
1.256625E+7,  7.220984E-3
1.257250E+7,  7.351398E-3
1.257875E+7,  7.406712E-3
1.258500E+7,  7.504463E-3
1.259125E+7,  7.641077E-3
1.259750E+7,  7.771015E-3
1.260375E+7,  7.863522E-3
1.261000E+7,  7.977962E-3
1.261625E+7,  8.164406E-3
1.262250E+7,  8.246899E-3
1.262875E+7,  8.588314E-3
1.263500E+7,  8.419514E-3
1.264125E+7,  8.643627E-3
1.264750E+7,  8.837223E-3
1.265375E+7,  8.917332E-3
1.266000E+7,  9.173393E-3
1.266625E+7,  9.210587E-3
1.267250E+7,  9.575844E-3
1.267875E+7,  9.741783E-3
1.268500E+7,  1.014614E-2
1.269125E+7,  1.028538E-2
1.269750E+7,  9.867668E-3
1.270375E+7,  9.776592E-3
1.271000E+7,  1.130438E-2
1.271625E+7,  1.053953E-2
1.272250E+7,  1.074982E-2
1.272875E+7,  1.097870E-2
1.273500E+7,  1.132202E-2
1.274125E+7,  1.146841E-2
1.274750E+7,  1.186800E-2
1.275375E+7,  1.178980E-2
1.276000E+7,  1.206732E-2
1.276625E+7,  1.217127E-2
1.277250E+7,  9.131908E-3
1.277875E+7,  1.164389E-2
1.278500E+7,  1.335621E-2
1.279125E+7,  1.400137E-2
1.279750E+7,  1.353025E-2
1.280375E+7,  1.290417E-2
1.281000E+7,  1.204538E-2
1.281625E+7,  1.528788E-2
1.282250E+7,  1.534319E-2
1.282875E+7,  1.518965E-2
1.283500E+7,  1.426840E-2
1.284125E+7,  1.694870E-2
1.284750E+7,  1.688099E-2
1.285375E+7,  1.759529E-2
1.286000E+7,  1.752090E-2
1.286625E+7,  1.848125E-2
1.287250E+7,  1.868820E-2
1.287875E+7,  1.864529E-2
1.288500E+7,  1.863003E-2
1.289125E+7,  2.025700E-2
1.289750E+7,  2.034473E-2
1.290375E+7,  2.029037E-2
1.291000E+7,  2.095890E-2
1.291625E+7,  2.237225E-2
1.292250E+7,  1.980114E-2
1.292875E+7,  2.204704E-2
1.293500E+7,  2.038765E-2
1.294125E+7,  2.150536E-2
1.294750E+7,  1.813889E-2
1.295375E+7,  1.366758E-2
1.296000E+7,  1.103163E-2
1.296625E+7,  1.065874E-2
1.297250E+7,  1.105785E-2
1.297875E+7,  1.126957E-2
1.298500E+7,  1.146078E-2
1.299125E+7,  1.174879E-2
1.299750E+7,  1.202393E-2
1.300375E+7,  1.238489E-2
1.301000E+7,  1.272488E-2
1.301625E+7,  1.302147E-2
1.302250E+7,  1.344252E-2
1.302875E+7,  1.378965E-2
1.303500E+7,  1.418066E-2
1.304125E+7,  1.458216E-2
1.304750E+7,  1.499796E-2
1.305375E+7,  1.541424E-2
1.306000E+7,  1.586056E-2
1.306625E+7,  1.638222E-2
1.307250E+7,  1.689816E-2
1.307875E+7,  1.751328E-2
1.308500E+7,  1.805305E-2
1.309125E+7,  1.868629E-2
1.309750E+7,  1.921082E-2
1.310375E+7,  1.986599E-2
1.311000E+7,  2.054119E-2
1.311625E+7,  2.128792E-2
1.312250E+7,  2.209854E-2
1.312875E+7,  2.293968E-2
1.313500E+7,  2.378273E-2
1.314125E+7,  2.465534E-2
1.314750E+7,  2.565765E-2
1.315375E+7,  2.696419E-2
1.316000E+7,  2.805710E-2
1.316625E+7,  2.921867E-2
1.317250E+7,  3.018284E-2
1.317875E+7,  3.161812E-2
1.318500E+7,  3.290749E-2
1.319125E+7,  3.457260E-2
1.319750E+7,  3.568649E-2
1.320375E+7,  3.727722E-2
1.321000E+7,  3.935623E-2
1.321625E+7,  4.063606E-2
1.322250E+7,  4.253387E-2
1.322875E+7,  4.488945E-2
1.323500E+7,  4.749870E-2
1.324125E+7,  5.048752E-2
1.324750E+7,  5.422020E-2
1.325375E+7,  5.813599E-2
1.326000E+7,  6.090355E-2
1.326625E+7,  6.456375E-2
1.327250E+7,  6.867981E-2
1.327875E+7,  7.360458E-2
1.328500E+7,  7.760620E-2
1.329125E+7,  8.404541E-2
1.329750E+7,  8.929825E-2
1.330375E+7,  9.465408E-2
1.331000E+7,  1.040497E-1
1.331625E+7,  1.116219E-1
1.332250E+7,  1.228104E-1
1.332875E+7,  1.282806E-1
1.333500E+7,  1.345520E-1
1.334125E+7,  1.436996E-1
1.334750E+7,  1.542892E-1
1.335375E+7,  1.711960E-1
1.336000E+7,  1.851883E-1
1.336625E+7,  2.000580E-1
1.337250E+7,  2.221451E-1
1.337875E+7,  2.418671E-1
1.338500E+7,  2.643127E-1
1.339125E+7,  2.953949E-1
1.339750E+7,  3.232269E-1
1.340375E+7,  3.536530E-1
1.341000E+7,  3.887482E-1
1.341625E+7,  4.297485E-1
1.342250E+7,  4.658051E-1
1.342875E+7,  5.053711E-1
1.343500E+7,  5.402832E-1
1.344125E+7,  5.603027E-1
1.344750E+7,  5.807800E-1
1.345375E+7,  5.900269E-1
1.346000E+7,  5.922852E-1
1.346625E+7,  5.944824E-1
1.347250E+7,  5.954895E-1
1.347875E+7,  5.860291E-1
1.348500E+7,  5.753479E-1
1.349125E+7,  5.687866E-1
1.349750E+7,  5.664062E-1
1.350375E+7,  5.680237E-1
1.351000E+7,  5.654602E-1
1.351625E+7,  5.646057E-1
1.352250E+7,  5.687256E-1
1.352875E+7,  5.737305E-1
1.353500E+7,  5.809021E-1
1.354125E+7,  5.874634E-1
1.354750E+7,  5.949402E-1
1.355375E+7,  6.005249E-1
1.356000E+7,  6.029663E-1
1.356625E+7,  6.017456E-1
1.357250E+7,  5.952454E-1
1.357875E+7,  5.849304E-1
1.358500E+7,  5.671082E-1
1.359125E+7,  5.431213E-1
1.359750E+7,  5.163269E-1
1.360375E+7,  4.847412E-1
1.361000E+7,  4.530182E-1
1.361625E+7,  4.214325E-1
1.362250E+7,  3.909149E-1
1.362875E+7,  3.625793E-1
1.363500E+7,  3.358917E-1
1.364125E+7,  3.114777E-1
1.364750E+7,  2.888794E-1
1.365375E+7,  2.691345E-1
1.366000E+7,  2.515717E-1
1.366625E+7,  2.359009E-1
1.367250E+7,  2.209320E-1
1.367875E+7,  2.078247E-1
1.368500E+7,  1.956406E-1
1.369125E+7,  1.843567E-1
1.369750E+7,  1.748276E-1
1.370375E+7,  1.658325E-1
1.371000E+7,  1.577988E-1
1.371625E+7,  1.508713E-1
1.372250E+7,  1.443253E-1
1.372875E+7,  1.382141E-1
1.373500E+7,  1.322327E-1
1.374125E+7,  1.275101E-1
1.374750E+7,  1.230774E-1
1.375375E+7,  1.189575E-1
1.376000E+7,  1.152115E-1
1.376625E+7,  1.115341E-1
1.377250E+7,  1.085129E-1
1.377875E+7,  1.052666E-1
1.378500E+7,  1.028099E-1
1.379125E+7,  1.006012E-1
1.379750E+7,  9.823227E-2
1.380375E+7,  9.698868E-2
1.381000E+7,  9.471512E-2
1.381625E+7,  9.326172E-2
1.382250E+7,  9.194946E-2
1.382875E+7,  9.094620E-2
1.383500E+7,  8.998489E-2
1.384125E+7,  8.921432E-2
1.384750E+7,  8.844757E-2
1.385375E+7,  8.823013E-2
1.386000E+7,  8.799744E-2
1.386625E+7,  8.812714E-2
1.387250E+7,  8.798981E-2
1.387875E+7,  8.864212E-2
1.388500E+7,  8.923340E-2
1.389125E+7,  9.030533E-2
1.389750E+7,  9.133148E-2
1.390375E+7,  9.271622E-2
1.391000E+7,  9.438324E-2
1.391625E+7,  9.672165E-2
1.392250E+7,  9.968948E-2
1.392875E+7,  1.028290E-1
1.393500E+7,  1.068726E-1
1.394125E+7,  1.113319E-1
1.394750E+7,  1.166458E-1
1.395375E+7,  1.232681E-1
1.396000E+7,  1.311569E-1
1.396625E+7,  1.406555E-1
1.397250E+7,  1.516953E-1
1.397875E+7,  1.652603E-1
1.398500E+7,  1.812820E-1
1.399125E+7,  1.987228E-1
1.399750E+7,  2.155838E-1
1.400375E+7,  2.280884E-1
1.401000E+7,  2.301788E-1
1.401625E+7,  2.188339E-1
1.402250E+7,  1.970062E-1
1.402875E+7,  1.713867E-1
1.403500E+7,  1.470566E-1
1.404125E+7,  1.259766E-1
1.404750E+7,  1.083450E-1
1.405375E+7,  9.416199E-2
1.406000E+7,  8.222580E-2
1.406625E+7,  7.254410E-2
1.407250E+7,  6.430054E-2
1.407875E+7,  5.755615E-2
1.408500E+7,  5.174255E-2
1.409125E+7,  4.677200E-2
1.409750E+7,  4.249763E-2
1.410375E+7,  3.872490E-2
1.411000E+7,  3.548622E-2
1.411625E+7,  3.263474E-2
1.412250E+7,  3.006268E-2
1.412875E+7,  2.781963E-2
1.413500E+7,  2.580261E-2
1.414125E+7,  2.395248E-2
1.414750E+7,  2.230930E-2
1.415375E+7,  2.086258E-2
1.416000E+7,  1.949120E-2
1.416625E+7,  1.829910E-2
1.417250E+7,  1.718235E-2
1.417875E+7,  1.613426E-2
1.418500E+7,  1.517248E-2
1.419125E+7,  1.433182E-2
1.419750E+7,  1.353741E-2
1.420375E+7,  1.280308E-2
1.421000E+7,  1.209021E-2
1.421625E+7,  1.144218E-2
1.422250E+7,  1.085520E-2
1.422875E+7,  1.030016E-2
1.423500E+7,  9.773254E-3
1.424125E+7,  9.326458E-3
1.424750E+7,  8.873940E-3
1.425375E+7,  8.466721E-3
1.426000E+7,  8.038521E-3
1.426625E+7,  7.668495E-3
1.427250E+7,  7.332325E-3
1.427875E+7,  7.009506E-3
1.428500E+7,  6.698847E-3
1.429125E+7,  6.422997E-3
1.429750E+7,  6.118298E-3
1.430375E+7,  5.872726E-3
1.431000E+7,  5.603075E-3
1.431625E+7,  5.395889E-3
1.432250E+7,  5.178928E-3
1.432875E+7,  4.970312E-3
1.433500E+7,  4.764795E-3
1.434125E+7,  4.558802E-3
1.434750E+7,  4.397154E-3
1.435375E+7,  4.221439E-3
1.436000E+7,  4.078865E-3
1.436625E+7,  3.937960E-3
1.437250E+7,  3.775358E-3
1.437875E+7,  3.650427E-3
1.438500E+7,  3.493428E-3
1.439125E+7,  3.390670E-3
1.439750E+7,  3.260374E-3
1.440375E+7,  3.155470E-3
1.441000E+7,  3.035426E-3
1.441625E+7,  2.929687E-3
1.442250E+7,  2.820730E-3
1.442875E+7,  2.731442E-3
1.443500E+7,  2.643585E-3
1.444125E+7,  2.557039E-3
1.444750E+7,  2.456069E-3
1.445375E+7,  2.404332E-3
1.446000E+7,  2.305746E-3
1.446625E+7,  2.207637E-3
1.447250E+7,  2.114773E-3
1.447875E+7,  2.071619E-3
1.448500E+7,  2.029300E-3
1.449125E+7,  1.956344E-3
1.449750E+7,  1.890481E-3
1.450375E+7,  1.818597E-3
1.451000E+7,  1.769066E-3
1.451625E+7,  1.709223E-3
1.452250E+7,  1.659989E-3
1.452875E+7,  1.600862E-3
1.453500E+7,  1.576900E-3
1.454125E+7,  1.530826E-3
1.454750E+7,  1.477480E-3
1.455375E+7,  1.421213E-3
1.456000E+7,  1.385152E-3
1.456625E+7,  1.356483E-3
1.457250E+7,  1.299441E-3
1.457875E+7,  1.260996E-3
1.458500E+7,  1.240015E-3
1.459125E+7,  1.233757E-3
1.459750E+7,  1.182377E-3
1.460375E+7,  1.117527E-3
1.461000E+7,  1.104712E-3
1.461625E+7,  1.074791E-3
1.462250E+7,  1.030505E-3
1.462875E+7,  9.945035E-4
1.463500E+7,  9.876490E-4
1.464125E+7,  9.501874E-4
1.464750E+7,  9.213388E-4
1.465375E+7,  8.922517E-4
1.466000E+7,  8.773208E-4
1.466625E+7,  8.426905E-4
1.467250E+7,  8.192658E-4
1.467875E+7,  8.197129E-4
1.468500E+7,  7.762313E-4
1.469125E+7,  7.689893E-4
1.469750E+7,  7.555485E-4
1.470375E+7,  7.547438E-4
1.471000E+7,  7.264018E-4
1.471625E+7,  7.114112E-4
1.472250E+7,  6.756485E-4
1.472875E+7,  6.682873E-4
1.473500E+7,  6.323159E-4
1.474125E+7,  6.253719E-4
1.474750E+7,  5.960166E-4
1.475375E+7,  5.966723E-4
1.476000E+7,  5.953312E-4
1.476625E+7,  5.812645E-4
1.477250E+7,  5.450547E-4
1.477875E+7,  5.307198E-4
1.478500E+7,  5.301535E-4
1.479125E+7,  5.236268E-4
1.479750E+7,  5.098283E-4
1.480375E+7,  4.870892E-4
1.481000E+7,  4.804581E-4
1.481625E+7,  4.670620E-4
1.482250E+7,  4.585981E-4
1.482875E+7,  4.443824E-4
1.483500E+7,  4.374981E-4
1.484125E+7,  4.382432E-4
1.484750E+7,  4.153550E-4
1.485375E+7,  4.015565E-4
1.486000E+7,  4.162341E-4
1.486625E+7,  3.940612E-4
1.487250E+7,  3.725737E-4
1.487875E+7,  3.576130E-4
1.488500E+7,  3.790110E-4
1.489125E+7,  3.437549E-4
1.489750E+7,  3.577769E-4
1.490375E+7,  3.288388E-4
1.491000E+7,  3.359914E-4
1.491625E+7,  3.223568E-4
1.492250E+7,  3.224611E-4
1.492875E+7,  3.162324E-4
1.493500E+7,  2.865046E-4
1.494125E+7,  3.006905E-4
1.494750E+7,  2.785921E-4
1.495375E+7,  2.787113E-4
1.496000E+7,  2.715141E-4
1.496625E+7,  2.566427E-4
1.497250E+7,  2.433732E-4
1.497875E+7,  2.527088E-4
1.498500E+7,  2.508312E-4
1.499125E+7,  2.360940E-4
1.499750E+7,  2.284124E-4
1.500375E+7,  2.423152E-4
1.501000E+7,  2.282336E-4
1.501625E+7,  2.232045E-4
1.502250E+7,  2.141967E-4
1.502875E+7,  2.219379E-4
1.503500E+7,  2.073050E-4
1.504125E+7,  2.004504E-4
1.504750E+7,  2.094209E-4
1.505375E+7,  2.173930E-4
1.506000E+7,  1.878068E-4
1.506625E+7,  2.035201E-4
1.507250E+7,  2.005622E-4
1.507875E+7,  1.776591E-4
1.508500E+7,  2.007410E-4
1.509125E+7,  1.784340E-4
1.509750E+7,  1.558363E-4
1.510375E+7,  1.624525E-4
1.511000E+7,  1.555756E-4
1.511625E+7,  1.569316E-4
1.512250E+7,  1.278371E-4
1.512875E+7,  1.581758E-4
1.513500E+7,  1.623556E-4
1.514125E+7,  1.415685E-4
1.514750E+7,  1.488477E-4
1.515375E+7,  1.401603E-4
1.516000E+7,  1.042783E-4
1.516625E+7,  1.262054E-4
1.517250E+7,  1.403242E-4
1.517875E+7,  1.368895E-4
1.518500E+7,  1.331419E-4
1.519125E+7,  1.257733E-4
1.519750E+7,  1.138337E-4
1.520375E+7,  1.311824E-4
1.521000E+7,  1.117326E-4
1.521625E+7,  1.216866E-4
1.522250E+7,  1.126528E-4
1.522875E+7,  1.126193E-4
1.523500E+7,  9.949133E-5
1.524125E+7,  1.122802E-4
1.524750E+7,  9.983033E-5
1.525375E+7,  8.454919E-5
1.526000E+7,  9.765103E-5
1.526625E+7,  8.622557E-5
1.527250E+7,  1.138039E-4
1.527875E+7,  1.157522E-4
1.528500E+7,  1.001433E-4
1.529125E+7,  7.915124E-5
1.529750E+7,  8.016080E-5
1.530375E+7,  9.481981E-5
1.531000E+7,  7.858127E-5
1.531625E+7,  9.314716E-5
1.532250E+7,  6.112829E-5
1.532875E+7,  9.743124E-5
1.533500E+7,  7.775426E-5
1.534125E+7,  9.403750E-5
1.534750E+7,  7.100403E-5
1.535375E+7,  7.999316E-5
1.536000E+7,  6.050430E-5
1.536625E+7,  9.014830E-5
1.537250E+7,  7.568672E-5
1.537875E+7,  8.541346E-5
1.538500E+7,  1.055896E-4
1.539125E+7,  7.639080E-5
1.539750E+7,  8.699298E-5
1.540375E+7,  4.841387E-5
1.541000E+7,  5.502254E-5
1.541625E+7,  5.098991E-5
1.542250E+7,  6.284937E-5
1.542875E+7,  4.519895E-5
1.543500E+7,  6.291270E-5
1.544125E+7,  5.985238E-5
1.544750E+7,  4.626997E-5
1.545375E+7,  6.462261E-5
1.546000E+7,  8.166209E-5
1.546625E+7,  5.312450E-5
1.547250E+7,  4.553422E-5
1.547875E+7,  2.548192E-5
1.548500E+7,  4.170090E-5
1.549125E+7,  6.283075E-5
1.549750E+7,  6.428361E-5
1.550375E+7,  5.438365E-5
1.551000E+7,  6.538257E-5
1.551625E+7,  6.124750E-5
1.552250E+7,  1.706183E-5
1.552875E+7,  3.042817E-5
1.553500E+7,  1.665112E-5
1.554125E+7,  6.007962E-5
1.554750E+7,  7.196516E-5
1.555375E+7,  6.002560E-5
1.556000E+7,  5.495735E-5
1.556625E+7,  5.999580E-5
1.557250E+7,  6.282330E-5
1.557875E+7,  2.030563E-5
1.558500E+7,  1.826230E-5
1.559125E+7,  3.290176E-5
1.559750E+7,  2.923701E-5
1.560375E+7,  4.548766E-5
1.561000E+7,  3.463402E-5
1.561625E+7,  6.422028E-5
1.562250E+7,  3.146939E-5
1.562875E+7,  3.372692E-5
1.563500E+7,  3.205799E-5
1.564125E+7,  2.370495E-5
1.564750E+7,  5.440600E-5
1.565375E+7,  2.790336E-5
1.566000E+7,  3.271736E-5
1.566625E+7,  4.697964E-5
1.567250E+7,  1.088437E-5
1.567875E+7,  2.452452E-5
1.568500E+7,  2.328213E-5
1.569125E+7,  2.420973E-5
1.569750E+7,  2.160389E-5
1.570375E+7,  1.706090E-5
1.571000E+7,  2.307817E-5
1.571625E+7,  1.518195E-5
1.572250E+7,  4.099682E-5
1.572875E+7,  2.554804E-5
1.573500E+7,  7.595634E-6
1.574125E+7,  1.559034E-5
1.574750E+7,  2.733339E-5
1.575375E+7,  2.542417E-5
1.576000E+7,  1.560431E-5
1.576625E+7,  2.547074E-5
1.577250E+7,  1.366390E-5
1.577875E+7,  1.366995E-5
1.578500E+7,  3.870018E-5
1.579125E+7,  7.586787E-6
1.579750E+7,  3.124587E-5
1.580375E+7,  2.391078E-5
1.581000E+7,  3.227778E-5
1.581625E+7,  3.772555E-6
1.582250E+7,  8.431729E-6
1.582875E+7,  3.763288E-5
1.583500E+7,  3.371015E-5
1.584125E+7,  1.554936E-5
1.584750E+7,  2.385955E-5
1.585375E+7,  3.194064E-5
1.586000E+7,  1.064269E-5
1.586625E+7,  2.129283E-5
1.587250E+7,  2.523139E-5
1.587875E+7,  8.411240E-6
1.588500E+7,  3.211387E-5
1.589125E+7,  3.213063E-5
1.589750E+7,  3.001373E-5
1.590375E+7,  1.061987E-5
1.591000E+7,  7.508788E-6
1.591625E+7,  3.748806E-6
1.592250E+7,  1.352094E-5
1.592875E+7,  8.384231E-6
1.593500E+7,  7.500406E-6
1.594125E+7,  1.674145E-5
1.594750E+7,  3.744150E-6
1.595375E+7,  7.480849E-6
1.596000E+7,  3.085844E-5
1.596625E+7,  1.350185E-5
1.597250E+7,  3.177673E-5
1.597875E+7,  3.201514E-5
1.598500E+7,  7.484108E-6
1.599125E+7,  8.370727E-6
1.599750E+7,  3.977492E-5
1.600375E+7,  5.646236E-5
1.601000E+7,  1.837872E-5
1.601625E+7,  8.211285E-5
1.602250E+7,  4.137680E-5
1.602875E+7,  9.705126E-5
1.603500E+7,  2.452079E-5
1.604125E+7,  1.034662E-4
1.604750E+7,  9.953976E-5
1.605375E+7,  3.208593E-5
1.606000E+7,  2.009943E-4
1.606625E+7,  1.016632E-4
1.607250E+7,  9.535998E-5
1.607875E+7,  2.869871E-5
1.608500E+7,  4.384853E-5
1.609125E+7,  2.996251E-5
1.609750E+7,  5.993806E-5
1.610375E+7,  5.136244E-5
1.611000E+7,  5.296804E-5
1.611625E+7,  1.064874E-4
1.612250E+7,  5.177967E-5
1.612875E+7,  1.225993E-4
1.613500E+7,  2.928544E-5
1.614125E+7,  7.263944E-5
1.614750E+7,  3.156066E-5
1.615375E+7,  2.583116E-5
1.616000E+7,  3.455766E-5
1.616625E+7,  1.041070E-4
1.617250E+7,  4.485436E-5
1.617875E+7,  4.269369E-5
1.618500E+7,  3.989600E-5
1.619125E+7,  4.060008E-5
1.619750E+7,  2.072006E-5
1.620375E+7,  6.851554E-5
1.621000E+7,  1.817290E-5
1.621625E+7,  2.314802E-5
1.622250E+7,  7.266179E-5
1.622875E+7,  3.853254E-5
1.623500E+7,  9.777769E-5
1.624125E+7,  1.092032E-4
1.624750E+7,  4.182197E-5
1.625375E+7,  5.744956E-5
1.626000E+7,  7.198378E-5
1.626625E+7,  1.399070E-4
1.627250E+7,  5.451031E-5
1.627875E+7,  4.904158E-5
1.628500E+7,  3.495440E-5
1.629125E+7,  1.747627E-5
1.629750E+7,  2.454873E-5
1.630375E+7,  4.633702E-5
1.631000E+7,  9.835884E-5
1.631625E+7,  1.003146E-4
1.632250E+7,  6.549433E-5
1.632875E+7,  8.733198E-5
1.633500E+7,  2.567563E-5
1.634125E+7,  1.415014E-4
1.634750E+7,  8.748844E-5
1.635375E+7,  5.112216E-5
1.636000E+7,  4.181638E-5
1.636625E+7,  1.263022E-4
1.637250E+7,  1.369417E-4
1.637875E+7,  8.359924E-5
1.638500E+7,  7.706136E-5
1.639125E+7,  4.137158E-4
1.639750E+7,  4.273281E-5
1.640375E+7,  1.213551E-4
1.641000E+7,  3.736652E-5
1.641625E+7,  6.324425E-5
1.642250E+7,  7.743016E-5
1.642875E+7,  1.036823E-4
1.643500E+7,  1.206659E-4
1.644125E+7,  1.998097E-4
1.644750E+7,  3.684312E-5
1.645375E+7,  8.646771E-5
1.646000E+7,  3.992207E-5
1.646625E+7,  2.318621E-5
1.647250E+7,  9.570643E-5
1.647875E+7,  2.572220E-5
1.648500E+7,  5.367957E-5
1.649125E+7,  7.119775E-5
1.649750E+7,  5.429611E-5
1.650375E+7,  2.934132E-5
1.651000E+7,  6.560981E-5
1.651625E+7,  3.642030E-5
1.652250E+7,  1.420528E-4
1.652875E+7,  7.623807E-5
1.653500E+7,  4.951470E-5
1.654125E+7,  4.122593E-5
1.654750E+7,  6.845966E-5
1.655375E+7,  1.821481E-5
1.656000E+7,  1.549069E-5
1.656625E+7,  5.462766E-5
1.657250E+7,  5.030073E-5
1.657875E+7,  2.322346E-5
1.658500E+7,  6.916374E-5
1.659125E+7,  1.369864E-4
1.659750E+7,  1.038378E-5
1.660375E+7,  4.615635E-5
1.661000E+7,  5.308725E-5
1.661625E+7,  3.360584E-5
1.662250E+7,  1.153024E-5
1.662875E+7,  8.668751E-5
1.663500E+7,  8.673593E-5
1.664125E+7,  1.005121E-4
1.664750E+7,  1.159497E-4
1.665375E+7,  8.198246E-5
1.666000E+7,  1.153387E-4
1.666625E+7,  1.257882E-4
1.667250E+7,  6.920472E-5
1.667875E+7,  1.031645E-4
1.668500E+7,  9.762868E-5
1.669125E+7,  7.837638E-5
1.669750E+7,  3.695302E-5
1.670375E+7,  8.390844E-5
1.671000E+7,  4.079752E-5
1.671625E+7,  1.689419E-4
1.672250E+7,  3.365427E-5
1.672875E+7,  3.396720E-4
1.673500E+7,  1.387447E-4
1.674125E+7,  1.552925E-4
1.674750E+7,  4.654378E-5
1.675375E+7,  1.075715E-4
1.676000E+7,  8.662045E-5
1.676625E+7,  4.209019E-5
1.677250E+7,  8.531660E-5
1.677875E+7,  4.510209E-5
1.678500E+7,  5.170144E-5
1.679125E+7,  1.283288E-4
1.679750E+7,  2.257619E-5
1.680375E+7,  3.877841E-5
1.681000E+7,  4.703924E-5
1.681625E+7,  6.417930E-5
1.682250E+7,  5.401485E-5
1.682875E+7,  7.244572E-5
1.683500E+7,  1.827534E-5
1.684125E+7,  1.634192E-5
1.684750E+7,  7.359311E-5
1.685375E+7,  4.414842E-5
1.686000E+7,  2.331752E-5
1.686625E+7,  5.816668E-5
1.687250E+7,  4.210882E-5
1.687875E+7,  4.489347E-5
1.688500E+7,  3.072247E-5
1.689125E+7,  7.693097E-5
1.689750E+7,  1.042858E-4
1.690375E+7,  2.567768E-4
1.691000E+7,  7.169321E-5
1.691625E+7,  6.469712E-5
1.692250E+7,  6.043166E-5
1.692875E+7,  9.860471E-5
1.693500E+7,  2.335757E-5
1.694125E+7,  4.529208E-5
1.694750E+7,  7.713959E-5
1.695375E+7,  3.376976E-5
1.696000E+7,  8.435920E-5
1.696625E+7,  4.093722E-5
1.697250E+7,  1.077056E-4
1.697875E+7,  1.310259E-4
1.698500E+7,  1.694784E-4
1.699125E+7,  2.145395E-4
1.699750E+7,  1.267865E-4
1.700375E+7,  8.591637E-5
1.701000E+7,  2.292693E-4
1.701625E+7,  1.640469E-4
1.702250E+7,  1.739059E-5
1.702875E+7,  8.694362E-6
1.703500E+7,  7.654727E-5
1.704125E+7,  1.076609E-4
1.704750E+7,  5.346350E-5
1.705375E+7,  9.500235E-5
1.706000E+7,  4.639477E-5
1.706625E+7,  1.769736E-4
1.707250E+7,  7.341802E-5
1.707875E+7,  5.977042E-5
1.708500E+7,  1.740921E-5
1.709125E+7,  5.504489E-5
1.709750E+7,  8.626282E-5
1.710375E+7,  4.677288E-5
1.711000E+7,  9.822473E-5
1.711625E+7,  5.255826E-5
1.712250E+7,  3.245473E-5
1.712875E+7,  7.178262E-5
1.713500E+7,  7.384643E-5
1.714125E+7,  1.450302E-5
1.714750E+7,  5.067326E-5
1.715375E+7,  9.975582E-5
1.716000E+7,  5.718321E-5
1.716625E+7,  6.491318E-5
1.717250E+7,  8.207280E-6
1.717875E+7,  5.478971E-5
1.718500E+7,  2.679508E-5
1.719125E+7,  3.127940E-5
1.719750E+7,  7.194653E-5
1.720375E+7,  3.535114E-5
1.721000E+7,  6.178021E-5
1.721625E+7,  7.693470E-5
1.722250E+7,  5.199946E-5
1.722875E+7,  1.187213E-4
1.723500E+7,  1.987964E-4
1.724125E+7,  1.756102E-4
1.724750E+7,  1.782328E-4
1.725375E+7,  6.528944E-5
1.726000E+7,  5.844049E-5
1.726625E+7,  5.180575E-5
1.727250E+7,  1.402870E-4
1.727875E+7,  8.646771E-5
1.728500E+7,  3.145449E-5
1.729125E+7,  5.433336E-5
1.729750E+7,  7.579476E-5
1.730375E+7,  4.168972E-5
1.731000E+7,  1.072586E-4
1.731625E+7,  1.563951E-4
1.732250E+7,  1.478046E-4
1.732875E+7,  2.097990E-5
1.733500E+7,  6.783009E-5
1.734125E+7,  1.339912E-4
1.734750E+7,  2.923887E-5
1.735375E+7,  2.614707E-4
1.736000E+7,  1.170710E-4
1.736625E+7,  1.750737E-4
1.737250E+7,  1.406446E-4
1.737875E+7,  4.738383E-5
1.738500E+7,  1.490638E-4
1.739125E+7,  2.929419E-4
1.739750E+7,  8.402392E-5
1.740375E+7,  8.473173E-5
1.741000E+7,  7.600710E-5
1.741625E+7,  4.078820E-5
1.742250E+7,  9.322912E-5
1.742875E+7,  3.962964E-5
1.743500E+7,  4.172139E-5
1.744125E+7,  7.146597E-5
1.744750E+7,  8.282810E-5
1.745375E+7,  4.553795E-5
1.746000E+7,  5.500577E-5
1.746625E+7,  1.051016E-4
1.747250E+7,  5.947053E-5
1.747875E+7,  5.090795E-5
1.748500E+7,  8.743256E-6
1.749125E+7,  1.284927E-4
1.749750E+7,  1.266748E-4
1.750375E+7,  8.352101E-5
1.751000E+7,  4.177541E-5
1.751625E+7,  1.550764E-4
1.752250E+7,  1.033880E-4
1.752875E+7,  2.353452E-5
1.753500E+7,  4.340336E-5
1.754125E+7,  1.844671E-5
1.754750E+7,  7.595867E-5
1.755375E+7,  8.359179E-5
1.756000E+7,  4.128926E-5
1.756625E+7,  9.062886E-5
1.757250E+7,  1.775753E-5
1.757875E+7,  9.500235E-5
1.758500E+7,  3.406964E-5
1.759125E+7,  7.392094E-5
1.759750E+7,  2.611801E-5
1.760375E+7,  1.028366E-4
1.761000E+7,  9.073317E-5
1.761625E+7,  3.738515E-5
1.762250E+7,  6.967410E-5
1.762875E+7,  7.028505E-5
1.763500E+7,  1.128577E-4
1.764125E+7,  8.374080E-5
1.764750E+7,  5.457923E-5
1.765375E+7,  2.128445E-5
1.766000E+7,  1.204573E-5
1.766625E+7,  5.390868E-5
1.767250E+7,  2.108049E-5
1.767875E+7,  7.677451E-5
1.768500E+7,  4.824623E-5
1.769125E+7,  1.087002E-4
1.769750E+7,  4.995987E-5
1.770375E+7,  7.141754E-5
1.771000E+7,  1.012869E-4
1.771625E+7,  1.110658E-4
1.772250E+7,  2.168193E-4
1.772875E+7,  2.012327E-4
1.773500E+7,  5.266443E-5
1.774125E+7,  1.281798E-4
1.774750E+7,  4.715472E-5
1.775375E+7,  8.689240E-5
1.776000E+7,  1.655985E-5
1.776625E+7,  1.656543E-5
1.777250E+7,  7.698685E-5
1.777875E+7,  1.154095E-4
1.778500E+7,  8.384511E-5
1.779125E+7,  5.111471E-5
1.779750E+7,  1.395419E-4
1.780375E+7,  5.686097E-5
1.781000E+7,  5.398504E-5
1.781625E+7,  1.704693E-4
1.782250E+7,  1.756474E-5
1.782875E+7,  7.050484E-5
1.783500E+7,  4.730746E-5
1.784125E+7,  5.859882E-5
1.784750E+7,  6.549805E-5
1.785375E+7,  1.171511E-5
1.786000E+7,  6.098673E-5
1.786625E+7,  3.158301E-5
1.787250E+7,  3.751181E-5
1.787875E+7,  1.230612E-4
1.788500E+7,  3.753789E-5
1.789125E+7,  6.264076E-5
1.789750E+7,  7.338077E-5
1.790375E+7,  1.057386E-4
1.791000E+7,  3.946386E-5
1.791625E+7,  1.856908E-4
1.792250E+7,  7.250160E-5
1.792875E+7,  1.301318E-4
1.793500E+7,  4.975498E-5
1.794125E+7,  8.986518E-5
1.794750E+7,  6.126240E-5
1.795375E+7,  3.433973E-5
1.796000E+7,  6.560981E-5
1.796625E+7,  2.932455E-5
1.797250E+7,  4.077144E-5
1.797875E+7,  1.112670E-4
1.798500E+7,  1.128800E-4
1.799125E+7,  4.272908E-5
1.799750E+7,  1.780912E-4
1.800375E+7,  6.028824E-5
1.801000E+7,  5.871058E-5
1.801625E+7,  2.932642E-5
1.802250E+7,  2.707262E-5
1.802875E+7,  1.282915E-4
1.803500E+7,  3.161654E-5
1.804125E+7,  2.293661E-5
1.804750E+7,  3.938563E-5
1.805375E+7,  8.265674E-5
1.806000E+7,  2.627354E-5
1.806625E+7,  1.391396E-4
1.807250E+7,  8.675084E-5
1.807875E+7,  4.235283E-5
1.808500E+7,  1.645908E-4
1.809125E+7,  3.288314E-5
1.809750E+7,  8.406863E-5
1.810375E+7,  4.694611E-5
1.811000E+7,  4.739314E-5
1.811625E+7,  1.488104E-4
1.812250E+7,  7.993355E-5
1.812875E+7,  1.344755E-4
1.813500E+7,  1.477003E-4
1.814125E+7,  9.482726E-5
1.814750E+7,  1.099221E-4
1.815375E+7,  1.309365E-4
1.816000E+7,  5.025789E-5
1.816625E+7,  1.615211E-4
1.817250E+7,  4.602596E-5
1.817875E+7,  1.234189E-4
1.818500E+7,  1.271516E-4
1.819125E+7,  6.174296E-5
1.819750E+7,  1.569912E-4
1.820375E+7,  1.011528E-4
1.821000E+7,  1.200028E-4
1.821625E+7,  6.882474E-5
1.822250E+7,  5.994551E-5
1.822875E+7,  6.366521E-5
1.823500E+7,  6.579235E-5
1.824125E+7,  8.283556E-5
1.824750E+7,  1.176260E-5
1.825375E+7,  2.649240E-5
1.826000E+7,  3.948808E-5
1.826625E+7,  9.952486E-5
1.827250E+7,  5.033799E-5
1.827875E+7,  5.917810E-5
1.828500E+7,  3.444962E-5
1.829125E+7,  5.427189E-5
1.829750E+7,  3.168359E-5
1.830375E+7,  7.359311E-5
1.831000E+7,  6.579235E-5
1.831625E+7,  2.649985E-5
1.832250E+7,  4.901178E-5
1.832875E+7,  5.556270E-5
1.833500E+7,  5.719624E-5
1.834125E+7,  2.426840E-5
1.834750E+7,  4.749931E-5
1.835375E+7,  5.034357E-5
1.836000E+7,  2.634618E-5
1.836625E+7,  6.074645E-5
1.837250E+7,  9.959564E-5
1.837875E+7,  5.431846E-5
1.838500E+7,  2.903026E-5
1.839125E+7,  1.229271E-4
1.839750E+7,  2.946705E-6
1.840375E+7,  7.250160E-5
1.841000E+7,  7.252768E-5
1.841625E+7,  7.383898E-5
1.842250E+7,  5.562976E-5
1.842875E+7,  2.519321E-5
1.843500E+7,  6.723404E-5
1.844125E+7,  5.936623E-5
1.844750E+7,  5.603582E-5
1.845375E+7,  1.474842E-5
1.846000E+7,  1.511574E-4
1.846625E+7,  9.761006E-5
1.847250E+7,  1.299307E-4
1.847875E+7,  3.598444E-5
1.848500E+7,  3.833324E-5
1.849125E+7,  1.064176E-5
1.849750E+7,  8.339528E-6
1.850375E+7,  6.514043E-5
1.851000E+7,  3.007799E-5
1.851625E+7,  1.298562E-4
1.852250E+7,  2.304371E-5
1.852875E+7,  1.866464E-5
1.853500E+7,  4.760921E-5
1.854125E+7,  9.812415E-5
1.854750E+7,  1.063161E-4
1.855375E+7,  5.079247E-5
1.856000E+7,  1.669582E-5