SAVED BY: 
TITLE: 
COMMENTS: 
DATE: 10/27/2020
TIME: 2:55 PM

STIMULUS, RESPONSE

8.560000E+6,  1.416877E-4
8.566250E+6,  1.617894E-4
8.572500E+6,  1.520589E-4
8.578750E+6,  1.487136E-4
8.585000E+6,  1.802593E-4
8.591250E+6,  1.611933E-4
8.597500E+6,  1.718253E-4
8.603750E+6,  1.555085E-4
8.610000E+6,  1.738593E-4
8.616250E+6,  1.513883E-4
8.622500E+6,  1.555011E-4
8.628750E+6,  1.472235E-4
8.635000E+6,  1.511425E-4
8.641250E+6,  1.612902E-4
8.647500E+6,  1.582652E-4
8.653750E+6,  1.650676E-4
8.660000E+6,  1.722276E-4
8.666250E+6,  1.683980E-4
8.672500E+6,  1.611337E-4
8.678750E+6,  1.684725E-4
8.685000E+6,  1.566485E-4
8.691250E+6,  1.860112E-4
8.697500E+6,  1.542047E-4
8.703750E+6,  1.833960E-4
8.710000E+6,  1.584291E-4
8.716250E+6,  1.649559E-4
8.722500E+6,  1.844317E-4
8.728750E+6,  1.789629E-4
8.735000E+6,  1.618341E-4
8.741250E+6,  1.723990E-4
8.747500E+6,  1.695156E-4
8.753750E+6,  1.653433E-4
8.760000E+6,  1.905188E-4
8.766250E+6,  1.722649E-4
8.772500E+6,  1.612231E-4
8.778750E+6,  1.939014E-4
8.785000E+6,  1.787916E-4
8.791250E+6,  1.706854E-4
8.797500E+6,  1.861081E-4
8.803750E+6,  1.858398E-4
8.810000E+6,  1.671687E-4
8.816250E+6,  1.905039E-4
8.822500E+6,  1.895204E-4
8.828750E+6,  1.964569E-4
8.835000E+6,  1.863241E-4
8.841250E+6,  1.967102E-4
8.847500E+6,  1.753122E-4
8.853750E+6,  1.929402E-4
8.860000E+6,  1.824573E-4
8.866250E+6,  1.860633E-4
8.872500E+6,  1.506135E-4
8.878750E+6,  1.833811E-4
8.885000E+6,  1.823157E-4
8.891250E+6,  1.822710E-4
8.897500E+6,  1.799390E-4
8.903750E+6,  2.018586E-4
8.910000E+6,  1.904815E-4
8.916250E+6,  2.008528E-4
8.922500E+6,  1.898333E-4
8.928750E+6,  2.008379E-4
8.935000E+6,  1.811385E-4
8.941250E+6,  1.980439E-4
8.947500E+6,  1.832768E-4
8.953750E+6,  1.965836E-4
8.960000E+6,  2.084970E-4
8.966250E+6,  1.887679E-4
8.972500E+6,  1.745671E-4
8.978750E+6,  1.822859E-4
8.985000E+6,  1.785606E-4
8.991250E+6,  2.125874E-4
8.997500E+6,  2.121925E-4
9.003750E+6,  1.880601E-4
9.010000E+6,  1.964048E-4
9.016250E+6,  1.646057E-4
9.022500E+6,  1.759082E-4
9.028750E+6,  1.988262E-4
9.035000E+6,  1.731664E-4
9.041250E+6,  1.898482E-4
9.047500E+6,  2.216622E-4
9.053750E+6,  2.320260E-4
9.060000E+6,  1.810193E-4
9.066250E+6,  1.931116E-4
9.072500E+6,  1.915619E-4
9.078750E+6,  1.980960E-4
9.085000E+6,  1.864359E-4
9.091250E+6,  1.969784E-4
9.097500E+6,  1.954287E-4
9.103750E+6,  2.059117E-4
9.110000E+6,  1.734421E-4
9.116250E+6,  2.010614E-4
9.122500E+6,  2.008006E-4
9.128750E+6,  2.033859E-4
9.135000E+6,  1.777038E-4
9.141250E+6,  2.204925E-4
9.147500E+6,  1.932234E-4
9.153750E+6,  1.992136E-4
9.160000E+6,  2.192929E-4
9.166250E+6,  2.020001E-4
9.172500E+6,  2.036020E-4
9.178750E+6,  2.151355E-4
9.185000E+6,  1.869202E-4
9.191250E+6,  2.199560E-4
9.197500E+6,  2.089515E-4
9.203750E+6,  2.041236E-4
9.210000E+6,  1.963601E-4
9.216250E+6,  1.963526E-4
9.222500E+6,  2.061278E-4
9.228750E+6,  2.126992E-4
9.235000E+6,  1.855493E-4
9.241250E+6,  2.258345E-4
9.247500E+6,  2.090335E-4
9.253750E+6,  2.169982E-4
9.260000E+6,  2.233833E-4
9.266250E+6,  2.206638E-4
9.272500E+6,  1.922026E-4
9.278750E+6,  2.201349E-4
9.285000E+6,  2.051592E-4
9.291250E+6,  1.889020E-4
9.297500E+6,  2.203062E-4
9.303750E+6,  2.001300E-4
9.310000E+6,  2.078190E-4
9.316250E+6,  2.175793E-4
9.322500E+6,  1.985878E-4
9.328750E+6,  2.030507E-4
9.335000E+6,  2.001897E-4
9.341250E+6,  2.031252E-4
9.347500E+6,  2.046749E-4
9.353750E+6,  2.250969E-4
9.360000E+6,  2.127588E-4
9.366250E+6,  2.159998E-4
9.372500E+6,  2.220199E-4
9.378750E+6,  2.410412E-4
9.385000E+6,  2.316386E-4
9.391250E+6,  2.221763E-4
9.397500E+6,  2.062172E-4
9.403750E+6,  2.285391E-4
9.410000E+6,  2.170876E-4
9.416250E+6,  2.140924E-4
9.422500E+6,  2.225861E-4
9.428750E+6,  2.380610E-4
9.435000E+6,  2.159998E-4
9.441250E+6,  2.143532E-4
9.447500E+6,  2.381131E-4
9.453750E+6,  2.379045E-4
9.460000E+6,  2.151951E-4
9.466250E+6,  2.340972E-4
9.472500E+6,  2.301037E-4
9.478750E+6,  2.303794E-4
9.485000E+6,  2.254099E-4
9.491250E+6,  2.141893E-4
9.497500E+6,  2.349168E-4
9.503750E+6,  2.377778E-4
9.510000E+6,  2.305135E-4
9.516250E+6,  2.380311E-4
9.522500E+6,  2.449602E-4
9.528750E+6,  2.285168E-4
9.535000E+6,  2.437234E-4
9.541250E+6,  2.193078E-4
9.547500E+6,  2.333373E-4
9.553750E+6,  2.269894E-4
9.560000E+6,  2.288371E-4
9.566250E+6,  2.271384E-4
9.572500E+6,  2.557784E-4
9.578750E+6,  2.287775E-4
9.585000E+6,  2.303720E-4
9.591250E+6,  2.381727E-4
9.597500E+6,  2.205670E-4
9.603750E+6,  2.354681E-4
9.610000E+6,  2.287999E-4
9.616250E+6,  2.320260E-4
9.622500E+6,  2.388731E-4
9.628750E+6,  2.386197E-4
9.635000E+6,  2.624840E-4
9.641250E+6,  2.508759E-4
9.647500E+6,  2.303198E-4
9.653750E+6,  2.476871E-4
9.660000E+6,  2.416074E-4
9.666250E+6,  2.304018E-4
9.672500E+6,  2.445579E-4
9.678750E+6,  2.399683E-4
9.685000E+6,  2.417341E-4
9.691250E+6,  2.558082E-4
9.697500E+6,  2.417192E-4
9.703750E+6,  2.468228E-4
9.710000E+6,  2.541095E-4
9.716250E+6,  2.497137E-4
9.722500E+6,  2.271086E-4
9.728750E+6,  2.355203E-4
9.735000E+6,  2.374277E-4
9.741250E+6,  2.667904E-4
9.747500E+6,  2.332702E-4
9.753750E+6,  2.447069E-4
9.760000E+6,  2.430379E-4
9.766250E+6,  2.718270E-4
9.772500E+6,  2.672821E-4
9.778750E+6,  2.532750E-4
9.785000E+6,  2.489239E-4
9.791250E+6,  2.508014E-4
9.797500E+6,  2.497286E-4
9.803750E+6,  2.612174E-4
9.810000E+6,  2.561212E-4
9.816250E+6,  2.686977E-4
9.822500E+6,  2.549291E-4
9.828750E+6,  2.490729E-4
9.835000E+6,  2.375469E-4
9.841250E+6,  2.511293E-4
9.847500E+6,  2.500564E-4
9.853750E+6,  2.694428E-4
9.860000E+6,  2.753288E-4
9.866250E+6,  2.666563E-4
9.872500E+6,  2.650321E-4
9.878750E+6,  2.589971E-4
9.885000E+6,  2.397448E-4
9.891250E+6,  2.713054E-4
9.897500E+6,  2.519637E-4
9.903750E+6,  2.729297E-4
9.910000E+6,  2.675503E-4
9.916250E+6,  2.757311E-4
9.922500E+6,  2.512187E-4
9.928750E+6,  2.636462E-4
9.935000E+6,  2.651960E-4
9.941250E+6,  2.672225E-4
9.947500E+6,  2.572834E-4
9.953750E+6,  2.869219E-4
9.960000E+6,  2.655238E-4
9.966250E+6,  2.553761E-4
9.972500E+6,  2.790540E-4
9.978750E+6,  2.733171E-4
9.985000E+6,  2.793670E-4
9.991250E+6,  2.834946E-4
9.997500E+6,  2.866089E-4
1.000375E+7,  2.495795E-4
1.001000E+7,  2.830178E-4
1.001625E+7,  3.006160E-4
1.002250E+7,  2.631098E-4
1.002875E+7,  2.966523E-4
1.003500E+7,  2.887249E-4
1.004125E+7,  2.808869E-4
1.004750E+7,  2.930164E-4
1.005375E+7,  2.869964E-4
1.006000E+7,  2.931356E-4
1.006625E+7,  2.823770E-4
1.007250E+7,  2.730489E-4
1.007875E+7,  2.965033E-4
1.008500E+7,  2.810508E-4
1.009125E+7,  2.889484E-4
1.009750E+7,  2.869815E-4
1.010375E+7,  2.813041E-4
1.011000E+7,  2.931207E-4
1.011625E+7,  2.855808E-4
1.012250E+7,  3.026873E-4
1.012875E+7,  2.791882E-4
1.013500E+7,  3.027171E-4
1.014125E+7,  3.049076E-4
1.014750E+7,  2.990365E-4
1.015375E+7,  2.929270E-4
1.016000E+7,  2.912432E-4
1.016625E+7,  3.121346E-4
1.017250E+7,  2.713650E-4
1.017875E+7,  3.011525E-4
1.018500E+7,  2.889186E-4
1.019125E+7,  2.869070E-4
1.019750E+7,  3.063083E-4
1.020375E+7,  2.931356E-4
1.021000E+7,  3.147572E-4
1.021625E+7,  3.085136E-4
1.022250E+7,  3.206432E-4
1.022875E+7,  3.100038E-4
1.023500E+7,  3.167838E-4
1.024125E+7,  3.227144E-4
1.024750E+7,  3.032684E-4
1.025375E+7,  3.172606E-4
1.026000E+7,  3.229529E-4
1.026625E+7,  3.101230E-4
1.027250E+7,  3.037304E-4
1.027875E+7,  2.959073E-4
1.028500E+7,  3.094226E-4
1.029125E+7,  3.213286E-4
1.029750E+7,  3.187209E-4
1.030375E+7,  2.994984E-4
1.031000E+7,  3.233999E-4
1.031625E+7,  3.371239E-4
1.032250E+7,  3.250539E-4
1.032875E+7,  3.213137E-4
1.033500E+7,  3.195107E-4
1.034125E+7,  3.251582E-4
1.034750E+7,  3.390461E-4
1.035375E+7,  3.372729E-4
1.036000E+7,  3.326684E-4
1.036625E+7,  3.236681E-4
1.037250E+7,  3.368109E-4
1.037875E+7,  3.523082E-4
1.038500E+7,  3.159195E-4
1.039125E+7,  3.350526E-4
1.039750E+7,  3.561378E-4
1.040375E+7,  3.628731E-4
1.041000E+7,  3.296733E-4
1.041625E+7,  3.460944E-4
1.042250E+7,  3.530234E-4
1.042875E+7,  3.354400E-4
1.043500E+7,  3.276616E-4
1.044125E+7,  3.497601E-4
1.044750E+7,  3.586113E-4
1.045375E+7,  3.342032E-4
1.046000E+7,  3.373921E-4
1.046625E+7,  3.431290E-4
1.047250E+7,  3.497005E-4
1.047875E+7,  3.490448E-4
1.048500E+7,  3.419518E-4
1.049125E+7,  3.547370E-4
1.049750E+7,  3.584921E-4
1.050375E+7,  3.492385E-4
1.051000E+7,  3.654510E-4
1.051625E+7,  3.685504E-4
1.052250E+7,  3.554374E-4
1.052875E+7,  3.678799E-4
1.053500E+7,  3.435016E-4
1.054125E+7,  3.687441E-4
1.054750E+7,  3.695339E-4
1.055375E+7,  3.710687E-4
1.056000E+7,  3.541708E-4
1.056625E+7,  3.697723E-4
1.057250E+7,  3.644377E-4
1.057875E+7,  3.608614E-4
1.058500E+7,  3.701448E-4
1.059125E+7,  3.556758E-4
1.059750E+7,  3.776401E-4
1.060375E+7,  3.999472E-4
1.061000E+7,  3.509820E-4
1.061625E+7,  3.848374E-4
1.062250E+7,  3.657341E-4
1.062875E+7,  3.804415E-4
1.063500E+7,  4.017353E-4
1.064125E+7,  3.912598E-4
1.064750E+7,  3.824681E-4
1.065375E+7,  3.859550E-4
1.066000E+7,  3.803074E-4
1.066625E+7,  3.703237E-4
1.067250E+7,  3.815591E-4
1.067875E+7,  4.025996E-4
1.068500E+7,  3.805310E-4
1.069125E+7,  4.084259E-4
1.069750E+7,  3.753304E-4
1.070375E+7,  3.848076E-4
1.071000E+7,  3.877133E-4
1.071625E+7,  3.858209E-4
1.072250E+7,  3.971308E-4
1.072875E+7,  3.950000E-4
1.073500E+7,  3.902614E-4
1.074125E+7,  4.167110E-4
1.074750E+7,  4.056990E-4
1.075375E+7,  4.086047E-4
1.076000E+7,  4.000515E-4
1.076625E+7,  4.125535E-4
1.077250E+7,  4.206300E-4
1.077875E+7,  4.141629E-4
1.078500E+7,  4.090071E-4
1.079125E+7,  4.163533E-4
1.079750E+7,  4.135370E-4
1.080375E+7,  4.407763E-4
1.081000E+7,  4.204512E-4
1.081625E+7,  4.361868E-4
1.082250E+7,  4.329383E-4
1.082875E+7,  4.308075E-4
1.083500E+7,  4.264563E-4
1.084125E+7,  4.185885E-4
1.084750E+7,  4.104376E-4
1.085375E+7,  4.441142E-4
1.086000E+7,  4.414618E-4
1.086625E+7,  4.351437E-4
1.087250E+7,  4.318058E-4
1.087875E+7,  4.284680E-4
1.088500E+7,  4.282296E-4
1.089125E+7,  4.689991E-4
1.089750E+7,  4.307926E-4
1.090375E+7,  4.561394E-4
1.091000E+7,  4.415363E-4
1.091625E+7,  4.457831E-4
1.092250E+7,  4.410595E-4
1.092875E+7,  4.365742E-4
1.093500E+7,  4.464537E-4
1.094125E+7,  4.713386E-4
1.094750E+7,  4.486442E-4
1.095375E+7,  4.639924E-4
1.096000E+7,  4.670024E-4
1.096625E+7,  4.719645E-4
1.097250E+7,  4.738122E-4
1.097875E+7,  4.665405E-4
1.098500E+7,  4.815310E-4
1.099125E+7,  4.904866E-4
1.099750E+7,  4.744679E-4
1.100375E+7,  4.919171E-4
1.101000E+7,  4.968941E-4
1.101625E+7,  4.941225E-4
1.102250E+7,  4.663020E-4
1.102875E+7,  4.944205E-4
1.103500E+7,  4.842877E-4
1.104125E+7,  4.848540E-4
1.104750E+7,  4.798472E-4
1.105375E+7,  4.843026E-4
1.106000E+7,  4.941523E-4
1.106625E+7,  4.690588E-4
1.107250E+7,  4.850626E-4
1.107875E+7,  5.125105E-4
1.108500E+7,  4.775226E-4
1.109125E+7,  5.031824E-4
1.109750E+7,  5.203187E-4
1.110375E+7,  5.134940E-4
1.111000E+7,  4.955232E-4
1.111625E+7,  4.854798E-4
1.112250E+7,  4.959106E-4
1.112875E+7,  5.162656E-4
1.113500E+7,  5.165637E-4
1.114125E+7,  5.041361E-4
1.114750E+7,  5.202293E-4
1.115375E+7,  5.170405E-4
1.116000E+7,  5.197227E-4
1.116625E+7,  5.246103E-4
1.117250E+7,  5.157590E-4
1.117875E+7,  5.332530E-4
1.118500E+7,  5.375147E-4
1.119125E+7,  5.376935E-4
1.119750E+7,  5.460978E-4
1.120375E+7,  5.628169E-4
1.121000E+7,  5.949736E-4
1.121625E+7,  5.657673E-4
1.122250E+7,  6.257594E-4
1.122875E+7,  6.365180E-4
1.123500E+7,  7.197261E-4
1.124125E+7,  6.856322E-4
1.124750E+7,  7.310808E-4
1.125375E+7,  6.870627E-4
1.126000E+7,  6.857514E-4
1.126625E+7,  6.988347E-4
1.127250E+7,  7.213354E-4
1.127875E+7,  6.762147E-4
1.128500E+7,  7.210374E-4
1.129125E+7,  6.526113E-4
1.129750E+7,  5.992949E-4
1.130375E+7,  6.627738E-4
1.131000E+7,  6.790757E-4
1.131625E+7,  6.878674E-4
1.132250E+7,  7.048249E-4
1.132875E+7,  6.988645E-4
1.133500E+7,  7.256866E-4
1.134125E+7,  7.014275E-4
1.134750E+7,  6.895065E-4
1.135375E+7,  6.892383E-4
1.136000E+7,  6.385744E-4
1.136625E+7,  6.615818E-4
1.137250E+7,  7.190704E-4
1.137875E+7,  7.180274E-4
1.138500E+7,  6.931424E-4
1.139125E+7,  6.994903E-4
1.139750E+7,  6.729066E-4
1.140375E+7,  6.667674E-4
1.141000E+7,  6.553829E-4
1.141625E+7,  6.682575E-4
1.142250E+7,  6.886721E-4
1.142875E+7,  7.228553E-4
1.143500E+7,  6.983280E-4
1.144125E+7,  7.156134E-4
1.144750E+7,  7.375777E-4
1.145375E+7,  7.650554E-4
1.146000E+7,  7.689893E-4
1.146625E+7,  7.821620E-4
1.147250E+7,  7.657409E-4
1.147875E+7,  7.619262E-4
1.148500E+7,  7.904172E-4
1.149125E+7,  8.519292E-4
1.149750E+7,  8.585751E-4
1.150375E+7,  8.330643E-4
1.151000E+7,  8.454323E-4
1.151625E+7,  8.557737E-4
1.152250E+7,  7.917881E-4
1.152875E+7,  8.177757E-4
1.153500E+7,  7.671416E-4
1.154125E+7,  8.690953E-4
1.154750E+7,  8.575618E-4
1.155375E+7,  8.510649E-4
1.156000E+7,  9.858608E-4
1.156625E+7,  9.804964E-4
1.157250E+7,  9.539425E-4
1.157875E+7,  9.888411E-4
1.158500E+7,  1.091063E-3
1.159125E+7,  9.430647E-4
1.159750E+7,  9.169281E-4
1.160375E+7,  1.014888E-3
1.161000E+7,  1.001477E-3
1.161625E+7,  1.071036E-3
1.162250E+7,  1.122773E-3
1.162875E+7,  1.356542E-3
1.163500E+7,  1.428902E-3
1.164125E+7,  1.565397E-3
1.164750E+7,  1.805305E-3
1.165375E+7,  1.713157E-3
1.166000E+7,  1.660109E-3
1.166625E+7,  1.860857E-3
1.167250E+7,  1.722872E-3
1.167875E+7,  1.748562E-3
1.168500E+7,  1.764596E-3
1.169125E+7,  1.777709E-3
1.169750E+7,  1.768470E-3
1.170375E+7,  1.834869E-3
1.171000E+7,  1.802206E-3
1.171625E+7,  1.805961E-3
1.172250E+7,  1.793385E-3
1.172875E+7,  1.834035E-3
1.173500E+7,  1.825094E-3
1.174125E+7,  1.883626E-3
1.174750E+7,  1.840591E-3
1.175375E+7,  1.906395E-3
1.176000E+7,  1.898408E-3
1.176625E+7,  1.894951E-3
1.177250E+7,  1.892567E-3
1.177875E+7,  1.893580E-3
1.178500E+7,  1.928449E-3
1.179125E+7,  2.029657E-3
1.179750E+7,  2.002358E-3
1.180375E+7,  1.930475E-3
1.181000E+7,  1.944482E-3
1.181625E+7,  1.953363E-3
1.182250E+7,  2.021551E-3
1.182875E+7,  2.086639E-3
1.183500E+7,  2.010226E-3
1.184125E+7,  2.093673E-3
1.184750E+7,  2.086759E-3
1.185375E+7,  2.155066E-3
1.186000E+7,  2.160668E-3
1.186625E+7,  2.097249E-3
1.187250E+7,  2.138972E-3
1.187875E+7,  2.147794E-3
1.188500E+7,  2.190232E-3
1.189125E+7,  2.137899E-3
1.189750E+7,  2.163768E-3
1.190375E+7,  2.148986E-3
1.191000E+7,  2.243876E-3
1.191625E+7,  2.262473E-3
1.192250E+7,  2.249122E-3
1.192875E+7,  2.259493E-3
1.193500E+7,  2.249122E-3
1.194125E+7,  2.330184E-3
1.194750E+7,  2.305984E-3
1.195375E+7,  2.341390E-3
1.196000E+7,  2.342701E-3
1.196625E+7,  2.359152E-3
1.197250E+7,  2.402186E-3
1.197875E+7,  2.416968E-3
1.198500E+7,  2.403617E-3
1.199125E+7,  2.423525E-3
1.199750E+7,  2.424598E-3
1.200375E+7,  2.451539E-3
1.201000E+7,  2.445340E-3
1.201625E+7,  2.477288E-3
1.202250E+7,  2.484918E-3
1.202875E+7,  2.522707E-3
1.203500E+7,  2.498150E-3
1.204125E+7,  2.485871E-3
1.204750E+7,  2.541900E-3
1.205375E+7,  2.571702E-3
1.206000E+7,  2.553940E-3
1.206625E+7,  2.593398E-3
1.207250E+7,  2.681136E-3
1.207875E+7,  2.588868E-3
1.208500E+7,  2.587318E-3
1.209125E+7,  2.603531E-3
1.209750E+7,  2.627850E-3
1.210375E+7,  2.639651E-3
1.211000E+7,  2.690315E-3
1.211625E+7,  2.693653E-3
1.212250E+7,  2.690554E-3
1.212875E+7,  2.712131E-3
1.213500E+7,  2.702117E-3
1.214125E+7,  2.775192E-3
1.214750E+7,  2.776265E-3
1.215375E+7,  2.802610E-3
1.216000E+7,  2.809286E-3
1.216625E+7,  2.801299E-3
1.217250E+7,  2.847791E-3
1.217875E+7,  2.868056E-3
1.218500E+7,  2.884626E-3
1.219125E+7,  2.972960E-3
1.219750E+7,  2.945900E-3
1.220375E+7,  2.956510E-3
1.221000E+7,  2.960086E-3
1.221625E+7,  3.049254E-3
1.222250E+7,  3.065944E-3
1.222875E+7,  3.074288E-3
1.223500E+7,  3.119111E-3
1.224125E+7,  3.167748E-3
1.224750E+7,  3.175974E-3
1.225375E+7,  3.226995E-3
1.226000E+7,  3.258348E-3
1.226625E+7,  3.241658E-3
1.227250E+7,  3.252387E-3
1.227875E+7,  3.339648E-3
1.228500E+7,  3.292441E-3
1.229125E+7,  3.374577E-3
1.229750E+7,  3.398895E-3
1.230375E+7,  3.443360E-3
1.231000E+7,  3.423333E-3
1.231625E+7,  3.497958E-3
1.232250E+7,  3.535032E-3
1.232875E+7,  3.613949E-3
1.233500E+7,  3.550410E-3
1.234125E+7,  3.600359E-3
1.234750E+7,  3.584862E-3
1.235375E+7,  3.664374E-3
1.236000E+7,  3.721356E-3
1.236625E+7,  3.804207E-3
1.237250E+7,  3.793478E-3
1.237875E+7,  3.836393E-3
1.238500E+7,  3.839731E-3
1.239125E+7,  3.894448E-3
1.239750E+7,  3.955364E-3
1.240375E+7,  3.952503E-3
1.241000E+7,  4.019260E-3
1.241625E+7,  4.101515E-3
1.242250E+7,  4.123211E-3
1.242875E+7,  4.173040E-3
1.243500E+7,  4.204273E-3
1.244125E+7,  4.250765E-3
1.244750E+7,  4.261494E-3
1.245375E+7,  4.311800E-3
1.246000E+7,  4.385710E-3
1.246625E+7,  4.401445E-3
1.247250E+7,  4.474163E-3
1.247875E+7,  4.504919E-3
1.248500E+7,  4.577875E-3
1.249125E+7,  4.624128E-3
1.249750E+7,  4.637241E-3
1.250375E+7,  4.750490E-3
1.251000E+7,  4.735708E-3
1.251625E+7,  4.826784E-3
1.252250E+7,  4.880190E-3
1.252875E+7,  4.967690E-3
1.253500E+7,  4.982710E-3
1.254125E+7,  5.074263E-3
1.254750E+7,  5.107880E-3
1.255375E+7,  5.211115E-3
1.256000E+7,  5.228519E-3
1.256625E+7,  5.339146E-3
1.257250E+7,  5.362272E-3
1.257875E+7,  5.465031E-3
1.258500E+7,  5.479813E-3
1.259125E+7,  5.592108E-3
1.259750E+7,  5.694628E-3
1.260375E+7,  5.702972E-3
1.261000E+7,  5.803347E-3
1.261625E+7,  5.936146E-3
1.262250E+7,  5.964994E-3
1.262875E+7,  6.223202E-3
1.263500E+7,  6.059170E-3
1.264125E+7,  6.319046E-3
1.264750E+7,  6.350040E-3
1.265375E+7,  6.390572E-3
1.266000E+7,  6.549835E-3
1.266625E+7,  6.503820E-3
1.267250E+7,  6.788492E-3
1.267875E+7,  6.967068E-3
1.268500E+7,  7.142544E-3
1.269125E+7,  7.218599E-3
1.269750E+7,  6.978273E-3
1.270375E+7,  6.883621E-3
1.271000E+7,  7.892132E-3
1.271625E+7,  7.349491E-3
1.272250E+7,  7.518530E-3
1.272875E+7,  7.588625E-3
1.273500E+7,  7.877350E-3
1.274125E+7,  7.891655E-3
1.274750E+7,  8.095264E-3
1.275375E+7,  8.128166E-3
1.276000E+7,  8.245945E-3
1.276625E+7,  8.347034E-3
1.277250E+7,  6.212711E-3
1.277875E+7,  7.908344E-3
1.278500E+7,  9.025097E-3
1.279125E+7,  9.374142E-3
1.279750E+7,  9.081841E-3
1.280375E+7,  8.681297E-3
1.281000E+7,  8.016109E-3
1.281625E+7,  1.014376E-2
1.282250E+7,  1.009464E-2
1.282875E+7,  1.002169E-2
1.283500E+7,  9.395599E-3
1.284125E+7,  1.109648E-2
1.284750E+7,  1.101637E-2
1.285375E+7,  1.142740E-2
1.286000E+7,  1.134300E-2
1.286625E+7,  1.194096E-2
1.287250E+7,  1.202250E-2
1.287875E+7,  1.185465E-2
1.288500E+7,  1.188612E-2
1.289125E+7,  1.287651E-2
1.289750E+7,  1.288366E-2
1.290375E+7,  1.276016E-2
1.291000E+7,  1.308346E-2
1.291625E+7,  1.392221E-2
1.292250E+7,  1.234627E-2
1.292875E+7,  1.363039E-2
1.293500E+7,  1.254082E-2
1.294125E+7,  1.320171E-2
1.294750E+7,  1.113415E-2
1.295375E+7,  8.343697E-3
1.296000E+7,  6.659985E-3
1.296625E+7,  6.432056E-3
1.297250E+7,  6.628752E-3
1.297875E+7,  6.717205E-3
1.298500E+7,  6.796598E-3
1.299125E+7,  6.960392E-3
1.299750E+7,  7.085800E-3
1.300375E+7,  7.229090E-3
1.301000E+7,  7.407904E-3
1.301625E+7,  7.535219E-3
1.302250E+7,  7.759333E-3
1.302875E+7,  7.934093E-3
1.303500E+7,  8.074284E-3
1.304125E+7,  8.266449E-3
1.304750E+7,  8.449078E-3
1.305375E+7,  8.647919E-3
1.306000E+7,  8.830070E-3
1.306625E+7,  9.055138E-3
1.307250E+7,  9.301186E-3
1.307875E+7,  9.538174E-3
1.308500E+7,  9.765148E-3
1.309125E+7,  1.004124E-2
1.309750E+7,  1.028776E-2
1.310375E+7,  1.054335E-2
1.311000E+7,  1.083231E-2
1.311625E+7,  1.112509E-2
1.312250E+7,  1.150417E-2
1.312875E+7,  1.184940E-2
1.313500E+7,  1.218367E-2
1.314125E+7,  1.248503E-2
1.314750E+7,  1.292038E-2
1.315375E+7,  1.345396E-2
1.316000E+7,  1.388836E-2
1.316625E+7,  1.433945E-2
1.317250E+7,  1.468611E-2
1.317875E+7,  1.521921E-2
1.318500E+7,  1.570320E-2
1.319125E+7,  1.632786E-2
1.319750E+7,  1.667690E-2
1.320375E+7,  1.725578E-2
1.321000E+7,  1.804161E-2
1.321625E+7,  1.840687E-2
1.322250E+7,  1.905632E-2
1.322875E+7,  1.988029E-2
1.323500E+7,  2.073479E-2
1.324125E+7,  2.181435E-2
1.324750E+7,  2.309322E-2
1.325375E+7,  2.445507E-2
1.326000E+7,  2.523041E-2
1.326625E+7,  2.636147E-2
1.327250E+7,  2.765560E-2
1.327875E+7,  2.914429E-2
1.328500E+7,  3.022480E-2
1.329125E+7,  3.215790E-2
1.329750E+7,  3.353691E-2
1.330375E+7,  3.490829E-2
1.331000E+7,  3.765678E-2
1.331625E+7,  3.957367E-2
1.332250E+7,  4.262733E-2
1.332875E+7,  4.353523E-2
1.333500E+7,  4.464149E-2
1.334125E+7,  4.651451E-2
1.334750E+7,  4.874992E-2
1.335375E+7,  5.249405E-2
1.336000E+7,  5.532074E-2
1.336625E+7,  5.802727E-2
1.337250E+7,  6.249428E-2
1.337875E+7,  6.592178E-2
1.338500E+7,  6.980133E-2
1.339125E+7,  7.567215E-2
1.339750E+7,  8.042145E-2
1.340375E+7,  8.573914E-2
1.341000E+7,  9.217072E-2
1.341625E+7,  1.003876E-1
1.342250E+7,  1.084328E-1
1.342875E+7,  1.185226E-1
1.343500E+7,  1.299820E-1
1.344125E+7,  1.403580E-1
1.344750E+7,  1.545715E-1
1.345375E+7,  1.699295E-1
1.346000E+7,  1.862717E-1
1.346625E+7,  2.066803E-1
1.347250E+7,  2.309418E-1
1.347875E+7,  2.541199E-1
1.348500E+7,  2.784424E-1
1.349125E+7,  3.069000E-1
1.349750E+7,  3.379059E-1
1.350375E+7,  3.729553E-1
1.351000E+7,  4.020081E-1
1.351625E+7,  4.298706E-1
1.352250E+7,  4.561005E-1
1.352875E+7,  4.784851E-1
1.353500E+7,  4.960632E-1
1.354125E+7,  5.065918E-1
1.354750E+7,  5.134583E-1
1.355375E+7,  5.144348E-1
1.356000E+7,  5.086365E-1
1.356625E+7,  4.974518E-1
1.357250E+7,  4.802551E-1
1.357875E+7,  4.597931E-1
1.358500E+7,  4.341888E-1
1.359125E+7,  4.041748E-1
1.359750E+7,  3.732758E-1
1.360375E+7,  3.409424E-1
1.361000E+7,  3.096161E-1
1.361625E+7,  2.800293E-1
1.362250E+7,  2.522736E-1
1.362875E+7,  2.276840E-1
1.363500E+7,  2.055511E-1
1.364125E+7,  1.858215E-1
1.364750E+7,  1.677933E-1
1.365375E+7,  1.522675E-1
1.366000E+7,  1.388168E-1
1.366625E+7,  1.268616E-1
1.367250E+7,  1.160278E-1
1.367875E+7,  1.061745E-1
1.368500E+7,  9.784317E-2
1.369125E+7,  9.010696E-2
1.369750E+7,  8.301544E-2
1.370375E+7,  7.706070E-2
1.371000E+7,  7.175064E-2
1.371625E+7,  6.673431E-2
1.372250E+7,  6.231880E-2
1.372875E+7,  5.830765E-2
1.373500E+7,  5.463791E-2
1.374125E+7,  5.132484E-2
1.374750E+7,  4.822922E-2
1.375375E+7,  4.549026E-2
1.376000E+7,  4.297066E-2
1.376625E+7,  4.055977E-2
1.377250E+7,  3.839493E-2
1.377875E+7,  3.643227E-2
1.378500E+7,  3.456116E-2
1.379125E+7,  3.283310E-2
1.379750E+7,  3.126717E-2
1.380375E+7,  2.976513E-2
1.381000E+7,  2.836227E-2
1.381625E+7,  2.713013E-2
1.382250E+7,  2.588654E-2
1.382875E+7,  2.479839E-2
1.383500E+7,  2.376080E-2
1.384125E+7,  2.279091E-2
1.384750E+7,  2.185822E-2
1.385375E+7,  2.096558E-2
1.386000E+7,  2.013683E-2
1.386625E+7,  1.937866E-2
1.387250E+7,  1.864910E-2
1.387875E+7,  1.793671E-2
1.388500E+7,  1.729488E-2
1.389125E+7,  1.669598E-2
1.389750E+7,  1.610947E-2
1.390375E+7,  1.555347E-2
1.391000E+7,  1.504230E-2
1.391625E+7,  1.452065E-2
1.392250E+7,  1.405001E-2
1.392875E+7,  1.361132E-2
1.393500E+7,  1.319361E-2
1.394125E+7,  1.276159E-2
1.394750E+7,  1.236248E-2
1.395375E+7,  1.199627E-2
1.396000E+7,  1.165628E-2
1.396625E+7,  1.131487E-2
1.397250E+7,  1.099253E-2
1.397875E+7,  1.065445E-2
1.398500E+7,  1.037121E-2
1.399125E+7,  1.009941E-2
1.399750E+7,  9.816647E-3
1.400375E+7,  9.555340E-3
1.401000E+7,  9.328842E-3
1.401625E+7,  9.068012E-3
1.402250E+7,  8.872032E-3
1.402875E+7,  8.628845E-3
1.403500E+7,  8.409500E-3
1.404125E+7,  8.212090E-3
1.404750E+7,  7.999420E-3
1.405375E+7,  7.852554E-3
1.406000E+7,  7.646084E-3
1.406625E+7,  7.470131E-3
1.407250E+7,  7.271290E-3
1.407875E+7,  7.117510E-3
1.408500E+7,  6.963253E-3
1.409125E+7,  6.836891E-3
1.409750E+7,  6.661892E-3
1.410375E+7,  6.528616E-3
1.411000E+7,  6.392002E-3
1.411625E+7,  6.276369E-3
1.412250E+7,  6.146669E-3
1.412875E+7,  6.000042E-3
1.413500E+7,  5.885839E-3
1.414125E+7,  5.771399E-3
1.414750E+7,  5.671740E-3
1.415375E+7,  5.571604E-3
1.416000E+7,  5.483150E-3
1.416625E+7,  5.369902E-3
1.417250E+7,  5.258560E-3
1.417875E+7,  5.163670E-3
1.418500E+7,  5.063534E-3
1.419125E+7,  5.007744E-3
1.419750E+7,  4.916191E-3
1.420375E+7,  4.818439E-3
1.421000E+7,  4.743099E-3
1.421625E+7,  4.655600E-3
1.422250E+7,  4.590988E-3
1.422875E+7,  4.529238E-3
1.423500E+7,  4.448414E-3
1.424125E+7,  4.377604E-3
1.424750E+7,  4.304647E-3
1.425375E+7,  4.261732E-3
1.426000E+7,  4.182816E-3
1.426625E+7,  4.160881E-3
1.427250E+7,  4.064322E-3
1.427875E+7,  3.996611E-3
1.428500E+7,  3.931522E-3
1.429125E+7,  3.893137E-3
1.429750E+7,  3.848672E-3
1.430375E+7,  3.785253E-3
1.431000E+7,  3.732562E-3
1.431625E+7,  3.685832E-3
1.432250E+7,  3.671288E-3
1.432875E+7,  3.613830E-3
1.433500E+7,  3.566384E-3
1.434125E+7,  3.513932E-3
1.434750E+7,  3.476977E-3
1.435375E+7,  3.436208E-3
1.436000E+7,  3.395796E-3
1.436625E+7,  3.365159E-3
1.437250E+7,  3.337383E-3
1.437875E+7,  3.309131E-3
1.438500E+7,  3.252268E-3
1.439125E+7,  3.217220E-3
1.439750E+7,  3.196359E-3
1.440375E+7,  3.159285E-3
1.441000E+7,  3.127456E-3
1.441625E+7,  3.098249E-3
1.442250E+7,  3.099680E-3
1.442875E+7,  3.063202E-3
1.443500E+7,  3.043652E-3
1.444125E+7,  3.002048E-3
1.444750E+7,  2.969384E-3
1.445375E+7,  2.967477E-3
1.446000E+7,  2.929449E-3
1.446625E+7,  2.936244E-3
1.447250E+7,  2.901912E-3
1.447875E+7,  2.896070E-3
1.448500E+7,  2.844453E-3
1.449125E+7,  2.851605E-3
1.449750E+7,  2.827883E-3
1.450375E+7,  2.825260E-3
1.451000E+7,  2.802849E-3
1.451625E+7,  2.790809E-3
1.452250E+7,  2.777457E-3
1.452875E+7,  2.750516E-3
1.453500E+7,  2.773881E-3
1.454125E+7,  2.746820E-3
1.454750E+7,  2.753615E-3
1.455375E+7,  2.762079E-3
1.456000E+7,  2.751708E-3
1.456625E+7,  2.735853E-3
1.457250E+7,  2.728462E-3
1.457875E+7,  2.721667E-3
1.458500E+7,  2.721429E-3
1.459125E+7,  2.722263E-3
1.459750E+7,  2.745867E-3
1.460375E+7,  2.732754E-3
1.461000E+7,  2.743244E-3
1.461625E+7,  2.743602E-3
1.462250E+7,  2.750874E-3
1.462875E+7,  2.777457E-3
1.463500E+7,  2.765059E-3
1.464125E+7,  2.775788E-3
1.464750E+7,  2.808690E-3
1.465375E+7,  2.817988E-3
1.466000E+7,  2.806425E-3
1.466625E+7,  2.864242E-3
1.467250E+7,  2.882600E-3
1.467875E+7,  2.914906E-3
1.468500E+7,  2.930045E-3
1.469125E+7,  2.966642E-3
1.469750E+7,  3.016591E-3
1.470375E+7,  3.063321E-3
1.471000E+7,  3.080130E-3
1.471625E+7,  3.131986E-3
1.472250E+7,  3.168941E-3
1.472875E+7,  3.244281E-3
1.473500E+7,  3.328323E-3
1.474125E+7,  3.393769E-3
1.474750E+7,  3.457427E-3
1.475375E+7,  3.562689E-3
1.476000E+7,  3.645539E-3
1.476625E+7,  3.744364E-3
1.477250E+7,  3.859282E-3
1.477875E+7,  4.004955E-3
1.478500E+7,  4.158974E-3
1.479125E+7,  4.325151E-3
1.479750E+7,  4.513741E-3
1.480375E+7,  4.714966E-3
1.481000E+7,  4.945755E-3
1.481625E+7,  5.254269E-3
1.482250E+7,  5.556822E-3
1.482875E+7,  5.939960E-3
1.483500E+7,  6.375790E-3
1.484125E+7,  6.863832E-3
1.484750E+7,  7.412434E-3
1.485375E+7,  8.060455E-3
1.486000E+7,  8.719921E-3
1.486625E+7,  9.353161E-3
1.487250E+7,  9.915352E-3
1.487875E+7,  1.017094E-2
1.488500E+7,  1.006842E-2
1.489125E+7,  9.554386E-3
1.489750E+7,  8.816719E-3
1.490375E+7,  7.926941E-3
1.491000E+7,  7.031441E-3
1.491625E+7,  6.212950E-3
1.492250E+7,  5.506039E-3
1.492875E+7,  4.912138E-3
1.493500E+7,  4.387140E-3
1.494125E+7,  3.957510E-3
1.494750E+7,  3.592253E-3
1.495375E+7,  3.250360E-3
1.496000E+7,  2.945304E-3
1.496625E+7,  2.694964E-3
1.497250E+7,  2.494216E-3
1.497875E+7,  2.292991E-3
1.498500E+7,  2.123356E-3
1.499125E+7,  1.945674E-3
1.499750E+7,  1.814842E-3
1.500375E+7,  1.709640E-3
1.501000E+7,  1.547873E-3
1.501625E+7,  1.487732E-3
1.502250E+7,  1.401901E-3
1.502875E+7,  1.305223E-3
1.503500E+7,  1.248181E-3
1.504125E+7,  1.161873E-3
1.504750E+7,  1.087248E-3
1.505375E+7,  1.042187E-3
1.506000E+7,  9.829998E-4
1.506625E+7,  9.216368E-4
1.507250E+7,  8.869767E-4
1.507875E+7,  8.435547E-4
1.508500E+7,  7.957816E-4
1.509125E+7,  7.663965E-4
1.509750E+7,  7.299185E-4
1.510375E+7,  6.806850E-4
1.511000E+7,  6.543994E-4
1.511625E+7,  6.152689E-4
1.512250E+7,  5.966127E-4
1.512875E+7,  5.656481E-4
1.513500E+7,  5.493164E-4
1.514125E+7,  5.218387E-4
1.514750E+7,  4.971623E-4
1.515375E+7,  4.767627E-4
1.516000E+7,  4.484951E-4
1.516625E+7,  4.328191E-4
1.517250E+7,  4.097521E-4
1.517875E+7,  3.808141E-4
1.518500E+7,  3.837198E-4
1.519125E+7,  3.599077E-4
1.519750E+7,  3.581941E-4
1.520375E+7,  3.375709E-4
1.521000E+7,  3.274977E-4
1.521625E+7,  3.127456E-4
1.522250E+7,  2.986342E-4
1.522875E+7,  2.852827E-4
1.523500E+7,  2.743155E-4
1.524125E+7,  2.587736E-4
1.524750E+7,  2.673417E-4
1.525375E+7,  2.489239E-4
1.526000E+7,  2.498031E-4
1.526625E+7,  2.271459E-4
1.527250E+7,  2.330020E-4
1.527875E+7,  2.246052E-4
1.528500E+7,  2.139881E-4
1.529125E+7,  2.171472E-4
1.529750E+7,  1.818091E-4
1.530375E+7,  1.892149E-4
1.531000E+7,  1.733303E-4
1.531625E+7,  1.600906E-4
1.532250E+7,  1.537427E-4
1.532875E+7,  1.775846E-4
1.533500E+7,  1.590699E-4
1.534125E+7,  1.572818E-4
1.534750E+7,  1.589656E-4
1.535375E+7,  1.407787E-4
1.536000E+7,  1.262948E-4
1.536625E+7,  1.324788E-4
1.537250E+7,  1.612082E-4
1.537875E+7,  1.163110E-4
1.538500E+7,  1.327321E-4
1.539125E+7,  1.261085E-4
1.539750E+7,  1.205169E-4
1.540375E+7,  1.035333E-4
1.541000E+7,  8.863956E-5
1.541625E+7,  8.873269E-5
1.542250E+7,  1.314133E-4
1.542875E+7,  9.625405E-5
1.543500E+7,  7.853657E-5
1.544125E+7,  7.332489E-5
1.544750E+7,  8.811057E-5
1.545375E+7,  8.191913E-5
1.546000E+7,  1.033135E-4
1.546625E+7,  7.471070E-5
1.547250E+7,  7.477775E-5
1.547875E+7,  5.447119E-5
1.548500E+7,  7.034838E-5
1.549125E+7,  5.687028E-5
1.549750E+7,  6.133318E-5
1.550375E+7,  5.126186E-5
1.551000E+7,  5.078316E-5
1.551625E+7,  5.322322E-5
1.552250E+7,  5.562603E-5
1.552875E+7,  4.545227E-5
1.553500E+7,  7.613748E-5
1.554125E+7,  2.833270E-5
1.554750E+7,  7.944182E-5
1.555375E+7,  7.222965E-5
1.556000E+7,  6.635487E-5
1.556625E+7,  7.209554E-5
1.557250E+7,  3.483891E-5
1.557875E+7,  2.569240E-5
1.558500E+7,  2.943724E-5
1.559125E+7,  2.615340E-5
1.559750E+7,  4.051812E-5
1.560375E+7,  4.019774E-5
1.561000E+7,  3.265403E-5
1.561625E+7,  4.363246E-5
1.562250E+7,  2.549961E-5
1.562875E+7,  4.174560E-5
1.563500E+7,  3.277510E-5
1.564125E+7,  2.370495E-5
1.564750E+7,  3.286637E-5
1.565375E+7,  2.321322E-5
1.566000E+7,  1.082337E-5
1.566625E+7,  8.627307E-6
1.567250E+7,  3.442727E-5
1.567875E+7,  3.424287E-5
1.568500E+7,  1.711119E-5
1.569125E+7,  3.826804E-6
1.569750E+7,  2.289470E-5
1.570375E+7,  1.572724E-5
1.571000E+7,  1.367182E-5
1.571625E+7,  1.696870E-5
1.572250E+7,  1.701433E-5
1.572875E+7,  2.151541E-5
1.573500E+7,  2.544373E-5
1.574125E+7,  1.135143E-5
1.574750E+7,  1.695007E-5
1.575375E+7,  1.693424E-5
1.576000E+7,  3.233738E-5
1.576625E+7,  2.046302E-5
1.577250E+7,  1.072558E-5
1.577875E+7,  1.695938E-5
1.578500E+7,  1.367368E-5
1.579125E+7,  1.562946E-5
1.579750E+7,  7.573981E-6
1.580375E+7,  8.455478E-6
1.581000E+7,  2.723746E-5
1.581625E+7,  1.882762E-5
1.582250E+7,  2.263393E-5
1.582875E+7,  1.357216E-5
1.583500E+7,  2.528820E-5
1.584125E+7,  1.508091E-5
1.584750E+7,  8.431263E-6
1.585375E+7,  8.411705E-6
1.586000E+7,  2.026837E-5
1.586625E+7,  4.257075E-5
1.587250E+7,  1.549814E-5
1.587875E+7,  2.377108E-5
1.588500E+7,  2.126023E-5
1.589125E+7,  2.405699E-5
1.589750E+7,  3.749970E-6
1.590375E+7,  1.501245E-5
1.591000E+7,  2.022181E-5
1.591625E+7,  2.281554E-5
1.592250E+7,  1.546368E-5
1.592875E+7,  1.674891E-5
1.593500E+7,  6.301661E-10
1.594125E+7,  3.743917E-6
1.594750E+7,  1.673028E-5
1.595375E+7,  1.058402E-5
1.596000E+7,  2.364069E-5
1.596625E+7,  6.297682E-10
1.597250E+7,  1.872517E-5
1.597875E+7,  7.492723E-6
1.598500E+7,  7.482711E-6
1.599125E+7,  8.367933E-6
1.599750E+7,  8.362811E-6
1.600375E+7,  5.908310E-5
1.601000E+7,  1.321808E-4
1.601625E+7,  1.448244E-4
1.602250E+7,  2.312101E-5
1.602875E+7,  1.206771E-4
1.603500E+7,  1.595095E-4
1.604125E+7,  6.340817E-5
1.604750E+7,  2.644677E-5
1.605375E+7,  4.303828E-5
1.606000E+7,  5.678646E-5
1.606625E+7,  5.717576E-5
1.607250E+7,  1.320913E-4
1.607875E+7,  1.047663E-4
1.608500E+7,  8.616224E-5
1.609125E+7,  1.205616E-4
1.609750E+7,  3.209338E-5
1.610375E+7,  4.060008E-5
1.611000E+7,  1.580566E-4
1.611625E+7,  7.174909E-5
1.612250E+7,  1.576915E-4
1.612875E+7,  5.737878E-5
1.613500E+7,  7.008016E-5
1.614125E+7,  2.869405E-5
1.614750E+7,  4.627369E-5
1.615375E+7,  4.810840E-5
1.616000E+7,  1.004413E-4
1.616625E+7,  8.295104E-5
1.617250E+7,  4.456937E-5
1.617875E+7,  5.293451E-5
1.618500E+7,  5.393475E-5
1.619125E+7,  5.573221E-5
1.619750E+7,  6.320328E-5
1.620375E+7,  1.547206E-5
1.621000E+7,  5.139224E-5
1.621625E+7,  1.109317E-4
1.622250E+7,  2.367515E-5
1.622875E+7,  1.339093E-4
1.623500E+7,  4.061125E-5
1.624125E+7,  9.202957E-5
1.624750E+7,  3.677793E-5
1.625375E+7,  5.998276E-5
1.626000E+7,  3.349595E-5
1.626625E+7,  8.125324E-6
1.627250E+7,  2.584700E-5
1.627875E+7,  8.860976E-5
1.628500E+7,  9.191781E-5
1.629125E+7,  1.069084E-4
1.629750E+7,  7.813424E-5
1.630375E+7,  1.200363E-4
1.631000E+7,  1.313016E-4
1.631625E+7,  1.788810E-4
1.632250E+7,  6.944686E-5
1.632875E+7,  2.568215E-5
1.633500E+7,  5.572103E-5
1.634125E+7,  1.490042E-4
1.634750E+7,  3.630668E-5
1.635375E+7,  1.280755E-4
1.636000E+7,  7.108599E-5
1.636625E+7,  1.229942E-4
1.637250E+7,  4.486740E-5
1.637875E+7,  5.995296E-5
1.638500E+7,  6.140769E-5
1.639125E+7,  7.114559E-5
1.639750E+7,  1.581460E-4
1.640375E+7,  1.476258E-4
1.641000E+7,  1.248568E-4
1.641625E+7,  9.286031E-5
1.642250E+7,  7.733330E-5
1.642875E+7,  8.509308E-5
1.643500E+7,  9.252504E-5
1.644125E+7,  5.494431E-5
1.644750E+7,  1.037074E-5
1.645375E+7,  6.558374E-5
1.646000E+7,  6.906316E-5
1.646625E+7,  2.073124E-5
1.647250E+7,  6.384030E-5
1.647875E+7,  1.494884E-4
1.648500E+7,  4.920550E-5
1.649125E+7,  7.020682E-5
1.649750E+7,  6.115809E-5
1.650375E+7,  2.073403E-5
1.651000E+7,  4.383735E-5
1.651625E+7,  1.494214E-4
1.652250E+7,  6.432831E-5
1.652875E+7,  7.377937E-5
1.653500E+7,  1.071021E-4
1.654125E+7,  3.743172E-5
1.654750E+7,  9.746850E-5
1.655375E+7,  4.686601E-5
1.656000E+7,  6.433204E-5
1.656625E+7,  3.467873E-5
1.657250E+7,  8.244812E-5
1.657875E+7,  9.168312E-5
1.658500E+7,  7.865205E-5
1.659125E+7,  7.946044E-5
1.659750E+7,  7.200986E-5
1.660375E+7,  1.821574E-5
1.661000E+7,  4.794449E-5
1.661625E+7,  5.536154E-5
1.662250E+7,  7.360429E-5
1.662875E+7,  6.722286E-5
1.663500E+7,  5.933642E-5
1.664125E+7,  2.864003E-4
1.664750E+7,  9.807944E-5
1.665375E+7,  1.143962E-4
1.666000E+7,  1.167357E-4
1.666625E+7,  1.832247E-4
1.667250E+7,  5.943328E-5
1.667875E+7,  4.752725E-5
1.668500E+7,  6.210804E-5
1.669125E+7,  6.320700E-5
1.669750E+7,  1.470670E-4
1.670375E+7,  2.943259E-5
1.671000E+7,  9.957701E-5
1.671625E+7,  1.536310E-4
1.672250E+7,  8.386374E-5
1.672875E+7,  9.133294E-5
1.673500E+7,  2.841838E-5
1.674125E+7,  1.039989E-4
1.674750E+7,  8.266792E-5
1.675375E+7,  5.043857E-5
1.676000E+7,  1.535937E-4
1.676625E+7,  9.329617E-5
1.677250E+7,  4.901364E-5
1.677875E+7,  4.699454E-5
1.678500E+7,  5.451404E-5
1.679125E+7,  7.856637E-5
1.679750E+7,  5.804375E-5
1.680375E+7,  3.652647E-5
1.681000E+7,  4.761480E-5
1.681625E+7,  3.516115E-5
1.682250E+7,  1.191720E-5
1.682875E+7,  1.851283E-5
1.683500E+7,  5.481392E-5
1.684125E+7,  2.310332E-5
1.684750E+7,  5.894899E-5
1.685375E+7,  9.249896E-5
1.686000E+7,  3.700890E-5
1.686625E+7,  3.653765E-5
1.687250E+7,  1.292489E-5
1.687875E+7,  1.241788E-4
1.688500E+7,  6.984919E-5
1.689125E+7,  7.560104E-5
1.689750E+7,  6.465707E-6
1.690375E+7,  9.145215E-5
1.691000E+7,  5.491078E-5
1.691625E+7,  1.989082E-4
1.692250E+7,  7.363781E-5
1.692875E+7,  4.773587E-5
1.693500E+7,  5.491078E-5
1.694125E+7,  2.950802E-5
1.694750E+7,  1.107454E-4
1.695375E+7,  1.156777E-4
1.696000E+7,  6.043352E-5
1.696625E+7,  4.142523E-5
1.697250E+7,  5.529262E-5
1.697875E+7,  1.452193E-4
1.698500E+7,  8.413568E-5
1.699125E+7,  8.131191E-5
1.699750E+7,  5.463511E-5
1.700375E+7,  4.215352E-5
1.701000E+7,  1.558568E-5
1.701625E+7,  6.604195E-5
1.702250E+7,  9.852275E-5
1.702875E+7,  1.195408E-4
1.703500E+7,  1.616478E-4
1.704125E+7,  3.941916E-5
1.704750E+7,  1.524687E-4
1.705375E+7,  1.565441E-4
1.706000E+7,  2.110843E-5
1.706625E+7,  7.334724E-5
1.707250E+7,  6.434321E-5
1.707875E+7,  8.160248E-5
1.708500E+7,  1.567602E-4
1.709125E+7,  9.171292E-5
1.709750E+7,  9.009615E-5
1.710375E+7,  1.296587E-5
1.711000E+7,  2.674293E-5
1.711625E+7,  3.479980E-5
1.712250E+7,  6.387755E-5
1.712875E+7,  7.055327E-5
1.713500E+7,  1.944788E-5
1.714125E+7,  5.969033E-5
1.714750E+7,  4.313514E-5
1.715375E+7,  7.136911E-5
1.716000E+7,  4.925579E-5
1.716625E+7,  4.185922E-5
1.717250E+7,  4.676543E-5
1.717875E+7,  6.925315E-5
1.718500E+7,  1.185350E-4
1.719125E+7,  3.085658E-5
1.719750E+7,  1.860410E-5
1.720375E+7,  1.336411E-4
1.721000E+7,  1.452491E-5
1.721625E+7,  4.228950E-5
1.722250E+7,  9.228662E-5
1.722875E+7,  3.953278E-5
1.723500E+7,  2.114754E-5
1.724125E+7,  6.286055E-5
1.724750E+7,  9.020418E-5
1.725375E+7,  6.496906E-5
1.726000E+7,  4.426576E-5
1.726625E+7,  6.347522E-5
1.727250E+7,  4.512444E-5
1.727875E+7,  4.426949E-5
1.728500E+7,  5.841441E-5
1.729125E+7,  1.056641E-4
1.729750E+7,  3.485382E-5
1.730375E+7,  4.115514E-5
1.731000E+7,  1.290962E-4
1.731625E+7,  1.090653E-4
1.732250E+7,  4.083849E-5
1.732875E+7,  6.863102E-5
1.733500E+7,  6.502494E-5
1.734125E+7,  8.473545E-5
1.734750E+7,  9.027869E-5
1.735375E+7,  6.718561E-5
1.736000E+7,  4.433468E-5
1.736625E+7,  1.228079E-4
1.737250E+7,  3.954023E-5
1.737875E+7,  4.366972E-5
1.738500E+7,  7.702410E-5
1.739125E+7,  9.693578E-5
1.739750E+7,  6.510410E-6
1.740375E+7,  8.227304E-6
1.741000E+7,  6.647408E-5
1.741625E+7,  7.373095E-5
1.742250E+7,  1.391992E-4
1.742875E+7,  9.324774E-5
1.743500E+7,  1.087710E-4
1.744125E+7,  1.772307E-5
1.744750E+7,  1.194924E-4
1.745375E+7,  1.690164E-4
1.746000E+7,  7.716566E-5
1.746625E+7,  7.774681E-5
1.747250E+7,  9.363890E-5
1.747875E+7,  7.948652E-5
1.748500E+7,  9.696186E-5
1.749125E+7,  7.210299E-5
1.749750E+7,  2.490636E-5
1.750375E+7,  4.553050E-5
1.751000E+7,  8.231401E-5
1.751625E+7,  5.533919E-5
1.752250E+7,  6.576627E-5
1.752875E+7,  4.126132E-5
1.753500E+7,  7.498264E-5
1.754125E+7,  8.418784E-5
1.754750E+7,  2.610590E-5
1.755375E+7,  5.261041E-5
1.756000E+7,  3.967807E-5
1.756625E+7,  7.092580E-5
1.757250E+7,  8.125231E-5
1.757875E+7,  5.812757E-5
1.758500E+7,  7.128716E-5
1.759125E+7,  8.645281E-5
1.759750E+7,  9.574741E-5
1.760375E+7,  4.179217E-5
1.761000E+7,  5.263835E-5
1.761625E+7,  4.445575E-5
1.762250E+7,  7.317960E-5
1.762875E+7,  2.689939E-5
1.763500E+7,  6.658956E-5
1.764125E+7,  6.743893E-5
1.764750E+7,  1.263618E-4
1.765375E+7,  7.231906E-5
1.766000E+7,  3.158860E-5
1.766625E+7,  3.407896E-5
1.767250E+7,  1.054024E-5
1.767875E+7,  8.811802E-5
1.768500E+7,  1.349598E-4
1.769125E+7,  1.705512E-4
1.769750E+7,  8.367375E-5
1.770375E+7,  9.948015E-5
1.771000E+7,  5.845679E-6
1.771625E+7,  8.689240E-5
1.772250E+7,  1.141764E-4
1.772875E+7,  4.576147E-5
1.773500E+7,  6.847084E-5
1.774125E+7,  1.308182E-5
1.774750E+7,  5.545653E-5
1.775375E+7,  1.754984E-5
1.776000E+7,  1.135841E-4
1.776625E+7,  2.028644E-4
1.777250E+7,  1.115240E-4
1.777875E+7,  1.360923E-4
1.778500E+7,  1.511797E-4
1.779125E+7,  1.763850E-4
1.779750E+7,  7.243827E-5
1.780375E+7,  8.243322E-5
1.781000E+7,  8.197501E-5
1.781625E+7,  7.318333E-5
1.782250E+7,  6.461889E-5
1.782875E+7,  8.195266E-5
1.783500E+7,  5.267188E-5
1.784125E+7,  3.853627E-5
1.784750E+7,  1.035966E-4
1.785375E+7,  7.706508E-5
1.786000E+7,  5.525351E-5
1.786625E+7,  3.854558E-5
1.787250E+7,  5.236454E-5
1.787875E+7,  1.122653E-4
1.788500E+7,  5.657785E-5
1.789125E+7,  2.415106E-5
1.789750E+7,  5.403347E-5
1.790375E+7,  5.863141E-6
1.791000E+7,  1.759175E-5
1.791625E+7,  4.267879E-5
1.792250E+7,  7.970631E-5
1.792875E+7,  6.471202E-5
1.793500E+7,  5.977973E-5
1.794125E+7,  9.716302E-5
1.794750E+7,  3.519095E-5
1.795375E+7,  6.314367E-5
1.796000E+7,  9.749457E-5
1.796625E+7,  5.120225E-5
1.797250E+7,  2.366398E-5
1.797875E+7,  6.454438E-5
1.798500E+7,  4.358962E-5
1.799125E+7,  7.197633E-5
1.799750E+7,  6.514415E-5
1.800375E+7,  2.507679E-5
1.801000E+7,  1.089945E-4
1.801625E+7,  1.065992E-4
1.802250E+7,  1.365170E-4
1.802875E+7,  1.467811E-5
1.803500E+7,  5.906448E-5
1.804125E+7,  5.868822E-5
1.804750E+7,  6.482005E-5
1.805375E+7,  6.595626E-5
1.806000E+7,  1.127757E-4
1.806625E+7,  1.088381E-4
1.807250E+7,  8.071959E-5
1.807875E+7,  7.906556E-5
1.808500E+7,  3.280491E-5
1.809125E+7,  7.914007E-5
1.809750E+7,  1.036897E-4
1.810375E+7,  1.042224E-4
1.811000E+7,  2.507772E-5
1.811625E+7,  2.140179E-4
1.812250E+7,  4.594959E-5
1.812875E+7,  2.116244E-5
1.813500E+7,  4.735403E-5
1.814125E+7,  4.848838E-5
1.814750E+7,  9.479746E-5
1.815375E+7,  9.198487E-5
1.816000E+7,  1.124777E-4
1.816625E+7,  5.523488E-5
1.817250E+7,  6.702170E-5
1.817875E+7,  7.356331E-5
1.818500E+7,  7.627159E-5
1.819125E+7,  7.107109E-5
1.819750E+7,  7.845089E-5
1.820375E+7,  8.245185E-5
1.821000E+7,  6.060116E-5
1.821625E+7,  2.893340E-5
1.822250E+7,  1.043901E-4
1.822875E+7,  1.338422E-4
1.823500E+7,  7.652119E-5
1.824125E+7,  5.035289E-5
1.824750E+7,  7.207692E-5
1.825375E+7,  8.000433E-5
1.826000E+7,  7.108226E-5
1.826625E+7,  8.488819E-5
1.827250E+7,  2.370495E-5
1.827875E+7,  2.631452E-5
1.828500E+7,  1.132190E-4
1.829125E+7,  1.378804E-4
1.829750E+7,  5.260855E-5
1.830375E+7,  6.062910E-5
1.831000E+7,  6.709993E-5
1.831625E+7,  2.712291E-5
1.832250E+7,  2.143253E-5
1.832875E+7,  1.884811E-5
1.833500E+7,  3.075041E-5
1.834125E+7,  3.542379E-5
1.834750E+7,  7.110089E-5
1.835375E+7,  4.795752E-5
1.836000E+7,  6.063841E-5
1.836625E+7,  1.767464E-5
1.837250E+7,  1.585670E-5
1.837875E+7,  6.370991E-5
1.838500E+7,  8.251891E-5
1.839125E+7,  6.145611E-5
1.839750E+7,  4.749559E-5
1.840375E+7,  2.945494E-5
1.841000E+7,  9.508803E-5
1.841625E+7,  1.086406E-4
1.842250E+7,  1.302510E-4
1.842875E+7,  4.765205E-5
1.843500E+7,  4.752725E-5
1.844125E+7,  5.507283E-5
1.844750E+7,  2.636015E-5
1.845375E+7,  3.439188E-5
1.846000E+7,  9.723380E-5
1.846625E+7,  7.097051E-5
1.847250E+7,  1.126304E-4
1.847875E+7,  1.521483E-4
1.848500E+7,  9.652227E-5
1.849125E+7,  5.539134E-5
1.849750E+7,  7.864088E-5
1.850375E+7,  1.426116E-4
1.851000E+7,  9.404123E-5
1.851625E+7,  1.808032E-4
1.852250E+7,  6.017275E-5
1.852875E+7,  6.723404E-5
1.853500E+7,  7.399917E-5
1.854125E+7,  3.190897E-5
1.854750E+7,  5.698577E-5
1.855375E+7,  1.111515E-4
1.856000E+7,  1.116619E-4