SAVED BY: 
TITLE: 
COMMENTS: 
DATE: 10/27/2020
TIME: 2:30 PM

STIMULUS, RESPONSE

8.560000E+6,  1.406223E-4
8.566250E+6,  1.738816E-4
8.572500E+6,  1.837909E-4
8.578750E+6,  1.790300E-4
8.585000E+6,  1.901463E-4
8.591250E+6,  1.664087E-4
8.597500E+6,  1.630932E-4
8.603750E+6,  1.801625E-4
8.610000E+6,  1.645163E-4
8.616250E+6,  1.739487E-4
8.622500E+6,  1.741126E-4
8.628750E+6,  1.850426E-4
8.635000E+6,  1.741424E-4
8.641250E+6,  1.742989E-4
8.647500E+6,  1.573935E-4
8.653750E+6,  1.644567E-4
8.660000E+6,  1.409724E-4
8.666250E+6,  1.695603E-4
8.672500E+6,  1.809895E-4
8.678750E+6,  1.901314E-4
8.685000E+6,  1.535714E-4
8.691250E+6,  1.787543E-4
8.697500E+6,  1.537874E-4
8.703750E+6,  1.739711E-4
8.710000E+6,  1.647025E-4
8.716250E+6,  1.773536E-4
8.722500E+6,  1.552999E-4
8.728750E+6,  1.741946E-4
8.735000E+6,  1.654327E-4
8.741250E+6,  1.681373E-4
8.747500E+6,  1.752228E-4
8.753750E+6,  1.756847E-4
8.760000E+6,  1.756996E-4
8.766250E+6,  1.835972E-4
8.772500E+6,  1.646653E-4
8.778750E+6,  1.818463E-4
8.785000E+6,  1.582950E-4
8.791250E+6,  1.696348E-4
8.797500E+6,  1.797155E-4
8.803750E+6,  1.790673E-4
8.810000E+6,  1.745597E-4
8.816250E+6,  1.915097E-4
8.822500E+6,  1.636595E-4
8.828750E+6,  1.848266E-4
8.835000E+6,  1.976341E-4
8.841250E+6,  1.896694E-4
8.847500E+6,  1.876056E-4
8.853750E+6,  1.789033E-4
8.860000E+6,  1.959279E-4
8.866250E+6,  1.802817E-4
8.872500E+6,  1.739636E-4
8.878750E+6,  1.863316E-4
8.885000E+6,  1.946092E-4
8.891250E+6,  1.851022E-4
8.897500E+6,  1.896396E-4
8.903750E+6,  1.911819E-4
8.910000E+6,  1.756921E-4
8.916250E+6,  2.009198E-4
8.922500E+6,  1.948476E-4
8.928750E+6,  1.901910E-4
8.935000E+6,  1.994520E-4
8.941250E+6,  1.794398E-4
8.947500E+6,  1.869872E-4
8.953750E+6,  1.946166E-4
8.960000E+6,  1.635924E-4
8.966250E+6,  2.011955E-4
8.972500E+6,  1.950264E-4
8.978750E+6,  1.757592E-4
8.985000E+6,  1.889840E-4
8.991250E+6,  1.946315E-4
8.997500E+6,  1.865476E-4
9.003750E+6,  2.010167E-4
9.010000E+6,  1.868680E-4
9.016250E+6,  2.021417E-4
9.022500E+6,  2.060309E-4
9.028750E+6,  1.969784E-4
9.035000E+6,  1.966357E-4
9.041250E+6,  2.060160E-4
9.047500E+6,  1.699030E-4
9.053750E+6,  2.083853E-4
9.060000E+6,  1.945347E-4
9.066250E+6,  1.927838E-4
9.072500E+6,  2.089143E-4
9.078750E+6,  1.837462E-4
9.085000E+6,  1.889169E-4
9.091250E+6,  2.075955E-4
9.097500E+6,  1.754910E-4
9.103750E+6,  2.220944E-4
9.110000E+6,  1.950637E-4
9.116250E+6,  2.086163E-4
9.122500E+6,  2.231076E-4
9.128750E+6,  1.969486E-4
9.135000E+6,  2.006963E-4
9.141250E+6,  2.013072E-4
9.147500E+6,  1.854599E-4
9.153750E+6,  2.230108E-4
9.160000E+6,  2.067238E-4
9.166250E+6,  2.064854E-4
9.172500E+6,  1.814067E-4
9.178750E+6,  2.265498E-4
9.185000E+6,  2.030060E-4
9.191250E+6,  1.891181E-4
9.197500E+6,  2.171993E-4
9.203750E+6,  2.085716E-4
9.210000E+6,  1.998022E-4
9.216250E+6,  2.165213E-4
9.222500E+6,  2.136752E-4
9.228750E+6,  2.243668E-4
9.235000E+6,  2.262518E-4
9.241250E+6,  2.009347E-4
9.247500E+6,  2.263337E-4
9.253750E+6,  2.206713E-4
9.260000E+6,  2.029240E-4
9.266250E+6,  2.184957E-4
9.272500E+6,  1.972020E-4
9.278750E+6,  2.224594E-4
9.285000E+6,  2.048537E-4
9.291250E+6,  2.148598E-4
9.297500E+6,  2.028346E-4
9.303750E+6,  2.112389E-4
9.310000E+6,  2.010986E-4
9.316250E+6,  2.188087E-4
9.322500E+6,  2.088547E-4
9.328750E+6,  2.253652E-4
9.335000E+6,  2.209991E-4
9.341250E+6,  2.149269E-4
9.347500E+6,  2.247468E-4
9.353750E+6,  2.111122E-4
9.360000E+6,  2.072155E-4
9.366250E+6,  2.124459E-4
9.372500E+6,  2.072975E-4
9.378750E+6,  2.156273E-4
9.385000E+6,  2.091900E-4
9.391250E+6,  2.167299E-4
9.397500E+6,  2.382547E-4
9.403750E+6,  2.203286E-4
9.410000E+6,  2.480894E-4
9.416250E+6,  2.389103E-4
9.422500E+6,  2.267361E-4
9.428750E+6,  2.423897E-4
9.435000E+6,  2.268553E-4
9.441250E+6,  2.444983E-4
9.447500E+6,  2.268553E-4
9.453750E+6,  2.286509E-4
9.460000E+6,  2.267510E-4
9.466250E+6,  2.227426E-4
9.472500E+6,  2.113208E-4
9.478750E+6,  2.409592E-4
9.485000E+6,  2.308413E-4
9.491250E+6,  2.247170E-4
9.497500E+6,  2.247989E-4
9.503750E+6,  2.451837E-4
9.510000E+6,  2.314597E-4
9.516250E+6,  2.425313E-4
9.522500E+6,  2.328306E-4
9.528750E+6,  2.311617E-4
9.535000E+6,  2.485961E-4
9.541250E+6,  2.525300E-4
9.547500E+6,  2.333745E-4
9.553750E+6,  2.426654E-4
9.560000E+6,  2.444237E-4
9.566250E+6,  2.387986E-4
9.572500E+6,  2.428666E-4
9.578750E+6,  2.582818E-4
9.585000E+6,  2.393723E-4
9.591250E+6,  2.449304E-4
9.597500E+6,  2.448112E-4
9.603750E+6,  2.582520E-4
9.610000E+6,  2.465546E-4
9.616250E+6,  2.345145E-4
9.622500E+6,  2.582222E-4
9.628750E+6,  2.437383E-4
9.635000E+6,  2.485365E-4
9.641250E+6,  2.401322E-4
9.647500E+6,  2.623945E-4
9.653750E+6,  2.511740E-4
9.660000E+6,  2.407208E-4
9.666250E+6,  2.604723E-4
9.672500E+6,  2.563596E-4
9.678750E+6,  2.528429E-4
9.685000E+6,  2.505630E-4
9.691250E+6,  2.589673E-4
9.697500E+6,  2.449453E-4
9.703750E+6,  2.397746E-4
9.710000E+6,  2.550185E-4
9.716250E+6,  2.612621E-4
9.722500E+6,  2.316311E-4
9.728750E+6,  2.427399E-4
9.735000E+6,  2.536178E-4
9.741250E+6,  2.565533E-4
9.747500E+6,  2.352297E-4
9.753750E+6,  2.584010E-4
9.760000E+6,  2.549440E-4
9.766250E+6,  2.643466E-4
9.772500E+6,  2.592504E-4
9.778750E+6,  2.550632E-4
9.785000E+6,  2.612621E-4
9.791250E+6,  2.727658E-4
9.797500E+6,  2.489835E-4
9.803750E+6,  2.660900E-4
9.810000E+6,  2.864450E-4
9.816250E+6,  2.516359E-4
9.822500E+6,  2.575666E-4
9.828750E+6,  2.709031E-4
9.835000E+6,  2.629608E-4
9.841250E+6,  2.759844E-4
9.847500E+6,  2.664626E-4
9.853750E+6,  2.906770E-4
9.860000E+6,  2.870262E-4
9.866250E+6,  2.862364E-4
9.872500E+6,  2.625138E-4
9.878750E+6,  2.695769E-4
9.885000E+6,  2.763867E-4
9.891250E+6,  2.853274E-4
9.897500E+6,  2.787262E-4
9.903750E+6,  2.932698E-4
9.910000E+6,  2.896041E-4
9.916250E+6,  2.908260E-4
9.922500E+6,  2.686977E-4
9.928750E+6,  2.929419E-4
9.935000E+6,  2.822876E-4
9.941250E+6,  2.896488E-4
9.947500E+6,  2.787858E-4
9.953750E+6,  2.843738E-4
9.960000E+6,  2.958328E-4
9.966250E+6,  3.088564E-4
9.972500E+6,  2.975911E-4
9.978750E+6,  2.765059E-4
9.985000E+6,  2.857149E-4
9.991250E+6,  2.858639E-4
9.997500E+6,  2.893806E-4
1.000375E+7,  3.141463E-4
1.001000E+7,  2.876967E-4
1.001625E+7,  2.858490E-4
1.002250E+7,  3.205687E-4
1.002875E+7,  3.077835E-4
1.003500E+7,  3.035367E-4
1.004125E+7,  3.155470E-4
1.004750E+7,  3.014803E-4
1.005375E+7,  2.979487E-4
1.006000E+7,  2.837032E-4
1.006625E+7,  2.999455E-4
1.007250E+7,  3.137589E-4
1.007875E+7,  2.832115E-4
1.008500E+7,  2.959520E-4
1.009125E+7,  3.133565E-4
1.009750E+7,  3.159344E-4
1.010375E+7,  3.008097E-4
1.011000E+7,  3.034920E-4
1.011625E+7,  2.915263E-4
1.012250E+7,  3.089160E-4
1.012875E+7,  3.084242E-4
1.013500E+7,  3.231168E-4
1.014125E+7,  3.356785E-4
1.014750E+7,  3.213286E-4
1.015375E+7,  3.166944E-4
1.016000E+7,  3.261417E-4
1.016625E+7,  3.238469E-4
1.017250E+7,  3.247708E-4
1.017875E+7,  3.246516E-4
1.018500E+7,  3.192574E-4
1.019125E+7,  3.159940E-4
1.019750E+7,  3.166646E-4
1.020375E+7,  3.135502E-4
1.021000E+7,  3.158599E-4
1.021625E+7,  3.139377E-4
1.022250E+7,  3.186464E-4
1.022875E+7,  3.184974E-4
1.023500E+7,  3.060400E-4
1.024125E+7,  3.239512E-4
1.024750E+7,  3.234148E-4
1.025375E+7,  3.288686E-4
1.026000E+7,  3.375709E-4
1.026625E+7,  3.337562E-4
1.027250E+7,  3.094673E-4
1.027875E+7,  3.363639E-4
1.028500E+7,  3.514737E-4
1.029125E+7,  3.689229E-4
1.029750E+7,  3.135502E-4
1.030375E+7,  3.565550E-4
1.031000E+7,  3.514588E-4
1.031625E+7,  3.210604E-4
1.032250E+7,  3.564954E-4
1.032875E+7,  3.637820E-4
1.033500E+7,  3.441721E-4
1.034125E+7,  3.614575E-4
1.034750E+7,  3.390759E-4
1.035375E+7,  3.515184E-4
1.036000E+7,  3.438890E-4
1.036625E+7,  3.642887E-4
1.037250E+7,  3.442615E-4
1.037875E+7,  3.741235E-4
1.038500E+7,  3.565252E-4
1.039125E+7,  3.512502E-4
1.039750E+7,  3.494918E-4
1.040375E+7,  3.490299E-4
1.041000E+7,  3.567934E-4
1.041625E+7,  3.691912E-4
1.042250E+7,  3.669411E-4
1.042875E+7,  3.517568E-4
1.043500E+7,  3.793538E-4
1.044125E+7,  3.644377E-4
1.044750E+7,  3.540367E-4
1.045375E+7,  3.643334E-4
1.046000E+7,  3.642440E-4
1.046625E+7,  3.768504E-4
1.047250E+7,  3.820211E-4
1.047875E+7,  3.870428E-4
1.048500E+7,  3.769249E-4
1.049125E+7,  3.819168E-4
1.049750E+7,  3.900975E-4
1.050375E+7,  3.844202E-4
1.051000E+7,  3.871769E-4
1.051625E+7,  3.928095E-4
1.052250E+7,  3.691167E-4
1.052875E+7,  3.872067E-4
1.053500E+7,  3.942847E-4
1.054125E+7,  3.731847E-4
1.054750E+7,  3.967583E-4
1.055375E+7,  4.049093E-4
1.056000E+7,  3.922731E-4
1.056625E+7,  3.972352E-4
1.057250E+7,  3.950596E-4
1.057875E+7,  4.149377E-4
1.058500E+7,  3.870130E-4
1.059125E+7,  4.034638E-4
1.059750E+7,  3.886968E-4
1.060375E+7,  3.908426E-4
1.061000E+7,  4.027486E-4
1.061625E+7,  4.001558E-4
1.062250E+7,  3.793538E-4
1.062875E+7,  4.153401E-4
1.063500E+7,  4.151314E-4
1.064125E+7,  4.075915E-4
1.064750E+7,  4.043877E-4
1.065375E+7,  4.142970E-4
1.066000E+7,  4.115552E-4
1.066625E+7,  4.122108E-4
1.067250E+7,  4.204959E-4
1.067875E+7,  4.131943E-4
1.068500E+7,  4.092753E-4
1.069125E+7,  4.181564E-4
1.069750E+7,  4.310608E-4
1.070375E+7,  4.218519E-4
1.071000E+7,  4.263073E-4
1.071625E+7,  4.379898E-4
1.072250E+7,  4.305243E-4
1.072875E+7,  4.399270E-4
1.073500E+7,  4.420131E-4
1.074125E+7,  4.337132E-4
1.074750E+7,  4.359186E-4
1.075375E+7,  4.287809E-4
1.076000E+7,  4.322827E-4
1.076625E+7,  4.398227E-4
1.077250E+7,  4.335344E-4
1.077875E+7,  4.435778E-4
1.078500E+7,  4.344881E-4
1.079125E+7,  4.450679E-4
1.079750E+7,  4.414618E-4
1.080375E+7,  4.365295E-4
1.081000E+7,  4.288107E-4
1.081625E+7,  4.694760E-4
1.082250E+7,  4.675537E-4
1.082875E+7,  4.578233E-4
1.083500E+7,  4.534423E-4
1.084125E+7,  4.750490E-4
1.084750E+7,  4.720539E-4
1.085375E+7,  4.673600E-4
1.086000E+7,  4.746765E-4
1.086625E+7,  4.669726E-4
1.087250E+7,  4.821122E-4
1.087875E+7,  4.663616E-4
1.088500E+7,  4.707426E-4
1.089125E+7,  4.816204E-4
1.089750E+7,  4.993081E-4
1.090375E+7,  4.733056E-4
1.091000E+7,  4.552305E-4
1.091625E+7,  5.063117E-4
1.092250E+7,  4.826784E-4
1.092875E+7,  5.004406E-4
1.093500E+7,  4.849583E-4
1.094125E+7,  4.987419E-4
1.094750E+7,  4.810691E-4
1.095375E+7,  5.111992E-4
1.096000E+7,  4.893243E-4
1.096625E+7,  4.854351E-4
1.097250E+7,  5.152822E-4
1.097875E+7,  5.079806E-4
1.098500E+7,  5.234480E-4
1.099125E+7,  4.987717E-4
1.099750E+7,  5.200803E-4
1.100375E+7,  5.048215E-4
1.101000E+7,  4.985929E-4
1.101625E+7,  5.290806E-4
1.102250E+7,  5.108416E-4
1.102875E+7,  5.201697E-4
1.103500E+7,  5.104244E-4
1.104125E+7,  5.233288E-4
1.104750E+7,  5.301833E-4
1.105375E+7,  5.442500E-4
1.106000E+7,  5.391836E-4
1.106625E+7,  5.524755E-4
1.107250E+7,  5.216002E-4
1.107875E+7,  5.357563E-4
1.108500E+7,  5.385876E-4
1.109125E+7,  5.380809E-4
1.109750E+7,  5.528331E-4
1.110375E+7,  5.448461E-4
1.111000E+7,  5.465448E-4
1.111625E+7,  5.458891E-4
1.112250E+7,  5.604625E-4
1.112875E+7,  5.394220E-4
1.113500E+7,  5.661547E-4
1.114125E+7,  5.497038E-4
1.114750E+7,  5.843639E-4
1.115375E+7,  5.601645E-4
1.116000E+7,  5.683303E-4
1.116625E+7,  5.712807E-4
1.117250E+7,  5.741417E-4
1.117875E+7,  5.847812E-4
1.118500E+7,  5.980134E-4
1.119125E+7,  5.970001E-4
1.119750E+7,  5.885363E-4
1.120375E+7,  6.140172E-4
1.121000E+7,  6.363392E-4
1.121625E+7,  6.496906E-4
1.122250E+7,  6.623268E-4
1.122875E+7,  7.404685E-4
1.123500E+7,  7.863939E-4
1.124125E+7,  7.534623E-4
1.124750E+7,  7.728636E-4
1.125375E+7,  7.533729E-4
1.126000E+7,  7.724166E-4
1.126625E+7,  7.518828E-4
1.127250E+7,  8.173883E-4
1.127875E+7,  7.507503E-4
1.128500E+7,  7.488132E-4
1.129125E+7,  7.303655E-4
1.129750E+7,  6.810427E-4
1.130375E+7,  7.182956E-4
1.131000E+7,  7.310510E-4
1.131625E+7,  7.497966E-4
1.132250E+7,  7.936656E-4
1.132875E+7,  7.705092E-4
1.133500E+7,  7.921755E-4
1.134125E+7,  7.465482E-4
1.134750E+7,  7.413030E-4
1.135375E+7,  7.489920E-4
1.136000E+7,  7.171035E-4
1.136625E+7,  7.796586E-4
1.137250E+7,  7.762611E-4
1.137875E+7,  7.906258E-4
1.138500E+7,  7.759631E-4
1.139125E+7,  7.465184E-4
1.139750E+7,  7.520914E-4
1.140375E+7,  7.454753E-4
1.141000E+7,  7.525682E-4
1.141625E+7,  7.340014E-4
1.142250E+7,  7.533729E-4
1.142875E+7,  8.044541E-4
1.143500E+7,  7.467568E-4
1.144125E+7,  7.638335E-4
1.144750E+7,  8.133650E-4
1.145375E+7,  8.579195E-4
1.146000E+7,  8.662343E-4
1.146625E+7,  8.533597E-4
1.147250E+7,  8.397698E-4
1.147875E+7,  8.334517E-4
1.148500E+7,  8.578300E-4
1.149125E+7,  9.392798E-4
1.149750E+7,  9.432137E-4
1.150375E+7,  9.398758E-4
1.151000E+7,  9.341240E-4
1.151625E+7,  9.384155E-4
1.152250E+7,  9.489357E-4
1.152875E+7,  9.217262E-4
1.153500E+7,  8.470416E-4
1.154125E+7,  9.535253E-4
1.154750E+7,  9.733140E-4
1.155375E+7,  9.626448E-4
1.156000E+7,  1.094699E-3
1.156625E+7,  1.086116E-3
1.157250E+7,  1.079619E-3
1.157875E+7,  1.109064E-3
1.158500E+7,  1.207709E-3
1.159125E+7,  1.074493E-3
1.159750E+7,  1.040399E-3
1.160375E+7,  1.147151E-3
1.161000E+7,  1.124382E-3
1.161625E+7,  1.198411E-3
1.162250E+7,  1.280189E-3
1.162875E+7,  1.496971E-3
1.163500E+7,  1.599848E-3
1.164125E+7,  1.766920E-3
1.164750E+7,  1.989245E-3
1.165375E+7,  1.895964E-3
1.166000E+7,  1.878440E-3
1.166625E+7,  2.050400E-3
1.167250E+7,  1.951754E-3
1.167875E+7,  1.940668E-3
1.168500E+7,  1.916707E-3
1.169125E+7,  2.010465E-3
1.169750E+7,  1.993656E-3
1.170375E+7,  2.071500E-3
1.171000E+7,  2.023697E-3
1.171625E+7,  2.055645E-3
1.172250E+7,  2.048016E-3
1.172875E+7,  2.039433E-3
1.173500E+7,  2.113938E-3
1.174125E+7,  2.106786E-3
1.174750E+7,  2.141118E-3
1.175375E+7,  2.153873E-3
1.176000E+7,  2.164841E-3
1.176625E+7,  2.177119E-3
1.177250E+7,  2.205372E-3
1.177875E+7,  2.168298E-3
1.178500E+7,  2.228141E-3
1.179125E+7,  2.204657E-3
1.179750E+7,  2.254963E-3
1.180375E+7,  2.223849E-3
1.181000E+7,  2.215028E-3
1.181625E+7,  2.189159E-3
1.182250E+7,  2.270460E-3
1.182875E+7,  2.302408E-3
1.183500E+7,  2.368689E-3
1.184125E+7,  2.356648E-3
1.184750E+7,  2.363086E-3
1.185375E+7,  2.417445E-3
1.186000E+7,  2.431154E-3
1.186625E+7,  2.417445E-3
1.187250E+7,  2.447367E-3
1.187875E+7,  2.481222E-3
1.188500E+7,  2.480745E-3
1.189125E+7,  2.502561E-3
1.189750E+7,  2.520800E-3
1.190375E+7,  2.562761E-3
1.191000E+7,  2.542019E-3
1.191625E+7,  2.529263E-3
1.192250E+7,  2.620935E-3
1.192875E+7,  2.570033E-3
1.193500E+7,  2.625585E-3
1.194125E+7,  2.622604E-3
1.194750E+7,  2.681017E-3
1.195375E+7,  2.671480E-3
1.196000E+7,  2.679706E-3
1.196625E+7,  2.723455E-3
1.197250E+7,  2.724051E-3
1.197875E+7,  2.765894E-3
1.198500E+7,  2.827525E-3
1.199125E+7,  2.799511E-3
1.199750E+7,  2.783775E-3
1.200375E+7,  2.834797E-3
1.201000E+7,  2.842665E-3
1.201625E+7,  2.888203E-3
1.202250E+7,  2.885342E-3
1.202875E+7,  2.923489E-3
1.203500E+7,  2.915382E-3
1.204125E+7,  2.864122E-3
1.204750E+7,  2.886295E-3
1.205375E+7,  2.934217E-3
1.206000E+7,  2.941847E-3
1.206625E+7,  3.002524E-3
1.207250E+7,  3.099680E-3
1.207875E+7,  3.012061E-3
1.208500E+7,  3.060460E-3
1.209125E+7,  3.025889E-3
1.209750E+7,  3.081322E-3
1.210375E+7,  3.093481E-3
1.211000E+7,  3.088951E-3
1.211625E+7,  3.191590E-3
1.212250E+7,  3.174067E-3
1.212875E+7,  3.163934E-3
1.213500E+7,  3.202677E-3
1.214125E+7,  3.207326E-3
1.214750E+7,  3.269196E-3
1.215375E+7,  3.275394E-3
1.216000E+7,  3.313303E-3
1.216625E+7,  3.360152E-3
1.217250E+7,  3.377795E-3
1.217875E+7,  3.399253E-3
1.218500E+7,  3.426909E-3
1.219125E+7,  3.469229E-3
1.219750E+7,  3.489852E-3
1.220375E+7,  3.531694E-3
1.221000E+7,  3.564477E-3
1.221625E+7,  3.574491E-3
1.222250E+7,  3.631830E-3
1.222875E+7,  3.638268E-3
1.223500E+7,  3.664017E-3
1.224125E+7,  3.697395E-3
1.224750E+7,  3.733158E-3
1.225375E+7,  3.773451E-3
1.226000E+7,  3.852010E-3
1.226625E+7,  3.783822E-3
1.227250E+7,  3.865719E-3
1.227875E+7,  3.902316E-3
1.228500E+7,  3.958225E-3
1.229125E+7,  4.024506E-3
1.229750E+7,  4.091978E-3
1.230375E+7,  4.131317E-3
1.231000E+7,  4.105806E-3
1.231625E+7,  4.204035E-3
1.232250E+7,  4.184723E-3
1.232875E+7,  4.260302E-3
1.233500E+7,  4.335880E-3
1.234125E+7,  4.320383E-3
1.234750E+7,  4.405022E-3
1.235375E+7,  4.445314E-3
1.236000E+7,  4.496098E-3
1.236625E+7,  4.517317E-3
1.237250E+7,  4.532576E-3
1.237875E+7,  4.621744E-3
1.238500E+7,  4.700184E-3
1.239125E+7,  4.717350E-3
1.239750E+7,  4.737616E-3
1.240375E+7,  4.810810E-3
1.241000E+7,  4.868269E-3
1.241625E+7,  4.917383E-3
1.242250E+7,  5.001545E-3
1.242875E+7,  5.013704E-3
1.243500E+7,  5.122423E-3
1.244125E+7,  5.193949E-3
1.244750E+7,  5.219936E-3
1.245375E+7,  5.307913E-3
1.246000E+7,  5.359650E-3
1.246625E+7,  5.390167E-3
1.247250E+7,  5.427599E-3
1.247875E+7,  5.543947E-3
1.248500E+7,  5.587339E-3
1.249125E+7,  5.699635E-3
1.249750E+7,  5.774975E-3
1.250375E+7,  5.873680E-3
1.251000E+7,  5.905151E-3
1.251625E+7,  5.939722E-3
1.252250E+7,  6.044865E-3
1.252875E+7,  6.118536E-3
1.253500E+7,  6.195068E-3
1.254125E+7,  6.281853E-3
1.254750E+7,  6.360531E-3
1.255375E+7,  6.428719E-3
1.256000E+7,  6.546974E-3
1.256625E+7,  6.623745E-3
1.257250E+7,  6.697416E-3
1.257875E+7,  6.864309E-3
1.258500E+7,  6.886244E-3
1.259125E+7,  7.002354E-3
1.259750E+7,  7.113218E-3
1.260375E+7,  7.181168E-3
1.261000E+7,  7.304430E-3
1.261625E+7,  7.500648E-3
1.262250E+7,  7.476807E-3
1.262875E+7,  7.764816E-3
1.263500E+7,  7.649183E-3
1.264125E+7,  7.895947E-3
1.264750E+7,  8.003712E-3
1.265375E+7,  8.038998E-3
1.266000E+7,  8.267879E-3
1.266625E+7,  8.240223E-3
1.267250E+7,  8.626461E-3
1.267875E+7,  8.769989E-3
1.268500E+7,  9.111404E-3
1.269125E+7,  9.230137E-3
1.269750E+7,  8.847713E-3
1.270375E+7,  8.772850E-3
1.271000E+7,  1.016378E-2
1.271625E+7,  9.430408E-3
1.272250E+7,  9.600163E-3
1.272875E+7,  9.683609E-3
1.273500E+7,  1.006746E-2
1.274125E+7,  1.010609E-2
1.274750E+7,  1.045656E-2
1.275375E+7,  1.040030E-2
1.276000E+7,  1.062727E-2
1.276625E+7,  1.078510E-2
1.277250E+7,  8.024216E-3
1.277875E+7,  1.023102E-2
1.278500E+7,  1.169109E-2
1.279125E+7,  1.222563E-2
1.279750E+7,  1.179934E-2
1.280375E+7,  1.128960E-2
1.281000E+7,  1.048231E-2
1.281625E+7,  1.329374E-2
1.282250E+7,  1.322412E-2
1.282875E+7,  1.311588E-2
1.283500E+7,  1.229715E-2
1.284125E+7,  1.462030E-2
1.284750E+7,  1.449156E-2
1.285375E+7,  1.506853E-2
1.286000E+7,  1.504993E-2
1.286625E+7,  1.574421E-2
1.287250E+7,  1.593208E-2
1.287875E+7,  1.585007E-2
1.288500E+7,  1.579762E-2
1.289125E+7,  1.714993E-2
1.289750E+7,  1.718712E-2
1.290375E+7,  1.707172E-2
1.291000E+7,  1.762009E-2
1.291625E+7,  1.871395E-2
1.292250E+7,  1.659012E-2
1.292875E+7,  1.840973E-2
1.293500E+7,  1.693726E-2
1.294125E+7,  1.784897E-2
1.294750E+7,  1.506472E-2
1.295375E+7,  1.129866E-2
1.296000E+7,  9.088039E-3
1.296625E+7,  8.761406E-3
1.297250E+7,  9.047985E-3
1.297875E+7,  9.205341E-3
1.298500E+7,  9.347439E-3
1.299125E+7,  9.566307E-3
1.299750E+7,  9.775162E-3
1.300375E+7,  9.990692E-3
1.301000E+7,  1.025677E-2
1.301625E+7,  1.046467E-2
1.302250E+7,  1.077557E-2
1.302875E+7,  1.100540E-2
1.303500E+7,  1.130772E-2
1.304125E+7,  1.156425E-2
1.304750E+7,  1.187611E-2
1.305375E+7,  1.214027E-2
1.306000E+7,  1.244354E-2
1.306625E+7,  1.280355E-2
1.307250E+7,  1.315498E-2
1.307875E+7,  1.360798E-2
1.308500E+7,  1.395941E-2
1.309125E+7,  1.438761E-2
1.309750E+7,  1.475286E-2
1.310375E+7,  1.517010E-2
1.311000E+7,  1.562595E-2
1.311625E+7,  1.610374E-2
1.312250E+7,  1.665878E-2
1.312875E+7,  1.721954E-2
1.313500E+7,  1.775932E-2
1.314125E+7,  1.828861E-2
1.314750E+7,  1.894283E-2
1.315375E+7,  1.984787E-2
1.316000E+7,  2.054119E-2
1.316625E+7,  2.126217E-2
1.317250E+7,  2.185059E-2
1.317875E+7,  2.272701E-2
1.318500E+7,  2.353859E-2
1.319125E+7,  2.457333E-2
1.319750E+7,  2.518845E-2
1.320375E+7,  2.613449E-2
1.321000E+7,  2.742672E-2
1.321625E+7,  2.813244E-2
1.322250E+7,  2.923012E-2
1.322875E+7,  3.064823E-2
1.323500E+7,  3.215027E-2
1.324125E+7,  3.392792E-2
1.324750E+7,  3.612137E-2
1.325375E+7,  3.841209E-2
1.326000E+7,  3.985214E-2
1.326625E+7,  4.187775E-2
1.327250E+7,  4.413414E-2
1.327875E+7,  4.680634E-2
1.328500E+7,  4.885292E-2
1.329125E+7,  5.226707E-2
1.329750E+7,  5.487442E-2
1.330375E+7,  5.744743E-2
1.331000E+7,  6.233788E-2
1.331625E+7,  6.599045E-2
1.332250E+7,  7.160187E-2
1.332875E+7,  7.360840E-2
1.333500E+7,  7.602692E-2
1.334125E+7,  7.982254E-2
1.334750E+7,  8.430099E-2
1.335375E+7,  9.146118E-2
1.336000E+7,  9.728622E-2
1.336625E+7,  1.029968E-1
1.337250E+7,  1.121254E-1
1.337875E+7,  1.194839E-1
1.338500E+7,  1.280060E-1
1.339125E+7,  1.399536E-1
1.339750E+7,  1.503677E-1
1.340375E+7,  1.623840E-1
1.341000E+7,  1.765976E-1
1.341625E+7,  1.948929E-1
1.342250E+7,  2.128296E-1
1.342875E+7,  2.357559E-1
1.343500E+7,  2.610626E-1
1.344125E+7,  2.846069E-1
1.344750E+7,  3.152161E-1
1.345375E+7,  3.471375E-1
1.346000E+7,  3.801880E-1
1.346625E+7,  4.178467E-1
1.347250E+7,  4.574127E-1
1.347875E+7,  4.901886E-1
1.348500E+7,  5.160217E-1
1.349125E+7,  5.417786E-1
1.349750E+7,  5.632019E-1
1.350375E+7,  5.837708E-1
1.351000E+7,  5.911865E-1
1.351625E+7,  5.961609E-1
1.352250E+7,  5.998230E-1
1.352875E+7,  6.012268E-1
1.353500E+7,  6.029968E-1
1.354125E+7,  6.018677E-1
1.354750E+7,  6.008301E-1
1.355375E+7,  5.971985E-1
1.356000E+7,  5.892944E-1
1.356625E+7,  5.778503E-1
1.357250E+7,  5.618286E-1
1.357875E+7,  5.423584E-1
1.358500E+7,  5.169067E-1
1.359125E+7,  4.871674E-1
1.359750E+7,  4.546967E-1
1.360375E+7,  4.205017E-1
1.361000E+7,  3.862000E-1
1.361625E+7,  3.534241E-1
1.362250E+7,  3.223419E-1
1.362875E+7,  2.941589E-1
1.363500E+7,  2.684479E-1
1.364125E+7,  2.453537E-1
1.364750E+7,  2.238770E-1
1.365375E+7,  2.054138E-1
1.366000E+7,  1.886063E-1
1.366625E+7,  1.744385E-1
1.367250E+7,  1.608505E-1
1.367875E+7,  1.492081E-1
1.368500E+7,  1.381378E-1
1.369125E+7,  1.283188E-1
1.369750E+7,  1.196823E-1
1.370375E+7,  1.121407E-1
1.371000E+7,  1.049652E-1
1.371625E+7,  9.869385E-2
1.372250E+7,  9.272766E-2
1.372875E+7,  8.733368E-2
1.373500E+7,  8.263016E-2
1.374125E+7,  7.808685E-2
1.374750E+7,  7.397461E-2
1.375375E+7,  7.033920E-2
1.376000E+7,  6.697845E-2
1.376625E+7,  6.377792E-2
1.377250E+7,  6.085396E-2
1.377875E+7,  5.819130E-2
1.378500E+7,  5.559158E-2
1.379125E+7,  5.330467E-2
1.379750E+7,  5.109215E-2
1.380375E+7,  4.905128E-2
1.381000E+7,  4.707336E-2
1.381625E+7,  4.538727E-2
1.382250E+7,  4.365921E-2
1.382875E+7,  4.214287E-2
1.383500E+7,  4.071236E-2
1.384125E+7,  3.926659E-2
1.384750E+7,  3.794861E-2
1.385375E+7,  3.676414E-2
1.386000E+7,  3.557205E-2
1.386625E+7,  3.451920E-2
1.387250E+7,  3.347015E-2
1.387875E+7,  3.252983E-2
1.388500E+7,  3.158760E-2
1.389125E+7,  3.073502E-2
1.389750E+7,  2.988434E-2
1.390375E+7,  2.915096E-2
1.391000E+7,  2.840042E-2
1.391625E+7,  2.767277E-2
1.392250E+7,  2.704144E-2
1.392875E+7,  2.640533E-2
1.393500E+7,  2.581120E-2
1.394125E+7,  2.524662E-2
1.394750E+7,  2.469921E-2
1.395375E+7,  2.421284E-2
1.396000E+7,  2.368927E-2
1.396625E+7,  2.325153E-2
1.397250E+7,  2.283478E-2
1.397875E+7,  2.240753E-2
1.398500E+7,  2.197456E-2
1.399125E+7,  2.167130E-2
1.399750E+7,  2.129841E-2
1.400375E+7,  2.095699E-2
1.401000E+7,  2.065182E-2
1.401625E+7,  2.031803E-2
1.402250E+7,  2.006435E-2
1.402875E+7,  1.981449E-2
1.403500E+7,  1.955032E-2
1.404125E+7,  1.932621E-2
1.404750E+7,  1.911068E-2
1.405375E+7,  1.891613E-2
1.406000E+7,  1.870441E-2
1.406625E+7,  1.853561E-2
1.407250E+7,  1.838875E-2
1.407875E+7,  1.825809E-2
1.408500E+7,  1.814365E-2
1.409125E+7,  1.799583E-2
1.409750E+7,  1.790047E-2
1.410375E+7,  1.778698E-2
1.411000E+7,  1.771832E-2
1.411625E+7,  1.764488E-2
1.412250E+7,  1.764584E-2
1.412875E+7,  1.756573E-2
1.413500E+7,  1.755619E-2
1.414125E+7,  1.753902E-2
1.414750E+7,  1.758003E-2
1.415375E+7,  1.765823E-2
1.416000E+7,  1.767159E-2
1.416625E+7,  1.776314E-2
1.417250E+7,  1.784039E-2
1.417875E+7,  1.793957E-2
1.418500E+7,  1.806355E-2
1.419125E+7,  1.824188E-2
1.419750E+7,  1.846981E-2
1.420375E+7,  1.864433E-2
1.421000E+7,  1.891613E-2
1.421625E+7,  1.917744E-2
1.422250E+7,  1.950645E-2
1.422875E+7,  1.989365E-2
1.423500E+7,  2.026749E-2
1.424125E+7,  2.070904E-2
1.424750E+7,  2.126598E-2
1.425375E+7,  2.185535E-2
1.426000E+7,  2.252102E-2
1.426625E+7,  2.329159E-2
1.427250E+7,  2.414894E-2
1.427875E+7,  2.513409E-2
1.428500E+7,  2.627659E-2
1.429125E+7,  2.764034E-2
1.429750E+7,  2.918339E-2
1.430375E+7,  3.099442E-2
1.431000E+7,  3.313828E-2
1.431625E+7,  3.571510E-2
1.432250E+7,  3.878021E-2
1.432875E+7,  4.242706E-2
1.433500E+7,  4.682732E-2
1.434125E+7,  5.197716E-2
1.434750E+7,  5.776596E-2
1.435375E+7,  6.360245E-2
1.436000E+7,  6.799316E-2
1.436625E+7,  6.926727E-2
1.437250E+7,  6.615067E-2
1.437875E+7,  5.968094E-2
1.438500E+7,  5.203438E-2
1.439125E+7,  4.466438E-2
1.439750E+7,  3.842354E-2
1.440375E+7,  3.329659E-2
1.441000E+7,  2.901268E-2
1.441625E+7,  2.550125E-2
1.442250E+7,  2.262497E-2
1.442875E+7,  2.022552E-2
1.443500E+7,  1.821613E-2
1.444125E+7,  1.646900E-2
1.444750E+7,  1.495886E-2
1.445375E+7,  1.368237E-2
1.446000E+7,  1.256561E-2
1.446625E+7,  1.158619E-2
1.447250E+7,  1.071167E-2
1.447875E+7,  9.913921E-3
1.448500E+7,  9.209156E-3
1.449125E+7,  8.605957E-3
1.449750E+7,  8.033276E-3
1.450375E+7,  7.532120E-3
1.451000E+7,  7.062912E-3
1.451625E+7,  6.631374E-3
1.452250E+7,  6.239891E-3
1.452875E+7,  5.884647E-3
1.453500E+7,  5.551338E-3
1.454125E+7,  5.265713E-3
1.454750E+7,  4.986763E-3
1.455375E+7,  4.732609E-3
1.456000E+7,  4.480600E-3
1.456625E+7,  4.251480E-3
1.457250E+7,  4.044294E-3
1.457875E+7,  3.865957E-3
1.458500E+7,  3.664017E-3
1.459125E+7,  3.509521E-3
1.459750E+7,  3.354430E-3
1.460375E+7,  3.182650E-3
1.461000E+7,  3.044605E-3
1.461625E+7,  2.928972E-3
1.462250E+7,  2.806664E-3
1.462875E+7,  2.698660E-3
1.463500E+7,  2.552271E-3
1.464125E+7,  2.465010E-3
1.464750E+7,  2.348542E-3
1.465375E+7,  2.269983E-3
1.466000E+7,  2.161503E-3
1.466625E+7,  2.084613E-3
1.467250E+7,  2.003551E-3
1.467875E+7,  1.922071E-3
1.468500E+7,  1.850843E-3
1.469125E+7,  1.785815E-3
1.469750E+7,  1.721084E-3
1.470375E+7,  1.648426E-3
1.471000E+7,  1.582861E-3
1.471625E+7,  1.525700E-3
1.472250E+7,  1.468062E-3
1.472875E+7,  1.430988E-3
1.473500E+7,  1.386821E-3
1.474125E+7,  1.329720E-3
1.474750E+7,  1.294553E-3
1.475375E+7,  1.242578E-3
1.476000E+7,  1.204491E-3
1.476625E+7,  1.147509E-3
1.477250E+7,  1.111805E-3
1.477875E+7,  1.075566E-3
1.478500E+7,  1.046300E-3
1.479125E+7,  9.950995E-4
1.479750E+7,  9.589195E-4
1.480375E+7,  9.374619E-4
1.481000E+7,  9.165704E-4
1.481625E+7,  8.948743E-4
1.482250E+7,  8.588433E-4
1.482875E+7,  8.151829E-4
1.483500E+7,  8.082092E-4
1.484125E+7,  7.796288E-4
1.484750E+7,  7.433891E-4
1.485375E+7,  7.292330E-4
1.486000E+7,  7.142425E-4
1.486625E+7,  7.070601E-4
1.487250E+7,  6.715059E-4
1.487875E+7,  6.345212E-4
1.488500E+7,  6.127954E-4
1.489125E+7,  6.131828E-4
1.489750E+7,  5.840063E-4
1.490375E+7,  5.836785E-4
1.491000E+7,  5.622506E-4
1.491625E+7,  5.117655E-4
1.492250E+7,  5.340874E-4
1.492875E+7,  5.123913E-4
1.493500E+7,  4.830062E-4
1.494125E+7,  4.972816E-4
1.494750E+7,  4.617274E-4
1.495375E+7,  4.619360E-4
1.496000E+7,  4.401654E-4
1.496625E+7,  4.334748E-4
1.497250E+7,  4.183054E-4
1.497875E+7,  4.112571E-4
1.498500E+7,  3.824532E-4
1.499125E+7,  3.892034E-4
1.499750E+7,  3.893822E-4
1.500375E+7,  3.387779E-4
1.501000E+7,  3.599823E-4
1.501625E+7,  3.466159E-4
1.502250E+7,  3.391653E-4
1.502875E+7,  3.191680E-4
1.503500E+7,  3.183633E-4
1.504125E+7,  3.030449E-4
1.504750E+7,  2.966523E-4
1.505375E+7,  2.909005E-4
1.506000E+7,  2.813935E-4
1.506625E+7,  3.038645E-4
1.507250E+7,  2.668500E-4
1.507875E+7,  2.605766E-4
1.508500E+7,  2.663583E-4
1.509125E+7,  2.512038E-4
1.509750E+7,  2.145916E-4
1.510375E+7,  2.243444E-4
1.511000E+7,  2.362877E-4
1.511625E+7,  2.247989E-4
1.512250E+7,  2.168640E-4
1.512875E+7,  1.920834E-4
1.513500E+7,  2.219528E-4
1.514125E+7,  1.929030E-4
1.514750E+7,  1.792163E-4
1.515375E+7,  1.925007E-4
1.516000E+7,  1.928881E-4
1.516625E+7,  1.706704E-4
1.517250E+7,  1.629889E-4
1.517875E+7,  1.923814E-4
1.518500E+7,  1.778975E-4
1.519125E+7,  1.566559E-4
1.519750E+7,  1.415759E-4
1.520375E+7,  1.501963E-4
1.521000E+7,  1.264587E-4
1.521625E+7,  1.339018E-4
1.522250E+7,  1.569092E-4
1.522875E+7,  1.346394E-4
1.523500E+7,  1.588687E-4
1.524125E+7,  1.346245E-4
1.524750E+7,  1.316071E-4
1.525375E+7,  1.349971E-4
1.526000E+7,  1.284108E-4
1.526625E+7,  1.218319E-4
1.527250E+7,  1.249462E-4
1.527875E+7,  1.089051E-4
1.528500E+7,  1.103692E-4
1.529125E+7,  1.160838E-4
1.529750E+7,  1.116954E-4
1.530375E+7,  1.151375E-4
1.531000E+7,  1.007579E-4
1.531625E+7,  1.208819E-4
1.532250E+7,  9.175763E-5
1.532875E+7,  9.948760E-5
1.533500E+7,  7.020310E-5
1.534125E+7,  8.587167E-5
1.534750E+7,  7.913262E-5
1.535375E+7,  9.306520E-5
1.536000E+7,  9.150803E-5
1.536625E+7,  7.773563E-5
1.537250E+7,  7.864460E-5
1.537875E+7,  7.940829E-5
1.538500E+7,  6.879866E-5
1.539125E+7,  7.248297E-5
1.539750E+7,  7.721037E-5
1.540375E+7,  5.515106E-5
1.541000E+7,  8.657947E-5
1.541625E+7,  8.069724E-5
1.542250E+7,  9.632856E-5
1.542875E+7,  7.285923E-5
1.543500E+7,  3.357604E-5
1.544125E+7,  6.818026E-5
1.544750E+7,  5.965680E-5
1.545375E+7,  7.283315E-5
1.546000E+7,  7.972494E-5
1.546625E+7,  6.834045E-5
1.547250E+7,  4.251860E-5
1.547875E+7,  5.301274E-5
1.548500E+7,  6.594136E-5
1.549125E+7,  5.938299E-5
1.549750E+7,  6.200746E-5
1.550375E+7,  5.460531E-5
1.551000E+7,  2.695341E-5
1.551625E+7,  5.521066E-5
1.552250E+7,  3.536418E-5
1.552875E+7,  6.809458E-5
1.553500E+7,  2.913643E-5
1.554125E+7,  1.792982E-5
1.554750E+7,  5.619414E-5
1.555375E+7,  4.328229E-5
1.556000E+7,  4.085898E-5
1.556625E+7,  6.948411E-5
1.557250E+7,  3.865920E-5
1.557875E+7,  6.371737E-5
1.558500E+7,  4.260428E-5
1.559125E+7,  1.472421E-5
1.559750E+7,  3.460422E-5
1.560375E+7,  2.442952E-5
1.561000E+7,  3.463030E-5
1.561625E+7,  5.971827E-5
1.562250E+7,  1.140172E-5
1.562875E+7,  3.497116E-5
1.563500E+7,  1.638941E-5
1.564125E+7,  2.204161E-5
1.564750E+7,  3.076531E-5
1.565375E+7,  4.165620E-5
1.566000E+7,  1.912471E-5
1.566625E+7,  3.857771E-6
1.567250E+7,  1.088763E-5
1.567875E+7,  3.086217E-5
1.568500E+7,  3.270991E-5
1.569125E+7,  1.710840E-5
1.569750E+7,  3.148615E-5
1.570375E+7,  8.525793E-6
1.571000E+7,  1.896825E-5
1.571625E+7,  2.400856E-5
1.572250E+7,  3.138185E-5
1.572875E+7,  8.502044E-6
1.573500E+7,  3.792113E-6
1.574125E+7,  2.727099E-5
1.574750E+7,  6.375274E-10
1.575375E+7,  2.541579E-5
1.576000E+7,  1.691654E-5
1.576625E+7,  7.592142E-6
1.577250E+7,  1.695380E-5
1.577875E+7,  4.797615E-5
1.578500E+7,  2.546143E-5
1.579125E+7,  1.896452E-5
1.579750E+7,  7.575145E-6
1.580375E+7,  1.068832E-5
1.581000E+7,  6.353105E-10
1.581625E+7,  1.885928E-5
1.582250E+7,  1.555495E-5
1.582875E+7,  1.356937E-5
1.583500E+7,  1.553539E-5
1.584125E+7,  1.067296E-5
1.584750E+7,  1.360150E-5
1.585375E+7,  2.260320E-5
1.586000E+7,  2.129655E-5
1.586625E+7,  3.033876E-5
1.587250E+7,  1.880899E-5
1.587875E+7,  7.519498E-6
1.588500E+7,  1.502642E-5
1.589125E+7,  1.063664E-5
1.589750E+7,  2.372172E-5
1.590375E+7,  1.677871E-5
1.591000E+7,  2.374128E-5
1.591625E+7,  1.677033E-5
1.592250E+7,  1.677405E-5
1.592875E+7,  1.499197E-5
1.593500E+7,  8.377712E-6
1.594125E+7,  1.497986E-5
1.594750E+7,  6.295409E-10
1.595375E+7,  1.058402E-5
1.596000E+7,  2.509262E-5
1.596625E+7,  6.291714E-10
1.597250E+7,  1.059240E-5
1.597875E+7,  1.498172E-5
1.598500E+7,  4.187226E-5
1.599125E+7,  2.700556E-5
1.599750E+7,  1.058681E-5
1.600375E+7,  9.734929E-5
1.601000E+7,  5.264767E-5
1.601625E+7,  4.900619E-5
1.602250E+7,  1.079813E-4
1.602875E+7,  5.484372E-5
1.603500E+7,  9.901077E-5
1.604125E+7,  1.301020E-4
1.604750E+7,  4.668534E-5
1.605375E+7,  1.964718E-4
1.606000E+7,  9.584799E-5
1.606625E+7,  5.995482E-5
1.607250E+7,  1.254976E-4
1.607875E+7,  1.619756E-4
1.608500E+7,  3.866665E-5
1.609125E+7,  1.205280E-4
1.609750E+7,  1.058616E-4
1.610375E+7,  9.549409E-5
1.611000E+7,  1.519471E-4
1.611625E+7,  7.551163E-5
1.612250E+7,  6.718934E-5
1.612875E+7,  1.387745E-4
1.613500E+7,  4.018284E-5
1.614125E+7,  3.492646E-5
1.614750E+7,  7.173419E-5
1.615375E+7,  1.034094E-5
1.616000E+7,  2.088863E-5
1.616625E+7,  6.912649E-5
1.617250E+7,  8.121878E-5
1.617875E+7,  2.090540E-5
1.618500E+7,  5.719066E-5
1.619125E+7,  1.746882E-5
1.619750E+7,  6.554648E-5
1.620375E+7,  4.376285E-5
1.621000E+7,  4.908815E-5
1.621625E+7,  8.644164E-5
1.622250E+7,  6.056949E-5
1.622875E+7,  2.872851E-5
1.623500E+7,  7.108599E-5
1.624125E+7,  8.640811E-5
1.624750E+7,  1.099519E-4
1.625375E+7,  8.638576E-5
1.626000E+7,  5.136989E-5
1.626625E+7,  6.421702E-6
1.627250E+7,  1.131743E-4
1.627875E+7,  1.181923E-4
1.628500E+7,  4.779361E-5
1.629125E+7,  4.677474E-5
1.629750E+7,  1.027584E-4
1.630375E+7,  1.362637E-4
1.631000E+7,  1.084432E-4
1.631625E+7,  1.035370E-4
1.632250E+7,  7.181615E-5
1.632875E+7,  1.545772E-4
1.633500E+7,  4.630163E-5
1.634125E+7,  1.723599E-5
1.634750E+7,  1.032911E-4
1.635375E+7,  5.854294E-5
1.636000E+7,  1.117960E-4
1.636625E+7,  1.731664E-4
1.637250E+7,  9.550154E-5
1.637875E+7,  6.083213E-5
1.638500E+7,  1.336262E-4
1.639125E+7,  4.741549E-5
1.639750E+7,  6.193295E-5
1.640375E+7,  1.056679E-4
1.641000E+7,  5.661882E-5
1.641625E+7,  6.704032E-5
1.642250E+7,  2.299715E-5
1.642875E+7,  6.194413E-5
1.643500E+7,  1.441985E-4
1.644125E+7,  7.532910E-5
1.644750E+7,  1.123026E-4
1.645375E+7,  2.587121E-5
1.646000E+7,  7.543713E-5
1.646625E+7,  9.362772E-5
1.647250E+7,  9.984151E-5
1.647875E+7,  3.353693E-5
1.648500E+7,  2.072286E-5
1.649125E+7,  8.760765E-5
1.649750E+7,  2.094544E-5
1.650375E+7,  5.025789E-5
1.651000E+7,  3.218465E-5
1.651625E+7,  5.311333E-5
1.652250E+7,  1.004897E-4
1.652875E+7,  1.756102E-4
1.653500E+7,  2.442114E-5
1.654125E+7,  6.795302E-5
1.654750E+7,  5.092844E-5
1.655375E+7,  8.810312E-5
1.656000E+7,  4.030764E-5
1.656625E+7,  8.680671E-5
1.657250E+7,  1.198500E-4
1.657875E+7,  8.562580E-5
1.658500E+7,  1.093410E-4
1.659125E+7,  5.792640E-5
1.659750E+7,  5.992502E-5
1.660375E+7,  4.894473E-5
1.661000E+7,  3.915094E-5
1.661625E+7,  6.939098E-5
1.662250E+7,  1.751259E-5
1.662875E+7,  1.132265E-4
1.663500E+7,  8.261204E-5
1.664125E+7,  2.897903E-5
1.664750E+7,  1.556873E-4
1.665375E+7,  9.945035E-5
1.666000E+7,  7.843971E-5
1.666625E+7,  2.306793E-5
1.667250E+7,  9.514019E-5
1.667875E+7,  1.823530E-5
1.668500E+7,  3.693625E-5
1.669125E+7,  1.165867E-4
1.669750E+7,  1.049638E-4
1.670375E+7,  1.664013E-4
1.671000E+7,  7.844344E-5
1.671625E+7,  9.555370E-5
1.672250E+7,  1.878887E-4
1.672875E+7,  7.509813E-5
1.673500E+7,  1.575202E-4
1.674125E+7,  7.995218E-5
1.674750E+7,  1.807809E-4
1.675375E+7,  8.666888E-6
1.676000E+7,  1.848023E-5
1.676625E+7,  7.240102E-5
1.677250E+7,  2.381764E-5
1.677875E+7,  4.699454E-5
1.678500E+7,  6.538257E-5
1.679125E+7,  5.111471E-5
1.679750E+7,  6.414950E-5
1.680375E+7,  2.382044E-5
1.681000E+7,  5.478784E-5
1.681625E+7,  4.659407E-5
1.682250E+7,  5.957112E-5
1.682875E+7,  6.771088E-5
1.683500E+7,  6.221607E-5
1.684125E+7,  8.044764E-5
1.684750E+7,  3.369153E-5
1.685375E+7,  7.310882E-5
1.686000E+7,  1.099929E-4
1.686625E+7,  7.030740E-5
1.687250E+7,  2.586283E-5
1.687875E+7,  3.515929E-5
1.688500E+7,  3.479607E-5
1.689125E+7,  6.335229E-5
1.689750E+7,  7.788092E-5
1.690375E+7,  3.270991E-5
1.691000E+7,  5.055405E-5
1.691625E+7,  1.246110E-4
1.692250E+7,  5.811825E-5
1.692875E+7,  6.020628E-5
1.693500E+7,  3.761798E-5
1.694125E+7,  2.386328E-5
1.694750E+7,  2.730917E-5
1.695375E+7,  7.576495E-5
1.696000E+7,  4.633516E-5
1.696625E+7,  3.485382E-5
1.697250E+7,  4.712306E-5
1.697875E+7,  1.338348E-4
1.698500E+7,  5.342066E-5
1.699125E+7,  8.600578E-5
1.699750E+7,  3.630854E-5
1.700375E+7,  9.271875E-5
1.701000E+7,  5.793758E-6
1.701625E+7,  4.499778E-5
1.702250E+7,  1.095422E-4
1.702875E+7,  1.021326E-4
1.703500E+7,  1.194328E-5
1.704125E+7,  7.243827E-5
1.704750E+7,  1.189820E-4
1.705375E+7,  1.012199E-4
1.706000E+7,  1.040623E-4
1.706625E+7,  5.467981E-5
1.707250E+7,  7.412210E-5
1.707875E+7,  5.797949E-6
1.708500E+7,  1.562294E-5
1.709125E+7,  3.393739E-5
1.709750E+7,  1.428351E-4
1.710375E+7,  1.294389E-4
1.711000E+7,  1.746938E-4
1.711625E+7,  2.000630E-4
1.712250E+7,  5.544722E-5
1.712875E+7,  6.440282E-5
1.713500E+7,  2.672989E-5
1.714125E+7,  8.243695E-5
1.714750E+7,  2.478715E-5
1.715375E+7,  2.392009E-5
1.716000E+7,  3.086030E-5
1.716625E+7,  1.612827E-4
1.717250E+7,  5.130842E-5
1.717875E+7,  4.644692E-5
1.718500E+7,  1.079179E-4
1.719125E+7,  3.531203E-5
1.719750E+7,  5.521253E-5
1.720375E+7,  7.820502E-5
1.721000E+7,  2.395175E-5
1.721625E+7,  1.301318E-4
1.722250E+7,  7.820502E-5
1.722875E+7,  1.162942E-5
1.723500E+7,  5.583093E-5
1.724125E+7,  1.000203E-4
1.724750E+7,  4.792027E-5
1.725375E+7,  9.657815E-5
1.726000E+7,  2.033915E-5
1.726625E+7,  1.584217E-4
1.727250E+7,  5.003065E-5
1.727875E+7,  7.097796E-5
1.728500E+7,  5.265698E-5
1.729125E+7,  8.590147E-5
1.729750E+7,  8.890778E-5
1.730375E+7,  3.726035E-5
1.731000E+7,  5.819276E-5
1.731625E+7,  7.201359E-5
1.732250E+7,  4.543178E-5
1.732875E+7,  2.036057E-5
1.733500E+7,  7.614866E-5
1.734125E+7,  7.204711E-5
1.734750E+7,  1.206100E-4
1.735375E+7,  2.909731E-5
1.736000E+7,  1.746509E-5
1.736625E+7,  1.762062E-4
1.737250E+7,  4.894218E-10
1.737875E+7,  7.596985E-5
1.738500E+7,  5.745143E-5
1.739125E+7,  8.935481E-5
1.739750E+7,  6.513204E-6
1.740375E+7,  2.327040E-4
1.741000E+7,  2.604723E-5
1.741625E+7,  1.236573E-4
1.742250E+7,  1.693591E-4
1.742875E+7,  3.909878E-5
1.743500E+7,  2.306923E-4
1.744125E+7,  1.183897E-4
1.744750E+7,  1.865923E-4
1.745375E+7,  1.331121E-4
1.746000E+7,  1.116991E-4
1.746625E+7,  1.361072E-4
1.747250E+7,  2.971292E-5
1.747875E+7,  4.202873E-5
1.748500E+7,  1.843181E-5
1.749125E+7,  5.830452E-5
1.749750E+7,  1.955964E-5
1.750375E+7,  6.417558E-5
1.751000E+7,  4.810095E-5
1.751625E+7,  8.675829E-5
1.752250E+7,  4.206039E-5
1.752875E+7,  2.610777E-5
1.753500E+7,  5.666167E-5
1.754125E+7,  6.584078E-5
1.754750E+7,  4.181825E-5
1.755375E+7,  5.838461E-6
1.756000E+7,  3.144145E-5
1.756625E+7,  3.689155E-5
1.757250E+7,  8.618459E-5
1.757875E+7,  5.870871E-5
1.758500E+7,  1.384839E-4
1.759125E+7,  6.096624E-5
1.759750E+7,  8.758530E-5
1.760375E+7,  4.337914E-5
1.761000E+7,  1.571700E-5
1.761625E+7,  1.215376E-4
1.762250E+7,  1.514927E-4
1.762875E+7,  5.383044E-5
1.763500E+7,  1.025312E-4
1.764125E+7,  2.878252E-5
1.764750E+7,  4.757009E-5
1.765375E+7,  4.991144E-5
1.766000E+7,  2.356339E-5
1.766625E+7,  1.356080E-4
1.767250E+7,  3.409944E-5
1.767875E+7,  1.059473E-4
1.768500E+7,  1.735091E-4
1.769125E+7,  1.406670E-4
1.769750E+7,  1.052618E-4
1.770375E+7,  1.112185E-4
1.771000E+7,  3.922917E-5
1.771625E+7,  6.137416E-5
1.772250E+7,  5.227514E-5
1.772875E+7,  2.024695E-4
1.773500E+7,  3.617443E-5
1.774125E+7,  4.538707E-5
1.774750E+7,  2.334788E-4
1.775375E+7,  7.744133E-5
1.776000E+7,  4.349276E-5
1.776625E+7,  1.079030E-4
1.777250E+7,  7.957965E-5
1.777875E+7,  1.697689E-4
1.778500E+7,  1.009479E-4
1.779125E+7,  2.983306E-5
1.779750E+7,  4.354864E-5
1.780375E+7,  1.185015E-4
1.781000E+7,  1.314282E-4
1.781625E+7,  9.745359E-5
1.782250E+7,  5.850568E-5
1.782875E+7,  9.422749E-5
1.783500E+7,  6.035902E-5
1.784125E+7,  7.415935E-5
1.784750E+7,  4.970469E-5
1.785375E+7,  6.008521E-5
1.786000E+7,  6.582588E-5
1.786625E+7,  3.705733E-5
1.787250E+7,  3.983080E-5
1.787875E+7,  3.575534E-5
1.788500E+7,  9.608641E-5
1.789125E+7,  1.291111E-4
1.789750E+7,  1.095533E-4
1.790375E+7,  3.531575E-5
1.791000E+7,  6.558374E-6
1.791625E+7,  1.965929E-5
1.792250E+7,  3.707968E-5
1.792875E+7,  5.240552E-5
1.793500E+7,  4.879758E-5
1.794125E+7,  8.720532E-5
1.794750E+7,  3.530085E-5
1.795375E+7,  5.894154E-5
1.796000E+7,  9.359792E-5
1.796625E+7,  6.313249E-5
1.797250E+7,  9.444356E-5
1.797875E+7,  3.756583E-5
1.798500E+7,  1.311908E-5
1.799125E+7,  9.280443E-5
1.799750E+7,  1.096241E-4
1.800375E+7,  3.162771E-5
1.801000E+7,  7.351860E-5
1.801625E+7,  8.165464E-5
1.802250E+7,  9.692460E-5
1.802875E+7,  1.856592E-5
1.803500E+7,  7.748231E-5
1.804125E+7,  9.622425E-5
1.804750E+7,  4.585832E-5
1.805375E+7,  1.549944E-4
1.806000E+7,  1.661200E-5
1.806625E+7,  2.706144E-5
1.807250E+7,  8.310750E-5
1.807875E+7,  1.121126E-4
1.808500E+7,  6.242469E-5
1.809125E+7,  1.859386E-5
1.809750E+7,  9.595230E-5
1.810375E+7,  1.424029E-4
1.811000E+7,  7.092580E-5
1.811625E+7,  6.416067E-5
1.812250E+7,  1.551062E-4
1.812875E+7,  8.667260E-5
1.813500E+7,  1.868382E-4
1.814125E+7,  1.564324E-4
1.814750E+7,  7.081404E-5
1.815375E+7,  8.149073E-5
1.816000E+7,  1.269206E-4
1.816625E+7,  8.361042E-5
1.817250E+7,  4.479662E-5
1.817875E+7,  6.490201E-5
1.818500E+7,  3.435090E-5
1.819125E+7,  9.499118E-5
1.819750E+7,  2.939533E-5
1.820375E+7,  1.026429E-4
1.821000E+7,  7.764623E-5
1.821625E+7,  3.539212E-5
1.822250E+7,  1.971610E-5
1.822875E+7,  5.682372E-5
1.823500E+7,  9.138510E-5
1.824125E+7,  6.573275E-5
1.824750E+7,  6.883219E-5
1.825375E+7,  8.746609E-5
1.826000E+7,  5.421974E-5
1.826625E+7,  7.968023E-5
1.827250E+7,  9.580702E-5
1.827875E+7,  7.893518E-5
1.828500E+7,  8.551776E-5
1.829125E+7,  8.831266E-6
1.829750E+7,  5.714595E-5
1.830375E+7,  6.614253E-5
1.831000E+7,  5.584769E-5
1.831625E+7,  5.001761E-5
1.832250E+7,  7.091835E-5
1.832875E+7,  1.664273E-5
1.833500E+7,  2.944935E-5
1.834125E+7,  2.943678E-6
1.834750E+7,  3.581494E-5
1.835375E+7,  4.859269E-5
1.836000E+7,  9.243563E-5
1.836625E+7,  8.182600E-5
1.837250E+7,  1.744181E-4
1.837875E+7,  1.586378E-4
1.838500E+7,  8.339994E-6
1.839125E+7,  2.945680E-5
1.839750E+7,  6.511807E-5
1.840375E+7,  5.807541E-5
1.841000E+7,  1.215981E-5
1.841625E+7,  1.083575E-4
1.842250E+7,  7.031485E-5
1.842875E+7,  9.608269E-5
1.843500E+7,  4.754029E-5
1.844125E+7,  6.590737E-6
1.844750E+7,  7.553399E-5
1.845375E+7,  3.649667E-5
1.846000E+7,  1.090467E-4
1.846625E+7,  8.341391E-6
1.847250E+7,  1.863949E-5
1.847875E+7,  1.887884E-5
1.848500E+7,  6.591529E-5
1.849125E+7,  5.900860E-5
1.849750E+7,  1.029596E-4
1.850375E+7,  7.717311E-5
1.851000E+7,  4.757009E-5
1.851625E+7,  1.464412E-4
1.852250E+7,  3.178045E-5
1.852875E+7,  1.917109E-4
1.853500E+7,  6.020255E-5
1.854125E+7,  4.173256E-5
1.854750E+7,  6.227568E-5
1.855375E+7,  9.019673E-5
1.856000E+7,  2.378691E-5