SAVED BY: 
TITLE: 
COMMENTS: 
DATE: 10/27/2020
TIME: 3:02 PM

STIMULUS, RESPONSE

8.560000E+6,  1.299456E-4
8.566250E+6,  1.252294E-4
8.572500E+6,  1.209378E-4
8.578750E+6,  1.472980E-4
8.585000E+6,  1.395866E-4
8.591250E+6,  1.317561E-4
8.597500E+6,  1.232326E-4
8.603750E+6,  1.529828E-4
8.610000E+6,  1.299605E-4
8.616250E+6,  1.550689E-4
8.622500E+6,  1.158118E-4
8.628750E+6,  1.572892E-4
8.635000E+6,  1.240894E-4
8.641250E+6,  1.374856E-4
8.647500E+6,  1.209378E-4
8.653750E+6,  1.299381E-4
8.660000E+6,  1.315475E-4
8.666250E+6,  1.540631E-4
8.672500E+6,  1.241490E-4
8.678750E+6,  1.288801E-4
8.685000E+6,  1.174137E-4
8.691250E+6,  1.537576E-4
8.697500E+6,  1.359731E-4
8.703750E+6,  1.602098E-4
8.710000E+6,  1.419559E-4
8.716250E+6,  1.275688E-4
8.722500E+6,  1.412109E-4
8.728750E+6,  1.445189E-4
8.735000E+6,  1.474917E-4
8.741250E+6,  1.542121E-4
8.747500E+6,  1.329333E-4
8.753750E+6,  1.431704E-4
8.760000E+6,  1.419783E-4
8.766250E+6,  1.607090E-4
8.772500E+6,  1.497790E-4
8.778750E+6,  1.410320E-4
8.785000E+6,  1.308545E-4
8.791250E+6,  1.485869E-4
8.797500E+6,  1.329482E-4
8.803750E+6,  1.395568E-4
8.810000E+6,  1.601279E-4
8.816250E+6,  1.541674E-4
8.822500E+6,  1.522899E-4
8.828750E+6,  1.552328E-4
8.835000E+6,  1.509264E-4
8.841250E+6,  1.630038E-4
8.847500E+6,  1.264364E-4
8.853750E+6,  1.563951E-4
8.860000E+6,  1.523271E-4
8.866250E+6,  1.661181E-4
8.872500E+6,  1.443252E-4
8.878750E+6,  1.462102E-4
8.885000E+6,  1.361668E-4
8.891250E+6,  1.341850E-4
8.897500E+6,  1.485571E-4
8.903750E+6,  1.332536E-4
8.910000E+6,  1.366287E-4
8.916250E+6,  1.694560E-4
8.922500E+6,  1.396686E-4
8.928750E+6,  1.432002E-4
8.935000E+6,  1.464933E-4
8.941250E+6,  1.553744E-4
8.947500E+6,  1.486242E-4
8.953750E+6,  1.366287E-4
8.960000E+6,  1.538247E-4
8.966250E+6,  1.475438E-4
8.972500E+6,  1.653954E-4
8.978750E+6,  1.497343E-4
8.985000E+6,  1.552105E-4
8.991250E+6,  1.539737E-4
8.997500E+6,  1.496747E-4
9.003750E+6,  1.227185E-4
9.010000E+6,  1.552403E-4
9.016250E+6,  1.459867E-4
9.022500E+6,  1.538023E-4
9.028750E+6,  1.696348E-4
9.035000E+6,  1.485869E-4
9.041250E+6,  1.366287E-4
9.047500E+6,  1.576841E-4
9.053750E+6,  1.732558E-4
9.060000E+6,  1.666844E-4
9.066250E+6,  1.444742E-4
9.072500E+6,  1.666993E-4
9.078750E+6,  1.664311E-4
9.085000E+6,  1.398847E-4
9.091250E+6,  1.586974E-4
9.097500E+6,  1.584589E-4
9.103750E+6,  1.505688E-4
9.110000E+6,  1.350418E-4
9.116250E+6,  1.498610E-4
9.122500E+6,  1.584515E-4
9.128750E+6,  1.866296E-4
9.135000E+6,  1.524314E-4
9.141250E+6,  1.760498E-4
9.147500E+6,  1.486912E-4
9.153750E+6,  1.603663E-4
9.160000E+6,  1.540929E-4
9.166250E+6,  1.837462E-4
9.172500E+6,  1.383796E-4
9.178750E+6,  1.727492E-4
9.185000E+6,  1.546592E-4
9.191250E+6,  1.404285E-4
9.197500E+6,  1.509711E-4
9.203750E+6,  1.666173E-4
9.210000E+6,  1.718253E-4
9.216250E+6,  1.746342E-4
9.222500E+6,  1.633614E-4
9.228750E+6,  1.822710E-4
9.235000E+6,  1.404285E-4
9.241250E+6,  1.521856E-4
9.247500E+6,  1.603812E-4
9.253750E+6,  1.369193E-4
9.260000E+6,  1.543239E-4
9.266250E+6,  1.762658E-4
9.272500E+6,  1.478717E-4
9.278750E+6,  1.827776E-4
9.285000E+6,  1.828074E-4
9.291250E+6,  1.780167E-4
9.297500E+6,  1.635700E-4
9.303750E+6,  1.485124E-4
9.310000E+6,  1.543015E-4
9.316250E+6,  1.780465E-4
9.322500E+6,  1.746789E-4
9.328750E+6,  1.640841E-4
9.335000E+6,  1.747534E-4
9.341250E+6,  1.640245E-4
9.347500E+6,  1.669675E-4
9.353750E+6,  1.546293E-4
9.360000E+6,  1.704842E-4
9.366250E+6,  1.720563E-4
9.372500E+6,  1.811087E-4
9.378750E+6,  1.732409E-4
9.385000E+6,  1.669005E-4
9.391250E+6,  1.527667E-4
9.397500E+6,  1.467094E-4
9.403750E+6,  1.812726E-4
9.410000E+6,  1.641661E-4
9.416250E+6,  1.781806E-4
9.422500E+6,  1.811981E-4
9.428750E+6,  1.680776E-4
9.435000E+6,  1.512691E-4
9.441250E+6,  1.720265E-4
9.447500E+6,  1.906306E-4
9.453750E+6,  1.748875E-4
9.460000E+6,  1.609698E-4
9.466250E+6,  1.732484E-4
9.472500E+6,  2.001822E-4
9.478750E+6,  1.994073E-4
9.485000E+6,  1.938045E-4
9.491250E+6,  1.740605E-4
9.497500E+6,  1.934543E-4
9.503750E+6,  1.984760E-4
9.510000E+6,  1.661852E-4
9.516250E+6,  1.779050E-4
9.522500E+6,  1.671985E-4
9.528750E+6,  1.564845E-4
9.535000E+6,  1.978129E-4
9.541250E+6,  2.021641E-4
9.547500E+6,  1.801625E-4
9.553750E+6,  1.783744E-4
9.560000E+6,  1.719743E-4
9.566250E+6,  1.803115E-4
9.572500E+6,  1.972690E-4
9.578750E+6,  1.585856E-4
9.585000E+6,  1.682416E-4
9.591250E+6,  1.820475E-4
9.597500E+6,  1.880005E-4
9.603750E+6,  1.898929E-4
9.610000E+6,  1.839250E-4
9.616250E+6,  1.627728E-4
9.622500E+6,  1.899227E-4
9.628750E+6,  1.864880E-4
9.635000E+6,  1.820326E-4
9.641250E+6,  1.941696E-4
9.647500E+6,  1.719594E-4
9.653750E+6,  1.780242E-4
9.660000E+6,  1.719519E-4
9.666250E+6,  1.939535E-4
9.672500E+6,  1.926348E-4
9.678750E+6,  1.683831E-4
9.685000E+6,  1.785979E-4
9.691250E+6,  1.841187E-4
9.697500E+6,  1.899004E-4
9.703750E+6,  1.906008E-4
9.710000E+6,  1.928136E-4
9.716250E+6,  1.977533E-4
9.722500E+6,  2.114400E-4
9.728750E+6,  1.900196E-4
9.735000E+6,  1.743659E-4
9.741250E+6,  1.848638E-4
9.747500E+6,  1.782700E-4
9.753750E+6,  1.822039E-4
9.760000E+6,  1.977980E-4
9.766250E+6,  1.962110E-4
9.772500E+6,  1.853406E-4
9.778750E+6,  1.958907E-4
9.785000E+6,  2.147630E-4
9.791250E+6,  2.156124E-4
9.797500E+6,  1.991093E-4
9.803750E+6,  1.959801E-4
9.810000E+6,  1.746416E-4
9.816250E+6,  2.098382E-4
9.822500E+6,  1.885667E-4
9.828750E+6,  2.122000E-4
9.835000E+6,  2.037957E-4
9.841250E+6,  2.140328E-4
9.847500E+6,  1.923144E-4
9.853750E+6,  1.910031E-4
9.860000E+6,  2.025813E-4
9.866250E+6,  2.001151E-4
9.872500E+6,  2.039894E-4
9.878750E+6,  1.888201E-4
9.885000E+6,  2.040043E-4
9.891250E+6,  1.868531E-4
9.897500E+6,  1.982078E-4
9.903750E+6,  1.924932E-4
9.910000E+6,  2.021044E-4
9.916250E+6,  1.946166E-4
9.922500E+6,  1.883507E-4
9.928750E+6,  1.990721E-4
9.935000E+6,  1.892298E-4
9.941250E+6,  2.081618E-4
9.947500E+6,  1.944751E-4
9.953750E+6,  1.859069E-4
9.960000E+6,  2.067089E-4
9.966250E+6,  2.201498E-4
9.972500E+6,  1.992285E-4
9.978750E+6,  2.023727E-4
9.985000E+6,  2.067015E-4
9.991250E+6,  2.325177E-4
9.997500E+6,  1.865923E-4
1.000375E+7,  2.113432E-4
1.001000E+7,  2.043694E-4
1.001625E+7,  2.045855E-4
1.002250E+7,  1.884997E-4
1.002875E+7,  2.134740E-4
1.003500E+7,  1.964122E-4
1.004125E+7,  2.005026E-4
1.004750E+7,  2.083108E-4
1.005375E+7,  2.141595E-4
1.006000E+7,  2.005622E-4
1.006625E+7,  2.047792E-4
1.007250E+7,  2.162531E-4
1.007875E+7,  2.439246E-4
1.008500E+7,  2.142414E-4
1.009125E+7,  2.381429E-4
1.009750E+7,  2.268031E-4
1.010375E+7,  2.234280E-4
1.011000E+7,  1.771599E-4
1.011625E+7,  2.136230E-4
1.012250E+7,  2.261773E-4
1.012875E+7,  1.913384E-4
1.013500E+7,  2.046824E-4
1.014125E+7,  2.237409E-4
1.014750E+7,  2.201721E-4
1.015375E+7,  2.344027E-4
1.016000E+7,  2.049208E-4
1.016625E+7,  2.238750E-4
1.017250E+7,  2.083480E-4
1.017875E+7,  1.961291E-4
1.018500E+7,  2.090335E-4
1.019125E+7,  2.245009E-4
1.019750E+7,  2.260208E-4
1.020375E+7,  2.361760E-4
1.021000E+7,  2.378449E-4
1.021625E+7,  2.382621E-4
1.022250E+7,  2.103746E-4
1.022875E+7,  2.381802E-4
1.023500E+7,  2.137199E-4
1.024125E+7,  2.445728E-4
1.024750E+7,  2.162382E-4
1.025375E+7,  2.421513E-4
1.026000E+7,  2.327934E-4
1.026625E+7,  2.524704E-4
1.027250E+7,  2.269819E-4
1.027875E+7,  2.249926E-4
1.028500E+7,  2.273545E-4
1.029125E+7,  2.304614E-4
1.029750E+7,  2.150461E-4
1.030375E+7,  2.211258E-4
1.031000E+7,  2.206936E-4
1.031625E+7,  2.094433E-4
1.032250E+7,  2.406090E-4
1.032875E+7,  2.210662E-4
1.033500E+7,  2.252534E-4
1.034125E+7,  2.328679E-4
1.034750E+7,  2.464205E-4
1.035375E+7,  2.488196E-4
1.036000E+7,  2.578944E-4
1.036625E+7,  2.642274E-4
1.037250E+7,  2.372116E-4
1.037875E+7,  2.490580E-4
1.038500E+7,  2.680421E-4
1.039125E+7,  2.172068E-4
1.039750E+7,  2.552718E-4
1.040375E+7,  2.538115E-4
1.041000E+7,  2.313182E-4
1.041625E+7,  2.342910E-4
1.042250E+7,  2.467930E-4
1.042875E+7,  2.287403E-4
1.043500E+7,  2.236441E-4
1.044125E+7,  2.463013E-4
1.044750E+7,  2.508610E-4
1.045375E+7,  2.717078E-4
1.046000E+7,  2.335683E-4
1.046625E+7,  2.391338E-4
1.047250E+7,  2.439618E-4
1.047875E+7,  2.297312E-4
1.048500E+7,  2.491027E-4
1.049125E+7,  2.420619E-4
1.049750E+7,  2.588928E-4
1.050375E+7,  2.338812E-4
1.051000E+7,  2.620816E-4
1.051625E+7,  2.621412E-4
1.052250E+7,  2.421662E-4
1.052875E+7,  2.588779E-4
1.053500E+7,  2.573878E-4
1.054125E+7,  2.415329E-4
1.054750E+7,  2.645552E-4
1.055375E+7,  2.554953E-4
1.056000E+7,  2.619028E-4
1.056625E+7,  2.543330E-4
1.057250E+7,  2.455115E-4
1.057875E+7,  2.567172E-4
1.058500E+7,  2.463013E-4
1.059125E+7,  2.541095E-4
1.059750E+7,  2.315417E-4
1.060375E+7,  2.516210E-4
1.061000E+7,  2.801269E-4
1.061625E+7,  2.624691E-4
1.062250E+7,  2.439767E-4
1.062875E+7,  2.698302E-4
1.063500E+7,  2.774745E-4
1.064125E+7,  2.767146E-4
1.064750E+7,  2.595633E-4
1.065375E+7,  2.592206E-4
1.066000E+7,  2.796352E-4
1.066625E+7,  2.542138E-4
1.067250E+7,  2.590418E-4
1.067875E+7,  2.846420E-4
1.068500E+7,  2.790242E-4
1.069125E+7,  2.846271E-4
1.069750E+7,  2.769083E-4
1.070375E+7,  2.668947E-4
1.071000E+7,  2.517998E-4
1.071625E+7,  2.800673E-4
1.072250E+7,  2.767593E-4
1.072875E+7,  2.571046E-4
1.073500E+7,  2.825558E-4
1.074125E+7,  2.694279E-4
1.074750E+7,  2.671331E-4
1.075375E+7,  2.720058E-4
1.076000E+7,  2.641976E-4
1.076625E+7,  2.944171E-4
1.077250E+7,  2.817065E-4
1.077875E+7,  2.842546E-4
1.078500E+7,  2.641976E-4
1.079125E+7,  2.969652E-4
1.079750E+7,  2.843887E-4
1.080375E+7,  2.856106E-4
1.081000E+7,  2.798438E-4
1.081625E+7,  2.996475E-4
1.082250E+7,  2.867281E-4
1.082875E+7,  2.794415E-4
1.083500E+7,  2.898276E-4
1.084125E+7,  3.099740E-4
1.084750E+7,  2.742112E-4
1.085375E+7,  2.820939E-4
1.086000E+7,  2.976507E-4
1.086625E+7,  2.955347E-4
1.087250E+7,  3.025383E-4
1.087875E+7,  2.974272E-4
1.088500E+7,  2.855510E-4
1.089125E+7,  2.931654E-4
1.089750E+7,  2.910942E-4
1.090375E+7,  3.001541E-4
1.091000E+7,  2.901703E-4
1.091625E+7,  3.000498E-4
1.092250E+7,  2.999455E-4
1.092875E+7,  2.854764E-4
1.093500E+7,  3.080368E-4
1.094125E+7,  3.179014E-4
1.094750E+7,  3.005415E-4
1.095375E+7,  3.057867E-4
1.096000E+7,  3.208816E-4
1.096625E+7,  3.050715E-4
1.097250E+7,  3.004670E-4
1.097875E+7,  3.208071E-4
1.098500E+7,  3.184378E-4
1.099125E+7,  3.113449E-4
1.099750E+7,  3.156960E-4
1.100375E+7,  3.189892E-4
1.101000E+7,  3.179908E-4
1.101625E+7,  3.178120E-4
1.102250E+7,  3.053695E-4
1.102875E+7,  3.235489E-4
1.103500E+7,  3.115237E-4
1.104125E+7,  3.235638E-4
1.104750E+7,  3.181994E-4
1.105375E+7,  3.337413E-4
1.106000E+7,  3.224760E-4
1.106625E+7,  3.140718E-4
1.107250E+7,  3.208518E-4
1.107875E+7,  3.408492E-4
1.108500E+7,  3.163666E-4
1.109125E+7,  3.029853E-4
1.109750E+7,  3.309101E-4
1.110375E+7,  3.296137E-4
1.111000E+7,  3.397018E-4
1.111625E+7,  3.340244E-4
1.112250E+7,  3.266484E-4
1.112875E+7,  3.337562E-4
1.113500E+7,  3.240258E-4
1.114125E+7,  3.301054E-4
1.114750E+7,  3.460795E-4
1.115375E+7,  3.664047E-4
1.116000E+7,  3.529638E-4
1.116625E+7,  3.349483E-4
1.117250E+7,  3.469437E-4
1.117875E+7,  3.655255E-4
1.118500E+7,  3.616065E-4
1.119125E+7,  3.659427E-4
1.119750E+7,  3.657043E-4
1.120375E+7,  3.494918E-4
1.121000E+7,  3.561676E-4
1.121625E+7,  3.897548E-4
1.122250E+7,  4.007369E-4
1.122875E+7,  4.433095E-4
1.123500E+7,  4.648268E-4
1.124125E+7,  4.422069E-4
1.124750E+7,  4.597604E-4
1.125375E+7,  4.445910E-4
1.126000E+7,  4.561841E-4
1.126625E+7,  4.462898E-4
1.127250E+7,  4.820675E-4
1.127875E+7,  4.444420E-4
1.128500E+7,  4.670024E-4
1.129125E+7,  4.289001E-4
1.129750E+7,  3.966242E-4
1.130375E+7,  4.108250E-4
1.131000E+7,  4.403889E-4
1.131625E+7,  4.404038E-4
1.132250E+7,  4.334450E-4
1.132875E+7,  4.331023E-4
1.133500E+7,  4.665703E-4
1.134125E+7,  4.483610E-4
1.134750E+7,  4.324168E-4
1.135375E+7,  4.435629E-4
1.136000E+7,  4.220009E-4
1.136625E+7,  4.615039E-4
1.137250E+7,  4.553199E-4
1.137875E+7,  4.466176E-4
1.138500E+7,  4.370064E-4
1.139125E+7,  4.145056E-4
1.139750E+7,  4.200339E-4
1.140375E+7,  4.312396E-4
1.141000E+7,  4.196763E-4
1.141625E+7,  4.106164E-4
1.142250E+7,  4.306585E-4
1.142875E+7,  4.437417E-4
1.143500E+7,  4.288703E-4
1.144125E+7,  4.475266E-4
1.144750E+7,  4.715174E-4
1.145375E+7,  4.733354E-4
1.146000E+7,  4.885793E-4
1.146625E+7,  4.912317E-4
1.147250E+7,  4.838556E-4
1.147875E+7,  4.492849E-4
1.148500E+7,  4.743487E-4
1.149125E+7,  5.084574E-4
1.149750E+7,  5.345941E-4
1.150375E+7,  5.429685E-4
1.151000E+7,  5.148947E-4
1.151625E+7,  5.213916E-4
1.152250E+7,  5.289018E-4
1.152875E+7,  5.069673E-4
1.153500E+7,  4.785508E-4
1.154125E+7,  5.265176E-4
1.154750E+7,  5.557835E-4
1.155375E+7,  5.175173E-4
1.156000E+7,  5.809963E-4
1.156625E+7,  6.178319E-4
1.157250E+7,  5.925596E-4
1.157875E+7,  6.138384E-4
1.158500E+7,  6.893277E-4
1.159125E+7,  5.940795E-4
1.159750E+7,  5.975962E-4
1.160375E+7,  6.039441E-4
1.161000E+7,  6.002188E-4
1.161625E+7,  6.664097E-4
1.162250E+7,  6.870925E-4
1.162875E+7,  7.981658E-4
1.163500E+7,  8.634329E-4
1.164125E+7,  9.436011E-4
1.164750E+7,  1.127303E-3
1.165375E+7,  1.034319E-3
1.166000E+7,  1.006961E-3
1.166625E+7,  1.109362E-3
1.167250E+7,  1.035094E-3
1.167875E+7,  1.073897E-3
1.168500E+7,  1.108885E-3
1.169125E+7,  1.060605E-3
1.169750E+7,  1.101136E-3
1.170375E+7,  1.104951E-3
1.171000E+7,  1.057982E-3
1.171625E+7,  1.111865E-3
1.172250E+7,  1.078010E-3
1.172875E+7,  1.120746E-3
1.173500E+7,  1.130223E-3
1.174125E+7,  1.166523E-3
1.174750E+7,  1.098394E-3
1.175375E+7,  1.123190E-3
1.176000E+7,  1.139939E-3
1.176625E+7,  1.159251E-3
1.177250E+7,  1.144707E-3
1.177875E+7,  1.183212E-3
1.178500E+7,  1.157343E-3
1.179125E+7,  1.157582E-3
1.179750E+7,  1.161456E-3
1.180375E+7,  1.144469E-3
1.181000E+7,  1.153708E-3
1.181625E+7,  1.192510E-3
1.182250E+7,  1.175344E-3
1.182875E+7,  1.253307E-3
1.183500E+7,  1.206458E-3
1.184125E+7,  1.233518E-3
1.184750E+7,  1.230061E-3
1.185375E+7,  1.238227E-3
1.186000E+7,  1.223445E-3
1.186625E+7,  1.271904E-3
1.187250E+7,  1.312196E-3
1.187875E+7,  1.290023E-3
1.188500E+7,  1.260340E-3
1.189125E+7,  1.276791E-3
1.189750E+7,  1.298368E-3
1.190375E+7,  1.302183E-3
1.191000E+7,  1.255035E-3
1.191625E+7,  1.299918E-3
1.192250E+7,  1.307964E-3
1.192875E+7,  1.327515E-3
1.193500E+7,  1.324713E-3
1.194125E+7,  1.327634E-3
1.194750E+7,  1.321018E-3
1.195375E+7,  1.375794E-3
1.196000E+7,  1.348794E-3
1.196625E+7,  1.331091E-3
1.197250E+7,  1.352191E-3
1.197875E+7,  1.368105E-3
1.198500E+7,  1.376808E-3
1.199125E+7,  1.394391E-3
1.199750E+7,  1.356006E-3
1.200375E+7,  1.365006E-3
1.201000E+7,  1.438320E-3
1.201625E+7,  1.446426E-3
1.202250E+7,  1.416087E-3
1.202875E+7,  1.416087E-3
1.203500E+7,  1.448035E-3
1.204125E+7,  1.432061E-3
1.204750E+7,  1.397073E-3
1.205375E+7,  1.484275E-3
1.206000E+7,  1.436591E-3
1.206625E+7,  1.465499E-3
1.207250E+7,  1.513124E-3
1.207875E+7,  1.459122E-3
1.208500E+7,  1.484275E-3
1.209125E+7,  1.489282E-3
1.209750E+7,  1.440465E-3
1.210375E+7,  1.492739E-3
1.211000E+7,  1.474023E-3
1.211625E+7,  1.525164E-3
1.212250E+7,  1.532435E-3
1.212875E+7,  1.476228E-3
1.213500E+7,  1.506507E-3
1.214125E+7,  1.547635E-3
1.214750E+7,  1.497507E-3
1.215375E+7,  1.566708E-3
1.216000E+7,  1.507521E-3
1.216625E+7,  1.570344E-3
1.217250E+7,  1.593232E-3
1.217875E+7,  1.591206E-3
1.218500E+7,  1.618147E-3
1.219125E+7,  1.598179E-3
1.219750E+7,  1.662493E-3
1.220375E+7,  1.644075E-3
1.221000E+7,  1.612604E-3
1.221625E+7,  1.677692E-3
1.222250E+7,  1.675785E-3
1.222875E+7,  1.688778E-3
1.223500E+7,  1.740217E-3
1.224125E+7,  1.746774E-3
1.224750E+7,  1.705408E-3
1.225375E+7,  1.690269E-3
1.226000E+7,  1.786590E-3
1.226625E+7,  1.759589E-3
1.227250E+7,  1.764238E-3
1.227875E+7,  1.797497E-3
1.228500E+7,  1.773715E-3
1.229125E+7,  1.801789E-3
1.229750E+7,  1.807034E-3
1.230375E+7,  1.823485E-3
1.231000E+7,  1.874626E-3
1.231625E+7,  1.901686E-3
1.232250E+7,  1.824915E-3
1.232875E+7,  1.879871E-3
1.233500E+7,  1.893520E-3
1.234125E+7,  1.951098E-3
1.234750E+7,  1.915574E-3
1.235375E+7,  1.945019E-3
1.236000E+7,  1.932263E-3
1.236625E+7,  2.028584E-3
1.237250E+7,  1.992345E-3
1.237875E+7,  2.043247E-3
1.238500E+7,  2.002120E-3
1.239125E+7,  2.108335E-3
1.239750E+7,  2.089620E-3
1.240375E+7,  2.122879E-3
1.241000E+7,  2.142072E-3
1.241625E+7,  2.148271E-3
1.242250E+7,  2.158284E-3
1.242875E+7,  2.187967E-3
1.243500E+7,  2.183080E-3
1.244125E+7,  2.228856E-3
1.244750E+7,  2.223849E-3
1.245375E+7,  2.267838E-3
1.246000E+7,  2.254486E-3
1.246625E+7,  2.310634E-3
1.247250E+7,  2.286792E-3
1.247875E+7,  2.358556E-3
1.248500E+7,  2.416015E-3
1.249125E+7,  2.369404E-3
1.249750E+7,  2.398014E-3
1.250375E+7,  2.398610E-3
1.251000E+7,  2.457619E-3
1.251625E+7,  2.495885E-3
1.252250E+7,  2.507091E-3
1.252875E+7,  2.475381E-3
1.253500E+7,  2.542257E-3
1.254125E+7,  2.573371E-3
1.254750E+7,  2.621293E-3
1.255375E+7,  2.662063E-3
1.256000E+7,  2.678156E-3
1.256625E+7,  2.721071E-3
1.257250E+7,  2.764821E-3
1.257875E+7,  2.738357E-3
1.258500E+7,  2.819657E-3
1.259125E+7,  2.851486E-3
1.259750E+7,  2.883434E-3
1.260375E+7,  2.884507E-3
1.261000E+7,  2.923369E-3
1.261625E+7,  2.979279E-3
1.262250E+7,  2.991676E-3
1.262875E+7,  3.107548E-3
1.263500E+7,  3.029823E-3
1.264125E+7,  3.104925E-3
1.264750E+7,  3.161907E-3
1.265375E+7,  3.171444E-3
1.266000E+7,  3.260255E-3
1.266625E+7,  3.270030E-3
1.267250E+7,  3.366828E-3
1.267875E+7,  3.451109E-3
1.268500E+7,  3.540039E-3
1.269125E+7,  3.591776E-3
1.269750E+7,  3.437757E-3
1.270375E+7,  3.377438E-3
1.271000E+7,  3.893256E-3
1.271625E+7,  3.592730E-3
1.272250E+7,  3.692746E-3
1.272875E+7,  3.724813E-3
1.273500E+7,  3.826499E-3
1.274125E+7,  3.860831E-3
1.274750E+7,  3.922224E-3
1.275375E+7,  3.957510E-3
1.276000E+7,  3.947973E-3
1.276625E+7,  4.075766E-3
1.277250E+7,  2.982140E-3
1.277875E+7,  3.769755E-3
1.278500E+7,  4.348755E-3
1.279125E+7,  4.537582E-3
1.279750E+7,  4.356623E-3
1.280375E+7,  4.173517E-3
1.281000E+7,  3.851295E-3
1.281625E+7,  4.882336E-3
1.282250E+7,  4.853249E-3
1.282875E+7,  4.800797E-3
1.283500E+7,  4.428625E-3
1.284125E+7,  5.295992E-3
1.284750E+7,  5.202532E-3
1.285375E+7,  5.497694E-3
1.286000E+7,  5.394459E-3
1.286625E+7,  5.647898E-3
1.287250E+7,  5.717278E-3
1.287875E+7,  5.620480E-3
1.288500E+7,  5.637646E-3
1.289125E+7,  6.020308E-3
1.289750E+7,  6.004333E-3
1.290375E+7,  6.006718E-3
1.291000E+7,  6.165266E-3
1.291625E+7,  6.535053E-3
1.292250E+7,  5.709171E-3
1.292875E+7,  6.336927E-3
1.293500E+7,  5.882978E-3
1.294125E+7,  6.206274E-3
1.294750E+7,  5.216599E-3
1.295375E+7,  3.866315E-3
1.296000E+7,  3.079772E-3
1.296625E+7,  2.980590E-3
1.297250E+7,  3.065348E-3
1.297875E+7,  3.115177E-3
1.298500E+7,  3.133059E-3
1.299125E+7,  3.184319E-3
1.299750E+7,  3.256202E-3
1.300375E+7,  3.343463E-3
1.301000E+7,  3.411531E-3
1.301625E+7,  3.474355E-3
1.302250E+7,  3.528833E-3
1.302875E+7,  3.628135E-3
1.303500E+7,  3.703952E-3
1.304125E+7,  3.772974E-3
1.304750E+7,  3.850222E-3
1.305375E+7,  3.931046E-3
1.306000E+7,  4.006863E-3
1.306625E+7,  4.125595E-3
1.307250E+7,  4.201651E-3
1.307875E+7,  4.326582E-3
1.308500E+7,  4.437923E-3
1.309125E+7,  4.554033E-3
1.309750E+7,  4.643440E-3
1.310375E+7,  4.753828E-3
1.311000E+7,  4.876614E-3
1.311625E+7,  4.997969E-3
1.312250E+7,  5.152464E-3
1.312875E+7,  5.324841E-3
1.313500E+7,  5.446434E-3
1.314125E+7,  5.612373E-3
1.314750E+7,  5.794764E-3
1.315375E+7,  6.028891E-3
1.316000E+7,  6.204605E-3
1.316625E+7,  6.416321E-3
1.317250E+7,  6.576300E-3
1.317875E+7,  6.810665E-3
1.318500E+7,  7.014275E-3
1.319125E+7,  7.267237E-3
1.319750E+7,  7.431984E-3
1.320375E+7,  7.685423E-3
1.321000E+7,  8.014202E-3
1.321625E+7,  8.201122E-3
1.322250E+7,  8.470535E-3
1.322875E+7,  8.826256E-3
1.323500E+7,  9.232044E-3
1.324125E+7,  9.688854E-3
1.324750E+7,  1.027679E-2
1.325375E+7,  1.088142E-2
1.326000E+7,  1.123190E-2
1.326625E+7,  1.174307E-2
1.327250E+7,  1.231003E-2
1.327875E+7,  1.299715E-2
1.328500E+7,  1.350689E-2
1.329125E+7,  1.438427E-2
1.329750E+7,  1.500320E-2
1.330375E+7,  1.561737E-2
1.331000E+7,  1.690674E-2
1.331625E+7,  1.778221E-2
1.332250E+7,  1.918793E-2
1.332875E+7,  1.966190E-2
1.333500E+7,  2.018547E-2
1.334125E+7,  2.111053E-2
1.334750E+7,  2.220726E-2
1.335375E+7,  2.394581E-2
1.336000E+7,  2.534389E-2
1.336625E+7,  2.670765E-2
1.337250E+7,  2.888870E-2
1.337875E+7,  3.061390E-2
1.338500E+7,  3.260803E-2
1.339125E+7,  3.556252E-2
1.339750E+7,  3.804588E-2
1.340375E+7,  4.084969E-2
1.341000E+7,  4.424858E-2
1.341625E+7,  4.863739E-2
1.342250E+7,  5.303001E-2
1.342875E+7,  5.862808E-2
1.343500E+7,  6.494522E-2
1.344125E+7,  7.113647E-2
1.344750E+7,  7.936096E-2
1.345375E+7,  8.849716E-2
1.346000E+7,  9.868240E-2
1.346625E+7,  1.113663E-1
1.347250E+7,  1.263809E-1
1.347875E+7,  1.408691E-1
1.348500E+7,  1.561890E-1
1.349125E+7,  1.739120E-1
1.349750E+7,  1.921921E-1
1.350375E+7,  2.104416E-1
1.351000E+7,  2.239914E-1
1.351625E+7,  2.349091E-1
1.352250E+7,  2.427673E-1
1.352875E+7,  2.475586E-1
1.353500E+7,  2.500916E-1
1.354125E+7,  2.497101E-1
1.354750E+7,  2.472382E-1
1.355375E+7,  2.422180E-1
1.356000E+7,  2.347794E-1
1.356625E+7,  2.248001E-1
1.357250E+7,  2.109146E-1
1.357875E+7,  1.943283E-1
1.358500E+7,  1.745758E-1
1.359125E+7,  1.524124E-1
1.359750E+7,  1.297989E-1
1.360375E+7,  1.076775E-1
1.361000E+7,  8.805084E-2
1.361625E+7,  7.106018E-2
1.362250E+7,  5.726624E-2
1.362875E+7,  4.666138E-2
1.363500E+7,  3.870773E-2
1.364125E+7,  3.287125E-2
1.364750E+7,  2.856827E-2
1.365375E+7,  2.543831E-2
1.366000E+7,  2.309990E-2
1.366625E+7,  2.129650E-2
1.367250E+7,  1.976109E-2
1.367875E+7,  1.845074E-2
1.368500E+7,  1.730824E-2
1.369125E+7,  1.625061E-2
1.369750E+7,  1.532030E-2
1.370375E+7,  1.445723E-2
1.371000E+7,  1.363659E-2
1.371625E+7,  1.291943E-2
1.372250E+7,  1.222658E-2
1.372875E+7,  1.159620E-2
1.373500E+7,  1.101971E-2
1.374125E+7,  1.043749E-2
1.374750E+7,  9.907246E-3
1.375375E+7,  9.409904E-3
1.376000E+7,  8.970261E-3
1.376625E+7,  8.536339E-3
1.377250E+7,  8.125305E-3
1.377875E+7,  7.759333E-3
1.378500E+7,  7.420301E-3
1.379125E+7,  7.056236E-3
1.379750E+7,  6.727219E-3
1.380375E+7,  6.442547E-3
1.381000E+7,  6.136417E-3
1.381625E+7,  5.903721E-3
1.382250E+7,  5.650043E-3
1.382875E+7,  5.406618E-3
1.383500E+7,  5.173445E-3
1.384125E+7,  4.972696E-3
1.384750E+7,  4.775047E-3
1.385375E+7,  4.574776E-3
1.386000E+7,  4.397869E-3
1.386625E+7,  4.239559E-3
1.387250E+7,  4.057646E-3
1.387875E+7,  3.911495E-3
1.388500E+7,  3.777266E-3
1.389125E+7,  3.643394E-3
1.389750E+7,  3.510952E-3
1.390375E+7,  3.397465E-3
1.391000E+7,  3.259778E-3
1.391625E+7,  3.148794E-3
1.392250E+7,  3.041983E-3
1.392875E+7,  2.946734E-3
1.393500E+7,  2.853990E-3
1.394125E+7,  2.727389E-3
1.394750E+7,  2.631307E-3
1.395375E+7,  2.561927E-3
1.396000E+7,  2.491117E-3
1.396625E+7,  2.387404E-3
1.397250E+7,  2.292156E-3
1.397875E+7,  2.257347E-3
1.398500E+7,  2.168179E-3
1.399125E+7,  2.108574E-3
1.399750E+7,  2.037883E-3
1.400375E+7,  1.990557E-3
1.401000E+7,  1.933455E-3
1.401625E+7,  1.878738E-3
1.402250E+7,  1.811922E-3
1.402875E+7,  1.761436E-3
1.403500E+7,  1.706541E-3
1.404125E+7,  1.665294E-3
1.404750E+7,  1.616061E-3
1.405375E+7,  1.576483E-3
1.406000E+7,  1.498997E-3
1.406625E+7,  1.464069E-3
1.407250E+7,  1.452625E-3
1.407875E+7,  1.416683E-3
1.408500E+7,  1.370668E-3
1.409125E+7,  1.341701E-3
1.409750E+7,  1.289427E-3
1.410375E+7,  1.250207E-3
1.411000E+7,  1.231790E-3
1.411625E+7,  1.186132E-3
1.412250E+7,  1.160979E-3
1.412875E+7,  1.145065E-3
1.413500E+7,  1.109183E-3
1.414125E+7,  1.083553E-3
1.414750E+7,  1.048923E-3
1.415375E+7,  1.025140E-3
1.416000E+7,  9.902716E-4
1.416625E+7,  9.785891E-4
1.417250E+7,  9.523034E-4
1.417875E+7,  9.281933E-4
1.418500E+7,  8.966029E-4
1.419125E+7,  8.693933E-4
1.419750E+7,  8.819103E-4
1.420375E+7,  8.429587E-4
1.421000E+7,  8.403063E-4
1.421625E+7,  8.170307E-4
1.422250E+7,  7.825792E-4
1.422875E+7,  7.716119E-4
1.423500E+7,  7.424951E-4
1.424125E+7,  7.265508E-4
1.424750E+7,  7.304251E-4
1.425375E+7,  6.957948E-4
1.426000E+7,  6.814599E-4
1.426625E+7,  6.526113E-4
1.427250E+7,  6.784797E-4
1.427875E+7,  6.300509E-4
1.428500E+7,  6.165802E-4
1.429125E+7,  6.085336E-4
1.429750E+7,  5.907118E-4
1.430375E+7,  5.783439E-4
1.431000E+7,  5.623698E-4
1.431625E+7,  5.595088E-4
1.432250E+7,  5.556941E-4
1.432875E+7,  5.459487E-4
1.433500E+7,  5.429387E-4
1.434125E+7,  5.138814E-4
1.434750E+7,  4.914999E-4
1.435375E+7,  5.238950E-4
1.436000E+7,  4.782528E-4
1.436625E+7,  4.753023E-4
1.437250E+7,  4.660934E-4
1.437875E+7,  4.690140E-4
1.438500E+7,  4.527271E-4
1.439125E+7,  4.398227E-4
1.439750E+7,  4.305989E-4
1.440375E+7,  4.138798E-4
1.441000E+7,  4.301518E-4
1.441625E+7,  4.168749E-4
1.442250E+7,  3.950447E-4
1.442875E+7,  3.849417E-4
1.443500E+7,  3.785193E-4
1.444125E+7,  3.882945E-4
1.444750E+7,  3.657639E-4
1.445375E+7,  3.558844E-4
1.446000E+7,  3.435463E-4
1.446625E+7,  3.559738E-4
1.447250E+7,  3.395379E-4
1.447875E+7,  3.364235E-4
1.448500E+7,  3.436953E-4
1.449125E+7,  3.369302E-4
1.449750E+7,  3.173947E-4
1.450375E+7,  3.080517E-4
1.451000E+7,  2.887398E-4
1.451625E+7,  2.993941E-4
1.452250E+7,  2.873540E-4
1.452875E+7,  2.852231E-4
1.453500E+7,  2.555996E-4
1.454125E+7,  2.526641E-4
1.454750E+7,  2.622157E-4
1.455375E+7,  2.657771E-4
1.456000E+7,  2.564937E-4
1.456625E+7,  2.561212E-4
1.457250E+7,  2.472997E-4
1.457875E+7,  2.496541E-4
1.458500E+7,  2.267510E-4
1.459125E+7,  2.437457E-4
1.459750E+7,  2.465993E-4
1.460375E+7,  2.406240E-4
1.461000E+7,  2.213940E-4
1.461625E+7,  2.162904E-4
1.462250E+7,  2.436489E-4
1.462875E+7,  2.146065E-4
1.463500E+7,  1.947731E-4
1.464125E+7,  2.177805E-4
1.464750E+7,  2.020448E-4
1.465375E+7,  2.022982E-4
1.466000E+7,  1.831874E-4
1.466625E+7,  2.017766E-4
1.467250E+7,  1.901463E-4
1.467875E+7,  1.790971E-4
1.468500E+7,  1.655445E-4
1.469125E+7,  1.785159E-4
1.469750E+7,  1.642480E-4
1.470375E+7,  1.641959E-4
1.471000E+7,  1.581833E-4
1.471625E+7,  1.655072E-4
1.472250E+7,  1.592934E-4
1.472875E+7,  1.695305E-4
1.473500E+7,  1.541227E-4
1.474125E+7,  1.596659E-4
1.474750E+7,  1.541749E-4
1.475375E+7,  1.332536E-4
1.476000E+7,  1.283735E-4
1.476625E+7,  1.495704E-4
1.477250E+7,  1.267791E-4
1.477875E+7,  1.365170E-4
1.478500E+7,  1.394749E-4
1.479125E+7,  1.294017E-4
1.479750E+7,  1.367107E-4
1.480375E+7,  1.340657E-4
1.481000E+7,  1.180507E-4
1.481625E+7,  1.192801E-4
1.482250E+7,  1.413077E-4
1.482875E+7,  1.238957E-4
1.483500E+7,  1.043789E-4
1.484125E+7,  1.269206E-4
1.484750E+7,  1.081638E-4
1.485375E+7,  1.253933E-4
1.486000E+7,  9.542704E-5
1.486625E+7,  1.208670E-4
1.487250E+7,  1.084916E-4
1.487875E+7,  1.254454E-4
1.488500E+7,  1.081750E-4
1.489125E+7,  8.909777E-5
1.489750E+7,  1.082830E-4
1.490375E+7,  1.094900E-4
1.491000E+7,  8.827448E-5
1.491625E+7,  1.045540E-4
1.492250E+7,  7.538497E-5
1.492875E+7,  1.033507E-4
1.493500E+7,  8.053705E-5
1.494125E+7,  7.538497E-5
1.494750E+7,  8.346885E-5
1.495375E+7,  7.918850E-5
1.496000E+7,  7.865205E-5
1.496625E+7,  8.944795E-5
1.497250E+7,  8.359179E-5
1.497875E+7,  9.680167E-5
1.498500E+7,  8.570403E-5
1.499125E+7,  6.891042E-5
1.499750E+7,  7.020310E-5
1.500375E+7,  7.013232E-5
1.501000E+7,  8.543208E-5
1.501625E+7,  7.957220E-5
1.502250E+7,  6.035343E-5
1.502875E+7,  7.966906E-5
1.503500E+7,  5.530007E-5
1.504125E+7,  7.268786E-5
1.504750E+7,  6.815046E-5
1.505375E+7,  8.953735E-5
1.506000E+7,  6.357580E-5
1.506625E+7,  6.570667E-5
1.507250E+7,  8.666515E-5
1.507875E+7,  3.923476E-5
1.508500E+7,  6.800145E-5
1.509125E+7,  7.273629E-5
1.509750E+7,  5.208887E-5
1.510375E+7,  6.595999E-5
1.511000E+7,  5.477294E-5
1.511625E+7,  4.719384E-5
1.512250E+7,  5.996972E-5
1.512875E+7,  6.514043E-5
1.513500E+7,  5.747564E-5
1.514125E+7,  5.991198E-5
1.514750E+7,  3.120676E-5
1.515375E+7,  5.205907E-5
1.516000E+7,  5.481020E-5
1.516625E+7,  4.960969E-5
1.517250E+7,  3.689341E-5
1.517875E+7,  7.377192E-5
1.518500E+7,  4.176982E-5
1.519125E+7,  6.348640E-5
1.519750E+7,  3.487244E-5
1.520375E+7,  3.052503E-5
1.521000E+7,  2.987124E-5
1.521625E+7,  2.704468E-5
1.522250E+7,  3.342144E-5
1.522875E+7,  6.032549E-5
1.523500E+7,  6.675720E-5
1.524125E+7,  6.033294E-5
1.524750E+7,  4.794076E-5
1.525375E+7,  5.296990E-5
1.526000E+7,  5.576946E-5
1.526625E+7,  3.381260E-5
1.527250E+7,  4.854798E-5
1.527875E+7,  2.405886E-5
1.528500E+7,  5.518459E-5
1.529125E+7,  3.617629E-5
1.529750E+7,  3.254600E-5
1.530375E+7,  2.680067E-5
1.531000E+7,  2.434943E-5
1.531625E+7,  2.164487E-5
1.532250E+7,  3.809296E-5
1.532875E+7,  4.252419E-5
1.533500E+7,  1.398008E-5
1.534125E+7,  3.599934E-5
1.534750E+7,  3.954023E-5
1.535375E+7,  6.077997E-5
1.536000E+7,  3.716350E-5
1.536625E+7,  2.998207E-5
1.537250E+7,  4.226901E-5
1.537875E+7,  2.091285E-5
1.538500E+7,  3.439374E-5
1.539125E+7,  2.545398E-5
1.539750E+7,  3.073737E-5
1.540375E+7,  4.436076E-5
1.541000E+7,  5.820580E-5
1.541625E+7,  2.930313E-5
1.542250E+7,  4.486367E-5
1.542875E+7,  2.827216E-5
1.543500E+7,  3.513135E-5
1.544125E+7,  1.906976E-5
1.544750E+7,  2.576411E-5
1.545375E+7,  2.172682E-5
1.546000E+7,  8.859672E-6
1.546625E+7,  3.867410E-5
1.547250E+7,  2.707168E-5
1.547875E+7,  2.095010E-5
1.548500E+7,  1.636054E-5
1.549125E+7,  4.554912E-5
1.549750E+7,  5.921535E-5
1.550375E+7,  9.067822E-6
1.551000E+7,  2.541393E-5
1.551625E+7,  2.615526E-5
1.552250E+7,  2.617296E-5
1.552875E+7,  4.545599E-5
1.553500E+7,  1.805648E-5
1.554125E+7,  1.846626E-5
1.554750E+7,  2.318341E-5
1.555375E+7,  2.684817E-5
1.556000E+7,  5.104020E-5
1.556625E+7,  3.606640E-5
1.557250E+7,  1.931936E-5
1.557875E+7,  4.473329E-5
1.558500E+7,  2.483372E-5
1.559125E+7,  2.581440E-5
1.559750E+7,  2.561230E-5
1.560375E+7,  1.449836E-5
1.561000E+7,  6.818937E-10
1.561625E+7,  1.692399E-5
1.562250E+7,  2.453011E-5
1.562875E+7,  2.045836E-5
1.563500E+7,  2.384465E-5
1.564125E+7,  2.370495E-5
1.564750E+7,  7.695984E-6
1.565375E+7,  2.083182E-5
1.566000E+7,  8.551404E-6
1.566625E+7,  1.726206E-5
1.567250E+7,  3.788434E-5
1.567875E+7,  3.530830E-5
1.568500E+7,  1.913495E-5
1.569125E+7,  1.530256E-5
1.569750E+7,  1.909677E-5
1.570375E+7,  2.289563E-5
1.571000E+7,  2.734177E-5
1.571625E+7,  2.735015E-5
1.572250E+7,  1.902971E-5
1.572875E+7,  8.509029E-6
1.573500E+7,  1.367368E-5
1.574125E+7,  1.512421E-5
1.574750E+7,  8.475035E-6
1.575375E+7,  7.572118E-6
1.576000E+7,  1.691934E-5
1.576625E+7,  3.035646E-5
1.577250E+7,  2.306141E-5
1.577875E+7,  6.382663E-10
1.578500E+7,  2.398528E-5
1.579125E+7,  1.896173E-5
1.579750E+7,  3.053807E-5
1.580375E+7,  1.890026E-5
1.581000E+7,  1.133513E-5
1.581625E+7,  3.218651E-5
1.582250E+7,  3.373437E-5
1.582875E+7,  1.882669E-5
1.583500E+7,  3.037788E-5
1.584125E+7,  8.424278E-6
1.584750E+7,  3.769994E-6
1.585375E+7,  7.528346E-6
1.586000E+7,  8.411240E-6
1.586625E+7,  6.329515E-10
1.587250E+7,  2.025161E-5
1.587875E+7,  3.214180E-5
1.588500E+7,  2.286118E-5
1.589125E+7,  1.502968E-5
1.589750E+7,  2.121832E-5
1.590375E+7,  6.309051E-10
1.591000E+7,  1.678243E-5
1.591625E+7,  1.501152E-5
1.592250E+7,  8.382834E-6
1.592875E+7,  2.369098E-5
1.593500E+7,  2.017245E-5
1.594125E+7,  1.058867E-5
1.594750E+7,  2.365094E-5
1.595375E+7,  7.481547E-6
1.596000E+7,  7.482944E-6
1.596625E+7,  2.367236E-5
1.597250E+7,  8.361880E-6
1.597875E+7,  3.744150E-6
1.598500E+7,  7.485040E-6
1.599125E+7,  3.741821E-6
1.599750E+7,  3.449433E-5
1.600375E+7,  2.865447E-6
1.601000E+7,  2.314895E-5
1.601625E+7,  8.052960E-5
1.602250E+7,  4.056469E-5
1.602875E+7,  7.380918E-5
1.603500E+7,  5.295314E-5
1.604125E+7,  1.051500E-4
1.604750E+7,  2.068505E-4
1.605375E+7,  1.019314E-4
1.606000E+7,  7.104129E-5
1.606625E+7,  7.807091E-5
1.607250E+7,  9.876490E-5
1.607875E+7,  1.121275E-4
1.608500E+7,  1.535267E-4
1.609125E+7,  6.630644E-5
1.609750E+7,  4.060939E-5
1.610375E+7,  3.597699E-5
1.611000E+7,  1.310781E-4
1.611625E+7,  9.829551E-5
1.612250E+7,  1.652986E-4
1.612875E+7,  3.491715E-5
1.613500E+7,  8.919090E-5
1.614125E+7,  3.349781E-5
1.614750E+7,  1.434656E-5
1.615375E+7,  3.457069E-5
1.616000E+7,  4.345551E-5
1.616625E+7,  1.838524E-5
1.617250E+7,  5.451404E-5
1.617875E+7,  3.497116E-5
1.618500E+7,  3.864430E-5
1.619125E+7,  9.231642E-5
1.619750E+7,  8.451939E-5
1.620375E+7,  6.424962E-6
1.621000E+7,  2.830382E-5
1.621625E+7,  3.635511E-5
1.622250E+7,  4.111789E-5
1.622875E+7,  1.816358E-5
1.623500E+7,  4.633330E-5
1.624125E+7,  1.275465E-4
1.624750E+7,  3.363378E-5
1.625375E+7,  1.016743E-4
1.626000E+7,  1.128614E-4
1.626625E+7,  5.423650E-5
1.627250E+7,  7.728115E-5
1.627875E+7,  5.419366E-5
1.628500E+7,  2.648775E-5
1.629125E+7,  1.570880E-4
1.629750E+7,  6.783381E-5
1.630375E+7,  7.741153E-5
1.631000E+7,  6.553158E-5
1.631625E+7,  1.437217E-4
1.632250E+7,  1.269579E-4
1.632875E+7,  5.912781E-5
1.633500E+7,  1.072660E-4
1.634125E+7,  1.207739E-4
1.634750E+7,  1.181513E-4
1.635375E+7,  6.477907E-5
1.636000E+7,  9.880215E-5
1.636625E+7,  3.681332E-5
1.637250E+7,  8.628145E-5
1.637875E+7,  3.515184E-4
1.638500E+7,  2.652556E-4
1.639125E+7,  1.709312E-4
1.639750E+7,  7.525831E-5
1.640375E+7,  2.875924E-5
1.641000E+7,  1.110062E-4
1.641625E+7,  8.232892E-5
1.642250E+7,  1.285411E-5
1.642875E+7,  6.711483E-5
1.643500E+7,  1.504496E-4
1.644125E+7,  5.146675E-5
1.644750E+7,  5.308911E-5
1.645375E+7,  8.170679E-5
1.646000E+7,  1.402795E-4
1.646625E+7,  1.496300E-4
1.647250E+7,  6.714836E-5
1.647875E+7,  3.498048E-5
1.648500E+7,  1.036972E-4
1.649125E+7,  5.524047E-5
1.649750E+7,  4.924089E-5
1.650375E+7,  2.879184E-5
1.651000E+7,  4.192628E-5
1.651625E+7,  9.623542E-5
1.652250E+7,  6.927922E-5
1.652875E+7,  1.876727E-4
1.653500E+7,  3.467314E-5
1.654125E+7,  1.728069E-5
1.654750E+7,  4.959106E-5
1.655375E+7,  4.193000E-5
1.656000E+7,  4.918501E-5
1.656625E+7,  7.012859E-5
1.657250E+7,  1.629908E-5
1.657875E+7,  5.311891E-5
1.658500E+7,  5.289726E-5
1.659125E+7,  2.898276E-5
1.659750E+7,  7.943809E-5
1.660375E+7,  9.092689E-5
1.661000E+7,  6.394461E-5
1.661625E+7,  1.039123E-5
1.662250E+7,  8.800253E-5
1.662875E+7,  1.006350E-4
1.663500E+7,  1.943111E-4
1.664125E+7,  2.100132E-5
1.664750E+7,  1.232177E-4
1.665375E+7,  2.204776E-4
1.666000E+7,  5.945005E-5
1.666625E+7,  2.658833E-5
1.667250E+7,  8.398294E-5
1.667875E+7,  2.232194E-4
1.668500E+7,  4.927255E-5
1.669125E+7,  6.106496E-5
1.669750E+7,  3.536493E-4
1.670375E+7,  7.767975E-5
1.671000E+7,  1.077689E-4
1.671625E+7,  7.688999E-5
1.672250E+7,  1.574904E-4
1.672875E+7,  8.270890E-5
1.673500E+7,  4.509650E-5
1.674125E+7,  1.020394E-4
1.674750E+7,  5.208142E-5
1.675375E+7,  6.934255E-5
1.676000E+7,  1.443829E-5
1.676625E+7,  9.826198E-5
1.677250E+7,  8.500367E-5
1.677875E+7,  5.229004E-5
1.678500E+7,  1.025870E-4
1.679125E+7,  9.338185E-5
1.679750E+7,  5.208328E-5
1.680375E+7,  1.938455E-5
1.681000E+7,  2.886634E-5
1.681625E+7,  7.602945E-5
1.682250E+7,  2.888590E-5
1.682875E+7,  4.017726E-5
1.683500E+7,  3.619865E-5
1.684125E+7,  1.024157E-4
1.684750E+7,  6.340817E-5
1.685375E+7,  2.312753E-5
1.686000E+7,  5.486608E-5
1.686625E+7,  4.169159E-5
1.687250E+7,  3.626756E-5
1.687875E+7,  5.698577E-5
1.688500E+7,  6.420910E-5
1.689125E+7,  4.670210E-5
1.689750E+7,  7.896498E-5
1.690375E+7,  1.331866E-4
1.691000E+7,  7.066876E-5
1.691625E+7,  8.406863E-5
1.692250E+7,  1.191013E-4
1.692875E+7,  2.590474E-5
1.693500E+7,  1.066700E-4
1.694125E+7,  4.518963E-5
1.694750E+7,  3.391504E-5
1.695375E+7,  9.619817E-5
1.696000E+7,  5.906448E-5
1.696625E+7,  1.042336E-4
1.697250E+7,  9.378418E-5
1.697875E+7,  6.137416E-5
1.698500E+7,  1.576766E-4
1.699125E+7,  8.069724E-5
1.699750E+7,  1.623183E-4
1.700375E+7,  5.819276E-5
1.701000E+7,  1.114495E-4
1.701625E+7,  1.560990E-5
1.702250E+7,  1.392066E-4
1.702875E+7,  2.440885E-4
1.703500E+7,  1.323596E-4
1.704125E+7,  7.736310E-5
1.704750E+7,  1.477674E-4
1.705375E+7,  1.247525E-4
1.706000E+7,  2.235547E-4
1.706625E+7,  4.100800E-5
1.707250E+7,  1.195958E-5
1.707875E+7,  4.988909E-5
1.708500E+7,  4.102662E-5
1.709125E+7,  8.873641E-5
1.709750E+7,  3.030617E-5
1.710375E+7,  4.759431E-5
1.711000E+7,  2.339389E-5
1.711625E+7,  1.561735E-5
1.712250E+7,  7.817894E-5
1.712875E+7,  4.937127E-5
1.713500E+7,  7.785112E-5
1.714125E+7,  3.945082E-5
1.714750E+7,  3.125519E-5
1.715375E+7,  4.723482E-5
1.716000E+7,  8.454919E-5
1.716625E+7,  3.817677E-5
1.717250E+7,  7.595494E-5
1.717875E+7,  6.617233E-5
1.718500E+7,  1.766719E-5
1.719125E+7,  3.246032E-5
1.719750E+7,  6.129220E-5
1.720375E+7,  1.134947E-4
1.721000E+7,  2.325606E-5
1.721625E+7,  9.039789E-5
1.722250E+7,  5.139224E-5
1.722875E+7,  8.222647E-6
1.723500E+7,  1.002997E-4
1.724125E+7,  5.814992E-5
1.724750E+7,  3.129616E-5
1.725375E+7,  3.675558E-5
1.726000E+7,  1.071990E-4
1.726625E+7,  2.908427E-5
1.727250E+7,  1.539886E-4
1.727875E+7,  3.782101E-5
1.728500E+7,  6.501004E-5
1.729125E+7,  3.538467E-5
1.729750E+7,  1.342520E-4
1.730375E+7,  1.518503E-4
1.731000E+7,  8.329377E-5
1.731625E+7,  5.367398E-5
1.732250E+7,  1.018979E-4
1.732875E+7,  4.543364E-5
1.733500E+7,  8.390471E-5
1.734125E+7,  1.397654E-4
1.734750E+7,  1.291931E-4
1.735375E+7,  1.589283E-4
1.736000E+7,  7.040799E-5
1.736625E+7,  1.179725E-4
1.737250E+7,  9.890646E-5
1.737875E+7,  1.019277E-4
1.738500E+7,  1.301896E-5
1.739125E+7,  8.340552E-5
1.739750E+7,  7.710978E-5
1.740375E+7,  4.940480E-5
1.741000E+7,  2.102554E-4
1.741625E+7,  5.275384E-5
1.742250E+7,  1.132861E-4
1.742875E+7,  6.591529E-5
1.743500E+7,  5.740114E-5
1.744125E+7,  2.473779E-5
1.744750E+7,  6.274879E-5
1.745375E+7,  5.839579E-5
1.746000E+7,  1.245365E-4
1.746625E+7,  1.059286E-4
1.747250E+7,  5.827844E-5
1.747875E+7,  4.887395E-5
1.748500E+7,  1.121461E-4
1.749125E+7,  6.736070E-5
1.749750E+7,  1.154095E-4
1.750375E+7,  2.974831E-5
1.751000E+7,  3.142841E-5
1.751625E+7,  6.400421E-5
1.752250E+7,  3.549829E-5
1.752875E+7,  6.095879E-5
1.753500E+7,  3.264286E-5
1.754125E+7,  8.358806E-5
1.754750E+7,  2.978276E-5
1.755375E+7,  5.578995E-5
1.756000E+7,  2.279505E-5
1.756625E+7,  3.513321E-5
1.757250E+7,  5.284883E-5
1.757875E+7,  6.735325E-5
1.758500E+7,  7.035211E-5
1.759125E+7,  5.387515E-5
1.759750E+7,  8.114800E-5
1.760375E+7,  8.758623E-6
1.761000E+7,  1.788065E-4
1.761625E+7,  1.306040E-5
1.762250E+7,  2.225712E-4
1.762875E+7,  6.160140E-5
1.763500E+7,  7.060170E-5
1.764125E+7,  1.169136E-5
1.764750E+7,  4.993193E-5
1.765375E+7,  5.029142E-5
1.766000E+7,  1.116432E-4
1.766625E+7,  5.270354E-5
1.767250E+7,  7.783994E-5
1.767875E+7,  6.543007E-6
1.768500E+7,  5.366653E-5
1.769125E+7,  9.249151E-5
1.769750E+7,  4.919798E-10
1.770375E+7,  6.851181E-5
1.771000E+7,  1.849420E-5
1.771625E+7,  9.940565E-5
1.772250E+7,  7.064641E-5
1.772875E+7,  8.276477E-5
1.773500E+7,  9.367615E-5
1.774125E+7,  6.141141E-5
1.774750E+7,  2.925564E-5
1.775375E+7,  1.112446E-4
1.776000E+7,  3.513694E-5
1.776625E+7,  1.179352E-4
1.777250E+7,  5.966239E-5
1.777875E+7,  5.030073E-5
1.778500E+7,  1.231208E-4
1.779125E+7,  1.434833E-4
1.779750E+7,  5.526282E-5
1.780375E+7,  1.075082E-4
1.781000E+7,  1.806840E-4
1.781625E+7,  4.974566E-5
1.782250E+7,  3.926829E-5
1.782875E+7,  3.803708E-5
1.783500E+7,  2.927985E-5
1.784125E+7,  2.930872E-5
1.784750E+7,  1.107268E-4
1.785375E+7,  3.169104E-5
1.786000E+7,  8.714199E-5
1.786625E+7,  4.358590E-5
1.787250E+7,  4.804134E-5
1.787875E+7,  2.943445E-5
1.788500E+7,  3.563426E-5
1.789125E+7,  7.053837E-5
1.789750E+7,  4.728138E-5
1.790375E+7,  2.346374E-5
1.791000E+7,  7.330254E-5
1.791625E+7,  1.000091E-4
1.792250E+7,  6.271154E-5
1.792875E+7,  3.431551E-5
1.793500E+7,  4.726835E-5
1.794125E+7,  1.210570E-4
1.794750E+7,  1.057424E-4
1.795375E+7,  6.433949E-5
1.796000E+7,  3.434345E-5
1.796625E+7,  1.311302E-5
1.797250E+7,  3.758259E-5
1.797875E+7,  4.271977E-5
1.798500E+7,  1.466507E-5
1.799125E+7,  1.123920E-4
1.799750E+7,  3.424101E-5
1.800375E+7,  1.093224E-4
1.801000E+7,  5.906075E-5
1.801625E+7,  8.660182E-5
1.802250E+7,  1.158267E-4
1.802875E+7,  3.423356E-5
1.803500E+7,  4.232302E-5
1.804125E+7,  6.647408E-5
1.804750E+7,  7.830933E-5
1.805375E+7,  1.522228E-4
1.806000E+7,  7.726625E-5
1.806625E+7,  7.427111E-5
1.807250E+7,  5.050004E-5
1.807875E+7,  6.599724E-5
1.808500E+7,  3.161468E-5
1.809125E+7,  3.944896E-5
1.809750E+7,  2.624933E-5
1.810375E+7,  7.814541E-5
1.811000E+7,  8.533895E-5
1.811625E+7,  1.410693E-4
1.812250E+7,  1.538321E-4
1.812875E+7,  6.048568E-5
1.813500E+7,  8.309633E-5
1.814125E+7,  1.367331E-4
1.814750E+7,  1.794100E-4
1.815375E+7,  7.100403E-5
1.816000E+7,  2.410784E-4
1.816625E+7,  7.919595E-5
1.817250E+7,  3.635883E-5
1.817875E+7,  8.306280E-5
1.818500E+7,  5.412847E-5
1.819125E+7,  7.154047E-5
1.819750E+7,  7.086247E-5
1.820375E+7,  1.363307E-4
1.821000E+7,  3.576279E-5
1.821625E+7,  1.293495E-4
1.822250E+7,  7.760897E-5
1.822875E+7,  7.119402E-5
1.823500E+7,  4.374608E-5
1.824125E+7,  1.027845E-4
1.824750E+7,  5.137734E-5
1.825375E+7,  1.132935E-4
1.826000E+7,  4.211441E-5
1.826625E+7,  1.011342E-4
1.827250E+7,  4.596822E-5
1.827875E+7,  4.086643E-5
1.828500E+7,  4.284829E-5
1.829125E+7,  4.952767E-10
1.829750E+7,  7.923692E-5
1.830375E+7,  6.038137E-5
1.831000E+7,  4.743040E-5
1.831625E+7,  2.142973E-5
1.832250E+7,  5.064532E-5
1.832875E+7,  5.890615E-6
1.833500E+7,  7.931143E-5
1.834125E+7,  5.955249E-5
1.834750E+7,  7.923320E-5
1.835375E+7,  1.006089E-4
1.836000E+7,  3.644079E-5
1.836625E+7,  1.863483E-5
1.837250E+7,  4.749186E-5
1.837875E+7,  6.854907E-5
1.838500E+7,  1.863949E-5
1.839125E+7,  1.860261E-4
1.839750E+7,  1.233816E-4
1.840375E+7,  1.279414E-4
1.841000E+7,  1.375228E-4
1.841625E+7,  8.564442E-5
1.842250E+7,  4.607253E-5
1.842875E+7,  8.511543E-5
1.843500E+7,  2.635736E-5
1.844125E+7,  1.188777E-4
1.844750E+7,  1.971573E-4
1.845375E+7,  1.701638E-4
1.846000E+7,  7.198378E-5
1.846625E+7,  5.408190E-5
1.847250E+7,  1.522750E-4
1.847875E+7,  7.509068E-5
1.848500E+7,  9.669736E-5
1.849125E+7,  1.319777E-5
1.849750E+7,  3.599562E-5
1.850375E+7,  9.503216E-5
1.851000E+7,  1.979154E-5
1.851625E+7,  1.814738E-4
1.852250E+7,  3.339164E-5
1.852875E+7,  1.309738E-4
1.853500E+7,  1.748726E-4
1.854125E+7,  6.381422E-5
1.854750E+7,  1.473650E-4
1.855375E+7,  1.704246E-4
1.856000E+7,  1.505241E-4