SAVED BY: 
TITLE: 
COMMENTS: 
DATE: 10/27/2020
TIME: 1:09 PM

STIMULUS, RESPONSE

8.560000E+6,  1.422241E-4
8.566250E+6,  1.346394E-4
8.572500E+6,  1.368225E-4
8.578750E+6,  1.339838E-4
8.585000E+6,  1.578629E-4
8.591250E+6,  1.303926E-4
8.597500E+6,  1.697689E-4
8.603750E+6,  1.414269E-4
8.610000E+6,  1.556352E-4
8.616250E+6,  1.438037E-4
8.622500E+6,  1.443774E-4
8.628750E+6,  1.413077E-4
8.635000E+6,  1.618341E-4
8.641250E+6,  1.510829E-4
8.647500E+6,  1.543686E-4
8.653750E+6,  1.556277E-4
8.660000E+6,  1.510456E-4
8.666250E+6,  1.697764E-4
8.672500E+6,  1.521856E-4
8.678750E+6,  1.415014E-4
8.685000E+6,  1.486316E-4
8.691250E+6,  1.478493E-4
8.697500E+6,  1.381040E-4
8.703750E+6,  1.609847E-4
8.710000E+6,  1.612678E-4
8.716250E+6,  1.556873E-4
8.722500E+6,  1.460016E-4
8.728750E+6,  1.577213E-4
8.735000E+6,  1.445711E-4
8.741250E+6,  1.518354E-4
8.747500E+6,  1.438558E-4
8.753750E+6,  1.661405E-4
8.760000E+6,  1.598299E-4
8.766250E+6,  1.719296E-4
8.772500E+6,  1.545474E-4
8.778750E+6,  1.697242E-4
8.785000E+6,  1.664460E-4
8.791250E+6,  1.664162E-4
8.797500E+6,  1.654550E-4
8.803750E+6,  1.439378E-4
8.810000E+6,  1.512691E-4
8.816250E+6,  1.736134E-4
8.822500E+6,  1.516715E-4
8.828750E+6,  1.590401E-4
8.835000E+6,  1.487136E-4
8.841250E+6,  1.665503E-4
8.847500E+6,  1.491681E-4
8.853750E+6,  1.676381E-4
8.860000E+6,  1.587421E-4
8.866250E+6,  1.516119E-4
8.872500E+6,  1.513809E-4
8.878750E+6,  1.599267E-4
8.885000E+6,  1.663491E-4
8.891250E+6,  1.774654E-4
8.897500E+6,  1.464486E-4
8.903750E+6,  1.613274E-4
8.910000E+6,  1.613870E-4
8.916250E+6,  1.917034E-4
8.922500E+6,  1.473725E-4
8.928750E+6,  1.862273E-4
8.935000E+6,  1.540482E-4
8.941250E+6,  1.738667E-4
8.947500E+6,  1.601428E-4
8.953750E+6,  1.662448E-4
8.960000E+6,  1.835898E-4
8.966250E+6,  1.814887E-4
8.972500E+6,  1.564547E-4
8.978750E+6,  1.698136E-4
8.985000E+6,  1.737028E-4
8.991250E+6,  1.563877E-4
8.997500E+6,  1.589507E-4
9.003750E+6,  1.785681E-4
9.010000E+6,  1.464561E-4
9.016250E+6,  1.810715E-4
9.022500E+6,  1.862720E-4
9.028750E+6,  1.788884E-4
9.035000E+6,  1.814663E-4
9.041250E+6,  1.587868E-4
9.047500E+6,  1.664609E-4
9.053750E+6,  1.713037E-4
9.060000E+6,  1.665950E-4
9.066250E+6,  1.742393E-4
9.072500E+6,  1.662597E-4
9.078750E+6,  1.896843E-4
9.085000E+6,  1.765788E-4
9.091250E+6,  1.839399E-4
9.097500E+6,  1.673251E-4
9.103750E+6,  1.915023E-4
9.110000E+6,  2.014488E-4
9.116250E+6,  1.816973E-4
9.122500E+6,  1.812726E-4
9.128750E+6,  1.699030E-4
9.135000E+6,  1.757741E-4
9.141250E+6,  1.871511E-4
9.147500E+6,  1.637936E-4
9.153750E+6,  1.987293E-4
9.160000E+6,  1.989156E-4
9.166250E+6,  1.985133E-4
9.172500E+6,  1.673326E-4
9.178750E+6,  1.790524E-4
9.185000E+6,  1.865849E-4
9.191250E+6,  1.645610E-4
9.197500E+6,  1.739115E-4
9.203750E+6,  1.985654E-4
9.210000E+6,  1.938641E-4
9.216250E+6,  1.863688E-4
9.222500E+6,  1.740456E-4
9.228750E+6,  1.818165E-4
9.235000E+6,  1.757294E-4
9.241250E+6,  1.814067E-4
9.247500E+6,  2.039596E-4
9.253750E+6,  1.891926E-4
9.260000E+6,  1.774207E-4
9.266250E+6,  1.839995E-4
9.272500E+6,  1.716912E-4
9.278750E+6,  1.940727E-4
9.285000E+6,  1.742169E-4
9.291250E+6,  2.000406E-4
9.297500E+6,  1.693964E-4
9.303750E+6,  1.790524E-4
9.310000E+6,  1.893416E-4
9.316250E+6,  1.949295E-4
9.322500E+6,  1.865998E-4
9.328750E+6,  1.948029E-4
9.335000E+6,  2.019480E-4
9.341250E+6,  2.142191E-4
9.347500E+6,  2.017692E-4
9.353750E+6,  1.769289E-4
9.360000E+6,  2.046898E-4
9.366250E+6,  2.002269E-4
9.372500E+6,  2.048463E-4
9.378750E+6,  1.975372E-4
9.385000E+6,  1.990199E-4
9.391250E+6,  1.874045E-4
9.397500E+6,  1.942962E-4
9.403750E+6,  2.102330E-4
9.410000E+6,  1.901165E-4
9.416250E+6,  1.918375E-4
9.422500E+6,  1.876205E-4
9.428750E+6,  2.067611E-4
9.435000E+6,  1.923069E-4
9.441250E+6,  1.974404E-4
9.447500E+6,  1.849458E-4
9.453750E+6,  2.095178E-4
9.460000E+6,  1.903772E-4
9.466250E+6,  2.043918E-4
9.472500E+6,  1.877993E-4
9.478750E+6,  2.021194E-4
9.485000E+6,  1.960322E-4
9.491250E+6,  1.986921E-4
9.497500E+6,  2.003387E-4
9.503750E+6,  2.020374E-4
9.510000E+6,  1.763105E-4
9.516250E+6,  2.158955E-4
9.522500E+6,  1.996905E-4
9.528750E+6,  2.078116E-4
9.535000E+6,  2.189353E-4
9.541250E+6,  2.060458E-4
9.547500E+6,  1.720265E-4
9.553750E+6,  2.060235E-4
9.560000E+6,  2.005398E-4
9.566250E+6,  2.034232E-4
9.572500E+6,  2.245754E-4
9.578750E+6,  2.330318E-4
9.585000E+6,  1.972690E-4
9.591250E+6,  1.990795E-4
9.597500E+6,  2.071857E-4
9.603750E+6,  2.170354E-4
9.610000E+6,  2.031699E-4
9.616250E+6,  1.960024E-4
9.622500E+6,  2.204329E-4
9.628750E+6,  2.216846E-4
9.635000E+6,  1.918450E-4
9.641250E+6,  2.046004E-4
9.647500E+6,  2.115220E-4
9.653750E+6,  2.033710E-4
9.660000E+6,  2.133474E-4
9.666250E+6,  2.046302E-4
9.672500E+6,  2.144352E-4
9.678750E+6,  2.250746E-4
9.685000E+6,  1.988113E-4
9.691250E+6,  2.315044E-4
9.697500E+6,  2.170131E-4
9.703750E+6,  2.173185E-4
9.710000E+6,  1.961812E-4
9.716250E+6,  2.117306E-4
9.722500E+6,  2.192780E-4
9.728750E+6,  2.358258E-4
9.735000E+6,  2.313256E-4
9.741250E+6,  2.125204E-4
9.747500E+6,  2.206638E-4
9.753750E+6,  2.146140E-4
9.760000E+6,  2.036691E-4
9.766250E+6,  2.135485E-4
9.772500E+6,  2.190545E-4
9.778750E+6,  2.148747E-4
9.785000E+6,  2.234057E-4
9.791250E+6,  2.352148E-4
9.797500E+6,  2.275631E-4
9.803750E+6,  2.303794E-4
9.810000E+6,  2.234057E-4
9.816250E+6,  2.091900E-4
9.822500E+6,  2.153888E-4
9.828750E+6,  2.265647E-4
9.835000E+6,  2.458841E-4
9.841250E+6,  2.407283E-4
9.847500E+6,  2.347827E-4
9.853750E+6,  2.392605E-4
9.860000E+6,  2.334788E-4
9.866250E+6,  2.404824E-4
9.872500E+6,  2.384335E-4
9.878750E+6,  2.375692E-4
9.885000E+6,  2.252832E-4
9.891250E+6,  2.483130E-4
9.897500E+6,  2.447665E-4
9.903750E+6,  2.211109E-4
9.910000E+6,  2.491921E-4
9.916250E+6,  2.407879E-4
9.922500E+6,  2.209246E-4
9.928750E+6,  2.479404E-4
9.935000E+6,  2.359450E-4
9.941250E+6,  2.515018E-4
9.947500E+6,  2.377480E-4
9.953750E+6,  2.509058E-4
9.960000E+6,  2.406761E-4
9.966250E+6,  2.419576E-4
9.972500E+6,  2.479851E-4
9.978750E+6,  2.524257E-4
9.985000E+6,  2.337843E-4
9.991250E+6,  2.600998E-4
9.997500E+6,  2.447963E-4
1.000375E+7,  2.449900E-4
1.001000E+7,  2.538860E-4
1.001625E+7,  2.633780E-4
1.002250E+7,  2.310723E-4
1.002875E+7,  2.486408E-4
1.003500E+7,  2.442300E-4
1.004125E+7,  2.480298E-4
1.004750E+7,  2.450347E-4
1.005375E+7,  2.571195E-4
1.006000E+7,  2.606809E-4
1.006625E+7,  2.665818E-4
1.007250E+7,  2.419055E-4
1.007875E+7,  2.473742E-4
1.008500E+7,  2.489090E-4
1.009125E+7,  2.391413E-4
1.009750E+7,  2.495944E-4
1.010375E+7,  2.575964E-4
1.011000E+7,  2.556294E-4
1.011625E+7,  2.665371E-4
1.012250E+7,  2.606511E-4
1.012875E+7,  2.643615E-4
1.013500E+7,  2.666265E-4
1.014125E+7,  2.638996E-4
1.014750E+7,  2.600104E-4
1.015375E+7,  2.771169E-4
1.016000E+7,  2.695918E-4
1.016625E+7,  2.741963E-4
1.017250E+7,  2.696216E-4
1.017875E+7,  2.753735E-4
1.018500E+7,  2.803206E-4
1.019125E+7,  2.863556E-4
1.019750E+7,  2.743006E-4
1.020375E+7,  2.671927E-4
1.021000E+7,  2.676100E-4
1.021625E+7,  2.892017E-4
1.022250E+7,  2.700984E-4
1.022875E+7,  2.754778E-4
1.023500E+7,  2.727807E-4
1.024125E+7,  2.785325E-4
1.024750E+7,  2.730638E-4
1.025375E+7,  2.707988E-4
1.026000E+7,  2.755225E-4
1.026625E+7,  2.953112E-4
1.027250E+7,  2.845228E-4
1.027875E+7,  2.904981E-4
1.028500E+7,  2.892613E-4
1.029125E+7,  2.762377E-4
1.029750E+7,  2.793372E-4
1.030375E+7,  2.800375E-4
1.031000E+7,  2.824217E-4
1.031625E+7,  2.958030E-4
1.032250E+7,  2.894700E-4
1.032875E+7,  2.953708E-4
1.033500E+7,  3.028065E-4
1.034125E+7,  2.922267E-4
1.034750E+7,  2.717525E-4
1.035375E+7,  2.994537E-4
1.036000E+7,  2.795756E-4
1.036625E+7,  3.118813E-4
1.037250E+7,  2.988726E-4
1.037875E+7,  2.863854E-4
1.038500E+7,  2.953559E-4
1.039125E+7,  2.830476E-4
1.039750E+7,  2.927333E-4
1.040375E+7,  3.081709E-4
1.041000E+7,  2.795458E-4
1.041625E+7,  3.057122E-4
1.042250E+7,  3.084391E-4
1.042875E+7,  2.959371E-4
1.043500E+7,  2.764463E-4
1.044125E+7,  3.136992E-4
1.044750E+7,  3.021955E-4
1.045375E+7,  3.053546E-4
1.046000E+7,  3.016591E-4
1.046625E+7,  2.993196E-4
1.047250E+7,  3.342628E-4
1.047875E+7,  3.155023E-4
1.048500E+7,  2.995729E-4
1.049125E+7,  3.083199E-4
1.049750E+7,  3.000349E-4
1.050375E+7,  3.118217E-4
1.051000E+7,  3.123730E-4
1.051625E+7,  3.118366E-4
1.052250E+7,  3.023893E-4
1.052875E+7,  3.276616E-4
1.053500E+7,  3.051460E-4
1.054125E+7,  3.248751E-4
1.054750E+7,  3.114790E-4
1.055375E+7,  3.092438E-4
1.056000E+7,  3.277510E-4
1.056625E+7,  3.211945E-4
1.057250E+7,  3.276765E-4
1.057875E+7,  3.154278E-4
1.058500E+7,  3.188699E-4
1.059125E+7,  3.504753E-4
1.059750E+7,  3.124774E-4
1.060375E+7,  3.118515E-4
1.061000E+7,  3.247410E-4
1.061625E+7,  3.404468E-4
1.062250E+7,  3.373474E-4
1.062875E+7,  3.247708E-4
1.063500E+7,  3.352463E-4
1.064125E+7,  3.599674E-4
1.064750E+7,  3.255755E-4
1.065375E+7,  3.376156E-4
1.066000E+7,  3.068745E-4
1.066625E+7,  3.277808E-4
1.067250E+7,  3.347993E-4
1.067875E+7,  3.286898E-4
1.068500E+7,  3.372133E-4
1.069125E+7,  3.442615E-4
1.069750E+7,  3.445446E-4
1.070375E+7,  3.443956E-4
1.071000E+7,  3.278553E-4
1.071625E+7,  3.279597E-4
1.072250E+7,  3.566444E-4
1.072875E+7,  3.411919E-4
1.073500E+7,  3.247410E-4
1.074125E+7,  3.601462E-4
1.074750E+7,  3.534257E-4
1.075375E+7,  3.506988E-4
1.076000E+7,  3.507286E-4
1.076625E+7,  3.565848E-4
1.077250E+7,  3.541559E-4
1.077875E+7,  3.638864E-4
1.078500E+7,  3.475845E-4
1.079125E+7,  3.766119E-4
1.079750E+7,  3.541112E-4
1.080375E+7,  3.570020E-4
1.081000E+7,  3.637075E-4
1.081625E+7,  3.855377E-4
1.082250E+7,  3.760159E-4
1.082875E+7,  3.829151E-4
1.083500E+7,  3.585517E-4
1.084125E+7,  3.731996E-4
1.084750E+7,  3.601313E-4
1.085375E+7,  3.793240E-4
1.086000E+7,  3.546476E-4
1.086625E+7,  3.841519E-4
1.087250E+7,  3.868639E-4
1.087875E+7,  3.862828E-4
1.088500E+7,  3.748238E-4
1.089125E+7,  3.821254E-4
1.089750E+7,  3.915876E-4
1.090375E+7,  3.867447E-4
1.091000E+7,  4.148930E-4
1.091625E+7,  3.838688E-4
1.092250E+7,  3.707558E-4
1.092875E+7,  3.882200E-4
1.093500E+7,  3.931522E-4
1.094125E+7,  3.992170E-4
1.094750E+7,  3.881305E-4
1.095375E+7,  4.196167E-4
1.096000E+7,  3.883988E-4
1.096625E+7,  3.879666E-4
1.097250E+7,  3.846288E-4
1.097875E+7,  4.132241E-4
1.098500E+7,  3.842115E-4
1.099125E+7,  4.007518E-4
1.099750E+7,  4.121810E-4
1.100375E+7,  4.325211E-4
1.101000E+7,  4.155487E-4
1.101625E+7,  4.318357E-4
1.102250E+7,  4.142821E-4
1.102875E+7,  4.356652E-4
1.103500E+7,  4.005134E-4
1.104125E+7,  4.221350E-4
1.104750E+7,  4.224777E-4
1.105375E+7,  4.327893E-4
1.106000E+7,  4.409999E-4
1.106625E+7,  4.432648E-4
1.107250E+7,  4.237741E-4
1.107875E+7,  4.368871E-4
1.108500E+7,  4.417002E-4
1.109125E+7,  4.333705E-4
1.109750E+7,  4.405379E-4
1.110375E+7,  4.487038E-4
1.111000E+7,  4.589856E-4
1.111625E+7,  4.284531E-4
1.112250E+7,  4.422218E-4
1.112875E+7,  4.501045E-4
1.113500E+7,  4.405230E-4
1.114125E+7,  4.533678E-4
1.114750E+7,  4.512668E-4
1.115375E+7,  4.399866E-4
1.116000E+7,  4.533380E-4
1.116625E+7,  4.613400E-4
1.117250E+7,  4.508048E-4
1.117875E+7,  4.716516E-4
1.118500E+7,  4.504770E-4
1.119125E+7,  4.879534E-4
1.119750E+7,  4.758537E-4
1.120375E+7,  4.901290E-4
1.121000E+7,  5.097389E-4
1.121625E+7,  5.240440E-4
1.122250E+7,  5.334318E-4
1.122875E+7,  5.803406E-4
1.123500E+7,  6.031394E-4
1.124125E+7,  6.157458E-4
1.124750E+7,  6.145239E-4
1.125375E+7,  6.210208E-4
1.126000E+7,  5.910397E-4
1.126625E+7,  5.919337E-4
1.127250E+7,  6.319284E-4
1.127875E+7,  5.857050E-4
1.128500E+7,  6.211996E-4
1.129125E+7,  5.555451E-4
1.129750E+7,  5.280375E-4
1.130375E+7,  5.595684E-4
1.131000E+7,  5.618930E-4
1.131625E+7,  5.743504E-4
1.132250E+7,  6.077588E-4
1.132875E+7,  5.996525E-4
1.133500E+7,  5.905330E-4
1.134125E+7,  5.829930E-4
1.134750E+7,  5.769432E-4
1.135375E+7,  5.941391E-4
1.136000E+7,  5.584955E-4
1.136625E+7,  6.190538E-4
1.137250E+7,  6.034374E-4
1.137875E+7,  6.305575E-4
1.138500E+7,  6.001890E-4
1.139125E+7,  6.001592E-4
1.139750E+7,  5.724728E-4
1.140375E+7,  5.944371E-4
1.141000E+7,  5.660057E-4
1.141625E+7,  6.135106E-4
1.142250E+7,  6.007850E-4
1.142875E+7,  6.336868E-4
1.143500E+7,  6.023347E-4
1.144125E+7,  6.319880E-4
1.144750E+7,  6.388724E-4
1.145375E+7,  6.779134E-4
1.146000E+7,  6.767213E-4
1.146625E+7,  6.802082E-4
1.147250E+7,  6.749332E-4
1.147875E+7,  6.668866E-4
1.148500E+7,  6.558001E-4
1.149125E+7,  7.289946E-4
1.149750E+7,  7.497370E-4
1.150375E+7,  7.364154E-4
1.151000E+7,  7.357001E-4
1.151625E+7,  7.316768E-4
1.152250E+7,  7.453263E-4
1.152875E+7,  7.132292E-4
1.153500E+7,  6.947517E-4
1.154125E+7,  7.566512E-4
1.154750E+7,  7.805228E-4
1.155375E+7,  7.713139E-4
1.156000E+7,  8.478761E-4
1.156625E+7,  8.457601E-4
1.157250E+7,  8.358359E-4
1.157875E+7,  8.995533E-4
1.158500E+7,  9.645522E-4
1.159125E+7,  8.354485E-4
1.159750E+7,  8.343458E-4
1.160375E+7,  8.916557E-4
1.161000E+7,  8.527339E-4
1.161625E+7,  9.739101E-4
1.162250E+7,  9.809136E-4
1.162875E+7,  1.170337E-3
1.163500E+7,  1.245856E-3
1.164125E+7,  1.418173E-3
1.164750E+7,  1.532912E-3
1.165375E+7,  1.523376E-3
1.166000E+7,  1.454413E-3
1.166625E+7,  1.594722E-3
1.167250E+7,  1.527131E-3
1.167875E+7,  1.561821E-3
1.168500E+7,  1.563132E-3
1.169125E+7,  1.591921E-3
1.169750E+7,  1.541197E-3
1.170375E+7,  1.590550E-3
1.171000E+7,  1.590610E-3
1.171625E+7,  1.556873E-3
1.172250E+7,  1.586616E-3
1.172875E+7,  1.601875E-3
1.173500E+7,  1.638353E-3
1.174125E+7,  1.599967E-3
1.174750E+7,  1.679599E-3
1.175375E+7,  1.685917E-3
1.176000E+7,  1.683414E-3
1.176625E+7,  1.710653E-3
1.177250E+7,  1.686037E-3
1.177875E+7,  1.707017E-3
1.178500E+7,  1.704752E-3
1.179125E+7,  1.748204E-3
1.179750E+7,  1.730084E-3
1.180375E+7,  1.709878E-3
1.181000E+7,  1.756668E-3
1.181625E+7,  1.725197E-3
1.182250E+7,  1.775444E-3
1.182875E+7,  1.813591E-3
1.183500E+7,  1.804411E-3
1.184125E+7,  1.794100E-3
1.184750E+7,  1.849353E-3
1.185375E+7,  1.834154E-3
1.186000E+7,  1.878262E-3
1.186625E+7,  1.902342E-3
1.187250E+7,  1.920462E-3
1.187875E+7,  1.915336E-3
1.188500E+7,  1.900911E-3
1.189125E+7,  1.936555E-3
1.189750E+7,  1.959801E-3
1.190375E+7,  1.997948E-3
1.191000E+7,  1.967192E-3
1.191625E+7,  2.025366E-3
1.192250E+7,  2.025366E-3
1.192875E+7,  2.028942E-3
1.193500E+7,  2.038717E-3
1.194125E+7,  2.059937E-3
1.194750E+7,  2.109647E-3
1.195375E+7,  2.070904E-3
1.196000E+7,  2.087474E-3
1.196625E+7,  2.071023E-3
1.197250E+7,  2.163529E-3
1.197875E+7,  2.208710E-3
1.198500E+7,  2.183080E-3
1.199125E+7,  2.158046E-3
1.199750E+7,  2.167344E-3
1.200375E+7,  2.234697E-3
1.201000E+7,  2.210855E-3
1.201625E+7,  2.231479E-3
1.202250E+7,  2.250195E-3
1.202875E+7,  2.272129E-3
1.203500E+7,  2.277136E-3
1.204125E+7,  2.280354E-3
1.204750E+7,  2.249122E-3
1.205375E+7,  2.318501E-3
1.206000E+7,  2.284288E-3
1.206625E+7,  2.369642E-3
1.207250E+7,  2.408147E-3
1.207875E+7,  2.357841E-3
1.208500E+7,  2.339959E-3
1.209125E+7,  2.360106E-3
1.209750E+7,  2.394676E-3
1.210375E+7,  2.369285E-3
1.211000E+7,  2.437472E-3
1.211625E+7,  2.411723E-3
1.212250E+7,  2.450228E-3
1.212875E+7,  2.505660E-3
1.213500E+7,  2.502084E-3
1.214125E+7,  2.552032E-3
1.214750E+7,  2.540827E-3
1.215375E+7,  2.562165E-3
1.216000E+7,  2.572060E-3
1.216625E+7,  2.602696E-3
1.217250E+7,  2.614141E-3
1.217875E+7,  2.643943E-3
1.218500E+7,  2.654672E-3
1.219125E+7,  2.688408E-3
1.219750E+7,  2.745390E-3
1.220375E+7,  2.726078E-3
1.221000E+7,  2.773285E-3
1.221625E+7,  2.834558E-3
1.222250E+7,  2.827764E-3
1.222875E+7,  2.813220E-3
1.223500E+7,  2.856493E-3
1.224125E+7,  2.924919E-3
1.224750E+7,  2.944350E-3
1.225375E+7,  2.933979E-3
1.226000E+7,  3.007650E-3
1.226625E+7,  2.991080E-3
1.227250E+7,  3.029585E-3
1.227875E+7,  3.069520E-3
1.228500E+7,  3.107190E-3
1.229125E+7,  3.114104E-3
1.229750E+7,  3.169537E-3
1.230375E+7,  3.176451E-3
1.231000E+7,  3.225565E-3
1.231625E+7,  3.300428E-3
1.232250E+7,  3.341198E-3
1.232875E+7,  3.347278E-3
1.233500E+7,  3.390551E-3
1.234125E+7,  3.404617E-3
1.234750E+7,  3.450751E-3
1.235375E+7,  3.519058E-3
1.236000E+7,  3.498435E-3
1.236625E+7,  3.570080E-3
1.237250E+7,  3.558278E-3
1.237875E+7,  3.631830E-3
1.238500E+7,  3.664255E-3
1.239125E+7,  3.723979E-3
1.239750E+7,  3.728509E-3
1.240375E+7,  3.815770E-3
1.241000E+7,  3.803492E-3
1.241625E+7,  3.913879E-3
1.242250E+7,  3.982306E-3
1.242875E+7,  3.955364E-3
1.243500E+7,  4.035950E-3
1.244125E+7,  4.081011E-3
1.244750E+7,  4.109383E-3
1.245375E+7,  4.183769E-3
1.246000E+7,  4.208326E-3
1.246625E+7,  4.295111E-3
1.247250E+7,  4.328012E-3
1.247875E+7,  4.432917E-3
1.248500E+7,  4.440069E-3
1.249125E+7,  4.565001E-3
1.249750E+7,  4.544735E-3
1.250375E+7,  4.620790E-3
1.251000E+7,  4.656076E-3
1.251625E+7,  4.760742E-3
1.252250E+7,  4.785538E-3
1.252875E+7,  4.852772E-3
1.253500E+7,  4.937410E-3
1.254125E+7,  5.024672E-3
1.254750E+7,  5.065918E-3
1.255375E+7,  5.109787E-3
1.256000E+7,  5.187273E-3
1.256625E+7,  5.354881E-3
1.257250E+7,  5.354404E-3
1.257875E+7,  5.527496E-3
1.258500E+7,  5.548954E-3
1.259125E+7,  5.653858E-3
1.259750E+7,  5.677700E-3
1.260375E+7,  5.812407E-3
1.261000E+7,  5.913496E-3
1.261625E+7,  6.072521E-3
1.262250E+7,  6.048679E-3
1.262875E+7,  6.286383E-3
1.263500E+7,  6.133318E-3
1.264125E+7,  6.331682E-3
1.264750E+7,  6.533146E-3
1.265375E+7,  6.547689E-3
1.266000E+7,  6.702900E-3
1.266625E+7,  6.715059E-3
1.267250E+7,  6.968498E-3
1.267875E+7,  7.164001E-3
1.268500E+7,  7.408142E-3
1.269125E+7,  7.493973E-3
1.269750E+7,  7.200480E-3
1.270375E+7,  7.147789E-3
1.271000E+7,  8.244514E-3
1.271625E+7,  7.694483E-3
1.272250E+7,  7.827282E-3
1.272875E+7,  7.981300E-3
1.273500E+7,  8.260250E-3
1.274125E+7,  8.349895E-3
1.274750E+7,  8.582592E-3
1.275375E+7,  8.589268E-3
1.276000E+7,  8.777618E-3
1.276625E+7,  8.922100E-3
1.277250E+7,  6.664276E-3
1.277875E+7,  8.481979E-3
1.278500E+7,  9.716034E-3
1.279125E+7,  1.013374E-2
1.279750E+7,  9.786606E-3
1.280375E+7,  9.437561E-3
1.281000E+7,  8.757114E-3
1.281625E+7,  1.115656E-2
1.282250E+7,  1.106644E-2
1.282875E+7,  1.099825E-2
1.283500E+7,  1.035547E-2
1.284125E+7,  1.226950E-2
1.284750E+7,  1.227617E-2
1.285375E+7,  1.272011E-2
1.286000E+7,  1.271200E-2
1.286625E+7,  1.338434E-2
1.287250E+7,  1.354408E-2
1.287875E+7,  1.349974E-2
1.288500E+7,  1.354742E-2
1.289125E+7,  1.471186E-2
1.289750E+7,  1.473427E-2
1.290375E+7,  1.473093E-2
1.291000E+7,  1.514196E-2
1.291625E+7,  1.619053E-2
1.292250E+7,  1.432180E-2
1.292875E+7,  1.591301E-2
1.293500E+7,  1.475477E-2
1.294125E+7,  1.556110E-2
1.294750E+7,  1.316786E-2
1.295375E+7,  9.902477E-3
1.296000E+7,  7.975578E-3
1.296625E+7,  7.698059E-3
1.297250E+7,  8.005619E-3
1.297875E+7,  8.160114E-3
1.298500E+7,  8.286476E-3
1.299125E+7,  8.509636E-3
1.299750E+7,  8.713722E-3
1.300375E+7,  8.950710E-3
1.301000E+7,  9.210587E-3
1.301625E+7,  9.453773E-3
1.302250E+7,  9.717464E-3
1.302875E+7,  9.997845E-3
1.303500E+7,  1.028776E-2
1.304125E+7,  1.055765E-2
1.304750E+7,  1.089430E-2
1.305375E+7,  1.118374E-2
1.306000E+7,  1.149750E-2
1.306625E+7,  1.187849E-2
1.307250E+7,  1.224279E-2
1.307875E+7,  1.269197E-2
1.308500E+7,  1.308775E-2
1.309125E+7,  1.355171E-2
1.309750E+7,  1.397085E-2
1.310375E+7,  1.442671E-2
1.311000E+7,  1.491165E-2
1.311625E+7,  1.545334E-2
1.312250E+7,  1.603031E-2
1.312875E+7,  1.665306E-2
1.313500E+7,  1.727772E-2
1.314125E+7,  1.790524E-2
1.314750E+7,  1.863766E-2
1.315375E+7,  1.961803E-2
1.316000E+7,  2.042294E-2
1.316625E+7,  2.127075E-2
1.317250E+7,  2.198219E-2
1.317875E+7,  2.304173E-2
1.318500E+7,  2.398586E-2
1.319125E+7,  2.519512E-2
1.319750E+7,  2.599335E-2
1.320375E+7,  2.719975E-2
1.321000E+7,  2.876663E-2
1.321625E+7,  2.971077E-2
1.322250E+7,  3.109264E-2
1.322875E+7,  3.286552E-2
1.323500E+7,  3.479576E-2
1.324125E+7,  3.700066E-2
1.324750E+7,  3.975487E-2
1.325375E+7,  4.267693E-2
1.326000E+7,  4.471779E-2
1.326625E+7,  4.744339E-2
1.327250E+7,  5.047417E-2
1.327875E+7,  5.415726E-2
1.328500E+7,  5.712318E-2
1.329125E+7,  6.191635E-2
1.329750E+7,  6.585693E-2
1.330375E+7,  6.980896E-2
1.331000E+7,  7.694244E-2
1.331625E+7,  8.259201E-2
1.332250E+7,  9.094238E-2
1.332875E+7,  9.504700E-2
1.333500E+7,  9.994507E-2
1.334125E+7,  1.068649E-1
1.334750E+7,  1.151237E-1
1.335375E+7,  1.274414E-1
1.336000E+7,  1.381226E-1
1.336625E+7,  1.498947E-1
1.337250E+7,  1.672440E-1
1.337875E+7,  1.823502E-1
1.338500E+7,  2.001953E-1
1.339125E+7,  2.248459E-1
1.339750E+7,  2.484665E-1
1.340375E+7,  2.744598E-1
1.341000E+7,  3.056793E-1
1.341625E+7,  3.439636E-1
1.342250E+7,  3.812256E-1
1.342875E+7,  4.233246E-1
1.343500E+7,  4.653168E-1
1.344125E+7,  4.949951E-1
1.344750E+7,  5.260315E-1
1.345375E+7,  5.463257E-1
1.346000E+7,  5.562744E-1
1.346625E+7,  5.639954E-1
1.347250E+7,  5.688171E-1
1.347875E+7,  5.614319E-1
1.348500E+7,  5.510864E-1
1.349125E+7,  5.455627E-1
1.349750E+7,  5.424500E-1
1.350375E+7,  5.448303E-1
1.351000E+7,  5.414734E-1
1.351625E+7,  5.414734E-1
1.352250E+7,  5.447083E-1
1.352875E+7,  5.511169E-1
1.353500E+7,  5.592346E-1
1.354125E+7,  5.672913E-1
1.354750E+7,  5.767517E-1
1.355375E+7,  5.852051E-1
1.356000E+7,  5.903320E-1
1.356625E+7,  5.925293E-1
1.357250E+7,  5.897217E-1
1.357875E+7,  5.830688E-1
1.358500E+7,  5.699768E-1
1.359125E+7,  5.503235E-1
1.359750E+7,  5.274353E-1
1.360375E+7,  5.005493E-1
1.361000E+7,  4.721222E-1
1.361625E+7,  4.440918E-1
1.362250E+7,  4.166870E-1
1.362875E+7,  3.910370E-1
1.363500E+7,  3.671722E-1
1.364125E+7,  3.456726E-1
1.364750E+7,  3.256226E-1
1.365375E+7,  3.079376E-1
1.366000E+7,  2.927246E-1
1.366625E+7,  2.792358E-1
1.367250E+7,  2.668610E-1
1.367875E+7,  2.566071E-1
1.368500E+7,  2.471466E-1
1.369125E+7,  2.384338E-1
1.369750E+7,  2.316055E-1
1.370375E+7,  2.261124E-1
1.371000E+7,  2.213745E-1
1.371625E+7,  2.181702E-1
1.372250E+7,  2.158432E-1
1.372875E+7,  2.149582E-1
1.373500E+7,  2.150345E-1
1.374125E+7,  2.155685E-1
1.374750E+7,  2.180405E-1
1.375375E+7,  2.217178E-1
1.376000E+7,  2.274246E-1
1.376625E+7,  2.342300E-1
1.377250E+7,  2.435226E-1
1.377875E+7,  2.544861E-1
1.378500E+7,  2.671509E-1
1.379125E+7,  2.823792E-1
1.379750E+7,  2.980347E-1
1.380375E+7,  3.128052E-1
1.381000E+7,  3.220062E-1
1.381625E+7,  3.213501E-1
1.382250E+7,  3.074036E-1
1.382875E+7,  2.817383E-1
1.383500E+7,  2.489777E-1
1.384125E+7,  2.157822E-1
1.384750E+7,  1.849289E-1
1.385375E+7,  1.588593E-1
1.386000E+7,  1.367493E-1
1.386625E+7,  1.184959E-1
1.387250E+7,  1.034508E-1
1.387875E+7,  9.095383E-2
1.388500E+7,  8.025360E-2
1.389125E+7,  7.122421E-2
1.389750E+7,  6.360626E-2
1.390375E+7,  5.713272E-2
1.391000E+7,  5.147362E-2
1.391625E+7,  4.659081E-2
1.392250E+7,  4.234314E-2
1.392875E+7,  3.861618E-2
1.393500E+7,  3.530502E-2
1.394125E+7,  3.241539E-2
1.394750E+7,  2.978134E-2
1.395375E+7,  2.745628E-2
1.396000E+7,  2.541924E-2
1.396625E+7,  2.351284E-2
1.397250E+7,  2.179527E-2
1.397875E+7,  2.024651E-2
1.398500E+7,  1.883698E-2
1.399125E+7,  1.757526E-2
1.399750E+7,  1.643467E-2
1.400375E+7,  1.534081E-2
1.401000E+7,  1.441383E-2
1.401625E+7,  1.353550E-2
1.402250E+7,  1.269579E-2
1.402875E+7,  1.196909E-2
1.403500E+7,  1.123333E-2
1.404125E+7,  1.057005E-2
1.404750E+7,  9.988308E-3
1.405375E+7,  9.467125E-3
1.406000E+7,  8.940220E-3
1.406625E+7,  8.430004E-3
1.407250E+7,  8.001804E-3
1.407875E+7,  7.575035E-3
1.408500E+7,  7.207632E-3
1.409125E+7,  6.829500E-3
1.409750E+7,  6.496191E-3
1.410375E+7,  6.161928E-3
1.411000E+7,  5.851269E-3
1.411625E+7,  5.571842E-3
1.412250E+7,  5.338907E-3
1.412875E+7,  5.091906E-3
1.413500E+7,  4.842758E-3
1.414125E+7,  4.610300E-3
1.414750E+7,  4.420042E-3
1.415375E+7,  4.234552E-3
1.416000E+7,  4.039288E-3
1.416625E+7,  3.847957E-3
1.417250E+7,  3.693104E-3
1.417875E+7,  3.529668E-3
1.418500E+7,  3.377557E-3
1.419125E+7,  3.242254E-3
1.419750E+7,  3.121018E-3
1.420375E+7,  3.000736E-3
1.421000E+7,  2.836227E-3
1.421625E+7,  2.756596E-3
1.422250E+7,  2.644539E-3
1.422875E+7,  2.526641E-3
1.423500E+7,  2.435684E-3
1.424125E+7,  2.349377E-3
1.424750E+7,  2.230883E-3
1.425375E+7,  2.157688E-3
1.426000E+7,  2.073526E-3
1.426625E+7,  1.999855E-3
1.427250E+7,  1.933575E-3
1.427875E+7,  1.860738E-3
1.428500E+7,  1.784682E-3
1.429125E+7,  1.743853E-3
1.429750E+7,  1.666665E-3
1.430375E+7,  1.591802E-3
1.431000E+7,  1.532495E-3
1.431625E+7,  1.494825E-3
1.432250E+7,  1.446784E-3
1.432875E+7,  1.386762E-3
1.433500E+7,  1.340389E-3
1.434125E+7,  1.287222E-3
1.434750E+7,  1.245260E-3
1.435375E+7,  1.216292E-3
1.436000E+7,  1.157284E-3
1.436625E+7,  1.147985E-3
1.437250E+7,  1.083434E-3
1.437875E+7,  1.058638E-3
1.438500E+7,  1.035452E-3
1.439125E+7,  9.918213E-4
1.439750E+7,  9.442866E-4
1.440375E+7,  9.260476E-4
1.441000E+7,  8.978248E-4
1.441625E+7,  8.791089E-4
1.442250E+7,  8.386672E-4
1.442875E+7,  8.178949E-4
1.443500E+7,  8.011162E-4
1.444125E+7,  7.849336E-4
1.444750E+7,  7.621944E-4
1.445375E+7,  7.357001E-4
1.446000E+7,  7.053316E-4
1.446625E+7,  6.776154E-4
1.447250E+7,  6.493330E-4
1.447875E+7,  6.333888E-4
1.448500E+7,  6.215870E-4
1.449125E+7,  6.158054E-4
1.449750E+7,  5.887747E-4
1.450375E+7,  5.810559E-4
1.451000E+7,  5.667508E-4
1.451625E+7,  5.327761E-4
1.452250E+7,  5.223453E-4
1.452875E+7,  5.064309E-4
1.453500E+7,  5.038679E-4
1.454125E+7,  4.842132E-4
1.454750E+7,  4.815906E-4
1.455375E+7,  4.582703E-4
1.456000E+7,  4.492998E-4
1.456625E+7,  4.174262E-4
1.457250E+7,  4.222840E-4
1.457875E+7,  3.959388E-4
1.458500E+7,  4.095584E-4
1.459125E+7,  3.966391E-4
1.459750E+7,  4.009306E-4
1.460375E+7,  3.465414E-4
1.461000E+7,  3.737658E-4
1.461625E+7,  3.532171E-4
1.462250E+7,  3.306568E-4
1.462875E+7,  3.265440E-4
1.463500E+7,  3.071725E-4
1.464125E+7,  3.257692E-4
1.464750E+7,  3.137290E-4
1.465375E+7,  3.047287E-4
1.466000E+7,  2.933741E-4
1.466625E+7,  2.724081E-4
1.467250E+7,  2.733767E-4
1.467875E+7,  2.633929E-4
1.468500E+7,  2.715886E-4
1.469125E+7,  2.558529E-4
1.469750E+7,  2.396479E-4
1.470375E+7,  2.302527E-4
1.471000E+7,  2.425462E-4
1.471625E+7,  2.256930E-4
1.472250E+7,  2.257973E-4
1.472875E+7,  2.222061E-4
1.473500E+7,  2.200902E-4
1.474125E+7,  2.282113E-4
1.474750E+7,  2.117604E-4
1.475375E+7,  2.034232E-4
1.476000E+7,  1.874566E-4
1.476625E+7,  2.015233E-4
1.477250E+7,  2.318546E-4
1.477875E+7,  1.907572E-4
1.478500E+7,  1.774505E-4
1.479125E+7,  1.754612E-4
1.479750E+7,  1.694933E-4
1.480375E+7,  1.712739E-4
1.481000E+7,  1.593828E-4
1.481625E+7,  1.704097E-4
1.482250E+7,  1.636595E-4
1.482875E+7,  1.354739E-4
1.483500E+7,  1.515523E-4
1.484125E+7,  1.392439E-4
1.484750E+7,  1.333877E-4
1.485375E+7,  1.538172E-4
1.486000E+7,  1.414791E-4
1.486625E+7,  1.396835E-4
1.487250E+7,  1.290962E-4
1.487875E+7,  1.233444E-4
1.488500E+7,  1.131818E-4
1.489125E+7,  1.242310E-4
1.489750E+7,  1.266822E-4
1.490375E+7,  1.224279E-4
1.491000E+7,  1.095645E-4
1.491625E+7,  1.236647E-4
1.492250E+7,  1.116283E-4
1.492875E+7,  1.096316E-4
1.493500E+7,  1.076125E-4
1.494125E+7,  8.810312E-5
1.494750E+7,  9.000674E-5
1.495375E+7,  8.350611E-5
1.496000E+7,  9.163469E-5
1.496625E+7,  1.018234E-4
1.497250E+7,  1.064911E-4
1.497875E+7,  1.019612E-4
1.498500E+7,  1.079291E-4
1.499125E+7,  8.746237E-5
1.499750E+7,  9.997189E-5
1.500375E+7,  9.984896E-5
1.501000E+7,  6.932020E-5
1.501625E+7,  9.216741E-5
1.502250E+7,  7.581711E-5
1.502875E+7,  6.945804E-5
1.503500E+7,  1.020320E-4
1.504125E+7,  6.604195E-5
1.504750E+7,  7.058308E-5
1.505375E+7,  6.617978E-5
1.506000E+7,  6.810948E-5
1.506625E+7,  3.922917E-5
1.507250E+7,  6.613508E-5
1.507875E+7,  6.353483E-5
1.508500E+7,  8.763373E-5
1.509125E+7,  6.137788E-5
1.509750E+7,  5.312823E-5
1.510375E+7,  8.090958E-5
1.511000E+7,  3.686547E-5
1.511625E+7,  5.616248E-5
1.512250E+7,  6.994605E-5
1.512875E+7,  6.986409E-5
1.513500E+7,  5.471893E-5
1.514125E+7,  5.606748E-5
1.514750E+7,  5.357526E-5
1.515375E+7,  5.212985E-5
1.516000E+7,  6.256253E-5
1.516625E+7,  4.723296E-5
1.517250E+7,  7.160380E-5
1.517875E+7,  4.126318E-5
1.518500E+7,  5.768426E-5
1.519125E+7,  3.923662E-5
1.519750E+7,  1.848396E-5
1.520375E+7,  6.617978E-5
1.521000E+7,  5.146116E-5
1.521625E+7,  4.004501E-5
1.522250E+7,  2.916995E-5
1.522875E+7,  1.868419E-5
1.523500E+7,  3.338419E-5
1.524125E+7,  2.693944E-5
1.524750E+7,  3.744848E-5
1.525375E+7,  3.746152E-5
1.526000E+7,  3.356114E-5
1.526625E+7,  1.890771E-5
1.527250E+7,  3.055297E-5
1.527875E+7,  3.068894E-5
1.528500E+7,  5.690567E-5
1.529125E+7,  4.913099E-5
1.529750E+7,  4.989654E-5
1.530375E+7,  2.992805E-5
1.531000E+7,  5.183741E-5
1.531625E+7,  4.068390E-5
1.532250E+7,  2.286211E-5
1.532875E+7,  2.312288E-5
1.533500E+7,  1.734775E-5
1.534125E+7,  4.205480E-5
1.534750E+7,  2.834946E-5
1.535375E+7,  1.737382E-5
1.536000E+7,  1.175608E-5
1.536625E+7,  1.176866E-5
1.537250E+7,  5.042367E-5
1.537875E+7,  2.545211E-5
1.538500E+7,  3.078952E-5
1.539125E+7,  5.955249E-5
1.539750E+7,  4.766695E-5
1.540375E+7,  3.984571E-5
1.541000E+7,  2.628285E-5
1.541625E+7,  1.610722E-5
1.542250E+7,  1.890399E-5
1.542875E+7,  4.928745E-5
1.543500E+7,  4.100427E-5
1.544125E+7,  3.513135E-5
1.544750E+7,  3.539585E-5
1.545375E+7,  5.231798E-5
1.546000E+7,  9.898096E-6
1.546625E+7,  4.692189E-5
1.547250E+7,  3.987178E-5
1.547875E+7,  2.682395E-5
1.548500E+7,  3.470667E-5
1.549125E+7,  2.537481E-5
1.549750E+7,  4.937313E-5
1.550375E+7,  2.027210E-5
1.551000E+7,  3.240630E-5
1.551625E+7,  2.467167E-5
1.552250E+7,  2.517737E-5
1.552875E+7,  2.388284E-5
1.553500E+7,  2.174824E-5
1.554125E+7,  5.453639E-5
1.554750E+7,  4.771352E-5
1.555375E+7,  2.401695E-5
1.556000E+7,  4.563853E-5
1.556625E+7,  3.606081E-5
1.557250E+7,  4.855357E-5
1.557875E+7,  9.084120E-6
1.558500E+7,  2.308097E-5
1.559125E+7,  1.632236E-5
1.559750E+7,  5.124509E-5
1.560375E+7,  4.903413E-5
1.561000E+7,  1.811795E-5
1.561625E+7,  2.496690E-5
1.562250E+7,  3.322586E-5
1.562875E+7,  1.157820E-5
1.563500E+7,  4.297867E-5
1.564125E+7,  3.141537E-5
1.564750E+7,  1.585484E-5
1.565375E+7,  2.354570E-5
1.566000E+7,  2.990011E-5
1.566625E+7,  1.091789E-5
1.567250E+7,  1.925416E-5
1.567875E+7,  1.532212E-5
1.568500E+7,  3.827736E-6
1.569125E+7,  1.912843E-5
1.569750E+7,  1.378031E-5
1.570375E+7,  3.813766E-5
1.571000E+7,  3.058277E-5
1.571625E+7,  4.084222E-5
1.572250E+7,  2.408866E-5
1.572875E+7,  7.607276E-6
1.573500E+7,  1.367508E-5
1.574125E+7,  1.512794E-5
1.574750E+7,  3.391132E-5
1.575375E+7,  1.562294E-5
1.576000E+7,  1.513585E-5
1.576625E+7,  7.595867E-6
1.577250E+7,  2.275594E-5
1.577875E+7,  2.428982E-5
1.578500E+7,  1.564343E-5
1.579125E+7,  3.033131E-5
1.579750E+7,  1.136493E-5
1.580375E+7,  2.300087E-5
1.581000E+7,  1.362478E-5
1.581625E+7,  2.293382E-5
1.582250E+7,  8.431263E-6
1.582875E+7,  3.103539E-5
1.583500E+7,  2.385769E-5
1.584125E+7,  3.771740E-6
1.584750E+7,  7.543247E-6
1.585375E+7,  2.257526E-5
1.586000E+7,  1.357077E-5
1.586625E+7,  8.405186E-6
1.587250E+7,  1.063105E-5
1.587875E+7,  1.064595E-5
1.588500E+7,  1.879968E-5
1.589125E+7,  1.503434E-5
1.589750E+7,  1.677405E-5
1.590375E+7,  1.678523E-5
1.591000E+7,  1.680851E-5
1.591625E+7,  2.373103E-5
1.592250E+7,  3.023073E-5
1.592875E+7,  2.701394E-5
1.593500E+7,  2.370402E-5
1.594125E+7,  1.674145E-5
1.594750E+7,  1.673121E-5
1.595375E+7,  1.350511E-5
1.596000E+7,  8.363277E-6
1.596625E+7,  1.058355E-5
1.597250E+7,  1.059286E-5
1.597875E+7,  1.124060E-5
1.598500E+7,  2.366025E-5
1.599125E+7,  1.059379E-5
1.599750E+7,  1.543295E-5
1.600375E+7,  9.546429E-5
1.601000E+7,  7.770956E-5
1.601625E+7,  3.089942E-5
1.602250E+7,  2.314337E-5
1.602875E+7,  7.724389E-5
1.603500E+7,  9.266287E-5
1.604125E+7,  5.487539E-5
1.604750E+7,  5.197152E-5
1.605375E+7,  7.809699E-5
1.606000E+7,  1.082607E-4
1.606625E+7,  1.144074E-4
1.607250E+7,  1.045205E-4
1.607875E+7,  8.851662E-5
1.608500E+7,  2.092589E-5
1.609125E+7,  1.041368E-4
1.609750E+7,  2.871617E-6
1.610375E+7,  1.091659E-4
1.611000E+7,  9.422377E-5
1.611625E+7,  1.436193E-5
1.612250E+7,  6.548688E-5
1.612875E+7,  1.435913E-5
1.613500E+7,  5.364418E-5
1.614125E+7,  8.089095E-5
1.614750E+7,  7.008389E-5
1.615375E+7,  5.137920E-5
1.616000E+7,  7.578731E-5
1.616625E+7,  2.072752E-5
1.617250E+7,  1.223162E-4
1.617875E+7,  8.048490E-5
1.618500E+7,  3.734790E-5
1.619125E+7,  3.249757E-5
1.619750E+7,  6.633252E-5
1.620375E+7,  1.724251E-5
1.621000E+7,  1.269579E-4
1.621625E+7,  1.037680E-4
1.622250E+7,  6.274506E-5
1.622875E+7,  5.746260E-5
1.623500E+7,  5.296804E-5
1.624125E+7,  3.350340E-5
1.624750E+7,  7.668510E-5
1.625375E+7,  7.734075E-5
1.626000E+7,  2.649613E-5
1.626625E+7,  6.380677E-5
1.627250E+7,  3.600866E-5
1.627875E+7,  7.515401E-5
1.628500E+7,  2.873247E-6
1.629125E+7,  6.562471E-5
1.629750E+7,  6.461516E-5
1.630375E+7,  9.256229E-5
1.631000E+7,  6.923825E-5
1.631625E+7,  1.247451E-4
1.632250E+7,  9.723008E-5
1.632875E+7,  7.012859E-5
1.633500E+7,  7.357821E-5
1.634125E+7,  8.054450E-5
1.634750E+7,  2.871500E-6
1.635375E+7,  3.990531E-5
1.636000E+7,  2.571009E-5
1.636625E+7,  7.732585E-5
1.637250E+7,  9.780377E-5
1.637875E+7,  5.082972E-5
1.638500E+7,  5.400181E-5
1.639125E+7,  9.363890E-5
1.639750E+7,  7.279962E-5
1.640375E+7,  1.415163E-4
1.641000E+7,  9.004772E-5
1.641625E+7,  2.933666E-5
1.642250E+7,  7.190555E-5
1.642875E+7,  1.404881E-4
1.643500E+7,  5.777925E-5
1.644125E+7,  1.931041E-4
1.644750E+7,  4.277937E-5
1.645375E+7,  7.497892E-5
1.646000E+7,  5.122274E-5
1.646625E+7,  1.843087E-5
1.647250E+7,  7.766858E-5
1.647875E+7,  8.630101E-6
1.648500E+7,  3.463030E-5
1.649125E+7,  2.934225E-5
1.649750E+7,  7.377565E-5
1.650375E+7,  6.936118E-5
1.651000E+7,  4.000962E-5
1.651625E+7,  7.512420E-5
1.652250E+7,  4.383549E-5
1.652875E+7,  1.629535E-5
1.653500E+7,  7.605180E-5
1.654125E+7,  1.139380E-4
1.654750E+7,  1.212694E-4
1.655375E+7,  5.760603E-5
1.656000E+7,  3.113598E-5
1.656625E+7,  8.657947E-5
1.657250E+7,  9.223819E-5
1.657875E+7,  1.006536E-4
1.658500E+7,  5.940348E-5
1.659125E+7,  1.133159E-4
1.659750E+7,  8.946657E-5
1.660375E+7,  6.572157E-5
1.661000E+7,  9.378418E-5
1.661625E+7,  1.573563E-4
1.662250E+7,  3.469922E-5
1.662875E+7,  8.154288E-5
1.663500E+7,  1.189373E-4
1.664125E+7,  7.619336E-5
1.664750E+7,  1.660585E-4
1.665375E+7,  2.328902E-4
1.666000E+7,  6.577000E-5
1.666625E+7,  8.789822E-5
1.667250E+7,  7.139146E-5
1.667875E+7,  8.678809E-5
1.668500E+7,  2.533942E-4
1.669125E+7,  2.552718E-4
1.669750E+7,  2.735704E-4
1.670375E+7,  1.443364E-5
1.671000E+7,  1.131110E-4
1.671625E+7,  1.008920E-4
1.672250E+7,  6.664917E-5
1.672875E+7,  5.777925E-5
1.673500E+7,  5.267188E-5
1.674125E+7,  8.262694E-5
1.674750E+7,  8.963794E-5
1.675375E+7,  7.085502E-5
1.676000E+7,  3.651902E-5
1.676625E+7,  8.840486E-5
1.677250E+7,  6.461143E-5
1.677875E+7,  2.845190E-5
1.678500E+7,  2.947822E-5
1.679125E+7,  5.451031E-5
1.679750E+7,  9.318069E-5
1.680375E+7,  9.981915E-5
1.681000E+7,  9.066612E-5
1.681625E+7,  5.783979E-6
1.682250E+7,  8.384511E-5
1.682875E+7,  4.710816E-5
1.683500E+7,  2.601743E-5
1.684125E+7,  2.383627E-5
1.684750E+7,  8.180737E-6
1.685375E+7,  8.852407E-5
1.686000E+7,  3.654882E-5
1.686625E+7,  1.042709E-5
1.687250E+7,  2.666004E-5
1.687875E+7,  3.233179E-5
1.688500E+7,  6.743893E-5
1.689125E+7,  6.179139E-5
1.689750E+7,  7.519871E-5
1.690375E+7,  7.641315E-5
1.691000E+7,  2.668798E-5
1.691625E+7,  6.726757E-5
1.692250E+7,  3.659725E-5
1.692875E+7,  5.705096E-5
1.693500E+7,  6.505847E-5
1.694125E+7,  9.545684E-5
1.694750E+7,  5.248189E-5
1.695375E+7,  4.637055E-5
1.696000E+7,  6.189197E-5
1.696625E+7,  7.002428E-5
1.697250E+7,  1.209602E-4
1.697875E+7,  3.377907E-5
1.698500E+7,  8.614734E-5
1.699125E+7,  3.240258E-5
1.699750E+7,  5.467981E-5
1.700375E+7,  1.870021E-4
1.701000E+7,  8.618459E-5
1.701625E+7,  1.467243E-4
1.702250E+7,  1.945812E-5
1.702875E+7,  1.161247E-4
1.703500E+7,  9.002909E-5
1.704125E+7,  1.304969E-4
1.704750E+7,  2.593361E-5
1.705375E+7,  1.906753E-4
1.706000E+7,  6.441399E-5
1.706625E+7,  6.483495E-5
1.707250E+7,  2.959184E-5
1.707875E+7,  4.720315E-5
1.708500E+7,  2.737343E-5
1.709125E+7,  4.153512E-5
1.709750E+7,  8.431822E-5
1.710375E+7,  7.063895E-5
1.711000E+7,  4.106015E-5
1.711625E+7,  1.835823E-5
1.712250E+7,  3.398955E-5
1.712875E+7,  1.161080E-5
1.713500E+7,  6.488990E-6
1.714125E+7,  5.716644E-5
1.714750E+7,  6.490387E-6
1.715375E+7,  5.168281E-5
1.716000E+7,  1.195930E-4
1.716625E+7,  1.947861E-5
1.717250E+7,  4.353374E-5
1.717875E+7,  4.688650E-5
1.718500E+7,  9.372458E-5
1.719125E+7,  6.778166E-5
1.719750E+7,  5.173497E-5
1.720375E+7,  7.647648E-5
1.721000E+7,  4.794635E-5
1.721625E+7,  1.243874E-4
1.722250E+7,  4.731491E-5
1.722875E+7,  5.929731E-5
1.723500E+7,  3.249571E-5
1.724125E+7,  3.501028E-5
1.724750E+7,  1.113005E-4
1.725375E+7,  5.264580E-5
1.726000E+7,  6.262958E-5
1.726625E+7,  1.645647E-5
1.727250E+7,  1.163222E-5
1.727875E+7,  4.164502E-5
1.728500E+7,  5.244836E-5
1.729125E+7,  6.290153E-5
1.729750E+7,  9.294972E-5
1.730375E+7,  5.179457E-5
1.731000E+7,  1.537204E-4
1.731625E+7,  2.062246E-4
1.732250E+7,  1.533926E-4
1.732875E+7,  6.791204E-5
1.733500E+7,  3.504381E-5
1.734125E+7,  1.164898E-5
1.734750E+7,  3.552064E-5
1.735375E+7,  5.273521E-5
1.736000E+7,  1.380444E-4
1.736625E+7,  1.647603E-5
1.737250E+7,  5.649962E-5
1.737875E+7,  8.650497E-5
1.738500E+7,  2.021790E-4
1.739125E+7,  1.757145E-4
1.739750E+7,  3.962778E-5
1.740375E+7,  1.164386E-5
1.741000E+7,  3.545731E-5
1.741625E+7,  3.162622E-4
1.742250E+7,  1.803041E-4
1.742875E+7,  3.546663E-5
1.743500E+7,  1.178719E-4
1.744125E+7,  3.411993E-5
1.744750E+7,  1.955591E-5
1.745375E+7,  1.283288E-4
1.746000E+7,  3.260933E-5
1.746625E+7,  9.694695E-5
1.747250E+7,  2.915412E-5
1.747875E+7,  1.465082E-4
1.748500E+7,  2.298281E-4
1.749125E+7,  2.123602E-5
1.749750E+7,  2.353173E-5
1.750375E+7,  5.756877E-5
1.751000E+7,  1.080185E-4
1.751625E+7,  1.246855E-4
1.752250E+7,  4.095584E-5
1.752875E+7,  8.115917E-5
1.753500E+7,  6.562844E-5
1.754125E+7,  3.516488E-5
1.754750E+7,  5.643442E-5
1.755375E+7,  3.517978E-5
1.756000E+7,  4.209019E-5
1.756625E+7,  4.668906E-5
1.757250E+7,  1.219437E-4
1.757875E+7,  2.476573E-5
1.758500E+7,  3.105961E-5
1.759125E+7,  1.775939E-5
1.759750E+7,  9.338185E-5
1.760375E+7,  1.080371E-4
1.761000E+7,  4.683994E-5
1.761625E+7,  3.145635E-5
1.762250E+7,  5.454011E-5
1.762875E+7,  4.100055E-5
1.763500E+7,  4.955940E-5
1.764125E+7,  1.638457E-4
1.764750E+7,  1.778677E-4
1.765375E+7,  1.376793E-4
1.766000E+7,  1.179874E-4
1.766625E+7,  7.116422E-5
1.767250E+7,  1.389533E-4
1.767875E+7,  8.917227E-5
1.768500E+7,  3.269874E-5
1.769125E+7,  3.665872E-5
1.769750E+7,  5.299412E-5
1.770375E+7,  4.717149E-5
1.771000E+7,  1.159459E-4
1.771625E+7,  4.386343E-5
1.772250E+7,  1.059659E-4
1.772875E+7,  5.850336E-6
1.773500E+7,  6.461143E-5
1.774125E+7,  1.093484E-4
1.774750E+7,  1.199320E-4
1.775375E+7,  1.065694E-4
1.776000E+7,  1.088493E-4
1.776625E+7,  1.112856E-4
1.777250E+7,  8.052215E-5
1.777875E+7,  7.404387E-5
1.778500E+7,  3.274530E-5
1.779125E+7,  1.308694E-5
1.779750E+7,  8.793920E-5
1.780375E+7,  2.923161E-4
1.781000E+7,  1.635328E-4
1.781625E+7,  1.185685E-4
1.782250E+7,  1.771674E-4
1.782875E+7,  1.206994E-4
1.783500E+7,  2.619065E-5
1.784125E+7,  7.670373E-5
1.784750E+7,  6.682798E-5
1.785375E+7,  7.973984E-5
1.786000E+7,  3.577769E-5
1.786625E+7,  1.007617E-4
1.787250E+7,  5.401485E-5
1.787875E+7,  4.805066E-5
1.788500E+7,  5.348399E-5
1.789125E+7,  7.184595E-5
1.789750E+7,  3.582239E-5
1.790375E+7,  3.934093E-5
1.791000E+7,  4.199706E-5
1.791625E+7,  1.008809E-4
1.792250E+7,  1.966208E-5
1.792875E+7,  3.566593E-5
1.793500E+7,  1.854729E-5
1.794125E+7,  1.187697E-4
1.794750E+7,  2.768077E-5
1.795375E+7,  6.778166E-5
1.796000E+7,  1.938269E-4
1.796625E+7,  6.774440E-5
1.797250E+7,  8.989125E-5
1.797875E+7,  6.825477E-5
1.798500E+7,  7.350370E-5
1.799125E+7,  2.042875E-4
1.799750E+7,  7.055700E-5
1.800375E+7,  4.486553E-5
1.801000E+7,  3.162026E-5
1.801625E+7,  7.359684E-5
1.802250E+7,  1.169890E-4
1.802875E+7,  1.246557E-4
1.803500E+7,  6.128103E-5
1.804125E+7,  8.716062E-5
1.804750E+7,  4.991144E-5
1.805375E+7,  8.471310E-5
1.806000E+7,  2.708193E-5
1.806625E+7,  2.137013E-5
1.807250E+7,  8.187070E-5
1.807875E+7,  1.969784E-4
1.808500E+7,  1.034252E-4
1.809125E+7,  1.313910E-4
1.809750E+7,  4.731864E-5
1.810375E+7,  1.661386E-5
1.811000E+7,  4.780665E-5
1.811625E+7,  4.126132E-5
1.812250E+7,  2.997462E-5
1.812875E+7,  3.425404E-5
1.813500E+7,  1.325831E-4
1.814125E+7,  2.295617E-5
1.814750E+7,  5.026162E-5
1.815375E+7,  1.524240E-4
1.816000E+7,  4.991516E-5
1.816625E+7,  6.314367E-5
1.817250E+7,  2.370216E-5
1.817875E+7,  2.369191E-5
1.818500E+7,  8.511543E-5
1.819125E+7,  1.189075E-4
1.819750E+7,  8.554012E-5
1.820375E+7,  3.764406E-5
1.821000E+7,  1.316071E-4
1.821625E+7,  9.860471E-5
1.822250E+7,  6.062165E-5
1.822875E+7,  7.678196E-5
1.823500E+7,  1.858845E-4
1.824125E+7,  5.713850E-5
1.824750E+7,  1.627505E-4
1.825375E+7,  3.950298E-5
1.826000E+7,  6.793812E-5
1.826625E+7,  8.373708E-5
1.827250E+7,  2.943166E-5
1.827875E+7,  5.619414E-5
1.828500E+7,  7.678568E-5
1.829125E+7,  5.143322E-5
1.829750E+7,  5.066209E-5
1.830375E+7,  8.009002E-5
1.831000E+7,  6.580725E-5
1.831625E+7,  5.329587E-5
1.832250E+7,  5.243905E-5
1.832875E+7,  3.949180E-5
1.833500E+7,  2.061017E-5
1.834125E+7,  1.069903E-4
1.834750E+7,  4.902855E-5
1.835375E+7,  1.139119E-4
1.836000E+7,  6.541610E-5
1.836625E+7,  9.507313E-5
1.837250E+7,  5.535409E-5
1.837875E+7,  6.953999E-5
1.838500E+7,  1.344904E-4
1.839125E+7,  7.460639E-5
1.839750E+7,  5.073659E-5
1.840375E+7,  9.099767E-5
1.841000E+7,  8.679181E-5
1.841625E+7,  6.012246E-5
1.842250E+7,  1.319312E-5
1.842875E+7,  1.022182E-4
1.843500E+7,  6.597117E-5
1.844125E+7,  3.832392E-5
1.844750E+7,  1.095533E-4
1.845375E+7,  1.080371E-4
1.846000E+7,  6.464496E-5
1.846625E+7,  3.078952E-5
1.847250E+7,  5.695224E-5
1.847875E+7,  1.058914E-4
1.848500E+7,  1.473725E-4
1.849125E+7,  1.216903E-4
1.849750E+7,  3.190525E-5
1.850375E+7,  5.901419E-5
1.851000E+7,  4.253909E-5
1.851625E+7,  8.349493E-5
1.852250E+7,  1.360476E-4
1.852875E+7,  1.770258E-5
1.853500E+7,  2.953969E-5
1.854125E+7,  1.074299E-4
1.854750E+7,  1.190268E-4
1.855375E+7,  2.506748E-5
1.856000E+7,  7.304177E-5