SAVED BY: 
TITLE: 
COMMENTS: 
DATE: 10/27/2020
TIME: 1:44 PM

STIMULUS, RESPONSE

8.560000E+6,  1.436546E-4
8.566250E+6,  1.684874E-4
8.572500E+6,  1.794770E-4
8.578750E+6,  1.637191E-4
8.585000E+6,  1.490936E-4
8.591250E+6,  1.687258E-4
8.597500E+6,  1.514256E-4
8.603750E+6,  1.463816E-4
8.610000E+6,  1.597852E-4
8.616250E+6,  1.709610E-4
8.622500E+6,  1.640171E-4
8.628750E+6,  1.642630E-4
8.635000E+6,  1.761243E-4
8.641250E+6,  1.634210E-4
8.647500E+6,  1.631826E-4
8.653750E+6,  1.711026E-4
8.660000E+6,  1.740530E-4
8.666250E+6,  1.689568E-4
8.672500E+6,  1.461133E-4
8.678750E+6,  1.796037E-4
8.685000E+6,  1.562312E-4
8.691250E+6,  1.886562E-4
8.697500E+6,  1.736060E-4
8.703750E+6,  1.660064E-4
8.710000E+6,  1.689121E-4
8.716250E+6,  1.514107E-4
8.722500E+6,  1.661405E-4
8.728750E+6,  1.834705E-4
8.735000E+6,  1.643598E-4
8.741250E+6,  1.766160E-4
8.747500E+6,  1.866668E-4
8.753750E+6,  1.768395E-4
8.760000E+6,  1.564473E-4
8.766250E+6,  1.464039E-4
8.772500E+6,  1.689047E-4
8.778750E+6,  1.663044E-4
8.785000E+6,  1.857951E-4
8.791250E+6,  1.861677E-4
8.797500E+6,  1.856983E-4
8.803750E+6,  1.736879E-4
8.810000E+6,  1.814142E-4
8.816250E+6,  1.785681E-4
8.822500E+6,  1.865476E-4
8.828750E+6,  1.762509E-4
8.835000E+6,  1.641810E-4
8.841250E+6,  1.809001E-4
8.847500E+6,  1.724437E-4
8.853750E+6,  1.785606E-4
8.860000E+6,  1.809895E-4
8.866250E+6,  1.696497E-4
8.872500E+6,  1.741946E-4
8.878750E+6,  1.885369E-4
8.885000E+6,  1.537129E-4
8.891250E+6,  1.861081E-4
8.897500E+6,  1.932904E-4
8.903750E+6,  1.884773E-4
8.910000E+6,  1.914501E-4
8.916250E+6,  1.935065E-4
8.922500E+6,  1.663193E-4
8.928750E+6,  1.669899E-4
8.935000E+6,  2.013296E-4
8.941250E+6,  1.827180E-4
8.947500E+6,  1.664758E-4
8.953750E+6,  1.860559E-4
8.960000E+6,  1.784489E-4
8.966250E+6,  2.034009E-4
8.972500E+6,  2.049133E-4
8.978750E+6,  2.083406E-4
8.985000E+6,  1.867935E-4
8.991250E+6,  1.812652E-4
8.997500E+6,  1.885816E-4
9.003750E+6,  1.909956E-4
9.010000E+6,  2.033114E-4
9.016250E+6,  1.815781E-4
9.022500E+6,  1.894683E-4
9.028750E+6,  1.968145E-4
9.035000E+6,  1.770854E-4
9.041250E+6,  2.121478E-4
9.047500E+6,  1.984760E-4
9.053750E+6,  1.867712E-4
9.060000E+6,  1.933202E-4
9.066250E+6,  1.984984E-4
9.072500E+6,  1.796409E-4
9.078750E+6,  1.852289E-4
9.085000E+6,  1.797378E-4
9.091250E+6,  1.969114E-4
9.097500E+6,  1.994967E-4
9.103750E+6,  2.059266E-4
9.110000E+6,  1.970306E-4
9.116250E+6,  2.277642E-4
9.122500E+6,  1.942217E-4
9.128750E+6,  1.937151E-4
9.135000E+6,  1.989678E-4
9.141250E+6,  2.010465E-4
9.147500E+6,  2.068058E-4
9.153750E+6,  2.014115E-4
9.160000E+6,  2.168119E-4
9.166250E+6,  2.022311E-4
9.172500E+6,  2.142712E-4
9.178750E+6,  2.009943E-4
9.185000E+6,  2.160594E-4
9.191250E+6,  2.122745E-4
9.197500E+6,  1.940504E-4
9.203750E+6,  2.260730E-4
9.210000E+6,  1.745746E-4
9.216250E+6,  2.140403E-4
9.222500E+6,  1.971126E-4
9.228750E+6,  2.151579E-4
9.235000E+6,  2.124086E-4
9.241250E+6,  2.142712E-4
9.247500E+6,  2.070442E-4
9.253750E+6,  2.215952E-4
9.260000E+6,  2.138689E-4
9.266250E+6,  2.142787E-4
9.272500E+6,  2.013221E-4
9.278750E+6,  2.281219E-4
9.285000E+6,  2.000406E-4
9.291250E+6,  2.013072E-4
9.297500E+6,  2.155975E-4
9.303750E+6,  2.211481E-4
9.310000E+6,  2.072155E-4
9.316250E+6,  2.031475E-4
9.322500E+6,  2.167970E-4
9.328750E+6,  2.173632E-4
9.335000E+6,  2.325624E-4
9.341250E+6,  2.270639E-4
9.347500E+6,  2.103299E-4
9.353750E+6,  2.002195E-4
9.360000E+6,  2.073646E-4
9.366250E+6,  2.085045E-4
9.372500E+6,  2.073050E-4
9.378750E+6,  2.155527E-4
9.385000E+6,  2.197996E-4
9.391250E+6,  2.112165E-4
9.397500E+6,  2.085194E-4
9.403750E+6,  2.189651E-4
9.410000E+6,  2.294853E-4
9.416250E+6,  2.267510E-4
9.422500E+6,  1.975670E-4
9.428750E+6,  2.313405E-4
9.435000E+6,  2.230033E-4
9.441250E+6,  2.373755E-4
9.447500E+6,  2.316087E-4
9.453750E+6,  2.140105E-4
9.460000E+6,  2.325326E-4
9.466250E+6,  2.308786E-4
9.472500E+6,  2.209693E-4
9.478750E+6,  2.354085E-4
9.485000E+6,  2.339259E-4
9.491250E+6,  2.410486E-4
9.497500E+6,  2.444983E-4
9.503750E+6,  2.252832E-4
9.510000E+6,  2.246723E-4
9.516250E+6,  2.296120E-4
9.522500E+6,  2.411380E-4
9.528750E+6,  2.542883E-4
9.535000E+6,  2.202690E-4
9.541250E+6,  2.202541E-4
9.547500E+6,  2.228320E-4
9.553750E+6,  2.143160E-4
9.560000E+6,  2.427846E-4
9.566250E+6,  2.584010E-4
9.572500E+6,  2.202690E-4
9.578750E+6,  2.341270E-4
9.585000E+6,  2.317727E-4
9.591250E+6,  2.288818E-4
9.597500E+6,  2.345368E-4
9.603750E+6,  2.670586E-4
9.610000E+6,  2.229661E-4
9.616250E+6,  2.631992E-4
9.622500E+6,  2.357960E-4
9.628750E+6,  2.487898E-4
9.635000E+6,  2.668053E-4
9.641250E+6,  2.504736E-4
9.647500E+6,  2.513528E-4
9.653750E+6,  2.498329E-4
9.660000E+6,  2.575219E-4
9.666250E+6,  2.703071E-4
9.672500E+6,  2.348274E-4
9.678750E+6,  2.501011E-4
9.685000E+6,  2.500117E-4
9.691250E+6,  2.149493E-4
9.697500E+6,  2.478063E-4
9.703750E+6,  2.505779E-4
9.710000E+6,  2.500564E-4
9.716250E+6,  2.448261E-4
9.722500E+6,  2.486110E-4
9.728750E+6,  2.575070E-4
9.735000E+6,  2.530664E-4
9.741250E+6,  2.501160E-4
9.747500E+6,  2.634078E-4
9.753750E+6,  2.673715E-4
9.760000E+6,  2.617091E-4
9.766250E+6,  2.559870E-4
9.772500E+6,  2.537221E-4
9.778750E+6,  2.629310E-4
9.785000E+6,  2.506673E-4
9.791250E+6,  2.540201E-4
9.797500E+6,  2.772659E-4
9.803750E+6,  2.600998E-4
9.810000E+6,  2.688020E-4
9.816250E+6,  2.646744E-4
9.822500E+6,  2.701432E-4
9.828750E+6,  2.691299E-4
9.835000E+6,  2.548099E-4
9.841250E+6,  2.692789E-4
9.847500E+6,  2.609789E-4
9.853750E+6,  2.918094E-4
9.860000E+6,  2.662539E-4
9.866250E+6,  2.797693E-4
9.872500E+6,  2.807677E-4
9.878750E+6,  2.474934E-4
9.885000E+6,  2.544671E-4
9.891250E+6,  2.793372E-4
9.897500E+6,  2.756268E-4
9.903750E+6,  2.565980E-4
9.910000E+6,  2.709031E-4
9.916250E+6,  2.956837E-4
9.922500E+6,  2.730936E-4
9.928750E+6,  2.662092E-4
9.935000E+6,  2.959669E-4
9.941250E+6,  2.958179E-4
9.947500E+6,  2.853721E-4
9.953750E+6,  2.869666E-4
9.960000E+6,  2.885014E-4
9.966250E+6,  2.852082E-4
9.972500E+6,  2.851486E-4
9.978750E+6,  2.861470E-4
9.985000E+6,  2.723783E-4
9.991250E+6,  2.996325E-4
9.997500E+6,  2.920628E-4
1.000375E+7,  2.949983E-4
1.001000E+7,  3.082901E-4
1.001625E+7,  2.898276E-4
1.002250E+7,  2.627820E-4
1.002875E+7,  2.982765E-4
1.003500E+7,  2.917051E-4
1.004125E+7,  3.142655E-4
1.004750E+7,  3.128648E-4
1.005375E+7,  3.041625E-4
1.006000E+7,  2.770424E-4
1.006625E+7,  2.980232E-4
1.007250E+7,  2.850890E-4
1.007875E+7,  3.014356E-4
1.008500E+7,  3.014952E-4
1.009125E+7,  2.919137E-4
1.009750E+7,  2.916753E-4
1.010375E+7,  3.266335E-4
1.011000E+7,  3.077984E-4
1.011625E+7,  2.979487E-4
1.012250E+7,  2.890527E-4
1.012875E+7,  3.011376E-4
1.013500E+7,  2.885759E-4
1.014125E+7,  3.339350E-4
1.014750E+7,  3.009140E-4
1.015375E+7,  3.109723E-4
1.016000E+7,  3.139526E-4
1.016625E+7,  3.168881E-4
1.017250E+7,  3.176183E-4
1.017875E+7,  3.237128E-4
1.018500E+7,  2.950877E-4
1.019125E+7,  3.205687E-4
1.019750E+7,  3.105402E-4
1.020375E+7,  3.142804E-4
1.021000E+7,  3.203750E-4
1.021625E+7,  3.109276E-4
1.022250E+7,  3.298223E-4
1.022875E+7,  3.298819E-4
1.023500E+7,  3.329962E-4
1.024125E+7,  3.331006E-4
1.024750E+7,  3.264546E-4
1.025375E+7,  3.269911E-4
1.026000E+7,  3.241301E-4
1.026625E+7,  3.364235E-4
1.027250E+7,  3.238022E-4
1.027875E+7,  3.466159E-4
1.028500E+7,  3.239512E-4
1.029125E+7,  3.362894E-4
1.029750E+7,  3.173351E-4
1.030375E+7,  3.369302E-4
1.031000E+7,  3.300160E-4
1.031625E+7,  3.206581E-4
1.032250E+7,  3.399104E-4
1.032875E+7,  3.523082E-4
1.033500E+7,  3.242493E-4
1.034125E+7,  3.526360E-4
1.034750E+7,  3.333241E-4
1.035375E+7,  3.403127E-4
1.036000E+7,  3.561378E-4
1.036625E+7,  3.442764E-4
1.037250E+7,  3.463328E-4
1.037875E+7,  3.496855E-4
1.038500E+7,  3.337711E-4
1.039125E+7,  3.542453E-4
1.039750E+7,  3.560185E-4
1.040375E+7,  3.625602E-4
1.041000E+7,  3.534257E-4
1.041625E+7,  3.463626E-4
1.042250E+7,  3.687441E-4
1.042875E+7,  3.751665E-4
1.043500E+7,  3.559738E-4
1.044125E+7,  3.723651E-4
1.044750E+7,  3.686249E-4
1.045375E+7,  3.564358E-4
1.046000E+7,  3.588647E-4
1.046625E+7,  3.596544E-4
1.047250E+7,  3.814995E-4
1.047875E+7,  3.885925E-4
1.048500E+7,  3.850162E-4
1.049125E+7,  3.689080E-4
1.049750E+7,  3.506839E-4
1.050375E+7,  3.728569E-4
1.051000E+7,  3.662407E-4
1.051625E+7,  3.818423E-4
1.052250E+7,  3.562868E-4
1.052875E+7,  3.980845E-4
1.053500E+7,  3.881454E-4
1.054125E+7,  3.793240E-4
1.054750E+7,  3.819317E-4
1.055375E+7,  3.751367E-4
1.056000E+7,  3.954768E-4
1.056625E+7,  4.134476E-4
1.057250E+7,  3.864318E-4
1.057875E+7,  4.060566E-4
1.058500E+7,  3.967434E-4
1.059125E+7,  3.904253E-4
1.059750E+7,  3.917962E-4
1.060375E+7,  3.957748E-4
1.061000E+7,  3.997236E-4
1.061625E+7,  4.111081E-4
1.062250E+7,  4.192144E-4
1.062875E+7,  4.070103E-4
1.063500E+7,  4.231632E-4
1.064125E+7,  3.957748E-4
1.064750E+7,  4.144311E-4
1.065375E+7,  4.139394E-4
1.066000E+7,  4.191101E-4
1.066625E+7,  4.111677E-4
1.067250E+7,  4.099011E-4
1.067875E+7,  4.137605E-4
1.068500E+7,  4.209280E-4
1.069125E+7,  4.151911E-4
1.069750E+7,  4.226714E-4
1.070375E+7,  4.357994E-4
1.071000E+7,  4.177094E-4
1.071625E+7,  4.183501E-4
1.072250E+7,  4.312843E-4
1.072875E+7,  4.384518E-4
1.073500E+7,  4.253089E-4
1.074125E+7,  4.403293E-4
1.074750E+7,  4.252195E-4
1.075375E+7,  4.528761E-4
1.076000E+7,  4.360825E-4
1.076625E+7,  4.591644E-4
1.077250E+7,  4.355311E-4
1.077875E+7,  4.473180E-4
1.078500E+7,  4.345328E-4
1.079125E+7,  4.392117E-4
1.079750E+7,  4.567802E-4
1.080375E+7,  4.391223E-4
1.081000E+7,  4.468560E-4
1.081625E+7,  4.671067E-4
1.082250E+7,  4.598200E-4
1.082875E+7,  4.485101E-4
1.083500E+7,  4.651695E-4
1.084125E+7,  4.514009E-4
1.084750E+7,  4.577488E-4
1.085375E+7,  4.519075E-4
1.086000E+7,  4.482865E-4
1.086625E+7,  4.708171E-4
1.087250E+7,  4.559159E-4
1.087875E+7,  4.666746E-4
1.088500E+7,  4.702806E-4
1.089125E+7,  4.997551E-4
1.089750E+7,  4.735142E-4
1.090375E+7,  4.859716E-4
1.091000E+7,  4.713535E-4
1.091625E+7,  4.970431E-4
1.092250E+7,  4.917383E-4
1.092875E+7,  4.825592E-4
1.093500E+7,  4.827976E-4
1.094125E+7,  4.883409E-4
1.094750E+7,  4.912019E-4
1.095375E+7,  4.867166E-4
1.096000E+7,  4.849285E-4
1.096625E+7,  5.155802E-4
1.097250E+7,  5.084872E-4
1.097875E+7,  4.941523E-4
1.098500E+7,  5.071163E-4
1.099125E+7,  5.284250E-4
1.099750E+7,  5.205572E-4
1.100375E+7,  5.092323E-4
1.101000E+7,  4.976094E-4
1.101625E+7,  5.265176E-4
1.102250E+7,  4.964769E-4
1.102875E+7,  5.188882E-4
1.103500E+7,  5.222559E-4
1.104125E+7,  5.313754E-4
1.104750E+7,  5.325675E-4
1.105375E+7,  5.154908E-4
1.106000E+7,  5.325973E-4
1.106625E+7,  5.218089E-4
1.107250E+7,  5.325973E-4
1.107875E+7,  5.347133E-4
1.108500E+7,  5.394518E-4
1.109125E+7,  5.463064E-4
1.109750E+7,  5.410612E-4
1.110375E+7,  5.787909E-4
1.111000E+7,  5.567968E-4
1.111625E+7,  5.661547E-4
1.112250E+7,  5.570650E-4
1.112875E+7,  5.539358E-4
1.113500E+7,  5.664527E-4
1.114125E+7,  5.576015E-4
1.114750E+7,  5.621910E-4
1.115375E+7,  5.979836E-4
1.116000E+7,  5.634427E-4
1.116625E+7,  5.933344E-4
1.117250E+7,  5.753636E-4
1.117875E+7,  5.896389E-4
1.118500E+7,  5.787015E-4
1.119125E+7,  6.043613E-4
1.119750E+7,  5.884469E-4
1.120375E+7,  6.246269E-4
1.121000E+7,  6.400049E-4
1.121625E+7,  6.607771E-4
1.122250E+7,  6.915033E-4
1.122875E+7,  7.535815E-4
1.123500E+7,  7.756352E-4
1.124125E+7,  7.836819E-4
1.124750E+7,  7.694066E-4
1.125375E+7,  7.589459E-4
1.126000E+7,  7.540882E-4
1.126625E+7,  7.595718E-4
1.127250E+7,  8.039176E-4
1.127875E+7,  7.567406E-4
1.128500E+7,  7.575452E-4
1.129125E+7,  7.353723E-4
1.129750E+7,  6.916523E-4
1.130375E+7,  7.179677E-4
1.131000E+7,  7.222891E-4
1.131625E+7,  7.438362E-4
1.132250E+7,  7.888079E-4
1.132875E+7,  7.825494E-4
1.133500E+7,  7.883906E-4
1.134125E+7,  7.572174E-4
1.134750E+7,  7.501543E-4
1.135375E+7,  7.443428E-4
1.136000E+7,  7.158816E-4
1.136625E+7,  7.572174E-4
1.137250E+7,  7.740557E-4
1.137875E+7,  7.902086E-4
1.138500E+7,  7.914007E-4
1.139125E+7,  7.795691E-4
1.139750E+7,  7.615089E-4
1.140375E+7,  7.460117E-4
1.141000E+7,  7.410347E-4
1.141625E+7,  7.404983E-4
1.142250E+7,  7.688403E-4
1.142875E+7,  8.060038E-4
1.143500E+7,  7.708371E-4
1.144125E+7,  7.739663E-4
1.144750E+7,  8.748770E-4
1.145375E+7,  8.710027E-4
1.146000E+7,  8.739829E-4
1.146625E+7,  9.158254E-4
1.147250E+7,  8.659065E-4
1.147875E+7,  8.577704E-4
1.148500E+7,  8.763373E-4
1.149125E+7,  9.768605E-4
1.149750E+7,  9.754300E-4
1.150375E+7,  9.620190E-4
1.151000E+7,  9.552240E-4
1.151625E+7,  9.533465E-4
1.152250E+7,  9.699166E-4
1.152875E+7,  9.087622E-4
1.153500E+7,  8.932948E-4
1.154125E+7,  1.003683E-3
1.154750E+7,  1.010120E-3
1.155375E+7,  9.863973E-4
1.156000E+7,  1.112282E-3
1.156625E+7,  1.122057E-3
1.157250E+7,  1.123130E-3
1.157875E+7,  1.123786E-3
1.158500E+7,  1.213789E-3
1.159125E+7,  1.106560E-3
1.159750E+7,  1.073182E-3
1.160375E+7,  1.141131E-3
1.161000E+7,  1.152337E-3
1.161625E+7,  1.267016E-3
1.162250E+7,  1.308084E-3
1.162875E+7,  1.533985E-3
1.163500E+7,  1.620471E-3
1.164125E+7,  1.813769E-3
1.164750E+7,  1.990080E-3
1.165375E+7,  1.994610E-3
1.166000E+7,  1.921833E-3
1.166625E+7,  2.113461E-3
1.167250E+7,  1.960278E-3
1.167875E+7,  2.026200E-3
1.168500E+7,  2.037168E-3
1.169125E+7,  2.056360E-3
1.169750E+7,  2.057672E-3
1.170375E+7,  2.113342E-3
1.171000E+7,  2.062678E-3
1.171625E+7,  2.110720E-3
1.172250E+7,  2.073288E-3
1.172875E+7,  2.143145E-3
1.173500E+7,  2.108455E-3
1.174125E+7,  2.160907E-3
1.174750E+7,  2.199650E-3
1.175375E+7,  2.191544E-3
1.176000E+7,  2.221942E-3
1.176625E+7,  2.239823E-3
1.177250E+7,  2.225995E-3
1.177875E+7,  2.282262E-3
1.178500E+7,  2.248287E-3
1.179125E+7,  2.301335E-3
1.179750E+7,  2.313256E-3
1.180375E+7,  2.295136E-3
1.181000E+7,  2.293348E-3
1.181625E+7,  2.290487E-3
1.182250E+7,  2.366185E-3
1.182875E+7,  2.408743E-3
1.183500E+7,  2.407432E-3
1.184125E+7,  2.409458E-3
1.184750E+7,  2.452612E-3
1.185375E+7,  2.474904E-3
1.186000E+7,  2.516270E-3
1.186625E+7,  2.498746E-3
1.187250E+7,  2.486706E-3
1.187875E+7,  2.562642E-3
1.188500E+7,  2.614737E-3
1.189125E+7,  2.605557E-3
1.189750E+7,  2.626538E-3
1.190375E+7,  2.662897E-3
1.191000E+7,  2.659082E-3
1.191625E+7,  2.662897E-3
1.192250E+7,  2.690911E-3
1.192875E+7,  2.690673E-3
1.193500E+7,  2.743602E-3
1.194125E+7,  2.732992E-3
1.194750E+7,  2.758384E-3
1.195375E+7,  2.786398E-3
1.196000E+7,  2.782702E-3
1.196625E+7,  2.822042E-3
1.197250E+7,  2.851844E-3
1.197875E+7,  2.866983E-3
1.198500E+7,  2.902746E-3
1.199125E+7,  2.935529E-3
1.199750E+7,  2.881050E-3
1.200375E+7,  2.974391E-3
1.201000E+7,  3.014445E-3
1.201625E+7,  2.997518E-3
1.202250E+7,  3.049731E-3
1.202875E+7,  3.023982E-3
1.203500E+7,  3.080964E-3
1.204125E+7,  3.066540E-3
1.204750E+7,  3.038764E-3
1.205375E+7,  3.142238E-3
1.206000E+7,  3.081203E-3
1.206625E+7,  3.234625E-3
1.207250E+7,  3.233790E-3
1.207875E+7,  3.227115E-3
1.208500E+7,  3.186107E-3
1.209125E+7,  3.228545E-3
1.209750E+7,  3.201127E-3
1.210375E+7,  3.260851E-3
1.211000E+7,  3.291130E-3
1.211625E+7,  3.330588E-3
1.212250E+7,  3.332853E-3
1.212875E+7,  3.413677E-3
1.213500E+7,  3.390789E-3
1.214125E+7,  3.431439E-3
1.214750E+7,  3.412008E-3
1.215375E+7,  3.513098E-3
1.216000E+7,  3.504157E-3
1.216625E+7,  3.524542E-3
1.217250E+7,  3.546119E-3
1.217875E+7,  3.562093E-3
1.218500E+7,  3.576636E-3
1.219125E+7,  3.692269E-3
1.219750E+7,  3.717422E-3
1.220375E+7,  3.751278E-3
1.221000E+7,  3.794670E-3
1.221625E+7,  3.806114E-3
1.222250E+7,  3.879905E-3
1.222875E+7,  3.907442E-3
1.223500E+7,  3.964424E-3
1.224125E+7,  3.948450E-3
1.224750E+7,  4.003048E-3
1.225375E+7,  4.087687E-3
1.226000E+7,  4.112244E-3
1.226625E+7,  4.113197E-3
1.227250E+7,  4.148960E-3
1.227875E+7,  4.193544E-3
1.228500E+7,  4.235506E-3
1.229125E+7,  4.356384E-3
1.229750E+7,  4.377842E-3
1.230375E+7,  4.371881E-3
1.231000E+7,  4.446507E-3
1.231625E+7,  4.462957E-3
1.232250E+7,  4.564285E-3
1.232875E+7,  4.565001E-3
1.233500E+7,  4.609108E-3
1.234125E+7,  4.699469E-3
1.234750E+7,  4.734516E-3
1.235375E+7,  4.841566E-3
1.236000E+7,  4.808187E-3
1.236625E+7,  4.908085E-3
1.237250E+7,  4.972696E-3
1.237875E+7,  5.007029E-3
1.238500E+7,  5.072594E-3
1.239125E+7,  5.115747E-3
1.239750E+7,  5.172968E-3
1.240375E+7,  5.241156E-3
1.241000E+7,  5.334139E-3
1.241625E+7,  5.420923E-3
1.242250E+7,  5.475521E-3
1.242875E+7,  5.536556E-3
1.243500E+7,  5.594254E-3
1.244125E+7,  5.658150E-3
1.244750E+7,  5.694628E-3
1.245375E+7,  5.823374E-3
1.246000E+7,  5.850792E-3
1.246625E+7,  5.936623E-3
1.247250E+7,  5.997181E-3
1.247875E+7,  6.054163E-3
1.248500E+7,  6.155252E-3
1.249125E+7,  6.246090E-3
1.249750E+7,  6.357670E-3
1.250375E+7,  6.520510E-3
1.251000E+7,  6.523848E-3
1.251625E+7,  6.643772E-3
1.252250E+7,  6.702185E-3
1.252875E+7,  6.778717E-3
1.253500E+7,  6.891727E-3
1.254125E+7,  6.994009E-3
1.254750E+7,  7.080793E-3
1.255375E+7,  7.196903E-3
1.256000E+7,  7.321835E-3
1.256625E+7,  7.429361E-3
1.257250E+7,  7.535934E-3
1.257875E+7,  7.573843E-3
1.258500E+7,  7.743359E-3
1.259125E+7,  7.873058E-3
1.259750E+7,  7.943630E-3
1.260375E+7,  8.132458E-3
1.261000E+7,  8.197308E-3
1.261625E+7,  8.464336E-3
1.262250E+7,  8.443356E-3
1.262875E+7,  8.813381E-3
1.263500E+7,  8.645535E-3
1.264125E+7,  8.893013E-3
1.264750E+7,  9.094238E-3
1.265375E+7,  9.148598E-3
1.266000E+7,  9.357929E-3
1.266625E+7,  9.481907E-3
1.267250E+7,  9.798050E-3
1.267875E+7,  1.001883E-2
1.268500E+7,  1.040554E-2
1.269125E+7,  1.055956E-2
1.269750E+7,  1.013660E-2
1.270375E+7,  1.005077E-2
1.271000E+7,  1.160192E-2
1.271625E+7,  1.082706E-2
1.272250E+7,  1.102400E-2
1.272875E+7,  1.123714E-2
1.273500E+7,  1.166010E-2
1.274125E+7,  1.172209E-2
1.274750E+7,  1.213694E-2
1.275375E+7,  1.214504E-2
1.276000E+7,  1.236486E-2
1.276625E+7,  1.251316E-2
1.277250E+7,  9.369850E-3
1.277875E+7,  1.197338E-2
1.278500E+7,  1.367331E-2
1.279125E+7,  1.432943E-2
1.279750E+7,  1.383829E-2
1.280375E+7,  1.327705E-2
1.281000E+7,  1.238012E-2
1.281625E+7,  1.568317E-2
1.282250E+7,  1.565266E-2
1.282875E+7,  1.557827E-2
1.283500E+7,  1.464748E-2
1.284125E+7,  1.733875E-2
1.284750E+7,  1.723003E-2
1.285375E+7,  1.797485E-2
1.286000E+7,  1.799965E-2
1.286625E+7,  1.893711E-2
1.287250E+7,  1.910591E-2
1.287875E+7,  1.898003E-2
1.288500E+7,  1.907825E-2
1.289125E+7,  2.076721E-2
1.289750E+7,  2.075768E-2
1.290375E+7,  2.072334E-2
1.291000E+7,  2.138996E-2
1.291625E+7,  2.282429E-2
1.292250E+7,  2.021790E-2
1.292875E+7,  2.250576E-2
1.293500E+7,  2.081203E-2
1.294125E+7,  2.194118E-2
1.294750E+7,  1.856709E-2
1.295375E+7,  1.396704E-2
1.296000E+7,  1.124048E-2
1.296625E+7,  1.086998E-2
1.297250E+7,  1.126385E-2
1.297875E+7,  1.150179E-2
1.298500E+7,  1.166201E-2
1.299125E+7,  1.200294E-2
1.299750E+7,  1.227570E-2
1.300375E+7,  1.263332E-2
1.301000E+7,  1.296425E-2
1.301625E+7,  1.324701E-2
1.302250E+7,  1.372194E-2
1.302875E+7,  1.404285E-2
1.303500E+7,  1.446009E-2
1.304125E+7,  1.484156E-2
1.304750E+7,  1.528740E-2
1.305375E+7,  1.568031E-2
1.306000E+7,  1.613617E-2
1.306625E+7,  1.666260E-2
1.307250E+7,  1.718521E-2
1.307875E+7,  1.776791E-2
1.308500E+7,  1.833630E-2
1.309125E+7,  1.895332E-2
1.309750E+7,  1.953411E-2
1.310375E+7,  2.018642E-2
1.311000E+7,  2.085304E-2
1.311625E+7,  2.158356E-2
1.312250E+7,  2.241898E-2
1.312875E+7,  2.327728E-2
1.313500E+7,  2.409744E-2
1.314125E+7,  2.495289E-2
1.314750E+7,  2.598476E-2
1.315375E+7,  2.730370E-2
1.316000E+7,  2.840233E-2
1.316625E+7,  2.955818E-2
1.317250E+7,  3.052044E-2
1.317875E+7,  3.193665E-2
1.318500E+7,  3.322220E-2
1.319125E+7,  3.487778E-2
1.319750E+7,  3.595734E-2
1.320375E+7,  3.759575E-2
1.321000E+7,  3.970146E-2
1.321625E+7,  4.095078E-2
1.322250E+7,  4.282951E-2
1.322875E+7,  4.515839E-2
1.323500E+7,  4.777908E-2
1.324125E+7,  5.072212E-2
1.324750E+7,  5.445671E-2
1.325375E+7,  5.834198E-2
1.326000E+7,  6.104469E-2
1.326625E+7,  6.470490E-2
1.327250E+7,  6.874084E-2
1.327875E+7,  7.357025E-2
1.328500E+7,  7.753754E-2
1.329125E+7,  8.393478E-2
1.329750E+7,  8.901215E-2
1.330375E+7,  9.429550E-2
1.331000E+7,  1.036377E-1
1.331625E+7,  1.110115E-1
1.332250E+7,  1.219788E-1
1.332875E+7,  1.272964E-1
1.333500E+7,  1.337280E-1
1.334125E+7,  1.422577E-1
1.334750E+7,  1.526413E-1
1.335375E+7,  1.685944E-1
1.336000E+7,  1.822891E-1
1.336625E+7,  1.968155E-1
1.337250E+7,  2.182007E-1
1.337875E+7,  2.369003E-1
1.338500E+7,  2.584839E-1
1.339125E+7,  2.885132E-1
1.339750E+7,  3.152771E-1
1.340375E+7,  3.446808E-1
1.341000E+7,  3.783112E-1
1.341625E+7,  4.189148E-1
1.342250E+7,  4.557190E-1
1.342875E+7,  4.946594E-1
1.343500E+7,  5.305176E-1
1.344125E+7,  5.526428E-1
1.344750E+7,  5.756226E-1
1.345375E+7,  5.882568E-1
1.346000E+7,  5.924377E-1
1.346625E+7,  5.974426E-1
1.347250E+7,  6.002808E-1
1.347875E+7,  5.924683E-1
1.348500E+7,  5.813904E-1
1.349125E+7,  5.751953E-1
1.349750E+7,  5.726318E-1
1.350375E+7,  5.751038E-1
1.351000E+7,  5.713196E-1
1.351625E+7,  5.706787E-1
1.352250E+7,  5.732727E-1
1.352875E+7,  5.780945E-1
1.353500E+7,  5.848083E-1
1.354125E+7,  5.904236E-1
1.354750E+7,  5.975037E-1
1.355375E+7,  6.028748E-1
1.356000E+7,  6.047058E-1
1.356625E+7,  6.033936E-1
1.357250E+7,  5.955505E-1
1.357875E+7,  5.844421E-1
1.358500E+7,  5.656738E-1
1.359125E+7,  5.418396E-1
1.359750E+7,  5.138245E-1
1.360375E+7,  4.821014E-1
1.361000E+7,  4.500580E-1
1.361625E+7,  4.176483E-1
1.362250E+7,  3.864288E-1
1.362875E+7,  3.578033E-1
1.363500E+7,  3.317261E-1
1.364125E+7,  3.070068E-1
1.364750E+7,  2.847443E-1
1.365375E+7,  2.641907E-1
1.366000E+7,  2.464676E-1
1.366625E+7,  2.305603E-1
1.367250E+7,  2.158890E-1
1.367875E+7,  2.024841E-1
1.368500E+7,  1.906967E-1
1.369125E+7,  1.791306E-1
1.369750E+7,  1.692581E-1
1.370375E+7,  1.604309E-1
1.371000E+7,  1.522369E-1
1.371625E+7,  1.447678E-1
1.372250E+7,  1.384354E-1
1.372875E+7,  1.325684E-1
1.373500E+7,  1.268997E-1
1.374125E+7,  1.217117E-1
1.374750E+7,  1.169243E-1
1.375375E+7,  1.127472E-1
1.376000E+7,  1.088371E-1
1.376625E+7,  1.052437E-1
1.377250E+7,  1.020203E-1
1.377875E+7,  9.904861E-2
1.378500E+7,  9.594345E-2
1.379125E+7,  9.361649E-2
1.379750E+7,  9.137726E-2
1.380375E+7,  8.904266E-2
1.381000E+7,  8.729935E-2
1.381625E+7,  8.557129E-2
1.382250E+7,  8.371735E-2
1.382875E+7,  8.248138E-2
1.383500E+7,  8.115387E-2
1.384125E+7,  7.981873E-2
1.384750E+7,  7.886505E-2
1.385375E+7,  7.809448E-2
1.386000E+7,  7.692719E-2
1.386625E+7,  7.688522E-2
1.387250E+7,  7.644272E-2
1.387875E+7,  7.612610E-2
1.388500E+7,  7.601929E-2
1.389125E+7,  7.598877E-2
1.389750E+7,  7.617950E-2
1.390375E+7,  7.653046E-2
1.391000E+7,  7.699203E-2
1.391625E+7,  7.777786E-2
1.392250E+7,  7.860565E-2
1.392875E+7,  7.984543E-2
1.393500E+7,  8.126068E-2
1.394125E+7,  8.304596E-2
1.394750E+7,  8.497238E-2
1.395375E+7,  8.753204E-2
1.396000E+7,  9.045410E-2
1.396625E+7,  9.378433E-2
1.397250E+7,  9.792709E-2
1.397875E+7,  1.026917E-1
1.398500E+7,  1.083832E-1
1.399125E+7,  1.152344E-1
1.399750E+7,  1.235237E-1
1.400375E+7,  1.333084E-1
1.401000E+7,  1.451950E-1
1.401625E+7,  1.586227E-1
1.402250E+7,  1.741333E-1
1.402875E+7,  1.898956E-1
1.403500E+7,  2.031860E-1
1.404125E+7,  2.082443E-1
1.404750E+7,  2.013245E-1
1.405375E+7,  1.845703E-1
1.406000E+7,  1.618347E-1
1.406625E+7,  1.394348E-1
1.407250E+7,  1.199913E-1
1.407875E+7,  1.030693E-1
1.408500E+7,  8.948517E-2
1.409125E+7,  7.812119E-2
1.409750E+7,  6.898880E-2
1.410375E+7,  6.113052E-2
1.411000E+7,  5.467987E-2
1.411625E+7,  4.909515E-2
1.412250E+7,  4.442024E-2
1.412875E+7,  4.031754E-2
1.413500E+7,  3.681755E-2
1.414125E+7,  3.369522E-2
1.414750E+7,  3.098297E-2
1.415375E+7,  2.859116E-2
1.416000E+7,  2.643299E-2
1.416625E+7,  2.453899E-2
1.417250E+7,  2.276325E-2
1.417875E+7,  2.123451E-2
1.418500E+7,  1.981354E-2
1.419125E+7,  1.855850E-2
1.419750E+7,  1.738358E-2
1.420375E+7,  1.630783E-2
1.421000E+7,  1.537323E-2
1.421625E+7,  1.448107E-2
1.422250E+7,  1.363993E-2
1.422875E+7,  1.287556E-2
1.423500E+7,  1.218510E-2
1.424125E+7,  1.152372E-2
1.424750E+7,  1.093245E-2
1.425375E+7,  1.038647E-2
1.426000E+7,  9.845257E-3
1.426625E+7,  9.339809E-3
1.427250E+7,  8.872509E-3
1.427875E+7,  8.451462E-3
1.428500E+7,  8.067608E-3
1.429125E+7,  7.683277E-3
1.429750E+7,  7.351637E-3
1.430375E+7,  6.999254E-3
1.431000E+7,  6.716490E-3
1.431625E+7,  6.393909E-3
1.432250E+7,  6.140709E-3
1.432875E+7,  5.861044E-3
1.433500E+7,  5.625010E-3
1.434125E+7,  5.387783E-3
1.434750E+7,  5.183220E-3
1.435375E+7,  4.952431E-3
1.436000E+7,  4.739761E-3
1.436625E+7,  4.559755E-3
1.437250E+7,  4.401684E-3
1.437875E+7,  4.246950E-3
1.438500E+7,  4.046440E-3
1.439125E+7,  3.920794E-3
1.439750E+7,  3.770232E-3
1.440375E+7,  3.623247E-3
1.441000E+7,  3.491998E-3
1.441625E+7,  3.355503E-3
1.442250E+7,  3.245711E-3
1.442875E+7,  3.127575E-3
1.443500E+7,  2.993464E-3
1.444125E+7,  2.904654E-3
1.444750E+7,  2.798200E-3
1.445375E+7,  2.703428E-3
1.446000E+7,  2.623081E-3
1.446625E+7,  2.528310E-3
1.447250E+7,  2.456903E-3
1.447875E+7,  2.351999E-3
1.448500E+7,  2.277136E-3
1.449125E+7,  2.203584E-3
1.449750E+7,  2.135038E-3
1.450375E+7,  2.053261E-3
1.451000E+7,  1.987815E-3
1.451625E+7,  1.944542E-3
1.452250E+7,  1.886904E-3
1.452875E+7,  1.818538E-3
1.453500E+7,  1.753569E-3
1.454125E+7,  1.702964E-3
1.454750E+7,  1.663148E-3
1.455375E+7,  1.609027E-3
1.456000E+7,  1.551509E-3
1.456625E+7,  1.488090E-3
1.457250E+7,  1.466334E-3
1.457875E+7,  1.406312E-3
1.458500E+7,  1.385152E-3
1.459125E+7,  1.351357E-3
1.459750E+7,  1.313448E-3
1.460375E+7,  1.254141E-3
1.461000E+7,  1.223862E-3
1.461625E+7,  1.185179E-3
1.462250E+7,  1.156807E-3
1.462875E+7,  1.115918E-3
1.463500E+7,  1.100540E-3
1.464125E+7,  1.047373E-3
1.464750E+7,  1.051486E-3
1.465375E+7,  1.004219E-3
1.466000E+7,  9.900928E-4
1.466625E+7,  9.528995E-4
1.467250E+7,  9.334981E-4
1.467875E+7,  9.072125E-4
1.468500E+7,  8.792877E-4
1.469125E+7,  8.531809E-4
1.469750E+7,  8.330643E-4
1.470375E+7,  8.175075E-4
1.471000E+7,  7.836223E-4
1.471625E+7,  7.639527E-4
1.472250E+7,  7.267296E-4
1.472875E+7,  7.056892E-4
1.473500E+7,  7.130504E-4
1.474125E+7,  6.937385E-4
1.474750E+7,  6.494522E-4
1.475375E+7,  6.541610E-4
1.476000E+7,  6.350279E-4
1.476625E+7,  6.177127E-4
1.477250E+7,  6.003380E-4
1.477875E+7,  5.896986E-4
1.478500E+7,  5.895197E-4
1.479125E+7,  5.507767E-4
1.479750E+7,  5.324781E-4
1.480375E+7,  5.407631E-4
1.481000E+7,  5.382001E-4
1.481625E+7,  5.052686E-4
1.482250E+7,  5.049706E-4
1.482875E+7,  4.954040E-4
1.483500E+7,  4.793853E-4
1.484125E+7,  4.625767E-4
1.484750E+7,  4.503727E-4
1.485375E+7,  4.244298E-4
1.486000E+7,  4.240423E-4
1.486625E+7,  4.243106E-4
1.487250E+7,  4.021674E-4
1.487875E+7,  3.617257E-4
1.488500E+7,  3.920794E-4
1.489125E+7,  3.632456E-4
1.489750E+7,  3.820658E-4
1.490375E+7,  3.658831E-4
1.491000E+7,  3.664494E-4
1.491625E+7,  3.498495E-4
1.492250E+7,  3.471971E-4
1.492875E+7,  3.433973E-4
1.493500E+7,  3.140122E-4
1.494125E+7,  3.147870E-4
1.494750E+7,  3.014654E-4
1.495375E+7,  2.817661E-4
1.496000E+7,  2.983063E-4
1.496625E+7,  2.982765E-4
1.497250E+7,  2.919286E-4
1.497875E+7,  2.689213E-4
1.498500E+7,  2.732873E-4
1.499125E+7,  2.624094E-4
1.499750E+7,  2.662241E-4
1.500375E+7,  2.538115E-4
1.501000E+7,  2.432913E-4
1.501625E+7,  2.400503E-4
1.502250E+7,  2.502948E-4
1.502875E+7,  2.278984E-4
1.503500E+7,  2.409592E-4
1.504125E+7,  2.015233E-4
1.504750E+7,  2.316236E-4
1.505375E+7,  2.119616E-4
1.506000E+7,  1.985431E-4
1.506625E+7,  2.080947E-4
1.507250E+7,  1.986101E-4
1.507875E+7,  2.038777E-4
1.508500E+7,  1.852065E-4
1.509125E+7,  1.846850E-4
1.509750E+7,  1.852065E-4
1.510375E+7,  1.853257E-4
1.511000E+7,  1.715645E-4
1.511625E+7,  1.550689E-4
1.512250E+7,  1.454130E-4
1.512875E+7,  1.679659E-4
1.513500E+7,  1.551881E-4
1.514125E+7,  1.624748E-4
1.514750E+7,  1.584366E-4
1.515375E+7,  1.577362E-4
1.516000E+7,  1.520440E-4
1.516625E+7,  1.432821E-4
1.517250E+7,  1.392290E-4
1.517875E+7,  1.493618E-4
1.518500E+7,  1.495406E-4
1.519125E+7,  1.210496E-4
1.519750E+7,  1.420677E-4
1.520375E+7,  1.100078E-4
1.521000E+7,  1.141243E-4
1.521625E+7,  1.205690E-4
1.522250E+7,  1.208335E-4
1.522875E+7,  1.307875E-4
1.523500E+7,  1.171567E-4
1.524125E+7,  1.061894E-4
1.524750E+7,  1.042821E-4
1.525375E+7,  1.107492E-4
1.526000E+7,  1.095906E-4
1.526625E+7,  9.679049E-5
1.527250E+7,  9.167567E-5
1.527875E+7,  9.955838E-5
1.528500E+7,  9.792298E-5
1.529125E+7,  8.380041E-5
1.529750E+7,  1.032948E-4
1.530375E+7,  1.064874E-4
1.531000E+7,  1.064651E-4
1.531625E+7,  8.724630E-5
1.532250E+7,  9.222329E-5
1.532875E+7,  8.226559E-5
1.533500E+7,  9.343028E-5
1.534125E+7,  8.123368E-5
1.534750E+7,  7.042289E-5
1.535375E+7,  7.590279E-5
1.536000E+7,  1.088195E-4
1.536625E+7,  9.004772E-5
1.537250E+7,  8.266047E-5
1.537875E+7,  6.867200E-5
1.538500E+7,  9.363890E-5
1.539125E+7,  7.248297E-5
1.539750E+7,  6.455556E-5
1.540375E+7,  9.688735E-5
1.541000E+7,  5.022436E-5
1.541625E+7,  6.043725E-5
1.542250E+7,  6.397441E-5
1.542875E+7,  5.784631E-5
1.543500E+7,  5.666353E-5
1.544125E+7,  6.661564E-5
1.544750E+7,  5.760230E-5
1.545375E+7,  5.562231E-5
1.546000E+7,  4.955940E-5
1.546625E+7,  8.393452E-5
1.547250E+7,  5.299784E-5
1.547875E+7,  3.557280E-5
1.548500E+7,  6.544217E-5
1.549125E+7,  4.227273E-5
1.549750E+7,  3.640540E-5
1.550375E+7,  7.803366E-5
1.551000E+7,  6.856397E-5
1.551625E+7,  6.163120E-5
1.552250E+7,  5.296245E-5
1.552875E+7,  4.221126E-5
1.553500E+7,  5.492754E-5
1.554125E+7,  6.093457E-5
1.554750E+7,  8.049980E-5
1.555375E+7,  4.331023E-5
1.556000E+7,  7.218122E-5
1.556625E+7,  3.159232E-5
1.557250E+7,  4.758127E-5
1.557875E+7,  3.304146E-5
1.558500E+7,  5.554594E-5
1.559125E+7,  3.650598E-5
1.559750E+7,  3.990717E-5
1.560375E+7,  8.992851E-6
1.561000E+7,  2.921745E-5
1.561625E+7,  6.407872E-5
1.562250E+7,  3.608875E-5
1.562875E+7,  2.456177E-5
1.563500E+7,  1.433026E-5
1.564125E+7,  1.559313E-5
1.564750E+7,  3.172830E-5
1.565375E+7,  5.753897E-5
1.566000E+7,  1.913682E-5
1.566625E+7,  4.882179E-5
1.567250E+7,  1.089228E-5
1.567875E+7,  2.167094E-5
1.568500E+7,  3.528036E-5
1.569125E+7,  1.530815E-5
1.569750E+7,  1.377100E-5
1.570375E+7,  3.143214E-5
1.571000E+7,  2.656970E-5
1.571625E+7,  2.277084E-5
1.572250E+7,  3.046542E-5
1.572875E+7,  2.743676E-5
1.573500E+7,  4.087202E-5
1.574125E+7,  4.090741E-5
1.574750E+7,  4.853867E-5
1.575375E+7,  1.070835E-5
1.576000E+7,  4.682690E-5
1.576625E+7,  2.046023E-5
1.577250E+7,  7.586321E-6
1.577875E+7,  8.482952E-6
1.578500E+7,  1.072837E-5
1.579125E+7,  3.391318E-5
1.579750E+7,  3.788806E-5
1.580375E+7,  1.690537E-5
1.581000E+7,  1.133792E-5
1.581625E+7,  3.770692E-6
1.582250E+7,  2.745166E-5
1.582875E+7,  2.524164E-5
1.583500E+7,  2.744794E-5
1.584125E+7,  5.489774E-5
1.584750E+7,  4.601479E-5
1.585375E+7,  1.357030E-5
1.586000E+7,  2.738740E-5
1.586625E+7,  6.335199E-10
1.587250E+7,  2.288073E-5
1.587875E+7,  2.711173E-5
1.588500E+7,  1.503481E-5
1.589125E+7,  8.404255E-6
1.589750E+7,  3.989972E-5
1.590375E+7,  2.021529E-5
1.591000E+7,  2.123415E-5
1.591625E+7,  1.547206E-5
1.592250E+7,  2.704374E-5
1.592875E+7,  8.378178E-6
1.593500E+7,  1.059519E-5
1.594125E+7,  2.397038E-5
1.594750E+7,  2.246816E-5
1.595375E+7,  2.698787E-5
1.596000E+7,  8.366071E-6
1.596625E+7,  1.673400E-5
1.597250E+7,  6.299672E-10
1.597875E+7,  1.059799E-5
1.598500E+7,  3.176183E-5
1.599125E+7,  1.123128E-5
1.599750E+7,  2.619997E-5
1.600375E+7,  2.432149E-5
1.601000E+7,  1.745485E-5
1.601625E+7,  9.313598E-5
1.602250E+7,  1.434684E-4
1.602875E+7,  7.984042E-5
1.603500E+7,  1.298338E-4
1.604125E+7,  8.977577E-5
1.604750E+7,  8.340552E-5
1.605375E+7,  5.768798E-5
1.606000E+7,  2.263263E-4
1.606625E+7,  1.722574E-5
1.607250E+7,  1.892671E-4
1.607875E+7,  1.300946E-4
1.608500E+7,  2.874527E-5
1.609125E+7,  9.952113E-5
1.609750E+7,  1.133122E-4
1.610375E+7,  2.569892E-5
1.611000E+7,  3.991276E-5
1.611625E+7,  5.742908E-5
1.612250E+7,  7.357076E-5
1.612875E+7,  8.747727E-5
1.613500E+7,  3.631786E-5
1.614125E+7,  7.925183E-5
1.614750E+7,  2.871547E-5
1.615375E+7,  6.546825E-5
1.616000E+7,  6.165728E-5
1.616625E+7,  6.555393E-5
1.617250E+7,  4.062429E-5
1.617875E+7,  8.975342E-5
1.618500E+7,  4.375353E-5
1.619125E+7,  5.202182E-5
1.619750E+7,  3.779307E-5
1.620375E+7,  3.909133E-5
1.621000E+7,  3.056414E-5
1.621625E+7,  4.783086E-5
1.622250E+7,  1.005307E-4
1.622875E+7,  6.951019E-5
1.623500E+7,  2.315640E-5
1.624125E+7,  1.336709E-4
1.624750E+7,  3.447942E-5
1.625375E+7,  1.093037E-4
1.626000E+7,  4.595891E-5
1.626625E+7,  1.077093E-4
1.627250E+7,  1.370683E-4
1.627875E+7,  3.495254E-5
1.628500E+7,  1.302510E-4
1.629125E+7,  3.682822E-5
1.629750E+7,  1.057088E-4
1.630375E+7,  1.120754E-4
1.631000E+7,  1.080409E-4
1.631625E+7,  5.419925E-5
1.632250E+7,  6.302819E-5
1.632875E+7,  3.855117E-5
1.633500E+7,  1.217946E-4
1.634125E+7,  5.748309E-5
1.634750E+7,  1.105145E-4
1.635375E+7,  1.336336E-4
1.636000E+7,  2.245978E-5
1.636625E+7,  6.923825E-5
1.637250E+7,  3.001187E-5
1.637875E+7,  4.377589E-5
1.638500E+7,  1.830831E-4
1.639125E+7,  7.715821E-5
1.639750E+7,  2.911687E-4
1.640375E+7,  2.877042E-5
1.641000E+7,  1.439527E-4
1.641625E+7,  1.137257E-4
1.642250E+7,  1.415089E-4
1.642875E+7,  4.492328E-5
1.643500E+7,  4.643574E-5
1.644125E+7,  6.436137E-6
1.644750E+7,  1.820363E-5
1.645375E+7,  1.134463E-4
1.646000E+7,  1.061149E-4
1.646625E+7,  2.877228E-5
1.647250E+7,  5.920790E-5
1.647875E+7,  4.151650E-5
1.648500E+7,  8.550659E-5
1.649125E+7,  2.933852E-5
1.649750E+7,  4.495867E-5
1.650375E+7,  1.096129E-4
1.651000E+7,  7.009134E-5
1.651625E+7,  5.565025E-5
1.652250E+7,  1.106933E-4
1.652875E+7,  4.501455E-5
1.653500E+7,  1.100414E-4
1.654125E+7,  1.097582E-4
1.654750E+7,  4.645437E-5
1.655375E+7,  1.844112E-5
1.656000E+7,  8.656830E-5
1.656625E+7,  7.220730E-5
1.657250E+7,  6.499141E-5
1.657875E+7,  1.125336E-4
1.658500E+7,  1.212358E-4
1.659125E+7,  9.672716E-5
1.659750E+7,  1.356602E-4
1.660375E+7,  4.611723E-5
1.661000E+7,  1.314059E-4
1.661625E+7,  2.099108E-5
1.662250E+7,  7.036701E-5
1.662875E+7,  1.252592E-4
1.663500E+7,  9.459257E-5
1.664125E+7,  1.077987E-4
1.664750E+7,  1.189932E-4
1.665375E+7,  1.042634E-4
1.666000E+7,  1.979619E-4
1.666625E+7,  7.979944E-5
1.667250E+7,  7.520989E-5
1.667875E+7,  1.007244E-4
1.668500E+7,  2.465490E-5
1.669125E+7,  9.281561E-5
1.669750E+7,  1.737028E-4
1.670375E+7,  6.004982E-5
1.671000E+7,  5.770475E-6
1.671625E+7,  2.529919E-4
1.672250E+7,  1.409128E-4
1.672875E+7,  1.218840E-4
1.673500E+7,  1.154747E-5
1.674125E+7,  7.769093E-5
1.674750E+7,  1.032166E-4
1.675375E+7,  8.220598E-5
1.676000E+7,  8.169189E-5
1.676625E+7,  5.148724E-5
1.677250E+7,  7.648766E-5
1.677875E+7,  1.732074E-5
1.678500E+7,  3.876723E-5
1.679125E+7,  1.634937E-5
1.679750E+7,  7.085875E-5
1.680375E+7,  2.383254E-5
1.681000E+7,  6.761029E-5
1.681625E+7,  7.782876E-5
1.682250E+7,  6.743148E-5
1.682875E+7,  4.417263E-5
1.683500E+7,  2.948195E-5
1.684125E+7,  4.946440E-5
1.684750E+7,  4.661828E-5
1.685375E+7,  4.662946E-5
1.686000E+7,  8.159876E-5
1.686625E+7,  4.402362E-5
1.687250E+7,  9.838119E-5
1.687875E+7,  1.215599E-4
1.688500E+7,  8.873269E-5
1.689125E+7,  5.781651E-5
1.689750E+7,  3.706291E-5
1.690375E+7,  3.532879E-5
1.691000E+7,  4.666299E-5
1.691625E+7,  3.891811E-5
1.692250E+7,  9.480491E-5
1.692875E+7,  8.417293E-5
1.693500E+7,  1.117289E-4
1.694125E+7,  7.162616E-5
1.694750E+7,  6.431714E-5
1.695375E+7,  2.912059E-5
1.696000E+7,  7.309392E-5
1.696625E+7,  3.472716E-5
1.697250E+7,  1.295209E-4
1.697875E+7,  1.472011E-4
1.698500E+7,  6.952509E-5
1.699125E+7,  1.560152E-4
1.699750E+7,  1.879260E-4
1.700375E+7,  2.895668E-5
1.701000E+7,  5.823933E-5
1.701625E+7,  1.402721E-4
1.702250E+7,  1.012906E-4
1.702875E+7,  3.493764E-5
1.703500E+7,  5.471334E-5
1.704125E+7,  1.577511E-4
1.704750E+7,  1.583546E-4
1.705375E+7,  1.521856E-4
1.706000E+7,  7.615238E-5
1.706625E+7,  3.900938E-5
1.707250E+7,  1.803413E-4
1.707875E+7,  5.801767E-5
1.708500E+7,  2.858136E-5
1.709125E+7,  1.070388E-4
1.709750E+7,  4.785135E-5
1.710375E+7,  3.481656E-5
1.711000E+7,  3.636256E-5
1.711625E+7,  2.113543E-5
1.712250E+7,  6.153435E-5
1.712875E+7,  5.808659E-5
1.713500E+7,  4.722737E-5
1.714125E+7,  6.405637E-5
1.714750E+7,  6.491691E-5
1.715375E+7,  7.183105E-5
1.716000E+7,  5.071238E-5
1.716625E+7,  4.227832E-5
1.717250E+7,  6.252527E-5
1.717875E+7,  5.958974E-5
1.718500E+7,  6.554276E-5
1.719125E+7,  1.092739E-4
1.719750E+7,  7.121265E-5
1.720375E+7,  7.000566E-5
1.721000E+7,  8.738786E-5
1.721625E+7,  4.730560E-5
1.722250E+7,  5.812757E-5
1.722875E+7,  3.501587E-5
1.723500E+7,  1.234785E-4
1.724125E+7,  8.583441E-5
1.724750E+7,  8.737668E-5
1.725375E+7,  1.128875E-4
1.726000E+7,  6.400049E-5
1.726625E+7,  5.848520E-5
1.727250E+7,  6.634369E-5
1.727875E+7,  6.505102E-5
1.728500E+7,  7.806718E-5
1.729125E+7,  3.146380E-5
1.729750E+7,  1.048520E-4
1.730375E+7,  1.111627E-4
1.731000E+7,  1.976788E-4
1.731625E+7,  1.119599E-4
1.732250E+7,  8.888543E-5
1.732875E+7,  3.093109E-5
1.733500E+7,  1.087375E-4
1.734125E+7,  8.223206E-5
1.734750E+7,  4.981272E-5
1.735375E+7,  7.204339E-5
1.736000E+7,  8.656085E-5
1.736625E+7,  9.602308E-5
1.737250E+7,  9.118393E-5
1.737875E+7,  1.939386E-4
1.738500E+7,  2.506524E-4
1.739125E+7,  1.640990E-4
1.739750E+7,  7.377192E-5
1.740375E+7,  1.422539E-4
1.741000E+7,  1.088455E-4
1.741625E+7,  1.303777E-4
1.742250E+7,  1.409948E-4
1.742875E+7,  4.333630E-5
1.743500E+7,  3.962591E-5
1.744125E+7,  4.709326E-5
1.744750E+7,  1.569744E-5
1.745375E+7,  5.832314E-5
1.746000E+7,  5.348213E-5
1.746625E+7,  1.698732E-4
1.747250E+7,  1.179725E-4
1.747875E+7,  9.984523E-5
1.748500E+7,  1.570769E-5
1.749125E+7,  1.409873E-4
1.749750E+7,  7.589906E-5
1.750375E+7,  2.106186E-5
1.751000E+7,  8.986518E-5
1.751625E+7,  7.474795E-5
1.752250E+7,  3.690459E-5
1.752875E+7,  6.842986E-5
1.753500E+7,  5.578250E-5
1.754125E+7,  4.815124E-5
1.754750E+7,  6.530061E-5
1.755375E+7,  3.918633E-5
1.756000E+7,  4.681386E-5
1.756625E+7,  5.021133E-5
1.757250E+7,  2.628658E-5
1.757875E+7,  5.383231E-5
1.758500E+7,  8.310005E-5
1.759125E+7,  7.068738E-5
1.759750E+7,  4.181825E-5
1.760375E+7,  2.611056E-5
1.761000E+7,  5.486235E-5
1.761625E+7,  1.205038E-5
1.762250E+7,  5.955994E-5
1.762875E+7,  3.797747E-5
1.763500E+7,  2.341419E-4
1.764125E+7,  1.349151E-4
1.764750E+7,  5.672872E-5
1.765375E+7,  1.216382E-4
1.766000E+7,  1.864806E-4
1.766625E+7,  1.078099E-4
1.767250E+7,  2.925005E-5
1.767875E+7,  7.333606E-5
1.768500E+7,  8.518249E-5
1.769125E+7,  1.088716E-4
1.769750E+7,  4.825555E-5
1.770375E+7,  5.109422E-5
1.771000E+7,  1.534522E-4
1.771625E+7,  1.233444E-4
1.772250E+7,  1.000240E-4
1.772875E+7,  1.654588E-5
1.773500E+7,  3.980100E-5
1.774125E+7,  3.270619E-5
1.774750E+7,  9.524450E-5
1.775375E+7,  1.171604E-5
1.776000E+7,  1.737326E-4
1.776625E+7,  3.670156E-5
1.777250E+7,  1.545176E-4
1.777875E+7,  1.079775E-4
1.778500E+7,  5.864166E-5
1.779125E+7,  3.938936E-5
1.779750E+7,  7.157028E-5
1.780375E+7,  4.909188E-5
1.781000E+7,  3.928505E-5
1.781625E+7,  1.509264E-4
1.782250E+7,  4.098564E-5
1.782875E+7,  2.617855E-5
1.783500E+7,  5.005859E-5
1.784125E+7,  2.622139E-5
1.784750E+7,  8.228794E-5
1.785375E+7,  5.118921E-5
1.786000E+7,  5.404837E-5
1.786625E+7,  1.126826E-4
1.787250E+7,  6.473064E-5
1.787875E+7,  5.241483E-5
1.788500E+7,  3.624894E-5
1.789125E+7,  5.897880E-5
1.789750E+7,  2.365280E-5
1.790375E+7,  3.946200E-5
1.791000E+7,  8.214638E-5
1.791625E+7,  5.405955E-5
1.792250E+7,  8.915737E-5
1.792875E+7,  1.047552E-4
1.793500E+7,  8.064136E-5
1.794125E+7,  6.872043E-5
1.794750E+7,  2.116151E-5
1.795375E+7,  4.741363E-5
1.796000E+7,  5.022995E-5
1.796625E+7,  7.814169E-5
1.797250E+7,  6.828830E-5
1.797875E+7,  9.982288E-5
1.798500E+7,  2.420507E-5
1.799125E+7,  4.779734E-5
1.799750E+7,  9.812787E-5
1.800375E+7,  4.486553E-5
1.801000E+7,  2.993550E-5
1.801625E+7,  5.987473E-5
1.802250E+7,  1.368821E-4
1.802875E+7,  5.703978E-5
1.803500E+7,  7.986277E-5
1.804125E+7,  3.437325E-5
1.804750E+7,  7.632375E-5
1.805375E+7,  5.816109E-5
1.806000E+7,  8.717924E-5
1.806625E+7,  6.351620E-5
1.807250E+7,  5.252101E-5
1.807875E+7,  2.708379E-5
1.808500E+7,  1.612082E-4
1.809125E+7,  5.135313E-5
1.809750E+7,  8.667633E-5
1.810375E+7,  2.421811E-5
1.811000E+7,  7.174164E-5
1.811625E+7,  7.051229E-5
1.812250E+7,  4.157610E-5
1.812875E+7,  1.377314E-4
1.813500E+7,  3.428757E-5
1.814125E+7,  3.167801E-5
1.814750E+7,  1.295656E-4
1.815375E+7,  6.116554E-5
1.816000E+7,  6.334111E-5
1.816625E+7,  4.714169E-5
1.817250E+7,  8.231774E-5
1.817875E+7,  1.662038E-5
1.818500E+7,  1.199096E-4
1.819125E+7,  5.399622E-5
1.819750E+7,  8.359551E-5
1.820375E+7,  2.295990E-5
1.821000E+7,  6.065145E-5
1.821625E+7,  6.031245E-5
1.822250E+7,  7.911399E-5
1.822875E+7,  7.682666E-5
1.823500E+7,  9.655952E-5
1.824125E+7,  5.888380E-5
1.824750E+7,  6.707758E-5
1.825375E+7,  1.043491E-4
1.826000E+7,  5.000643E-5
1.826625E+7,  7.357821E-5
1.827250E+7,  8.004904E-5
1.827875E+7,  4.753657E-5
1.828500E+7,  2.633594E-5
1.829125E+7,  1.863018E-5
1.829750E+7,  5.039200E-5
1.830375E+7,  2.427399E-5
1.831000E+7,  7.726625E-5
1.831625E+7,  3.331155E-5
1.832250E+7,  8.757785E-5
1.832875E+7,  1.214352E-5
1.833500E+7,  1.120083E-4
1.834125E+7,  5.142577E-5
1.834750E+7,  4.830025E-5
1.835375E+7,  5.379692E-5
1.836000E+7,  5.407818E-5
1.836625E+7,  1.767743E-5
1.837250E+7,  1.265183E-4
1.837875E+7,  3.131852E-5
1.838500E+7,  1.426563E-4
1.839125E+7,  1.451150E-4
1.839750E+7,  9.885803E-5
1.840375E+7,  1.440048E-4
1.841000E+7,  7.086620E-5
1.841625E+7,  1.041777E-4
1.842250E+7,  1.588091E-4
1.842875E+7,  4.734471E-5
1.843500E+7,  8.277595E-5
1.844125E+7,  5.815737E-5
1.844750E+7,  5.317666E-5
1.845375E+7,  3.649481E-5
1.846000E+7,  4.096702E-5
1.846625E+7,  2.431683E-5
1.847250E+7,  6.628409E-5
1.847875E+7,  1.301318E-4
1.848500E+7,  1.807585E-4
1.849125E+7,  5.320646E-5
1.849750E+7,  2.361611E-4
1.850375E+7,  2.714545E-4
1.851000E+7,  4.864670E-5
1.851625E+7,  1.254305E-4
1.852250E+7,  2.721138E-5
1.852875E+7,  6.600842E-5
1.853500E+7,  2.909172E-5
1.854125E+7,  1.437292E-4
1.854750E+7,  1.680031E-4
1.855375E+7,  2.012849E-4
1.856000E+7,  9.267032E-5