SAVED BY: 
TITLE: 
COMMENTS: 
DATE: 10/27/2020
TIME: 2:40 PM

STIMULUS, RESPONSE

8.560000E+6,  1.541525E-4
8.566250E+6,  1.666099E-4
8.572500E+6,  1.792237E-4
8.578750E+6,  1.573339E-4
8.585000E+6,  1.657829E-4
8.591250E+6,  1.838356E-4
8.597500E+6,  1.762435E-4
8.603750E+6,  1.809523E-4
8.610000E+6,  1.656786E-4
8.616250E+6,  1.588166E-4
8.622500E+6,  1.549199E-4
8.628750E+6,  1.644567E-4
8.635000E+6,  1.482964E-4
8.641250E+6,  1.587346E-4
8.647500E+6,  1.586229E-4
8.653750E+6,  1.725256E-4
8.660000E+6,  1.406223E-4
8.666250E+6,  1.752600E-4
8.672500E+6,  1.597330E-4
8.678750E+6,  1.839250E-4
8.685000E+6,  1.675561E-4
8.691250E+6,  1.916885E-4
8.697500E+6,  1.885518E-4
8.703750E+6,  1.732484E-4
8.710000E+6,  1.589805E-4
8.716250E+6,  1.733899E-4
8.722500E+6,  1.694262E-4
8.728750E+6,  1.762509E-4
8.735000E+6,  1.821145E-4
8.741250E+6,  1.812354E-4
8.747500E+6,  1.537278E-4
8.753750E+6,  1.862347E-4
8.760000E+6,  1.725182E-4
8.766250E+6,  1.628846E-4
8.772500E+6,  1.761317E-4
8.778750E+6,  1.784787E-4
8.785000E+6,  1.694486E-4
8.791250E+6,  1.668558E-4
8.797500E+6,  1.652464E-4
8.803750E+6,  1.797602E-4
8.810000E+6,  1.574755E-4
8.816250E+6,  1.966208E-4
8.822500E+6,  1.677200E-4
8.828750E+6,  1.898035E-4
8.835000E+6,  1.695752E-4
8.841250E+6,  1.906231E-4
8.847500E+6,  1.932010E-4
8.853750E+6,  1.810491E-4
8.860000E+6,  1.707897E-4
8.866250E+6,  1.821145E-4
8.872500E+6,  1.629293E-4
8.878750E+6,  1.972467E-4
8.885000E+6,  1.939610E-4
8.891250E+6,  1.785755E-4
8.897500E+6,  1.773611E-4
8.903750E+6,  1.901016E-4
8.910000E+6,  1.900718E-4
8.916250E+6,  1.898110E-4
8.922500E+6,  1.797155E-4
8.928750E+6,  1.995265E-4
8.935000E+6,  1.830608E-4
8.941250E+6,  1.839176E-4
8.947500E+6,  2.164990E-4
8.953750E+6,  1.980290E-4
8.960000E+6,  1.718700E-4
8.966250E+6,  2.087280E-4
8.972500E+6,  1.898557E-4
8.978750E+6,  1.929328E-4
8.985000E+6,  1.758486E-4
8.991250E+6,  1.921952E-4
8.997500E+6,  1.718923E-4
9.003750E+6,  2.044216E-4
9.010000E+6,  1.897588E-4
9.016250E+6,  1.981184E-4
9.022500E+6,  1.929924E-4
9.028750E+6,  1.866966E-4
9.035000E+6,  2.031997E-4
9.041250E+6,  2.052784E-4
9.047500E+6,  1.841038E-4
9.053750E+6,  2.088547E-4
9.060000E+6,  1.821592E-4
9.066250E+6,  1.954809E-4
9.072500E+6,  2.045035E-4
9.078750E+6,  2.112165E-4
9.085000E+6,  1.870990E-4
9.091250E+6,  2.143905E-4
9.097500E+6,  2.020150E-4
9.103750E+6,  2.085194E-4
9.110000E+6,  1.968965E-4
9.116250E+6,  1.917258E-4
9.122500E+6,  1.902729E-4
9.128750E+6,  2.099648E-4
9.135000E+6,  1.891926E-4
9.141250E+6,  2.088770E-4
9.147500E+6,  1.995340E-4
9.153750E+6,  2.024248E-4
9.160000E+6,  2.026930E-4
9.166250E+6,  1.851767E-4
9.172500E+6,  2.255589E-4
9.178750E+6,  2.121478E-4
9.185000E+6,  1.864508E-4
9.191250E+6,  2.061054E-4
9.197500E+6,  2.192110E-4
9.203750E+6,  2.245679E-4
9.210000E+6,  2.168715E-4
9.216250E+6,  1.978353E-4
9.222500E+6,  1.917854E-4
9.228750E+6,  2.233535E-4
9.235000E+6,  1.949519E-4
9.241250E+6,  2.062619E-4
9.247500E+6,  2.184808E-4
9.253750E+6,  1.963750E-4
9.260000E+6,  2.298132E-4
9.266250E+6,  2.200603E-4
9.272500E+6,  1.825169E-4
9.278750E+6,  2.092049E-4
9.285000E+6,  2.221465E-4
9.291250E+6,  2.039745E-4
9.297500E+6,  2.037957E-4
9.303750E+6,  2.174377E-4
9.310000E+6,  2.252236E-4
9.316250E+6,  2.144724E-4
9.322500E+6,  2.260208E-4
9.328750E+6,  2.047047E-4
9.335000E+6,  1.937449E-4
9.341250E+6,  2.159178E-4
9.347500E+6,  2.158433E-4
9.353750E+6,  2.174079E-4
9.360000E+6,  2.175868E-4
9.366250E+6,  2.124459E-4
9.372500E+6,  2.317429E-4
9.378750E+6,  2.289265E-4
9.385000E+6,  2.109483E-4
9.391250E+6,  2.281740E-4
9.397500E+6,  2.251416E-4
9.403750E+6,  2.189428E-4
9.410000E+6,  2.237409E-4
9.416250E+6,  2.499074E-4
9.422500E+6,  2.383366E-4
9.428750E+6,  2.288893E-4
9.435000E+6,  2.255663E-4
9.441250E+6,  2.551079E-4
9.447500E+6,  2.266392E-4
9.453750E+6,  2.268329E-4
9.460000E+6,  2.210215E-4
9.466250E+6,  2.300516E-4
9.472500E+6,  2.332851E-4
9.478750E+6,  2.472550E-4
9.485000E+6,  2.177209E-4
9.491250E+6,  2.711713E-4
9.497500E+6,  2.350211E-4
9.503750E+6,  2.361909E-4
9.510000E+6,  2.319142E-4
9.516250E+6,  2.191886E-4
9.522500E+6,  2.257675E-4
9.528750E+6,  2.476424E-4
9.535000E+6,  2.287105E-4
9.541250E+6,  2.383441E-4
9.547500E+6,  2.269894E-4
9.553750E+6,  2.335310E-4
9.560000E+6,  2.354085E-4
9.566250E+6,  2.233982E-4
9.572500E+6,  2.479553E-4
9.578750E+6,  2.250448E-4
9.585000E+6,  2.193004E-4
9.591250E+6,  2.538711E-4
9.597500E+6,  2.431124E-4
9.603750E+6,  2.429336E-4
9.610000E+6,  2.543181E-4
9.616250E+6,  2.476275E-4
9.622500E+6,  2.319068E-4
9.628750E+6,  2.549738E-4
9.635000E+6,  2.428889E-4
9.641250E+6,  2.563596E-4
9.647500E+6,  2.527684E-4
9.653750E+6,  2.572238E-4
9.660000E+6,  2.445877E-4
9.666250E+6,  2.384409E-4
9.672500E+6,  2.460480E-4
9.678750E+6,  2.604127E-4
9.685000E+6,  2.335832E-4
9.691250E+6,  2.742708E-4
9.697500E+6,  2.381876E-4
9.703750E+6,  2.581030E-4
9.710000E+6,  2.434552E-4
9.716250E+6,  2.461821E-4
9.722500E+6,  2.684146E-4
9.728750E+6,  2.689809E-4
9.735000E+6,  2.332479E-4
9.741250E+6,  2.391338E-4
9.747500E+6,  2.610832E-4
9.753750E+6,  2.567321E-4
9.760000E+6,  2.530217E-4
9.766250E+6,  2.567619E-4
9.772500E+6,  2.645701E-4
9.778750E+6,  2.750456E-4
9.785000E+6,  2.587438E-4
9.791250E+6,  2.701283E-4
9.797500E+6,  2.587140E-4
9.803750E+6,  2.630353E-4
9.810000E+6,  2.611578E-4
9.816250E+6,  2.627075E-4
9.822500E+6,  2.809167E-4
9.828750E+6,  2.452582E-4
9.835000E+6,  2.577007E-4
9.841250E+6,  2.627820E-4
9.847500E+6,  2.659857E-4
9.853750E+6,  2.640635E-4
9.860000E+6,  2.451837E-4
9.866250E+6,  2.868921E-4
9.872500E+6,  2.567917E-4
9.878750E+6,  2.728254E-4
9.885000E+6,  2.769828E-4
9.891250E+6,  2.987832E-4
9.897500E+6,  2.530664E-4
9.903750E+6,  2.826452E-4
9.910000E+6,  2.669692E-4
9.916250E+6,  2.825409E-4
9.922500E+6,  2.709478E-4
9.928750E+6,  2.788752E-4
9.935000E+6,  2.735704E-4
9.941250E+6,  2.984256E-4
9.947500E+6,  2.697110E-4
9.953750E+6,  2.886802E-4
9.960000E+6,  2.948046E-4
9.966250E+6,  3.006905E-4
9.972500E+6,  2.934188E-4
9.978750E+6,  2.946854E-4
9.985000E+6,  2.964735E-4
9.991250E+6,  2.772212E-4
9.997500E+6,  2.749115E-4
1.000375E+7,  3.045499E-4
1.001000E+7,  2.778172E-4
1.001625E+7,  3.046393E-4
1.002250E+7,  3.062785E-4
1.002875E+7,  2.951622E-4
1.003500E+7,  3.066510E-4
1.004125E+7,  3.007501E-4
1.004750E+7,  3.009140E-4
1.005375E+7,  2.848655E-4
1.006000E+7,  2.888739E-4
1.006625E+7,  3.205091E-4
1.007250E+7,  2.988279E-4
1.007875E+7,  2.926737E-4
1.008500E+7,  3.009439E-4
1.009125E+7,  3.007799E-4
1.009750E+7,  3.006756E-4
1.010375E+7,  3.010929E-4
1.011000E+7,  3.105849E-4
1.011625E+7,  3.224015E-4
1.012250E+7,  3.169775E-4
1.012875E+7,  3.030002E-4
1.013500E+7,  3.142953E-4
1.014125E+7,  2.810508E-4
1.014750E+7,  3.003478E-4
1.015375E+7,  3.167987E-4
1.016000E+7,  3.047884E-4
1.016625E+7,  3.062934E-4
1.017250E+7,  2.987236E-4
1.017875E+7,  3.213286E-4
1.018500E+7,  3.147423E-4
1.019125E+7,  3.165901E-4
1.019750E+7,  3.004968E-4
1.020375E+7,  3.267229E-4
1.021000E+7,  3.086329E-4
1.021625E+7,  3.211349E-4
1.022250E+7,  3.320575E-4
1.022875E+7,  3.284663E-4
1.023500E+7,  3.202856E-4
1.024125E+7,  3.389120E-4
1.024750E+7,  3.541708E-4
1.025375E+7,  3.402382E-4
1.026000E+7,  3.408045E-4
1.026625E+7,  3.156513E-4
1.027250E+7,  3.390312E-4
1.027875E+7,  3.229678E-4
1.028500E+7,  3.402233E-4
1.029125E+7,  3.201514E-4
1.029750E+7,  3.304631E-4
1.030375E+7,  3.466606E-4
1.031000E+7,  3.388971E-4
1.031625E+7,  3.290772E-4
1.032250E+7,  3.503561E-4
1.032875E+7,  3.477335E-4
1.033500E+7,  3.408045E-4
1.034125E+7,  3.663152E-4
1.034750E+7,  3.502220E-4
1.035375E+7,  3.382266E-4
1.036000E+7,  3.463924E-4
1.036625E+7,  3.380030E-4
1.037250E+7,  3.369749E-4
1.037875E+7,  3.402680E-4
1.038500E+7,  3.683567E-4
1.039125E+7,  3.536493E-4
1.039750E+7,  3.669560E-4
1.040375E+7,  3.393739E-4
1.041000E+7,  3.539026E-4
1.041625E+7,  3.663450E-4
1.042250E+7,  3.469288E-4
1.042875E+7,  3.808886E-4
1.043500E+7,  3.338903E-4
1.044125E+7,  3.497154E-4
1.044750E+7,  3.684759E-4
1.045375E+7,  3.771484E-4
1.046000E+7,  3.517568E-4
1.046625E+7,  3.819913E-4
1.047250E+7,  3.663301E-4
1.047875E+7,  3.599077E-4
1.048500E+7,  3.556609E-4
1.049125E+7,  3.753453E-4
1.049750E+7,  3.655404E-4
1.050375E+7,  3.632158E-4
1.051000E+7,  3.631711E-4
1.051625E+7,  3.741980E-4
1.052250E+7,  3.738254E-4
1.052875E+7,  3.654957E-4
1.053500E+7,  3.808737E-4
1.054125E+7,  3.655702E-4
1.054750E+7,  3.786832E-4
1.055375E+7,  3.664792E-4
1.056000E+7,  3.887862E-4
1.056625E+7,  3.654957E-4
1.057250E+7,  3.906339E-4
1.057875E+7,  3.733486E-4
1.058500E+7,  3.974289E-4
1.059125E+7,  3.988892E-4
1.059750E+7,  3.934205E-4
1.060375E+7,  3.947914E-4
1.061000E+7,  3.776550E-4
1.061625E+7,  3.914982E-4
1.062250E+7,  3.889650E-4
1.062875E+7,  4.087240E-4
1.063500E+7,  3.903210E-4
1.064125E+7,  4.055351E-4
1.064750E+7,  3.969222E-4
1.065375E+7,  3.835112E-4
1.066000E+7,  3.916472E-4
1.066625E+7,  4.213601E-4
1.067250E+7,  4.059970E-4
1.067875E+7,  4.039109E-4
1.068500E+7,  4.337281E-4
1.069125E+7,  4.212260E-4
1.069750E+7,  4.155636E-4
1.070375E+7,  4.185736E-4
1.071000E+7,  4.151165E-4
1.071625E+7,  4.232377E-4
1.072250E+7,  4.232824E-4
1.072875E+7,  4.154742E-4
1.073500E+7,  4.202425E-4
1.074125E+7,  4.330277E-4
1.074750E+7,  4.129112E-4
1.075375E+7,  4.460365E-4
1.076000E+7,  4.036427E-4
1.076625E+7,  4.250556E-4
1.077250E+7,  4.314482E-4
1.077875E+7,  4.379153E-4
1.078500E+7,  4.440248E-4
1.079125E+7,  4.361421E-4
1.079750E+7,  4.369169E-4
1.080375E+7,  4.533380E-4
1.081000E+7,  4.306883E-4
1.081625E+7,  4.587024E-4
1.082250E+7,  4.355013E-4
1.082875E+7,  4.456490E-4
1.083500E+7,  4.382879E-4
1.084125E+7,  4.436672E-4
1.084750E+7,  4.695058E-4
1.085375E+7,  4.557222E-4
1.086000E+7,  4.515201E-4
1.086625E+7,  4.810691E-4
1.087250E+7,  4.608482E-4
1.087875E+7,  4.682839E-4
1.088500E+7,  4.486889E-4
1.089125E+7,  4.737228E-4
1.089750E+7,  4.769862E-4
1.090375E+7,  4.694164E-4
1.091000E+7,  4.711747E-4
1.091625E+7,  4.684478E-4
1.092250E+7,  4.994571E-4
1.092875E+7,  4.861355E-4
1.093500E+7,  4.664809E-4
1.094125E+7,  4.985332E-4
1.094750E+7,  4.820526E-4
1.095375E+7,  4.915297E-4
1.096000E+7,  4.794598E-4
1.096625E+7,  5.042851E-4
1.097250E+7,  4.691631E-4
1.097875E+7,  5.095601E-4
1.098500E+7,  4.853457E-4
1.099125E+7,  5.098283E-4
1.099750E+7,  5.020797E-4
1.100375E+7,  5.044639E-4
1.101000E+7,  4.995465E-4
1.101625E+7,  5.193055E-4
1.102250E+7,  5.093813E-4
1.102875E+7,  5.299449E-4
1.103500E+7,  5.196631E-4
1.104125E+7,  5.251467E-4
1.104750E+7,  4.994273E-4
1.105375E+7,  5.051792E-4
1.106000E+7,  5.241632E-4
1.106625E+7,  5.344450E-4
1.107250E+7,  5.196929E-4
1.107875E+7,  5.128086E-4
1.108500E+7,  5.107522E-4
1.109125E+7,  5.269647E-4
1.109750E+7,  5.162954E-4
1.110375E+7,  5.432665E-4
1.111000E+7,  5.434752E-4
1.111625E+7,  5.688667E-4
1.112250E+7,  5.387664E-4
1.112875E+7,  5.592704E-4
1.113500E+7,  5.451441E-4
1.114125E+7,  5.761981E-4
1.114750E+7,  5.530417E-4
1.115375E+7,  5.686581E-4
1.116000E+7,  5.550981E-4
1.116625E+7,  5.648136E-4
1.117250E+7,  5.592704E-4
1.117875E+7,  5.632043E-4
1.118500E+7,  5.955696E-4
1.119125E+7,  6.004572E-4
1.119750E+7,  5.681217E-4
1.120375E+7,  5.966723E-4
1.121000E+7,  5.957484E-4
1.121625E+7,  6.238222E-4
1.122250E+7,  6.687939E-4
1.122875E+7,  7.204115E-4
1.123500E+7,  7.649064E-4
1.124125E+7,  7.596910E-4
1.124750E+7,  7.654130E-4
1.125375E+7,  7.323027E-4
1.126000E+7,  7.211566E-4
1.126625E+7,  7.271171E-4
1.127250E+7,  7.682443E-4
1.127875E+7,  7.275045E-4
1.128500E+7,  7.466674E-4
1.129125E+7,  6.996393E-4
1.129750E+7,  6.560981E-4
1.130375E+7,  7.000566E-4
1.131000E+7,  7.187426E-4
1.131625E+7,  7.030070E-4
1.132250E+7,  7.568300E-4
1.132875E+7,  7.200837E-4
1.133500E+7,  7.668436E-4
1.134125E+7,  7.237196E-4
1.134750E+7,  7.233024E-4
1.135375E+7,  7.101297E-4
1.136000E+7,  6.912649E-4
1.136625E+7,  7.304549E-4
1.137250E+7,  7.350147E-4
1.137875E+7,  7.794797E-4
1.138500E+7,  7.619262E-4
1.139125E+7,  7.232726E-4
1.139750E+7,  7.297099E-4
1.140375E+7,  7.306337E-4
1.141000E+7,  6.925464E-4
1.141625E+7,  7.206202E-4
1.142250E+7,  7.378757E-4
1.142875E+7,  7.798672E-4
1.143500E+7,  7.339418E-4
1.144125E+7,  7.662475E-4
1.144750E+7,  8.065999E-4
1.145375E+7,  8.221567E-4
1.146000E+7,  8.409321E-4
1.146625E+7,  8.485913E-4
1.147250E+7,  8.304119E-4
1.147875E+7,  8.132160E-4
1.148500E+7,  8.184910E-4
1.149125E+7,  9.047091E-4
1.149750E+7,  9.287298E-4
1.150375E+7,  8.951426E-4
1.151000E+7,  8.992553E-4
1.151625E+7,  9.130836E-4
1.152250E+7,  8.999407E-4
1.152875E+7,  8.647740E-4
1.153500E+7,  8.329451E-4
1.154125E+7,  9.074807E-4
1.154750E+7,  9.244084E-4
1.155375E+7,  9.342432E-4
1.156000E+7,  1.024187E-3
1.156625E+7,  1.075983E-3
1.157250E+7,  1.040101E-3
1.157875E+7,  1.079798E-3
1.158500E+7,  1.164973E-3
1.159125E+7,  1.046181E-3
1.159750E+7,  1.022696E-3
1.160375E+7,  1.099825E-3
1.161000E+7,  1.101851E-3
1.161625E+7,  1.192749E-3
1.162250E+7,  1.224160E-3
1.162875E+7,  1.449525E-3
1.163500E+7,  1.564503E-3
1.164125E+7,  1.760900E-3
1.164750E+7,  1.937151E-3
1.165375E+7,  1.899362E-3
1.166000E+7,  1.757562E-3
1.166625E+7,  2.000093E-3
1.167250E+7,  1.898289E-3
1.167875E+7,  1.892209E-3
1.168500E+7,  1.902580E-3
1.169125E+7,  1.934826E-3
1.169750E+7,  1.928926E-3
1.170375E+7,  1.963019E-3
1.171000E+7,  1.965880E-3
1.171625E+7,  1.987457E-3
1.172250E+7,  1.978159E-3
1.172875E+7,  2.021194E-3
1.173500E+7,  2.048612E-3
1.174125E+7,  2.011776E-3
1.174750E+7,  1.989245E-3
1.175375E+7,  2.050996E-3
1.176000E+7,  2.042890E-3
1.176625E+7,  2.120256E-3
1.177250E+7,  2.081037E-3
1.177875E+7,  2.101183E-3
1.178500E+7,  2.132893E-3
1.179125E+7,  2.181411E-3
1.179750E+7,  2.124906E-3
1.180375E+7,  2.111316E-3
1.181000E+7,  2.116323E-3
1.181625E+7,  2.130866E-3
1.182250E+7,  2.192140E-3
1.182875E+7,  2.243996E-3
1.183500E+7,  2.243757E-3
1.184125E+7,  2.297759E-3
1.184750E+7,  2.299905E-3
1.185375E+7,  2.288342E-3
1.186000E+7,  2.272844E-3
1.186625E+7,  2.337217E-3
1.187250E+7,  2.327681E-3
1.187875E+7,  2.385736E-3
1.188500E+7,  2.370358E-3
1.189125E+7,  2.407312E-3
1.189750E+7,  2.408504E-3
1.190375E+7,  2.456546E-3
1.191000E+7,  2.457619E-3
1.191625E+7,  2.480865E-3
1.192250E+7,  2.444983E-3
1.192875E+7,  2.497315E-3
1.193500E+7,  2.520561E-3
1.194125E+7,  2.532125E-3
1.194750E+7,  2.549410E-3
1.195375E+7,  2.580523E-3
1.196000E+7,  2.581954E-3
1.196625E+7,  2.652287E-3
1.197250E+7,  2.614141E-3
1.197875E+7,  2.643943E-3
1.198500E+7,  2.624393E-3
1.199125E+7,  2.725005E-3
1.199750E+7,  2.678275E-3
1.200375E+7,  2.699137E-3
1.201000E+7,  2.735734E-3
1.201625E+7,  2.740145E-3
1.202250E+7,  2.780199E-3
1.202875E+7,  2.827525E-3
1.203500E+7,  2.778411E-3
1.204125E+7,  2.738476E-3
1.204750E+7,  2.790332E-3
1.205375E+7,  2.809882E-3
1.206000E+7,  2.788186E-3
1.206625E+7,  2.911568E-3
1.207250E+7,  2.956986E-3
1.207875E+7,  2.896667E-3
1.208500E+7,  2.868414E-3
1.209125E+7,  2.912045E-3
1.209750E+7,  2.934575E-3
1.210375E+7,  2.945304E-3
1.211000E+7,  2.926946E-3
1.211625E+7,  2.967000E-3
1.212250E+7,  2.937078E-3
1.212875E+7,  3.050447E-3
1.213500E+7,  3.057837E-3
1.214125E+7,  3.073215E-3
1.214750E+7,  3.082395E-3
1.215375E+7,  3.134966E-3
1.216000E+7,  3.129601E-3
1.216625E+7,  3.203154E-3
1.217250E+7,  3.216028E-3
1.217875E+7,  3.216982E-3
1.218500E+7,  3.295422E-3
1.219125E+7,  3.312349E-3
1.219750E+7,  3.294945E-3
1.220375E+7,  3.375292E-3
1.221000E+7,  3.402114E-3
1.221625E+7,  3.439546E-3
1.222250E+7,  3.415942E-3
1.222875E+7,  3.480792E-3
1.223500E+7,  3.539324E-3
1.224125E+7,  3.537655E-3
1.224750E+7,  3.550649E-3
1.225375E+7,  3.596902E-3
1.226000E+7,  3.609538E-3
1.226625E+7,  3.674626E-3
1.227250E+7,  3.693581E-3
1.227875E+7,  3.746271E-3
1.228500E+7,  3.785014E-3
1.229125E+7,  3.812432E-3
1.229750E+7,  3.799200E-3
1.230375E+7,  3.876925E-3
1.231000E+7,  3.914833E-3
1.231625E+7,  3.980398E-3
1.232250E+7,  3.958941E-3
1.232875E+7,  4.001856E-3
1.233500E+7,  4.080534E-3
1.234125E+7,  4.171610E-3
1.234750E+7,  4.105091E-3
1.235375E+7,  4.215002E-3
1.236000E+7,  4.236460E-3
1.236625E+7,  4.237890E-3
1.237250E+7,  4.312038E-3
1.237875E+7,  4.367352E-3
1.238500E+7,  4.429579E-3
1.239125E+7,  4.463673E-3
1.239750E+7,  4.482031E-3
1.240375E+7,  4.577875E-3
1.241000E+7,  4.495144E-3
1.241625E+7,  4.640818E-3
1.242250E+7,  4.690647E-3
1.242875E+7,  4.745245E-3
1.243500E+7,  4.790783E-3
1.244125E+7,  4.896879E-3
1.244750E+7,  4.854918E-3
1.245375E+7,  5.038023E-3
1.246000E+7,  4.988909E-3
1.246625E+7,  5.089283E-3
1.247250E+7,  5.059242E-3
1.247875E+7,  5.131721E-3
1.248500E+7,  5.254269E-3
1.249125E+7,  5.306005E-3
1.249750E+7,  5.388975E-3
1.250375E+7,  5.427361E-3
1.251000E+7,  5.526781E-3
1.251625E+7,  5.602837E-3
1.252250E+7,  5.668163E-3
1.252875E+7,  5.686760E-3
1.253500E+7,  5.727053E-3
1.254125E+7,  5.821228E-3
1.254750E+7,  5.924225E-3
1.255375E+7,  5.992651E-3
1.256000E+7,  6.120205E-3
1.256625E+7,  6.126881E-3
1.257250E+7,  6.282568E-3
1.257875E+7,  6.335258E-3
1.258500E+7,  6.437302E-3
1.259125E+7,  6.547689E-3
1.259750E+7,  6.564617E-3
1.260375E+7,  6.715536E-3
1.261000E+7,  6.817102E-3
1.261625E+7,  6.937742E-3
1.262250E+7,  6.983995E-3
1.262875E+7,  7.236719E-3
1.263500E+7,  7.113457E-3
1.264125E+7,  7.301331E-3
1.264750E+7,  7.445812E-3
1.265375E+7,  7.452726E-3
1.266000E+7,  7.699490E-3
1.266625E+7,  7.668018E-3
1.267250E+7,  7.953644E-3
1.267875E+7,  8.182526E-3
1.268500E+7,  8.411884E-3
1.269125E+7,  8.489132E-3
1.269750E+7,  8.246899E-3
1.270375E+7,  8.091450E-3
1.271000E+7,  9.353638E-3
1.271625E+7,  8.703232E-3
1.272250E+7,  8.810043E-3
1.272875E+7,  8.951187E-3
1.273500E+7,  9.251118E-3
1.274125E+7,  9.338379E-3
1.274750E+7,  9.589672E-3
1.275375E+7,  9.619713E-3
1.276000E+7,  9.760380E-3
1.276625E+7,  9.873867E-3
1.277250E+7,  7.395744E-3
1.277875E+7,  9.390831E-3
1.278500E+7,  1.071405E-2
1.279125E+7,  1.124763E-2
1.279750E+7,  1.076508E-2
1.280375E+7,  1.032639E-2
1.281000E+7,  9.631634E-3
1.281625E+7,  1.218414E-2
1.282250E+7,  1.215029E-2
1.282875E+7,  1.205015E-2
1.283500E+7,  1.126814E-2
1.284125E+7,  1.332188E-2
1.284750E+7,  1.320076E-2
1.285375E+7,  1.376486E-2
1.286000E+7,  1.371336E-2
1.286625E+7,  1.436377E-2
1.287250E+7,  1.454067E-2
1.287875E+7,  1.446295E-2
1.288500E+7,  1.440954E-2
1.289125E+7,  1.558065E-2
1.289750E+7,  1.566219E-2
1.290375E+7,  1.551628E-2
1.291000E+7,  1.601696E-2
1.291625E+7,  1.691818E-2
1.292250E+7,  1.500225E-2
1.292875E+7,  1.668262E-2
1.293500E+7,  1.538181E-2
1.294125E+7,  1.620388E-2
1.294750E+7,  1.356411E-2
1.295375E+7,  1.024532E-2
1.296000E+7,  8.206367E-3
1.296625E+7,  7.916451E-3
1.297250E+7,  8.159637E-3
1.297875E+7,  8.312225E-3
1.298500E+7,  8.399010E-3
1.299125E+7,  8.588791E-3
1.299750E+7,  8.774281E-3
1.300375E+7,  8.999348E-3
1.301000E+7,  9.198666E-3
1.301625E+7,  9.387016E-3
1.302250E+7,  9.634972E-3
1.302875E+7,  9.849548E-3
1.303500E+7,  1.010942E-2
1.304125E+7,  1.031160E-2
1.304750E+7,  1.058578E-2
1.305375E+7,  1.082754E-2
1.306000E+7,  1.109457E-2
1.306625E+7,  1.139212E-2
1.307250E+7,  1.169014E-2
1.307875E+7,  1.206446E-2
1.308500E+7,  1.238012E-2
1.309125E+7,  1.273680E-2
1.309750E+7,  1.304054E-2
1.310375E+7,  1.341343E-2
1.311000E+7,  1.382828E-2
1.311625E+7,  1.421785E-2
1.312250E+7,  1.470709E-2
1.312875E+7,  1.516390E-2
1.313500E+7,  1.561356E-2
1.314125E+7,  1.610470E-2
1.314750E+7,  1.662636E-2
1.315375E+7,  1.738358E-2
1.316000E+7,  1.797485E-2
1.316625E+7,  1.860237E-2
1.317250E+7,  1.907349E-2
1.317875E+7,  1.982117E-2
1.318500E+7,  2.050972E-2
1.319125E+7,  2.136326E-2
1.319750E+7,  2.185822E-2
1.320375E+7,  2.268696E-2
1.321000E+7,  2.379417E-2
1.321625E+7,  2.432537E-2
1.322250E+7,  2.521038E-2
1.322875E+7,  2.636909E-2
1.323500E+7,  2.760601E-2
1.324125E+7,  2.907085E-2
1.324750E+7,  3.090668E-2
1.325375E+7,  3.281212E-2
1.326000E+7,  3.399467E-2
1.326625E+7,  3.563881E-2
1.327250E+7,  3.744507E-2
1.327875E+7,  3.963280E-2
1.328500E+7,  4.126358E-2
1.329125E+7,  4.405212E-2
1.329750E+7,  4.610443E-2
1.330375E+7,  4.818535E-2
1.331000E+7,  5.216026E-2
1.331625E+7,  5.505371E-2
1.332250E+7,  5.952263E-2
1.332875E+7,  6.110382E-2
1.333500E+7,  6.284332E-2
1.334125E+7,  6.588364E-2
1.334750E+7,  6.940079E-2
1.335375E+7,  7.505417E-2
1.336000E+7,  7.950211E-2
1.336625E+7,  8.386993E-2
1.337250E+7,  9.098434E-2
1.337875E+7,  9.643173E-2
1.338500E+7,  1.027985E-1
1.339125E+7,  1.121407E-1
1.339750E+7,  1.199760E-1
1.340375E+7,  1.285934E-1
1.341000E+7,  1.395416E-1
1.341625E+7,  1.530838E-1
1.342250E+7,  1.664963E-1
1.342875E+7,  1.833496E-1
1.343500E+7,  2.022781E-1
1.344125E+7,  2.201462E-1
1.344750E+7,  2.438660E-1
1.345375E+7,  2.684631E-1
1.346000E+7,  2.960510E-1
1.346625E+7,  3.278809E-1
1.347250E+7,  3.642883E-1
1.347875E+7,  3.972321E-1
1.348500E+7,  4.282074E-1
1.349125E+7,  4.608307E-1
1.349750E+7,  4.927368E-1
1.350375E+7,  5.247192E-1
1.351000E+7,  5.434875E-1
1.351625E+7,  5.584717E-1
1.352250E+7,  5.705566E-1
1.352875E+7,  5.775146E-1
1.353500E+7,  5.834045E-1
1.354125E+7,  5.836182E-1
1.354750E+7,  5.828857E-1
1.355375E+7,  5.787964E-1
1.356000E+7,  5.700073E-1
1.356625E+7,  5.569763E-1
1.357250E+7,  5.393066E-1
1.357875E+7,  5.186462E-1
1.358500E+7,  4.920197E-1
1.359125E+7,  4.610748E-1
1.359750E+7,  4.290619E-1
1.360375E+7,  3.943329E-1
1.361000E+7,  3.602295E-1
1.361625E+7,  3.284149E-1
1.362250E+7,  2.983246E-1
1.362875E+7,  2.707672E-1
1.363500E+7,  2.463608E-1
1.364125E+7,  2.239838E-1
1.364750E+7,  2.039337E-1
1.365375E+7,  1.861191E-1
1.366000E+7,  1.706848E-1
1.366625E+7,  1.567001E-1
1.367250E+7,  1.445312E-1
1.367875E+7,  1.330414E-1
1.368500E+7,  1.232948E-1
1.369125E+7,  1.141472E-1
1.369750E+7,  1.060600E-1
1.370375E+7,  9.866714E-2
1.371000E+7,  9.226608E-2
1.371625E+7,  8.642960E-2
1.372250E+7,  8.095551E-2
1.372875E+7,  7.627487E-2
1.373500E+7,  7.193756E-2
1.374125E+7,  6.766129E-2
1.374750E+7,  6.394958E-2
1.375375E+7,  6.053352E-2
1.376000E+7,  5.746651E-2
1.376625E+7,  5.452347E-2
1.377250E+7,  5.194283E-2
1.377875E+7,  4.943657E-2
1.378500E+7,  4.711151E-2
1.379125E+7,  4.500389E-2
1.379750E+7,  4.298210E-2
1.380375E+7,  4.118347E-2
1.381000E+7,  3.940201E-2
1.381625E+7,  3.783226E-2
1.382250E+7,  3.628922E-2
1.382875E+7,  3.489494E-2
1.383500E+7,  3.355408E-2
1.384125E+7,  3.232956E-2
1.384750E+7,  3.114986E-2
1.385375E+7,  3.006458E-2
1.386000E+7,  2.898502E-2
1.386625E+7,  2.801704E-2
1.387250E+7,  2.712440E-2
1.387875E+7,  2.623367E-2
1.388500E+7,  2.539539E-2
1.389125E+7,  2.461243E-2
1.389750E+7,  2.384186E-2
1.390375E+7,  2.314377E-2
1.391000E+7,  2.248287E-2
1.391625E+7,  2.182102E-2
1.392250E+7,  2.124691E-2
1.392875E+7,  2.066231E-2
1.393500E+7,  2.011585E-2
1.394125E+7,  1.955795E-2
1.394750E+7,  1.910305E-2
1.395375E+7,  1.861477E-2
1.396000E+7,  1.816654E-2
1.396625E+7,  1.774025E-2
1.397250E+7,  1.730061E-2
1.397875E+7,  1.692772E-2
1.398500E+7,  1.653194E-2
1.399125E+7,  1.621056E-2
1.399750E+7,  1.586056E-2
1.400375E+7,  1.552391E-2
1.401000E+7,  1.523638E-2
1.401625E+7,  1.490545E-2
1.402250E+7,  1.461363E-2
1.402875E+7,  1.433802E-2
1.403500E+7,  1.406860E-2
1.404125E+7,  1.379919E-2
1.404750E+7,  1.356936E-2
1.405375E+7,  1.336718E-2
1.406000E+7,  1.315022E-2
1.406625E+7,  1.290035E-2
1.407250E+7,  1.271391E-2
1.407875E+7,  1.251793E-2
1.408500E+7,  1.233530E-2
1.409125E+7,  1.217508E-2
1.409750E+7,  1.198244E-2
1.410375E+7,  1.182365E-2
1.411000E+7,  1.168633E-2
1.411625E+7,  1.153135E-2
1.412250E+7,  1.140356E-2
1.412875E+7,  1.126480E-2
1.413500E+7,  1.114845E-2
1.414125E+7,  1.102448E-2
1.414750E+7,  1.090193E-2
1.415375E+7,  1.082516E-2
1.416000E+7,  1.071644E-2
1.416625E+7,  1.060820E-2
1.417250E+7,  1.053286E-2
1.417875E+7,  1.044083E-2
1.418500E+7,  1.034403E-2
1.419125E+7,  1.029491E-2
1.419750E+7,  1.024723E-2
1.420375E+7,  1.015282E-2
1.421000E+7,  1.013327E-2
1.421625E+7,  1.008987E-2
1.422250E+7,  1.004839E-2
1.422875E+7,  1.000452E-2
1.423500E+7,  9.975910E-3
1.424125E+7,  9.982586E-3
1.424750E+7,  9.961128E-3
1.425375E+7,  9.967804E-3
1.426000E+7,  9.944439E-3
1.426625E+7,  9.963512E-3
1.427250E+7,  9.964943E-3
1.427875E+7,  9.986877E-3
1.428500E+7,  1.003742E-2
1.429125E+7,  1.007652E-2
1.429750E+7,  1.013136E-2
1.430375E+7,  1.017475E-2
1.431000E+7,  1.026058E-2
1.431625E+7,  1.033926E-2
1.432250E+7,  1.043844E-2
1.432875E+7,  1.053858E-2
1.433500E+7,  1.067495E-2
1.434125E+7,  1.080418E-2
1.434750E+7,  1.095676E-2
1.435375E+7,  1.111555E-2
1.436000E+7,  1.130342E-2
1.436625E+7,  1.152563E-2
1.437250E+7,  1.177311E-2
1.437875E+7,  1.203108E-2
1.438500E+7,  1.234150E-2
1.439125E+7,  1.267672E-2
1.439750E+7,  1.303864E-2
1.440375E+7,  1.347351E-2
1.441000E+7,  1.395035E-2
1.441625E+7,  1.449013E-2
1.442250E+7,  1.513338E-2
1.442875E+7,  1.580143E-2
1.443500E+7,  1.663876E-2
1.444125E+7,  1.763058E-2
1.444750E+7,  1.871204E-2
1.445375E+7,  2.002144E-2
1.446000E+7,  2.156258E-2
1.446625E+7,  2.339077E-2
1.447250E+7,  2.555752E-2
1.447875E+7,  2.812958E-2
1.448500E+7,  3.110218E-2
1.449125E+7,  3.444099E-2
1.449750E+7,  3.764343E-2
1.450375E+7,  4.010963E-2
1.451000E+7,  4.076195E-2
1.451625E+7,  3.899384E-2
1.452250E+7,  3.552628E-2
1.452875E+7,  3.120995E-2
1.453500E+7,  2.700520E-2
1.454125E+7,  2.341557E-2
1.454750E+7,  2.038860E-2
1.455375E+7,  1.783848E-2
1.456000E+7,  1.575470E-2
1.456625E+7,  1.402283E-2
1.457250E+7,  1.255131E-2
1.457875E+7,  1.128435E-2
1.458500E+7,  1.025581E-2
1.459125E+7,  9.354591E-3
1.459750E+7,  8.533001E-3
1.460375E+7,  7.869244E-3
1.461000E+7,  7.262230E-3
1.461625E+7,  6.705284E-3
1.462250E+7,  6.238222E-3
1.462875E+7,  5.803347E-3
1.463500E+7,  5.444050E-3
1.464125E+7,  5.079269E-3
1.464750E+7,  4.756689E-3
1.465375E+7,  4.447222E-3
1.466000E+7,  4.184961E-3
1.466625E+7,  3.948689E-3
1.467250E+7,  3.720522E-3
1.467875E+7,  3.513455E-3
1.468500E+7,  3.347635E-3
1.469125E+7,  3.153086E-3
1.469750E+7,  2.999544E-3
1.470375E+7,  2.825379E-3
1.471000E+7,  2.693772E-3
1.471625E+7,  2.562761E-3
1.472250E+7,  2.457023E-3
1.472875E+7,  2.344847E-3
1.473500E+7,  2.224326E-3
1.474125E+7,  2.109051E-3
1.474750E+7,  2.028346E-3
1.475375E+7,  1.946270E-3
1.476000E+7,  1.852036E-3
1.476625E+7,  1.788676E-3
1.477250E+7,  1.712561E-3
1.477875E+7,  1.620054E-3
1.478500E+7,  1.576185E-3
1.479125E+7,  1.488149E-3
1.479750E+7,  1.431406E-3
1.480375E+7,  1.387537E-3
1.481000E+7,  1.309752E-3
1.481625E+7,  1.272798E-3
1.482250E+7,  1.240253E-3
1.482875E+7,  1.190960E-3
1.483500E+7,  1.139224E-3
1.484125E+7,  1.103282E-3
1.484750E+7,  1.043797E-3
1.485375E+7,  1.014054E-3
1.486000E+7,  9.968877E-4
1.486625E+7,  9.395778E-4
1.487250E+7,  8.830726E-4
1.487875E+7,  8.702874E-4
1.488500E+7,  8.547604E-4
1.489125E+7,  8.142591E-4
1.489750E+7,  7.920563E-4
1.490375E+7,  7.517934E-4
1.491000E+7,  7.416010E-4
1.491625E+7,  7.188916E-4
1.492250E+7,  6.800890E-4
1.492875E+7,  6.548762E-4
1.493500E+7,  6.462932E-4
1.494125E+7,  6.396770E-4
1.494750E+7,  6.089807E-4
1.495375E+7,  5.670786E-4
1.496000E+7,  5.687475E-4
1.496625E+7,  5.227327E-4
1.497250E+7,  5.207062E-4
1.497875E+7,  5.223155E-4
1.498500E+7,  4.944801E-4
1.499125E+7,  4.783571E-4
1.499750E+7,  4.791170E-4
1.500375E+7,  4.443973E-4
1.501000E+7,  4.158765E-4
1.501625E+7,  4.075766E-4
1.502250E+7,  4.032701E-4
1.502875E+7,  4.015118E-4
1.503500E+7,  3.939122E-4
1.504125E+7,  3.688335E-4
1.504750E+7,  3.504157E-4
1.505375E+7,  3.583729E-4
1.506000E+7,  3.372133E-4
1.506625E+7,  3.214180E-4
1.507250E+7,  3.248304E-4
1.507875E+7,  3.025681E-4
1.508500E+7,  3.172457E-4
1.509125E+7,  2.929419E-4
1.509750E+7,  2.849400E-4
1.510375E+7,  2.597570E-4
1.511000E+7,  2.613664E-4
1.511625E+7,  2.604574E-4
1.512250E+7,  2.536774E-4
1.512875E+7,  2.473444E-4
1.513500E+7,  2.460629E-4
1.514125E+7,  2.377331E-4
1.514750E+7,  2.316535E-4
1.515375E+7,  2.114177E-4
1.516000E+7,  1.813546E-4
1.516625E+7,  2.085492E-4
1.517250E+7,  2.067015E-4
1.517875E+7,  2.095848E-4
1.518500E+7,  1.802444E-4
1.519125E+7,  1.815632E-4
1.519750E+7,  1.789927E-4
1.520375E+7,  1.622662E-4
1.521000E+7,  1.541600E-4
1.521625E+7,  1.579449E-4
1.522250E+7,  1.646131E-4
1.522875E+7,  1.426712E-4
1.523500E+7,  1.626387E-4
1.524125E+7,  1.477376E-4
1.524750E+7,  1.323670E-4
1.525375E+7,  1.406074E-4
1.526000E+7,  1.383200E-4
1.526625E+7,  1.416057E-4
1.527250E+7,  1.397654E-4
1.527875E+7,  1.295134E-4
1.528500E+7,  1.245439E-4
1.529125E+7,  1.114719E-4
1.529750E+7,  1.138486E-4
1.530375E+7,  1.164116E-4
1.531000E+7,  1.062490E-4
1.531625E+7,  1.028664E-4
1.532250E+7,  1.053512E-4
1.532875E+7,  1.003183E-4
1.533500E+7,  1.014471E-4
1.534125E+7,  9.776652E-5
1.534750E+7,  1.169890E-4
1.535375E+7,  1.133271E-4
1.536000E+7,  8.989498E-5
1.536625E+7,  7.158890E-5
1.537250E+7,  8.531660E-5
1.537875E+7,  1.008101E-4
1.538500E+7,  6.893277E-5
1.539125E+7,  7.058308E-5
1.539750E+7,  7.538497E-5
1.540375E+7,  6.397441E-5
1.541000E+7,  7.831678E-5
1.541625E+7,  8.939579E-5
1.542250E+7,  9.634346E-5
1.542875E+7,  7.661059E-5
1.543500E+7,  4.577078E-5
1.544125E+7,  7.859617E-5
1.544750E+7,  6.194040E-5
1.545375E+7,  7.063523E-5
1.546000E+7,  4.789978E-5
1.546625E+7,  5.121902E-5
1.547250E+7,  6.885082E-5
1.547875E+7,  4.904345E-5
1.548500E+7,  5.559810E-5
1.549125E+7,  3.781542E-5
1.549750E+7,  3.948994E-5
1.550375E+7,  4.529022E-5
1.551000E+7,  2.008211E-5
1.551625E+7,  1.796987E-5
1.552250E+7,  3.308989E-5
1.552875E+7,  6.588921E-5
1.553500E+7,  2.174266E-5
1.554125E+7,  6.654486E-5
1.554750E+7,  5.617924E-5
1.555375E+7,  7.302314E-5
1.556000E+7,  5.024858E-5
1.556625E+7,  4.470907E-5
1.557250E+7,  3.894418E-5
1.557875E+7,  2.872292E-5
1.558500E+7,  5.227327E-5
1.559125E+7,  1.825113E-5
1.559750E+7,  3.990158E-5
1.560375E+7,  8.042902E-6
1.561000E+7,  2.592802E-5
1.561625E+7,  3.668480E-5
1.562250E+7,  2.172031E-5
1.562875E+7,  2.587680E-5
1.563500E+7,  7.948838E-6
1.564125E+7,  1.607649E-5
1.564750E+7,  5.721487E-5
1.565375E+7,  3.281794E-5
1.566000E+7,  8.550938E-6
1.566625E+7,  1.391675E-5
1.567250E+7,  4.633144E-5
1.567875E+7,  2.760533E-5
1.568500E+7,  1.911726E-5
1.569125E+7,  8.552335E-6
1.569750E+7,  1.909584E-5
1.570375E+7,  1.524668E-5
1.571000E+7,  3.795372E-6
1.571625E+7,  1.896173E-5
1.572250E+7,  2.049562E-5
1.572875E+7,  8.509029E-6
1.573500E+7,  7.584924E-6
1.574125E+7,  1.134723E-5
1.574750E+7,  1.895521E-5
1.575375E+7,  3.571436E-5
1.576000E+7,  1.514656E-5
1.576625E+7,  1.565088E-5
1.577250E+7,  1.694821E-5
1.577875E+7,  4.691631E-5
1.578500E+7,  1.138216E-5
1.579125E+7,  2.761278E-5
1.579750E+7,  8.461997E-6
1.580375E+7,  2.420414E-5
1.581000E+7,  1.067948E-5
1.581625E+7,  2.718717E-5
1.582250E+7,  2.945960E-5
1.582875E+7,  7.526716E-6
1.583500E+7,  1.358520E-5
1.584125E+7,  2.718717E-5
1.584750E+7,  2.030469E-5
1.585375E+7,  7.526251E-6
1.586000E+7,  1.551211E-5
1.586625E+7,  1.682341E-5
1.587250E+7,  2.376921E-5
1.587875E+7,  2.126768E-5
1.588500E+7,  7.513678E-6
1.589125E+7,  8.405186E-6
1.589750E+7,  1.874566E-5
1.590375E+7,  2.373103E-5
1.591000E+7,  8.394010E-6
1.591625E+7,  2.122391E-5
1.592250E+7,  6.308767E-10
1.592875E+7,  1.498219E-5
1.593500E+7,  3.744964E-6
1.594125E+7,  7.480849E-6
1.594750E+7,  3.739144E-6
1.595375E+7,  3.740774E-6
1.596000E+7,  1.871213E-5
1.596625E+7,  7.482711E-6
1.597250E+7,  1.674239E-5
1.597875E+7,  1.674518E-5
1.598500E+7,  2.697669E-5
1.599125E+7,  8.368399E-6
1.599750E+7,  2.243649E-5
1.600375E+7,  1.299977E-4
1.601000E+7,  6.319955E-5
1.601625E+7,  1.855493E-4
1.602250E+7,  7.258728E-5
1.602875E+7,  1.492426E-4
1.603500E+7,  1.062974E-4
1.604125E+7,  5.449168E-5
1.604750E+7,  1.235306E-4
1.605375E+7,  2.340972E-4
1.606000E+7,  3.985502E-5
1.606625E+7,  1.052879E-4
1.607250E+7,  2.221540E-4
1.607875E+7,  1.143813E-4
1.608500E+7,  1.626089E-5
1.609125E+7,  7.488951E-5
1.609750E+7,  9.549037E-5
1.610375E+7,  2.998859E-5
1.611000E+7,  5.916506E-5
1.611625E+7,  1.099072E-4
1.612250E+7,  1.027919E-4
1.612875E+7,  4.494563E-5
1.613500E+7,  6.936863E-5
1.614125E+7,  1.746230E-5
1.614750E+7,  5.720183E-5
1.615375E+7,  4.706532E-5
1.616000E+7,  8.361042E-5
1.616625E+7,  3.350899E-5
1.617250E+7,  2.369005E-5
1.617875E+7,  2.873596E-5
1.618500E+7,  7.811561E-5
1.619125E+7,  6.939471E-5
1.619750E+7,  7.492304E-5
1.620375E+7,  3.990531E-5
1.621000E+7,  1.517683E-4
1.621625E+7,  5.657785E-5
1.622250E+7,  5.299598E-5
1.622875E+7,  6.552041E-5
1.623500E+7,  7.604808E-5
1.624125E+7,  2.648029E-5
1.624750E+7,  2.569612E-5
1.625375E+7,  9.125471E-5
1.626000E+7,  3.107823E-5
1.626625E+7,  4.116073E-5
1.627250E+7,  6.728247E-5
1.627875E+7,  3.776327E-5
1.628500E+7,  1.208261E-4
1.629125E+7,  9.195507E-5
1.629750E+7,  4.913285E-5
1.630375E+7,  1.183376E-4
1.631000E+7,  9.823963E-5
1.631625E+7,  6.376579E-5
1.632250E+7,  4.377030E-5
1.632875E+7,  1.087897E-4
1.633500E+7,  3.851578E-5
1.634125E+7,  1.839697E-4
1.634750E+7,  5.077757E-5
1.635375E+7,  9.410828E-5
1.636000E+7,  9.088591E-5
1.636625E+7,  9.908155E-5
1.637250E+7,  1.126789E-4
1.637875E+7,  1.128800E-4
1.638500E+7,  2.167672E-4
1.639125E+7,  9.274110E-5
1.639750E+7,  3.637187E-5
1.640375E+7,  1.138523E-4
1.641000E+7,  6.005354E-5
1.641625E+7,  1.285076E-4
1.642250E+7,  1.418740E-4
1.642875E+7,  7.738173E-5
1.643500E+7,  8.494034E-5
1.644125E+7,  5.867146E-5
1.644750E+7,  5.460158E-5
1.645375E+7,  1.325086E-4
1.646000E+7,  2.093334E-5
1.646625E+7,  3.057718E-5
1.647250E+7,  2.876762E-5
1.647875E+7,  7.053465E-5
1.648500E+7,  4.380383E-5
1.649125E+7,  1.285831E-5
1.649750E+7,  4.891306E-5
1.650375E+7,  8.563325E-5
1.651000E+7,  3.100373E-5
1.651625E+7,  7.757917E-5
1.652250E+7,  6.951019E-5
1.652875E+7,  5.929172E-5
1.653500E+7,  2.321415E-5
1.654125E+7,  1.165047E-4
1.654750E+7,  4.508719E-5
1.655375E+7,  5.285814E-5
1.656000E+7,  8.079782E-5
1.656625E+7,  6.011501E-5
1.657250E+7,  1.119226E-4
1.657875E+7,  6.961823E-5
1.658500E+7,  1.019835E-4
1.659125E+7,  6.938726E-5
1.659750E+7,  5.127862E-5
1.660375E+7,  6.868318E-5
1.661000E+7,  9.805709E-5
1.661625E+7,  8.478016E-5
1.662250E+7,  2.897065E-5
1.662875E+7,  1.191720E-4
1.663500E+7,  1.096204E-4
1.664125E+7,  4.201010E-5
1.664750E+7,  1.567304E-4
1.665375E+7,  3.339350E-4
1.666000E+7,  1.151860E-4
1.666625E+7,  5.535968E-5
1.667250E+7,  3.749691E-5
1.667875E+7,  4.755333E-5
1.668500E+7,  8.944049E-5
1.669125E+7,  1.728628E-5
1.669750E+7,  1.428351E-4
1.670375E+7,  5.920418E-5
1.671000E+7,  9.604543E-5
1.671625E+7,  6.946176E-5
1.672250E+7,  8.732826E-5
1.672875E+7,  1.331717E-4
1.673500E+7,  1.358315E-4
1.674125E+7,  2.325233E-5
1.674750E+7,  1.420155E-4
1.675375E+7,  4.408509E-5
1.676000E+7,  7.145107E-5
1.676625E+7,  5.235150E-5
1.677250E+7,  5.519576E-5
1.677875E+7,  2.382509E-5
1.678500E+7,  1.444668E-5
1.679125E+7,  6.959215E-5
1.679750E+7,  3.525987E-5
1.680375E+7,  5.452707E-5
1.681000E+7,  5.607866E-5
1.681625E+7,  5.452894E-5
1.682250E+7,  4.412979E-5
1.682875E+7,  5.900860E-5
1.683500E+7,  3.479049E-5
1.684125E+7,  6.585941E-5
1.684750E+7,  1.758803E-5
1.685375E+7,  9.260699E-5
1.686000E+7,  1.289397E-4
1.686625E+7,  3.114156E-5
1.687250E+7,  7.091463E-5
1.687875E+7,  4.905835E-5
1.688500E+7,  6.127357E-5
1.689125E+7,  7.998571E-5
1.689750E+7,  6.425753E-5
1.690375E+7,  5.783699E-5
1.691000E+7,  4.531629E-5
1.691625E+7,  4.212372E-5
1.692250E+7,  9.626150E-5
1.692875E+7,  6.023981E-5
1.693500E+7,  8.226186E-5
1.694125E+7,  4.978664E-5
1.694750E+7,  9.007007E-5
1.695375E+7,  9.966269E-5
1.696000E+7,  9.338930E-5
1.696625E+7,  3.183447E-5
1.697250E+7,  1.074225E-4
1.697875E+7,  4.219450E-5
1.698500E+7,  1.568347E-4
1.699125E+7,  8.241087E-5
1.699750E+7,  6.686896E-5
1.700375E+7,  1.237467E-4
1.701000E+7,  1.138672E-4
1.701625E+7,  2.264325E-5
1.702250E+7,  1.890883E-4
1.702875E+7,  5.507283E-5
1.703500E+7,  1.125932E-4
1.704125E+7,  1.743138E-4
1.704750E+7,  1.770332E-4
1.705375E+7,  1.596808E-4
1.706000E+7,  5.779229E-5
1.706625E+7,  6.978214E-5
1.707250E+7,  4.827231E-5
1.707875E+7,  1.090802E-4
1.708500E+7,  1.511052E-4
1.709125E+7,  4.060380E-5
1.709750E+7,  1.450814E-5
1.710375E+7,  1.156181E-4
1.711000E+7,  7.615238E-5
1.711625E+7,  2.320949E-5
1.712250E+7,  7.417798E-5
1.712875E+7,  4.689582E-5
1.713500E+7,  4.350767E-5
1.714125E+7,  4.531257E-5
1.714750E+7,  7.618964E-5
1.715375E+7,  8.844584E-5
1.716000E+7,  1.836475E-5
1.716625E+7,  3.385544E-5
1.717250E+7,  2.901629E-5
1.717875E+7,  6.252900E-5
1.718500E+7,  2.920348E-5
1.719125E+7,  3.493577E-5
1.719750E+7,  4.425831E-5
1.720375E+7,  4.358217E-5
1.721000E+7,  5.521439E-5
1.721625E+7,  7.551908E-5
1.722250E+7,  5.358644E-5
1.722875E+7,  7.069856E-5
1.723500E+7,  7.909536E-5
1.724125E+7,  6.626546E-5
1.724750E+7,  1.949817E-5
1.725375E+7,  1.643226E-5
1.726000E+7,  2.398528E-5
1.726625E+7,  6.633252E-5
1.727250E+7,  9.249151E-5
1.727875E+7,  1.769047E-5
1.728500E+7,  5.647354E-5
1.729125E+7,  2.600905E-5
1.729750E+7,  2.366677E-4
1.730375E+7,  8.342043E-5
1.731000E+7,  4.163943E-5
1.731625E+7,  1.048073E-4
1.732250E+7,  9.724498E-5
1.732875E+7,  2.923794E-5
1.733500E+7,  7.637963E-5
1.734125E+7,  1.124814E-4
1.734750E+7,  3.393926E-5
1.735375E+7,  1.054481E-4
1.736000E+7,  9.389594E-5
1.736625E+7,  7.617846E-5
1.737250E+7,  3.405288E-5
1.737875E+7,  1.043715E-4
1.738500E+7,  1.888573E-4
1.739125E+7,  5.739927E-5
1.739750E+7,  5.856343E-5
1.740375E+7,  5.009025E-5
1.741000E+7,  2.606213E-5
1.741625E+7,  1.229718E-4
1.742250E+7,  6.727129E-5
1.742875E+7,  7.847324E-5
1.743500E+7,  2.749544E-5
1.744125E+7,  9.647384E-5
1.744750E+7,  1.071468E-4
1.745375E+7,  1.625121E-4
1.746000E+7,  3.257580E-5
1.746625E+7,  1.400039E-4
1.747250E+7,  3.910996E-5
1.747875E+7,  8.080527E-5
1.748500E+7,  5.829148E-6
1.749125E+7,  6.802008E-5
1.749750E+7,  4.338846E-5
1.750375E+7,  6.659701E-5
1.751000E+7,  2.872106E-5
1.751625E+7,  4.993007E-5
1.752250E+7,  6.444752E-5
1.752875E+7,  8.172542E-5
1.753500E+7,  3.551692E-5
1.754125E+7,  7.857382E-5
1.754750E+7,  7.256866E-5
1.755375E+7,  1.845881E-5
1.756000E+7,  3.970228E-5
1.756625E+7,  2.278015E-5
1.757250E+7,  5.217083E-5
1.757875E+7,  9.115413E-5
1.758500E+7,  2.918881E-6
1.759125E+7,  6.658956E-5
1.759750E+7,  6.019883E-5
1.760375E+7,  1.723021E-4
1.761000E+7,  4.209951E-5
1.761625E+7,  8.075684E-5
1.762250E+7,  4.180148E-5
1.762875E+7,  2.042949E-5
1.763500E+7,  3.740005E-5
1.764125E+7,  4.215911E-5
1.764750E+7,  6.795302E-5
1.765375E+7,  5.544350E-5
1.766000E+7,  9.815395E-5
1.766625E+7,  4.061311E-5
1.767250E+7,  6.297976E-5
1.767875E+7,  7.190928E-5
1.768500E+7,  8.633360E-5
1.769125E+7,  1.308043E-5
1.769750E+7,  1.533553E-4
1.770375E+7,  1.849793E-5
1.771000E+7,  1.554489E-4
1.771625E+7,  1.000725E-4
1.772250E+7,  5.847774E-6
1.772875E+7,  1.287833E-4
1.773500E+7,  6.463379E-5
1.774125E+7,  9.724125E-5
1.774750E+7,  7.956475E-5
1.775375E+7,  1.139753E-4
1.776000E+7,  1.963135E-5
1.776625E+7,  8.803606E-5
1.777250E+7,  8.318946E-5
1.777875E+7,  1.130439E-4
1.778500E+7,  1.276508E-4
1.779125E+7,  8.285046E-5
1.779750E+7,  8.708984E-5
1.780375E+7,  1.293644E-4
1.781000E+7,  6.853044E-5
1.781625E+7,  4.429743E-5
1.782250E+7,  3.426149E-5
1.782875E+7,  7.872283E-5
1.783500E+7,  2.484582E-5
1.784125E+7,  1.286194E-4
1.784750E+7,  5.975738E-5
1.785375E+7,  5.113892E-5
1.786000E+7,  5.692057E-5
1.786625E+7,  1.965556E-5
1.787250E+7,  8.459017E-5
1.787875E+7,  9.607896E-5
1.788500E+7,  6.338581E-5
1.789125E+7,  1.408756E-4
1.789750E+7,  2.704281E-5
1.790375E+7,  9.335950E-5
1.791000E+7,  7.066503E-5
1.791625E+7,  9.973347E-5
1.792250E+7,  5.402975E-5
1.792875E+7,  6.684288E-5
1.793500E+7,  3.753789E-5
1.794125E+7,  8.405373E-5
1.794750E+7,  8.006766E-5
1.795375E+7,  3.570132E-5
1.796000E+7,  6.322563E-5
1.796625E+7,  4.582107E-5
1.797250E+7,  4.841015E-5
1.797875E+7,  1.423880E-4
1.798500E+7,  1.114681E-4
1.799125E+7,  1.556724E-4
1.799750E+7,  4.480220E-5
1.800375E+7,  6.356090E-5
1.801000E+7,  1.070760E-4
1.801625E+7,  1.522377E-4
1.802250E+7,  4.735030E-5
1.802875E+7,  1.187772E-4
1.803500E+7,  8.447468E-5
1.804125E+7,  1.238957E-4
1.804750E+7,  1.267120E-4
1.805375E+7,  8.401647E-5
1.806000E+7,  5.296804E-5
1.806625E+7,  9.122863E-5
1.807250E+7,  8.963794E-5
1.807875E+7,  6.856024E-5
1.808500E+7,  4.989840E-5
1.809125E+7,  8.312985E-5
1.809750E+7,  7.984415E-5
1.810375E+7,  1.403317E-4
1.811000E+7,  1.406297E-4
1.811625E+7,  1.787692E-4
1.812250E+7,  3.426522E-5
1.812875E+7,  2.267957E-4
1.813500E+7,  4.484318E-5
1.814125E+7,  9.183213E-5
1.814750E+7,  1.470074E-4
1.815375E+7,  9.571761E-5
1.816000E+7,  5.420670E-5
1.816625E+7,  7.104874E-5
1.817250E+7,  5.199574E-5
1.817875E+7,  1.580939E-4
1.818500E+7,  1.009442E-4
1.819125E+7,  9.786710E-5
1.819750E+7,  5.884562E-6
1.820375E+7,  1.720786E-4
1.821000E+7,  5.621277E-5
1.821625E+7,  2.422463E-5
1.822250E+7,  5.298480E-5
1.822875E+7,  5.555712E-5
1.823500E+7,  8.998439E-5
1.824125E+7,  1.155697E-4
1.824750E+7,  3.530644E-5
1.825375E+7,  9.641424E-5
1.826000E+7,  9.574369E-5
1.826625E+7,  2.371147E-5
1.827250E+7,  1.118667E-4
1.827875E+7,  7.085875E-5
1.828500E+7,  5.581975E-5
1.829125E+7,  7.450953E-5
1.829750E+7,  1.036786E-4
1.830375E+7,  7.115304E-5
1.831000E+7,  6.067194E-5
1.831625E+7,  3.581494E-5
1.832250E+7,  4.162453E-5
1.832875E+7,  4.002638E-5
1.833500E+7,  9.746477E-5
1.834125E+7,  5.887821E-6
1.834750E+7,  5.430542E-5
1.835375E+7,  8.016452E-5
1.836000E+7,  3.642589E-5
1.836625E+7,  7.546321E-5
1.837250E+7,  1.239181E-4
1.837875E+7,  1.129806E-4
1.838500E+7,  4.460290E-5
1.839125E+7,  8.332357E-5
1.839750E+7,  5.901977E-5
1.840375E+7,  1.356974E-4
1.841000E+7,  1.063012E-4
1.841625E+7,  1.863483E-5
1.842250E+7,  6.156415E-5
1.842875E+7,  1.280159E-4
1.843500E+7,  5.896436E-6
1.844125E+7,  6.267056E-5
1.844750E+7,  1.050197E-4
1.845375E+7,  1.174435E-4
1.846000E+7,  4.291534E-5
1.846625E+7,  2.377015E-5
1.847250E+7,  1.062872E-5
1.847875E+7,  3.190711E-5
1.848500E+7,  3.694184E-5
1.849125E+7,  4.173070E-5
1.849750E+7,  4.835799E-5
1.850375E+7,  5.050376E-5
1.851000E+7,  5.014986E-5
1.851625E+7,  2.143383E-4
1.852250E+7,  2.182126E-4
1.852875E+7,  6.726384E-5
1.853500E+7,  7.678941E-5
1.854125E+7,  4.014187E-5
1.854750E+7,  2.140775E-4
1.855375E+7,  3.011245E-5
1.856000E+7,  1.447126E-4