SAVED BY: 
TITLE: 
COMMENTS: 
DATE: 10/27/2020
TIME: 1:15 PM

STIMULUS, RESPONSE

8.560000E+6,  1.554042E-4
8.566250E+6,  1.505762E-4
8.572500E+6,  1.262948E-4
8.578750E+6,  1.380071E-4
8.585000E+6,  1.569763E-4
8.591250E+6,  1.477078E-4
8.597500E+6,  1.682937E-4
8.603750E+6,  1.295954E-4
8.610000E+6,  1.477823E-4
8.616250E+6,  1.630187E-4
8.622500E+6,  1.596510E-4
8.628750E+6,  1.633614E-4
8.635000E+6,  1.502484E-4
8.641250E+6,  1.504049E-4
8.647500E+6,  1.495630E-4
8.653750E+6,  1.536459E-4
8.660000E+6,  1.697689E-4
8.666250E+6,  1.601577E-4
8.672500E+6,  1.599938E-4
8.678750E+6,  1.707003E-4
8.685000E+6,  1.599491E-4
8.691250E+6,  1.852885E-4
8.697500E+6,  1.629442E-4
8.703750E+6,  1.536310E-4
8.710000E+6,  1.641288E-4
8.716250E+6,  1.882538E-4
8.722500E+6,  1.798794E-4
8.728750E+6,  1.473203E-4
8.735000E+6,  1.632869E-4
8.741250E+6,  1.600981E-4
8.747500E+6,  1.535937E-4
8.753750E+6,  1.698434E-4
8.760000E+6,  1.692548E-4
8.766250E+6,  1.618415E-4
8.772500E+6,  1.882315E-4
8.778750E+6,  1.667365E-4
8.785000E+6,  1.693815E-4
8.791250E+6,  1.798272E-4
8.797500E+6,  1.601204E-4
8.803750E+6,  1.727641E-4
8.810000E+6,  1.674965E-4
8.816250E+6,  1.537874E-4
8.822500E+6,  1.727492E-4
8.828750E+6,  1.663864E-4
8.835000E+6,  1.662597E-4
8.841250E+6,  1.807660E-4
8.847500E+6,  1.532435E-4
8.853750E+6,  1.606420E-4
8.860000E+6,  1.474395E-4
8.866250E+6,  1.551062E-4
8.872500E+6,  1.568720E-4
8.878750E+6,  1.723245E-4
8.885000E+6,  1.725703E-4
8.891250E+6,  1.756772E-4
8.897500E+6,  1.757219E-4
8.903750E+6,  1.463369E-4
8.910000E+6,  1.542941E-4
8.916250E+6,  1.823828E-4
8.922500E+6,  1.841113E-4
8.928750E+6,  1.694784E-4
8.935000E+6,  1.576543E-4
8.941250E+6,  1.520514E-4
8.947500E+6,  1.553819E-4
8.953750E+6,  1.585931E-4
8.960000E+6,  1.674742E-4
8.966250E+6,  1.632050E-4
8.972500E+6,  1.540482E-4
8.978750E+6,  1.726821E-4
8.985000E+6,  1.929998E-4
8.991250E+6,  1.665875E-4
8.997500E+6,  1.830906E-4
9.003750E+6,  1.852512E-4
9.010000E+6,  1.725182E-4
9.016250E+6,  1.577064E-4
9.022500E+6,  1.732036E-4
9.028750E+6,  1.776814E-4
9.035000E+6,  1.759604E-4
9.041250E+6,  2.072603E-4
9.047500E+6,  1.687855E-4
9.053750E+6,  1.851767E-4
9.060000E+6,  1.599714E-4
9.066250E+6,  1.820326E-4
9.072500E+6,  1.810417E-4
9.078750E+6,  1.655072E-4
9.085000E+6,  1.634359E-4
9.091250E+6,  1.744926E-4
9.097500E+6,  1.759902E-4
9.103750E+6,  1.766011E-4
9.110000E+6,  2.016947E-4
9.116250E+6,  1.966134E-4
9.122500E+6,  1.618266E-4
9.128750E+6,  1.826063E-4
9.135000E+6,  1.834184E-4
9.141250E+6,  1.878440E-4
9.147500E+6,  1.587346E-4
9.153750E+6,  1.923591E-4
9.160000E+6,  1.689419E-4
9.166250E+6,  1.856163E-4
9.172500E+6,  2.056733E-4
9.178750E+6,  1.910999E-4
9.185000E+6,  1.911148E-4
9.191250E+6,  1.999661E-4
9.197500E+6,  1.790076E-4
9.203750E+6,  1.833364E-4
9.210000E+6,  1.739264E-4
9.216250E+6,  1.900569E-4
9.222500E+6,  1.857877E-4
9.228750E+6,  2.046153E-4
9.235000E+6,  1.795739E-4
9.241250E+6,  1.739711E-4
9.247500E+6,  1.981854E-4
9.253750E+6,  1.912490E-4
9.260000E+6,  1.758188E-4
9.266250E+6,  2.012849E-4
9.272500E+6,  1.894981E-4
9.278750E+6,  1.876354E-4
9.285000E+6,  1.779646E-4
9.291250E+6,  1.880601E-4
9.297500E+6,  1.894906E-4
9.303750E+6,  1.844838E-4
9.310000E+6,  1.895577E-4
9.316250E+6,  2.071336E-4
9.322500E+6,  1.829043E-4
9.328750E+6,  1.881793E-4
9.335000E+6,  1.747757E-4
9.341250E+6,  2.136827E-4
9.347500E+6,  1.915470E-4
9.353750E+6,  2.084747E-4
9.360000E+6,  2.032295E-4
9.366250E+6,  2.094135E-4
9.372500E+6,  2.177283E-4
9.378750E+6,  2.021492E-4
9.385000E+6,  1.997352E-4
9.391250E+6,  2.004057E-4
9.397500E+6,  1.987219E-4
9.403750E+6,  2.002567E-4
9.410000E+6,  2.036691E-4
9.416250E+6,  2.283603E-4
9.422500E+6,  2.072453E-4
9.428750E+6,  2.095252E-4
9.435000E+6,  1.971200E-4
9.441250E+6,  2.162158E-4
9.447500E+6,  1.971945E-4
9.453750E+6,  2.061352E-4
9.460000E+6,  2.067313E-4
9.466250E+6,  2.155527E-4
9.472500E+6,  2.139136E-4
9.478750E+6,  2.120063E-4
9.485000E+6,  2.114028E-4
9.491250E+6,  1.948774E-4
9.497500E+6,  2.136230E-4
9.503750E+6,  2.017617E-4
9.510000E+6,  1.931936E-4
9.516250E+6,  1.989305E-4
9.522500E+6,  2.241060E-4
9.528750E+6,  2.240315E-4
9.535000E+6,  2.261549E-4
9.541250E+6,  1.882166E-4
9.547500E+6,  2.121627E-4
9.553750E+6,  2.138838E-4
9.560000E+6,  2.231225E-4
9.566250E+6,  2.076551E-4
9.572500E+6,  2.137795E-4
9.578750E+6,  2.330616E-4
9.585000E+6,  1.865625E-4
9.591250E+6,  2.122447E-4
9.597500E+6,  2.069548E-4
9.603750E+6,  2.088472E-4
9.610000E+6,  2.138242E-4
9.616250E+6,  2.121925E-4
9.622500E+6,  1.985803E-4
9.628750E+6,  2.319887E-4
9.635000E+6,  2.363920E-4
9.641250E+6,  2.293438E-4
9.647500E+6,  2.276078E-4
9.653750E+6,  2.180263E-4
9.660000E+6,  2.206415E-4
9.666250E+6,  2.276972E-4
9.672500E+6,  2.425835E-4
9.678750E+6,  2.429932E-4
9.685000E+6,  2.242029E-4
9.691250E+6,  2.295300E-4
9.697500E+6,  2.106130E-4
9.703750E+6,  2.207458E-4
9.710000E+6,  2.208427E-4
9.716250E+6,  2.278090E-4
9.722500E+6,  2.234131E-4
9.728750E+6,  2.379864E-4
9.735000E+6,  2.473146E-4
9.741250E+6,  2.449602E-4
9.747500E+6,  2.301112E-4
9.753750E+6,  2.425388E-4
9.760000E+6,  2.311915E-4
9.766250E+6,  2.402291E-4
9.772500E+6,  2.210215E-4
9.778750E+6,  2.335683E-4
9.785000E+6,  2.333969E-4
9.791250E+6,  2.469867E-4
9.797500E+6,  2.488494E-4
9.803750E+6,  2.358705E-4
9.810000E+6,  2.349913E-4
9.816250E+6,  2.602339E-4
9.822500E+6,  2.372041E-4
9.828750E+6,  2.545714E-4
9.835000E+6,  2.347529E-4
9.841250E+6,  2.488345E-4
9.847500E+6,  2.595931E-4
9.853750E+6,  2.231821E-4
9.860000E+6,  2.363920E-4
9.866250E+6,  2.686381E-4
9.872500E+6,  2.420321E-4
9.878750E+6,  2.431273E-4
9.885000E+6,  2.360940E-4
9.891250E+6,  2.455413E-4
9.897500E+6,  2.386570E-4
9.903750E+6,  2.398118E-4
9.910000E+6,  2.179518E-4
9.916250E+6,  2.576262E-4
9.922500E+6,  2.500564E-4
9.928750E+6,  2.411753E-4
9.935000E+6,  2.504885E-4
9.941250E+6,  2.558976E-4
9.947500E+6,  2.543479E-4
9.953750E+6,  2.619177E-4
9.960000E+6,  2.579838E-4
9.966250E+6,  2.423078E-4
9.972500E+6,  2.545267E-4
9.978750E+6,  2.567023E-4
9.985000E+6,  2.610385E-4
9.991250E+6,  2.619773E-4
9.997500E+6,  2.445281E-4
1.000375E+7,  2.494156E-4
1.001000E+7,  2.599210E-4
1.001625E+7,  2.513975E-4
1.002250E+7,  2.679378E-4
1.002875E+7,  2.690107E-4
1.003500E+7,  2.481639E-4
1.004125E+7,  2.723783E-4
1.004750E+7,  2.560318E-4
1.005375E+7,  2.689064E-4
1.006000E+7,  2.715290E-4
1.006625E+7,  2.494156E-4
1.007250E+7,  2.598166E-4
1.007875E+7,  2.715588E-4
1.008500E+7,  2.670288E-4
1.009125E+7,  2.560019E-4
1.009750E+7,  2.656728E-4
1.010375E+7,  2.670884E-4
1.011000E+7,  2.786964E-4
1.011625E+7,  2.638698E-4
1.012250E+7,  2.553314E-4
1.012875E+7,  2.724528E-4
1.013500E+7,  2.706349E-4
1.014125E+7,  2.630949E-4
1.014750E+7,  2.751201E-4
1.015375E+7,  2.842247E-4
1.016000E+7,  2.856851E-4
1.016625E+7,  2.796054E-4
1.017250E+7,  2.867728E-4
1.017875E+7,  2.666861E-4
1.018500E+7,  2.705306E-4
1.019125E+7,  2.786964E-4
1.019750E+7,  2.702028E-4
1.020375E+7,  2.699196E-4
1.021000E+7,  2.672821E-4
1.021625E+7,  2.773702E-4
1.022250E+7,  2.947599E-4
1.022875E+7,  2.665818E-4
1.023500E+7,  2.919137E-4
1.024125E+7,  2.764910E-4
1.024750E+7,  2.743155E-4
1.025375E+7,  2.895296E-4
1.026000E+7,  3.108233E-4
1.026625E+7,  2.831966E-4
1.027250E+7,  2.591312E-4
1.027875E+7,  2.952665E-4
1.028500E+7,  2.701581E-4
1.029125E+7,  2.962649E-4
1.029750E+7,  2.983063E-4
1.030375E+7,  2.915263E-4
1.031000E+7,  2.734512E-4
1.031625E+7,  2.965331E-4
1.032250E+7,  2.958924E-4
1.032875E+7,  2.676696E-4
1.033500E+7,  3.095716E-4
1.034125E+7,  3.088415E-4
1.034750E+7,  2.806187E-4
1.035375E+7,  3.090203E-4
1.036000E+7,  2.881140E-4
1.036625E+7,  3.059357E-4
1.037250E+7,  3.065765E-4
1.037875E+7,  3.021657E-4
1.038500E+7,  3.066957E-4
1.039125E+7,  3.281981E-4
1.039750E+7,  2.923459E-4
1.040375E+7,  3.096759E-4
1.041000E+7,  3.061146E-4
1.041625E+7,  3.318042E-4
1.042250E+7,  2.983958E-4
1.042875E+7,  3.128946E-4
1.043500E+7,  3.056824E-4
1.044125E+7,  3.020465E-4
1.044750E+7,  3.301799E-4
1.045375E+7,  3.288537E-4
1.046000E+7,  3.234744E-4
1.046625E+7,  3.057569E-4
1.047250E+7,  3.146529E-4
1.047875E+7,  3.200620E-4
1.048500E+7,  2.999157E-4
1.049125E+7,  3.353357E-4
1.049750E+7,  3.129095E-4
1.050375E+7,  3.274679E-4
1.051000E+7,  3.306419E-4
1.051625E+7,  3.277063E-4
1.052250E+7,  3.136247E-4
1.052875E+7,  3.238469E-4
1.053500E+7,  3.282428E-4
1.054125E+7,  3.382415E-4
1.054750E+7,  3.091544E-4
1.055375E+7,  3.410578E-4
1.056000E+7,  3.243238E-4
1.056625E+7,  3.448874E-4
1.057250E+7,  3.389865E-4
1.057875E+7,  3.426522E-4
1.058500E+7,  3.235638E-4
1.059125E+7,  3.526509E-4
1.059750E+7,  3.397316E-4
1.060375E+7,  3.453940E-4
1.061000E+7,  3.421605E-4
1.061625E+7,  3.488064E-4
1.062250E+7,  3.207773E-4
1.062875E+7,  3.521442E-4
1.063500E+7,  3.662854E-4
1.064125E+7,  3.452897E-4
1.064750E+7,  3.273934E-4
1.065375E+7,  3.486872E-4
1.066000E+7,  3.564358E-4
1.066625E+7,  3.417581E-4
1.067250E+7,  3.452003E-4
1.067875E+7,  3.488064E-4
1.068500E+7,  3.781915E-4
1.069125E+7,  3.527105E-4
1.069750E+7,  3.668368E-4
1.070375E+7,  3.632754E-4
1.071000E+7,  3.741086E-4
1.071625E+7,  3.664047E-4
1.072250E+7,  3.523827E-4
1.072875E+7,  3.920496E-4
1.073500E+7,  3.701150E-4
1.074125E+7,  3.529340E-4
1.074750E+7,  3.732741E-4
1.075375E+7,  3.952235E-4
1.076000E+7,  3.561080E-4
1.076625E+7,  3.707856E-4
1.077250E+7,  3.878027E-4
1.077875E+7,  3.956705E-4
1.078500E+7,  3.917068E-4
1.079125E+7,  3.884584E-4
1.079750E+7,  3.813356E-4
1.080375E+7,  4.057735E-4
1.081000E+7,  3.817379E-4
1.081625E+7,  3.950447E-4
1.082250E+7,  4.023165E-4
1.082875E+7,  3.989488E-4
1.083500E+7,  3.883541E-4
1.084125E+7,  3.993362E-4
1.084750E+7,  3.994107E-4
1.085375E+7,  3.988296E-4
1.086000E+7,  3.788769E-4
1.086625E+7,  4.135221E-4
1.087250E+7,  4.167706E-4
1.087875E+7,  4.033744E-4
1.088500E+7,  3.988594E-4
1.089125E+7,  4.067868E-4
1.089750E+7,  4.066229E-4
1.090375E+7,  3.996938E-4
1.091000E+7,  4.027039E-4
1.091625E+7,  4.063994E-4
1.092250E+7,  4.169494E-4
1.092875E+7,  4.240423E-4
1.093500E+7,  4.174560E-4
1.094125E+7,  4.146397E-4
1.094750E+7,  4.258305E-4
1.095375E+7,  4.135519E-4
1.096000E+7,  4.208982E-4
1.096625E+7,  4.421920E-4
1.097250E+7,  4.285127E-4
1.097875E+7,  4.252493E-4
1.098500E+7,  4.104823E-4
1.099125E+7,  4.428923E-4
1.099750E+7,  4.287362E-4
1.100375E+7,  4.331917E-4
1.101000E+7,  4.350990E-4
1.101625E+7,  4.326552E-4
1.102250E+7,  4.508793E-4
1.102875E+7,  4.537851E-4
1.103500E+7,  4.509091E-4
1.104125E+7,  4.357249E-4
1.104750E+7,  4.536510E-4
1.105375E+7,  4.361868E-4
1.106000E+7,  4.543215E-4
1.106625E+7,  4.505515E-4
1.107250E+7,  4.611462E-4
1.107875E+7,  4.698634E-4
1.108500E+7,  4.643649E-4
1.109125E+7,  4.751384E-4
1.109750E+7,  4.770309E-4
1.110375E+7,  4.773885E-4
1.111000E+7,  4.811436E-4
1.111625E+7,  4.915893E-4
1.112250E+7,  4.710704E-4
1.112875E+7,  4.833937E-4
1.113500E+7,  4.912019E-4
1.114125E+7,  4.694462E-4
1.114750E+7,  4.886091E-4
1.115375E+7,  4.917979E-4
1.116000E+7,  5.008280E-4
1.116625E+7,  4.985034E-4
1.117250E+7,  4.911721E-4
1.117875E+7,  5.053878E-4
1.118500E+7,  4.925430E-4
1.119125E+7,  4.996359E-4
1.119750E+7,  5.227327E-4
1.120375E+7,  5.146563E-4
1.121000E+7,  5.396605E-4
1.121625E+7,  5.434155E-4
1.122250E+7,  5.786121E-4
1.122875E+7,  6.361306E-4
1.123500E+7,  6.933212E-4
1.124125E+7,  6.563067E-4
1.124750E+7,  6.431937E-4
1.125375E+7,  6.396770E-4
1.126000E+7,  6.524920E-4
1.126625E+7,  6.003082E-4
1.127250E+7,  6.914437E-4
1.127875E+7,  6.212890E-4
1.128500E+7,  6.516874E-4
1.129125E+7,  6.221235E-4
1.129750E+7,  5.842745E-4
1.130375E+7,  6.310642E-4
1.131000E+7,  6.398261E-4
1.131625E+7,  6.305873E-4
1.132250E+7,  6.590784E-4
1.132875E+7,  6.309748E-4
1.133500E+7,  6.484985E-4
1.134125E+7,  6.356835E-4
1.134750E+7,  6.213486E-4
1.135375E+7,  6.422400E-4
1.136000E+7,  6.147921E-4
1.136625E+7,  6.305873E-4
1.137250E+7,  6.476343E-4
1.137875E+7,  6.436110E-4
1.138500E+7,  6.625354E-4
1.139125E+7,  6.618798E-4
1.139750E+7,  6.421506E-4
1.140375E+7,  6.150007E-4
1.141000E+7,  6.112456E-4
1.141625E+7,  6.290972E-4
1.142250E+7,  6.539524E-4
1.142875E+7,  6.893575E-4
1.143500E+7,  6.361604E-4
1.144125E+7,  6.551743E-4
1.144750E+7,  7.239580E-4
1.145375E+7,  7.500648E-4
1.146000E+7,  7.146299E-4
1.146625E+7,  7.505417E-4
1.147250E+7,  7.201731E-4
1.147875E+7,  7.054508E-4
1.148500E+7,  7.111132E-4
1.149125E+7,  7.856190E-4
1.149750E+7,  8.460283E-4
1.150375E+7,  7.986128E-4
1.151000E+7,  8.116663E-4
1.151625E+7,  8.192062E-4
1.152250E+7,  8.105040E-4
1.152875E+7,  7.739365E-4
1.153500E+7,  7.335246E-4
1.154125E+7,  8.158684E-4
1.154750E+7,  8.092821E-4
1.155375E+7,  8.208156E-4
1.156000E+7,  9.046793E-4
1.156625E+7,  8.856058E-4
1.157250E+7,  9.288788E-4
1.157875E+7,  9.329617E-4
1.158500E+7,  1.017988E-3
1.159125E+7,  9.161234E-4
1.159750E+7,  8.873343E-4
1.160375E+7,  9.824038E-4
1.161000E+7,  9.597242E-4
1.161625E+7,  1.056373E-3
1.162250E+7,  1.093447E-3
1.162875E+7,  1.286328E-3
1.163500E+7,  1.384795E-3
1.164125E+7,  1.488686E-3
1.164750E+7,  1.689911E-3
1.165375E+7,  1.646817E-3
1.166000E+7,  1.593113E-3
1.166625E+7,  1.727283E-3
1.167250E+7,  1.665175E-3
1.167875E+7,  1.660943E-3
1.168500E+7,  1.662016E-3
1.169125E+7,  1.662314E-3
1.169750E+7,  1.712918E-3
1.170375E+7,  1.675308E-3
1.171000E+7,  1.737416E-3
1.171625E+7,  1.717150E-3
1.172250E+7,  1.747966E-3
1.172875E+7,  1.749516E-3
1.173500E+7,  1.778126E-3
1.174125E+7,  1.794398E-3
1.174750E+7,  1.788557E-3
1.175375E+7,  1.807868E-3
1.176000E+7,  1.771927E-3
1.176625E+7,  1.854241E-3
1.177250E+7,  1.823545E-3
1.177875E+7,  1.843691E-3
1.178500E+7,  1.882076E-3
1.179125E+7,  1.868308E-3
1.179750E+7,  1.896322E-3
1.180375E+7,  1.888990E-3
1.181000E+7,  1.902759E-3
1.181625E+7,  1.934409E-3
1.182250E+7,  1.926482E-3
1.182875E+7,  1.963377E-3
1.183500E+7,  1.992583E-3
1.184125E+7,  2.019882E-3
1.184750E+7,  2.030849E-3
1.185375E+7,  2.035022E-3
1.186000E+7,  2.047181E-3
1.186625E+7,  2.062201E-3
1.187250E+7,  2.070665E-3
1.187875E+7,  2.096772E-3
1.188500E+7,  2.072215E-3
1.189125E+7,  2.107739E-3
1.189750E+7,  2.160430E-3
1.190375E+7,  2.146244E-3
1.191000E+7,  2.125502E-3
1.191625E+7,  2.167463E-3
1.192250E+7,  2.176762E-3
1.192875E+7,  2.213955E-3
1.193500E+7,  2.226830E-3
1.194125E+7,  2.287269E-3
1.194750E+7,  2.289176E-3
1.195375E+7,  2.279878E-3
1.196000E+7,  2.260327E-3
1.196625E+7,  2.273917E-3
1.197250E+7,  2.349019E-3
1.197875E+7,  2.404332E-3
1.198500E+7,  2.320647E-3
1.199125E+7,  2.426028E-3
1.199750E+7,  2.378225E-3
1.200375E+7,  2.426863E-3
1.201000E+7,  2.428174E-3
1.201625E+7,  2.476454E-3
1.202250E+7,  2.430320E-3
1.202875E+7,  2.466917E-3
1.203500E+7,  2.472162E-3
1.204125E+7,  2.432466E-3
1.204750E+7,  2.518058E-3
1.205375E+7,  2.550721E-3
1.206000E+7,  2.493620E-3
1.206625E+7,  2.616644E-3
1.207250E+7,  2.641082E-3
1.207875E+7,  2.593040E-3
1.208500E+7,  2.575278E-3
1.209125E+7,  2.621889E-3
1.209750E+7,  2.634048E-3
1.210375E+7,  2.656579E-3
1.211000E+7,  2.673388E-3
1.211625E+7,  2.714157E-3
1.212250E+7,  2.741575E-3
1.212875E+7,  2.722740E-3
1.213500E+7,  2.742767E-3
1.214125E+7,  2.801776E-3
1.214750E+7,  2.780199E-3
1.215375E+7,  2.794623E-3
1.216000E+7,  2.837777E-3
1.216625E+7,  2.837062E-3
1.217250E+7,  2.873063E-3
1.217875E+7,  2.928734E-3
1.218500E+7,  2.928495E-3
1.219125E+7,  2.972484E-3
1.219750E+7,  2.970338E-3
1.220375E+7,  3.014922E-3
1.221000E+7,  3.051162E-3
1.221625E+7,  3.119349E-3
1.222250E+7,  3.102064E-3
1.222875E+7,  3.112793E-3
1.223500E+7,  3.170371E-3
1.224125E+7,  3.234029E-3
1.224750E+7,  3.228545E-3
1.225375E+7,  3.258944E-3
1.226000E+7,  3.298521E-3
1.226625E+7,  3.303647E-3
1.227250E+7,  3.363132E-3
1.227875E+7,  3.391266E-3
1.228500E+7,  3.393412E-3
1.229125E+7,  3.497362E-3
1.229750E+7,  3.496289E-3
1.230375E+7,  3.571391E-3
1.231000E+7,  3.601551E-3
1.231625E+7,  3.595710E-3
1.232250E+7,  3.654957E-3
1.232875E+7,  3.710508E-3
1.233500E+7,  3.731132E-3
1.234125E+7,  3.790855E-3
1.234750E+7,  3.814459E-3
1.235375E+7,  3.831029E-3
1.236000E+7,  3.832340E-3
1.236625E+7,  3.978491E-3
1.237250E+7,  3.962755E-3
1.237875E+7,  4.049063E-3
1.238500E+7,  4.045963E-3
1.239125E+7,  4.096746E-3
1.239750E+7,  4.148006E-3
1.240375E+7,  4.201889E-3
1.241000E+7,  4.302263E-3
1.241625E+7,  4.308701E-3
1.242250E+7,  4.352331E-3
1.242875E+7,  4.463673E-3
1.243500E+7,  4.502773E-3
1.244125E+7,  4.545212E-3
1.244750E+7,  4.584074E-3
1.245375E+7,  4.606009E-3
1.246000E+7,  4.676104E-3
1.246625E+7,  4.780531E-3
1.247250E+7,  4.848719E-3
1.247875E+7,  4.849434E-3
1.248500E+7,  4.930973E-3
1.249125E+7,  4.995346E-3
1.249750E+7,  5.088568E-3
1.250375E+7,  5.209446E-3
1.251000E+7,  5.227327E-3
1.251625E+7,  5.293846E-3
1.252250E+7,  5.365133E-3
1.252875E+7,  5.419731E-3
1.253500E+7,  5.490541E-3
1.254125E+7,  5.582094E-3
1.254750E+7,  5.702734E-3
1.255375E+7,  5.732536E-3
1.256000E+7,  5.896568E-3
1.256625E+7,  5.933523E-3
1.257250E+7,  6.027699E-3
1.257875E+7,  6.137133E-3
1.258500E+7,  6.187201E-3
1.259125E+7,  6.261349E-3
1.259750E+7,  6.349802E-3
1.260375E+7,  6.476641E-3
1.261000E+7,  6.537437E-3
1.261625E+7,  6.766796E-3
1.262250E+7,  6.761312E-3
1.262875E+7,  7.058382E-3
1.263500E+7,  6.883621E-3
1.264125E+7,  7.120609E-3
1.264750E+7,  7.246494E-3
1.265375E+7,  7.308960E-3
1.266000E+7,  7.529497E-3
1.266625E+7,  7.520676E-3
1.267250E+7,  7.858753E-3
1.267875E+7,  7.974148E-3
1.268500E+7,  8.313656E-3
1.269125E+7,  8.399010E-3
1.269750E+7,  8.062840E-3
1.270375E+7,  8.042812E-3
1.271000E+7,  9.228230E-3
1.271625E+7,  8.652687E-3
1.272250E+7,  8.782864E-3
1.272875E+7,  8.971691E-3
1.273500E+7,  9.240627E-3
1.274125E+7,  9.355545E-3
1.274750E+7,  9.646893E-3
1.275375E+7,  9.665012E-3
1.276000E+7,  9.883881E-3
1.276625E+7,  1.001263E-2
1.277250E+7,  7.455349E-3
1.277875E+7,  9.543419E-3
1.278500E+7,  1.093054E-2
1.279125E+7,  1.144838E-2
1.279750E+7,  1.105022E-2
1.280375E+7,  1.060772E-2
1.281000E+7,  9.840965E-3
1.281625E+7,  1.254845E-2
1.282250E+7,  1.251984E-2
1.282875E+7,  1.238346E-2
1.283500E+7,  1.167011E-2
1.284125E+7,  1.385164E-2
1.284750E+7,  1.377201E-2
1.285375E+7,  1.433897E-2
1.286000E+7,  1.437855E-2
1.286625E+7,  1.509476E-2
1.287250E+7,  1.527977E-2
1.287875E+7,  1.513863E-2
1.288500E+7,  1.522017E-2
1.289125E+7,  1.657772E-2
1.289750E+7,  1.659870E-2
1.290375E+7,  1.659203E-2
1.291000E+7,  1.712227E-2
1.291625E+7,  1.826191E-2
1.292250E+7,  1.620388E-2
1.292875E+7,  1.803684E-2
1.293500E+7,  1.673222E-2
1.294125E+7,  1.761150E-2
1.294750E+7,  1.488781E-2
1.295375E+7,  1.115942E-2
1.296000E+7,  9.020805E-3
1.296625E+7,  8.726597E-3
1.297250E+7,  9.042263E-3
1.297875E+7,  9.219170E-3
1.298500E+7,  9.372711E-3
1.299125E+7,  9.662151E-3
1.299750E+7,  9.843349E-3
1.300375E+7,  1.013613E-2
1.301000E+7,  1.043081E-2
1.301625E+7,  1.067686E-2
1.302250E+7,  1.104498E-2
1.302875E+7,  1.133251E-2
1.303500E+7,  1.164341E-2
1.304125E+7,  1.196003E-2
1.304750E+7,  1.232004E-2
1.305375E+7,  1.260900E-2
1.306000E+7,  1.301956E-2
1.306625E+7,  1.347589E-2
1.307250E+7,  1.388121E-2
1.307875E+7,  1.441097E-2
1.308500E+7,  1.485014E-2
1.309125E+7,  1.534510E-2
1.309750E+7,  1.581764E-2
1.310375E+7,  1.633835E-2
1.311000E+7,  1.692200E-2
1.311625E+7,  1.752663E-2
1.312250E+7,  1.820660E-2
1.312875E+7,  1.892376E-2
1.313500E+7,  1.964855E-2
1.314125E+7,  2.034092E-2
1.314750E+7,  2.115917E-2
1.315375E+7,  2.227402E-2
1.316000E+7,  2.320385E-2
1.316625E+7,  2.416801E-2
1.317250E+7,  2.497768E-2
1.317875E+7,  2.614021E-2
1.318500E+7,  2.724743E-2
1.319125E+7,  2.863789E-2
1.319750E+7,  2.955341E-2
1.320375E+7,  3.092861E-2
1.321000E+7,  3.267860E-2
1.321625E+7,  3.372955E-2
1.322250E+7,  3.532982E-2
1.322875E+7,  3.738594E-2
1.323500E+7,  3.955078E-2
1.324125E+7,  4.206848E-2
1.324750E+7,  4.516220E-2
1.325375E+7,  4.847527E-2
1.326000E+7,  5.081367E-2
1.326625E+7,  5.391312E-2
1.327250E+7,  5.738449E-2
1.327875E+7,  6.160927E-2
1.328500E+7,  6.498718E-2
1.329125E+7,  7.044220E-2
1.329750E+7,  7.493591E-2
1.330375E+7,  7.946396E-2
1.331000E+7,  8.750534E-2
1.331625E+7,  9.394836E-2
1.332250E+7,  1.035461E-1
1.332875E+7,  1.081581E-1
1.333500E+7,  1.137123E-1
1.334125E+7,  1.216164E-1
1.334750E+7,  1.309662E-1
1.335375E+7,  1.448669E-1
1.336000E+7,  1.576996E-1
1.336625E+7,  1.707764E-1
1.337250E+7,  1.899872E-1
1.337875E+7,  2.071686E-1
1.338500E+7,  2.274323E-1
1.339125E+7,  2.553101E-1
1.339750E+7,  2.811279E-1
1.340375E+7,  3.097992E-1
1.341000E+7,  3.432159E-1
1.341625E+7,  3.836670E-1
1.342250E+7,  4.212799E-1
1.342875E+7,  4.629974E-1
1.343500E+7,  5.023499E-1
1.344125E+7,  5.272217E-1
1.344750E+7,  5.531006E-1
1.345375E+7,  5.678101E-1
1.346000E+7,  5.727234E-1
1.346625E+7,  5.774841E-1
1.347250E+7,  5.798645E-1
1.347875E+7,  5.711060E-1
1.348500E+7,  5.599670E-1
1.349125E+7,  5.533752E-1
1.349750E+7,  5.511169E-1
1.350375E+7,  5.532227E-1
1.351000E+7,  5.508728E-1
1.351625E+7,  5.506592E-1
1.352250E+7,  5.544434E-1
1.352875E+7,  5.611267E-1
1.353500E+7,  5.688171E-1
1.354125E+7,  5.768738E-1
1.354750E+7,  5.856934E-1
1.355375E+7,  5.931091E-1
1.356000E+7,  5.979309E-1
1.356625E+7,  5.994263E-1
1.357250E+7,  5.952148E-1
1.357875E+7,  5.879211E-1
1.358500E+7,  5.726624E-1
1.359125E+7,  5.515137E-1
1.359750E+7,  5.265808E-1
1.360375E+7,  4.982605E-1
1.361000E+7,  4.683533E-1
1.361625E+7,  4.386749E-1
1.362250E+7,  4.092560E-1
1.362875E+7,  3.824158E-1
1.363500E+7,  3.574982E-1
1.364125E+7,  3.339386E-1
1.364750E+7,  3.124084E-1
1.365375E+7,  2.935486E-1
1.366000E+7,  2.765808E-1
1.366625E+7,  2.619781E-1
1.367250E+7,  2.481842E-1
1.367875E+7,  2.357483E-1
1.368500E+7,  2.250977E-1
1.369125E+7,  2.147751E-1
1.369750E+7,  2.061920E-1
1.370375E+7,  1.979294E-1
1.371000E+7,  1.914444E-1
1.371625E+7,  1.857910E-1
1.372250E+7,  1.808472E-1
1.372875E+7,  1.762848E-1
1.373500E+7,  1.725311E-1
1.374125E+7,  1.695328E-1
1.374750E+7,  1.669312E-1
1.375375E+7,  1.651611E-1
1.376000E+7,  1.640167E-1
1.376625E+7,  1.634979E-1
1.377250E+7,  1.637650E-1
1.377875E+7,  1.643372E-1
1.378500E+7,  1.660690E-1
1.379125E+7,  1.683350E-1
1.379750E+7,  1.716843E-1
1.380375E+7,  1.760178E-1
1.381000E+7,  1.811676E-1
1.381625E+7,  1.883850E-1
1.382250E+7,  1.968918E-1
1.382875E+7,  2.074890E-1
1.383500E+7,  2.198868E-1
1.384125E+7,  2.351303E-1
1.384750E+7,  2.516174E-1
1.385375E+7,  2.698517E-1
1.386000E+7,  2.857666E-1
1.386625E+7,  2.960205E-1
1.387250E+7,  2.954559E-1
1.387875E+7,  2.799072E-1
1.388500E+7,  2.538910E-1
1.389125E+7,  2.221985E-1
1.389750E+7,  1.915436E-1
1.390375E+7,  1.644592E-1
1.391000E+7,  1.409607E-1
1.391625E+7,  1.223831E-1
1.392250E+7,  1.065331E-1
1.392875E+7,  9.340286E-2
1.393500E+7,  8.222961E-2
1.394125E+7,  7.313919E-2
1.394750E+7,  6.531525E-2
1.395375E+7,  5.864334E-2
1.396000E+7,  5.295944E-2
1.396625E+7,  4.798508E-2
1.397250E+7,  4.364014E-2
1.397875E+7,  3.984833E-2
1.398500E+7,  3.647995E-2
1.399125E+7,  3.356552E-2
1.399750E+7,  3.092575E-2
1.400375E+7,  2.856731E-2
1.401000E+7,  2.648258E-2
1.401625E+7,  2.457047E-2
1.402250E+7,  2.285671E-2
1.402875E+7,  2.126980E-2
1.403500E+7,  1.988125E-2
1.404125E+7,  1.857948E-2
1.404750E+7,  1.737404E-2
1.405375E+7,  1.631165E-2
1.406000E+7,  1.531410E-2
1.406625E+7,  1.439333E-2
1.407250E+7,  1.357412E-2
1.407875E+7,  1.279402E-2
1.408500E+7,  1.207399E-2
1.409125E+7,  1.141644E-2
1.409750E+7,  1.077938E-2
1.410375E+7,  1.020861E-2
1.411000E+7,  9.664536E-3
1.411625E+7,  9.151459E-3
1.412250E+7,  8.692265E-3
1.412875E+7,  8.235931E-3
1.413500E+7,  7.867336E-3
1.414125E+7,  7.470369E-3
1.414750E+7,  7.121086E-3
1.415375E+7,  6.790161E-3
1.416000E+7,  6.461859E-3
1.416625E+7,  6.183147E-3
1.417250E+7,  5.884886E-3
1.417875E+7,  5.640507E-3
1.418500E+7,  5.375624E-3
1.419125E+7,  5.150795E-3
1.419750E+7,  4.926682E-3
1.420375E+7,  4.733324E-3
1.421000E+7,  4.490614E-3
1.421625E+7,  4.308939E-3
1.422250E+7,  4.138708E-3
1.422875E+7,  3.978014E-3
1.423500E+7,  3.856421E-3
1.424125E+7,  3.653526E-3
1.424750E+7,  3.525257E-3
1.425375E+7,  3.370762E-3
1.426000E+7,  3.241539E-3
1.426625E+7,  3.131986E-3
1.427250E+7,  3.013253E-3
1.427875E+7,  2.884150E-3
1.428500E+7,  2.779841E-3
1.429125E+7,  2.665997E-3
1.429750E+7,  2.598166E-3
1.430375E+7,  2.496958E-3
1.431000E+7,  2.396584E-3
1.431625E+7,  2.334714E-3
1.432250E+7,  2.246737E-3
1.432875E+7,  2.150655E-3
1.433500E+7,  2.091169E-3
1.434125E+7,  1.992464E-3
1.434750E+7,  1.932681E-3
1.435375E+7,  1.883447E-3
1.436000E+7,  1.807868E-3
1.436625E+7,  1.756787E-3
1.437250E+7,  1.701593E-3
1.437875E+7,  1.621604E-3
1.438500E+7,  1.562595E-3
1.439125E+7,  1.530886E-3
1.439750E+7,  1.483858E-3
1.440375E+7,  1.430035E-3
1.441000E+7,  1.387298E-3
1.441625E+7,  1.353323E-3
1.442250E+7,  1.312435E-3
1.442875E+7,  1.270235E-3
1.443500E+7,  1.222610E-3
1.444125E+7,  1.188755E-3
1.444750E+7,  1.164317E-3
1.445375E+7,  1.099110E-3
1.446000E+7,  1.072526E-3
1.446625E+7,  1.034200E-3
1.447250E+7,  1.037478E-3
1.447875E+7,  9.908080E-4
1.448500E+7,  9.566545E-4
1.449125E+7,  9.283125E-4
1.449750E+7,  9.133518E-4
1.450375E+7,  8.874536E-4
1.451000E+7,  8.711815E-4
1.451625E+7,  8.300543E-4
1.452250E+7,  7.926524E-4
1.452875E+7,  8.022189E-4
1.453500E+7,  7.628798E-4
1.454125E+7,  7.367730E-4
1.454750E+7,  7.237196E-4
1.455375E+7,  7.021725E-4
1.456000E+7,  6.673932E-4
1.456625E+7,  6.555915E-4
1.457250E+7,  6.408691E-4
1.457875E+7,  6.269813E-4
1.458500E+7,  6.323457E-4
1.459125E+7,  5.964339E-4
1.459750E+7,  5.813837E-4
1.460375E+7,  5.568564E-4
1.461000E+7,  5.603433E-4
1.461625E+7,  5.387068E-4
1.462250E+7,  5.216599E-4
1.462875E+7,  4.894137E-4
1.463500E+7,  4.844666E-4
1.464125E+7,  4.643649E-4
1.464750E+7,  4.572719E-4
1.465375E+7,  4.495978E-4
1.466000E+7,  4.642904E-4
1.466625E+7,  4.387051E-4
1.467250E+7,  4.371852E-4
1.467875E+7,  4.194826E-4
1.468500E+7,  3.918111E-4
1.469125E+7,  4.059076E-4
1.469750E+7,  3.731549E-4
1.470375E+7,  3.769398E-4
1.471000E+7,  3.609508E-4
1.471625E+7,  3.389120E-4
1.472250E+7,  3.554672E-4
1.472875E+7,  3.481507E-4
1.473500E+7,  3.263950E-4
1.474125E+7,  3.155768E-4
1.474750E+7,  3.108531E-4
1.475375E+7,  3.073215E-4
1.476000E+7,  3.101081E-4
1.476625E+7,  2.914518E-4
1.477250E+7,  2.931207E-4
1.477875E+7,  2.916753E-4
1.478500E+7,  2.734512E-4
1.479125E+7,  2.704710E-4
1.479750E+7,  2.546459E-4
1.480375E+7,  2.794713E-4
1.481000E+7,  2.470464E-4
1.481625E+7,  2.657771E-4
1.482250E+7,  2.325326E-4
1.482875E+7,  2.455711E-4
1.483500E+7,  2.166331E-4
1.484125E+7,  2.367720E-4
1.484750E+7,  2.179667E-4
1.485375E+7,  2.145022E-4
1.486000E+7,  1.963228E-4
1.486625E+7,  1.997054E-4
1.487250E+7,  1.947209E-4
1.487875E+7,  1.845658E-4
1.488500E+7,  2.052784E-4
1.489125E+7,  1.990348E-4
1.489750E+7,  1.842082E-4
1.490375E+7,  1.593754E-4
1.491000E+7,  1.491085E-4
1.491625E+7,  1.826659E-4
1.492250E+7,  1.667067E-4
1.492875E+7,  1.545474E-4
1.493500E+7,  1.721084E-4
1.494125E+7,  1.551285E-4
1.494750E+7,  1.474619E-4
1.495375E+7,  1.621470E-4
1.496000E+7,  1.439527E-4
1.496625E+7,  1.501441E-4
1.497250E+7,  1.422912E-4
1.497875E+7,  1.351982E-4
1.498500E+7,  1.185052E-4
1.499125E+7,  1.391470E-4
1.499750E+7,  1.204088E-4
1.500375E+7,  1.424551E-4
1.501000E+7,  1.220442E-4
1.501625E+7,  1.112558E-4
1.502250E+7,  1.245365E-4
1.502875E+7,  1.357496E-4
1.503500E+7,  1.402721E-4
1.504125E+7,  9.622425E-5
1.504750E+7,  1.406297E-4
1.505375E+7,  1.047142E-4
1.506000E+7,  9.467453E-5
1.506625E+7,  1.065694E-4
1.507250E+7,  1.041330E-4
1.507875E+7,  1.036301E-4
1.508500E+7,  8.972362E-5
1.509125E+7,  9.846687E-5
1.509750E+7,  1.002774E-4
1.510375E+7,  6.650388E-5
1.511000E+7,  9.598583E-5
1.511625E+7,  6.800517E-5
1.512250E+7,  1.115166E-4
1.512875E+7,  8.901954E-5
1.513500E+7,  8.901954E-5
1.514125E+7,  9.608641E-5
1.514750E+7,  6.717443E-5
1.515375E+7,  7.410720E-5
1.516000E+7,  9.127334E-5
1.516625E+7,  8.859858E-5
1.517250E+7,  8.124858E-5
1.517875E+7,  7.411838E-5
1.518500E+7,  7.612258E-5
1.519125E+7,  8.198991E-5
1.519750E+7,  8.128956E-5
1.520375E+7,  7.481501E-5
1.521000E+7,  5.640462E-5
1.521625E+7,  6.732717E-5
1.522250E+7,  6.266311E-5
1.522875E+7,  6.983057E-5
1.523500E+7,  5.008280E-5
1.524125E+7,  8.989498E-5
1.524750E+7,  6.000698E-5
1.525375E+7,  6.103329E-5
1.526000E+7,  5.465001E-5
1.526625E+7,  4.073046E-5
1.527250E+7,  4.612282E-5
1.527875E+7,  6.861985E-5
1.528500E+7,  5.413219E-5
1.529125E+7,  5.386584E-5
1.529750E+7,  6.249547E-5
1.530375E+7,  6.144121E-5
1.531000E+7,  6.214157E-5
1.531625E+7,  4.590489E-5
1.532250E+7,  4.630908E-5
1.532875E+7,  5.447306E-5
1.533500E+7,  3.880635E-5
1.534125E+7,  7.808674E-6
1.534750E+7,  4.737452E-5
1.535375E+7,  6.136298E-5
1.536000E+7,  2.628099E-5
1.536625E+7,  4.349090E-5
1.537250E+7,  2.622139E-5
1.537875E+7,  4.371814E-5
1.538500E+7,  3.415905E-5
1.539125E+7,  6.910041E-5
1.539750E+7,  5.273335E-5
1.540375E+7,  5.514920E-5
1.541000E+7,  3.939681E-5
1.541625E+7,  4.204363E-5
1.542250E+7,  4.246645E-5
1.542875E+7,  7.666647E-5
1.543500E+7,  4.780293E-5
1.544125E+7,  3.410876E-5
1.544750E+7,  3.840774E-5
1.545375E+7,  6.096810E-5
1.546000E+7,  4.770607E-5
1.546625E+7,  2.374593E-5
1.547250E+7,  4.247576E-5
1.547875E+7,  4.515238E-5
1.548500E+7,  5.059503E-5
1.549125E+7,  2.538785E-5
1.549750E+7,  1.820922E-5
1.550375E+7,  3.872253E-5
1.551000E+7,  4.494563E-5
1.551625E+7,  5.396642E-5
1.552250E+7,  3.412925E-5
1.552875E+7,  3.403239E-5
1.553500E+7,  4.864112E-5
1.554125E+7,  7.534595E-10
1.554750E+7,  5.305000E-5
1.555375E+7,  5.475804E-5
1.556000E+7,  4.211627E-5
1.556625E+7,  4.121475E-5
1.557250E+7,  1.079170E-5
1.557875E+7,  2.569612E-5
1.558500E+7,  8.167699E-6
1.559125E+7,  3.653206E-5
1.559750E+7,  2.464931E-5
1.560375E+7,  2.445653E-5
1.561000E+7,  2.464652E-5
1.561625E+7,  4.281849E-5
1.562250E+7,  2.450962E-5
1.562875E+7,  3.373437E-5
1.563500E+7,  4.147924E-5
1.564125E+7,  3.897771E-5
1.564750E+7,  2.434105E-5
1.565375E+7,  3.942288E-5
1.566000E+7,  2.566259E-5
1.566625E+7,  3.935024E-5
1.567250E+7,  1.087738E-5
1.567875E+7,  3.908575E-5
1.568500E+7,  1.710933E-5
1.569125E+7,  8.556526E-6
1.569750E+7,  8.538831E-6
1.570375E+7,  3.144331E-5
1.571000E+7,  2.308097E-5
1.571625E+7,  1.697522E-5
1.572250E+7,  4.634634E-5
1.572875E+7,  1.901574E-5
1.573500E+7,  8.483417E-6
1.574125E+7,  2.728589E-5
1.574750E+7,  1.695752E-5
1.575375E+7,  2.303068E-5
1.576000E+7,  1.514051E-5
1.576625E+7,  3.130175E-5
1.577250E+7,  7.584225E-6
1.577875E+7,  5.690381E-5
1.578500E+7,  6.380674E-10
1.579125E+7,  2.146419E-5
1.579750E+7,  1.561642E-5
1.580375E+7,  2.138689E-5
1.581000E+7,  2.267677E-5
1.581625E+7,  3.222190E-5
1.582250E+7,  8.431263E-6
1.582875E+7,  2.523046E-5
1.583500E+7,  3.773021E-6
1.584125E+7,  3.788806E-5
1.584750E+7,  1.508417E-5
1.585375E+7,  1.129042E-5
1.586000E+7,  1.552608E-5
1.586625E+7,  3.216788E-5
1.587250E+7,  2.025161E-5
1.587875E+7,  2.257340E-5
1.588500E+7,  3.028940E-5
1.589125E+7,  1.682248E-5
1.589750E+7,  1.501013E-5
1.590375E+7,  8.395407E-6
1.591000E+7,  3.359653E-5
1.591625E+7,  1.875684E-5
1.592250E+7,  1.677591E-5
1.592875E+7,  1.675449E-5
1.593500E+7,  2.120156E-5
1.594125E+7,  2.511591E-5
1.594750E+7,  2.923887E-5
1.595375E+7,  8.364208E-6
1.596000E+7,  1.870655E-5
1.596625E+7,  3.744266E-6
1.597250E+7,  2.698135E-5
1.597875E+7,  2.118945E-5
1.598500E+7,  1.058681E-5
1.599125E+7,  1.123082E-5
1.599750E+7,  1.058262E-5
1.600375E+7,  7.091835E-5
1.601000E+7,  3.627315E-5
1.601625E+7,  9.166822E-5
1.602250E+7,  3.672577E-5
1.602875E+7,  1.160800E-4
1.603500E+7,  7.111579E-5
1.604125E+7,  3.560185E-4
1.604750E+7,  1.257509E-4
1.605375E+7,  2.324954E-4
1.606000E+7,  1.097992E-4
1.606625E+7,  4.707277E-5
1.607250E+7,  1.147948E-4
1.607875E+7,  2.708137E-4
1.608500E+7,  1.340732E-4
1.609125E+7,  1.638904E-4
1.609750E+7,  4.139729E-5
1.610375E+7,  6.324425E-5
1.611000E+7,  5.974807E-5
1.611625E+7,  6.083213E-5
1.612250E+7,  1.977906E-4
1.612875E+7,  5.654246E-5
1.613500E+7,  7.193163E-5
1.614125E+7,  1.170710E-4
1.614750E+7,  5.418435E-5
1.615375E+7,  6.692857E-5
1.616000E+7,  4.811212E-5
1.616625E+7,  5.779602E-5
1.617250E+7,  6.184354E-5
1.617875E+7,  1.722854E-5
1.618500E+7,  8.743629E-5
1.619125E+7,  1.059286E-4
1.619750E+7,  2.298038E-5
1.620375E+7,  1.184316E-5
1.621000E+7,  3.735349E-5
1.621625E+7,  1.723319E-5
1.622250E+7,  7.703155E-5
1.622875E+7,  3.456511E-5
1.623500E+7,  6.720051E-5
1.624125E+7,  5.917810E-5
1.624750E+7,  8.085370E-5
1.625375E+7,  1.059473E-4
1.626000E+7,  4.941970E-5
1.626625E+7,  8.617528E-6
1.627250E+7,  8.327886E-5
1.627875E+7,  3.105216E-5
1.628500E+7,  1.161881E-4
1.629125E+7,  4.495867E-5
1.629750E+7,  8.735433E-5
1.630375E+7,  6.828830E-5
1.631000E+7,  6.918982E-5
1.631625E+7,  4.593097E-5
1.632250E+7,  8.088350E-5
1.632875E+7,  1.633316E-4
1.633500E+7,  4.627369E-5
1.634125E+7,  4.604831E-5
1.634750E+7,  7.177144E-5
1.635375E+7,  9.208173E-5
1.636000E+7,  4.486181E-5
1.636625E+7,  2.202690E-4
1.637250E+7,  5.773641E-5
1.637875E+7,  1.718625E-4
1.638500E+7,  1.360700E-4
1.639125E+7,  1.054667E-4
1.639750E+7,  1.745820E-4
1.640375E+7,  1.201108E-4
1.641000E+7,  1.265332E-4
1.641625E+7,  2.725571E-4
1.642250E+7,  2.729446E-4
1.642875E+7,  1.183860E-4
1.643500E+7,  6.905571E-5
1.644125E+7,  8.777529E-5
1.644750E+7,  1.110807E-4
1.645375E+7,  1.092032E-4
1.646000E+7,  1.366213E-4
1.646625E+7,  1.726113E-5
1.647250E+7,  4.501455E-5
1.647875E+7,  6.332621E-5
1.648500E+7,  5.920045E-5
1.649125E+7,  5.669892E-5
1.649750E+7,  2.496541E-4
1.650375E+7,  1.761243E-4
1.651000E+7,  4.315749E-5
1.651625E+7,  7.534772E-5
1.652250E+7,  5.250052E-5
1.652875E+7,  5.464442E-5
1.653500E+7,  3.685616E-5
1.654125E+7,  2.443139E-5
1.654750E+7,  6.958097E-5
1.655375E+7,  5.216151E-5
1.656000E+7,  1.713187E-4
1.656625E+7,  2.140179E-4
1.657250E+7,  1.372993E-4
1.657875E+7,  3.918260E-5
1.658500E+7,  5.466491E-5
1.659125E+7,  9.997189E-5
1.659750E+7,  6.440654E-5
1.660375E+7,  8.644164E-5
1.661000E+7,  1.393408E-4
1.661625E+7,  7.609278E-5
1.662250E+7,  1.079850E-4
1.662875E+7,  4.471391E-4
1.663500E+7,  1.934096E-4
1.664125E+7,  3.735572E-4
1.664750E+7,  1.316890E-4
1.665375E+7,  2.089739E-4
1.666000E+7,  4.755147E-5
1.666625E+7,  6.575882E-5
1.667250E+7,  1.603663E-4
1.667875E+7,  3.121942E-4
1.668500E+7,  1.714528E-4
1.669125E+7,  2.453029E-4
1.669750E+7,  1.325980E-4
1.670375E+7,  1.451671E-4
1.671000E+7,  1.780689E-4
1.671625E+7,  7.872880E-4
1.672250E+7,  1.204871E-4
1.672875E+7,  1.218952E-4
1.673500E+7,  6.244704E-5
1.674125E+7,  1.823809E-5
1.674750E+7,  5.444512E-5
1.675375E+7,  3.847480E-4
1.676000E+7,  6.008707E-5
1.676625E+7,  9.407103E-5
1.677250E+7,  3.873371E-5
1.677875E+7,  1.059845E-4
1.678500E+7,  1.303256E-4
1.679125E+7,  6.534159E-5
1.679750E+7,  5.894713E-5
1.680375E+7,  4.370697E-5
1.681000E+7,  6.457046E-5
1.681625E+7,  1.163036E-4
1.682250E+7,  5.787425E-5
1.682875E+7,  2.848171E-5
1.683500E+7,  5.234405E-5
1.684125E+7,  5.812198E-5
1.684750E+7,  1.631528E-4
1.685375E+7,  6.464310E-6
1.686000E+7,  3.382936E-5
1.686625E+7,  2.585072E-5
1.687250E+7,  3.270060E-5
1.687875E+7,  6.125495E-5
1.688500E+7,  7.859617E-5
1.689125E+7,  3.230199E-5
1.689750E+7,  2.585538E-5
1.690375E+7,  1.293719E-4
1.691000E+7,  1.157587E-5
1.691625E+7,  6.674603E-5
1.692250E+7,  4.940480E-5
1.692875E+7,  8.549541E-5
1.693500E+7,  1.446810E-5
1.694125E+7,  1.390576E-4
1.694750E+7,  3.937632E-5
1.695375E+7,  5.969591E-5
1.696000E+7,  1.592264E-4
1.696625E+7,  7.410347E-5
1.697250E+7,  1.187623E-4
1.697875E+7,  1.440346E-4
1.698500E+7,  2.756715E-4
1.699125E+7,  2.123788E-4
1.699750E+7,  9.883195E-5
1.700375E+7,  9.428710E-5
1.701000E+7,  1.945943E-4
1.701625E+7,  3.379770E-5
1.702250E+7,  5.793385E-5
1.702875E+7,  6.767735E-5
1.703500E+7,  1.415163E-4
1.704125E+7,  3.385693E-4
1.704750E+7,  7.884577E-5
1.705375E+7,  1.155101E-4
1.706000E+7,  1.352057E-4
1.706625E+7,  5.346723E-5
1.707250E+7,  2.957322E-5
1.707875E+7,  3.380515E-5
1.708500E+7,  4.529208E-5
1.709125E+7,  1.132116E-4
1.709750E+7,  4.678220E-5
1.710375E+7,  7.081777E-5
1.711000E+7,  2.916437E-5
1.711625E+7,  6.674975E-5
1.712250E+7,  1.278594E-4
1.712875E+7,  3.281981E-5
1.713500E+7,  1.195744E-4
1.714125E+7,  8.407980E-5
1.714750E+7,  2.595875E-5
1.715375E+7,  7.138401E-5
1.716000E+7,  6.231293E-5
1.716625E+7,  8.007884E-5
1.717250E+7,  4.956685E-5
1.717875E+7,  4.646555E-5
1.718500E+7,  7.467717E-5
1.719125E+7,  1.007728E-4
1.719750E+7,  6.495789E-5
1.720375E+7,  1.573637E-4
1.721000E+7,  4.546903E-5
1.721625E+7,  1.232997E-4
1.722250E+7,  1.041628E-4
1.722875E+7,  8.322299E-5
1.723500E+7,  2.395920E-5
1.724125E+7,  2.396014E-5
1.724750E+7,  2.315640E-4
1.725375E+7,  1.515672E-4
1.726000E+7,  3.089383E-5
1.726625E+7,  3.501214E-5
1.727250E+7,  1.131967E-4
1.727875E+7,  3.536791E-5
1.728500E+7,  7.798523E-5
1.729125E+7,  2.680998E-5
1.729750E+7,  2.922397E-5
1.730375E+7,  1.281351E-4
1.731000E+7,  4.194118E-5
1.731625E+7,  1.249760E-4
1.732250E+7,  8.861348E-5
1.732875E+7,  9.890646E-5
1.733500E+7,  4.071184E-5
1.734125E+7,  1.513138E-4
1.734750E+7,  1.687482E-4
1.735375E+7,  9.275973E-5
1.736000E+7,  6.506592E-5
1.736625E+7,  3.552064E-5
1.737250E+7,  2.761036E-4
1.737875E+7,  4.801899E-5
1.738500E+7,  1.310334E-4
1.739125E+7,  1.771189E-5
1.739750E+7,  4.775263E-5
1.740375E+7,  6.868318E-5
1.741000E+7,  8.921325E-5
1.741625E+7,  3.907643E-5
1.742250E+7,  6.434321E-5
1.742875E+7,  1.078062E-4
1.743500E+7,  6.186962E-5
1.744125E+7,  1.040883E-4
1.744750E+7,  9.772554E-5
1.745375E+7,  4.883483E-5
1.746000E+7,  8.166954E-5
1.746625E+7,  4.700013E-5
1.747250E+7,  1.071766E-4
1.747875E+7,  8.472428E-5
1.748500E+7,  1.138076E-4
1.749125E+7,  1.388714E-4
1.749750E+7,  4.958734E-5
1.750375E+7,  3.300048E-5
1.751000E+7,  7.845461E-5
1.751625E+7,  7.654727E-5
1.752250E+7,  4.746951E-5
1.752875E+7,  7.101893E-5
1.753500E+7,  8.681417E-5
1.754125E+7,  1.304783E-5
1.754750E+7,  2.043601E-5
1.755375E+7,  2.353173E-5
1.756000E+7,  4.994497E-5
1.756625E+7,  1.331344E-4
1.757250E+7,  1.215599E-4
1.757875E+7,  8.480996E-5
1.758500E+7,  8.587912E-5
1.759125E+7,  8.242950E-5
1.759750E+7,  7.611886E-5
1.760375E+7,  5.747005E-5
1.761000E+7,  8.675829E-5
1.761625E+7,  1.846440E-5
1.762250E+7,  7.026270E-5
1.762875E+7,  5.838694E-6
1.763500E+7,  1.169555E-4
1.764125E+7,  1.138002E-4
1.764750E+7,  4.087389E-5
1.765375E+7,  1.508147E-4
1.766000E+7,  1.073740E-4
1.766625E+7,  5.106442E-5
1.767250E+7,  7.039309E-5
1.767875E+7,  7.876754E-5
1.768500E+7,  3.556907E-5
1.769125E+7,  7.583201E-5
1.769750E+7,  9.239465E-5
1.770375E+7,  9.803474E-5
1.771000E+7,  1.127236E-4
1.771625E+7,  8.509681E-5
1.772250E+7,  2.525598E-4
1.772875E+7,  9.423494E-5
1.773500E+7,  1.059733E-4
1.774125E+7,  1.079217E-4
1.774750E+7,  3.292263E-4
1.775375E+7,  2.037585E-4
1.776000E+7,  1.759827E-4
1.776625E+7,  4.963577E-5
1.777250E+7,  8.149445E-5
1.777875E+7,  3.164262E-5
1.778500E+7,  1.092926E-4
1.779125E+7,  5.273148E-5
1.779750E+7,  2.038479E-4
1.780375E+7,  7.725134E-5
1.781000E+7,  2.399385E-4
1.781625E+7,  1.864284E-4
1.782250E+7,  7.497519E-5
1.782875E+7,  6.538630E-5
1.783500E+7,  9.254366E-5
1.784125E+7,  1.758710E-4
1.784750E+7,  1.150779E-4
1.785375E+7,  8.102134E-5
1.786000E+7,  8.961931E-5
1.786625E+7,  7.154420E-5
1.787250E+7,  7.499754E-5
1.787875E+7,  7.411838E-5
1.788500E+7,  6.607920E-5
1.789125E+7,  4.905835E-5
1.789750E+7,  8.151680E-5
1.790375E+7,  8.461252E-5
1.791000E+7,  8.227676E-5
1.791625E+7,  6.682798E-5
1.792250E+7,  8.395314E-5
1.792875E+7,  7.085502E-5
1.793500E+7,  6.680191E-5
1.794125E+7,  4.732423E-5
1.794750E+7,  7.887557E-5
1.795375E+7,  8.720905E-5
1.796000E+7,  6.618723E-5
1.796625E+7,  2.346281E-5
1.797250E+7,  8.468702E-5
1.797875E+7,  4.978664E-5
1.798500E+7,  2.488866E-5
1.799125E+7,  8.979067E-5
1.799750E+7,  5.512312E-5
1.800375E+7,  6.052852E-5
1.801000E+7,  1.878571E-5
1.801625E+7,  1.001060E-4
1.802250E+7,  3.421865E-5
1.802875E+7,  8.301344E-6
1.803500E+7,  4.469231E-5
1.804125E+7,  1.203120E-4
1.804750E+7,  5.316921E-5
1.805375E+7,  6.350130E-5
1.806000E+7,  7.143244E-5
1.806625E+7,  7.770583E-5
1.807250E+7,  1.595020E-4
1.807875E+7,  9.467453E-5
1.808500E+7,  1.917258E-4
1.809125E+7,  1.235977E-4
1.809750E+7,  9.552017E-5
1.810375E+7,  1.996532E-4
1.811000E+7,  9.465963E-5
1.811625E+7,  1.672953E-4
1.812250E+7,  3.057420E-4
1.812875E+7,  2.421290E-4
1.813500E+7,  1.296625E-4
1.814125E+7,  2.865642E-4
1.814750E+7,  2.024397E-4
1.815375E+7,  2.604276E-4
1.816000E+7,  1.551658E-4
1.816625E+7,  1.000948E-4
1.817250E+7,  2.120957E-4
1.817875E+7,  2.811849E-4
1.818500E+7,  4.776381E-5
1.819125E+7,  7.059425E-5
1.819750E+7,  1.552328E-4
1.820375E+7,  1.760870E-4
1.821000E+7,  6.789342E-5
1.821625E+7,  6.878376E-5
1.822250E+7,  1.080185E-4
1.822875E+7,  1.144335E-4
1.823500E+7,  1.006760E-4
1.824125E+7,  1.786426E-4
1.824750E+7,  2.895389E-5
1.825375E+7,  1.356155E-4
1.826000E+7,  1.212284E-4
1.826625E+7,  1.212656E-4
1.827250E+7,  7.376820E-5
1.827875E+7,  1.212861E-5
1.828500E+7,  5.427562E-5
1.829125E+7,  1.398772E-4
1.829750E+7,  1.860783E-5
1.830375E+7,  6.798655E-5
1.831000E+7,  4.285760E-5
1.831625E+7,  1.315447E-5
1.832250E+7,  1.082048E-4
1.832875E+7,  9.990856E-5
1.833500E+7,  4.721433E-5
1.834125E+7,  4.160963E-5
1.834750E+7,  2.515316E-5
1.835375E+7,  3.582612E-5
1.836000E+7,  1.187064E-4
1.836625E+7,  5.143695E-5
1.837250E+7,  5.588867E-5
1.837875E+7,  8.959323E-5
1.838500E+7,  1.014248E-4
1.839125E+7,  1.535192E-4
1.839750E+7,  3.726967E-5
1.840375E+7,  3.332458E-5
1.841000E+7,  6.903708E-5
1.841625E+7,  5.723350E-5
1.842250E+7,  1.132861E-4
1.842875E+7,  1.158491E-4
1.843500E+7,  5.147234E-5
1.844125E+7,  2.387241E-4
1.844750E+7,  1.138598E-4
1.845375E+7,  2.636313E-4
1.846000E+7,  2.474040E-4
1.846625E+7,  5.271286E-5
1.847250E+7,  7.249042E-5
1.847875E+7,  1.215469E-5
1.848500E+7,  1.784042E-4
1.849125E+7,  8.609518E-5
1.849750E+7,  4.168972E-5
1.850375E+7,  2.654940E-4
1.851000E+7,  6.727129E-5
1.851625E+7,  5.506352E-5
1.852250E+7,  1.309887E-4
1.852875E+7,  3.141463E-4
1.853500E+7,  4.258007E-5
1.854125E+7,  7.553026E-5
1.854750E+7,  1.402572E-4
1.855375E+7,  9.488314E-5
1.856000E+7,  2.375394E-4