SAVED BY: 
TITLE: 
COMMENTS: 
DATE: 10/27/2020
TIME: 1:21 PM

STIMULUS, REAL, IMAGINARY

8.560000E+6,    -1.040846E-5,    -1.440197E-4
8.566250E+6,    1.698732E-6,    -1.583099E-4
8.572500E+6,    -1.443177E-5,    -1.580492E-4
8.578750E+6,    4.120171E-6,    -1.598522E-4
8.585000E+6,    -8.530915E-6,    -1.457036E-4
8.591250E+6,    -2.533197E-7,    -1.739264E-4
8.597500E+6,    -1.587719E-5,    -1.658797E-4
8.603750E+6,    6.139278E-6,    -1.537129E-4
8.610000E+6,    -2.861768E-5,    -1.513883E-4
8.616250E+6,    -1.154840E-6,    -1.583099E-4
8.622500E+6,    -1.934916E-5,    -1.483113E-4
8.628750E+6,    -4.813075E-6,    -1.645312E-4
8.635000E+6,    4.075468E-6,    -1.693144E-4
8.641250E+6,    -1.788139E-5,    -1.576692E-4
8.647500E+6,    3.933907E-6,    -1.536906E-4
8.653750E+6,    -2.594292E-5,    -1.777112E-4
8.660000E+6,    -9.141862E-6,    -1.469180E-4
8.666250E+6,    -1.072139E-5,    -1.784116E-4
8.672500E+6,    -1.563132E-5,    -1.436919E-4
8.678750E+6,    -2.074987E-5,    -1.732558E-4
8.685000E+6,    -2.608448E-5,    -1.461059E-4
8.691250E+6,    -1.934916E-5,    -1.339018E-4
8.697500E+6,    -1.849979E-5,    -1.668334E-4
8.703750E+6,    -3.284216E-5,    -1.425445E-4
8.710000E+6,    -5.632639E-6,    -1.503974E-4
8.716250E+6,    1.215935E-5,    -1.687482E-4
8.722500E+6,    -1.474470E-5,    -1.860112E-4
8.728750E+6,    -8.456409E-6,    -1.737550E-4
8.735000E+6,    -1.943111E-5,    -1.432747E-4
8.741250E+6,    -2.861768E-5,    -1.867115E-4
8.747500E+6,    -1.112372E-5,    -1.641214E-4
8.753750E+6,    -1.995265E-5,    -1.839548E-4
8.760000E+6,    -2.600253E-6,    -1.538917E-4
8.766250E+6,    -9.067357E-6,    -1.580641E-4
8.772500E+6,    -8.441508E-6,    -1.833588E-4
8.778750E+6,    -6.146729E-6,    -1.520291E-4
8.785000E+6,    -2.222508E-5,    -1.506135E-4
8.791250E+6,    1.011044E-5,    -1.379251E-4
8.797500E+6,    7.681549E-6,    -1.611039E-4
8.803750E+6,    -1.570582E-5,    -1.717433E-4
8.810000E+6,    -1.559407E-5,    -1.639649E-4
8.816250E+6,    -2.881885E-5,    -1.642257E-4
8.822500E+6,    -4.470348E-6,    -1.713932E-4
8.828750E+6,    -1.661479E-5,    -1.638234E-4
8.835000E+6,    -1.607090E-5,    -1.560077E-4
8.841250E+6,    -1.712143E-5,    -1.637340E-4
8.847500E+6,    -3.068149E-5,    -1.971573E-4
8.853750E+6,    -1.503527E-5,    -1.656115E-4
8.860000E+6,    2.823770E-6,    -1.944304E-4
8.866250E+6,    9.201467E-6,    -1.650527E-4
8.872500E+6,    -2.533197E-6,    -1.574457E-4
8.878750E+6,    -9.551644E-6,    -1.867637E-4
8.885000E+6,    -3.539026E-6,    -1.576766E-4
8.891250E+6,    -7.756054E-6,    -1.633614E-4
8.897500E+6,    -3.831089E-5,    -1.768321E-4
8.903750E+6,    -1.646578E-5,    -1.750290E-4
8.910000E+6,    -6.608665E-6,    -1.731664E-4
8.916250E+6,    -1.661479E-5,    -1.750588E-4
8.922500E+6,    -1.889467E-5,    -1.653209E-4
8.928750E+6,    -1.019984E-5,    -1.633540E-4
8.935000E+6,    -3.385544E-5,    -1.981705E-4
8.941250E+6,    -2.602488E-5,    -2.042130E-4
8.947500E+6,    -2.645701E-5,    -1.611561E-4
8.953750E+6,    -1.445413E-5,    -1.611710E-4
8.960000E+6,    -2.058595E-5,    -1.571253E-4
8.966250E+6,    -2.975762E-5,    -1.939088E-4
8.972500E+6,    -6.571412E-6,    -1.848713E-4
8.978750E+6,    -3.262609E-5,    -1.663566E-4
8.985000E+6,    -1.308322E-5,    -1.631156E-4
8.991250E+6,    -1.405925E-5,    -2.061427E-4
8.997500E+6,    -1.379848E-5,    -1.804456E-4
9.003750E+6,    -1.029670E-5,    -1.748279E-4
9.010000E+6,    -3.432482E-5,    -1.660734E-4
9.016250E+6,    -1.773983E-5,    -1.785532E-4
9.022500E+6,    -2.965331E-5,    -1.700670E-4
9.028750E+6,    -2.141297E-5,    -1.764596E-4
9.035000E+6,    -4.783273E-6,    -1.712814E-4
9.041250E+6,    -2.202392E-5,    -1.762956E-4
9.047500E+6,    -3.403425E-5,    -1.852810E-4
9.053750E+6,    -2.384186E-6,    -1.832768E-4
9.060000E+6,    -3.045797E-5,    -1.793429E-4
9.066250E+6,    -2.540648E-5,    -2.011955E-4
9.072500E+6,    -2.576411E-5,    -1.660138E-4
9.078750E+6,    -2.356619E-5,    -2.033934E-4
9.085000E+6,    -6.534159E-6,    -1.809672E-4
9.091250E+6,    -2.928823E-5,    -1.816079E-4
9.097500E+6,    -1.158565E-5,    -1.690760E-4
9.103750E+6,    -2.608448E-5,    -1.756921E-4
9.110000E+6,    -1.674145E-5,    -1.745448E-4
9.116250E+6,    -2.773851E-5,    -1.932755E-4
9.122500E+6,    -2.463907E-5,    -1.777112E-4
9.128750E+6,    -1.636147E-5,    -1.844019E-4
9.135000E+6,    -2.495944E-5,    -1.601949E-4
9.141250E+6,    -1.442432E-5,    -1.689494E-4
9.147500E+6,    -4.179776E-5,    -1.918301E-4
9.153750E+6,    -2.723932E-5,    -1.676604E-4
9.160000E+6,    -1.751631E-5,    -1.942590E-4
9.166250E+6,    -1.837313E-5,    -1.936257E-4
9.172500E+6,    -2.212077E-5,    -1.819506E-4
9.178750E+6,    -7.428229E-6,    -1.852661E-4
9.185000E+6,    -2.562255E-5,    -1.795143E-4
9.191250E+6,    -2.164394E-5,    -2.014264E-4
9.197500E+6,    -2.426654E-5,    -1.717955E-4
9.203750E+6,    -2.861768E-5,    -1.967177E-4
9.210000E+6,    -1.428276E-5,    -1.907274E-4
9.216250E+6,    -2.083182E-5,    -1.760721E-4
9.222500E+6,    -3.628433E-5,    -1.723096E-4
9.228750E+6,    -3.597140E-5,    -2.098083E-4
9.235000E+6,    -2.683699E-5,    -1.715496E-4
9.241250E+6,    -3.445148E-5,    -2.118796E-4
9.247500E+6,    -4.175305E-5,    -1.873896E-4
9.253750E+6,    -2.783537E-5,    -2.087057E-4
9.260000E+6,    -2.915412E-5,    -1.988485E-4
9.266250E+6,    -1.250207E-5,    -1.951158E-4
9.272500E+6,    -3.910065E-5,    -2.093911E-4
9.278750E+6,    -2.659857E-5,    -1.832917E-4
9.285000E+6,    -2.682954E-5,    -1.835525E-4
9.291250E+6,    -1.533329E-5,    -2.126843E-4
9.297500E+6,    -2.268702E-5,    -1.779944E-4
9.303750E+6,    -3.252178E-5,    -1.986250E-4
9.310000E+6,    -3.710389E-5,    -2.133995E-4
9.316250E+6,    -3.037602E-5,    -2.010092E-4
9.322500E+6,    -3.593415E-5,    -1.859367E-4
9.328750E+6,    -2.958626E-5,    -1.831353E-4
9.335000E+6,    -3.202260E-5,    -2.004355E-4
9.341250E+6,    -3.185868E-5,    -2.104193E-4
9.347500E+6,    -3.477931E-5,    -2.081096E-4
9.353750E+6,    -2.563745E-5,    -1.976117E-4
9.360000E+6,    -3.384054E-5,    -1.905411E-4
9.366250E+6,    -3.378093E-5,    -1.904666E-4
9.372500E+6,    -2.706796E-5,    -2.073869E-4
9.378750E+6,    -2.708286E-5,    -2.075806E-4
9.385000E+6,    -3.536046E-5,    -1.900792E-4
9.391250E+6,    -1.364946E-5,    -1.819506E-4
9.397500E+6,    -1.865625E-5,    -2.069175E-4
9.403750E+6,    -2.186000E-5,    -2.048314E-4
9.410000E+6,    -3.758073E-5,    -1.895726E-4
9.416250E+6,    -2.741814E-5,    -2.095699E-4
9.422500E+6,    -2.042949E-5,    -1.969486E-4
9.428750E+6,    -3.570318E-5,    -2.120435E-4
9.435000E+6,    -3.877282E-5,    -2.095401E-4
9.441250E+6,    -4.196167E-5,    -1.868308E-4
9.447500E+6,    -4.982948E-5,    -2.090037E-4
9.453750E+6,    -3.999472E-5,    -2.092421E-4
9.460000E+6,    -2.828240E-5,    -2.117157E-4
9.466250E+6,    -3.376603E-5,    -2.064109E-4
9.472500E+6,    -4.169345E-5,    -1.990497E-4
9.478750E+6,    -4.410744E-5,    -2.263784E-4
9.485000E+6,    -3.474951E-5,    -2.164245E-4
9.491250E+6,    -3.722310E-5,    -2.238154E-4
9.497500E+6,    -3.814697E-5,    -2.035797E-4
9.503750E+6,    -4.696846E-5,    -2.256930E-4
9.510000E+6,    -3.755093E-5,    -2.260804E-4
9.516250E+6,    -5.260110E-5,    -2.305806E-4
9.522500E+6,    -2.513826E-5,    -2.087653E-4
9.528750E+6,    -5.465746E-5,    -1.982450E-4
9.535000E+6,    -3.316998E-5,    -2.113879E-4
9.541250E+6,    -3.400445E-5,    -2.112687E-4
9.547500E+6,    -4.425645E-5,    -2.104938E-4
9.553750E+6,    -5.227327E-5,    -2.228618E-4
9.560000E+6,    -2.023578E-5,    -2.162606E-4
9.566250E+6,    -4.398823E-5,    -2.331138E-4
9.572500E+6,    -4.327297E-5,    -2.029836E-4
9.578750E+6,    -5.987287E-5,    -2.270639E-4
9.585000E+6,    -3.540516E-5,    -2.329350E-4
9.591250E+6,    -1.776218E-5,    -2.213418E-4
9.597500E+6,    -4.619360E-5,    -2.221465E-4
9.603750E+6,    -3.904104E-5,    -2.201200E-4
9.610000E+6,    -5.409122E-5,    -2.145171E-4
9.616250E+6,    -4.315376E-5,    -2.273321E-4
9.622500E+6,    -4.121661E-5,    -2.298653E-4
9.628750E+6,    -3.197789E-5,    -2.304912E-4
9.635000E+6,    -5.331635E-5,    -2.166927E-4
9.641250E+6,    -3.170967E-5,    -2.203584E-4
9.647500E+6,    -5.662441E-5,    -2.460778E-4
9.653750E+6,    -4.529953E-5,    -2.167821E-4
9.660000E+6,    -4.500151E-5,    -2.068877E-4
9.666250E+6,    -4.047155E-5,    -2.121925E-4
9.672500E+6,    -5.465746E-5,    -2.285540E-4
9.678750E+6,    -3.692508E-5,    -2.174079E-4
9.685000E+6,    -4.357100E-5,    -2.318621E-4
9.691250E+6,    -3.927946E-5,    -2.371073E-4
9.697500E+6,    -6.139278E-5,    -2.228022E-4
9.703750E+6,    -3.185868E-5,    -2.250671E-4
9.710000E+6,    -5.224347E-5,    -2.234876E-4
9.716250E+6,    -6.639957E-5,    -2.395511E-4
9.722500E+6,    -5.754828E-5,    -2.402365E-4
9.728750E+6,    -5.304813E-5,    -2.456903E-4
9.735000E+6,    -6.988645E-5,    -2.266169E-4
9.741250E+6,    -3.111362E-5,    -2.177358E-4
9.747500E+6,    -4.562736E-5,    -2.237558E-4
9.753750E+6,    -3.772974E-5,    -2.444088E-4
9.760000E+6,    -3.582239E-5,    -2.247095E-4
9.766250E+6,    -6.762147E-5,    -2.539754E-4
9.772500E+6,    -5.003810E-5,    -2.305806E-4
9.778750E+6,    -6.219745E-5,    -2.393425E-4
9.785000E+6,    -4.148483E-5,    -2.314746E-4
9.791250E+6,    -4.276633E-5,    -2.415180E-4
9.797500E+6,    -5.906820E-5,    -2.215803E-4
9.803750E+6,    -5.954504E-5,    -2.446175E-4
9.810000E+6,    -5.364418E-5,    -2.300441E-4
9.816250E+6,    -6.055832E-5,    -2.443194E-4
9.822500E+6,    -4.744530E-5,    -2.383888E-4
9.828750E+6,    -7.009506E-5,    -2.555251E-4
9.835000E+6,    -5.057454E-5,    -2.476871E-4
9.841250E+6,    -5.969405E-5,    -2.365708E-4
9.847500E+6,    -6.344914E-5,    -2.439916E-4
9.853750E+6,    -5.757809E-5,    -2.520680E-4
9.860000E+6,    -5.766749E-5,    -2.519786E-4
9.866250E+6,    -4.535913E-5,    -2.461076E-4
9.872500E+6,    -4.413724E-5,    -2.361536E-4
9.878750E+6,    -4.521012E-5,    -2.461076E-4
9.885000E+6,    -4.214048E-5,    -2.516806E-4
9.891250E+6,    -6.899238E-5,    -2.527237E-4
9.897500E+6,    -5.704165E-5,    -2.567172E-4
9.903750E+6,    -6.735325E-5,    -2.554953E-4
9.910000E+6,    -4.869699E-5,    -2.330244E-4
9.916250E+6,    -8.419156E-5,    -2.452731E-4
9.922500E+6,    -5.945563E-5,    -2.310276E-4
9.928750E+6,    -7.119775E-5,    -2.648234E-4
9.935000E+6,    -5.838275E-5,    -2.468526E-4
9.941250E+6,    -6.920099E-5,    -2.446473E-4
9.947500E+6,    -7.247925E-5,    -2.646148E-4
9.953750E+6,    -6.136298E-5,    -2.562404E-4
9.960000E+6,    -5.477667E-5,    -2.548397E-4
9.966250E+6,    -4.312396E-5,    -2.466738E-4
9.972500E+6,    -7.927418E-5,    -2.454221E-4
9.978750E+6,    -7.569790E-5,    -2.381802E-4
9.985000E+6,    -6.613135E-5,    -2.526939E-4
9.991250E+6,    -5.197525E-5,    -2.503693E-4
9.997500E+6,    -5.587935E-5,    -2.441108E-4
1.000375E+7,    -7.957220E-5,    -2.605021E-4
1.001000E+7,    -6.613135E-5,    -2.680421E-4
1.001625E+7,    -6.631017E-5,    -2.677441E-4
1.002250E+7,    -6.213784E-5,    -2.633333E-4
1.002875E+7,    -8.359551E-5,    -2.822876E-4
1.003500E+7,    -1.024008E-4,    -2.683401E-4
1.004125E+7,    -7.554889E-5,    -2.582967E-4
1.004750E+7,    -5.355477E-5,    -2.656281E-4
1.005375E+7,    -6.887317E-5,    -2.697706E-4
1.006000E+7,    -6.657839E-5,    -2.599657E-4
1.006625E+7,    -6.559491E-5,    -2.629459E-4
1.007250E+7,    -7.003546E-5,    -2.565980E-4
1.007875E+7,    -6.332994E-5,    -2.811551E-4
1.008500E+7,    -9.098649E-5,    -2.521574E-4
1.009125E+7,    -6.729364E-5,    -2.623796E-4
1.009750E+7,    -6.088614E-5,    -2.866685E-4
1.010375E+7,    -8.809566E-5,    -2.705753E-4
1.011000E+7,    -6.517768E-5,    -2.551675E-4
1.011625E+7,    -7.194281E-5,    -2.845526E-4
1.012250E+7,    -6.568432E-5,    -2.550185E-4
1.012875E+7,    -6.315112E-5,    -2.734363E-4
1.013500E+7,    -7.936358E-5,    -2.745390E-4
1.014125E+7,    -6.830692E-5,    -2.543330E-4
1.014750E+7,    -8.773804E-5,    -2.906024E-4
1.015375E+7,    -7.563829E-5,    -2.703667E-4
1.016000E+7,    -7.310510E-5,    -2.764463E-4
1.016625E+7,    -8.174777E-5,    -2.611876E-4
1.017250E+7,    -6.982684E-5,    -2.823770E-4
1.017875E+7,    -6.920099E-5,    -2.853274E-4
1.018500E+7,    -8.642673E-5,    -2.702773E-4
1.019125E+7,    -8.213520E-5,    -2.923012E-4
1.019750E+7,    -5.811453E-5,    -2.902448E-4
1.020375E+7,    -8.282065E-5,    -2.794266E-4
1.021000E+7,    -8.276105E-5,    -2.790391E-4
1.021625E+7,    -7.992983E-5,    -2.849102E-4
1.022250E+7,    -7.203221E-5,    -2.712905E-4
1.022875E+7,    -6.946921E-5,    -2.902150E-4
1.023500E+7,    -8.264184E-5,    -2.840161E-4
1.024125E+7,    -9.098649E-5,    -2.847314E-4
1.024750E+7,    -8.735061E-5,    -2.905130E-4
1.025375E+7,    -9.003282E-5,    -2.875328E-4
1.026000E+7,    -9.113550E-5,    -2.873540E-4
1.026625E+7,    -7.849932E-5,    -2.802908E-4
1.027250E+7,    -7.870793E-5,    -2.957880E-4
1.027875E+7,    -1.015365E-4,    -2.998710E-4
1.028500E+7,    -6.777048E-5,    -2.888739E-4
1.029125E+7,    -9.781122E-5,    -2.928376E-4
1.029750E+7,    -9.196997E-5,    -3.050566E-4
1.030375E+7,    -1.177788E-4,    -3.186166E-4
1.031000E+7,    -9.861588E-5,    -2.951026E-4
1.031625E+7,    -8.663535E-5,    -2.885461E-4
1.032250E+7,    -7.909536E-5,    -3.036559E-4
1.032875E+7,    -8.344650E-5,    -2.812147E-4
1.033500E+7,    -9.331107E-5,    -2.945065E-4
1.034125E+7,    -9.715557E-5,    -3.036857E-4
1.034750E+7,    -9.259582E-5,    -2.969205E-4
1.035375E+7,    -8.574128E-5,    -3.097951E-4
1.036000E+7,    -9.456277E-5,    -3.095865E-4
1.036625E+7,    -1.130700E-4,    -3.221333E-4
1.037250E+7,    -1.010299E-4,    -2.996922E-4
1.037875E+7,    -7.966161E-5,    -2.962351E-4
1.038500E+7,    -7.680058E-5,    -3.180504E-4
1.039125E+7,    -9.247661E-5,    -3.049672E-4
1.039750E+7,    -8.675456E-5,    -2.861917E-4
1.040375E+7,    -1.012087E-4,    -2.892315E-4
1.041000E+7,    -1.073480E-4,    -3.267229E-4
1.041625E+7,    -1.055300E-4,    -3.297925E-4
1.042250E+7,    -1.016259E-4,    -2.915859E-4
1.042875E+7,    -1.055598E-4,    -3.169775E-4
1.043500E+7,    -7.772446E-5,    -3.104806E-4
1.044125E+7,    -1.068711E-4,    -3.163517E-4
1.044750E+7,    -8.103251E-5,    -3.066957E-4
1.045375E+7,    -1.020730E-4,    -3.130734E-4
1.046000E+7,    -1.147985E-4,    -3.028214E-4
1.046625E+7,    -9.441376E-5,    -3.155172E-4
1.047250E+7,    -1.131594E-4,    -3.252625E-4
1.047875E+7,    -9.363890E-5,    -3.186166E-4
1.048500E+7,    -1.014769E-4,    -3.215671E-4
1.049125E+7,    -8.237362E-5,    -3.121495E-4
1.049750E+7,    -1.098812E-4,    -3.212988E-4
1.050375E+7,    -9.071827E-5,    -3.308058E-4
1.051000E+7,    -1.007915E-4,    -3.271103E-4
1.051625E+7,    -1.143813E-4,    -3.327727E-4
1.052250E+7,    -9.247661E-5,    -3.305674E-4
1.052875E+7,    -1.149178E-4,    -3.163517E-4
1.053500E+7,    -9.769201E-5,    -3.204346E-4
1.054125E+7,    -9.691715E-5,    -3.422201E-4
1.054750E+7,    -1.031160E-4,    -3.292263E-4
1.055375E+7,    -1.001358E-4,    -3.198683E-4
1.056000E+7,    -1.098812E-4,    -3.347695E-4
1.056625E+7,    -1.256168E-4,    -3.370047E-4
1.057250E+7,    -1.058280E-4,    -3.473759E-4
1.057875E+7,    -9.858608E-5,    -3.477037E-4
1.058500E+7,    -8.746982E-5,    -3.385246E-4
1.059125E+7,    -1.355410E-4,    -3.548861E-4
1.059750E+7,    -1.026988E-4,    -3.246367E-4
1.060375E+7,    -1.203120E-4,    -3.556907E-4
1.061000E+7,    -1.049638E-4,    -3.402233E-4
1.061625E+7,    -1.196563E-4,    -3.424883E-4
1.062250E+7,    -1.141131E-4,    -3.393590E-4
1.062875E+7,    -1.126826E-4,    -3.454387E-4
1.063500E+7,    -1.034439E-4,    -3.492832E-4
1.064125E+7,    -1.043379E-4,    -3.494024E-4
1.064750E+7,    -1.167953E-4,    -3.386736E-4
1.065375E+7,    -1.175106E-4,    -3.413558E-4
1.066000E+7,    -1.277328E-4,    -3.343821E-4
1.066625E+7,    -1.168251E-4,    -3.634691E-4
1.067250E+7,    -1.046956E-4,    -3.581345E-4
1.067875E+7,    -1.332164E-4,    -3.618002E-4
1.068500E+7,    -1.433790E-4,    -3.381073E-4
1.069125E+7,    -1.223981E-4,    -3.562868E-4
1.069750E+7,    -1.100898E-4,    -3.507435E-4
1.070375E+7,    -1.428127E-4,    -3.665090E-4
1.071000E+7,    -1.222193E-4,    -3.622174E-4
1.071625E+7,    -1.131296E-4,    -3.660023E-4
1.072250E+7,    -1.159906E-4,    -3.589988E-4
1.072875E+7,    -1.459122E-4,    -3.649592E-4
1.073500E+7,    -1.211762E-4,    -3.708005E-4
1.074125E+7,    -1.297593E-4,    -3.699660E-4
1.074750E+7,    -1.288056E-4,    -3.728867E-4
1.075375E+7,    -1.079440E-4,    -3.722012E-4
1.076000E+7,    -1.111031E-4,    -3.655255E-4
1.076625E+7,    -1.348853E-4,    -3.620982E-4
1.077250E+7,    -1.319647E-4,    -3.524125E-4
1.077875E+7,    -1.229644E-4,    -3.824830E-4
1.078500E+7,    -1.292229E-4,    -3.628135E-4
1.079125E+7,    -1.339912E-4,    -3.939867E-4
1.079750E+7,    -1.404285E-4,    -3.572106E-4
1.080375E+7,    -1.431108E-4,    -3.725290E-4
1.081000E+7,    -1.232624E-4,    -3.690124E-4
1.081625E+7,    -1.237988E-4,    -3.911257E-4
1.082250E+7,    -1.446605E-4,    -3.978014E-4
1.082875E+7,    -1.348257E-4,    -3.831983E-4
1.083500E+7,    -1.454353E-4,    -3.781915E-4
1.084125E+7,    -1.339912E-4,    -3.927350E-4
1.084750E+7,    -1.678467E-4,    -4.035830E-4
1.085375E+7,    -1.386404E-4,    -4.041791E-4
1.086000E+7,    -1.329184E-4,    -3.792644E-4
1.086625E+7,    -1.574755E-4,    -3.978610E-4
1.087250E+7,    -1.426339E-4,    -3.998876E-4
1.087875E+7,    -1.366138E-4,    -3.977418E-4
1.088500E+7,    -1.422763E-4,    -4.064441E-4
1.089125E+7,    -1.574159E-4,    -3.843904E-4
1.089750E+7,    -1.683235E-4,    -3.985763E-4
1.090375E+7,    -1.189113E-4,    -4.194975E-4
1.091000E+7,    -1.658797E-4,    -4.147887E-4
1.091625E+7,    -1.410842E-4,    -4.190803E-4
1.092250E+7,    -1.559258E-4,    -3.968477E-4
1.092875E+7,    -1.527667E-4,    -4.102588E-4
1.093500E+7,    -1.453757E-4,    -3.918409E-4
1.094125E+7,    -1.763105E-4,    -4.149675E-4
1.094750E+7,    -1.603365E-4,    -3.986359E-4
1.095375E+7,    -1.827478E-4,    -4.259944E-4
1.096000E+7,    -1.618862E-4,    -4.210472E-4
1.096625E+7,    -1.839399E-4,    -4.260540E-4
1.097250E+7,    -1.547933E-4,    -4.020333E-4
1.097875E+7,    -1.364350E-4,    -4.186034E-4
1.098500E+7,    -1.684427E-4,    -4.125834E-4
1.099125E+7,    -1.838803E-4,    -4.383922E-4
1.099750E+7,    -1.733303E-4,    -4.272461E-4
1.100375E+7,    -1.668334E-4,    -4.546046E-4
1.101000E+7,    -1.599193E-4,    -4.265904E-4
1.101625E+7,    -1.670122E-4,    -4.311800E-4
1.102250E+7,    -1.606345E-4,    -4.292130E-4
1.102875E+7,    -1.792908E-4,    -4.482269E-4
1.103500E+7,    -1.859665E-4,    -4.266500E-4
1.104125E+7,    -1.617670E-4,    -4.352927E-4
1.104750E+7,    -1.775026E-4,    -4.376769E-4
1.105375E+7,    -1.860261E-4,    -4.360080E-4
1.106000E+7,    -1.855493E-4,    -4.414916E-4
1.106625E+7,    -1.823306E-4,    -4.260540E-4
1.107250E+7,    -1.673102E-4,    -4.300475E-4
1.107875E+7,    -1.787543E-4,    -4.500747E-4
1.108500E+7,    -1.868606E-4,    -4.519820E-4
1.109125E+7,    -1.844168E-4,    -4.321337E-4
1.109750E+7,    -1.861453E-4,    -4.648566E-4
1.110375E+7,    -1.786351E-4,    -4.693866E-4
1.111000E+7,    -2.049208E-4,    -4.540086E-4
1.111625E+7,    -1.818538E-4,    -4.616380E-4
1.112250E+7,    -1.845360E-4,    -4.522204E-4
1.112875E+7,    -1.944900E-4,    -4.435778E-4
1.113500E+7,    -1.773834E-4,    -4.636049E-4
1.114125E+7,    -1.784563E-4,    -4.635453E-4
1.114750E+7,    -1.826286E-4,    -4.529357E-4
1.115375E+7,    -2.020001E-4,    -4.675984E-4
1.116000E+7,    -1.962185E-4,    -4.712939E-4
1.116625E+7,    -2.093315E-4,    -4.858971E-4
1.117250E+7,    -1.959205E-4,    -4.926920E-4
1.117875E+7,    -2.090931E-4,    -4.947782E-4
1.118500E+7,    -1.974106E-4,    -4.885793E-4
1.119125E+7,    -2.008080E-4,    -5.065203E-4
1.119750E+7,    -2.056956E-4,    -4.752278E-4
1.120375E+7,    -2.390742E-4,    -5.187392E-4
1.121000E+7,    -2.118349E-4,    -5.128980E-4
1.121625E+7,    -2.376437E-4,    -5.457401E-4
1.122250E+7,    -2.419949E-4,    -5.655289E-4
1.122875E+7,    -2.606511E-4,    -6.036162E-4
1.123500E+7,    -2.252460E-4,    -6.681085E-4
1.124125E+7,    -2.676845E-4,    -6.545782E-4
1.124750E+7,    -2.579093E-4,    -6.495714E-4
1.125375E+7,    -2.811551E-4,    -6.250739E-4
1.126000E+7,    -2.538562E-4,    -6.470084E-4
1.126625E+7,    -2.472997E-4,    -6.102324E-4
1.127250E+7,    -2.461076E-4,    -6.663203E-4
1.127875E+7,    -2.523661E-4,    -6.012321E-4
1.128500E+7,    -2.492666E-4,    -6.191134E-4
1.129125E+7,    -2.496243E-4,    -5.853176E-4
1.129750E+7,    -2.335906E-4,    -5.629659E-4
1.130375E+7,    -2.592206E-4,    -5.914569E-4
1.131000E+7,    -2.546310E-4,    -5.927682E-4
1.131625E+7,    -2.587438E-4,    -6.040931E-4
1.132250E+7,    -2.768636E-4,    -6.553531E-4
1.132875E+7,    -2.568960E-4,    -6.023645E-4
1.133500E+7,    -2.819896E-4,    -6.221533E-4
1.134125E+7,    -2.766848E-4,    -6.164908E-4
1.134750E+7,    -2.645254E-4,    -6.264448E-4
1.135375E+7,    -2.826452E-4,    -6.217957E-4
1.136000E+7,    -2.602935E-4,    -5.676150E-4
1.136625E+7,    -2.740026E-4,    -6.005764E-4
1.137250E+7,    -2.846718E-4,    -6.283522E-4
1.137875E+7,    -3.035665E-4,    -6.455183E-4
1.138500E+7,    -2.895594E-4,    -6.263256E-4
1.139125E+7,    -2.738237E-4,    -6.306171E-4
1.139750E+7,    -2.743006E-4,    -6.197691E-4
1.140375E+7,    -2.776980E-4,    -5.986094E-4
1.141000E+7,    -2.652407E-4,    -6.060004E-4
1.141625E+7,    -2.507567E-4,    -5.913973E-4
1.142250E+7,    -2.736449E-4,    -6.076097E-4
1.142875E+7,    -3.180504E-4,    -6.545186E-4
1.143500E+7,    -2.786517E-4,    -6.175637E-4
1.144125E+7,    -2.812147E-4,    -6.363988E-4
1.144750E+7,    -3.083348E-4,    -6.737709E-4
1.145375E+7,    -3.003478E-4,    -6.781220E-4
1.146000E+7,    -3.098249E-4,    -6.786585E-4
1.146625E+7,    -3.104210E-4,    -7.097721E-4
1.147250E+7,    -2.943277E-4,    -6.829500E-4
1.147875E+7,    -3.318787E-4,    -6.884336E-4
1.148500E+7,    -3.265142E-4,    -6.682873E-4
1.149125E+7,    -3.354549E-4,    -7.669926E-4
1.149750E+7,    -3.566742E-4,    -7.997751E-4
1.150375E+7,    -3.134012E-4,    -7.706881E-4
1.151000E+7,    -3.248453E-4,    -7.902384E-4
1.151625E+7,    -3.157854E-4,    -7.677078E-4
1.152250E+7,    -3.229380E-4,    -7.815361E-4
1.152875E+7,    -3.399849E-4,    -7.507801E-4
1.153500E+7,    -3.460646E-4,    -6.842613E-4
1.154125E+7,    -3.397465E-4,    -7.715225E-4
1.154750E+7,    -3.588200E-4,    -8.298159E-4
1.155375E+7,    -3.736019E-4,    -7.909536E-4
1.156000E+7,    -3.434420E-4,    -9.083748E-4
1.156625E+7,    -3.457069E-4,    -9.055138E-4
1.157250E+7,    -3.763437E-4,    -8.916855E-4
1.157875E+7,    -4.547834E-4,    -8.693933E-4
1.158500E+7,    -3.936291E-4,    -9.859800E-4
1.159125E+7,    -3.638268E-4,    -8.904934E-4
1.159750E+7,    -3.174543E-4,    -8.783340E-4
1.160375E+7,    -4.198551E-4,    -9.396076E-4
1.161000E+7,    -3.869534E-4,    -9.260178E-4
1.161625E+7,    -4.400015E-4,    -1.000881E-3
1.162250E+7,    -4.535913E-4,    -1.063466E-3
1.162875E+7,    -3.871918E-4,    -1.299024E-3
1.163500E+7,    -3.867149E-4,    -1.406193E-3
1.164125E+7,    -1.765490E-4,    -1.635194E-3
1.164750E+7,    1.749992E-4,    -1.784205E-3
1.165375E+7,    1.585484E-5,    -1.762033E-3
1.166000E+7,    3.079176E-4,    -1.633525E-3
1.166625E+7,    7.578135E-4,    -1.729608E-3
1.167250E+7,    8.910894E-4,    -1.519084E-3
1.167875E+7,    8.779764E-4,    -1.550198E-3
1.168500E+7,    8.972883E-4,    -1.535654E-3
1.169125E+7,    8.853674E-4,    -1.589656E-3
1.169750E+7,    8.991957E-4,    -1.566768E-3
1.170375E+7,    9.232759E-4,    -1.563191E-3
1.171000E+7,    8.988380E-4,    -1.612782E-3
1.171625E+7,    9.185076E-4,    -1.623869E-3
1.172250E+7,    9.450912E-4,    -1.571178E-3
1.172875E+7,    9.410381E-4,    -1.614213E-3
1.173500E+7,    9.329319E-4,    -1.599669E-3
1.174125E+7,    9.064674E-4,    -1.648307E-3
1.174750E+7,    9.025335E-4,    -1.625538E-3
1.175375E+7,    9.669065E-4,    -1.674771E-3
1.176000E+7,    9.655952E-4,    -1.677752E-3
1.176625E+7,    9.678602E-4,    -1.643062E-3
1.177250E+7,    9.671450E-4,    -1.671076E-3
1.177875E+7,    9.578466E-4,    -1.771092E-3
1.178500E+7,    9.847879E-4,    -1.742005E-3
1.179125E+7,    9.692907E-4,    -1.734734E-3
1.179750E+7,    9.825230E-4,    -1.811862E-3
1.180375E+7,    9.630919E-4,    -1.741886E-3
1.181000E+7,    9.837151E-4,    -1.780987E-3
1.181625E+7,    9.502172E-4,    -1.770616E-3
1.182250E+7,    9.499788E-4,    -1.830697E-3
1.182875E+7,    1.017928E-3,    -1.851678E-3
1.183500E+7,    1.022339E-3,    -1.898050E-3
1.184125E+7,    9.590387E-4,    -1.876235E-3
1.184750E+7,    1.008153E-3,    -1.902461E-3
1.185375E+7,    1.003504E-3,    -1.945734E-3
1.186000E+7,    1.019835E-3,    -1.910448E-3
1.186625E+7,    1.023412E-3,    -1.929283E-3
1.187250E+7,    1.009703E-3,    -1.947403E-3
1.187875E+7,    1.030207E-3,    -1.969576E-3
1.188500E+7,    1.033068E-3,    -1.998186E-3
1.189125E+7,    1.074791E-3,    -2.019882E-3
1.189750E+7,    1.063108E-3,    -2.022505E-3
1.190375E+7,    1.058578E-3,    -2.054930E-3
1.191000E+7,    1.082659E-3,    -2.074957E-3
1.191625E+7,    1.078606E-3,    -2.084494E-3
1.192250E+7,    1.064777E-3,    -2.057791E-3
1.192875E+7,    1.079082E-3,    -2.116919E-3
1.193500E+7,    1.106024E-3,    -2.127409E-3
1.194125E+7,    1.070023E-3,    -2.142429E-3
1.194750E+7,    1.089096E-3,    -2.154589E-3
1.195375E+7,    1.124144E-3,    -2.192736E-3
1.196000E+7,    1.090527E-3,    -2.195597E-3
1.196625E+7,    1.121759E-3,    -2.198696E-3
1.197250E+7,    1.133442E-3,    -2.220154E-3
1.197875E+7,    1.082182E-3,    -2.261162E-3
1.198500E+7,    1.109600E-3,    -2.213478E-3
1.199125E+7,    1.119614E-3,    -2.266884E-3
1.199750E+7,    1.087189E-3,    -2.315760E-3
1.200375E+7,    1.143932E-3,    -2.324343E-3
1.201000E+7,    1.116037E-3,    -2.308369E-3
1.201625E+7,    1.148462E-3,    -2.346992E-3
1.202250E+7,    1.088381E-3,    -2.370358E-3
1.202875E+7,    1.101971E-3,    -2.406836E-3
1.203500E+7,    1.112461E-3,    -2.386093E-3
1.204125E+7,    1.106024E-3,    -2.395391E-3
1.204750E+7,    1.132011E-3,    -2.428532E-3
1.205375E+7,    1.127720E-3,    -2.484083E-3
1.206000E+7,    1.163483E-3,    -2.393007E-3
1.206625E+7,    1.174450E-3,    -2.491713E-3
1.207250E+7,    1.169443E-3,    -2.511978E-3
1.207875E+7,    1.139402E-3,    -2.527237E-3
1.208500E+7,    1.142263E-3,    -2.496719E-3
1.209125E+7,    1.174212E-3,    -2.497196E-3
1.209750E+7,    1.178503E-3,    -2.572060E-3
1.210375E+7,    1.173496E-3,    -2.571583E-3
1.211000E+7,    1.140118E-3,    -2.611160E-3
1.211625E+7,    1.141310E-3,    -2.640963E-3
1.212250E+7,    1.184225E-3,    -2.668619E-3
1.212875E+7,    1.188040E-3,    -2.676249E-3
1.213500E+7,    1.192093E-3,    -2.692699E-3
1.214125E+7,    1.170397E-3,    -2.676010E-3
1.214750E+7,    1.178503E-3,    -2.753258E-3
1.215375E+7,    1.240969E-3,    -2.777815E-3
1.216000E+7,    1.226425E-3,    -2.769232E-3
1.216625E+7,    1.232386E-3,    -2.790213E-3
1.217250E+7,    1.225471E-3,    -2.818108E-3
1.217875E+7,    1.263618E-3,    -2.862215E-3
1.218500E+7,    1.253366E-3,    -2.884865E-3
1.219125E+7,    1.257420E-3,    -2.946377E-3
1.219750E+7,    1.267433E-3,    -2.955675E-3
1.220375E+7,    1.239300E-3,    -2.982140E-3
1.221000E+7,    1.288891E-3,    -2.991915E-3
1.221625E+7,    1.265764E-3,    -3.049135E-3
1.222250E+7,    1.316786E-3,    -3.108025E-3
1.222875E+7,    1.326084E-3,    -3.098249E-3
1.223500E+7,    1.317978E-3,    -3.119707E-3
1.224125E+7,    1.342535E-3,    -3.169060E-3
1.224750E+7,    1.359940E-3,    -3.197193E-3
1.225375E+7,    1.329899E-3,    -3.268242E-3
1.226000E+7,    1.397371E-3,    -3.267765E-3
1.226625E+7,    1.338243E-3,    -3.316879E-3
1.227250E+7,    1.327276E-3,    -3.319025E-3
1.227875E+7,    1.394749E-3,    -3.342867E-3
1.228500E+7,    1.406670E-3,    -3.422022E-3
1.229125E+7,    1.446486E-3,    -3.415108E-3
1.229750E+7,    1.408100E-3,    -3.504992E-3
1.230375E+7,    1.464844E-3,    -3.582001E-3
1.231000E+7,    1.455307E-3,    -3.519535E-3
1.231625E+7,    1.466751E-3,    -3.589153E-3
1.232250E+7,    1.454830E-3,    -3.628969E-3
1.232875E+7,    1.460314E-3,    -3.717899E-3
1.233500E+7,    1.476049E-3,    -3.749847E-3
1.234125E+7,    1.497030E-3,    -3.740788E-3
1.234750E+7,    1.559496E-3,    -3.794909E-3
1.235375E+7,    1.540422E-3,    -3.880024E-3
1.236000E+7,    1.560450E-3,    -3.900766E-3
1.236625E+7,    1.557589E-3,    -3.927469E-3
1.237250E+7,    1.562119E-3,    -3.986835E-3
1.237875E+7,    1.591206E-3,    -4.023552E-3
1.238500E+7,    1.615524E-3,    -4.083157E-3
1.239125E+7,    1.606941E-3,    -4.114628E-3
1.239750E+7,    1.676559E-3,    -4.148483E-3
1.240375E+7,    1.678944E-3,    -4.221439E-3
1.241000E+7,    1.678944E-3,    -4.261017E-3
1.241625E+7,    1.673222E-3,    -4.323483E-3
1.242250E+7,    1.736164E-3,    -4.350185E-3
1.242875E+7,    1.638412E-3,    -4.458904E-3
1.243500E+7,    1.760960E-3,    -4.434586E-3
1.244125E+7,    1.773357E-3,    -4.562855E-3
1.244750E+7,    1.785278E-3,    -4.570961E-3
1.245375E+7,    1.870155E-3,    -4.658699E-3
1.246000E+7,    1.819134E-3,    -4.711151E-3
1.246625E+7,    1.810551E-3,    -4.810333E-3
1.247250E+7,    1.887798E-3,    -4.786491E-3
1.247875E+7,    1.856327E-3,    -4.908085E-3
1.248500E+7,    1.880646E-3,    -4.988670E-3
1.249125E+7,    1.912117E-3,    -5.019665E-3
1.249750E+7,    1.913548E-3,    -5.051613E-3
1.250375E+7,    1.996994E-3,    -5.208969E-3
1.251000E+7,    1.996994E-3,    -5.221844E-3
1.251625E+7,    2.070904E-3,    -5.297184E-3
1.252250E+7,    2.046585E-3,    -5.383015E-3
1.252875E+7,    2.089977E-3,    -5.437374E-3
1.253500E+7,    2.109528E-3,    -5.478859E-3
1.254125E+7,    2.116680E-3,    -5.644798E-3
1.254750E+7,    2.106190E-3,    -5.691528E-3
1.255375E+7,    2.217293E-3,    -5.760193E-3
1.256000E+7,    2.217770E-3,    -5.887985E-3
1.256625E+7,    2.264500E-3,    -5.966187E-3
1.257250E+7,    2.252579E-3,    -6.039143E-3
1.257875E+7,    2.288342E-3,    -6.134033E-3
1.258500E+7,    2.300262E-3,    -6.139755E-3
1.259125E+7,    2.319336E-3,    -6.327629E-3
1.259750E+7,    2.341747E-3,    -6.395817E-3
1.260375E+7,    2.383709E-3,    -6.488323E-3
1.261000E+7,    2.400875E-3,    -6.581306E-3
1.261625E+7,    2.484798E-3,    -6.811619E-3
1.262250E+7,    2.529144E-3,    -6.758213E-3
1.262875E+7,    2.279282E-3,    -7.193089E-3
1.263500E+7,    2.512932E-3,    -6.946564E-3
1.264125E+7,    2.626419E-3,    -7.141113E-3
1.264750E+7,    2.641678E-3,    -7.323742E-3
1.265375E+7,    2.656460E-3,    -7.444382E-3
1.266000E+7,    2.589226E-3,    -7.606030E-3
1.266625E+7,    2.748966E-3,    -7.659435E-3
1.267250E+7,    1.002312E-3,    -8.335114E-3
1.267875E+7,    1.788139E-3,    -8.380890E-3
1.268500E+7,    1.032829E-3,    -8.858681E-3
1.269125E+7,    2.086639E-3,    -8.772850E-3
1.269750E+7,    2.895355E-3,    -8.159637E-3
1.270375E+7,    1.640320E-4,    -8.561134E-3
1.271000E+7,    1.156807E-3,    -9.898186E-3
1.271625E+7,    3.108978E-3,    -8.759499E-3
1.272250E+7,    3.180504E-3,    -8.911133E-3
1.272875E+7,    3.215790E-3,    -9.108543E-3
1.273500E+7,    3.085136E-3,    -9.402275E-3
1.274125E+7,    3.279686E-3,    -9.475708E-3
1.274750E+7,    3.272057E-3,    -9.821415E-3
1.275375E+7,    3.423214E-3,    -9.732723E-3
1.276000E+7,    2.822399E-3,    -1.017714E-2
1.276625E+7,    1.600742E-3,    -1.059961E-2
1.277250E+7,    -1.858234E-3,    -7.812023E-3
1.277875E+7,    -2.888680E-3,    -9.800911E-3
1.278500E+7,    -1.341343E-3,    -1.161385E-2
1.279125E+7,    2.493858E-4,    -1.227760E-2
1.279750E+7,    2.808571E-3,    -1.145887E-2
1.280375E+7,    -1.128197E-3,    -1.129055E-2
1.281000E+7,    -4.120827E-3,    -9.716034E-3
1.281625E+7,    -3.314018E-3,    -1.299477E-2
1.282250E+7,    -3.538132E-3,    -1.294518E-2
1.282875E+7,    1.199245E-3,    -1.329184E-2
1.283500E+7,    -5.304337E-3,    -1.131535E-2
1.284125E+7,    3.767014E-3,    -1.433134E-2
1.284750E+7,    4.282475E-3,    -1.415157E-2
1.285375E+7,    3.262043E-3,    -1.506710E-2
1.286000E+7,    3.333092E-3,    -1.501274E-2
1.286625E+7,    3.251076E-3,    -1.580143E-2
1.287250E+7,    3.887177E-3,    -1.585293E-2
1.287875E+7,    4.636765E-3,    -1.561451E-2
1.288500E+7,    3.756523E-3,    -1.588154E-2
1.289125E+7,    2.652168E-3,    -1.752853E-2
1.289750E+7,    3.709793E-4,    -1.774979E-2
1.290375E+7,    3.412247E-3,    -1.741982E-2
1.291000E+7,    2.099991E-3,    -1.816750E-2
1.291625E+7,    1.288414E-3,    -1.950169E-2
1.292250E+7,    -8.916855E-4,    -1.725864E-2
1.292875E+7,    4.520416E-4,    -1.923466E-2
1.293500E+7,    -7.159233E-3,    -1.632786E-2
1.294125E+7,    -4.839897E-3,    -1.812077E-2
1.294750E+7,    -7.119179E-3,    -1.418495E-2
1.295375E+7,    -7.319450E-3,    -9.420395E-3
1.296000E+7,    -6.342888E-3,    -7.225513E-3
1.296625E+7,    -6.253242E-3,    -6.895542E-3
1.297250E+7,    -6.506443E-3,    -7.133961E-3
1.297875E+7,    -6.650925E-3,    -7.232189E-3
1.298500E+7,    -6.796837E-3,    -7.359505E-3
1.299125E+7,    -7.004261E-3,    -7.513523E-3
1.299750E+7,    -7.196903E-3,    -7.636547E-3
1.300375E+7,    -7.401466E-3,    -7.843971E-3
1.301000E+7,    -7.635593E-3,    -8.049488E-3
1.301625E+7,    -7.861137E-3,    -8.208275E-3
1.302250E+7,    -8.148193E-3,    -8.460999E-3
1.302875E+7,    -8.356094E-3,    -8.635521E-3
1.303500E+7,    -8.650780E-3,    -8.883476E-3
1.304125E+7,    -8.925438E-3,    -9.065628E-3
1.304750E+7,    -9.214401E-3,    -9.324074E-3
1.305375E+7,    -9.472847E-3,    -9.537697E-3
1.306000E+7,    -9.819031E-3,    -9.749413E-3
1.306625E+7,    -1.019478E-2,    -1.002216E-2
1.307250E+7,    -1.053333E-2,    -1.030827E-2
1.307875E+7,    -1.094723E-2,    -1.062489E-2
1.308500E+7,    -1.134109E-2,    -1.089764E-2
1.309125E+7,    -1.178074E-2,    -1.126194E-2
1.309750E+7,    -1.214504E-2,    -1.150131E-2
1.310375E+7,    -1.262951E-2,    -1.182842E-2
1.311000E+7,    -1.311207E-2,    -1.216221E-2
1.311625E+7,    -1.365089E-2,    -1.251793E-2
1.312250E+7,    -1.425362E-2,    -1.292133E-2
1.312875E+7,    -1.487446E-2,    -1.335526E-2
1.313500E+7,    -1.549149E-2,    -1.374149E-2
1.314125E+7,    -1.606464E-2,    -1.414394E-2
1.314750E+7,    -1.684856E-2,    -1.463223E-2
1.315375E+7,    -1.783562E-2,    -1.526833E-2
1.316000E+7,    -1.862335E-2,    -1.579094E-2
1.316625E+7,    -1.945305E-2,    -1.629639E-2
1.317250E+7,    -2.021980E-2,    -1.669121E-2
1.317875E+7,    -2.129745E-2,    -1.730919E-2
1.318500E+7,    -2.225304E-2,    -1.787949E-2
1.319125E+7,    -2.354813E-2,    -1.859283E-2
1.319750E+7,    -2.439880E-2,    -1.902580E-2
1.320375E+7,    -2.571106E-2,    -1.961899E-2
1.321000E+7,    -2.728081E-2,    -2.053261E-2
1.321625E+7,    -2.832413E-2,    -2.093887E-2
1.322250E+7,    -2.980995E-2,    -2.162361E-2
1.322875E+7,    -3.172684E-2,    -2.248383E-2
1.323500E+7,    -3.375244E-2,    -2.343559E-2
1.324125E+7,    -3.614235E-2,    -2.451706E-2
1.324750E+7,    -3.903580E-2,    -2.586365E-2
1.325375E+7,    -4.212189E-2,    -2.737808E-2
1.326000E+7,    -4.440689E-2,    -2.809906E-2
1.326625E+7,    -4.747772E-2,    -2.912140E-2
1.327250E+7,    -5.084229E-2,    -3.029251E-2
1.327875E+7,    -5.498886E-2,    -3.153610E-2
1.328500E+7,    -5.842209E-2,    -3.245544E-2
1.329125E+7,    -6.368256E-2,    -3.406906E-2
1.329750E+7,    -6.801224E-2,    -3.535080E-2
1.330375E+7,    -7.286072E-2,    -3.575516E-2
1.331000E+7,    -8.083725E-2,    -3.754807E-2
1.331625E+7,    -8.724213E-2,    -3.880310E-2
1.332250E+7,    -9.683990E-2,    -4.050446E-2
1.332875E+7,    -1.017075E-1,    -4.052734E-2
1.333500E+7,    -1.079025E-1,    -3.876495E-2
1.334125E+7,    -1.160507E-1,    -3.865814E-2
1.334750E+7,    -1.258926E-1,    -3.738403E-2
1.335375E+7,    -1.402969E-1,    -3.660583E-2
1.336000E+7,    -1.530914E-1,    -3.506470E-2
1.336625E+7,    -1.669235E-1,    -2.993011E-2
1.337250E+7,    -1.858292E-1,    -2.602386E-2
1.337875E+7,    -2.030487E-1,    -1.837158E-2
1.338500E+7,    -2.225266E-1,    -7.492065E-3
1.339125E+7,    -2.485962E-1,    7.652283E-3
1.339750E+7,    -2.715607E-1,    2.630615E-2
1.340375E+7,    -2.946625E-1,    5.258179E-2
1.341000E+7,    -3.191528E-1,    8.651733E-2
1.341625E+7,    -3.449707E-1,    1.315155E-1
1.342250E+7,    -3.603058E-1,    1.853180E-1
1.342875E+7,    -3.685760E-1,    2.517548E-1
1.343500E+7,    -3.609772E-1,    3.256226E-1
1.344125E+7,    -3.298492E-1,    3.944702E-1
1.344750E+7,    -2.839508E-1,    4.650116E-1
1.345375E+7,    -2.203064E-1,    5.198975E-1
1.346000E+7,    -1.440735E-1,    5.582886E-1
1.346625E+7,    -6.695557E-2,    5.820923E-1
1.347250E+7,    9.613037E-3,    5.925903E-1
1.347875E+7,    7.958984E-2,    5.808105E-1
1.348500E+7,    1.433105E-1,    5.588989E-1
1.349125E+7,    1.994629E-1,    5.363159E-1
1.349750E+7,    2.511597E-1,    5.111084E-1
1.350375E+7,    2.990723E-1,    4.866028E-1
1.351000E+7,    3.399963E-1,    4.544983E-1
1.351625E+7,    3.794556E-1,    4.208679E-1
1.352250E+7,    4.180298E-1,    3.858337E-1
1.352875E+7,    4.556580E-1,    3.479309E-1
1.353500E+7,    4.924927E-1,    3.062439E-1
1.354125E+7,    5.261536E-1,    2.582703E-1
1.354750E+7,    5.565491E-1,    2.036438E-1
1.355375E+7,    5.819092E-1,    1.413879E-1
1.356000E+7,    5.965576E-1,    7.281494E-2
1.356625E+7,    6.003723E-1,    -1.007080E-3
1.357250E+7,    5.883789E-1,    -7.672119E-2
1.357875E+7,    5.637817E-1,    -1.505127E-1
1.358500E+7,    5.231323E-1,    -2.160645E-1
1.359125E+7,    4.712830E-1,    -2.693481E-1
1.359750E+7,    4.134216E-1,    -3.084717E-1
1.360375E+7,    3.538208E-1,    -3.330383E-1
1.361000E+7,    2.955322E-1,    -3.447571E-1
1.361625E+7,    2.431641E-1,    -3.461609E-1
1.362250E+7,    1.961365E-1,    -3.401489E-1
1.362875E+7,    1.559448E-1,    -3.292236E-1
1.363500E+7,    1.228943E-1,    -3.158569E-1
1.364125E+7,    9.475708E-2,    -2.999573E-1
1.364750E+7,    7.153320E-2,    -2.834167E-1
1.365375E+7,    5.279541E-2,    -2.681885E-1
1.366000E+7,    3.750610E-2,    -2.529297E-1
1.366625E+7,    2.471924E-2,    -2.389526E-1
1.367250E+7,    1.405334E-2,    -2.257538E-1
1.367875E+7,    5.523682E-3,    -2.134552E-1
1.368500E+7,    -1.571655E-3,    -2.014008E-1
1.369125E+7,    -7.843018E-3,    -1.905212E-1
1.369750E+7,    -1.232910E-2,    -1.806793E-1
1.370375E+7,    -1.670837E-2,    -1.716309E-1
1.371000E+7,    -1.998901E-2,    -1.637573E-1
1.371625E+7,    -2.297974E-2,    -1.565094E-1
1.372250E+7,    -2.571106E-2,    -1.499786E-1
1.372875E+7,    -2.816772E-2,    -1.437836E-1
1.373500E+7,    -3.010559E-2,    -1.384125E-1
1.374125E+7,    -3.150940E-2,    -1.332855E-1
1.374750E+7,    -3.338623E-2,    -1.288300E-1
1.375375E+7,    -3.488159E-2,    -1.244507E-1
1.376000E+7,    -3.628540E-2,    -1.206512E-1
1.376625E+7,    -3.715515E-2,    -1.175232E-1
1.377250E+7,    -3.848267E-2,    -1.144867E-1
1.377875E+7,    -3.968811E-2,    -1.119690E-1
1.378500E+7,    -4.072571E-2,    -1.095123E-1
1.379125E+7,    -4.197693E-2,    -1.073456E-1
1.379750E+7,    -4.353333E-2,    -1.051178E-1
1.380375E+7,    -4.504395E-2,    -1.038055E-1
1.381000E+7,    -4.655457E-2,    -1.021729E-1
1.381625E+7,    -4.808044E-2,    -1.012573E-1
1.382250E+7,    -4.994202E-2,    -1.004639E-1
1.382875E+7,    -5.207825E-2,    -9.999084E-2
1.383500E+7,    -5.429077E-2,    -9.954834E-2
1.384125E+7,    -5.694580E-2,    -9.941101E-2
1.384750E+7,    -5.998230E-2,    -9.913635E-2
1.385375E+7,    -6.346130E-2,    -9.925842E-2
1.386000E+7,    -6.748962E-2,    -9.982300E-2
1.386625E+7,    -7.206726E-2,    -1.004181E-1
1.387250E+7,    -7.746887E-2,    -1.014709E-1
1.387875E+7,    -8.394623E-2,    -1.024094E-1
1.388500E+7,    -9.196472E-2,    -1.036377E-1
1.389125E+7,    -1.014938E-1,    -1.040802E-1
1.389750E+7,    -1.130447E-1,    -1.042786E-1
1.390375E+7,    -1.273193E-1,    -1.031418E-1
1.391000E+7,    -1.448975E-1,    -9.953308E-2
1.391625E+7,    -1.659164E-1,    -9.172821E-2
1.392250E+7,    -1.910248E-1,    -7.720947E-2
1.392875E+7,    -2.161407E-1,    -5.223083E-2
1.393500E+7,    -2.361069E-1,    -1.206970E-2
1.394125E+7,    -2.410507E-1,    4.027557E-2
1.394750E+7,    -2.220612E-1,    9.455872E-2
1.395375E+7,    -1.819000E-1,    1.338043E-1
1.396000E+7,    -1.341248E-1,    1.506805E-1
1.396625E+7,    -9.205627E-2,    1.489868E-1
1.397250E+7,    -6.011963E-2,    1.384583E-1
1.397875E+7,    -3.824615E-2,    1.238632E-1
1.398500E+7,    -2.321625E-2,    1.095810E-1
1.399125E+7,    -1.342010E-2,    9.682465E-2
1.399750E+7,    -6.469727E-3,    8.496094E-2
1.400375E+7,    -2.227783E-3,    7.540894E-2
1.401000E+7,    8.087158E-4,    6.699371E-2
1.401625E+7,    2.784729E-3,    5.977631E-2
1.402250E+7,    4.192352E-3,    5.361938E-2
1.402875E+7,    5.176544E-3,    4.830933E-2
1.403500E+7,    5.683899E-3,    4.372025E-2
1.404125E+7,    5.954742E-3,    3.976059E-2
1.404750E+7,    6.111145E-3,    3.622437E-2
1.405375E+7,    6.221771E-3,    3.314972E-2
1.406000E+7,    6.221771E-3,    3.046417E-2
1.406625E+7,    6.168365E-3,    2.798080E-2
1.407250E+7,    6.057739E-3,    2.590561E-2
1.407875E+7,    5.907059E-3,    2.392769E-2
1.408500E+7,    5.741119E-3,    2.222252E-2
1.409125E+7,    5.565643E-3,    2.062225E-2
1.409750E+7,    5.411148E-3,    1.922607E-2
1.410375E+7,    5.205154E-3,    1.791191E-2
1.411000E+7,    5.062103E-3,    1.676559E-2
1.411625E+7,    4.848480E-3,    1.568413E-2
1.412250E+7,    4.667282E-3,    1.470184E-2
1.412875E+7,    4.507065E-3,    1.377869E-2
1.413500E+7,    4.327774E-3,    1.296806E-2
1.414125E+7,    4.163742E-3,    1.221085E-2
1.414750E+7,    4.020691E-3,    1.150703E-2
1.415375E+7,    3.866673E-3,    1.087761E-2
1.416000E+7,    3.713608E-3,    1.028919E-2
1.416625E+7,    3.581047E-3,    9.705544E-3
1.417250E+7,    3.458023E-3,    9.198666E-3
1.417875E+7,    3.287792E-3,    8.722782E-3
1.418500E+7,    3.202915E-3,    8.277893E-3
1.419125E+7,    3.068924E-3,    7.851601E-3
1.419750E+7,    2.952576E-3,    7.473946E-3
1.420375E+7,    2.844810E-3,    7.104874E-3
1.421000E+7,    2.761364E-3,    6.785393E-3
1.421625E+7,    2.650261E-3,    6.443024E-3
1.422250E+7,    2.548218E-3,    6.132126E-3
1.422875E+7,    2.463341E-3,    5.828381E-3
1.423500E+7,    2.377510E-3,    5.582809E-3
1.424125E+7,    2.277136E-3,    5.329370E-3
1.424750E+7,    2.210140E-3,    5.097389E-3
1.425375E+7,    2.143621E-3,    4.861116E-3
1.426000E+7,    2.061367E-3,    4.648447E-3
1.426625E+7,    1.984835E-3,    4.471064E-3
1.427250E+7,    1.924276E-3,    4.294157E-3
1.427875E+7,    1.838684E-3,    4.105091E-3
1.428500E+7,    1.788139E-3,    3.923893E-3
1.429125E+7,    1.753807E-3,    3.748417E-3
1.429750E+7,    1.688242E-3,    3.608227E-3
1.430375E+7,    1.628637E-3,    3.466606E-3
1.431000E+7,    1.587152E-3,    3.321409E-3
1.431625E+7,    1.541615E-3,    3.194332E-3
1.432250E+7,    1.485586E-3,    3.061295E-3
1.432875E+7,    1.425743E-3,    2.962351E-3
1.433500E+7,    1.388073E-3,    2.835035E-3
1.434125E+7,    1.333475E-3,    2.740860E-3
1.434750E+7,    1.314044E-3,    2.630353E-3
1.435375E+7,    1.249433E-3,    2.533555E-3
1.436000E+7,    1.209974E-3,    2.420425E-3
1.436625E+7,    1.182914E-3,    2.341866E-3
1.437250E+7,    1.148224E-3,    2.251029E-3
1.437875E+7,    1.099110E-3,    2.187848E-3
1.438500E+7,    1.078844E-3,    2.118349E-3
1.439125E+7,    1.052618E-3,    2.040148E-3
1.439750E+7,    1.008272E-3,    1.964092E-3
1.440375E+7,    9.919405E-4,    1.907587E-3
1.441000E+7,    9.449720E-4,    1.831889E-3
1.441625E+7,    9.306669E-4,    1.761079E-3
1.442250E+7,    9.022951E-4,    1.713395E-3
1.442875E+7,    8.759499E-4,    1.650095E-3
1.443500E+7,    8.516312E-4,    1.584172E-3
1.444125E+7,    8.052588E-4,    1.543880E-3
1.444750E+7,    8.145571E-4,    1.479030E-3
1.445375E+7,    7.678270E-4,    1.450539E-3
1.446000E+7,    7.607937E-4,    1.387119E-3
1.446625E+7,    7.312298E-4,    1.362443E-3
1.447250E+7,    7.143021E-4,    1.295924E-3
1.447875E+7,    6.878376E-4,    1.251638E-3
1.448500E+7,    6.731153E-4,    1.232445E-3
1.449125E+7,    6.608367E-4,    1.189947E-3
1.449750E+7,    6.444454E-4,    1.138270E-3
1.450375E+7,    6.285906E-4,    1.143694E-3
1.451000E+7,    6.225705E-4,    1.082480E-3
1.451625E+7,    6.043315E-4,    1.040339E-3
1.452250E+7,    5.830526E-4,    1.020968E-3
1.452875E+7,    5.366802E-4,    9.867549E-4
1.453500E+7,    5.429387E-4,    9.614229E-4
1.454125E+7,    5.399585E-4,    9.121895E-4
1.454750E+7,    5.273819E-4,    9.176731E-4
1.455375E+7,    5.017519E-4,    8.813739E-4
1.456000E+7,    4.953742E-4,    8.695126E-4
1.456625E+7,    4.585981E-4,    8.345246E-4
1.457250E+7,    4.812479E-4,    7.950664E-4
1.457875E+7,    4.882216E-4,    7.637739E-4
1.458500E+7,    4.365444E-4,    7.613897E-4
1.459125E+7,    4.343390E-4,    7.273555E-4
1.459750E+7,    4.391074E-4,    6.971359E-4
1.460375E+7,    4.084110E-4,    7.073283E-4
1.461000E+7,    4.037023E-4,    6.864071E-4
1.461625E+7,    3.879070E-4,    6.623268E-4
1.462250E+7,    3.744364E-4,    6.476641E-4
1.462875E+7,    3.763437E-4,    6.308556E-4
1.463500E+7,    3.713369E-4,    6.048679E-4
1.464125E+7,    3.567636E-4,    5.741417E-4
1.464750E+7,    3.410578E-4,    5.893111E-4
1.465375E+7,    3.277063E-4,    5.584359E-4
1.466000E+7,    3.349781E-4,    5.352199E-4
1.466625E+7,    3.249049E-4,    5.232394E-4
1.467250E+7,    3.104806E-4,    5.092621E-4
1.467875E+7,    3.265142E-4,    4.898310E-4
1.468500E+7,    3.033876E-4,    4.813969E-4
1.469125E+7,    2.912283E-4,    4.674792E-4
1.469750E+7,    3.012121E-4,    4.446805E-4
1.470375E+7,    2.952516E-4,    4.507303E-4
1.471000E+7,    2.866983E-4,    4.317760E-4
1.471625E+7,    2.654195E-4,    4.301369E-4
1.472250E+7,    2.845824E-4,    4.358888E-4
1.472875E+7,    2.639890E-4,    4.194379E-4
1.473500E+7,    2.444386E-4,    3.800094E-4
1.474125E+7,    2.365708E-4,    3.841221E-4
1.474750E+7,    2.396405E-4,    3.773570E-4
1.475375E+7,    2.381504E-4,    3.691912E-4
1.476000E+7,    2.216399E-4,    3.767908E-4
1.476625E+7,    2.173483E-4,    3.588498E-4
1.477250E+7,    2.140999E-4,    3.348291E-4
1.477875E+7,    2.145469E-4,    3.488958E-4
1.478500E+7,    2.031326E-4,    3.287196E-4
1.479125E+7,    2.023578E-4,    3.203750E-4
1.479750E+7,    2.036989E-4,    3.050864E-4
1.480375E+7,    1.920909E-4,    3.082603E-4
1.481000E+7,    1.849085E-4,    2.977699E-4
1.481625E+7,    2.140701E-4,    2.904832E-4
1.482250E+7,    1.811087E-4,    2.792329E-4
1.482875E+7,    1.812577E-4,    2.643615E-4
1.483500E+7,    1.795888E-4,    2.627373E-4
1.484125E+7,    1.621842E-4,    2.727956E-4
1.484750E+7,    1.718998E-4,    2.520084E-4
1.485375E+7,    1.610816E-4,    2.551824E-4
1.486000E+7,    1.600832E-4,    2.469420E-4
1.486625E+7,    1.576096E-4,    2.306849E-4
1.487250E+7,    1.684129E-4,    2.483130E-4
1.487875E+7,    1.537651E-4,    2.205968E-4
1.488500E+7,    1.712739E-4,    2.102852E-4
1.489125E+7,    1.497716E-4,    1.962185E-4
1.489750E+7,    1.607984E-4,    1.984984E-4
1.490375E+7,    1.495034E-4,    2.021492E-4
1.491000E+7,    1.247674E-4,    1.959354E-4
1.491625E+7,    1.289099E-4,    1.966804E-4
1.492250E+7,    1.462549E-4,    2.228022E-4
1.492875E+7,    1.266152E-4,    1.949817E-4
1.493500E+7,    1.188964E-4,    1.696497E-4
1.494125E+7,    1.227856E-4,    1.854002E-4
1.494750E+7,    1.301169E-4,    1.717806E-4
1.495375E+7,    1.145303E-4,    1.603961E-4
1.496000E+7,    1.163036E-4,    1.531690E-4
1.496625E+7,    1.277179E-4,    1.549423E-4
1.497250E+7,    1.333356E-4,    1.852065E-4
1.497875E+7,    1.028776E-4,    1.711547E-4
1.498500E+7,    1.250803E-4,    1.381785E-4
1.499125E+7,    1.132339E-4,    1.427382E-4
1.499750E+7,    1.057237E-4,    1.636446E-4
1.500375E+7,    9.019673E-5,    1.301244E-4
1.501000E+7,    1.052916E-4,    1.326352E-4
1.501625E+7,    8.881092E-5,    1.440123E-4
1.502250E+7,    7.548928E-5,    1.563653E-4
1.502875E+7,    1.114011E-4,    1.477301E-4
1.503500E+7,    1.059845E-4,    1.390949E-4
1.504125E+7,    8.517504E-5,    1.348034E-4
1.504750E+7,    1.121163E-4,    1.095831E-4
1.505375E+7,    6.385893E-5,    1.309812E-4
1.506000E+7,    9.939075E-5,    1.217201E-4
1.506625E+7,    8.847564E-5,    1.196861E-4
1.507250E+7,    6.736815E-5,    1.157001E-4
1.507875E+7,    7.881224E-5,    1.170933E-4
1.508500E+7,    6.818771E-5,    1.373887E-4
1.509125E+7,    7.446855E-5,    1.232997E-4
1.509750E+7,    7.418543E-5,    1.006871E-4
1.510375E+7,    6.654859E-5,    1.291856E-4
1.511000E+7,    8.074939E-5,    8.609891E-5
1.511625E+7,    6.449968E-5,    9.822100E-5
1.512250E+7,    7.554144E-5,    9.959936E-5
1.512875E+7,    5.514175E-5,    8.893758E-5
1.513500E+7,    5.984306E-5,    8.202344E-5
1.514125E+7,    7.919967E-5,    1.066029E-4
1.514750E+7,    8.212030E-5,    8.448213E-5
1.515375E+7,    4.953146E-5,    8.035451E-5
1.516000E+7,    6.809086E-5,    8.226186E-5
1.516625E+7,    5.637854E-5,    5.850941E-5
1.517250E+7,    6.496161E-5,    8.159876E-5
1.517875E+7,    4.043430E-5,    7.117912E-5
1.518500E+7,    7.008761E-5,    7.428229E-5
1.519125E+7,    5.136430E-5,    7.934123E-5
1.519750E+7,    4.116446E-5,    7.101893E-5
1.520375E+7,    4.518405E-5,    7.122010E-5
1.521000E+7,    4.459172E-5,    7.865578E-5
1.521625E+7,    5.836040E-5,    9.493530E-5
1.522250E+7,    6.482005E-5,    7.320940E-5
1.522875E+7,    4.904717E-5,    8.651614E-5
1.523500E+7,    4.062057E-5,    5.556643E-5
1.524125E+7,    6.678700E-5,    5.752593E-5
1.524750E+7,    4.033372E-5,    6.308407E-5
1.525375E+7,    6.994605E-5,    7.272512E-5
1.526000E+7,    7.811934E-5,    6.571412E-5
1.526625E+7,    6.292760E-5,    7.981807E-5
1.527250E+7,    3.502890E-5,    4.771724E-5
1.527875E+7,    4.293397E-5,    4.824996E-5
1.528500E+7,    4.761666E-5,    4.085153E-5
1.529125E+7,    4.713982E-5,    5.610660E-5
1.529750E+7,    3.156066E-5,    6.295368E-5
1.530375E+7,    2.834946E-5,    4.742667E-5
1.531000E+7,    2.778694E-5,    7.056445E-5
1.531625E+7,    4.333258E-5,    6.308034E-5
1.532250E+7,    3.280491E-5,    3.935397E-5
1.532875E+7,    4.772842E-5,    4.740804E-5
1.533500E+7,    6.044284E-5,    5.607307E-5
1.534125E+7,    3.804266E-5,    3.997609E-5
1.534750E+7,    5.016476E-5,    4.059821E-5
1.535375E+7,    4.114583E-5,    5.966797E-5
1.536000E+7,    5.348772E-5,    2.603233E-5
1.536625E+7,    3.263727E-5,    5.865097E-5
1.537250E+7,    6.573275E-5,    5.047396E-5
1.537875E+7,    4.586205E-5,    2.549961E-5
1.538500E+7,    4.690513E-5,    5.122647E-5
1.539125E+7,    4.622340E-5,    5.127117E-5
1.539750E+7,    2.121925E-5,    5.117431E-5
1.540375E+7,    3.192201E-5,    4.748628E-5
1.541000E+7,    2.393126E-5,    5.463883E-5
1.541625E+7,    3.681704E-5,    3.971532E-5
1.542250E+7,    4.286319E-5,    3.303960E-5
1.542875E+7,    4.101917E-5,    5.614758E-5
1.543500E+7,    2.840534E-5,    4.659221E-5
1.544125E+7,    3.076345E-5,    4.200637E-5
1.544750E+7,    2.652965E-5,    2.498552E-5
1.545375E+7,    3.572553E-5,    4.262850E-5
1.546000E+7,    4.580617E-5,    4.275143E-5
1.546625E+7,    3.197789E-5,    5.739927E-5
1.547250E+7,    5.227700E-5,    4.040450E-5
1.547875E+7,    1.799501E-5,    3.287196E-5
1.548500E+7,    3.011338E-5,    3.137253E-5
1.549125E+7,    2.681464E-5,    3.271736E-5
1.549750E+7,    3.192201E-5,    1.575239E-5
1.550375E+7,    1.988560E-5,    5.378947E-5
1.551000E+7,    2.844818E-5,    2.538785E-5
1.551625E+7,    1.458451E-5,    2.536923E-5
1.552250E+7,    2.296269E-5,    4.014373E-5
1.552875E+7,    2.638809E-5,    1.520477E-5
1.553500E+7,    1.322012E-5,    1.526251E-5
1.554125E+7,    2.722815E-5,    5.147606E-5
1.554750E+7,    3.575534E-5,    3.158301E-5
1.555375E+7,    2.291240E-5,    1.993030E-5
1.556000E+7,    4.448742E-5,    5.866587E-5
1.556625E+7,    3.248639E-5,    2.726354E-5
1.557250E+7,    2.069212E-5,    1.785904E-5
1.557875E+7,    4.661456E-5,    5.944446E-5
1.558500E+7,    8.696690E-6,    4.838780E-5
1.559125E+7,    5.117059E-5,    1.958385E-5
1.559750E+7,    4.030298E-6,    -4.172325E-7
1.560375E+7,    1.047738E-5,    2.315454E-5
1.561000E+7,    8.335337E-6,    3.986806E-5
1.561625E+7,    2.721697E-5,    2.170540E-5
1.562250E+7,    1.080334E-5,    2.308562E-5
1.562875E+7,    7.856637E-6,    3.207661E-5
1.563500E+7,    8.661300E-6,    3.900751E-5
1.564125E+7,    2.215430E-5,    2.089143E-5
1.564750E+7,    2.958253E-5,    1.957268E-5
1.565375E+7,    1.067109E-5,    2.200343E-5
1.566000E+7,    2.376735E-5,    4.637055E-6
1.566625E+7,    3.054738E-7,    3.113225E-5
1.567250E+7,    1.906790E-5,    -2.640299E-6
1.567875E+7,    -1.591630E-6,    1.571421E-5
1.568500E+7,    2.271682E-5,    -3.314577E-6
1.569125E+7,    1.738966E-5,    1.288019E-5
1.569750E+7,    1.364667E-5,    1.335423E-5
1.570375E+7,    1.839548E-5,    4.344061E-5
1.571000E+7,    2.484396E-5,    1.146458E-5
1.571625E+7,    1.846068E-5,    4.314072E-5
1.572250E+7,    1.992844E-5,    2.759695E-5
1.572875E+7,    1.503713E-5,    2.061389E-5
1.573500E+7,    3.748946E-5,    1.663342E-5
1.574125E+7,    1.862738E-5,    -3.284775E-6
1.574750E+7,    4.394352E-5,    3.065541E-5
1.575375E+7,    -2.112240E-6,    3.116392E-5
1.576000E+7,    1.349906E-5,    -1.021894E-5
1.576625E+7,    3.610126E-10,    -5.271090E-10
1.577250E+7,    1.633260E-5,    4.607253E-6
1.577875E+7,    2.669729E-5,    1.795217E-5
1.578500E+7,    2.154708E-5,    1.119077E-5
1.579125E+7,    1.042336E-5,    1.337565E-5
1.579750E+7,    -5.898066E-6,    8.935574E-6
1.580375E+7,    2.171379E-6,    -8.172356E-6
1.581000E+7,    3.113225E-5,    1.190230E-6
1.581625E+7,    1.566485E-6,    7.374212E-6
1.582250E+7,    5.271751E-6,    6.577000E-6
1.582875E+7,    6.930903E-6,    1.387857E-5
1.583500E+7,    -5.331356E-6,    -6.523915E-6
1.584125E+7,    9.356532E-6,    -9.865034E-6
1.584750E+7,    9.052455E-6,    5.642883E-6
1.585375E+7,    -1.145341E-5,    3.359653E-5
1.586000E+7,    1.062825E-5,    2.840906E-5
1.586625E+7,    1.462549E-5,    -3.544148E-6
1.587250E+7,    1.275167E-5,    4.610978E-6
1.587875E+7,    3.649271E-6,    -9.085052E-7
1.588500E+7,    2.001785E-5,    -1.281034E-5
1.589125E+7,    -3.705733E-6,    -1.457334E-5
1.589750E+7,    -3.211937E-10,    5.435936E-10
1.590375E+7,    2.021901E-5,    1.799129E-5
1.591000E+7,    3.436767E-5,    -1.690909E-5
1.591625E+7,    9.189826E-6,    5.302485E-6
1.592250E+7,    -5.588401E-6,    -6.246846E-6
1.592875E+7,    3.285706E-6,    -1.643971E-5
1.593500E+7,    2.396293E-6,    2.266187E-5
1.594125E+7,    -1.555774E-6,    8.220319E-6
1.594750E+7,    -1.540408E-6,    8.223578E-6
1.595375E+7,    5.674548E-6,    6.149057E-6
1.596000E+7,    7.761642E-6,    1.331791E-5
1.596625E+7,    7.175142E-6,    -2.127141E-6
1.597250E+7,    1.433073E-5,    -4.318543E-6
1.597875E+7,    -1.138169E-5,    2.693757E-5
1.598500E+7,    -2.210494E-6,    -7.152557E-6
1.599125E+7,    5.797483E-6,    6.033108E-6
1.599750E+7,    7.136026E-6,    -2.251705E-6
1.600375E+7,    -1.020506E-4,    -2.769381E-5
1.601000E+7,    -7.776543E-5,    -1.733750E-5
1.601625E+7,    1.541227E-4,    1.254976E-4
1.602250E+7,    -1.179427E-5,    -1.227334E-4
1.602875E+7,    5.722046E-5,    -1.325458E-4
1.603500E+7,    4.805066E-5,    -5.739368E-5
1.604125E+7,    -2.011284E-4,    3.977865E-5
1.604750E+7,    -1.239628E-4,    -2.082437E-5
1.605375E+7,    -1.176111E-4,    3.733858E-5
1.606000E+7,    7.758290E-5,    8.372962E-5
1.606625E+7,    7.720292E-5,    5.373359E-5
1.607250E+7,    -1.106411E-5,    1.839623E-4
1.607875E+7,    -1.459792E-4,    1.664311E-4
1.608500E+7,    1.978204E-4,    1.580268E-5
1.609125E+7,    -1.001433E-4,    -4.068762E-5
1.609750E+7,    2.592057E-5,    -3.225543E-5
1.610375E+7,    1.404956E-4,    -1.465455E-4
1.611000E+7,    5.159341E-5,    -4.637614E-5
1.611625E+7,    -1.119561E-4,    1.716614E-5
1.612250E+7,    4.271604E-5,    -5.557016E-5
1.612875E+7,    -2.920628E-5,    -4.498288E-5
1.613500E+7,    -5.682744E-5,    2.984144E-5
1.614125E+7,    5.684420E-5,    -2.989359E-5
1.614750E+7,    -5.856901E-5,    -2.374128E-5
1.615375E+7,    -3.970042E-5,    -1.160614E-5
1.616000E+7,    4.100055E-5,    -6.100722E-5
1.616625E+7,    -1.233816E-5,    -2.021156E-5
1.617250E+7,    -2.906099E-5,    9.931251E-5
1.617875E+7,    6.886944E-5,    5.665794E-5
1.618500E+7,    -7.154793E-5,    -5.587190E-5
1.619125E+7,    1.809373E-5,    4.847720E-5
1.619750E+7,    1.540035E-5,    4.931912E-5
1.620375E+7,    8.158386E-7,    -8.447096E-5
1.621000E+7,    4.656613E-8,    -4.815124E-5
1.621625E+7,    4.724041E-5,    4.544854E-5
1.622250E+7,    -6.221235E-7,    -5.995296E-5
1.622875E+7,    7.234886E-5,    -2.852455E-5
1.623500E+7,    -2.597645E-5,    -6.405264E-5
1.624125E+7,    -1.702830E-5,    -5.484000E-5
1.624750E+7,    8.704141E-5,    9.059906E-6
1.625375E+7,    -5.280040E-5,    4.362315E-6
1.626000E+7,    1.055039E-4,    -8.717179E-6
1.626625E+7,    1.001880E-4,    -1.033247E-4
1.627250E+7,    -5.995482E-5,    5.625188E-7
1.627875E+7,    -4.822854E-6,    1.351628E-5
1.628500E+7,    -9.547919E-5,    -3.656745E-5
1.629125E+7,    1.066364E-4,    -1.500174E-5
1.629750E+7,    3.317557E-5,    1.977198E-5
1.630375E+7,    8.393452E-5,    -9.810552E-5
1.631000E+7,    4.613400E-5,    -7.445738E-5
1.631625E+7,    1.331270E-4,    -6.515533E-5
1.632250E+7,    -3.463775E-5,    4.695728E-6
1.632875E+7,    -1.081601E-4,    -3.873557E-5
1.633500E+7,    2.367347E-4,    -1.870766E-4
1.634125E+7,    4.507229E-5,    5.825236E-5
1.634750E+7,    3.106892E-4,    2.765954E-4
1.635375E+7,    -3.229827E-6,    -5.908683E-5
1.636000E+7,    2.749264E-6,    1.554042E-4
1.636625E+7,    3.421865E-5,    1.350790E-5
1.637250E+7,    -1.172572E-4,    -1.562983E-4
1.637875E+7,    -8.759648E-5,    -9.915978E-5
1.638500E+7,    -3.919005E-5,    2.043694E-4
1.639125E+7,    2.279133E-5,    -1.213215E-4
1.639750E+7,    7.846951E-5,    -2.826750E-4
1.640375E+7,    -6.646290E-5,    1.166053E-4
1.641000E+7,    -2.393872E-4,    -6.476045E-5
1.641625E+7,    -3.934838E-5,    4.813075E-5
1.642250E+7,    -7.095933E-5,    1.118854E-4
1.642875E+7,    -1.270473E-4,    -1.594126E-4
1.643500E+7,    -5.237013E-5,    -1.397729E-5
1.644125E+7,    -5.293638E-6,    3.171153E-5
1.644750E+7,    -2.577901E-6,    1.390800E-4
1.645375E+7,    -7.430464E-5,    -8.542836E-5
1.646000E+7,    -4.721433E-5,    -7.576495E-5
1.646625E+7,    2.469122E-5,    7.062033E-5
1.647250E+7,    -6.017089E-5,    -2.977625E-5
1.647875E+7,    -3.870577E-5,    1.682267E-4
1.648500E+7,    8.944422E-6,    -6.889179E-5
1.649125E+7,    6.197393E-5,    6.520003E-5
1.649750E+7,    -3.725290E-8,    1.082309E-4
1.650375E+7,    -5.476922E-5,    -1.396239E-4
1.651000E+7,    -8.689612E-5,    5.052239E-5
1.651625E+7,    2.920907E-5,    -2.875924E-6
1.652250E+7,    -5.263835E-6,    6.172433E-5
1.652875E+7,    -1.496002E-4,    -2.669543E-5
1.653500E+7,    4.634261E-6,    -7.362664E-5
1.654125E+7,    -4.075468E-6,    -5.289167E-5
1.654750E+7,    -3.522635E-5,    2.274849E-5
1.655375E+7,    4.199520E-5,    2.935529E-5
1.656000E+7,    -1.887232E-5,    -4.236028E-5
1.656625E+7,    -5.669706E-5,    4.125573E-5
1.657250E+7,    2.816319E-5,    1.419112E-4
1.657875E+7,    -3.167987E-5,    -7.466227E-5
1.658500E+7,    -6.113574E-5,    3.659353E-5
1.659125E+7,    -1.137927E-4,    -3.781170E-5
1.659750E+7,    -1.436751E-5,    -7.680617E-6
1.660375E+7,    -7.439032E-5,    5.255267E-5
1.661000E+7,    -6.404147E-5,    -2.275780E-5
1.661625E+7,    6.392598E-6,    1.305267E-4
1.662250E+7,    -4.307553E-5,    -2.308190E-5
1.662875E+7,    1.187995E-4,    5.433708E-5
1.663500E+7,    1.247525E-4,    4.388392E-6
1.664125E+7,    -2.635643E-5,    9.230152E-5
1.664750E+7,    1.265667E-5,    -2.790987E-5
1.665375E+7,    -8.217990E-6,    6.269664E-5
1.666000E+7,    -3.945082E-6,    -5.302206E-5
1.666625E+7,    1.543481E-5,    -2.875738E-5
1.667250E+7,    -6.606802E-6,    3.811531E-5
1.667875E+7,    1.385808E-6,    -2.652854E-4
1.668500E+7,    -1.209378E-4,    3.792495E-4
1.669125E+7,    -2.054870E-5,    -2.584904E-4
1.669750E+7,    -2.540275E-5,    -9.476393E-5
1.670375E+7,    2.198666E-5,    -1.270995E-4
1.671000E+7,    8.951128E-5,    8.755177E-5
1.671625E+7,    -3.483146E-5,    -2.571009E-5
1.672250E+7,    1.403987E-4,    -8.418411E-5
1.672875E+7,    -9.953976E-6,    -3.319234E-5
1.673500E+7,    -1.624972E-4,    -2.960116E-5
1.674125E+7,    -5.355477E-5,    -3.811345E-5
1.674750E+7,    -5.479902E-6,    -5.859137E-5
1.675375E+7,    1.261607E-4,    8.872151E-5
1.676000E+7,    -1.646578E-6,    -3.565289E-5
1.676625E+7,    -2.193451E-5,    -1.743063E-4
1.677250E+7,    -3.648922E-5,    -3.127381E-5
1.677875E+7,    -1.271144E-4,    -1.125559E-4
1.678500E+7,    -1.665391E-5,    3.509410E-5
1.679125E+7,    -2.161227E-5,    1.849607E-5
1.679750E+7,    3.976002E-5,    4.239008E-5
1.680375E+7,    3.053993E-5,    -6.938726E-5
1.681000E+7,    2.036244E-5,    4.814565E-5
1.681625E+7,    1.701713E-5,    6.724522E-5
1.682250E+7,    6.199628E-5,    5.628914E-6
1.682875E+7,    -5.003065E-5,    7.516146E-5
1.683500E+7,    -2.552010E-5,    2.567843E-5
1.684125E+7,    -1.088902E-5,    -5.702302E-5
1.684750E+7,    -9.299070E-5,    -3.868341E-5
1.685375E+7,    7.423759E-5,    -3.963709E-6
1.686000E+7,    1.353770E-4,    -8.233637E-5
1.686625E+7,    -5.444512E-6,    -2.852827E-5
1.687250E+7,    -4.757196E-6,    -7.697567E-5
1.687875E+7,    2.063811E-5,    -4.232489E-5
1.688500E+7,    5.091727E-5,    8.968636E-6
1.689125E+7,    -5.275197E-5,    4.575215E-5
1.689750E+7,    1.772307E-6,    -2.463814E-5
1.690375E+7,    1.510046E-5,    -4.065223E-5
1.691000E+7,    -2.485886E-5,    -2.283417E-5
1.691625E+7,    -6.605312E-5,    3.159046E-5
1.692250E+7,    2.356619E-5,    -7.330626E-5
1.692875E+7,    -9.609386E-5,    5.258992E-5
1.693500E+7,    3.495812E-5,    -4.274771E-6
1.694125E+7,    4.276633E-5,    1.139939E-4
1.694750E+7,    3.588945E-5,    1.523644E-4
1.695375E+7,    5.164370E-5,    -9.194016E-6
1.696000E+7,    -1.209043E-5,    -2.056360E-5
1.696625E+7,    -5.543232E-6,    1.041666E-4
1.697250E+7,    -2.253801E-5,    -3.563054E-5
1.697875E+7,    -2.598949E-5,    -1.651049E-5
1.698500E+7,    3.555864E-4,    -7.413328E-5
1.699125E+7,    -2.012402E-4,    -3.759563E-5
1.699750E+7,    8.336082E-5,    -2.449378E-5
1.700375E+7,    -2.579391E-5,    -4.673004E-5
1.701000E+7,    -8.546561E-5,    7.044524E-6
1.701625E+7,    1.490116E-5,    -8.289143E-5
1.702250E+7,    -1.542270E-5,    -3.094971E-4
1.702875E+7,    7.040799E-5,    1.062229E-4
1.703500E+7,    8.506328E-5,    -1.890957E-5
1.704125E+7,    -1.598597E-4,    8.297712E-5
1.704750E+7,    6.707385E-5,    2.263114E-5
1.705375E+7,    1.061037E-4,    -9.140000E-5
1.706000E+7,    7.126480E-5,    1.301840E-4
1.706625E+7,    -5.051121E-5,    2.712011E-6
1.707250E+7,    1.161955E-4,    -1.589581E-5
1.707875E+7,    5.353242E-5,    -3.374182E-5
1.708500E+7,    -9.087846E-5,    5.073473E-5
1.709125E+7,    -3.273040E-5,    1.364052E-4
1.709750E+7,    4.052371E-5,    1.392514E-4
1.710375E+7,    8.447468E-5,    -7.298961E-5
1.711000E+7,    -2.092682E-5,    4.234537E-5
1.711625E+7,    8.285046E-6,    1.426265E-4
1.712250E+7,    -1.166482E-6,    6.380258E-6
1.712875E+7,    -6.895512E-6,    -1.068264E-4
1.713500E+7,    5.544908E-5,    -5.844235E-5
1.714125E+7,    -4.220195E-5,    2.402812E-7
1.714750E+7,    1.000203E-4,    1.095235E-6
1.715375E+7,    -2.536550E-5,    1.101084E-4
1.716000E+7,    -1.040250E-4,    -6.653368E-5
1.716625E+7,    2.921186E-5,    2.777018E-5
1.717250E+7,    -3.885478E-6,    -6.533414E-5
1.717875E+7,    -2.122298E-5,    7.263198E-5
1.718500E+7,    -1.866370E-5,    -8.537620E-5
1.719125E+7,    -9.234063E-6,    -2.149958E-5
1.719750E+7,    8.542091E-6,    -7.502362E-5
1.720375E+7,    -1.688600E-4,    -1.446456E-4
1.721000E+7,    7.122383E-5,    -5.691499E-5
1.721625E+7,    -4.921108E-5,    8.075312E-5
1.722250E+7,    1.556519E-5,    1.546927E-6
1.722875E+7,    8.194521E-5,    4.285946E-5
1.723500E+7,    1.316294E-4,    -2.587587E-5
1.724125E+7,    1.262873E-5,    -3.994256E-5
1.724750E+7,    -8.124113E-5,    -2.183765E-4
1.725375E+7,    1.448989E-4,    -1.151860E-5
1.726000E+7,    -1.201220E-5,    -2.072938E-5
1.726625E+7,    -1.139268E-4,    -6.999075E-5
1.727250E+7,    5.626306E-5,    -4.120171E-6
1.727875E+7,    -1.508184E-5,    5.272217E-5
1.728500E+7,    -2.549216E-5,    3.756396E-5
1.729125E+7,    -1.938082E-6,    2.476107E-5
1.729750E+7,    7.948838E-6,    -1.439406E-5
1.730375E+7,    5.829521E-5,    -2.886914E-5
1.731000E+7,    2.760440E-5,    -1.774058E-4
1.731625E+7,    -1.035817E-5,    2.718810E-5
1.732250E+7,    -1.079477E-4,    -1.740083E-5
1.732875E+7,    -2.237037E-5,    6.410293E-6
1.733500E+7,    2.632104E-5,    -5.595759E-5
1.734125E+7,    3.480166E-5,    2.633035E-5
1.734750E+7,    8.800067E-6,    9.577721E-6
1.735375E+7,    4.424900E-5,    -1.518726E-4
1.736000E+7,    2.357829E-5,    -1.278985E-5
1.736625E+7,    4.075840E-5,    -5.634502E-6
1.737250E+7,    -3.315508E-5,    6.389990E-5
1.737875E+7,    -9.272248E-6,    -1.063310E-4
1.738500E+7,    -4.420057E-6,    -4.715845E-5
1.739125E+7,    1.831576E-4,    -1.009107E-4
1.739750E+7,    4.800595E-5,    -4.397333E-5
1.740375E+7,    1.042597E-4,    -4.794076E-5
1.741000E+7,    2.000108E-5,    4.880875E-5
1.741625E+7,    -5.989335E-6,    -1.040846E-5
1.742250E+7,    -5.322881E-5,    1.515448E-5
1.742875E+7,    6.883964E-5,    2.886355E-5
1.743500E+7,    1.540631E-4,    -8.635968E-5
1.744125E+7,    2.803281E-6,    -7.955823E-7
1.744750E+7,    -1.264885E-4,    2.385676E-5
1.745375E+7,    -2.839975E-5,    -4.015863E-6
1.746000E+7,    2.680067E-5,    -1.576729E-6
1.746625E+7,    -1.045410E-5,    2.719183E-5
1.747250E+7,    -4.593283E-5,    -6.573275E-5
1.747875E+7,    -3.067404E-5,    -7.608533E-5
1.748500E+7,    4.398450E-5,    4.804879E-5
1.749125E+7,    -7.683784E-5,    -1.451746E-5
1.749750E+7,    -1.271628E-5,    -4.491583E-5
1.750375E+7,    -4.784018E-5,    -1.258776E-4
1.751000E+7,    -1.804810E-5,    1.117401E-5
1.751625E+7,    -4.648417E-5,    7.126480E-6
1.752250E+7,    3.538094E-6,    2.324581E-5
1.752875E+7,    -1.625344E-5,    -6.816909E-5
1.753500E+7,    3.506616E-5,    -5.843863E-5
1.754125E+7,    3.477745E-5,    2.655946E-5
1.754750E+7,    -3.935210E-5,    1.113676E-5
1.755375E+7,    1.711771E-6,    -3.686547E-5
1.756000E+7,    -4.245713E-5,    -1.415610E-7
1.756625E+7,    -7.061288E-6,    -4.648231E-5
1.757250E+7,    1.771096E-5,    -2.318155E-5
1.757875E+7,    -2.703816E-5,    4.395284E-5
1.758500E+7,    -5.621929E-6,    1.583016E-6
1.759125E+7,    -1.548417E-5,    -4.419126E-5
1.759750E+7,    -7.361546E-5,    -4.596263E-5
1.760375E+7,    -4.952028E-5,    -4.666671E-5
1.761000E+7,    6.285682E-5,    1.870096E-5
1.761625E+7,    3.102422E-5,    1.428872E-4
1.762250E+7,    1.314934E-5,    1.448113E-5
1.762875E+7,    1.897383E-5,    -2.959371E-5
1.763500E+7,    -5.692616E-5,    -8.303672E-6
1.764125E+7,    -2.022833E-5,    3.604032E-5
1.764750E+7,    -2.138689E-5,    -5.462021E-5
1.765375E+7,    1.617055E-5,    -2.880767E-5
1.766000E+7,    -7.964671E-6,    6.900355E-5
1.766625E+7,    3.494322E-6,    2.329424E-5
1.767250E+7,    -1.474619E-4,    -4.993379E-5
1.767875E+7,    -3.154855E-6,    -1.126435E-5
1.768500E+7,    -2.517998E-4,    -1.300722E-4
1.769125E+7,    -1.248568E-4,    -1.533329E-4
1.769750E+7,    -7.879362E-5,    2.201274E-5
1.770375E+7,    2.829731E-5,    1.013353E-4
1.771000E+7,    3.752299E-5,    -2.866425E-5
1.771625E+7,    1.211688E-4,    1.299456E-4
1.772250E+7,    3.546476E-5,    1.599938E-4
1.772875E+7,    -1.836196E-4,    8.166581E-5
1.773500E+7,    7.374585E-5,    -1.055896E-4
1.774125E+7,    -9.142235E-5,    -2.309307E-5
1.774750E+7,    -1.171231E-4,    -8.261204E-5
1.775375E+7,    -1.089424E-4,    6.683171E-5
1.776000E+7,    2.879649E-5,    1.627393E-5
1.776625E+7,    1.876429E-4,    8.501112E-6
1.777250E+7,    -2.348050E-5,    -2.991222E-5
1.777875E+7,    8.957088E-5,    5.461276E-6
1.778500E+7,    -2.566352E-5,    4.967302E-5
1.779125E+7,    3.693998E-5,    1.866370E-6
1.779750E+7,    -1.190789E-5,    3.370270E-5
1.780375E+7,    -9.350479E-7,    -3.618188E-5
1.781000E+7,    -8.121133E-6,    1.236796E-4
1.781625E+7,    3.149733E-6,    -4.339404E-5
1.782250E+7,    -1.281127E-5,    -5.719066E-5
1.782875E+7,    -2.472103E-5,    -2.350472E-5
1.783500E+7,    2.662838E-5,    -6.815419E-5
1.784125E+7,    -3.385171E-5,    -4.533678E-5
1.784750E+7,    6.297603E-6,    -3.212877E-5
1.785375E+7,    3.885105E-5,    1.961924E-5
1.786000E+7,    -4.391372E-5,    6.021932E-6
1.786625E+7,    3.721192E-5,    6.879121E-5
1.787250E+7,    2.931058E-5,    9.517372E-5
1.787875E+7,    1.536217E-5,    -1.031719E-5
1.788500E+7,    -6.486848E-5,    -3.681332E-5
1.789125E+7,    -1.139492E-4,    -7.183105E-5
1.789750E+7,    4.628673E-5,    -8.578971E-5
1.790375E+7,    3.277883E-5,    6.393716E-5
1.791000E+7,    -3.381446E-5,    -4.542246E-5
1.791625E+7,    -1.078099E-5,    -9.428337E-5
1.792250E+7,    4.110113E-5,    -5.230308E-6
1.792875E+7,    -8.035451E-6,    -4.032254E-5
1.793500E+7,    6.172433E-5,    2.556294E-5
1.794125E+7,    1.200289E-5,    -3.372878E-5
1.794750E+7,    -1.214445E-6,    -1.152195E-4
1.795375E+7,    7.475726E-6,    1.619477E-5
1.796000E+7,    3.111176E-5,    -8.542091E-6
1.796625E+7,    -3.711134E-5,    -6.884336E-5
1.797250E+7,    -5.616248E-5,    -2.722442E-5
1.797875E+7,    -4.377216E-6,    -4.881062E-6
1.798500E+7,    9.221956E-6,    -3.293343E-5
1.799125E+7,    -2.236106E-5,    1.831818E-5
1.799750E+7,    -9.629875E-5,    -4.060566E-5
1.800375E+7,    -8.036196E-5,    -2.675876E-5
1.801000E+7,    1.958385E-5,    4.938990E-5
1.801625E+7,    -1.618788E-4,    -4.687905E-5
1.802250E+7,    -4.244782E-5,    1.156330E-5
1.802875E+7,    -1.029950E-5,    -1.544598E-5
1.803500E+7,    7.189810E-6,    7.098913E-5
1.804125E+7,    -1.340359E-4,    1.217797E-4
1.804750E+7,    -5.198270E-5,    -3.450364E-5
1.805375E+7,    6.407499E-6,    -3.215857E-5
1.806000E+7,    4.506111E-5,    4.251301E-5
1.806625E+7,    6.878376E-5,    -4.912913E-5
1.807250E+7,    -1.255944E-4,    5.245209E-5
1.807875E+7,    -1.142770E-4,    4.927814E-5
1.808500E+7,    -1.036450E-4,    -5.700439E-5
1.809125E+7,    -4.719943E-5,    6.157160E-5
1.809750E+7,    -4.580803E-5,    -1.185946E-5
1.810375E+7,    -4.812330E-5,    1.590326E-4
1.811000E+7,    -3.073364E-5,    1.665577E-4
1.811625E+7,    -1.672134E-4,    -2.174824E-5
1.812250E+7,    -1.909211E-5,    -1.044087E-4
1.812875E+7,    8.069724E-5,    1.179576E-4
1.813500E+7,    2.681650E-5,    -1.334120E-5
1.814125E+7,    -2.514571E-4,    -2.923608E-5
1.814750E+7,    -1.337007E-5,    -2.684444E-5
1.815375E+7,    -1.558363E-4,    2.672672E-4
1.816000E+7,    -2.787448E-5,    3.191642E-5
1.816625E+7,    -6.940216E-5,    1.709536E-4
1.817250E+7,    -9.791553E-5,    1.786277E-4
1.817875E+7,    6.953999E-5,    -1.268834E-5
1.818500E+7,    -1.301318E-4,    1.142472E-4
1.819125E+7,    -4.800782E-5,    -5.404279E-5
1.819750E+7,    3.105402E-5,    5.865097E-5
1.820375E+7,    -4.039705E-5,    -1.047701E-4
1.821000E+7,    1.042336E-5,    -5.156547E-5
1.821625E+7,    5.892478E-6,    1.057517E-5
1.822250E+7,    -5.870312E-5,    -1.460686E-5
1.822875E+7,    -9.166077E-6,    4.510581E-5
1.823500E+7,    1.176819E-5,    2.120808E-5
1.824125E+7,    -3.887713E-5,    -1.997687E-5
1.824750E+7,    -2.577156E-5,    -5.261973E-6
1.825375E+7,    -6.874651E-5,    -9.732693E-5
1.826000E+7,    -4.322454E-5,    -2.494827E-5
1.826625E+7,    2.781488E-5,    -4.398823E-5
1.827250E+7,    5.210191E-5,    -1.235381E-4
1.827875E+7,    -1.063421E-4,    -4.448742E-5
1.828500E+7,    3.134459E-5,    -8.760393E-5
1.829125E+7,    -8.050352E-6,    -5.271472E-5
1.829750E+7,    -4.057959E-5,    -3.787503E-5
1.830375E+7,    -1.948234E-5,    2.958998E-5
1.831000E+7,    -4.111417E-5,    1.709722E-5
1.831625E+7,    -1.688674E-5,    -7.467344E-5
1.832250E+7,    -3.110245E-5,    2.046861E-5
1.832875E+7,    1.970958E-5,    -1.745019E-5
1.833500E+7,    -1.514331E-5,    3.452040E-5
1.834125E+7,    -4.760548E-5,    -2.993271E-5
1.834750E+7,    -2.142135E-5,    -3.771856E-7
1.835375E+7,    -3.414974E-5,    1.005791E-4
1.836000E+7,    -9.674206E-5,    1.171976E-4
1.836625E+7,    1.210421E-4,    6.525218E-5
1.837250E+7,    1.407787E-5,    -1.073517E-4
1.837875E+7,    -2.693012E-5,    -7.821620E-5
1.838500E+7,    -4.536845E-5,    2.429262E-5
1.839125E+7,    -6.566197E-5,    5.226582E-6
1.839750E+7,    -6.373599E-5,    3.523380E-5
1.840375E+7,    5.405396E-6,    -1.172014E-4
1.841000E+7,    1.843181E-5,    -1.099613E-5
1.841625E+7,    1.608394E-5,    2.620183E-5
1.842250E+7,    -1.107678E-4,    -4.984438E-5
1.842875E+7,    1.445413E-6,    -9.800121E-5
1.843500E+7,    -7.120520E-5,    1.889095E-5
1.844125E+7,    3.633648E-5,    -5.839020E-5
1.844750E+7,    1.847371E-5,    9.266660E-5
1.845375E+7,    7.958338E-5,    -3.328547E-5
1.846000E+7,    -1.056492E-5,    -1.435503E-4
1.846625E+7,    7.391907E-6,    1.633260E-5
1.847250E+7,    3.774837E-5,    -6.478280E-5
1.847875E+7,    4.291348E-5,    8.381903E-7
1.848500E+7,    -1.559407E-5,    1.021009E-5
1.849125E+7,    -5.219318E-5,    5.645305E-5
1.849750E+7,    -3.602356E-5,    -2.101436E-5
1.850375E+7,    -1.256317E-4,    2.090633E-5
1.851000E+7,    -4.404783E-5,    1.335889E-4
1.851625E+7,    -2.086014E-4,    2.380162E-4
1.852250E+7,    -2.777278E-4,    -1.282096E-4
1.852875E+7,    4.969537E-5,    2.003610E-4
1.853500E+7,    -8.009002E-5,    1.126565E-4
1.854125E+7,    6.135553E-6,    -8.090585E-5
1.854750E+7,    -1.355307E-6,    6.457791E-6
1.855375E+7,    -8.505210E-5,    7.118285E-5
1.856000E+7,    -7.836521E-5,    2.671406E-5