SAVED BY: 
TITLE: 
COMMENTS: 
DATE: 10/27/2020
TIME: 1:09 PM

STIMULUS, REAL, IMAGINARY

8.560000E+6,    -2.603978E-5,    -1.487061E-4
8.566250E+6,    4.462898E-6,    -1.593605E-4
8.572500E+6,    -2.320111E-5,    -1.504421E-4
8.578750E+6,    -7.003546E-7,    -1.401231E-4
8.585000E+6,    -3.013015E-5,    -1.468807E-4
8.591250E+6,    -6.973743E-6,    -1.363009E-4
8.597500E+6,    -2.290308E-5,    -1.678243E-4
8.603750E+6,    -1.416355E-5,    -1.403168E-4
8.610000E+6,    -7.316470E-6,    -1.615286E-4
8.616250E+6,    6.854534E-6,    -1.379326E-4
8.622500E+6,    -1.398474E-5,    -1.827106E-4
8.628750E+6,    -8.516014E-6,    -1.614615E-4
8.635000E+6,    -2.929568E-5,    -1.478791E-4
8.641250E+6,    3.077090E-6,    -1.612380E-4
8.647500E+6,    -2.294779E-5,    -1.691207E-4
8.653750E+6,    -2.292544E-5,    -1.361370E-4
8.660000E+6,    -7.338822E-6,    -1.380369E-4
8.666250E+6,    -1.644343E-5,    -1.575574E-4
8.672500E+6,    -2.004951E-5,    -1.554415E-4
8.678750E+6,    -1.534075E-5,    -1.418963E-4
8.685000E+6,    -1.106411E-5,    -1.535416E-4
8.691250E+6,    -1.489371E-5,    -1.594424E-4
8.697500E+6,    -3.947318E-5,    -1.511499E-4
8.703750E+6,    -1.406670E-5,    -1.690164E-4
8.710000E+6,    -2.061576E-5,    -1.475066E-4
8.716250E+6,    -1.629442E-5,    -1.591071E-4
8.722500E+6,    -3.219396E-5,    -1.570731E-4
8.728750E+6,    -7.346272E-6,    -1.574606E-4
8.735000E+6,    -3.124774E-5,    -1.666844E-4
8.741250E+6,    -6.616116E-6,    -1.497194E-4
8.747500E+6,    -1.097471E-5,    -1.553223E-4
8.753750E+6,    -4.537404E-6,    -1.691952E-4
8.760000E+6,    -5.535781E-6,    -1.769364E-4
8.766250E+6,    -1.645088E-5,    -1.608729E-4
8.772500E+6,    -2.549589E-5,    -1.548007E-4
8.778750E+6,    -2.458692E-7,    -1.557618E-4
8.785000E+6,    -2.832711E-5,    -1.700819E-4
8.791250E+6,    4.917383E-7,    -1.656488E-4
8.797500E+6,    -2.145022E-5,    -1.410469E-4
8.803750E+6,    -1.744926E-5,    -1.880229E-4
8.810000E+6,    -2.884120E-5,    -1.621321E-4
8.816250E+6,    -1.497567E-5,    -1.549721E-4
8.822500E+6,    -2.230704E-5,    -1.411438E-4
8.828750E+6,    -8.732080E-6,    -1.515746E-4
8.835000E+6,    -1.458079E-5,    -1.472309E-4
8.841250E+6,    -1.814216E-5,    -1.625493E-4
8.847500E+6,    -1.398474E-5,    -1.746044E-4
8.853750E+6,    -9.037554E-6,    -1.436919E-4
8.860000E+6,    -1.174212E-5,    -1.416132E-4
8.866250E+6,    -2.242625E-5,    -1.602694E-4
8.872500E+6,    -1.832098E-5,    -1.546368E-4
8.878750E+6,    -6.169081E-6,    -1.731813E-4
8.885000E+6,    -1.879781E-5,    -1.371503E-4
8.891250E+6,    -1.598895E-5,    -1.392588E-4
8.897500E+6,    -6.407499E-7,    -1.696721E-4
8.903750E+6,    -2.212822E-5,    -1.620874E-4
8.910000E+6,    -1.088530E-5,    -1.533628E-4
8.916250E+6,    -2.207607E-5,    -1.621023E-4
8.922500E+6,    -1.549721E-5,    -1.588017E-4
8.928750E+6,    -1.026690E-5,    -1.631975E-4
8.935000E+6,    -1.994520E-5,    -1.467913E-4
8.941250E+6,    -1.608580E-5,    -1.687109E-4
8.947500E+6,    -8.791685E-6,    -1.654848E-4
8.953750E+6,    -2.257526E-5,    -1.816601E-4
8.960000E+6,    -1.691282E-5,    -1.684278E-4
8.966250E+6,    6.020069E-6,    -1.788586E-4
8.972500E+6,    -2.329797E-5,    -1.639798E-4
8.978750E+6,    -1.096725E-5,    -1.652241E-4
8.985000E+6,    -7.681549E-6,    -1.774877E-4
8.991250E+6,    -1.668930E-6,    -1.645461E-4
8.997500E+6,    -2.807379E-5,    -1.787990E-4
9.003750E+6,    -1.826137E-5,    -1.878664E-4
9.010000E+6,    -9.454787E-6,    -1.771525E-4
9.016250E+6,    -2.495199E-5,    -1.734644E-4
9.022500E+6,    2.443790E-6,    -1.417100E-4
9.028750E+6,    -3.015250E-5,    -1.789480E-4
9.035000E+6,    -2.404302E-5,    -1.655817E-4
9.041250E+6,    -2.804399E-5,    -1.907498E-4
9.047500E+6,    -1.029670E-5,    -1.596734E-4
9.053750E+6,    -1.792610E-5,    -1.725331E-4
9.060000E+6,    -3.122538E-5,    -1.979396E-4
9.066250E+6,    -4.594773E-5,    -1.664907E-4
9.072500E+6,    -6.556511E-6,    -1.642779E-4
9.078750E+6,    -5.386025E-5,    -1.691207E-4
9.085000E+6,    -1.797080E-5,    -1.450107E-4
9.091250E+6,    -1.002848E-5,    -1.721904E-4
9.097500E+6,    -1.800060E-5,    -1.647174E-4
9.103750E+6,    -3.770739E-5,    -1.752749E-4
9.110000E+6,    -2.385676E-5,    -1.599491E-4
9.116250E+6,    -3.868341E-5,    -1.654103E-4
9.122500E+6,    -3.424287E-5,    -1.699850E-4
9.128750E+6,    -9.395182E-6,    -1.840740E-4
9.135000E+6,    -1.338124E-5,    -1.519918E-4
9.141250E+6,    -1.031160E-5,    -1.841560E-4
9.147500E+6,    -2.584606E-5,    -1.694337E-4
9.153750E+6,    -3.871322E-5,    -1.671240E-4
9.160000E+6,    -7.167459E-6,    -1.294315E-4
9.166250E+6,    -2.482533E-5,    -1.715869E-4
9.172500E+6,    9.976327E-6,    -1.663193E-4
9.178750E+6,    -3.270060E-5,    -1.643077E-4
9.185000E+6,    -5.669892E-6,    -1.615137E-4
9.191250E+6,    -3.806502E-5,    -1.890808E-4
9.197500E+6,    -3.600866E-5,    -1.618341E-4
9.203750E+6,    -2.210587E-5,    -1.664013E-4
9.210000E+6,    -3.711134E-5,    -1.716167E-4
9.216250E+6,    -2.969056E-5,    -1.788959E-4
9.222500E+6,    -1.771003E-5,    -1.813546E-4
9.228750E+6,    -6.407499E-7,    -1.688972E-4
9.235000E+6,    -2.144277E-5,    -1.987517E-4
9.241250E+6,    -3.616512E-5,    -1.836196E-4
9.247500E+6,    -2.703071E-5,    -1.835898E-4
9.253750E+6,    -3.232062E-5,    -1.686141E-4
9.260000E+6,    -3.517419E-5,    -1.760572E-4
9.266250E+6,    -2.545863E-5,    -1.860932E-4
9.272500E+6,    -2.864748E-5,    -1.835153E-4
9.278750E+6,    -2.866238E-5,    -1.834482E-4
9.285000E+6,    -2.457201E-5,    -1.883805E-4
9.291250E+6,    -7.949769E-6,    -1.964569E-4
9.297500E+6,    -1.557171E-5,    -1.886487E-4
9.303750E+6,    -3.118813E-5,    -2.034009E-4
9.310000E+6,    -2.840906E-5,    -1.857504E-4
9.316250E+6,    -2.941489E-5,    -1.958609E-4
9.322500E+6,    -3.134459E-5,    -1.831278E-4
9.328750E+6,    -3.454089E-5,    -1.806617E-4
9.335000E+6,    -3.505498E-5,    -1.803562E-4
9.341250E+6,    -3.850460E-5,    -2.076030E-4
9.347500E+6,    -2.782047E-5,    -1.783520E-4
9.353750E+6,    -3.632903E-5,    -1.902208E-4
9.360000E+6,    -2.613664E-5,    -1.809448E-4
9.366250E+6,    -2.770126E-5,    -2.005994E-4
9.372500E+6,    -2.270937E-5,    -1.858026E-4
9.378750E+6,    -3.013015E-5,    -2.201498E-4
9.385000E+6,    -3.723800E-5,    -1.699924E-4
9.391250E+6,    -2.364814E-5,    -1.955554E-4
9.397500E+6,    -1.519173E-5,    -1.960471E-4
9.403750E+6,    -4.005432E-5,    -1.898110E-4
9.410000E+6,    -1.606345E-5,    -1.635700E-4
9.416250E+6,    -3.458560E-5,    -2.072752E-4
9.422500E+6,    -3.109872E-5,    -1.902133E-4
9.428750E+6,    -1.689792E-5,    -1.959354E-4
9.435000E+6,    -3.722310E-5,    -1.947284E-4
9.441250E+6,    -3.768504E-5,    -1.942366E-4
9.447500E+6,    -4.568696E-5,    -1.963079E-4
9.453750E+6,    -6.049871E-5,    -1.900196E-4
9.460000E+6,    -1.247227E-5,    -1.714528E-4
9.466250E+6,    -3.769994E-5,    -2.068281E-4
9.472500E+6,    -2.965331E-5,    -1.950711E-4
9.478750E+6,    -2.518296E-5,    -2.004057E-4
9.485000E+6,    -3.919005E-5,    -2.066493E-4
9.491250E+6,    -2.229214E-5,    -1.830459E-4
9.497500E+6,    -4.217029E-5,    -2.036691E-4
9.503750E+6,    -1.329184E-5,    -1.839101E-4
9.510000E+6,    -2.242625E-5,    -1.956224E-4
9.516250E+6,    -3.039837E-5,    -2.199411E-4
9.522500E+6,    -4.531443E-5,    -1.906902E-4
9.528750E+6,    -4.267693E-5,    -2.059937E-4
9.535000E+6,    -4.498661E-5,    -1.807660E-4
9.541250E+6,    -4.282594E-5,    -2.061129E-4
9.547500E+6,    -3.290176E-5,    -2.192855E-4
9.553750E+6,    -5.868077E-5,    -2.215505E-4
9.560000E+6,    -4.461408E-5,    -2.055466E-4
9.566250E+6,    -4.360080E-5,    -1.958609E-4
9.572500E+6,    -3.193319E-5,    -1.998395E-4
9.578750E+6,    -3.273785E-5,    -1.994669E-4
9.585000E+6,    -3.750622E-5,    -1.939982E-4
9.591250E+6,    -3.066659E-5,    -2.148449E-4
9.597500E+6,    -2.282858E-5,    -1.905411E-4
9.603750E+6,    -4.243851E-5,    -2.005398E-4
9.610000E+6,    -3.130734E-5,    -1.920909E-4
9.616250E+6,    -2.822280E-5,    -2.202094E-4
9.622500E+6,    -5.239248E-5,    -2.117455E-4
9.628750E+6,    -4.905462E-5,    -2.172589E-4
9.635000E+6,    -4.139543E-5,    -2.156794E-4
9.641250E+6,    -3.197789E-5,    -2.170801E-4
9.647500E+6,    -1.776218E-5,    -2.015382E-4
9.653750E+6,    -4.595518E-5,    -1.997352E-4
9.660000E+6,    -5.242229E-5,    -1.913905E-4
9.666250E+6,    -4.151464E-5,    -2.182722E-4
9.672500E+6,    -4.723668E-5,    -1.996160E-4
9.678750E+6,    -4.729629E-5,    -1.995564E-4
9.685000E+6,    -3.927946E-5,    -2.110302E-4
9.691250E+6,    -4.675984E-5,    -2.250075E-4
9.697500E+6,    -6.505847E-5,    -2.243817E-4
9.703750E+6,    -4.217029E-5,    -2.206266E-4
9.710000E+6,    -2.548099E-5,    -2.084225E-4
9.716250E+6,    -3.564358E-5,    -2.317429E-4
9.722500E+6,    -4.974008E-5,    -2.245009E-4
9.728750E+6,    -5.197525E-5,    -2.088845E-4
9.735000E+6,    -4.068017E-5,    -2.008080E-4
9.741250E+6,    -4.887581E-5,    -2.143681E-4
9.747500E+6,    -5.769730E-5,    -2.281070E-4
9.753750E+6,    -6.651878E-5,    -2.288520E-4
9.760000E+6,    -5.558133E-5,    -2.436340E-4
9.766250E+6,    -4.470348E-5,    -2.228022E-4
9.772500E+6,    -6.318092E-5,    -2.090633E-4
9.778750E+6,    -4.455447E-5,    -2.000630E-4
9.785000E+6,    -3.898144E-5,    -2.214909E-4
9.791250E+6,    -3.752112E-5,    -2.371073E-4
9.797500E+6,    -4.723668E-5,    -2.352297E-4
9.803750E+6,    -5.391240E-5,    -2.261996E-4
9.810000E+6,    -5.060434E-5,    -2.322793E-4
9.816250E+6,    -4.294515E-5,    -2.311170E-4
9.822500E+6,    -2.768636E-5,    -2.165437E-4
9.828750E+6,    -5.352497E-5,    -2.161264E-4
9.835000E+6,    -2.692640E-5,    -2.064407E-4
9.841250E+6,    -6.839633E-5,    -2.207160E-4
9.847500E+6,    -5.576015E-5,    -2.414286E-4
9.853750E+6,    -5.924702E-5,    -2.225339E-4
9.860000E+6,    -4.985929E-5,    -2.118051E-4
9.866250E+6,    -3.904104E-5,    -2.169311E-4
9.872500E+6,    -7.092953E-5,    -2.327263E-4
9.878750E+6,    -3.975630E-5,    -2.167821E-4
9.885000E+6,    -5.233288E-5,    -2.241433E-4
9.891250E+6,    -5.936623E-5,    -2.405941E-4
9.897500E+6,    -5.668402E-5,    -2.180338E-4
9.903750E+6,    -7.307529E-5,    -2.322197E-4
9.910000E+6,    -5.167723E-5,    -2.139807E-4
9.916250E+6,    -4.920363E-5,    -2.328157E-4
9.922500E+6,    -4.926324E-5,    -2.198815E-4
9.928750E+6,    -6.613135E-5,    -2.339482E-4
9.935000E+6,    -6.052852E-5,    -2.302825E-4
9.941250E+6,    -4.923344E-5,    -2.355278E-4
9.947500E+6,    -6.911159E-5,    -2.306402E-4
9.953750E+6,    -6.893277E-5,    -2.590716E-4
9.960000E+6,    -5.930662E-5,    -2.201796E-4
9.966250E+6,    -5.847216E-5,    -2.230108E-4
9.972500E+6,    -5.948544E-5,    -2.358258E-4
9.978750E+6,    -5.510449E-5,    -2.447069E-4
9.985000E+6,    -6.240606E-5,    -2.323389E-4
9.991250E+6,    -7.933378E-5,    -2.458692E-4
9.997500E+6,    -6.613135E-5,    -2.416968E-4
1.000375E+7,    -6.777048E-5,    -2.672076E-4
1.001000E+7,    -7.060170E-5,    -2.197027E-4
1.001625E+7,    -6.929040E-5,    -2.510846E-4
1.002250E+7,    -5.355477E-5,    -2.371073E-4
1.002875E+7,    -5.367398E-5,    -2.530813E-4
1.003500E+7,    -1.835823E-5,    -2.293289E-4
1.004125E+7,    -4.342198E-5,    -2.585948E-4
1.004750E+7,    -7.650256E-5,    -2.442896E-4
1.005375E+7,    -6.979704E-5,    -2.562404E-4
1.006000E+7,    -4.237890E-5,    -2.487898E-4
1.006625E+7,    -6.422400E-5,    -2.530515E-4
1.007250E+7,    -6.216764E-5,    -2.429187E-4
1.007875E+7,    -6.604195E-5,    -2.363622E-4
1.008500E+7,    -7.590652E-5,    -2.336502E-4
1.009125E+7,    -5.918741E-5,    -2.363920E-4
1.009750E+7,    -8.296967E-5,    -2.682805E-4
1.010375E+7,    -7.253885E-5,    -2.582073E-4
1.011000E+7,    -6.332994E-5,    -2.612770E-4
1.011625E+7,    -8.121133E-5,    -2.583265E-4
1.012250E+7,    -8.630753E-5,    -2.486110E-4
1.012875E+7,    -8.824468E-5,    -2.768636E-4
1.013500E+7,    -6.735325E-5,    -2.572834E-4
1.014125E+7,    -7.909536E-5,    -2.511740E-4
1.014750E+7,    -7.662177E-5,    -2.570152E-4
1.015375E+7,    -7.289648E-5,    -2.506077E-4
1.016000E+7,    -5.960464E-5,    -2.441108E-4
1.016625E+7,    -7.432699E-5,    -2.631843E-4
1.017250E+7,    -8.165836E-5,    -2.659261E-4
1.017875E+7,    -7.459521E-5,    -2.499819E-4
1.018500E+7,    -4.926324E-5,    -2.374649E-4
1.019125E+7,    -6.368756E-5,    -2.563894E-4
1.019750E+7,    -7.066131E-5,    -2.430975E-4
1.020375E+7,    -5.754828E-5,    -2.561808E-4
1.021000E+7,    -7.736683E-5,    -2.810061E-4
1.021625E+7,    -7.888675E-5,    -2.619624E-4
1.022250E+7,    -6.836653E-5,    -2.521276E-4
1.022875E+7,    -7.870793E-5,    -2.646446E-4
1.023500E+7,    -9.045005E-5,    -2.737939E-4
1.024125E+7,    -7.843971E-5,    -2.675354E-4
1.024750E+7,    -7.027388E-5,    -2.517700E-4
1.025375E+7,    -8.475780E-5,    -2.895594E-4
1.026000E+7,    -7.364154E-5,    -2.643764E-4
1.026625E+7,    -7.772446E-5,    -2.733171E-4
1.027250E+7,    -8.469820E-5,    -2.762973E-4
1.027875E+7,    -7.620454E-5,    -2.796352E-4
1.028500E+7,    -7.817149E-5,    -2.763569E-4
1.029125E+7,    -7.122755E-5,    -2.574325E-4
1.029750E+7,    -6.440282E-5,    -2.574325E-4
1.030375E+7,    -9.071827E-5,    -2.691746E-4
1.031000E+7,    -7.224083E-5,    -2.600253E-4
1.031625E+7,    -7.367134E-5,    -2.566278E-4
1.032250E+7,    -7.003546E-5,    -2.666116E-4
1.032875E+7,    -8.606911E-5,    -2.653897E-4
1.033500E+7,    -6.738305E-5,    -2.759695E-4
1.034125E+7,    -7.146597E-5,    -2.852082E-4
1.034750E+7,    -8.556247E-5,    -2.523065E-4
1.035375E+7,    -8.162856E-5,    -2.812445E-4
1.036000E+7,    -1.082122E-4,    -2.728999E-4
1.036625E+7,    -7.930398E-5,    -2.713799E-4
1.037250E+7,    -7.477403E-5,    -2.652407E-4
1.037875E+7,    -6.881356E-5,    -2.814531E-4
1.038500E+7,    -8.085370E-5,    -2.711117E-4
1.039125E+7,    -1.023710E-4,    -2.756417E-4
1.039750E+7,    -9.286404E-5,    -2.636611E-4
1.040375E+7,    -8.195639E-5,    -2.899766E-4
1.041000E+7,    -7.966161E-5,    -2.802312E-4
1.041625E+7,    -1.012385E-4,    -2.846420E-4
1.042250E+7,    -1.039505E-4,    -2.779663E-4
1.042875E+7,    -1.015663E-4,    -2.843440E-4
1.043500E+7,    -7.513165E-5,    -2.771318E-4
1.044125E+7,    -7.301569E-5,    -3.029108E-4
1.044750E+7,    -9.024143E-5,    -2.788007E-4
1.045375E+7,    -1.074672E-4,    -2.961457E-4
1.046000E+7,    -9.712577E-5,    -2.841353E-4
1.046625E+7,    -8.770823E-5,    -2.913773E-4
1.047250E+7,    -8.010864E-5,    -2.922714E-4
1.047875E+7,    -1.047552E-4,    -2.892017E-4
1.048500E+7,    -8.404255E-5,    -2.852082E-4
1.049125E+7,    -1.150668E-4,    -3.039837E-4
1.049750E+7,    -8.606911E-5,    -2.814233E-4
1.050375E+7,    -1.105368E-4,    -2.785921E-4
1.051000E+7,    -1.028478E-4,    -3.013909E-4
1.051625E+7,    -1.023710E-4,    -3.049374E-4
1.052250E+7,    -9.554625E-5,    -2.830923E-4
1.052875E+7,    -9.000301E-5,    -2.996922E-4
1.053500E+7,    -1.038015E-4,    -3.039539E-4
1.054125E+7,    -1.018047E-4,    -3.108978E-4
1.054750E+7,    -8.794665E-5,    -3.092587E-4
1.055375E+7,    -1.084507E-4,    -2.968013E-4
1.056000E+7,    -8.758903E-5,    -2.935231E-4
1.056625E+7,    -1.046062E-4,    -3.126562E-4
1.057250E+7,    -1.112521E-4,    -2.932250E-4
1.057875E+7,    -1.182556E-4,    -3.177226E-4
1.058500E+7,    -9.664893E-5,    -2.946258E-4
1.059125E+7,    -1.139641E-4,    -3.146827E-4
1.059750E+7,    -1.003444E-4,    -3.101528E-4
1.060375E+7,    -1.154840E-4,    -3.112257E-4
1.061000E+7,    -1.009703E-4,    -3.097951E-4
1.061625E+7,    -8.231401E-5,    -3.256798E-4
1.062250E+7,    -1.153946E-4,    -3.165305E-4
1.062875E+7,    -1.095533E-4,    -3.369153E-4
1.063500E+7,    -1.250207E-4,    -3.119409E-4
1.064125E+7,    -9.953976E-5,    -3.257692E-4
1.064750E+7,    -9.769201E-5,    -2.873242E-4
1.065375E+7,    -1.085103E-4,    -3.239214E-4
1.066000E+7,    -9.578466E-5,    -3.197193E-4
1.066625E+7,    -1.149476E-4,    -3.064573E-4
1.067250E+7,    -1.082718E-4,    -3.077388E-4
1.067875E+7,    -1.245439E-4,    -3.304183E-4
1.068500E+7,    -9.492040E-5,    -3.065765E-4
1.069125E+7,    -1.167357E-4,    -3.352165E-4
1.069750E+7,    -1.170933E-4,    -3.090799E-4
1.070375E+7,    -1.227558E-4,    -3.173649E-4
1.071000E+7,    -1.077950E-4,    -3.200769E-4
1.071625E+7,    -1.050532E-4,    -3.302097E-4
1.072250E+7,    -1.141727E-4,    -3.284216E-4
1.072875E+7,    -1.159906E-4,    -3.506243E-4
1.073500E+7,    -1.156032E-4,    -3.276765E-4
1.074125E+7,    -1.137257E-4,    -3.378689E-4
1.074750E+7,    -1.265407E-4,    -3.449619E-4
1.075375E+7,    -1.246929E-4,    -3.293157E-4
1.076000E+7,    -1.078546E-4,    -3.388524E-4
1.076625E+7,    -1.152158E-4,    -3.402829E-4
1.077250E+7,    -9.208918E-5,    -3.481805E-4
1.077875E+7,    -1.232326E-4,    -3.420711E-4
1.078500E+7,    -1.180172E-4,    -3.364980E-4
1.079125E+7,    -1.266003E-4,    -3.344119E-4
1.079750E+7,    -1.123250E-4,    -3.372729E-4
1.080375E+7,    -1.232624E-4,    -3.542304E-4
1.081000E+7,    -1.152456E-4,    -3.304482E-4
1.081625E+7,    -1.281202E-4,    -3.402233E-4
1.082250E+7,    -1.338422E-4,    -3.519654E-4
1.082875E+7,    -1.204312E-4,    -3.480315E-4
1.083500E+7,    -1.406670E-4,    -3.597736E-4
1.084125E+7,    -1.070201E-4,    -3.482699E-4
1.084750E+7,    -1.266003E-4,    -3.597140E-4
1.085375E+7,    -1.379550E-4,    -3.468990E-4
1.086000E+7,    -1.153946E-4,    -3.527105E-4
1.086625E+7,    -1.381040E-4,    -3.502369E-4
1.087250E+7,    -1.392961E-4,    -3.496408E-4
1.087875E+7,    -1.395345E-4,    -3.499985E-4
1.088500E+7,    -1.065731E-4,    -3.411472E-4
1.089125E+7,    -1.577139E-4,    -3.744364E-4
1.089750E+7,    -1.341701E-4,    -3.542900E-4
1.090375E+7,    -1.261532E-4,    -3.595054E-4
1.091000E+7,    -1.292825E-4,    -3.818274E-4
1.091625E+7,    -1.499653E-4,    -3.563762E-4
1.092250E+7,    -1.239479E-4,    -3.432035E-4
1.092875E+7,    -1.311302E-4,    -3.839135E-4
1.093500E+7,    -1.346469E-4,    -3.739595E-4
1.094125E+7,    -1.191497E-4,    -3.806949E-4
1.094750E+7,    -1.367331E-4,    -3.662705E-4
1.095375E+7,    -1.454353E-4,    -3.666878E-4
1.096000E+7,    -1.272559E-4,    -3.852248E-4
1.096625E+7,    -1.592636E-4,    -3.796220E-4
1.097250E+7,    -1.354814E-4,    -3.530383E-4
1.097875E+7,    -1.516342E-4,    -3.880262E-4
1.098500E+7,    -1.544356E-4,    -3.742576E-4
1.099125E+7,    -1.615286E-4,    -3.821254E-4
1.099750E+7,    -1.565218E-4,    -3.734827E-4
1.100375E+7,    -1.493692E-4,    -3.753304E-4
1.101000E+7,    -1.416206E-4,    -3.841519E-4
1.101625E+7,    -1.557469E-4,    -3.896356E-4
1.102250E+7,    -1.469851E-4,    -4.025102E-4
1.102875E+7,    -1.627207E-4,    -3.974438E-4
1.103500E+7,    -1.382828E-4,    -3.780127E-4
1.104125E+7,    -1.431704E-4,    -3.966689E-4
1.104750E+7,    -1.459122E-4,    -3.895164E-4
1.105375E+7,    -1.679659E-4,    -3.887415E-4
1.106000E+7,    -1.524091E-4,    -4.032850E-4
1.106625E+7,    -1.609921E-4,    -3.975630E-4
1.107250E+7,    -1.476407E-4,    -3.951192E-4
1.107875E+7,    -1.615286E-4,    -4.045367E-4
1.108500E+7,    -1.631379E-4,    -4.004240E-4
1.109125E+7,    -1.746416E-4,    -4.267693E-4
1.109750E+7,    -1.673698E-4,    -3.857613E-4
1.110375E+7,    -1.670718E-4,    -3.963709E-4
1.111000E+7,    -1.439452E-4,    -4.037023E-4
1.111625E+7,    -1.608729E-4,    -3.911853E-4
1.112250E+7,    -1.733899E-4,    -4.110336E-4
1.112875E+7,    -1.570582E-4,    -4.435778E-4
1.113500E+7,    -1.541376E-4,    -4.143715E-4
1.114125E+7,    -2.058148E-4,    -4.073977E-4
1.114750E+7,    -1.655221E-4,    -3.907084E-4
1.115375E+7,    -1.630187E-4,    -4.327297E-4
1.116000E+7,    -1.745224E-4,    -4.065633E-4
1.116625E+7,    -1.877546E-4,    -4.298687E-4
1.117250E+7,    -1.610518E-4,    -4.187226E-4
1.117875E+7,    -1.803637E-4,    -4.316568E-4
1.118500E+7,    -1.775622E-4,    -4.169941E-4
1.119125E+7,    -1.785159E-4,    -4.514456E-4
1.119750E+7,    -2.004504E-4,    -4.485846E-4
1.120375E+7,    -1.826882E-4,    -4.361868E-4
1.121000E+7,    -1.725554E-4,    -4.583597E-4
1.121625E+7,    -1.768470E-4,    -4.823208E-4
1.122250E+7,    -2.124310E-4,    -4.842877E-4
1.122875E+7,    -2.114177E-4,    -5.185008E-4
1.123500E+7,    -2.331734E-4,    -5.665421E-4
1.124125E+7,    -2.466440E-4,    -5.588531E-4
1.124750E+7,    -2.127290E-4,    -5.914569E-4
1.125375E+7,    -1.851320E-4,    -5.540252E-4
1.126000E+7,    -2.148151E-4,    -5.569458E-4
1.126625E+7,    -2.325177E-4,    -5.308986E-4
1.127250E+7,    -2.392530E-4,    -6.003380E-4
1.127875E+7,    -2.010465E-4,    -5.357265E-4
1.128500E+7,    -2.400875E-4,    -5.687475E-4
1.129125E+7,    -2.102852E-4,    -5.222559E-4
1.129750E+7,    -2.044439E-4,    -5.059242E-4
1.130375E+7,    -2.207756E-4,    -5.301833E-4
1.131000E+7,    -2.235770E-4,    -5.221963E-4
1.131625E+7,    -2.130270E-4,    -5.364418E-4
1.132250E+7,    -2.307296E-4,    -5.583167E-4
1.132875E+7,    -2.470016E-4,    -5.677342E-4
1.133500E+7,    -2.559423E-4,    -5.739927E-4
1.134125E+7,    -2.324581E-4,    -5.415082E-4
1.134750E+7,    -2.222657E-4,    -5.359054E-4
1.135375E+7,    -2.259016E-4,    -5.116463E-4
1.136000E+7,    -2.250075E-4,    -4.976988E-4
1.136625E+7,    -2.506971E-4,    -5.481839E-4
1.137250E+7,    -2.550483E-4,    -5.583763E-4
1.137875E+7,    -2.486110E-4,    -5.776882E-4
1.138500E+7,    -2.434254E-4,    -5.742908E-4
1.139125E+7,    -2.628565E-4,    -5.603433E-4
1.139750E+7,    -2.706647E-4,    -5.421042E-4
1.140375E+7,    -2.262592E-4,    -5.351901E-4
1.141000E+7,    -2.393126E-4,    -5.239844E-4
1.141625E+7,    -2.620220E-4,    -5.297065E-4
1.142250E+7,    -2.264977E-4,    -5.097985E-4
1.142875E+7,    -2.607107E-4,    -5.600452E-4
1.143500E+7,    -2.351999E-4,    -5.589724E-4
1.144125E+7,    -2.799034E-4,    -5.522966E-4
1.144750E+7,    -2.785921E-4,    -5.942583E-4
1.145375E+7,    -2.850890E-4,    -6.205440E-4
1.146000E+7,    -2.800226E-4,    -6.164312E-4
1.146625E+7,    -2.909303E-4,    -6.118417E-4
1.147250E+7,    -2.653003E-4,    -6.085038E-4
1.147875E+7,    -2.788305E-4,    -5.944967E-4
1.148500E+7,    -2.909899E-4,    -5.999207E-4
1.149125E+7,    -2.887249E-4,    -6.719232E-4
1.149750E+7,    -2.836585E-4,    -6.880164E-4
1.150375E+7,    -3.067255E-4,    -6.829500E-4
1.151000E+7,    -3.155470E-4,    -6.755590E-4
1.151625E+7,    -2.994537E-4,    -6.576180E-4
1.152250E+7,    -3.015995E-4,    -6.764531E-4
1.152875E+7,    -2.734661E-4,    -6.613731E-4
1.153500E+7,    -2.720952E-4,    -6.219149E-4
1.154125E+7,    -3.031492E-4,    -6.980896E-4
1.154750E+7,    -3.281832E-4,    -6.712675E-4
1.155375E+7,    -2.977848E-4,    -6.973743E-4
1.156000E+7,    -3.126860E-4,    -7.693768E-4
1.156625E+7,    -3.294945E-4,    -8.041859E-4
1.157250E+7,    -3.328323E-4,    -7.965565E-4
1.157875E+7,    -4.069805E-4,    -7.883310E-4
1.158500E+7,    -4.010201E-4,    -8.474588E-4
1.159125E+7,    -2.962351E-4,    -7.661581E-4
1.159750E+7,    -3.010035E-4,    -7.661581E-4
1.160375E+7,    -3.561974E-4,    -8.091927E-4
1.161000E+7,    -3.347397E-4,    -8.010864E-4
1.161625E+7,    -4.243851E-4,    -8.679628E-4
1.162250E+7,    -3.854036E-4,    -9.051561E-4
1.162875E+7,    -3.510714E-4,    -1.133084E-3
1.163500E+7,    -2.864599E-4,    -1.237988E-3
1.164125E+7,    -9.691715E-5,    -1.402020E-3
1.164750E+7,    1.739264E-4,    -1.531363E-3
1.165375E+7,    -3.576279E-6,    -1.527905E-3
1.166000E+7,    3.072023E-4,    -1.444221E-3
1.166625E+7,    6.779432E-4,    -1.479983E-3
1.167250E+7,    7.542372E-4,    -1.359463E-3
1.167875E+7,    8.114576E-4,    -1.306653E-3
1.168500E+7,    8.237362E-4,    -1.319408E-3
1.169125E+7,    7.842779E-4,    -1.353264E-3
1.169750E+7,    7.637739E-4,    -1.347780E-3
1.170375E+7,    7.966757E-4,    -1.373887E-3
1.171000E+7,    7.748604E-4,    -1.323581E-3
1.171625E+7,    7.665157E-4,    -1.422167E-3
1.172250E+7,    7.641315E-4,    -1.402140E-3
1.172875E+7,    8.218288E-4,    -1.392722E-3
1.173500E+7,    8.209944E-4,    -1.395106E-3
1.174125E+7,    7.922649E-4,    -1.379848E-3
1.174750E+7,    8.046627E-4,    -1.438022E-3
1.175375E+7,    8.684397E-4,    -1.436949E-3
1.176000E+7,    8.528233E-4,    -1.443148E-3
1.176625E+7,    8.171797E-4,    -1.501322E-3
1.177250E+7,    7.799864E-4,    -1.455784E-3
1.177875E+7,    8.310080E-4,    -1.505494E-3
1.178500E+7,    8.623600E-4,    -1.455307E-3
1.179125E+7,    8.174181E-4,    -1.510978E-3
1.179750E+7,    8.233786E-4,    -1.534343E-3
1.180375E+7,    8.254051E-4,    -1.527786E-3
1.181000E+7,    7.765293E-4,    -1.511097E-3
1.181625E+7,    7.755756E-4,    -1.534462E-3
1.182250E+7,    8.314848E-4,    -1.543880E-3
1.182875E+7,    8.401871E-4,    -1.679301E-3
1.183500E+7,    8.649826E-4,    -1.590014E-3
1.184125E+7,    8.766651E-4,    -1.664519E-3
1.184750E+7,    8.398294E-4,    -1.619458E-3
1.185375E+7,    9.260178E-4,    -1.641393E-3
1.186000E+7,    8.528233E-4,    -1.690149E-3
1.186625E+7,    8.772612E-4,    -1.655340E-3
1.187250E+7,    8.250475E-4,    -1.679420E-3
1.187875E+7,    8.785725E-4,    -1.689434E-3
1.188500E+7,    8.978844E-4,    -1.709819E-3
1.189125E+7,    9.222031E-4,    -1.739740E-3
1.189750E+7,    8.946657E-4,    -1.719236E-3
1.190375E+7,    9.222031E-4,    -1.766443E-3
1.191000E+7,    9.298325E-4,    -1.717687E-3
1.191625E+7,    8.921623E-4,    -1.778245E-3
1.192250E+7,    9.387732E-4,    -1.776099E-3
1.192875E+7,    8.949041E-4,    -1.831174E-3
1.193500E+7,    9.162426E-4,    -1.793027E-3
1.194125E+7,    9.844303E-4,    -1.823783E-3
1.194750E+7,    9.232759E-4,    -1.817942E-3
1.195375E+7,    9.769201E-4,    -1.851916E-3
1.196000E+7,    9.580851E-4,    -1.925707E-3
1.196625E+7,    9.845495E-4,    -1.922846E-3
1.197250E+7,    9.737015E-4,    -1.924276E-3
1.197875E+7,    9.419918E-4,    -1.961589E-3
1.198500E+7,    9.317398E-4,    -1.916766E-3
1.199125E+7,    9.791851E-4,    -1.994610E-3
1.199750E+7,    8.957386E-4,    -1.997709E-3
1.200375E+7,    9.562969E-4,    -1.976490E-3
1.201000E+7,    9.689331E-4,    -1.996756E-3
1.201625E+7,    9.582043E-4,    -2.032042E-3
1.202250E+7,    9.865761E-4,    -2.034426E-3
1.202875E+7,    9.746552E-4,    -2.064943E-3
1.203500E+7,    9.727478E-4,    -2.063990E-3
1.204125E+7,    9.360313E-4,    -2.046347E-3
1.204750E+7,    9.937286E-4,    -2.063513E-3
1.205375E+7,    9.756088E-4,    -2.090454E-3
1.206000E+7,    9.267330E-4,    -2.051353E-3
1.206625E+7,    9.698868E-4,    -2.164841E-3
1.207250E+7,    1.014471E-3,    -2.155542E-3
1.207875E+7,    9.944439E-4,    -2.122402E-3
1.208500E+7,    1.025677E-3,    -2.090931E-3
1.209125E+7,    9.770393E-4,    -2.124786E-3
1.209750E+7,    9.927750E-4,    -2.149343E-3
1.210375E+7,    9.219646E-4,    -2.174854E-3
1.211000E+7,    9.748936E-4,    -2.164841E-3
1.211625E+7,    1.031637E-3,    -2.201080E-3
1.212250E+7,    1.009703E-3,    -2.217293E-3
1.212875E+7,    1.008034E-3,    -2.247334E-3
1.213500E+7,    1.002073E-3,    -2.296209E-3
1.214125E+7,    1.042604E-3,    -2.320290E-3
1.214750E+7,    1.017332E-3,    -2.348185E-3
1.215375E+7,    1.035929E-3,    -2.328634E-3
1.216000E+7,    1.044750E-3,    -2.346039E-3
1.216625E+7,    1.054287E-3,    -2.332926E-3
1.217250E+7,    1.056910E-3,    -2.456427E-3
1.217875E+7,    1.082897E-3,    -2.407551E-3
1.218500E+7,    1.091003E-3,    -2.436638E-3
1.219125E+7,    1.067877E-3,    -2.471924E-3
1.219750E+7,    1.086712E-3,    -2.446651E-3
1.220375E+7,    1.073122E-3,    -2.532244E-3
1.221000E+7,    1.074791E-3,    -2.488136E-3
1.221625E+7,    1.058102E-3,    -2.593756E-3
1.222250E+7,    1.125097E-3,    -2.564192E-3
1.222875E+7,    1.133680E-3,    -2.640724E-3
1.223500E+7,    1.136303E-3,    -2.681255E-3
1.224125E+7,    1.157284E-3,    -2.689362E-3
1.224750E+7,    1.136303E-3,    -2.674341E-3
1.225375E+7,    1.168966E-3,    -2.763510E-3
1.226000E+7,    1.128674E-3,    -2.727270E-3
1.226625E+7,    1.175642E-3,    -2.757311E-3
1.227250E+7,    1.154423E-3,    -2.846479E-3
1.227875E+7,    1.160860E-3,    -2.837896E-3
1.228500E+7,    1.223087E-3,    -2.821207E-3
1.229125E+7,    1.168013E-3,    -2.919197E-3
1.229750E+7,    1.239538E-3,    -2.942562E-3
1.230375E+7,    1.241684E-3,    -2.961636E-3
1.231000E+7,    1.228809E-3,    -2.971649E-3
1.231625E+7,    1.227617E-3,    -2.993822E-3
1.232250E+7,    1.319647E-3,    -2.996922E-3
1.232875E+7,    1.244545E-3,    -3.113747E-3
1.233500E+7,    1.287460E-3,    -3.109694E-3
1.234125E+7,    1.271963E-3,    -3.151417E-3
1.234750E+7,    1.283169E-3,    -3.165245E-3
1.235375E+7,    1.314163E-3,    -3.257751E-3
1.236000E+7,    1.312017E-3,    -3.257990E-3
1.236625E+7,    1.336575E-3,    -3.271580E-3
1.237250E+7,    1.374722E-3,    -3.288984E-3
1.237875E+7,    1.335621E-3,    -3.356695E-3
1.238500E+7,    1.306772E-3,    -3.383160E-3
1.239125E+7,    1.400471E-3,    -3.466368E-3
1.239750E+7,    1.376390E-3,    -3.421068E-3
1.240375E+7,    1.373529E-3,    -3.524065E-3
1.241000E+7,    1.435518E-3,    -3.589869E-3
1.241625E+7,    1.420259E-3,    -3.606319E-3
1.242250E+7,    1.465559E-3,    -3.629208E-3
1.242875E+7,    1.479149E-3,    -3.740549E-3
1.243500E+7,    1.435041E-3,    -3.764153E-3
1.244125E+7,    1.469374E-3,    -3.821611E-3
1.244750E+7,    1.534462E-3,    -3.829241E-3
1.245375E+7,    1.507282E-3,    -3.877163E-3
1.246000E+7,    1.483202E-3,    -3.908873E-3
1.246625E+7,    1.541138E-3,    -4.002571E-3
1.247250E+7,    1.573563E-3,    -3.970623E-3
1.247875E+7,    1.590252E-3,    -4.096508E-3
1.248500E+7,    1.615047E-3,    -4.092216E-3
1.249125E+7,    1.600266E-3,    -4.186630E-3
1.249750E+7,    1.610756E-3,    -4.230499E-3
1.250375E+7,    1.671791E-3,    -4.322529E-3
1.251000E+7,    1.691341E-3,    -4.360199E-3
1.251625E+7,    1.703262E-3,    -4.411697E-3
1.252250E+7,    1.713753E-3,    -4.498482E-3
1.252875E+7,    1.774311E-3,    -4.563332E-3
1.253500E+7,    1.739979E-3,    -4.616737E-3
1.254125E+7,    1.779079E-3,    -4.686356E-3
1.254750E+7,    1.812458E-3,    -4.721642E-3
1.255375E+7,    1.820087E-3,    -4.791737E-3
1.256000E+7,    1.837730E-3,    -4.837990E-3
1.256625E+7,    1.777172E-3,    -4.954815E-3
1.257250E+7,    1.925468E-3,    -5.041599E-3
1.257875E+7,    1.939297E-3,    -5.162239E-3
1.258500E+7,    1.941681E-3,    -5.171776E-3
1.259125E+7,    1.960278E-3,    -5.241394E-3
1.259750E+7,    1.976490E-3,    -5.304337E-3
1.260375E+7,    2.011299E-3,    -5.444527E-3
1.261000E+7,    2.059460E-3,    -5.482197E-3
1.261625E+7,    2.059460E-3,    -5.651951E-3
1.262250E+7,    2.094746E-3,    -5.618095E-3
1.262875E+7,    1.964569E-3,    -5.935669E-3
1.263500E+7,    2.120018E-3,    -5.747795E-3
1.264125E+7,    2.173901E-3,    -5.939484E-3
1.264750E+7,    2.233505E-3,    -6.078243E-3
1.265375E+7,    2.286434E-3,    -6.105900E-3
1.266000E+7,    2.196789E-3,    -6.294727E-3
1.266625E+7,    2.294064E-3,    -6.394386E-3
1.267250E+7,    8.330345E-4,    -6.931782E-3
1.267875E+7,    1.507759E-3,    -6.970406E-3
1.268500E+7,    8.511543E-4,    -7.390022E-3
1.269125E+7,    1.778603E-3,    -7.252693E-3
1.269750E+7,    2.509594E-3,    -6.764412E-3
1.270375E+7,    1.173019E-4,    -7.115364E-3
1.271000E+7,    9.202957E-4,    -8.204460E-3
1.271625E+7,    2.647877E-3,    -7.246494E-3
1.272250E+7,    2.679825E-3,    -7.404327E-3
1.272875E+7,    2.703667E-3,    -7.524014E-3
1.273500E+7,    2.638340E-3,    -7.857800E-3
1.274125E+7,    2.740860E-3,    -7.868767E-3
1.274750E+7,    2.752781E-3,    -8.119583E-3
1.275375E+7,    2.814293E-3,    -8.095741E-3
1.276000E+7,    2.456665E-3,    -8.445740E-3
1.276625E+7,    1.349926E-3,    -8.772373E-3
1.277250E+7,    -1.518250E-3,    -6.488800E-3
1.277875E+7,    -2.426624E-3,    -8.119583E-3
1.278500E+7,    -1.046658E-3,    -9.669781E-3
1.279125E+7,    2.799034E-4,    -1.015520E-2
1.279750E+7,    2.285004E-3,    -9.506702E-3
1.280375E+7,    -8.983612E-4,    -9.338379E-3
1.281000E+7,    -3.368855E-3,    -8.058548E-3
1.281625E+7,    -2.722740E-3,    -1.087284E-2
1.282250E+7,    -2.884388E-3,    -1.069832E-2
1.282875E+7,    1.011372E-3,    -1.104164E-2
1.283500E+7,    -4.339218E-3,    -9.373665E-3
1.284125E+7,    3.170490E-3,    -1.188421E-2
1.284750E+7,    3.574371E-3,    -1.174402E-2
1.285375E+7,    2.743244E-3,    -1.243544E-2
1.286000E+7,    2.794743E-3,    -1.237965E-2
1.286625E+7,    2.768517E-3,    -1.309204E-2
1.287250E+7,    3.252506E-3,    -1.316309E-2
1.287875E+7,    3.887653E-3,    -1.290751E-2
1.288500E+7,    3.173351E-3,    -1.312160E-2
1.289125E+7,    2.231598E-3,    -1.450634E-2
1.289750E+7,    3.285408E-4,    -1.473999E-2
1.290375E+7,    2.809048E-3,    -1.439714E-2
1.291000E+7,    1.830578E-3,    -1.505184E-2
1.291625E+7,    1.006126E-3,    -1.609993E-2
1.292250E+7,    -7.672310E-4,    -1.429462E-2
1.292875E+7,    4.243851E-4,    -1.593781E-2
1.293500E+7,    -5.885124E-3,    -1.354122E-2
1.294125E+7,    -3.935814E-3,    -1.500893E-2
1.294750E+7,    -5.814552E-3,    -1.177502E-2
1.295375E+7,    -6.017685E-3,    -7.829666E-3
1.296000E+7,    -5.269051E-3,    -5.987644E-3
1.296625E+7,    -5.174637E-3,    -5.710125E-3
1.297250E+7,    -5.373478E-3,    -5.905151E-3
1.297875E+7,    -5.489826E-3,    -6.021023E-3
1.298500E+7,    -5.609035E-3,    -6.113529E-3
1.299125E+7,    -5.777836E-3,    -6.256104E-3
1.299750E+7,    -5.919456E-3,    -6.357193E-3
1.300375E+7,    -6.104946E-3,    -6.523132E-3
1.301000E+7,    -6.304264E-3,    -6.683826E-3
1.301625E+7,    -6.473541E-3,    -6.827354E-3
1.302250E+7,    -6.714821E-3,    -7.038593E-3
1.302875E+7,    -6.926537E-3,    -7.198334E-3
1.303500E+7,    -7.167339E-3,    -7.399082E-3
1.304125E+7,    -7.391453E-3,    -7.561207E-3
1.304750E+7,    -7.632732E-3,    -7.761478E-3
1.305375E+7,    -7.848263E-3,    -7.938862E-3
1.306000E+7,    -8.152962E-3,    -8.131027E-3
1.306625E+7,    -8.431435E-3,    -8.368492E-3
1.307250E+7,    -8.701324E-3,    -8.595467E-3
1.307875E+7,    -9.081841E-3,    -8.846283E-3
1.308500E+7,    -9.422302E-3,    -9.100914E-3
1.309125E+7,    -9.804726E-3,    -9.369850E-3
1.309750E+7,    -1.011658E-2,    -9.598732E-3
1.310375E+7,    -1.048660E-2,    -9.880066E-3
1.311000E+7,    -1.090908E-2,    -1.017475E-2
1.311625E+7,    -1.137066E-2,    -1.046371E-2
1.312250E+7,    -1.183891E-2,    -1.082325E-2
1.312875E+7,    -1.237011E-2,    -1.117992E-2
1.313500E+7,    -1.288509E-2,    -1.153660E-2
1.314125E+7,    -1.341438E-2,    -1.185703E-2
1.314750E+7,    -1.406670E-2,    -1.224899E-2
1.315375E+7,    -1.487160E-2,    -1.280880E-2
1.316000E+7,    -1.557064E-2,    -1.326180E-2
1.316625E+7,    -1.626396E-2,    -1.373291E-2
1.317250E+7,    -1.691437E-2,    -1.401901E-2
1.317875E+7,    -1.783752E-2,    -1.458931E-2
1.318500E+7,    -1.862717E-2,    -1.511192E-2
1.319125E+7,    -1.972961E-2,    -1.570511E-2
1.319750E+7,    -2.045250E-2,    -1.607895E-2
1.320375E+7,    -2.155495E-2,    -1.657867E-2
1.321000E+7,    -2.288055E-2,    -1.743507E-2
1.321625E+7,    -2.381706E-2,    -1.777077E-2
1.322250E+7,    -2.510452E-2,    -1.838493E-2
1.322875E+7,    -2.670097E-2,    -1.916313E-2
1.323500E+7,    -2.848625E-2,    -1.999283E-2
1.324125E+7,    -3.047562E-2,    -2.093315E-2
1.324750E+7,    -3.304100E-2,    -2.217293E-2
1.325375E+7,    -3.564072E-2,    -2.347374E-2
1.326000E+7,    -3.763008E-2,    -2.411461E-2
1.326625E+7,    -4.025269E-2,    -2.505493E-2
1.327250E+7,    -4.323578E-2,    -2.615356E-2
1.327875E+7,    -4.678726E-2,    -2.731323E-2
1.328500E+7,    -4.975128E-2,    -2.813339E-2
1.329125E+7,    -5.434418E-2,    -2.968597E-2
1.329750E+7,    -5.813599E-2,    -3.084564E-2
1.330375E+7,    -6.238937E-2,    -3.139114E-2
1.331000E+7,    -6.941986E-2,    -3.306580E-2
1.331625E+7,    -7.505417E-2,    -3.429031E-2
1.332250E+7,    -8.349991E-2,    -3.596115E-2
1.332875E+7,    -8.796692E-2,    -3.609085E-2
1.333500E+7,    -9.358978E-2,    -3.481293E-2
1.334125E+7,    -1.009140E-1,    -3.499603E-2
1.334750E+7,    -1.098557E-1,    -3.413391E-2
1.335375E+7,    -1.229401E-1,    -3.370667E-2
1.336000E+7,    -1.344528E-1,    -3.315735E-2
1.336625E+7,    -1.468811E-1,    -2.902985E-2
1.337250E+7,    -1.649399E-1,    -2.586365E-2
1.337875E+7,    -1.809540E-1,    -1.914215E-2
1.338500E+7,    -1.997375E-1,    -9.986877E-3
1.339125E+7,    -2.250595E-1,    2.449036E-3
1.339750E+7,    -2.474518E-1,    1.939392E-2
1.340375E+7,    -2.711182E-1,    4.360962E-2
1.341000E+7,    -2.959900E-1,    7.531738E-2
1.341625E+7,    -3.226471E-1,    1.183167E-1
1.342250E+7,    -3.399506E-1,    1.715698E-1
1.342875E+7,    -3.497772E-1,    2.384033E-1
1.343500E+7,    -3.425446E-1,    3.130951E-1
1.344125E+7,    -3.107147E-1,    3.846130E-1
1.344750E+7,    -2.615509E-1,    4.561310E-1
1.345375E+7,    -1.942139E-1,    5.103455E-1
1.346000E+7,    -1.146240E-1,    5.442810E-1
1.346625E+7,    -3.469849E-2,    5.625000E-1
1.347250E+7,    4.254150E-2,    5.667725E-1
1.347875E+7,    1.116028E-1,    5.502319E-1
1.348500E+7,    1.716919E-1,    5.241089E-1
1.349125E+7,    2.239075E-1,    4.974365E-1
1.349750E+7,    2.708435E-1,    4.699097E-1
1.350375E+7,    3.155823E-1,    4.438782E-1
1.351000E+7,    3.527832E-1,    4.110718E-1
1.351625E+7,    3.888550E-1,    3.768005E-1
1.352250E+7,    4.243774E-1,    3.417969E-1
1.352875E+7,    4.590759E-1,    3.044128E-1
1.353500E+7,    4.935913E-1,    2.630005E-1
1.354125E+7,    5.248108E-1,    2.153931E-1
1.354750E+7,    5.536804E-1,    1.609192E-1
1.355375E+7,    5.760803E-1,    9.915161E-2
1.356000E+7,    5.898743E-1,    3.076172E-2
1.356625E+7,    5.910645E-1,    -4.150391E-2
1.357250E+7,    5.777588E-1,    -1.165771E-1
1.357875E+7,    5.515137E-1,    -1.897583E-1
1.358500E+7,    5.093994E-1,    -2.544556E-1
1.359125E+7,    4.572144E-1,    -3.068848E-1
1.359750E+7,    3.984375E-1,    -3.454285E-1
1.360375E+7,    3.374939E-1,    -3.691406E-1
1.361000E+7,    2.788696E-1,    -3.811951E-1
1.361625E+7,    2.264404E-1,    -3.822327E-1
1.362250E+7,    1.787415E-1,    -3.764343E-1
1.362875E+7,    1.375122E-1,    -3.657532E-1
1.363500E+7,    1.034546E-1,    -3.525085E-1
1.364125E+7,    7.519531E-2,    -3.377991E-1
1.364750E+7,    5.130005E-2,    -3.214722E-1
1.365375E+7,    3.085327E-2,    -3.065186E-1
1.366000E+7,    1.385498E-2,    -2.920227E-1
1.366625E+7,    0.000000E+0,    -2.793579E-1
1.367250E+7,    -1.229858E-2,    -2.667236E-1
1.367875E+7,    -2.261353E-2,    -2.554626E-1
1.368500E+7,    -3.155518E-2,    -2.449341E-1
1.369125E+7,    -3.994751E-2,    -2.351685E-1
1.369750E+7,    -4.702759E-2,    -2.266846E-1
1.370375E+7,    -5.395508E-2,    -2.193909E-1
1.371000E+7,    -6.054687E-2,    -2.129211E-1
1.371625E+7,    -6.692505E-2,    -2.075195E-1
1.372250E+7,    -7.382202E-2,    -2.027893E-1
1.372875E+7,    -8.099365E-2,    -1.990051E-1
1.373500E+7,    -8.865356E-2,    -1.957397E-1
1.374125E+7,    -9.661865E-2,    -1.929626E-1
1.374750E+7,    -1.060791E-1,    -1.907349E-1
1.375375E+7,    -1.169128E-1,    -1.887207E-1
1.376000E+7,    -1.292419E-1,    -1.869202E-1
1.376625E+7,    -1.438599E-1,    -1.846008E-1
1.377250E+7,    -1.617126E-1,    -1.813965E-1
1.377875E+7,    -1.832733E-1,    -1.763306E-1
1.378500E+7,    -2.088470E-1,    -1.670990E-1
1.379125E+7,    -2.382050E-1,    -1.512909E-1
1.379750E+7,    -2.705536E-1,    -1.251221E-1
1.380375E+7,    -3.010406E-1,    -8.425903E-2
1.381000E+7,    -3.208923E-1,    -2.688599E-2
1.381625E+7,    -3.192444E-1,    4.141235E-2
1.382250E+7,    -2.890015E-1,    1.065369E-1
1.382875E+7,    -2.376404E-1,    1.519318E-1
1.383500E+7,    -1.806946E-1,    1.717224E-1
1.384125E+7,    -1.304932E-1,    1.722565E-1
1.384750E+7,    -9.127808E-2,    1.611786E-1
1.385375E+7,    -6.246948E-2,    1.462402E-1
1.386000E+7,    -4.269409E-2,    1.299591E-1
1.386625E+7,    -2.852631E-2,    1.152496E-1
1.387250E+7,    -1.899719E-2,    1.019974E-1
1.387875E+7,    -1.203156E-2,    9.002686E-2
1.388500E+7,    -7.118225E-3,    7.992554E-2
1.389125E+7,    -3.425598E-3,    7.125092E-2
1.389750E+7,    -1.144409E-3,    6.365204E-2
1.390375E+7,    6.179810E-4,    5.716705E-2
1.391000E+7,    1.869202E-3,    5.141830E-2
1.391625E+7,    2.880096E-3,    4.649734E-2
1.392250E+7,    3.532410E-3,    4.221344E-2
1.392875E+7,    3.906250E-3,    3.839874E-2
1.393500E+7,    4.199982E-3,    3.505325E-2
1.394125E+7,    4.383087E-3,    3.206635E-2
1.394750E+7,    4.470825E-3,    2.943420E-2
1.395375E+7,    4.512787E-3,    2.707672E-2
1.396000E+7,    4.501343E-3,    2.494431E-2
1.396625E+7,    4.434586E-3,    2.305984E-2
1.397250E+7,    4.388809E-3,    2.132797E-2
1.397875E+7,    4.264832E-3,    1.979637E-2
1.398500E+7,    4.186630E-3,    1.837540E-2
1.399125E+7,    4.060745E-3,    1.710510E-2
1.399750E+7,    3.940582E-3,    1.597404E-2
1.400375E+7,    3.808975E-3,    1.492119E-2
1.401000E+7,    3.692627E-3,    1.395226E-2
1.401625E+7,    3.572464E-3,    1.303101E-2
1.402250E+7,    3.459930E-3,    1.220036E-2
1.402875E+7,    3.348351E-3,    1.146984E-2
1.403500E+7,    3.200531E-3,    1.075649E-2
1.404125E+7,    3.066063E-3,    1.014805E-2
1.404750E+7,    2.963066E-3,    9.555817E-3
1.405375E+7,    2.860069E-3,    8.994102E-3
1.406000E+7,    2.758026E-3,    8.496284E-3
1.406625E+7,    2.653122E-3,    8.005142E-3
1.407250E+7,    2.557755E-3,    7.587433E-3
1.407875E+7,    2.465248E-3,    7.173538E-3
1.408500E+7,    2.379417E-3,    6.795883E-3
1.409125E+7,    2.291203E-3,    6.453037E-3
1.409750E+7,    2.193451E-3,    6.099701E-3
1.410375E+7,    2.095699E-3,    5.811691E-3
1.411000E+7,    2.046108E-3,    5.495310E-3
1.411625E+7,    1.943588E-3,    5.234718E-3
1.412250E+7,    1.900673E-3,    4.952908E-3
1.412875E+7,    1.826525E-3,    4.750013E-3
1.413500E+7,    1.776218E-3,    4.475594E-3
1.414125E+7,    1.698971E-3,    4.286051E-3
1.414750E+7,    1.648426E-3,    4.101992E-3
1.415375E+7,    1.592159E-3,    3.902197E-3
1.416000E+7,    1.528978E-3,    3.727913E-3
1.416625E+7,    1.490593E-3,    3.577471E-3
1.417250E+7,    1.441240E-3,    3.398657E-3
1.417875E+7,    1.388788E-3,    3.236771E-3
1.418500E+7,    1.345396E-3,    3.098726E-3
1.419125E+7,    1.295805E-3,    2.990007E-3
1.419750E+7,    1.231670E-3,    2.852678E-3
1.420375E+7,    1.207471E-3,    2.736688E-3
1.421000E+7,    1.145959E-3,    2.611399E-3
1.421625E+7,    1.119852E-3,    2.497792E-3
1.422250E+7,    1.084089E-3,    2.388239E-3
1.422875E+7,    1.045942E-3,    2.317786E-3
1.423500E+7,    1.019835E-3,    2.203822E-3
1.424125E+7,    9.801388E-4,    2.123237E-3
1.424750E+7,    9.367466E-4,    2.055049E-3
1.425375E+7,    9.146929E-4,    1.965880E-3
1.426000E+7,    8.808374E-4,    1.870871E-3
1.426625E+7,    8.295774E-4,    1.808643E-3
1.427250E+7,    8.373260E-4,    1.747966E-3
1.427875E+7,    8.097887E-4,    1.671314E-3
1.428500E+7,    7.743835E-4,    1.596808E-3
1.429125E+7,    7.606745E-4,    1.541972E-3
1.429750E+7,    7.100105E-4,    1.502991E-3
1.430375E+7,    7.041693E-4,    1.408219E-3
1.431000E+7,    6.837845E-4,    1.402140E-3
1.431625E+7,    6.614327E-4,    1.310050E-3
1.432250E+7,    6.598234E-4,    1.271963E-3
1.432875E+7,    6.308556E-4,    1.235962E-3
1.433500E+7,    6.136894E-4,    1.187027E-3
1.434125E+7,    5.897880E-4,    1.173198E-3
1.434750E+7,    5.816817E-4,    1.117885E-3
1.435375E+7,    5.404949E-4,    1.081645E-3
1.436000E+7,    5.506873E-4,    1.049757E-3
1.436625E+7,    5.148649E-4,    1.011908E-3
1.437250E+7,    5.155802E-4,    9.765625E-4
1.437875E+7,    5.044937E-4,    9.362102E-4
1.438500E+7,    4.913807E-4,    9.107590E-4
1.439125E+7,    4.795194E-4,    8.653402E-4
1.439750E+7,    4.636049E-4,    8.502007E-4
1.440375E+7,    4.375577E-4,    8.384585E-4
1.441000E+7,    4.138947E-4,    7.867813E-4
1.441625E+7,    4.030466E-4,    7.672906E-4
1.442250E+7,    3.889799E-4,    7.688999E-4
1.442875E+7,    3.908873E-4,    7.063746E-4
1.443500E+7,    3.869534E-4,    6.949902E-4
1.444125E+7,    3.775954E-4,    6.733537E-4
1.444750E+7,    3.595948E-4,    6.712675E-4
1.445375E+7,    3.517866E-4,    6.281137E-4
1.446000E+7,    3.464818E-4,    6.248057E-4
1.446625E+7,    3.227592E-4,    5.761683E-4
1.447250E+7,    3.203154E-4,    5.493462E-4
1.447875E+7,    3.057122E-4,    5.495250E-4
1.448500E+7,    3.162026E-4,    5.445182E-4
1.449125E+7,    2.959073E-4,    5.207360E-4
1.449750E+7,    2.938807E-4,    5.182624E-4
1.450375E+7,    2.922714E-4,    4.854500E-4
1.451000E+7,    2.922714E-4,    4.771948E-4
1.451625E+7,    2.707839E-4,    4.670620E-4
1.452250E+7,    2.551079E-4,    4.370511E-4
1.452875E+7,    2.559125E-4,    4.367232E-4
1.453500E+7,    2.681911E-4,    4.162192E-4
1.454125E+7,    2.362728E-4,    4.121959E-4
1.454750E+7,    2.551079E-4,    4.169643E-4
1.455375E+7,    2.287030E-4,    4.070699E-4
1.456000E+7,    2.426207E-4,    3.797114E-4
1.456625E+7,    2.227426E-4,    3.641844E-4
1.457250E+7,    1.950562E-4,    3.553033E-4
1.457875E+7,    2.200603E-4,    3.625154E-4
1.458500E+7,    1.943409E-4,    3.522933E-4
1.459125E+7,    2.193153E-4,    3.136992E-4
1.459750E+7,    1.771748E-4,    3.153980E-4
1.460375E+7,    1.843572E-4,    3.319085E-4
1.461000E+7,    1.939535E-4,    3.040731E-4
1.461625E+7,    1.792163E-4,    2.675951E-4
1.462250E+7,    1.813471E-4,    2.897382E-4
1.462875E+7,    1.737326E-4,    2.794564E-4
1.463500E+7,    1.736730E-4,    2.415925E-4
1.464125E+7,    1.559108E-4,    2.655238E-4
1.464750E+7,    1.606941E-4,    2.654940E-4
1.465375E+7,    1.423508E-4,    2.524704E-4
1.466000E+7,    1.470894E-4,    2.527386E-4
1.466625E+7,    1.342595E-4,    2.484322E-4
1.467250E+7,    1.469851E-4,    2.292395E-4
1.467875E+7,    1.308620E-4,    2.323985E-4
1.468500E+7,    1.318753E-4,    2.319366E-4
1.469125E+7,    1.391172E-4,    2.100468E-4
1.469750E+7,    1.391768E-4,    2.249479E-4
1.470375E+7,    1.307726E-4,    2.149493E-4
1.471000E+7,    1.298487E-4,    2.066046E-4
1.471625E+7,    1.199991E-4,    1.883507E-4
1.472250E+7,    1.371354E-4,    1.842827E-4
1.472875E+7,    1.235157E-4,    1.955032E-4
1.473500E+7,    1.304895E-4,    1.822859E-4
1.474125E+7,    1.049638E-4,    1.677424E-4
1.474750E+7,    1.091063E-4,    1.832694E-4
1.475375E+7,    1.146942E-4,    1.766831E-4
1.476000E+7,    1.134276E-4,    1.529902E-4
1.476625E+7,    1.241416E-4,    1.405329E-4
1.477250E+7,    1.156330E-4,    1.459122E-4
1.477875E+7,    8.502603E-5,    1.681298E-4
1.478500E+7,    1.116246E-4,    1.513064E-4
1.479125E+7,    7.991493E-5,    1.440272E-4
1.479750E+7,    1.204833E-4,    1.303032E-4
1.480375E+7,    8.295476E-5,    1.513287E-4
1.481000E+7,    1.021847E-4,    1.328737E-4
1.481625E+7,    9.121746E-5,    1.154989E-4
1.482250E+7,    8.533895E-5,    1.286864E-4
1.482875E+7,    8.624792E-5,    1.437515E-4
1.483500E+7,    9.476393E-5,    1.224354E-4
1.484125E+7,    7.347763E-5,    1.182333E-4
1.484750E+7,    7.529557E-5,    1.106933E-4
1.485375E+7,    7.313490E-5,    1.248196E-4
1.486000E+7,    8.898973E-5,    1.201853E-4
1.486625E+7,    7.125735E-5,    1.169071E-4
1.487250E+7,    6.234646E-5,    1.074001E-4
1.487875E+7,    7.119030E-5,    1.011714E-4
1.488500E+7,    8.081645E-5,    8.801371E-5
1.489125E+7,    8.628517E-5,    8.112937E-5
1.489750E+7,    7.593632E-5,    1.011044E-4
1.490375E+7,    5.787611E-5,    7.599592E-5
1.491000E+7,    6.885827E-5,    7.768720E-5
1.491625E+7,    5.725771E-5,    8.296967E-5
1.492250E+7,    7.680804E-5,    7.835776E-5
1.492875E+7,    3.619492E-5,    1.016334E-4
1.493500E+7,    6.540865E-5,    8.351356E-5
1.494125E+7,    5.845726E-5,    8.219481E-5
1.494750E+7,    8.404255E-5,    8.573383E-5
1.495375E+7,    4.184619E-5,    7.232279E-5
1.496000E+7,    4.540384E-5,    1.021773E-4
1.496625E+7,    4.579127E-5,    1.020432E-4
1.497250E+7,    6.524473E-5,    6.753951E-5
1.497875E+7,    6.186217E-5,    6.685406E-5
1.498500E+7,    3.565848E-5,    7.092580E-5
1.499125E+7,    4.144385E-5,    5.650893E-5
1.499750E+7,    5.242974E-5,    5.790964E-5
1.500375E+7,    4.982948E-5,    7.964671E-5
1.501000E+7,    5.439296E-5,    4.297867E-5
1.501625E+7,    5.381927E-5,    5.006418E-5
1.502250E+7,    5.629659E-5,    6.486475E-5
1.502875E+7,    3.153086E-5,    9.192526E-5
1.503500E+7,    4.778430E-5,    4.170090E-5
1.504125E+7,    5.463883E-5,    4.965812E-5
1.504750E+7,    5.729496E-5,    6.451085E-5
1.505375E+7,    4.950166E-5,    7.122755E-5
1.506000E+7,    3.968552E-5,    5.538389E-5
1.506625E+7,    3.734604E-5,    4.019961E-5
1.507250E+7,    4.994869E-5,    7.073954E-5
1.507875E+7,    3.397092E-5,    3.961846E-5
1.508500E+7,    3.616884E-5,    6.175414E-5
1.509125E+7,    3.740564E-5,    4.692003E-5
1.509750E+7,    4.753098E-5,    6.229058E-5
1.510375E+7,    3.444031E-5,    3.913045E-5
1.511000E+7,    5.943701E-5,    5.538762E-5
1.511625E+7,    2.278760E-5,    5.304068E-5
1.512250E+7,    5.028769E-5,    2.495572E-5
1.512875E+7,    3.113225E-5,    3.851950E-5
1.513500E+7,    4.230440E-5,    3.893673E-5
1.514125E+7,    4.249811E-5,    3.875419E-5
1.514750E+7,    3.520399E-5,    3.834441E-5
1.515375E+7,    4.241988E-5,    4.595518E-5
1.516000E+7,    2.758577E-5,    5.270913E-5
1.516625E+7,    3.086776E-5,    6.749108E-5
1.517250E+7,    3.555790E-5,    4.534796E-5
1.517875E+7,    3.959239E-5,    3.793836E-5
1.518500E+7,    1.375563E-5,    3.732182E-5
1.519125E+7,    1.813471E-5,    1.516007E-5
1.519750E+7,    2.878904E-5,    4.483387E-5
1.520375E+7,    2.918206E-5,    3.004447E-5
1.521000E+7,    4.764274E-5,    3.766268E-5
1.521625E+7,    3.552996E-6,    1.489744E-5
1.522250E+7,    2.968684E-5,    3.751367E-5
1.522875E+7,    3.728457E-5,    2.251193E-5
1.523500E+7,    2.983399E-5,    1.494959E-5
1.524125E+7,    2.267584E-5,    5.215034E-5
1.524750E+7,    2.638437E-5,    2.221763E-5
1.525375E+7,    1.530349E-5,    2.982840E-5
1.526000E+7,    2.290122E-5,    2.975203E-5
1.526625E+7,    8.057803E-6,    3.012270E-5
1.527250E+7,    4.213676E-5,    2.192333E-5
1.527875E+7,    4.257634E-5,    2.947450E-5
1.528500E+7,    2.764724E-5,    2.985261E-5
1.529125E+7,    1.225434E-5,    2.262928E-5
1.529750E+7,    1.660921E-5,    3.784522E-5
1.530375E+7,    2.446398E-5,    4.519895E-5
1.531000E+7,    4.174933E-5,    -1.698360E-5
1.531625E+7,    8.879229E-6,    3.028102E-5
1.532250E+7,    4.500151E-6,    1.505483E-5
1.532875E+7,    1.971237E-5,    1.429580E-5
1.533500E+7,    3.953092E-5,    1.356564E-5
1.534125E+7,    2.858788E-5,    2.191029E-5
1.534750E+7,    1.896173E-6,    3.143772E-5
1.535375E+7,    3.783405E-5,    -2.538785E-6
1.536000E+7,    2.275221E-5,    3.193319E-5
1.536625E+7,    1.773983E-5,    1.546927E-5
1.537250E+7,    2.301671E-5,    3.166310E-5
1.537875E+7,    4.364178E-5,    2.191216E-5
1.538500E+7,    2.756342E-5,    2.347864E-5
1.539125E+7,    1.592934E-5,    4.130416E-5
1.539750E+7,    5.590729E-6,    1.665298E-5
1.540375E+7,    2.976507E-5,    2.128072E-5
1.541000E+7,    1.489883E-5,    -9.221025E-6
1.541625E+7,    2.867728E-5,    4.581362E-5
1.542250E+7,    -5.081296E-6,    3.447756E-5
1.542875E+7,    3.103539E-5,    2.969429E-5
1.543500E+7,    2.895854E-5,    1.283549E-5
1.544125E+7,    1.784321E-5,    6.698072E-6
1.544750E+7,    3.273040E-5,    2.228282E-5
1.545375E+7,    7.996336E-6,    3.409758E-5
1.546000E+7,    2.948195E-5,    2.331845E-5
1.546625E+7,    7.262453E-6,    2.448075E-5
1.547250E+7,    2.295710E-5,    1.434796E-5
1.547875E+7,    1.346413E-5,    6.861985E-6
1.548500E+7,    2.138689E-5,    3.855117E-5
1.549125E+7,    4.404970E-5,    1.158006E-5
1.549750E+7,    2.251379E-5,    3.245659E-5
1.550375E+7,    2.782419E-5,    4.237518E-5
1.551000E+7,    1.255423E-5,    2.548471E-5
1.551625E+7,    2.405606E-6,    1.727883E-5
1.552250E+7,    1.864508E-5,    1.415797E-5
1.552875E+7,    2.172776E-5,    3.090315E-5
1.553500E+7,    3.467128E-5,    -1.356564E-5
1.554125E+7,    7.756054E-6,    4.415587E-5
1.554750E+7,    3.029406E-5,    5.245581E-5
1.555375E+7,    -1.473911E-5,    4.571117E-5
1.556000E+7,    3.474951E-5,    2.593547E-5
1.556625E+7,    3.366731E-6,    1.972727E-5
1.557250E+7,    1.219288E-5,    4.702620E-5
1.557875E+7,    -5.780719E-6,    1.946278E-5
1.558500E+7,    8.283183E-6,    2.339855E-5
1.559125E+7,    1.901947E-5,    1.311488E-5
1.559750E+7,    1.890771E-5,    1.295842E-5
1.560375E+7,    9.387732E-6,    6.404705E-6
1.561000E+7,    1.897477E-5,    1.285411E-5
1.561625E+7,    2.732500E-5,    1.134537E-5
1.562250E+7,    1.664087E-5,    2.133101E-5
1.562875E+7,    1.206622E-5,    3.935210E-5
1.563500E+7,    9.379350E-6,    6.212853E-6
1.564125E+7,    -1.213141E-5,    1.840759E-5
1.564750E+7,    1.882575E-5,    -3.956258E-6
1.565375E+7,    7.038005E-6,    1.430139E-5
1.566000E+7,    1.335330E-5,    -1.069903E-5
1.566625E+7,    -4.237518E-7,    1.590233E-5
1.567250E+7,    1.420826E-5,    2.839416E-5
1.567875E+7,    2.373010E-5,    1.823343E-5
1.568500E+7,    -6.044284E-6,    2.494734E-5
1.569125E+7,    2.560951E-5,    2.544746E-5
1.569750E+7,    2.778880E-5,    1.326203E-6
1.570375E+7,    9.057112E-6,    2.136175E-5
1.571000E+7,    2.202950E-5,    1.028553E-5
1.571625E+7,    9.178184E-6,    5.559996E-6
1.572250E+7,    1.106877E-5,    -2.768356E-6
1.572875E+7,    3.263949E-10,    -5.505569E-10
1.573500E+7,    1.897104E-6,    7.345807E-6
1.574125E+7,    1.883134E-6,    7.326715E-6
1.574750E+7,    1.722481E-6,    -8.298550E-6
1.575375E+7,    1.952983E-6,    7.319730E-6
1.576000E+7,    9.283889E-6,    5.334616E-6
1.576625E+7,    1.987442E-6,    7.327646E-6
1.577250E+7,    5.271286E-6,    -9.337440E-6
1.577875E+7,    -1.413748E-5,    1.975987E-5
1.578500E+7,    -5.224254E-6,    9.363517E-6
1.579125E+7,    7.289927E-6,    -2.091518E-6
1.579750E+7,    -7.850118E-6,    -1.349486E-5
1.580375E+7,    7.887371E-6,    1.343619E-5
1.581000E+7,    -7.240102E-6,    2.172077E-6
1.581625E+7,    2.096035E-5,    1.731142E-5
1.582250E+7,    2.963655E-5,    6.752089E-6
1.582875E+7,    7.198192E-6,    -2.201647E-6
1.583500E+7,    4.978850E-6,    -9.430572E-6
1.584125E+7,    -2.383254E-5,    -3.809109E-7
1.584750E+7,    -1.289882E-6,    8.331146E-6
1.585375E+7,    -2.274662E-5,    1.528487E-5
1.586000E+7,    1.306273E-5,    3.665686E-6
1.586625E+7,    9.509735E-6,    4.795380E-6
1.587250E+7,    2.379995E-6,    7.134397E-6
1.587875E+7,    -1.550559E-5,    -1.064967E-5
1.588500E+7,    -2.794422E-10,    5.672121E-10
1.589125E+7,    -4.664529E-6,    9.554438E-6
1.589750E+7,    2.465211E-6,    7.084105E-6
1.590375E+7,    -1.167599E-5,    1.205504E-5
1.591000E+7,    4.572328E-6,    -9.582844E-6
1.591625E+7,    -3.534369E-6,    1.253095E-6
1.592250E+7,    1.154514E-5,    -1.216447E-5
1.592875E+7,    2.575107E-6,    7.038470E-6
1.593500E+7,    8.703209E-6,    1.275819E-5
1.594125E+7,    -8.749776E-7,    8.326024E-6
1.594750E+7,    -7.006573E-6,    2.630753E-6
1.595375E+7,    2.015475E-5,    3.408641E-7
1.596000E+7,    1.316983E-5,    2.952293E-6
1.596625E+7,    -9.300187E-6,    2.769940E-5
1.597250E+7,    4.688278E-6,    2.227537E-5
1.597875E+7,    6.245449E-6,    5.582813E-6
1.598500E+7,    6.947666E-7,    -8.340925E-6
1.599125E+7,    -6.784685E-7,    8.339528E-6
1.599750E+7,    -1.038192E-5,    4.263595E-6
1.600375E+7,    -1.431815E-5,    6.607734E-7
1.601000E+7,    5.008653E-6,    -2.782699E-5
1.601625E+7,    -5.065277E-5,    -2.750754E-5
1.602250E+7,    -8.792058E-5,    3.738329E-5
1.602875E+7,    2.262928E-5,    -3.322214E-5
1.603500E+7,    3.605336E-5,    -1.040287E-4
1.604125E+7,    -9.521097E-5,    -3.360957E-5
1.604750E+7,    1.529232E-5,    -9.377301E-5
1.605375E+7,    8.285046E-6,    -3.255159E-5
1.606000E+7,    -4.440174E-5,    -1.639314E-5
1.606625E+7,    -4.678965E-5,    -9.445846E-5
1.607250E+7,    5.656481E-5,    -7.260963E-5
1.607875E+7,    -1.723692E-5,    -2.566911E-5
1.608500E+7,    -1.344830E-4,    -8.837879E-5
1.609125E+7,    2.369471E-5,    1.620315E-5
1.609750E+7,    1.884438E-5,    2.330542E-5
1.610375E+7,    -1.259893E-5,    -1.210347E-5
1.611000E+7,    1.083016E-4,    4.418194E-6
1.611625E+7,    1.872890E-6,    -2.306793E-5
1.612250E+7,    2.708007E-5,    1.132488E-6
1.612875E+7,    -1.797639E-5,    3.641471E-5
1.613500E+7,    -3.937259E-5,    -3.398955E-5
1.614125E+7,    -4.983880E-5,    3.202632E-5
1.614750E+7,    -6.267801E-5,    4.062057E-5
1.615375E+7,    -5.842745E-5,    -3.656000E-5
1.616000E+7,    9.741168E-6,    -1.421198E-5
1.616625E+7,    4.142523E-6,    4.466996E-5
1.617250E+7,    5.164556E-5,    -4.469045E-5
1.617875E+7,    -8.420646E-5,    -1.955777E-5
1.618500E+7,    4.395843E-5,    -6.391108E-5
1.619125E+7,    3.716163E-5,    -3.368780E-5
1.619750E+7,    -1.848675E-5,    -4.411675E-5
1.620375E+7,    2.217852E-5,    8.303672E-6
1.621000E+7,    -4.402362E-6,    -2.397783E-5
1.621625E+7,    -1.474749E-6,    -7.989816E-6
1.622250E+7,    1.678616E-5,    4.647300E-5
1.622875E+7,    -3.374554E-5,    1.860596E-5
1.623500E+7,    1.319498E-5,    -2.926309E-5
1.624125E+7,    8.025020E-5,    -3.537908E-5
1.624750E+7,    -4.229695E-5,    5.113147E-5
1.625375E+7,    3.553927E-5,    6.994233E-5
1.626000E+7,    7.568672E-5,    -4.901364E-5
1.626625E+7,    -2.080947E-5,    -9.126961E-5
1.627250E+7,    -3.002211E-5,    8.396432E-5
1.627875E+7,    1.050234E-4,    9.696931E-6
1.628500E+7,    1.802109E-7,    -1.035677E-5
1.629125E+7,    -3.092922E-6,    -5.633570E-6
1.629750E+7,    2.924725E-5,    -3.218837E-5
1.630375E+7,    1.709722E-5,    2.579018E-5
1.631000E+7,    9.108707E-5,    -1.040101E-5
1.631625E+7,    -3.557280E-5,    -5.960092E-5
1.632250E+7,    -6.159022E-5,    -3.217161E-5
1.632875E+7,    -1.723692E-5,    7.535517E-5
1.633500E+7,    1.914799E-6,    6.772578E-5
1.634125E+7,    -9.738654E-5,    1.003481E-4
1.634750E+7,    2.541393E-5,    -8.717924E-5
1.635375E+7,    -1.464039E-4,    -1.014471E-4
1.636000E+7,    -6.201491E-5,    -1.146644E-5
1.636625E+7,    1.039691E-4,    -1.882017E-5
1.637250E+7,    1.100823E-5,    9.504706E-5
1.637875E+7,    2.908520E-5,    -2.175104E-5
1.638500E+7,    -2.115816E-4,    -1.082867E-4
1.639125E+7,    9.064376E-5,    -2.416223E-4
1.639750E+7,    -4.064851E-5,    3.824569E-5
1.640375E+7,    1.163036E-4,    2.559423E-4
1.641000E+7,    -8.397549E-5,    5.025417E-5
1.641625E+7,    -8.375570E-5,    -4.075840E-5
1.642250E+7,    -2.667680E-5,    5.850755E-5
1.642875E+7,    4.094094E-6,    -4.619174E-5
1.643500E+7,    7.365644E-5,    6.524473E-5
1.644125E+7,    -8.627772E-6,    3.254227E-5
1.644750E+7,    3.304891E-5,    2.302974E-5
1.645375E+7,    -1.169927E-5,    2.689473E-5
1.646000E+7,    3.079325E-5,    -2.409704E-5
1.646625E+7,    -4.765950E-5,    -1.212023E-5
1.647250E+7,    -7.128343E-6,    -4.004315E-5
1.647875E+7,    -9.018928E-6,    -2.731010E-5
1.648500E+7,    -2.137758E-5,    3.065914E-5
1.649125E+7,    3.366731E-5,    -8.082017E-6
1.649750E+7,    3.027171E-5,    -7.360056E-5
1.650375E+7,    -3.270619E-5,    3.684685E-5
1.651000E+7,    -2.052821E-5,    -1.082011E-5
1.651625E+7,    -5.428307E-5,    -2.779067E-6
1.652250E+7,    -5.380809E-5,    -9.379536E-5
1.652875E+7,    4.551373E-5,    -3.493391E-5
1.653500E+7,    -7.130206E-5,    -2.868846E-5
1.654125E+7,    -2.833270E-5,    -1.979060E-5
1.654750E+7,    1.356006E-6,    -6.226823E-5
1.655375E+7,    -7.930771E-5,    -2.732128E-5
1.656000E+7,    -5.892478E-6,    -2.168678E-5
1.656625E+7,    -1.084618E-5,    5.570240E-5
1.657250E+7,    -7.101521E-5,    3.121421E-5
1.657875E+7,    -4.672632E-5,    1.652166E-5
1.658500E+7,    -4.251301E-5,    -2.974272E-5
1.659125E+7,    6.284192E-5,    -8.969754E-5
1.659750E+7,    8.730218E-6,    -3.258511E-5
1.660375E+7,    2.620928E-5,    -2.735108E-5
1.661000E+7,    -1.372956E-5,    3.961846E-5
1.661625E+7,    2.590008E-6,    2.644770E-5
1.662250E+7,    -6.371364E-5,    -9.536743E-6
1.662875E+7,    -3.064517E-6,    -5.672220E-6
1.663500E+7,    -3.495812E-5,    -1.041964E-5
1.664125E+7,    5.253404E-5,    -5.478971E-5
1.664750E+7,    1.055375E-5,    -1.054071E-4
1.665375E+7,    -1.130626E-4,    4.050881E-5
1.666000E+7,    -1.179688E-4,    4.758313E-5
1.666625E+7,    7.672608E-5,    7.151067E-5
1.667250E+7,    -5.556270E-5,    1.090765E-4
1.667875E+7,    -1.791641E-4,    -6.593019E-5
1.668500E+7,    4.363060E-5,    1.083687E-4
1.669125E+7,    7.653981E-5,    7.142872E-5
1.669750E+7,    3.998354E-5,    6.344914E-5
1.670375E+7,    3.331713E-5,    1.285225E-5
1.671000E+7,    -9.630620E-5,    -5.368888E-5
1.671625E+7,    -4.576892E-5,    3.488548E-5
1.672250E+7,    -6.079301E-5,    -6.402656E-5
1.672875E+7,    4.387833E-5,    -2.210401E-5
1.673500E+7,    -9.069219E-5,    -2.159178E-5
1.674125E+7,    2.079457E-5,    5.476177E-7
1.674750E+7,    -2.556294E-5,    -1.240447E-4
1.675375E+7,    8.058921E-5,    4.614517E-5
1.676000E+7,    1.997594E-5,    -2.831593E-5
1.676625E+7,    3.000163E-5,    1.763925E-5
1.677250E+7,    3.220141E-5,    -5.567446E-6
1.677875E+7,    -6.823242E-5,    3.663078E-5
1.678500E+7,    6.342307E-5,    -8.969381E-5
1.679125E+7,    -6.034970E-6,    -7.152557E-5
1.679750E+7,    -3.419071E-5,    7.844716E-5
1.680375E+7,    -4.501455E-5,    3.568828E-6
1.681000E+7,    -2.386142E-5,    -6.274320E-6
1.681625E+7,    5.250797E-6,    4.263595E-5
1.682250E+7,    6.698072E-5,    -4.467368E-5
1.682875E+7,    -1.768395E-5,    -5.509332E-5
1.683500E+7,    4.804321E-5,    2.136454E-6
1.684125E+7,    2.742745E-6,    1.610722E-5
1.684750E+7,    6.557256E-5,    7.435679E-6
1.685375E+7,    -2.497062E-5,    -2.479553E-5
1.686000E+7,    -1.010075E-4,    1.622811E-4
1.686625E+7,    1.916289E-5,    2.966262E-6
1.687250E+7,    2.616178E-5,    -1.690909E-5
1.687875E+7,    -3.881380E-5,    -4.523993E-5
1.688500E+7,    2.920069E-5,    -1.119077E-5
1.689125E+7,    3.664754E-5,    8.286908E-6
1.689750E+7,    4.098751E-6,    2.420414E-5
1.690375E+7,    -5.039014E-5,    2.100691E-5
1.691000E+7,    4.491955E-5,    5.677342E-5
1.691625E+7,    -1.014099E-4,    6.275252E-5
1.692250E+7,    -5.467236E-5,    -1.027808E-4
1.692875E+7,    -3.068708E-7,    1.043268E-5
1.693500E+7,    4.709885E-5,    -1.625717E-5
1.694125E+7,    -4.312024E-5,    1.006462E-4
1.694750E+7,    -5.678087E-5,    -9.010732E-5
1.695375E+7,    -9.052455E-5,    -1.425967E-4
1.696000E+7,    -2.559181E-5,    -3.985129E-6
1.696625E+7,    -1.166537E-4,    -1.257509E-4
1.697250E+7,    2.493337E-5,    2.488494E-5
1.697875E+7,    1.506433E-4,    6.824732E-5
1.698500E+7,    2.751648E-4,    9.313226E-5
1.699125E+7,    1.956299E-4,    1.507998E-5
1.699750E+7,    -5.828403E-5,    1.178682E-5
1.700375E+7,    5.396083E-6,    3.230199E-5
1.701000E+7,    -2.010614E-4,    -1.573414E-4
1.701625E+7,    1.109615E-4,    1.041144E-4
1.702250E+7,    9.093434E-6,    -3.270432E-5
1.702875E+7,    -1.482740E-4,    -4.179776E-5
1.703500E+7,    7.548928E-5,    1.037642E-4
1.704125E+7,    -8.248538E-5,    -3.408268E-5
1.704750E+7,    -3.606454E-5,    -7.918105E-5
1.705375E+7,    -1.483485E-4,    8.031726E-6
1.706000E+7,    7.282197E-5,    8.767098E-5
1.706625E+7,    1.550540E-4,    -6.741285E-5
1.707250E+7,    5.047768E-5,    1.288354E-4
1.707875E+7,    -7.570535E-5,    -9.348243E-5
1.708500E+7,    7.630140E-5,    -1.166537E-4
1.709125E+7,    -2.856553E-5,    -5.973503E-5
1.709750E+7,    7.592887E-5,    1.329780E-4
1.710375E+7,    1.626834E-5,    -5.259365E-5
1.711000E+7,    3.096461E-5,    3.651157E-5
1.711625E+7,    -8.906052E-5,    -3.524497E-5
1.712250E+7,    -7.372722E-5,    8.291379E-5
1.712875E+7,    9.151921E-5,    -3.796816E-5
1.713500E+7,    -6.432086E-5,    -4.964694E-5
1.714125E+7,    -3.842637E-5,    -6.116927E-6
1.714750E+7,    -1.766384E-4,    -2.017468E-4
1.715375E+7,    1.435727E-4,    -1.007020E-4
1.716000E+7,    -1.007691E-5,    -3.583170E-5
1.716625E+7,    1.278296E-4,    3.099442E-5
1.717250E+7,    -1.040772E-4,    -6.404519E-5
1.717875E+7,    -9.676442E-6,    -4.627369E-5
1.718500E+7,    -3.280304E-5,    1.578033E-5
1.719125E+7,    1.790002E-5,    -4.999340E-6
1.719750E+7,    3.185496E-5,    -3.435835E-5
1.720375E+7,    5.465001E-6,    -1.755264E-5
1.721000E+7,    2.677087E-5,    -2.729241E-5
1.721625E+7,    -4.476309E-5,    -5.721301E-5
1.722250E+7,    -5.865842E-5,    -2.792478E-5
1.722875E+7,    -6.925315E-5,    -9.286404E-5
1.723500E+7,    -2.965517E-5,    6.102584E-5
1.724125E+7,    -1.696870E-6,    2.358691E-6
1.724750E+7,    -9.000301E-5,    -5.403906E-5
1.725375E+7,    -3.863126E-5,    -4.576519E-5
1.726000E+7,    -2.297759E-5,    -7.751212E-5
1.726625E+7,    1.757890E-4,    4.872680E-6
1.727250E+7,    3.626198E-5,    -2.046116E-5
1.727875E+7,    -1.113722E-5,    -4.453119E-6
1.728500E+7,    -5.944446E-5,    -7.051975E-6
1.729125E+7,    1.494261E-5,    -1.075026E-5
1.729750E+7,    -7.776543E-7,    2.095196E-5
1.730375E+7,    -3.172457E-5,    -1.573190E-5
1.731000E+7,    1.209602E-5,    -6.656721E-5
1.731625E+7,    3.747270E-5,    7.729232E-5
1.732250E+7,    -9.923056E-5,    1.810864E-5
1.732875E+7,    -3.679655E-5,    -8.657575E-6
1.733500E+7,    -1.335144E-5,    -1.999587E-4
1.734125E+7,    -9.529293E-5,    -8.681417E-5
1.734750E+7,    -1.070723E-4,    -3.069639E-5
1.735375E+7,    -7.514656E-5,    -1.047105E-4
1.736000E+7,    -6.721914E-5,    -1.635030E-5
1.736625E+7,    -2.490357E-5,    -2.518110E-5
1.737250E+7,    9.508803E-6,    4.640222E-5
1.737875E+7,    -5.242229E-5,    -6.665662E-5
1.738500E+7,    6.053224E-5,    6.535277E-5
1.739125E+7,    -2.710149E-5,    -5.200505E-5
1.739750E+7,    6.042421E-5,    2.582371E-5
1.740375E+7,    -4.165620E-5,    -9.136647E-5
1.741000E+7,    1.529679E-4,    1.718104E-5
1.741625E+7,    -1.716055E-5,    -1.604483E-5
1.742250E+7,    -1.545437E-5,    -1.840666E-5
1.742875E+7,    1.322478E-5,    -4.802272E-5
1.743500E+7,    1.710746E-5,    -2.359692E-5
1.744125E+7,    -1.242608E-4,    -4.709512E-5
1.744750E+7,    -2.655759E-5,    1.674984E-5
1.745375E+7,    5.974434E-6,    -2.807565E-5
1.746000E+7,    5.573034E-5,    1.017824E-4
1.746625E+7,    -1.671631E-5,    1.307856E-5
1.747250E+7,    5.827285E-5,    -8.381903E-7
1.747875E+7,    -2.616271E-5,    4.584715E-5
1.748500E+7,    -7.879734E-5,    6.888807E-5
1.749125E+7,    2.617016E-5,    3.346987E-5
1.749750E+7,    3.302842E-5,    -1.563691E-5
1.750375E+7,    2.578832E-6,    1.629815E-5
1.751000E+7,    1.176223E-4,    -2.275407E-5
1.751625E+7,    1.471415E-4,    6.072223E-6
1.752250E+7,    -3.348477E-5,    2.613291E-5
1.752875E+7,    -4.846975E-5,    -4.252791E-5
1.753500E+7,    -3.559887E-5,    -4.039705E-5
1.754125E+7,    1.775846E-5,    -1.135245E-4
1.754750E+7,    -9.487569E-5,    -5.827099E-5
1.755375E+7,    1.031393E-5,    -1.415098E-5
1.756000E+7,    1.722947E-5,    -6.329268E-5
1.756625E+7,    -5.362742E-5,    4.196540E-6
1.757250E+7,    1.047477E-4,    1.496822E-5
1.757875E+7,    -2.229586E-6,    5.256571E-5
1.758500E+7,    -1.596287E-5,    3.174320E-5
1.759125E+7,    -9.194389E-5,    -1.283735E-5
1.759750E+7,    6.070733E-5,    -1.327470E-4
1.760375E+7,    5.161390E-6,    -7.078052E-6
1.761000E+7,    -4.656240E-5,    6.365031E-5
1.761625E+7,    -4.450232E-5,    -5.790964E-5
1.762250E+7,    2.907962E-5,    3.934652E-5
1.762875E+7,    -7.218122E-5,    1.955777E-5
1.763500E+7,    -2.889521E-5,    2.955552E-5
1.764125E+7,    -1.162570E-5,    5.978160E-6
1.764750E+7,    2.089888E-6,    2.685655E-5
1.765375E+7,    4.809536E-5,    1.346134E-5
1.766000E+7,    -4.479662E-5,    2.155080E-5
1.766625E+7,    -6.616861E-5,    -8.601695E-6
1.767250E+7,    3.050826E-5,    7.851049E-6
1.767875E+7,    -3.033131E-5,    6.118417E-5
1.768500E+7,    6.033480E-5,    6.605685E-5
1.769125E+7,    -9.001046E-5,    1.386181E-5
1.769750E+7,    -2.592430E-5,    3.537349E-5
1.770375E+7,    3.884174E-5,    -3.319792E-5
1.771000E+7,    -3.050081E-5,    -7.882714E-6
1.771625E+7,    -1.963750E-4,    6.990135E-5
1.772250E+7,    2.444535E-5,    -7.279590E-5
1.772875E+7,    4.373491E-6,    8.300319E-5
1.773500E+7,    -5.912036E-5,    -5.787238E-5
1.774125E+7,    5.185977E-5,    3.810972E-5
1.774750E+7,    -9.245425E-5,    -1.113415E-4
1.775375E+7,    -1.535565E-5,    -1.274347E-4
1.776000E+7,    2.251193E-5,    -9.971112E-5
1.776625E+7,    7.521734E-5,    2.620369E-5
1.777250E+7,    -6.422400E-5,    -1.200214E-4
1.777875E+7,    -9.432435E-6,    -6.932765E-6
1.778500E+7,    -7.203780E-6,    -1.984835E-5
1.779125E+7,    1.408160E-5,    -5.863421E-5
1.779750E+7,    4.813820E-5,    -5.558506E-5
1.780375E+7,    6.422028E-5,    -8.725747E-5
1.781000E+7,    2.503209E-5,    -1.426600E-5
1.781625E+7,    -9.550154E-5,    6.053597E-5
1.782250E+7,    -5.903468E-5,    8.013844E-5
1.782875E+7,    -1.723319E-4,    -3.255159E-5
1.783500E+7,    1.960807E-5,    -3.649667E-5
1.784125E+7,    4.960224E-6,    -3.638491E-5
1.784750E+7,    -2.846867E-5,    -1.193210E-4
1.785375E+7,    -9.930227E-6,    3.599096E-6
1.786000E+7,    3.263354E-6,    -3.402494E-5
1.786625E+7,    7.781014E-5,    -2.641231E-5
1.787250E+7,    2.435036E-5,    -3.300793E-5
1.787875E+7,    -2.946705E-5,    -9.822845E-5
1.788500E+7,    -9.261817E-5,    -7.198751E-5
1.789125E+7,    -7.181428E-6,    -1.986045E-5
1.789750E+7,    -3.832579E-5,    -1.851916E-4
1.790375E+7,    -1.555309E-6,    3.169104E-5
1.791000E+7,    -7.588416E-6,    -7.861108E-5
1.791625E+7,    1.835078E-5,    2.448633E-5
1.792250E+7,    -5.535781E-5,    -3.362447E-5
1.792875E+7,    -2.286304E-5,    1.322478E-6
1.793500E+7,    1.361966E-5,    2.101250E-5
1.794125E+7,    -2.063997E-5,    -1.160242E-5
1.794750E+7,    -3.126077E-5,    -2.679974E-5
1.795375E+7,    3.928132E-5,    -3.743917E-6
1.796000E+7,    -4.868954E-6,    6.575510E-5
1.796625E+7,    -1.864135E-5,    -8.320436E-5
1.797250E+7,    2.131239E-5,    -6.822124E-5
1.797875E+7,    6.772578E-6,    5.979091E-5
1.798500E+7,    6.547570E-5,    -3.909692E-5
1.799125E+7,    6.271526E-6,    -2.822839E-5
1.799750E+7,    7.995963E-5,    3.014505E-5
1.800375E+7,    -6.972253E-5,    -7.370859E-5
1.801000E+7,    -5.211867E-5,    3.074668E-5
1.801625E+7,    8.209608E-6,    -1.221430E-6
1.802250E+7,    -6.379932E-5,    -9.131432E-5
1.802875E+7,    -3.583916E-5,    -1.009554E-6
1.803500E+7,    -6.612390E-7,    -1.878291E-5
1.804125E+7,    -1.035556E-4,    -4.768372E-5
1.804750E+7,    -2.961140E-6,    -5.859882E-6
1.805375E+7,    -2.099480E-5,    2.828520E-5
1.806000E+7,    -7.678755E-6,    -9.370968E-6
1.806625E+7,    -7.178262E-5,    -3.140047E-5
1.807250E+7,    3.515743E-5,    -1.773797E-5
1.807875E+7,    -4.722923E-5,    -6.444752E-5
1.808500E+7,    2.105907E-5,    -2.826657E-5
1.809125E+7,    -7.286668E-5,    1.909584E-5
1.809750E+7,    -1.665577E-5,    -5.629659E-5
1.810375E+7,    5.346723E-5,    6.854534E-6
1.811000E+7,    -3.824569E-5,    -1.749583E-5
1.811625E+7,    -6.078929E-5,    -8.565187E-5
1.812250E+7,    -1.505986E-4,    -5.361438E-5
1.812875E+7,    -1.762956E-4,    -2.884865E-5
1.813500E+7,    -1.399033E-5,    4.820526E-5
1.814125E+7,    -9.987131E-5,    3.557280E-5
1.814750E+7,    -8.135289E-5,    -6.803125E-5
1.815375E+7,    7.145852E-5,    1.009554E-4
1.816000E+7,    -4.217774E-5,    -1.304224E-4
1.816625E+7,    -3.468432E-5,    7.139519E-6
1.817250E+7,    -5.107746E-5,    3.888085E-5
1.817875E+7,    -1.888908E-5,    -4.344620E-5
1.818500E+7,    4.531443E-5,    3.741682E-5
1.819125E+7,    -7.409602E-5,    -1.874194E-5
1.819750E+7,    -2.168864E-5,    6.828830E-5
1.820375E+7,    -1.586135E-5,    2.118852E-5
1.821000E+7,    -8.174405E-5,    3.073364E-5
1.821625E+7,    -7.643923E-5,    -5.766749E-6
1.822250E+7,    -1.288019E-5,    5.644560E-5
1.822875E+7,    1.946278E-5,    3.293715E-5
1.823500E+7,    -3.764220E-5,    6.006286E-5
1.824125E+7,    2.471078E-5,    -3.555790E-6
1.824750E+7,    -8.062273E-5,    -4.930049E-5
1.825375E+7,    -9.368360E-5,    -5.179644E-5
1.826000E+7,    5.121529E-5,    -3.881939E-5
1.826625E+7,    -2.295617E-5,    1.171604E-6
1.827250E+7,    6.650016E-5,    -4.946813E-5
1.827875E+7,    2.706982E-5,    -1.649559E-5
1.828500E+7,    -4.355609E-5,    -1.062639E-5
1.829125E+7,    -4.180521E-5,    -1.012757E-4
1.829750E+7,    8.238479E-6,    2.824701E-5
1.830375E+7,    1.531094E-5,    -6.951019E-5
1.831000E+7,    3.825873E-5,    -1.176447E-5
1.831625E+7,    -1.292489E-5,    -3.181584E-5
1.832250E+7,    3.238954E-5,    5.923212E-6
1.832875E+7,    -3.174692E-5,    -4.594401E-5
1.833500E+7,    -2.433360E-4,    -6.827712E-5
1.834125E+7,    -7.300079E-5,    -1.066923E-5
1.834750E+7,    -8.849427E-6,    1.175655E-5
1.835375E+7,    -1.091808E-4,    7.652864E-5
1.836000E+7,    2.609938E-5,    -1.425967E-4
1.836625E+7,    -5.180761E-5,    -3.899634E-5
1.837250E+7,    -3.501773E-6,    -2.475828E-5
1.837875E+7,    -3.064610E-5,    -8.303672E-6
1.838500E+7,    -6.188825E-5,    -3.544986E-5
1.839125E+7,    4.601851E-5,    -3.171526E-5
1.839750E+7,    1.229160E-5,    4.245341E-5
1.840375E+7,    -5.956553E-5,    1.048483E-5
1.841000E+7,    4.120916E-5,    5.318969E-5
1.841625E+7,    -8.618832E-5,    -1.794398E-4
1.842250E+7,    1.109019E-5,    6.372109E-5
1.842875E+7,    3.326684E-6,    8.377805E-5
1.843500E+7,    1.055934E-4,    -1.269951E-5
1.844125E+7,    -9.436905E-5,    1.740083E-5
1.844750E+7,    -1.590233E-5,    -8.297153E-6
1.845375E+7,    -2.766401E-5,    -3.193133E-5
1.846000E+7,    -6.129965E-5,    -1.670048E-5
1.846625E+7,    7.946044E-5,    7.084757E-5
1.847250E+7,    -1.068488E-4,    -1.324341E-4
1.847875E+7,    -2.103299E-5,    -6.020069E-5
1.848500E+7,    2.012402E-5,    -2.027899E-4
1.849125E+7,    -1.297072E-4,    -2.408028E-5
1.849750E+7,    -1.194179E-4,    -8.661300E-5
1.850375E+7,    1.347810E-5,    2.130307E-5
1.851000E+7,    2.778322E-5,    1.393631E-4
1.851625E+7,    -1.323596E-5,    -8.025765E-5
1.852250E+7,    -2.531335E-5,    -1.546368E-5
1.852875E+7,    -2.880394E-5,    -1.771227E-4
1.853500E+7,    1.960434E-5,    -2.592150E-5
1.854125E+7,    -1.259707E-5,    4.597567E-5
1.854750E+7,    -4.721060E-5,    -6.152317E-6
1.855375E+7,    -8.323789E-5,    -7.461756E-6
1.856000E+7,    1.156107E-4,    -9.385124E-5