SAVED BY: 
TITLE: 
COMMENTS: 
DATE: 10/27/2020
TIME: 1:52 PM

STIMULUS, REAL, IMAGINARY

8.560000E+6,    -3.299117E-5,    -1.680329E-4
8.566250E+6,    -7.227063E-7,    -1.539588E-4
8.572500E+6,    -2.595037E-5,    -1.804382E-4
8.578750E+6,    2.612919E-5,    -1.744255E-4
8.585000E+6,    -3.236532E-5,    -1.712814E-4
8.591250E+6,    -4.597008E-6,    -1.634806E-4
8.597500E+6,    -1.086295E-5,    -1.669601E-4
8.603750E+6,    -1.323968E-5,    -1.637414E-4
8.610000E+6,    -3.103912E-5,    -1.613051E-4
8.616250E+6,    1.067668E-5,    -1.783893E-4
8.622500E+6,    -5.200505E-6,    -1.507476E-4
8.628750E+6,    4.366040E-6,    -1.692101E-4
8.635000E+6,    -1.005828E-5,    -1.726747E-4
8.641250E+6,    1.810491E-5,    -1.812503E-4
8.647500E+6,    -1.215935E-5,    -1.696572E-4
8.653750E+6,    -1.022220E-5,    -2.041459E-4
8.660000E+6,    -2.409518E-5,    -1.635775E-4
8.666250E+6,    3.740191E-6,    -1.568198E-4
8.672500E+6,    -1.344085E-5,    -1.853183E-4
8.678750E+6,    -9.328127E-6,    -1.790524E-4
8.685000E+6,    -1.104176E-5,    -1.915544E-4
8.691250E+6,    -2.257526E-6,    -1.788512E-4
8.697500E+6,    -2.026558E-5,    -1.601055E-4
8.703750E+6,    -1.256913E-5,    -1.756176E-4
8.710000E+6,    1.497567E-6,    -1.569316E-4
8.716250E+6,    -1.166016E-5,    -1.631081E-4
8.722500E+6,    5.006790E-6,    -1.662225E-4
8.728750E+6,    -9.506941E-6,    -1.850352E-4
8.735000E+6,    -1.750141E-5,    -1.693964E-4
8.741250E+6,    -1.457334E-5,    -1.757741E-4
8.747500E+6,    1.145154E-5,    -1.663417E-4
8.753750E+6,    -2.043694E-5,    -1.974255E-4
8.760000E+6,    -8.076429E-6,    -1.755357E-4
8.766250E+6,    -2.422184E-5,    -2.067760E-4
8.772500E+6,    -1.213700E-5,    -1.849011E-4
8.778750E+6,    -9.432435E-6,    -1.755804E-4
8.785000E+6,    -2.037734E-5,    -1.688823E-4
8.791250E+6,    2.264977E-6,    -1.851693E-4
8.797500E+6,    -2.790987E-5,    -1.718551E-4
8.803750E+6,    -2.951920E-5,    -1.687855E-4
8.810000E+6,    -1.113862E-5,    -1.754537E-4
8.816250E+6,    -1.714379E-5,    -1.971647E-4
8.822500E+6,    -4.351139E-6,    -1.756698E-4
8.828750E+6,    -2.905726E-7,    -1.852289E-4
8.835000E+6,    -2.073497E-5,    -1.748875E-4
8.841250E+6,    -4.075468E-6,    -1.787022E-4
8.847500E+6,    -1.963973E-5,    -1.781657E-4
8.853750E+6,    -1.124293E-5,    -1.816526E-4
8.860000E+6,    -1.045316E-5,    -1.847297E-4
8.866250E+6,    -5.498528E-6,    -1.785681E-4
8.872500E+6,    -2.448261E-5,    -1.712814E-4
8.878750E+6,    -2.495944E-5,    -1.711845E-4
8.885000E+6,    -1.631677E-5,    -1.750290E-4
8.891250E+6,    -3.559887E-5,    -2.021044E-4
8.897500E+6,    -1.963973E-5,    -1.684874E-4
8.903750E+6,    -2.747029E-5,    -1.869053E-4
8.910000E+6,    -3.643334E-5,    -2.019405E-4
8.916250E+6,    -1.650304E-5,    -1.781583E-4
8.922500E+6,    -2.630055E-6,    -1.945645E-4
8.928750E+6,    -2.693385E-5,    -1.929775E-4
8.935000E+6,    -2.539903E-5,    -1.775399E-4
8.941250E+6,    5.453825E-6,    -1.988038E-4
8.947500E+6,    -1.726300E-5,    -1.813397E-4
8.953750E+6,    -9.387732E-7,    -1.856312E-4
8.960000E+6,    -2.344698E-5,    -1.867861E-4
8.966250E+6,    -3.850460E-5,    -2.076775E-4
8.972500E+6,    -1.266599E-5,    -1.785010E-4
8.978750E+6,    -1.341105E-5,    -1.971200E-4
8.985000E+6,    -8.165836E-6,    -1.914650E-4
8.991250E+6,    -1.139939E-5,    -2.039000E-4
8.997500E+6,    -8.016825E-6,    -1.945347E-4
9.003750E+6,    -2.911687E-5,    -1.990274E-4
9.010000E+6,    -3.566593E-5,    -1.824647E-4
9.016250E+6,    -2.335012E-5,    -1.962706E-4
9.022500E+6,    -3.852695E-5,    -1.978055E-4
9.028750E+6,    -3.221631E-5,    -1.955256E-4
9.035000E+6,    3.941357E-6,    -1.932010E-4
9.041250E+6,    -1.212955E-5,    -1.913086E-4
9.047500E+6,    -2.679229E-5,    -1.926869E-4
9.053750E+6,    -1.660734E-5,    -2.036020E-4
9.060000E+6,    -2.432615E-5,    -2.023876E-4
9.066250E+6,    -2.473593E-5,    -2.025366E-4
9.072500E+6,    -2.110749E-5,    -1.935214E-4
9.078750E+6,    -1.662970E-5,    -2.069026E-4
9.085000E+6,    -2.648681E-5,    -2.024695E-4
9.091250E+6,    -7.897615E-6,    -1.923069E-4
9.097500E+6,    -4.169345E-5,    -2.034903E-4
9.103750E+6,    -2.533942E-5,    -2.089515E-4
9.110000E+6,    -2.460927E-5,    -1.900643E-4
9.116250E+6,    -2.600253E-5,    -2.088621E-4
9.122500E+6,    -2.684444E-5,    -2.086163E-4
9.128750E+6,    -4.751980E-5,    -2.121031E-4
9.135000E+6,    -4.005432E-5,    -2.164543E-4
9.141250E+6,    -3.734231E-5,    -2.041757E-4
9.147500E+6,    -2.393872E-5,    -1.996979E-4
9.153750E+6,    -1.916289E-5,    -2.164543E-4
9.160000E+6,    -2.956390E-5,    -2.084374E-4
9.166250E+6,    -2.195686E-5,    -2.095103E-4
9.172500E+6,    -2.878904E-5,    -2.117306E-4
9.178750E+6,    -3.975630E-5,    -2.034307E-4
9.185000E+6,    -4.887581E-5,    -1.989007E-4
9.191250E+6,    -3.245473E-5,    -2.302378E-4
9.197500E+6,    -3.126264E-5,    -2.112985E-4
9.203750E+6,    -4.415214E-5,    -2.188385E-4
9.210000E+6,    -1.603365E-5,    -1.920164E-4
9.216250E+6,    -3.544986E-5,    -2.011880E-4
9.222500E+6,    -2.630055E-5,    -2.091229E-4
9.228750E+6,    -4.190207E-5,    -2.320111E-4
9.235000E+6,    -5.412102E-5,    -2.170950E-4
9.241250E+6,    -3.251433E-5,    -2.176911E-4
9.247500E+6,    -3.290176E-5,    -1.923963E-4
9.253750E+6,    -3.825128E-5,    -2.006888E-4
9.260000E+6,    -1.537800E-5,    -2.308488E-4
9.266250E+6,    -2.658367E-5,    -1.933426E-4
9.272500E+6,    -1.822412E-5,    -1.984835E-4
9.278750E+6,    -7.510185E-6,    -2.134070E-4
9.285000E+6,    -6.768107E-5,    -2.078563E-4
9.291250E+6,    -3.013015E-5,    -2.154708E-4
9.297500E+6,    -5.453825E-6,    -1.981109E-4
9.303750E+6,    -4.959106E-5,    -2.244562E-4
9.310000E+6,    -3.008544E-5,    -2.188534E-4
9.316250E+6,    -3.532320E-5,    -2.017841E-4
9.322500E+6,    -2.226233E-5,    -2.237707E-4
9.328750E+6,    -4.136562E-5,    -2.071410E-4
9.335000E+6,    -3.375113E-5,    -2.118200E-4
9.341250E+6,    -4.412234E-5,    -2.289116E-4
9.347500E+6,    -4.458427E-5,    -1.998842E-4
9.353750E+6,    -2.424419E-5,    -2.235323E-4
9.360000E+6,    -2.655387E-5,    -2.169609E-4
9.366250E+6,    -3.659725E-5,    -2.081096E-4
9.372500E+6,    -3.169477E-5,    -2.320409E-4
9.378750E+6,    -4.220009E-5,    -2.198815E-4
9.385000E+6,    -3.334880E-5,    -2.284348E-4
9.391250E+6,    -1.963973E-5,    -2.250522E-4
9.397500E+6,    -4.506111E-5,    -2.126545E-4
9.403750E+6,    -4.407763E-5,    -2.198517E-4
9.410000E+6,    -3.728271E-5,    -2.177656E-4
9.416250E+6,    -3.789365E-5,    -2.177209E-4
9.422500E+6,    -3.856421E-5,    -2.177060E-4
9.428750E+6,    -3.263354E-5,    -2.160966E-4
9.435000E+6,    -5.295873E-5,    -2.241135E-4
9.441250E+6,    -5.874038E-5,    -2.322495E-4
9.447500E+6,    -7.042289E-5,    -2.128780E-4
9.453750E+6,    -3.069639E-5,    -2.296865E-4
9.460000E+6,    -3.683567E-5,    -2.379715E-4
9.466250E+6,    -3.960729E-5,    -2.274513E-4
9.472500E+6,    -1.987815E-5,    -2.198815E-4
9.478750E+6,    -4.455447E-5,    -2.427101E-4
9.485000E+6,    -4.068017E-5,    -2.308190E-4
9.491250E+6,    -4.136562E-5,    -2.272725E-4
9.497500E+6,    -5.626678E-5,    -2.297759E-4
9.503750E+6,    -3.594160E-5,    -2.255142E-4
9.510000E+6,    -4.324317E-5,    -2.269149E-4
9.516250E+6,    -3.755093E-5,    -2.188385E-4
9.522500E+6,    -4.938245E-5,    -2.349913E-4
9.528750E+6,    -5.739927E-5,    -2.362132E-4
9.535000E+6,    -4.613400E-5,    -2.199411E-4
9.541250E+6,    -3.814697E-5,    -2.290308E-4
9.547500E+6,    -2.476573E-5,    -2.263486E-4
9.553750E+6,    -5.909801E-5,    -2.359748E-4
9.560000E+6,    -3.072619E-5,    -2.379119E-4
9.566250E+6,    -4.521012E-5,    -2.403855E-4
9.572500E+6,    -5.066395E-5,    -2.520084E-4
9.578750E+6,    -4.708767E-5,    -2.332926E-4
9.585000E+6,    -3.075600E-5,    -2.517402E-4
9.591250E+6,    -5.507469E-5,    -2.341568E-4
9.597500E+6,    -2.732873E-5,    -2.327561E-4
9.603750E+6,    -5.662441E-5,    -2.339184E-4
9.610000E+6,    -5.498528E-5,    -2.475679E-4
9.616250E+6,    -5.409122E-5,    -2.578497E-4
9.622500E+6,    -4.288554E-5,    -2.382696E-4
9.628750E+6,    -5.048513E-5,    -2.395511E-4
9.635000E+6,    -7.101893E-5,    -2.455115E-4
9.641250E+6,    -4.383922E-5,    -2.483130E-4
9.647500E+6,    -4.798174E-5,    -2.135932E-4
9.653750E+6,    -3.010035E-5,    -2.427697E-4
9.660000E+6,    -5.400181E-5,    -2.317131E-4
9.666250E+6,    -6.729364E-5,    -2.405345E-4
9.672500E+6,    -4.497170E-5,    -2.516508E-4
9.678750E+6,    -5.331635E-5,    -2.453923E-4
9.685000E+6,    -4.741549E-5,    -2.410114E-4
9.691250E+6,    -5.605817E-5,    -2.312064E-4
9.697500E+6,    -5.543232E-5,    -2.449751E-4
9.703750E+6,    -4.106760E-5,    -2.468824E-4
9.710000E+6,    -5.492568E-5,    -2.520680E-4
9.716250E+6,    -4.851818E-5,    -2.509654E-4
9.722500E+6,    -5.897880E-5,    -2.341866E-4
9.728750E+6,    -4.968047E-5,    -2.507269E-4
9.735000E+6,    -4.360080E-5,    -2.499223E-4
9.741250E+6,    -5.626678E-5,    -2.656877E-4
9.747500E+6,    -5.859137E-5,    -2.511144E-4
9.753750E+6,    -6.458163E-5,    -2.693832E-4
9.760000E+6,    -5.897880E-5,    -2.511740E-4
9.766250E+6,    -4.366040E-5,    -2.706945E-4
9.772500E+6,    -7.432699E-5,    -2.522469E-4
9.778750E+6,    -4.729629E-5,    -2.493858E-4
9.785000E+6,    -6.759167E-5,    -2.619326E-4
9.791250E+6,    -5.516410E-5,    -2.465248E-4
9.797500E+6,    -4.774332E-5,    -2.596378E-4
9.803750E+6,    -7.551908E-5,    -2.695024E-4
9.810000E+6,    -5.504489E-5,    -2.673268E-4
9.816250E+6,    -6.929040E-5,    -2.721250E-4
9.822500E+6,    -4.982948E-5,    -2.560318E-4
9.828750E+6,    -5.635619E-5,    -2.672374E-4
9.835000E+6,    -5.865097E-5,    -2.526045E-4
9.841250E+6,    -5.811453E-5,    -2.668798E-4
9.847500E+6,    -7.408857E-5,    -2.468228E-4
9.853750E+6,    -6.622076E-5,    -2.635419E-4
9.860000E+6,    -6.049871E-5,    -2.559423E-4
9.866250E+6,    -5.254149E-5,    -2.732873E-4
9.872500E+6,    -5.942583E-5,    -2.906919E-4
9.878750E+6,    -5.459785E-5,    -2.548397E-4
9.885000E+6,    -5.507469E-5,    -2.588034E-4
9.891250E+6,    -4.816055E-5,    -2.686977E-4
9.897500E+6,    -5.546212E-5,    -2.758205E-4
9.903750E+6,    -4.217029E-5,    -2.750456E-4
9.910000E+6,    -6.422400E-5,    -2.620220E-4
9.916250E+6,    -5.751848E-5,    -2.687573E-4
9.922500E+6,    -8.562207E-5,    -2.803802E-4
9.928750E+6,    -6.523728E-5,    -2.796352E-4
9.935000E+6,    -5.182624E-5,    -2.720058E-4
9.941250E+6,    -5.942583E-5,    -2.822280E-4
9.947500E+6,    -5.275011E-5,    -2.715588E-4
9.953750E+6,    -8.171797E-5,    -2.619028E-4
9.960000E+6,    -8.192658E-5,    -2.864301E-4
9.966250E+6,    -7.551908E-5,    -2.965331E-4
9.972500E+6,    -6.279349E-5,    -2.713203E-4
9.978750E+6,    -7.003546E-5,    -2.784729E-4
9.985000E+6,    -8.317828E-5,    -2.997518E-4
9.991250E+6,    -7.927418E-5,    -2.675056E-4
9.997500E+6,    -7.176399E-5,    -2.852380E-4
1.000375E+7,    -5.021691E-5,    -3.024340E-4
1.001000E+7,    -6.479025E-5,    -2.847612E-4
1.001625E+7,    -9.408593E-5,    -2.778172E-4
1.002250E+7,    -7.361174E-5,    -2.665222E-4
1.002875E+7,    -7.396936E-5,    -2.914667E-4
1.003500E+7,    -7.444620E-5,    -2.912283E-4
1.004125E+7,    -7.489324E-5,    -3.018081E-4
1.004750E+7,    -4.822016E-5,    -2.910495E-4
1.005375E+7,    -9.098649E-5,    -2.943873E-4
1.006000E+7,    -8.451939E-5,    -2.979040E-4
1.006625E+7,    -7.107854E-5,    -3.014207E-4
1.007250E+7,    -7.826090E-5,    -3.010929E-4
1.007875E+7,    -5.766749E-5,    -2.937317E-4
1.008500E+7,    -9.372830E-5,    -2.865791E-4
1.009125E+7,    -8.013844E-5,    -3.007650E-4
1.009750E+7,    -7.396936E-5,    -2.826750E-4
1.010375E+7,    -8.866191E-5,    -2.786517E-4
1.011000E+7,    -5.444884E-5,    -3.181398E-4
1.011625E+7,    -7.614493E-5,    -3.072023E-4
1.012250E+7,    -7.686019E-5,    -3.035665E-4
1.012875E+7,    -8.484721E-5,    -3.170967E-4
1.013500E+7,    -9.894371E-5,    -3.024042E-4
1.014125E+7,    -9.942055E-5,    -2.955496E-4
1.014750E+7,    -7.906556E-5,    -3.064275E-4
1.015375E+7,    -8.109212E-5,    -3.239810E-4
1.016000E+7,    -8.091331E-5,    -3.022254E-4
1.016625E+7,    -9.480119E-5,    -3.055334E-4
1.017250E+7,    -7.492304E-5,    -3.131032E-4
1.017875E+7,    -8.326769E-5,    -3.160536E-4
1.018500E+7,    -9.787083E-5,    -3.045201E-4
1.019125E+7,    -7.051229E-5,    -3.200471E-4
1.019750E+7,    -9.223819E-5,    -3.221631E-4
1.020375E+7,    -6.419420E-5,    -3.095567E-4
1.021000E+7,    -7.891655E-5,    -3.156662E-4
1.021625E+7,    -9.313226E-5,    -3.043711E-4
1.022250E+7,    -7.385015E-5,    -3.261566E-4
1.022875E+7,    -8.928776E-5,    -3.254116E-4
1.023500E+7,    -8.839369E-5,    -3.002584E-4
1.024125E+7,    -8.931756E-5,    -3.145933E-4
1.024750E+7,    -6.240606E-5,    -3.298521E-4
1.025375E+7,    -7.733703E-5,    -3.255606E-4
1.026000E+7,    -8.642673E-5,    -3.322363E-4
1.026625E+7,    -9.953976E-5,    -3.169477E-4
1.027250E+7,    -9.912252E-5,    -3.022850E-4
1.027875E+7,    -1.023412E-4,    -3.339946E-4
1.028500E+7,    -1.091659E-4,    -3.193319E-4
1.029125E+7,    -9.575486E-5,    -3.271401E-4
1.029750E+7,    -9.542704E-5,    -3.201663E-4
1.030375E+7,    -8.916855E-5,    -3.206432E-4
1.031000E+7,    -1.210868E-4,    -3.385246E-4
1.031625E+7,    -7.799268E-5,    -3.318489E-4
1.032250E+7,    -9.328127E-5,    -3.336072E-4
1.032875E+7,    -7.891655E-5,    -3.279150E-4
1.033500E+7,    -1.087785E-4,    -3.323853E-4
1.034125E+7,    -1.088083E-4,    -3.246963E-4
1.034750E+7,    -1.035035E-4,    -3.322065E-4
1.035375E+7,    -9.772182E-5,    -3.511608E-4
1.036000E+7,    -1.109242E-4,    -3.311932E-4
1.036625E+7,    -1.063645E-4,    -3.462136E-4
1.037250E+7,    -1.123250E-4,    -3.313124E-4
1.037875E+7,    -1.001656E-4,    -3.465712E-4
1.038500E+7,    -1.148283E-4,    -3.338754E-4
1.039125E+7,    -1.091659E-4,    -3.452301E-4
1.039750E+7,    -9.283423E-5,    -3.222823E-4
1.040375E+7,    -8.204579E-5,    -3.443360E-4
1.041000E+7,    -1.052320E-4,    -3.525615E-4
1.041625E+7,    -1.136661E-4,    -3.548265E-4
1.042250E+7,    -9.292364E-5,    -3.538728E-4
1.042875E+7,    -1.142919E-4,    -3.547370E-4
1.043500E+7,    -1.221001E-4,    -3.499389E-4
1.044125E+7,    -1.070797E-4,    -3.482103E-4
1.044750E+7,    -9.515882E-5,    -3.491938E-4
1.045375E+7,    -1.004040E-4,    -3.812909E-4
1.046000E+7,    -8.800626E-5,    -3.394783E-4
1.046625E+7,    -1.005530E-4,    -3.698468E-4
1.047250E+7,    -1.187623E-4,    -3.422797E-4
1.047875E+7,    -1.009405E-4,    -3.587902E-4
1.048500E+7,    -1.091957E-4,    -3.616214E-4
1.049125E+7,    -1.227260E-4,    -3.557801E-4
1.049750E+7,    -1.165867E-4,    -3.570318E-4
1.050375E+7,    -1.066327E-4,    -3.793240E-4
1.051000E+7,    -1.181364E-4,    -3.527105E-4
1.051625E+7,    -1.054406E-4,    -3.648400E-4
1.052250E+7,    -8.651614E-5,    -3.713071E-4
1.052875E+7,    -1.304746E-4,    -3.755093E-4
1.053500E+7,    -1.316667E-4,    -3.787875E-4
1.054125E+7,    -1.249909E-4,    -3.721714E-4
1.054750E+7,    -1.094043E-4,    -3.635883E-4
1.055375E+7,    -9.950995E-5,    -3.833771E-4
1.056000E+7,    -1.289248E-4,    -3.789067E-4
1.056625E+7,    -1.358390E-4,    -3.696084E-4
1.057250E+7,    -1.273155E-4,    -3.607273E-4
1.057875E+7,    -1.174212E-4,    -3.874898E-4
1.058500E+7,    -1.158714E-4,    -3.731251E-4
1.059125E+7,    -1.310110E-4,    -3.666878E-4
1.059750E+7,    -1.187921E-4,    -3.723502E-4
1.060375E+7,    -1.148582E-4,    -3.946424E-4
1.061000E+7,    -1.115799E-4,    -3.698468E-4
1.061625E+7,    -1.598001E-4,    -3.896356E-4
1.062250E+7,    -1.329780E-4,    -3.985763E-4
1.062875E+7,    -1.287460E-4,    -3.699064E-4
1.063500E+7,    -1.372099E-4,    -4.079342E-4
1.064125E+7,    -1.243949E-4,    -4.070997E-4
1.064750E+7,    -1.351237E-4,    -3.834367E-4
1.065375E+7,    -1.547337E-4,    -4.078746E-4
1.066000E+7,    -1.096129E-4,    -3.992915E-4
1.066625E+7,    -1.252294E-4,    -4.028082E-4
1.067250E+7,    -1.353621E-4,    -4.080534E-4
1.067875E+7,    -1.565814E-4,    -4.001856E-4
1.068500E+7,    -1.112223E-4,    -3.908873E-4
1.069125E+7,    -1.655221E-4,    -3.942847E-4
1.069750E+7,    -1.345277E-4,    -3.899336E-4
1.070375E+7,    -1.402497E-4,    -4.103780E-4
1.071000E+7,    -1.394749E-4,    -4.033446E-4
1.071625E+7,    -1.286268E-4,    -4.194975E-4
1.072250E+7,    -1.240969E-4,    -4.246235E-4
1.072875E+7,    -1.218915E-4,    -4.140735E-4
1.073500E+7,    -1.469254E-4,    -4.188418E-4
1.074125E+7,    -1.553297E-4,    -4.209280E-4
1.074750E+7,    -1.509190E-4,    -4.287362E-4
1.075375E+7,    -1.413226E-4,    -4.099607E-4
1.076000E+7,    -1.410246E-4,    -4.388094E-4
1.076625E+7,    -1.603961E-4,    -4.264712E-4
1.077250E+7,    -1.470447E-4,    -4.258156E-4
1.077875E+7,    -1.379848E-4,    -4.135370E-4
1.078500E+7,    -1.375675E-4,    -4.355311E-4
1.079125E+7,    -1.631975E-4,    -4.511476E-4
1.079750E+7,    -1.845360E-4,    -4.122853E-4
1.080375E+7,    -1.385808E-4,    -4.312992E-4
1.081000E+7,    -1.417398E-4,    -4.419684E-4
1.081625E+7,    -1.705885E-4,    -4.338622E-4
1.082250E+7,    -1.543164E-4,    -4.232526E-4
1.082875E+7,    -1.620054E-4,    -4.467368E-4
1.083500E+7,    -1.324415E-4,    -4.438758E-4
1.084125E+7,    -1.660585E-4,    -4.535913E-4
1.084750E+7,    -1.547933E-4,    -4.635453E-4
1.085375E+7,    -1.821518E-4,    -4.264116E-4
1.086000E+7,    -1.846552E-4,    -4.333258E-4
1.086625E+7,    -1.732707E-4,    -4.363060E-4
1.087250E+7,    -1.654625E-4,    -4.351735E-4
1.087875E+7,    -1.819730E-4,    -4.377961E-4
1.088500E+7,    -1.654029E-4,    -4.534125E-4
1.089125E+7,    -1.652241E-4,    -4.498363E-4
1.089750E+7,    -1.457334E-4,    -4.589558E-4
1.090375E+7,    -1.747608E-4,    -4.729033E-4
1.091000E+7,    -1.803041E-4,    -4.633665E-4
1.091625E+7,    -1.699924E-4,    -4.516244E-4
1.092250E+7,    -2.040863E-4,    -4.674792E-4
1.092875E+7,    -1.646280E-4,    -4.755855E-4
1.093500E+7,    -1.747608E-4,    -4.577637E-4
1.094125E+7,    -1.894832E-4,    -4.751086E-4
1.094750E+7,    -1.845360E-4,    -4.805326E-4
1.095375E+7,    -1.860261E-4,    -4.831553E-4
1.096000E+7,    -1.968741E-4,    -4.880428E-4
1.096625E+7,    -1.707077E-4,    -4.700422E-4
1.097250E+7,    -1.897216E-4,    -4.820228E-4
1.097875E+7,    -1.791120E-4,    -4.894137E-4
1.098500E+7,    -1.764297E-4,    -4.792213E-4
1.099125E+7,    -1.769066E-4,    -4.756451E-4
1.099750E+7,    -1.687407E-4,    -4.702806E-4
1.100375E+7,    -2.042055E-4,    -4.852414E-4
1.101000E+7,    -1.776218E-4,    -4.895926E-4
1.101625E+7,    -1.833439E-4,    -4.838705E-4
1.102250E+7,    -1.949072E-4,    -4.691482E-4
1.102875E+7,    -2.034903E-4,    -4.923940E-4
1.103500E+7,    -1.895428E-4,    -5.119443E-4
1.104125E+7,    -1.947880E-4,    -5.028248E-4
1.104750E+7,    -2.040267E-4,    -4.809499E-4
1.105375E+7,    -1.919866E-4,    -4.883409E-4
1.106000E+7,    -1.968145E-4,    -5.166531E-4
1.106625E+7,    -2.164245E-4,    -4.869103E-4
1.107250E+7,    -2.231002E-4,    -5.195737E-4
1.107875E+7,    -2.101064E-4,    -5.016327E-4
1.108500E+7,    -2.022386E-4,    -5.160570E-4
1.109125E+7,    -2.210736E-4,    -5.083680E-4
1.109750E+7,    -2.003312E-4,    -5.273819E-4
1.110375E+7,    -1.944304E-4,    -5.300641E-4
1.111000E+7,    -1.910925E-4,    -5.354881E-4
1.111625E+7,    -2.157688E-4,    -5.182624E-4
1.112250E+7,    -2.221465E-4,    -5.126595E-4
1.112875E+7,    -2.126098E-4,    -5.428195E-4
1.113500E+7,    -2.075434E-4,    -5.225539E-4
1.114125E+7,    -2.092719E-4,    -5.297661E-4
1.114750E+7,    -2.194643E-4,    -5.305409E-4
1.115375E+7,    -2.235770E-4,    -5.556345E-4
1.116000E+7,    -2.155900E-4,    -5.301833E-4
1.116625E+7,    -2.306104E-4,    -5.493164E-4
1.117250E+7,    -2.499819E-4,    -5.535483E-4
1.117875E+7,    -2.266765E-4,    -5.690455E-4
1.118500E+7,    -2.303720E-4,    -5.507469E-4
1.119125E+7,    -2.332330E-4,    -5.949736E-4
1.119750E+7,    -2.494454E-4,    -5.525947E-4
1.120375E+7,    -2.318621E-4,    -5.430579E-4
1.121000E+7,    -2.561808E-4,    -6.054640E-4
1.121625E+7,    -2.671480E-4,    -6.245375E-4
1.122250E+7,    -2.833009E-4,    -6.259680E-4
1.122875E+7,    -2.688766E-4,    -6.542802E-4
1.123500E+7,    -2.909899E-4,    -7.641315E-4
1.124125E+7,    -3.108978E-4,    -7.116795E-4
1.124750E+7,    -2.677441E-4,    -7.380247E-4
1.125375E+7,    -2.976656E-4,    -7.264614E-4
1.126000E+7,    -2.658367E-4,    -7.226467E-4
1.126625E+7,    -3.085136E-4,    -6.916523E-4
1.127250E+7,    -3.178120E-4,    -7.548332E-4
1.127875E+7,    -2.979040E-4,    -6.887913E-4
1.128500E+7,    -2.719164E-4,    -6.970167E-4
1.129125E+7,    -2.871752E-4,    -7.051229E-4
1.129750E+7,    -2.447963E-4,    -6.466508E-4
1.130375E+7,    -2.984405E-4,    -6.574988E-4
1.131000E+7,    -3.085136E-4,    -6.934404E-4
1.131625E+7,    -3.328323E-4,    -7.059574E-4
1.132250E+7,    -3.190041E-4,    -7.247925E-4
1.132875E+7,    -3.269911E-4,    -7.258654E-4
1.133500E+7,    -2.990961E-4,    -7.339716E-4
1.134125E+7,    -2.864003E-4,    -6.905794E-4
1.134750E+7,    -2.841949E-4,    -6.985664E-4
1.135375E+7,    -3.172159E-4,    -6.910563E-4
1.136000E+7,    -3.038049E-4,    -6.541014E-4
1.136625E+7,    -3.237724E-4,    -7.036924E-4
1.137250E+7,    -3.069639E-4,    -7.421970E-4
1.137875E+7,    -3.418922E-4,    -7.215738E-4
1.138500E+7,    -3.259182E-4,    -7.182360E-4
1.139125E+7,    -2.912283E-4,    -7.057190E-4
1.139750E+7,    -3.415346E-4,    -6.957054E-4
1.140375E+7,    -3.124475E-4,    -7.079840E-4
1.141000E+7,    -3.257990E-4,    -7.046461E-4
1.141625E+7,    -3.281832E-4,    -6.922483E-4
1.142250E+7,    -3.013611E-4,    -7.022619E-4
1.142875E+7,    -3.368855E-4,    -7.697344E-4
1.143500E+7,    -3.330708E-4,    -7.225275E-4
1.144125E+7,    -3.492832E-4,    -7.207394E-4
1.144750E+7,    -3.286600E-4,    -7.935762E-4
1.145375E+7,    -3.434420E-4,    -8.009672E-4
1.146000E+7,    -3.472567E-4,    -7.880926E-4
1.146625E+7,    -3.969669E-4,    -8.435249E-4
1.147250E+7,    -3.548861E-4,    -8.273125E-4
1.147875E+7,    -3.910065E-4,    -7.854700E-4
1.148500E+7,    -3.626347E-4,    -7.953644E-4
1.149125E+7,    -3.956556E-4,    -9.191036E-4
1.149750E+7,    -3.629923E-4,    -9.136200E-4
1.150375E+7,    -3.812313E-4,    -8.844137E-4
1.151000E+7,    -3.937483E-4,    -9.026527E-4
1.151625E+7,    -4.179478E-4,    -8.896589E-4
1.152250E+7,    -3.863573E-4,    -8.647442E-4
1.152875E+7,    -3.716946E-4,    -8.603334E-4
1.153500E+7,    -3.671646E-4,    -7.816553E-4
1.154125E+7,    -4.212856E-4,    -8.994341E-4
1.154750E+7,    -4.342794E-4,    -9.129047E-4
1.155375E+7,    -3.966093E-4,    -9.063482E-4
1.156000E+7,    -3.818274E-4,    -1.036286E-3
1.156625E+7,    -4.029274E-4,    -1.058698E-3
1.157250E+7,    -4.227161E-4,    -1.045465E-3
1.157875E+7,    -5.354881E-4,    -1.017809E-3
1.158500E+7,    -4.956722E-4,    -1.146078E-3
1.159125E+7,    -4.420280E-4,    -1.040459E-3
1.159750E+7,    -3.925562E-4,    -9.896755E-4
1.160375E+7,    -4.990101E-4,    -1.083612E-3
1.161000E+7,    -4.843473E-4,    -1.084685E-3
1.161625E+7,    -5.182028E-4,    -1.157165E-3
1.162250E+7,    -5.285740E-4,    -1.186371E-3
1.162875E+7,    -4.880428E-4,    -1.494408E-3
1.163500E+7,    -4.267693E-4,    -1.643181E-3
1.164125E+7,    -1.945496E-4,    -1.838684E-3
1.164750E+7,    2.288818E-4,    -2.042294E-3
1.165375E+7,    1.645088E-5,    -2.011776E-3
1.166000E+7,    3.846884E-4,    -1.905680E-3
1.166625E+7,    8.759499E-4,    -1.959443E-3
1.167250E+7,    9.968281E-4,    -1.763821E-3
1.167875E+7,    9.922981E-4,    -1.798868E-3
1.168500E+7,    1.053929E-3,    -1.834154E-3
1.169125E+7,    1.006246E-3,    -1.831889E-3
1.169750E+7,    1.070976E-3,    -1.828790E-3
1.170375E+7,    1.041889E-3,    -1.888752E-3
1.171000E+7,    1.039743E-3,    -1.849890E-3
1.171625E+7,    1.062393E-3,    -1.872659E-3
1.172250E+7,    1.046181E-3,    -1.857042E-3
1.172875E+7,    1.083136E-3,    -1.923084E-3
1.173500E+7,    1.023293E-3,    -1.902819E-3
1.174125E+7,    1.043677E-3,    -1.886368E-3
1.174750E+7,    1.059413E-3,    -1.921892E-3
1.175375E+7,    1.140237E-3,    -1.916885E-3
1.176000E+7,    1.097202E-3,    -1.958609E-3
1.176625E+7,    1.121759E-3,    -2.000570E-3
1.177250E+7,    1.074553E-3,    -1.989365E-3
1.177875E+7,    1.118898E-3,    -2.049685E-3
1.178500E+7,    1.099586E-3,    -2.028942E-3
1.179125E+7,    1.154661E-3,    -2.051830E-3
1.179750E+7,    1.107931E-3,    -2.090216E-3
1.180375E+7,    1.036167E-3,    -2.050877E-3
1.181000E+7,    1.066685E-3,    -2.073050E-3
1.181625E+7,    1.086235E-3,    -2.033234E-3
1.182250E+7,    1.107454E-3,    -2.116442E-3
1.182875E+7,    1.139641E-3,    -2.146006E-3
1.183500E+7,    1.142979E-3,    -2.165079E-3
1.184125E+7,    1.156569E-3,    -2.153635E-3
1.184750E+7,    1.176596E-3,    -2.228022E-3
1.185375E+7,    1.139402E-3,    -2.234936E-3
1.186000E+7,    1.184225E-3,    -2.239704E-3
1.186625E+7,    1.196623E-3,    -2.276897E-3
1.187250E+7,    1.218557E-3,    -2.316713E-3
1.187875E+7,    1.210928E-3,    -2.310753E-3
1.188500E+7,    1.193523E-3,    -2.375603E-3
1.189125E+7,    1.231194E-3,    -2.351999E-3
1.189750E+7,    1.212120E-3,    -2.381325E-3
1.190375E+7,    1.222849E-3,    -2.397060E-3
1.191000E+7,    1.211882E-3,    -2.384186E-3
1.191625E+7,    1.286983E-3,    -2.407789E-3
1.192250E+7,    1.324177E-3,    -2.406597E-3
1.192875E+7,    1.257896E-3,    -2.437353E-3
1.193500E+7,    1.275778E-3,    -2.511263E-3
1.194125E+7,    1.245022E-3,    -2.496004E-3
1.194750E+7,    1.270771E-3,    -2.517700E-3
1.195375E+7,    1.305580E-3,    -2.573490E-3
1.196000E+7,    1.328945E-3,    -2.581835E-3
1.196625E+7,    1.281500E-3,    -2.584457E-3
1.197250E+7,    1.327991E-3,    -2.620220E-3
1.197875E+7,    1.308680E-3,    -2.657890E-3
1.198500E+7,    1.308680E-3,    -2.624035E-3
1.199125E+7,    1.327515E-3,    -2.686739E-3
1.199750E+7,    1.291037E-3,    -2.684355E-3
1.200375E+7,    1.304865E-3,    -2.769470E-3
1.201000E+7,    1.307249E-3,    -2.742529E-3
1.201625E+7,    1.328707E-3,    -2.848864E-3
1.202250E+7,    1.275539E-3,    -2.797365E-3
1.202875E+7,    1.284838E-3,    -2.849817E-3
1.203500E+7,    1.354456E-3,    -2.784014E-3
1.204125E+7,    1.299620E-3,    -2.834558E-3
1.204750E+7,    1.290798E-3,    -2.813578E-3
1.205375E+7,    1.352787E-3,    -2.853155E-3
1.206000E+7,    1.275539E-3,    -2.864599E-3
1.206625E+7,    1.382113E-3,    -2.943754E-3
1.207250E+7,    1.412868E-3,    -2.995014E-3
1.207875E+7,    1.316071E-3,    -2.989531E-3
1.208500E+7,    1.340151E-3,    -2.970695E-3
1.209125E+7,    1.341581E-3,    -2.975464E-3
1.209750E+7,    1.322746E-3,    -2.996445E-3
1.210375E+7,    1.341820E-3,    -3.031015E-3
1.211000E+7,    1.335621E-3,    -3.067970E-3
1.211625E+7,    1.389503E-3,    -3.104210E-3
1.212250E+7,    1.378059E-3,    -3.095865E-3
1.212875E+7,    1.373768E-3,    -3.164291E-3
1.213500E+7,    1.401424E-3,    -3.211260E-3
1.214125E+7,    1.378775E-3,    -3.166199E-3
1.214750E+7,    1.407623E-3,    -3.166199E-3
1.215375E+7,    1.420736E-3,    -3.278494E-3
1.216000E+7,    1.429796E-3,    -3.323078E-3
1.216625E+7,    1.439810E-3,    -3.294468E-3
1.217250E+7,    1.435280E-3,    -3.341436E-3
1.217875E+7,    1.488209E-3,    -3.347874E-3
1.218500E+7,    1.431942E-3,    -3.397942E-3
1.219125E+7,    1.445293E-3,    -3.460646E-3
1.219750E+7,    1.473188E-3,    -3.501892E-3
1.220375E+7,    1.502275E-3,    -3.522396E-3
1.221000E+7,    1.510859E-3,    -3.607512E-3
1.221625E+7,    1.453400E-3,    -3.583670E-3
1.222250E+7,    1.507998E-3,    -3.618956E-3
1.222875E+7,    1.544714E-3,    -3.676891E-3
1.223500E+7,    1.595497E-3,    -3.670216E-3
1.224125E+7,    1.554489E-3,    -3.745317E-3
1.224750E+7,    1.564980E-3,    -3.755569E-3
1.225375E+7,    1.585245E-3,    -3.852367E-3
1.226000E+7,    1.592398E-3,    -3.840923E-3
1.226625E+7,    1.612425E-3,    -3.894806E-3
1.227250E+7,    1.597404E-3,    -3.947496E-3
1.227875E+7,    1.677036E-3,    -3.991127E-3
1.228500E+7,    1.650810E-3,    -4.029751E-3
1.229125E+7,    1.657963E-3,    -4.088402E-3
1.229750E+7,    1.696587E-3,    -4.103661E-3
1.230375E+7,    1.684189E-3,    -4.191875E-3
1.231000E+7,    1.729012E-3,    -4.185677E-3
1.231625E+7,    1.673222E-3,    -4.264832E-3
1.232250E+7,    1.721859E-3,    -4.291534E-3
1.232875E+7,    1.730919E-3,    -4.371166E-3
1.233500E+7,    1.796246E-3,    -4.391193E-3
1.234125E+7,    1.814365E-3,    -4.462242E-3
1.234750E+7,    1.829147E-3,    -4.477024E-3
1.235375E+7,    1.793861E-3,    -4.566669E-3
1.236000E+7,    1.821041E-3,    -4.541397E-3
1.236625E+7,    1.843452E-3,    -4.618645E-3
1.237250E+7,    1.887321E-3,    -4.686356E-3
1.237875E+7,    1.823902E-3,    -4.739761E-3
1.238500E+7,    1.914501E-3,    -4.788876E-3
1.239125E+7,    1.860619E-3,    -4.901886E-3
1.239750E+7,    1.908302E-3,    -4.914761E-3
1.240375E+7,    1.967907E-3,    -5.002975E-3
1.241000E+7,    1.968384E-3,    -5.076885E-3
1.241625E+7,    1.951694E-3,    -5.143642E-3
1.242250E+7,    2.032280E-3,    -5.201817E-3
1.242875E+7,    2.056599E-3,    -5.274773E-3
1.243500E+7,    2.033234E-3,    -5.357742E-3
1.244125E+7,    2.058983E-3,    -5.422592E-3
1.244750E+7,    2.098083E-3,    -5.468845E-3
1.245375E+7,    2.093792E-3,    -5.508423E-3
1.246000E+7,    2.135754E-3,    -5.592346E-3
1.246625E+7,    2.151966E-3,    -5.657673E-3
1.247250E+7,    2.261162E-3,    -5.686760E-3
1.247875E+7,    2.214432E-3,    -5.842686E-3
1.248500E+7,    2.260208E-3,    -5.878448E-3
1.249125E+7,    2.258778E-3,    -6.000519E-3
1.249750E+7,    2.326012E-3,    -6.065845E-3
1.250375E+7,    2.355576E-3,    -6.175995E-3
1.251000E+7,    2.286434E-3,    -6.210327E-3
1.251625E+7,    2.405643E-3,    -6.309509E-3
1.252250E+7,    2.400398E-3,    -6.400108E-3
1.252875E+7,    2.471447E-3,    -6.472111E-3
1.253500E+7,    2.452374E-3,    -6.564140E-3
1.254125E+7,    2.470493E-3,    -6.615162E-3
1.254750E+7,    2.547741E-3,    -6.721973E-3
1.255375E+7,    2.521515E-3,    -6.829739E-3
1.256000E+7,    2.613544E-3,    -6.925106E-3
1.256625E+7,    2.604008E-3,    -7.068634E-3
1.257250E+7,    2.692699E-3,    -7.161140E-3
1.257875E+7,    2.681255E-3,    -7.254124E-3
1.258500E+7,    2.759933E-3,    -7.391930E-3
1.259125E+7,    2.745152E-3,    -7.448673E-3
1.259750E+7,    2.829552E-3,    -7.579803E-3
1.260375E+7,    2.810955E-3,    -7.727623E-3
1.261000E+7,    2.789497E-3,    -7.808208E-3
1.261625E+7,    2.884865E-3,    -8.029938E-3
1.262250E+7,    2.951622E-3,    -8.102417E-3
1.262875E+7,    2.765656E-3,    -8.467674E-3
1.263500E+7,    3.022194E-3,    -8.246422E-3
1.264125E+7,    3.133774E-3,    -8.435249E-3
1.264750E+7,    3.124237E-3,    -8.679390E-3
1.265375E+7,    3.147125E-3,    -8.711815E-3
1.266000E+7,    3.106117E-3,    -9.002686E-3
1.266625E+7,    3.195763E-3,    -9.058952E-3
1.267250E+7,    1.101494E-3,    -9.898186E-3
1.267875E+7,    2.076149E-3,    -9.981155E-3
1.268500E+7,    1.168251E-3,    -1.046371E-2
1.269125E+7,    2.401352E-3,    -1.039886E-2
1.269750E+7,    3.467560E-3,    -9.658813E-3
1.270375E+7,    1.211166E-4,    -1.014519E-2
1.271000E+7,    1.305580E-3,    -1.168537E-2
1.271625E+7,    3.661156E-3,    -1.028538E-2
1.272250E+7,    3.700256E-3,    -1.052666E-2
1.272875E+7,    3.784180E-3,    -1.075363E-2
1.273500E+7,    3.730774E-3,    -1.114178E-2
1.274125E+7,    3.809929E-3,    -1.125908E-2
1.274750E+7,    3.853321E-3,    -1.159477E-2
1.275375E+7,    3.973484E-3,    -1.152802E-2
1.276000E+7,    3.355026E-3,    -1.203108E-2
1.276625E+7,    1.833916E-3,    -1.253748E-2
1.277250E+7,    -2.197742E-3,    -9.230137E-3
1.277875E+7,    -3.436089E-3,    -1.158857E-2
1.278500E+7,    -1.552105E-3,    -1.374578E-2
1.279125E+7,    3.285408E-4,    -1.448250E-2
1.279750E+7,    3.307343E-3,    -1.357126E-2
1.280375E+7,    -1.382828E-3,    -1.334572E-2
1.281000E+7,    -4.884720E-3,    -1.140594E-2
1.281625E+7,    -3.921509E-3,    -1.534557E-2
1.282250E+7,    -4.171371E-3,    -1.518250E-2
1.282875E+7,    1.382828E-3,    -1.564598E-2
1.283500E+7,    -6.290436E-3,    -1.336479E-2
1.284125E+7,    4.405022E-3,    -1.695347E-2
1.284750E+7,    4.920959E-3,    -1.667118E-2
1.285375E+7,    3.788948E-3,    -1.775074E-2
1.286000E+7,    3.848076E-3,    -1.767349E-2
1.286625E+7,    3.815651E-3,    -1.866817E-2
1.287250E+7,    4.509926E-3,    -1.870537E-2
1.287875E+7,    5.492210E-3,    -1.837063E-2
1.288500E+7,    4.395485E-3,    -1.870728E-2
1.289125E+7,    3.176689E-3,    -2.069759E-2
1.289750E+7,    3.995895E-4,    -2.096939E-2
1.290375E+7,    3.938675E-3,    -2.049065E-2
1.291000E+7,    2.535820E-3,    -2.140331E-2
1.291625E+7,    1.514435E-3,    -2.289677E-2
1.292250E+7,    -1.138687E-3,    -2.030182E-2
1.292875E+7,    5.130768E-4,    -2.261448E-2
1.293500E+7,    -8.423805E-3,    -1.922035E-2
1.294125E+7,    -5.665779E-3,    -2.133179E-2
1.294750E+7,    -8.363724E-3,    -1.668358E-2
1.295375E+7,    -8.579254E-3,    -1.107597E-2
1.296000E+7,    -7.507801E-3,    -8.466244E-3
1.296625E+7,    -7.350445E-3,    -8.090973E-3
1.297250E+7,    -7.662773E-3,    -8.359909E-3
1.297875E+7,    -7.794380E-3,    -8.481026E-3
1.298500E+7,    -7.981300E-3,    -8.649826E-3
1.299125E+7,    -8.194923E-3,    -8.812904E-3
1.299750E+7,    -8.406639E-3,    -8.969307E-3
1.300375E+7,    -8.696556E-3,    -9.229660E-3
1.301000E+7,    -8.977890E-3,    -9.428024E-3
1.301625E+7,    -9.234428E-3,    -9.624481E-3
1.302250E+7,    -9.524345E-3,    -9.935379E-3
1.302875E+7,    -9.821892E-3,    -1.009369E-2
1.303500E+7,    -1.012611E-2,    -1.039410E-2
1.304125E+7,    -1.045895E-2,    -1.059914E-2
1.304750E+7,    -1.079082E-2,    -1.084423E-2
1.305375E+7,    -1.111794E-2,    -1.111507E-2
1.306000E+7,    -1.150131E-2,    -1.137257E-2
1.306625E+7,    -1.187038E-2,    -1.170158E-2
1.307250E+7,    -1.228905E-2,    -1.195812E-2
1.307875E+7,    -1.281643E-2,    -1.235294E-2
1.308500E+7,    -1.327515E-2,    -1.267433E-2
1.309125E+7,    -1.377487E-2,    -1.305294E-2
1.309750E+7,    -1.424026E-2,    -1.335430E-2
1.310375E+7,    -1.473331E-2,    -1.370525E-2
1.311000E+7,    -1.530075E-2,    -1.407242E-2
1.311625E+7,    -1.592731E-2,    -1.447201E-2
1.312250E+7,    -1.659298E-2,    -1.497173E-2
1.312875E+7,    -1.726723E-2,    -1.542664E-2
1.313500E+7,    -1.800919E-2,    -1.590157E-2
1.314125E+7,    -1.869774E-2,    -1.632118E-2
1.314750E+7,    -1.957512E-2,    -1.683617E-2
1.315375E+7,    -2.071381E-2,    -1.758003E-2
1.316000E+7,    -2.162743E-2,    -1.815987E-2
1.316625E+7,    -2.256584E-2,    -1.877594E-2
1.317250E+7,    -2.345848E-2,    -1.917458E-2
1.317875E+7,    -2.469826E-2,    -1.986694E-2
1.318500E+7,    -2.577400E-2,    -2.054024E-2
1.319125E+7,    -2.725220E-2,    -2.128410E-2
1.319750E+7,    -2.818489E-2,    -2.179718E-2
1.320375E+7,    -2.968216E-2,    -2.241898E-2
1.321000E+7,    -3.146362E-2,    -2.351379E-2
1.321625E+7,    -3.267097E-2,    -2.388382E-2
1.322250E+7,    -3.437805E-2,    -2.466393E-2
1.322875E+7,    -3.655434E-2,    -2.565384E-2
1.323500E+7,    -3.888702E-2,    -2.664566E-2
1.324125E+7,    -4.157257E-2,    -2.787399E-2
1.324750E+7,    -4.487991E-2,    -2.941513E-2
1.325375E+7,    -4.838562E-2,    -3.097916E-2
1.326000E+7,    -5.104446E-2,    -3.172684E-2
1.326625E+7,    -5.442047E-2,    -3.288269E-2
1.327250E+7,    -5.823517E-2,    -3.411102E-2
1.327875E+7,    -6.293106E-2,    -3.547287E-2
1.328500E+7,    -6.675339E-2,    -3.637695E-2
1.329125E+7,    -7.267761E-2,    -3.824234E-2
1.329750E+7,    -7.773209E-2,    -3.942108E-2
1.330375E+7,    -8.300781E-2,    -3.984070E-2
1.331000E+7,    -9.208679E-2,    -4.159546E-2
1.331625E+7,    -9.926605E-2,    -4.287720E-2
1.332250E+7,    -1.099396E-1,    -4.447937E-2
1.332875E+7,    -1.153564E-1,    -4.418945E-2
1.333500E+7,    -1.223068E-1,    -4.206848E-2
1.334125E+7,    -1.309128E-1,    -4.173279E-2
1.334750E+7,    -1.421814E-1,    -3.991699E-2
1.335375E+7,    -1.580963E-1,    -3.842163E-2
1.336000E+7,    -1.720276E-1,    -3.623962E-2
1.336625E+7,    -1.867905E-1,    -2.949524E-2
1.337250E+7,    -2.077637E-1,    -2.462006E-2
1.337875E+7,    -2.263565E-1,    -1.457977E-2
1.338500E+7,    -2.466278E-1,    -1.968384E-3
1.339125E+7,    -2.743835E-1,    1.577759E-2
1.339750E+7,    -2.972870E-1,    3.817749E-2
1.340375E+7,    -3.204956E-1,    6.791687E-2
1.341000E+7,    -3.440704E-1,    1.065216E-1
1.341625E+7,    -3.668518E-1,    1.554718E-1
1.342250E+7,    -3.784637E-1,    2.135620E-1
1.342875E+7,    -3.808441E-1,    2.821045E-1
1.343500E+7,    -3.679504E-1,    3.562469E-1
1.344125E+7,    -3.309326E-1,    4.235535E-1
1.344750E+7,    -2.804260E-1,    4.902649E-1
1.345375E+7,    -2.150269E-1,    5.413513E-1
1.346000E+7,    -1.399231E-1,    5.737305E-1
1.346625E+7,    -6.402588E-2,    5.955505E-1
1.347250E+7,    9.918213E-3,    6.048889E-1
1.347875E+7,    7.836914E-2,    5.933838E-1
1.348500E+7,    1.404419E-1,    5.718384E-1
1.349125E+7,    1.957397E-1,    5.491333E-1
1.349750E+7,    2.466736E-1,    5.249023E-1
1.350375E+7,    2.958679E-1,    5.014648E-1
1.351000E+7,    3.370972E-1,    4.696960E-1
1.351625E+7,    3.764343E-1,    4.366760E-1
1.352250E+7,    4.162292E-1,    4.026489E-1
1.352875E+7,    4.544067E-1,    3.647766E-1
1.353500E+7,    4.920349E-1,    3.232727E-1
1.354125E+7,    5.258789E-1,    2.751465E-1
1.354750E+7,    5.574951E-1,    2.212219E-1
1.355375E+7,    5.828857E-1,    1.588745E-1
1.356000E+7,    5.982666E-1,    9.011841E-2
1.356625E+7,    6.021729E-1,    1.593018E-2
1.357250E+7,    5.914307E-1,    -5.987549E-2
1.357875E+7,    5.667725E-1,    -1.334229E-1
1.358500E+7,    5.269775E-1,    -1.987915E-1
1.359125E+7,    4.749146E-1,    -2.523193E-1
1.359750E+7,    4.174805E-1,    -2.923584E-1
1.360375E+7,    3.579102E-1,    -3.175659E-1
1.361000E+7,    3.000488E-1,    -3.291016E-1
1.361625E+7,    2.478943E-1,    -3.302917E-1
1.362250E+7,    2.014160E-1,    -3.243103E-1
1.362875E+7,    1.613464E-1,    -3.132019E-1
1.363500E+7,    1.285400E-1,    -2.999878E-1
1.364125E+7,    1.009521E-1,    -2.837219E-1
1.364750E+7,    7.794189E-2,    -2.674255E-1
1.365375E+7,    5.947876E-2,    -2.518005E-1
1.366000E+7,    4.420471E-2,    -2.365570E-1
1.366625E+7,    3.189087E-2,    -2.225952E-1
1.367250E+7,    2.131653E-2,    -2.090607E-1
1.367875E+7,    1.319885E-2,    -1.962280E-1
1.368500E+7,    6.179810E-3,    -1.845398E-1
1.369125E+7,    6.561279E-4,    -1.733704E-1
1.369750E+7,    -4.058838E-3,    -1.636505E-1
1.370375E+7,    -7.934570E-3,    -1.545410E-1
1.371000E+7,    -1.094055E-2,    -1.463013E-1
1.371625E+7,    -1.368713E-2,    -1.387482E-1
1.372250E+7,    -1.576233E-2,    -1.316986E-1
1.372875E+7,    -1.760864E-2,    -1.255798E-1
1.373500E+7,    -1.919556E-2,    -1.194458E-1
1.374125E+7,    -2.009583E-2,    -1.142426E-1
1.374750E+7,    -2.101135E-2,    -1.092529E-1
1.375375E+7,    -2.235413E-2,    -1.043549E-1
1.376000E+7,    -2.278900E-2,    -1.006012E-1
1.376625E+7,    -2.342224E-2,    -9.633636E-2
1.377250E+7,    -2.377319E-2,    -9.297943E-2
1.377875E+7,    -2.429962E-2,    -8.980560E-2
1.378500E+7,    -2.478790E-2,    -8.679962E-2
1.379125E+7,    -2.503967E-2,    -8.388519E-2
1.379750E+7,    -2.539062E-2,    -8.101654E-2
1.380375E+7,    -2.565002E-2,    -7.865143E-2
1.381000E+7,    -2.590179E-2,    -7.620239E-2
1.381625E+7,    -2.610779E-2,    -7.428741E-2
1.382250E+7,    -2.614594E-2,    -7.228851E-2
1.382875E+7,    -2.652740E-2,    -7.054138E-2
1.383500E+7,    -2.659607E-2,    -6.900024E-2
1.384125E+7,    -2.679443E-2,    -6.748962E-2
1.384750E+7,    -2.706909E-2,    -6.597900E-2
1.385375E+7,    -2.728271E-2,    -6.474304E-2
1.386000E+7,    -2.743530E-2,    -6.353760E-2
1.386625E+7,    -2.784729E-2,    -6.247711E-2
1.387250E+7,    -2.809143E-2,    -6.156158E-2
1.387875E+7,    -2.834320E-2,    -6.067657E-2
1.388500E+7,    -2.882385E-2,    -5.999756E-2
1.389125E+7,    -2.914429E-2,    -5.931854E-2
1.389750E+7,    -2.966309E-2,    -5.863953E-2
1.390375E+7,    -3.018188E-2,    -5.815887E-2
1.391000E+7,    -3.062439E-2,    -5.778503E-2
1.391625E+7,    -3.132629E-2,    -5.739594E-2
1.392250E+7,    -3.207397E-2,    -5.724335E-2
1.392875E+7,    -3.289032E-2,    -5.712891E-2
1.393500E+7,    -3.368378E-2,    -5.713654E-2
1.394125E+7,    -3.470993E-2,    -5.715179E-2
1.394750E+7,    -3.585052E-2,    -5.730057E-2
1.395375E+7,    -3.713226E-2,    -5.760574E-2
1.396000E+7,    -3.862000E-2,    -5.796814E-2
1.396625E+7,    -4.028702E-2,    -5.846786E-2
1.397250E+7,    -4.225540E-2,    -5.909729E-2
1.397875E+7,    -4.440308E-2,    -5.971146E-2
1.398500E+7,    -4.695129E-2,    -6.062317E-2
1.399125E+7,    -5.002975E-2,    -6.153870E-2
1.399750E+7,    -5.357361E-2,    -6.269836E-2
1.400375E+7,    -5.770493E-2,    -6.380844E-2
1.401000E+7,    -6.275177E-2,    -6.495667E-2
1.401625E+7,    -6.867981E-2,    -6.616211E-2
1.402250E+7,    -7.621002E-2,    -6.689453E-2
1.402875E+7,    -8.528900E-2,    -6.729126E-2
1.403500E+7,    -9.655762E-2,    -6.668091E-2
1.404125E+7,    -1.104736E-1,    -6.400299E-2
1.404750E+7,    -1.270370E-1,    -5.795288E-2
1.405375E+7,    -1.464157E-1,    -4.559326E-2
1.406000E+7,    -1.660767E-1,    -2.368927E-2
1.406625E+7,    -1.795120E-1,    9.559631E-3
1.407250E+7,    -1.782074E-1,    5.216980E-2
1.407875E+7,    -1.566162E-1,    9.301758E-2
1.408500E+7,    -1.207962E-1,    1.177139E-1
1.409125E+7,    -8.344269E-2,    1.239395E-1
1.409750E+7,    -5.344391E-2,    1.177597E-1
1.410375E+7,    -3.215790E-2,    1.065903E-1
1.411000E+7,    -1.823425E-2,    9.383392E-2
1.411625E+7,    -8.979797E-3,    8.251190E-2
1.412250E+7,    -3.227234E-3,    7.236481E-2
1.412875E+7,    6.408691E-4,    6.391907E-2
1.413500E+7,    2.975464E-3,    5.663681E-2
1.414125E+7,    4.707336E-3,    5.038071E-2
1.414750E+7,    5.649567E-3,    4.513931E-2
1.415375E+7,    6.217957E-3,    4.075241E-2
1.416000E+7,    6.526947E-3,    3.680801E-2
1.416625E+7,    6.721497E-3,    3.343964E-2
1.417250E+7,    6.698608E-3,    3.050232E-2
1.417875E+7,    6.637573E-3,    2.797318E-2
1.418500E+7,    6.509781E-3,    2.566147E-2
1.419125E+7,    6.361961E-3,    2.368832E-2
1.419750E+7,    6.185532E-3,    2.190971E-2
1.420375E+7,    5.998611E-3,    2.031326E-2
1.421000E+7,    5.791664E-3,    1.887703E-2
1.421625E+7,    5.601883E-3,    1.757431E-2
1.422250E+7,    5.399704E-3,    1.639557E-2
1.422875E+7,    5.151749E-3,    1.532555E-2
1.423500E+7,    4.964828E-3,    1.434517E-2
1.424125E+7,    4.780769E-3,    1.348400E-2
1.424750E+7,    4.585266E-3,    1.265526E-2
1.425375E+7,    4.416466E-3,    1.190472E-2
1.426000E+7,    4.268169E-3,    1.121807E-2
1.426625E+7,    4.079342E-3,    1.059675E-2
1.427250E+7,    3.945827E-3,    9.988308E-3
1.427875E+7,    3.775120E-3,    9.434223E-3
1.428500E+7,    3.630638E-3,    8.968830E-3
1.429125E+7,    3.486156E-3,    8.471012E-3
1.429750E+7,    3.363609E-3,    8.064747E-3
1.430375E+7,    3.221989E-3,    7.666111E-3
1.431000E+7,    3.118515E-3,    7.267475E-3
1.431625E+7,    2.982140E-3,    6.925106E-3
1.432250E+7,    2.882957E-3,    6.588459E-3
1.432875E+7,    2.768517E-3,    6.280422E-3
1.433500E+7,    2.680779E-3,    5.985737E-3
1.434125E+7,    2.585411E-3,    5.683899E-3
1.434750E+7,    2.493382E-3,    5.454063E-3
1.435375E+7,    2.411842E-3,    5.213737E-3
1.436000E+7,    2.315760E-3,    4.989624E-3
1.436625E+7,    2.234936E-3,    4.768848E-3
1.437250E+7,    2.161503E-3,    4.546165E-3
1.437875E+7,    2.080202E-3,    4.371643E-3
1.438500E+7,    2.048016E-3,    4.207850E-3
1.439125E+7,    1.944304E-3,    4.020929E-3
1.439750E+7,    1.895189E-3,    3.849268E-3
1.440375E+7,    1.828671E-3,    3.704786E-3
1.441000E+7,    1.756430E-3,    3.545761E-3
1.441625E+7,    1.692772E-3,    3.407717E-3
1.442250E+7,    1.641512E-3,    3.275156E-3
1.442875E+7,    1.583815E-3,    3.157854E-3
1.443500E+7,    1.526833E-3,    3.045082E-3
1.444125E+7,    1.476526E-3,    2.905607E-3
1.444750E+7,    1.439095E-3,    2.815485E-3
1.445375E+7,    1.380444E-3,    2.732754E-3
1.446000E+7,    1.360297E-3,    2.600312E-3
1.446625E+7,    1.299024E-3,    2.518058E-3
1.447250E+7,    1.268029E-3,    2.432942E-3
1.447875E+7,    1.224160E-3,    2.333760E-3
1.448500E+7,    1.207471E-3,    2.266884E-3
1.449125E+7,    1.147628E-3,    2.172709E-3
1.449750E+7,    1.126409E-3,    2.096772E-3
1.450375E+7,    1.080394E-3,    2.024770E-3
1.451000E+7,    1.049638E-3,    1.923442E-3
1.451625E+7,    1.029134E-3,    1.880407E-3
1.452250E+7,    1.012564E-3,    1.829028E-3
1.452875E+7,    9.495020E-4,    1.756668E-3
1.453500E+7,    9.201765E-4,    1.683116E-3
1.454125E+7,    9.182692E-4,    1.649499E-3
1.454750E+7,    9.020567E-4,    1.589894E-3
1.455375E+7,    8.610487E-4,    1.537561E-3
1.456000E+7,    8.444786E-4,    1.486897E-3
1.456625E+7,    8.158684E-4,    1.453996E-3
1.457250E+7,    7.956028E-4,    1.419663E-3
1.457875E+7,    7.611513E-4,    1.356840E-3
1.458500E+7,    7.560253E-4,    1.325250E-3
1.459125E+7,    7.360578E-4,    1.262963E-3
1.459750E+7,    6.963611E-4,    1.219094E-3
1.460375E+7,    6.895661E-4,    1.196563E-3
1.461000E+7,    7.035732E-4,    1.153886E-3
1.461625E+7,    6.442070E-4,    1.141727E-3
1.462250E+7,    6.274581E-4,    1.055479E-3
1.462875E+7,    6.210208E-4,    1.056671E-3
1.463500E+7,    5.889535E-4,    1.010895E-3
1.464125E+7,    5.785823E-4,    1.004457E-3
1.464750E+7,    5.766749E-4,    9.654164E-4
1.465375E+7,    5.317926E-4,    9.309649E-4
1.466000E+7,    5.591512E-4,    9.014010E-4
1.466625E+7,    5.447865E-4,    8.665919E-4
1.467250E+7,    5.350709E-4,    8.597374E-4
1.467875E+7,    5.072951E-4,    8.284450E-4
1.468500E+7,    4.888773E-4,    8.092523E-4
1.469125E+7,    4.745722E-4,    7.828474E-4
1.469750E+7,    4.677773E-4,    7.454753E-4
1.470375E+7,    4.306436E-4,    7.552505E-4
1.471000E+7,    4.369617E-4,    7.299185E-4
1.471625E+7,    4.328489E-4,    6.992221E-4
1.472250E+7,    4.185438E-4,    6.732345E-4
1.472875E+7,    4.100800E-4,    6.680489E-4
1.473500E+7,    4.011989E-4,    6.237030E-4
1.474125E+7,    3.709793E-4,    6.095171E-4
1.474750E+7,    3.837347E-4,    6.201863E-4
1.475375E+7,    3.701448E-4,    5.773604E-4
1.476000E+7,    3.456473E-4,    5.683303E-4
1.476625E+7,    3.403425E-4,    5.697310E-4
1.477250E+7,    3.443360E-4,    5.449355E-4
1.477875E+7,    3.429651E-4,    5.295873E-4
1.478500E+7,    3.180206E-4,    4.911125E-4
1.479125E+7,    3.201365E-4,    5.054474E-4
1.479750E+7,    3.283620E-4,    4.645288E-4
1.480375E+7,    2.970695E-4,    4.653633E-4
1.481000E+7,    3.012717E-4,    4.641414E-4
1.481625E+7,    2.892613E-4,    4.292428E-4
1.482250E+7,    2.777576E-4,    4.327893E-4
1.482875E+7,    2.666712E-4,    4.279613E-4
1.483500E+7,    2.807081E-4,    4.008710E-4
1.484125E+7,    2.585351E-4,    4.079044E-4
1.484750E+7,    2.523959E-4,    4.086494E-4
1.485375E+7,    2.661645E-4,    4.121661E-4
1.486000E+7,    2.499223E-4,    3.710687E-4
1.486625E+7,    2.541840E-4,    3.775060E-4
1.487250E+7,    2.346039E-4,    3.375411E-4
1.487875E+7,    2.272129E-4,    3.468394E-4
1.488500E+7,    2.173185E-4,    3.342330E-4
1.489125E+7,    2.055168E-4,    3.465116E-4
1.489750E+7,    2.160072E-4,    3.110766E-4
1.490375E+7,    2.074242E-4,    3.064573E-4
1.491000E+7,    1.936108E-4,    2.879649E-4
1.491625E+7,    1.897216E-4,    3.047585E-4
1.492250E+7,    1.956075E-4,    2.638847E-4
1.492875E+7,    1.845062E-4,    3.062487E-4
1.493500E+7,    1.740158E-4,    2.947897E-4
1.494125E+7,    1.818389E-4,    2.600700E-4
1.494750E+7,    1.796335E-4,    2.611428E-4
1.495375E+7,    1.964420E-4,    2.624989E-4
1.496000E+7,    1.568943E-4,    2.382398E-4
1.496625E+7,    1.668185E-4,    2.499521E-4
1.497250E+7,    1.644641E-4,    2.430081E-4
1.497875E+7,    1.598001E-4,    2.291352E-4
1.498500E+7,    1.743436E-4,    2.231896E-4
1.499125E+7,    1.486838E-4,    2.250969E-4
1.499750E+7,    1.436770E-4,    2.194941E-4
1.500375E+7,    1.294017E-4,    1.932234E-4
1.501000E+7,    1.257509E-4,    2.104044E-4
1.501625E+7,    1.447052E-4,    1.868457E-4
1.502250E+7,    1.302361E-4,    2.090335E-4
1.502875E+7,    1.682043E-4,    1.931190E-4
1.503500E+7,    1.280606E-4,    1.698732E-4
1.504125E+7,    1.081079E-4,    1.787692E-4
1.504750E+7,    1.371056E-4,    1.502186E-4
1.505375E+7,    1.115799E-4,    2.017319E-4
1.506000E+7,    1.133978E-4,    1.682490E-4
1.506625E+7,    1.427829E-4,    1.871735E-4
1.507250E+7,    1.057535E-4,    1.392066E-4
1.507875E+7,    1.249760E-4,    1.625866E-4
1.508500E+7,    9.983033E-5,    1.490340E-4
1.509125E+7,    8.955598E-5,    1.617819E-4
1.509750E+7,    1.079440E-4,    1.287460E-4
1.510375E+7,    9.779632E-5,    1.496673E-4
1.511000E+7,    1.138300E-4,    1.586676E-4
1.511625E+7,    1.116097E-4,    1.432300E-4
1.512250E+7,    9.886920E-5,    1.408979E-4
1.512875E+7,    1.058653E-4,    1.372918E-4
1.513500E+7,    8.659065E-5,    1.299381E-4
1.514125E+7,    7.750839E-5,    1.262054E-4
1.514750E+7,    9.085238E-5,    1.278445E-4
1.515375E+7,    7.825345E-5,    1.176447E-4
1.516000E+7,    8.860976E-5,    1.290590E-4
1.516625E+7,    8.888543E-5,    1.124516E-4
1.517250E+7,    7.283688E-5,    1.203567E-4
1.517875E+7,    1.027659E-4,    1.050830E-4
1.518500E+7,    6.365031E-5,    1.002029E-4
1.519125E+7,    6.414950E-5,    1.081526E-4
1.519750E+7,    6.719679E-5,    7.344782E-5
1.520375E+7,    9.480864E-5,    1.175255E-4
1.521000E+7,    6.536394E-5,    1.079440E-4
1.521625E+7,    9.170175E-5,    8.594990E-5
1.522250E+7,    5.612522E-5,    9.714812E-5
1.522875E+7,    5.314499E-5,    9.869784E-5
1.523500E+7,    6.309897E-5,    8.472800E-5
1.524125E+7,    7.370859E-5,    9.601563E-5
1.524750E+7,    3.709644E-5,    9.067357E-5
1.525375E+7,    5.426258E-5,    8.990616E-5
1.526000E+7,    7.081777E-5,    8.083880E-5
1.526625E+7,    5.479157E-5,    8.200109E-5
1.527250E+7,    8.251518E-5,    8.392334E-5
1.527875E+7,    6.616861E-5,    8.495897E-5
1.528500E+7,    4.256889E-5,    8.140132E-5
1.529125E+7,    6.493181E-5,    1.042858E-4
1.529750E+7,    5.690753E-5,    8.232147E-5
1.530375E+7,    6.753206E-5,    8.480251E-5
1.531000E+7,    7.770211E-5,    7.025898E-5
1.531625E+7,    5.297363E-5,    6.650388E-5
1.532250E+7,    4.588813E-5,    6.133690E-5
1.532875E+7,    5.317107E-5,    6.559864E-5
1.533500E+7,    5.374849E-5,    5.807355E-5
1.534125E+7,    4.807860E-5,    7.133931E-5
1.534750E+7,    3.633648E-5,    8.862466E-5
1.535375E+7,    5.659461E-5,    7.385761E-5
1.536000E+7,    5.804002E-5,    6.176904E-5
1.536625E+7,    1.362339E-5,    6.037578E-5
1.537250E+7,    4.449487E-5,    6.996840E-5
1.537875E+7,    1.658127E-5,    4.905090E-5
1.538500E+7,    4.549325E-5,    6.209686E-5
1.539125E+7,    2.861395E-5,    5.221367E-5
1.539750E+7,    1.716614E-5,    4.990399E-5
1.540375E+7,    3.153458E-5,    5.524606E-5
1.541000E+7,    3.791600E-5,    5.012751E-5
1.541625E+7,    3.712252E-5,    6.237999E-5
1.542250E+7,    4.500896E-5,    5.115569E-5
1.542875E+7,    3.368780E-5,    6.500259E-5
1.543500E+7,    1.474097E-5,    5.656853E-5
1.544125E+7,    2.183020E-5,    4.706159E-5
1.544750E+7,    2.228841E-5,    4.724786E-5
1.545375E+7,    4.159659E-5,    4.515052E-5
1.546000E+7,    5.010888E-5,    4.060566E-5
1.546625E+7,    5.126372E-5,    3.565103E-5
1.547250E+7,    5.645677E-6,    3.740191E-5
1.547875E+7,    3.585964E-5,    3.623217E-5
1.548500E+7,    3.011152E-5,    4.886836E-5
1.549125E+7,    2.468005E-6,    3.984384E-5
1.549750E+7,    2.814084E-5,    2.315082E-5
1.550375E+7,    1.189485E-5,    2.490543E-5
1.551000E+7,    5.197898E-5,    1.760200E-5
1.551625E+7,    3.457814E-5,    3.952533E-5
1.552250E+7,    4.281849E-5,    3.017858E-5
1.552875E+7,    4.561245E-5,    3.966317E-5
1.553500E+7,    2.598949E-5,    2.083741E-5
1.554125E+7,    3.549829E-5,    5.197525E-5
1.554750E+7,    3.346801E-5,    4.513562E-5
1.555375E+7,    3.042445E-5,    5.784631E-5
1.556000E+7,    4.059076E-5,    7.158145E-5
1.556625E+7,    1.118705E-5,    5.477294E-5
1.557250E+7,    3.997236E-6,    2.122857E-5
1.557875E+7,    5.162135E-5,    2.868846E-5
1.558500E+7,    1.334772E-5,    1.024827E-5
1.559125E+7,    1.094490E-5,    3.313087E-5
1.559750E+7,    2.669729E-5,    2.010912E-5
1.560375E+7,    2.262555E-5,    2.367422E-6
1.561000E+7,    1.026224E-5,    1.255330E-5
1.561625E+7,    2.294779E-5,    3.426708E-5
1.562250E+7,    2.372824E-5,    2.224743E-5
1.562875E+7,    1.354329E-5,    4.195794E-5
1.563500E+7,    2.344139E-5,    2.186745E-5
1.564125E+7,    2.698787E-5,    7.839873E-6
1.564750E+7,    1.788884E-5,    1.511164E-5
1.565375E+7,    -8.428469E-7,    1.090998E-5
1.566000E+7,    2.075732E-5,    1.244992E-5
1.566625E+7,    -5.836599E-6,    5.054986E-6
1.567250E+7,    6.536022E-6,    2.498738E-5
1.567875E+7,    2.452359E-5,    3.960729E-5
1.568500E+7,    1.943763E-5,    -6.875023E-6
1.569125E+7,    -6.407499E-6,    1.586601E-5
1.569750E+7,    1.237355E-5,    1.965277E-5
1.570375E+7,    8.508563E-6,    4.366040E-5
1.571000E+7,    -3.347639E-6,    1.326390E-5
1.571625E+7,    1.583621E-5,    6.102957E-6
1.572250E+7,    1.027156E-5,    1.123920E-5
1.572875E+7,    2.294034E-5,    3.060885E-5
1.573500E+7,    -4.065223E-7,    1.071952E-5
1.574125E+7,    7.918570E-6,    2.954155E-6
1.574750E+7,    1.831539E-5,    1.400150E-5
1.575375E+7,    1.288392E-5,    1.908466E-5
1.576000E+7,    3.156811E-5,    2.219900E-5
1.576625E+7,    1.622830E-5,    -5.020760E-6
1.577250E+7,    5.264301E-6,    5.455688E-6
1.577875E+7,    2.554152E-6,    8.089468E-6
1.578500E+7,    2.404489E-5,    8.344650E-6
1.579125E+7,    1.052953E-5,    2.153777E-5
1.579750E+7,    2.679881E-5,    -5.229376E-6
1.580375E+7,    -6.705523E-8,    2.138130E-5
1.581000E+7,    -4.656613E-10,    -1.068879E-5
1.581625E+7,    2.711080E-6,    1.864042E-5
1.582250E+7,    1.602340E-5,    5.245209E-6
1.582875E+7,    8.015893E-6,    2.575107E-6
1.583500E+7,    1.630187E-5,    2.646260E-5
1.584125E+7,    1.732260E-7,    1.066132E-5
1.584750E+7,    -2.820045E-6,    -7.952098E-6
1.585375E+7,    -1.324713E-5,    2.950896E-6
1.586000E+7,    -5.559996E-7,    -2.127513E-5
1.586625E+7,    -4.887581E-6,    1.611467E-5
1.587250E+7,    1.169369E-5,    3.152899E-5
1.587875E+7,    3.809109E-7,    1.063198E-5
1.588500E+7,    -1.359265E-5,    -7.441267E-6
1.589125E+7,    -5.992129E-6,    -1.570396E-5
1.589750E+7,    2.531568E-6,    -2.771267E-6
1.590375E+7,    6.118789E-6,    1.563318E-5
1.591000E+7,    1.061102E-5,    -5.364418E-7
1.591625E+7,    -1.505483E-5,    1.673400E-5
1.592250E+7,    -6.360933E-7,    -1.059147E-5
1.592875E+7,    6.672926E-7,    1.058355E-5
1.593500E+7,    2.322346E-5,    3.034808E-5
1.594125E+7,    -2.460321E-6,    2.822489E-6
1.594750E+7,    -7.585622E-7,    -1.055840E-5
1.595375E+7,    6.428920E-6,    1.544971E-5
1.596000E+7,    -8.117873E-6,    -2.035871E-6
1.596625E+7,    1.952983E-5,    1.169741E-5
1.597250E+7,    2.288632E-5,    1.932681E-5
1.597875E+7,    -1.148134E-5,    -9.642914E-6
1.598500E+7,    9.124167E-6,    1.245923E-5
1.599125E+7,    1.532584E-5,    -6.755814E-6
1.599750E+7,    2.374407E-6,    -2.892106E-6
1.600375E+7,    7.192045E-5,    1.069307E-4
1.601000E+7,    -3.770366E-5,    -3.535673E-5
1.601625E+7,    4.719198E-5,    -8.574501E-5
1.602250E+7,    1.062453E-5,    -4.547834E-5
1.602875E+7,    1.566112E-5,    1.135468E-4
1.603500E+7,    2.469867E-5,    8.624047E-5
1.604125E+7,    7.170439E-5,    -6.027520E-6
1.604750E+7,    8.392334E-5,    -2.326667E-4
1.605375E+7,    1.683831E-6,    1.451373E-4
1.606000E+7,    -4.868954E-6,    -1.024902E-4
1.606625E+7,    -9.797513E-5,    -6.221980E-5
1.607250E+7,    -7.592887E-5,    1.358166E-4
1.607875E+7,    9.001046E-5,    -5.434453E-5
1.608500E+7,    3.148057E-5,    -4.261732E-5
1.609125E+7,    2.838671E-6,    -1.055002E-4
1.609750E+7,    -1.866370E-5,    -1.455285E-5
1.610375E+7,    -3.966875E-5,    -2.389587E-5
1.611000E+7,    9.242445E-6,    -7.759035E-5
1.611625E+7,    1.218468E-4,    7.923692E-5
1.612250E+7,    -5.570427E-5,    1.923181E-5
1.612875E+7,    3.933720E-5,    1.747534E-5
1.613500E+7,    2.622791E-5,    1.169927E-5
1.614125E+7,    9.573996E-7,    -9.389222E-5
1.614750E+7,    -2.066046E-5,    -5.944818E-5
1.615375E+7,    6.639212E-5,    4.841015E-5
1.616000E+7,    3.613718E-5,    3.501773E-6
1.616625E+7,    -2.907123E-6,    -7.588882E-6
1.617250E+7,    5.375221E-5,    -1.863576E-5
1.617875E+7,    -7.126480E-6,    4.762225E-5
1.618500E+7,    -6.892532E-5,    3.675371E-5
1.619125E+7,    5.903840E-5,    -3.220513E-6
1.619750E+7,    -1.322664E-5,    -3.198907E-5
1.620375E+7,    1.347810E-5,    5.768612E-5
1.621000E+7,    8.512661E-5,    2.863258E-5
1.621625E+7,    -3.522262E-5,    6.591156E-5
1.622250E+7,    1.787394E-5,    -1.047924E-5
1.622875E+7,    -2.344884E-5,    -3.058650E-5
1.623500E+7,    -2.045464E-5,    9.216368E-6
1.624125E+7,    1.695007E-5,    -1.004115E-4
1.624750E+7,    9.335577E-5,    7.740408E-5
1.625375E+7,    8.426607E-6,    6.802753E-5
1.626000E+7,    -3.222376E-6,    -6.549805E-5
1.626625E+7,    3.357977E-5,    1.636334E-5
1.627250E+7,    2.033822E-5,    -2.205744E-5
1.627875E+7,    5.407631E-5,    1.358613E-5
1.628500E+7,    -6.675348E-5,    5.744398E-6
1.629125E+7,    -6.739050E-6,    9.902567E-5
1.629750E+7,    2.950430E-6,    3.981963E-5
1.630375E+7,    -2.799369E-5,    3.109127E-5
1.631000E+7,    -3.027171E-5,    6.195903E-5
1.631625E+7,    3.539026E-5,    -6.584078E-5
1.632250E+7,    -6.077811E-5,    9.819865E-5
1.632875E+7,    8.767843E-5,    3.650039E-5
1.633500E+7,    -1.730770E-5,    8.103997E-5
1.634125E+7,    3.586896E-5,    -1.446158E-5
1.634750E+7,    -1.553260E-5,    -1.399592E-5
1.635375E+7,    1.486391E-5,    -6.309524E-5
1.636000E+7,    3.273040E-5,    -9.277835E-5
1.636625E+7,    6.826967E-5,    -1.457259E-4
1.637250E+7,    3.562495E-5,    -4.653446E-5
1.637875E+7,    -3.015250E-5,    9.403378E-5
1.638500E+7,    6.686524E-5,    7.156283E-6
1.639125E+7,    8.447841E-5,    -4.823506E-5
1.639750E+7,    -1.005977E-4,    -3.657490E-5
1.640375E+7,    2.812594E-5,    -2.465490E-5
1.641000E+7,    -1.504719E-4,    -1.699924E-4
1.641625E+7,    2.020411E-5,    -5.413219E-5
1.642250E+7,    1.161918E-4,    6.993115E-5
1.642875E+7,    2.657995E-6,    1.412816E-5
1.643500E+7,    -2.152473E-5,    -1.451299E-4
1.644125E+7,    1.132004E-4,    -2.082437E-6
1.644750E+7,    -1.182593E-4,    3.156438E-5
1.645375E+7,    -1.788512E-5,    1.684297E-5
1.646000E+7,    2.291799E-5,    -3.358535E-5
1.646625E+7,    4.879571E-5,    -1.447275E-5
1.647250E+7,    -2.677552E-6,    -2.057105E-5
1.647875E+7,    -5.374663E-5,    4.408322E-5
1.648500E+7,    7.890165E-6,    2.952479E-5
1.649125E+7,    9.229034E-5,    -6.350502E-5
1.649750E+7,    3.344566E-5,    -2.752990E-6
1.650375E+7,    -4.004687E-8,    -6.437302E-6
1.651000E+7,    -5.392544E-5,    3.116392E-5
1.651625E+7,    -1.300126E-5,    -2.571382E-5
1.652250E+7,    1.822039E-5,    4.754215E-5
1.652875E+7,    6.919727E-5,    -9.434670E-5
1.653500E+7,    -4.102290E-5,    3.757142E-5
1.654125E+7,    -5.909055E-5,    3.501959E-5
1.654750E+7,    -9.261072E-5,    3.772601E-5
1.655375E+7,    3.072061E-5,    -4.910678E-5
1.656000E+7,    -2.824236E-5,    1.813192E-5
1.656625E+7,    -3.634393E-5,    -6.943941E-5
1.657250E+7,    -9.350479E-6,    2.139583E-4
1.657875E+7,    3.626198E-5,    4.366413E-5
1.658500E+7,    -4.873052E-5,    8.525327E-5
1.659125E+7,    -4.123338E-5,    -1.167879E-6
1.659750E+7,    5.955249E-5,    8.096546E-5
1.660375E+7,    3.340282E-5,    -2.843514E-5
1.661000E+7,    -1.303107E-5,    -5.147606E-5
1.661625E+7,    -1.547020E-5,    -1.238659E-6
1.662250E+7,    4.370511E-5,    -6.197393E-5
1.662875E+7,    2.852082E-5,    7.210299E-5
1.663500E+7,    -1.031607E-4,    3.251061E-5
1.664125E+7,    -6.708130E-5,    5.308539E-6
1.664750E+7,    1.213402E-4,    5.397201E-5
1.665375E+7,    6.705150E-5,    -3.111735E-5
1.666000E+7,    -2.856553E-5,    -1.044348E-4
1.666625E+7,    -1.140870E-8,    -6.449176E-6
1.667250E+7,    1.039356E-5,    6.963685E-5
1.667875E+7,    -1.316816E-4,    -7.207692E-5
1.668500E+7,    -6.964430E-5,    4.902482E-5
1.669125E+7,    5.161017E-5,    8.371472E-5
1.669750E+7,    -2.674758E-6,    -1.948252E-4
1.670375E+7,    -7.232651E-5,    -2.961233E-5
1.671000E+7,    7.687137E-6,    -6.066263E-5
1.671625E+7,    1.034141E-4,    1.096427E-4
1.672250E+7,    2.064928E-5,    3.613345E-5
1.672875E+7,    1.550466E-5,    -1.163688E-5
1.673500E+7,    5.685538E-5,    1.639202E-4
1.674125E+7,    6.424487E-4,    -2.654791E-4
1.674750E+7,    -2.842769E-5,    5.682558E-5
1.675375E+7,    -3.878772E-4,    -3.289878E-4
1.676000E+7,    -4.132837E-5,    -1.432821E-4
1.676625E+7,    -2.583303E-5,    -1.940317E-5
1.677250E+7,    2.064183E-5,    -9.303167E-5
1.677875E+7,    -2.327561E-5,    -8.905306E-5
1.678500E+7,    -2.324767E-5,    -1.165643E-5
1.679125E+7,    5.700067E-5,    -1.136400E-4
1.679750E+7,    5.207025E-6,    -2.971850E-5
1.680375E+7,    2.626330E-6,    -4.394725E-5
1.681000E+7,    -8.263811E-5,    1.025945E-5
1.681625E+7,    -7.493421E-5,    -4.404783E-5
1.682250E+7,    6.978214E-5,    1.554564E-5
1.682875E+7,    1.030881E-5,    1.812819E-5
1.683500E+7,    2.589077E-5,    -3.227405E-5
1.684125E+7,    3.093481E-5,    2.850592E-5
1.684750E+7,    -5.429983E-5,    -1.352280E-6
1.685375E+7,    1.810584E-5,    2.630055E-6
1.686000E+7,    -7.729977E-6,    -1.036748E-5
1.686625E+7,    -4.406832E-5,    5.548075E-5
1.687250E+7,    -7.235631E-5,    -2.347305E-5
1.687875E+7,    -9.826943E-5,    2.335757E-6
1.688500E+7,    -1.283735E-5,    -3.883988E-5
1.689125E+7,    -6.461143E-5,    -1.311675E-5
1.689750E+7,    5.275011E-6,    -2.973899E-5
1.690375E+7,    -7.001683E-5,    4.248321E-5
1.691000E+7,    -2.359599E-5,    9.182841E-5
1.691625E+7,    1.802109E-5,    2.851523E-5
1.692250E+7,    2.082810E-5,    -3.487244E-5
1.692875E+7,    -2.603605E-5,    5.170703E-5
1.693500E+7,    1.272559E-5,    5.183741E-5
1.694125E+7,    6.977469E-5,    2.872199E-5
1.694750E+7,    8.050352E-6,    -8.676574E-5
1.695375E+7,    -4.907697E-5,    -3.776699E-5
1.696000E+7,    -7.566065E-6,    -4.277937E-5
1.696625E+7,    -1.265109E-5,    -5.830452E-5
1.697250E+7,    1.637563E-4,    -1.118630E-4
1.697875E+7,    2.110377E-5,    -7.374212E-5
1.698500E+7,    -9.867921E-5,    4.739687E-5
1.699125E+7,    -9.845942E-6,    -9.591877E-5
1.699750E+7,    -5.706772E-5,    1.004338E-5
1.700375E+7,    1.090206E-4,    -4.219264E-5
1.701000E+7,    1.810398E-5,    9.150244E-6
1.701625E+7,    -3.929064E-5,    7.759407E-5
1.702250E+7,    3.083423E-5,    4.811957E-5
1.702875E+7,    -1.144446E-4,    6.552041E-5
1.703500E+7,    -2.479181E-6,    -2.075732E-5
1.704125E+7,    -3.363937E-5,    -1.060031E-5
1.704750E+7,    5.174428E-5,    1.972541E-5
1.705375E+7,    -2.009794E-5,    -1.012385E-4
1.706000E+7,    1.344457E-5,    -7.770956E-5
1.706625E+7,    1.150146E-4,    -1.562983E-4
1.707250E+7,    -2.714805E-6,    1.814961E-5
1.707875E+7,    1.433939E-4,    -1.156703E-4
1.708500E+7,    -7.873401E-6,    1.551490E-5
1.709125E+7,    -4.889444E-6,    -4.153885E-5
1.709750E+7,    1.593120E-5,    -5.048886E-5
1.710375E+7,    1.067296E-5,    -4.014187E-5
1.711000E+7,    -5.029142E-7,    6.488711E-5
1.711625E+7,    -5.473569E-5,    2.424046E-5
1.712250E+7,    2.874061E-5,    -2.443232E-5
1.712875E+7,    8.238479E-6,    -6.095693E-5
1.713500E+7,    -7.538870E-5,    2.021715E-5
1.714125E+7,    -7.606111E-6,    -2.341997E-5
1.714750E+7,    -3.349036E-6,    9.604543E-5
1.715375E+7,    3.438815E-5,    -8.024275E-5
1.716000E+7,    -2.382696E-5,    5.306304E-5
1.716625E+7,    2.859626E-5,    -4.955567E-6
1.717250E+7,    -1.481920E-5,    -9.875000E-5
1.717875E+7,    -7.294863E-5,    2.794713E-5
1.718500E+7,    -7.198751E-5,    -8.897483E-5
1.719125E+7,    1.347438E-5,    -5.180947E-5
1.719750E+7,    1.085177E-5,    -4.667975E-5
1.720375E+7,    -4.662946E-5,    -1.733378E-5
1.721000E+7,    8.014590E-5,    4.750490E-5
1.721625E+7,    -2.667904E-4,    1.638383E-4
1.722250E+7,    1.613051E-5,    -5.702116E-5
1.722875E+7,    7.576123E-5,    -3.310293E-5
1.723500E+7,    3.889203E-6,    1.326054E-4
1.724125E+7,    2.064556E-5,    1.709536E-5
1.724750E+7,    9.536743E-6,    -1.779720E-4
1.725375E+7,    -1.645461E-5,    8.302927E-5
1.726000E+7,    -3.263354E-6,    6.365776E-5
1.726625E+7,    -6.258115E-5,    1.366436E-5
1.727250E+7,    -4.873797E-5,    -6.422773E-5
1.727875E+7,    -3.840402E-5,    -5.893782E-5
1.728500E+7,    2.013519E-6,    5.334616E-5
1.729125E+7,    3.560632E-5,    7.712469E-5
1.729750E+7,    -4.139915E-5,    -2.121925E-5
1.730375E+7,    2.380833E-5,    -3.358349E-5
1.731000E+7,    1.636222E-4,    2.512336E-5
1.731625E+7,    -1.364872E-4,    1.000166E-4
1.732250E+7,    -1.087189E-4,    1.731887E-4
1.732875E+7,    3.136694E-6,    1.783371E-4
1.733500E+7,    -4.434958E-5,    9.907410E-6
1.734125E+7,    -5.565584E-5,    8.919835E-5
1.734750E+7,    6.597862E-5,    -7.735938E-5
1.735375E+7,    -2.433546E-6,    -1.434796E-5
1.736000E+7,    5.747378E-5,    -1.621060E-5
1.736625E+7,    -1.397282E-4,    -7.196516E-5
1.737250E+7,    5.774200E-7,    -4.553609E-5
1.737875E+7,    -4.332513E-5,    1.349151E-4
1.738500E+7,    1.067184E-4,    2.533197E-6
1.739125E+7,    1.305938E-4,    1.853108E-4
1.739750E+7,    -2.990663E-5,    -1.071990E-4
1.740375E+7,    -1.426637E-4,    -4.087389E-5
1.741000E+7,    -1.370460E-4,    -8.382648E-5
1.741625E+7,    1.311898E-4,    -6.343424E-5
1.742250E+7,    1.345575E-5,    -3.240258E-5
1.742875E+7,    -7.010996E-6,    -6.267056E-5
1.743500E+7,    -2.032369E-4,    -2.033114E-4
1.744125E+7,    5.000271E-5,    -3.318675E-5
1.744750E+7,    -2.469122E-5,    -1.046211E-4
1.745375E+7,    -4.178844E-5,    4.652888E-6
1.746000E+7,    -7.874891E-5,    3.799051E-5
1.746625E+7,    2.912246E-5,    -3.090501E-5
1.747250E+7,    -3.788620E-5,    -8.532405E-5
1.747875E+7,    -2.921373E-5,    3.741309E-5
1.748500E+7,    -1.734868E-5,    -6.803125E-5
1.749125E+7,    8.161366E-5,    -4.968420E-5
1.749750E+7,    -2.331287E-5,    -1.208857E-5
1.750375E+7,    -6.347895E-5,    5.908683E-5
1.751000E+7,    -3.355928E-5,    -2.397411E-5
1.751625E+7,    -5.170703E-5,    -3.341958E-5
1.752250E+7,    -2.121646E-5,    2.185162E-5
1.752875E+7,    -7.499382E-5,    -4.553795E-5
1.753500E+7,    2.601743E-5,    6.919727E-6
1.754125E+7,    -7.520244E-5,    -3.254414E-5
1.754750E+7,    -5.196407E-5,    -2.039596E-5
1.755375E+7,    -7.036701E-5,    -1.026317E-5
1.756000E+7,    1.105294E-5,    -4.028156E-5
1.756625E+7,    -3.873557E-5,    -2.672896E-5
1.757250E+7,    -4.055351E-5,    8.418784E-5
1.757875E+7,    4.626438E-5,    4.380941E-5
1.758500E+7,    -7.456541E-5,    -7.182360E-5
1.759125E+7,    -1.469254E-5,    -6.031245E-5
1.759750E+7,    1.844577E-5,    -1.014490E-5
1.760375E+7,    3.667176E-5,    -7.253140E-6
1.761000E+7,    1.415536E-4,    -3.163517E-5
1.761625E+7,    5.643815E-5,    6.235018E-5
1.762250E+7,    -6.502867E-5,    -1.415610E-5
1.762875E+7,    -5.795993E-5,    2.906658E-5
1.763500E+7,    1.340732E-5,    -1.936033E-5
1.764125E+7,    3.151596E-5,    2.933592E-4
1.764750E+7,    -1.430511E-4,    -4.168600E-5
1.765375E+7,    -8.797273E-5,    9.255111E-5
1.766000E+7,    -1.040399E-4,    -2.802908E-5
1.766625E+7,    -9.142607E-5,    -1.532957E-4
1.767250E+7,    -1.105629E-4,    4.115701E-5
1.767875E+7,    1.826882E-5,    -2.876222E-4
1.768500E+7,    -2.862327E-5,    -8.387491E-6
1.769125E+7,    -4.147738E-5,    -2.170354E-5
1.769750E+7,    -1.378283E-4,    -4.564971E-5
1.770375E+7,    4.462302E-4,    -2.350807E-4
1.771000E+7,    -5.983561E-5,    -1.503006E-4
1.771625E+7,    4.919246E-5,    2.574548E-5
1.772250E+7,    4.404411E-5,    2.310798E-5
1.772875E+7,    3.313646E-6,    -3.786385E-5
1.773500E+7,    -1.607463E-4,    -8.416921E-5
1.774125E+7,    -8.340552E-5,    -1.726672E-5
1.774750E+7,    1.329556E-4,    2.340227E-5
1.775375E+7,    1.281574E-4,    -1.310632E-4
1.776000E+7,    1.095124E-4,    -1.076795E-4
1.776625E+7,    -9.917840E-5,    1.199022E-4
1.777250E+7,    1.172721E-5,    6.567314E-5
1.777875E+7,    -5.607307E-5,    -7.569790E-5
1.778500E+7,    -1.253411E-4,    -1.952052E-5
1.779125E+7,    2.682060E-4,    -1.896471E-4
1.779750E+7,    -3.126450E-6,    2.482906E-5
1.780375E+7,    8.012354E-5,    5.532801E-5
1.781000E+7,    2.203137E-5,    -5.456246E-5
1.781625E+7,    9.793788E-5,    7.790327E-5
1.782250E+7,    -1.137927E-4,    -6.648898E-5
1.782875E+7,    7.084385E-5,    -9.022653E-6
1.783500E+7,    -1.185387E-5,    -5.918741E-5
1.784125E+7,    -3.605708E-5,    -3.218278E-5
1.784750E+7,    -3.413297E-5,    1.909211E-6
1.785375E+7,    -8.473173E-5,    4.146621E-5
1.786000E+7,    -4.737265E-5,    8.126721E-6
1.786625E+7,    1.296308E-5,    6.837770E-6
1.787250E+7,    -1.358613E-5,    -9.988993E-5
1.787875E+7,    -4.347414E-5,    6.982312E-5
1.788500E+7,    -3.613904E-5,    -2.570823E-5
1.789125E+7,    -4.899688E-6,    -1.582690E-5
1.789750E+7,    5.982071E-5,    2.490357E-5
1.790375E+7,    3.615394E-5,    -9.366125E-5
1.791000E+7,    3.790855E-5,    -5.299039E-5
1.791625E+7,    -3.539026E-5,    -5.848706E-5
1.792250E+7,    1.396425E-5,    -3.904849E-5
1.792875E+7,    -6.224960E-6,    4.312769E-5
1.793500E+7,    1.310511E-5,    2.947636E-7
1.794125E+7,    1.974776E-5,    5.688146E-5
1.794750E+7,    -1.653284E-5,    -8.174032E-5
1.795375E+7,    3.675744E-5,    -4.507601E-7
1.796000E+7,    -1.235120E-5,    -3.310479E-5
1.796625E+7,    -7.898733E-5,    1.124293E-5
1.797250E+7,    7.552654E-5,    2.672151E-5
1.797875E+7,    -6.388873E-6,    -6.315485E-5
1.798500E+7,    -1.149774E-4,    -2.107769E-5
1.799125E+7,    -3.983080E-5,    1.878478E-5
1.799750E+7,    -9.665266E-5,    8.829683E-5
1.800375E+7,    1.373887E-5,    -1.324117E-4
1.801000E+7,    2.382044E-5,    -7.299706E-6
1.801625E+7,    5.760044E-5,    1.167879E-4
1.802250E+7,    2.218410E-5,    5.833432E-5
1.802875E+7,    -5.026162E-5,    -9.319186E-5
1.803500E+7,    -4.375353E-5,    -3.654882E-5
1.804125E+7,    -6.663799E-5,    -6.861985E-5
1.804750E+7,    -2.671778E-5,    -8.736178E-5
1.805375E+7,    -5.347421E-6,    3.809575E-6
1.806000E+7,    5.754828E-5,    -9.582937E-5
1.806625E+7,    6.224215E-5,    3.305823E-5
1.807250E+7,    -3.684685E-5,    1.067556E-4
1.807875E+7,    -9.549782E-5,    3.560260E-5
1.808500E+7,    -1.071878E-4,    8.262694E-5
1.809125E+7,    4.669279E-5,    2.484396E-5
1.809750E+7,    -3.240630E-5,    -7.041171E-5
1.810375E+7,    -5.683675E-5,    -3.694743E-5
1.811000E+7,    -4.339963E-6,    -3.557280E-5
1.811625E+7,    -1.344085E-5,    1.126751E-4
1.812250E+7,    2.473593E-5,    5.982816E-5
1.812875E+7,    4.961900E-5,    1.314096E-5
1.813500E+7,    9.927154E-5,    -7.357821E-5
1.814125E+7,    1.236275E-4,    -7.227063E-7
1.814750E+7,    -1.036003E-4,    3.802404E-5
1.815375E+7,    -6.776303E-6,    5.634315E-5
1.816000E+7,    -8.513033E-5,    3.458187E-5
1.816625E+7,    -9.895861E-5,    6.052852E-5
1.817250E+7,    3.865361E-5,    -1.660585E-4
1.817875E+7,    -8.400530E-6,    1.154467E-4
1.818500E+7,    -7.099286E-5,    2.108514E-6
1.819125E+7,    -7.553399E-5,    -2.710894E-5
1.819750E+7,    7.193536E-6,    -6.955117E-5
1.820375E+7,    -7.052347E-5,    -1.778454E-5
1.821000E+7,    -7.409975E-5,    1.375750E-5
1.821625E+7,    1.699850E-5,    -4.423596E-5
1.822250E+7,    1.097098E-6,    5.395152E-5
1.822875E+7,    3.207475E-5,    7.728860E-5
1.823500E+7,    -6.188080E-5,    4.689395E-5
1.824125E+7,    -7.563829E-5,    -1.205206E-4
1.824750E+7,    2.963934E-6,    -1.175608E-5
1.825375E+7,    5.941838E-5,    3.863126E-5
1.826000E+7,    -5.978346E-5,    -2.545863E-5
1.826625E+7,    -7.590279E-7,    2.628844E-5
1.827250E+7,    -4.539080E-5,    2.236292E-5
1.827875E+7,    5.747378E-5,    -7.602200E-5
1.828500E+7,    -1.231581E-5,    6.021187E-5
1.829125E+7,    1.037866E-5,    5.558133E-6
1.829750E+7,    -4.032254E-5,    -6.176159E-5
1.830375E+7,    9.492040E-6,    -5.506538E-5
1.831000E+7,    -9.134412E-6,    4.186668E-5
1.831625E+7,    -1.750886E-5,    5.739555E-5
1.832250E+7,    7.058680E-5,    1.794100E-5
1.832875E+7,    -3.210269E-5,    1.614541E-5
1.833500E+7,    -8.997694E-5,    1.179054E-5
1.834125E+7,    -2.823770E-6,    -8.177757E-5
1.834750E+7,    -1.006834E-4,    1.937151E-5
1.835375E+7,    5.386304E-6,    -3.791414E-6
1.836000E+7,    9.097904E-5,    -4.469603E-5
1.836625E+7,    -8.324161E-5,    4.884228E-5
1.837250E+7,    -1.173280E-5,    -4.649721E-5
1.837875E+7,    -5.804934E-5,    2.169982E-6
1.838500E+7,    -7.527322E-5,    -4.050136E-5
1.839125E+7,    -4.488043E-5,    2.542511E-6
1.839750E+7,    5.371310E-5,    -3.131665E-5
1.840375E+7,    -5.591102E-5,    1.672469E-5
1.841000E+7,    -5.887821E-5,    -5.864352E-5
1.841625E+7,    6.401539E-5,    -1.061447E-4
1.842250E+7,    -4.037656E-5,    2.512708E-5
1.842875E+7,    -2.637878E-5,    -8.270144E-7
1.843500E+7,    -4.564598E-5,    -5.816296E-5
1.844125E+7,    9.633601E-5,    -4.177168E-5
1.844750E+7,    -3.766641E-5,    -6.056204E-5
1.845375E+7,    -4.776753E-6,    -1.598895E-5
1.846000E+7,    -5.288795E-5,    8.540228E-5
1.846625E+7,    1.019910E-4,    -1.392141E-4
1.847250E+7,    -3.889017E-5,    -2.105907E-5
1.847875E+7,    -8.001924E-5,    -5.670637E-5
1.848500E+7,    -5.983189E-5,    -2.568960E-5
1.849125E+7,    -2.831407E-5,    -2.202764E-5
1.849750E+7,    9.640306E-5,    3.884733E-5
1.850375E+7,    -4.970003E-6,    -9.407289E-6
1.851000E+7,    -6.891787E-6,    -1.111329E-4
1.851625E+7,    -6.010011E-5,    6.135926E-5
1.852250E+7,    -4.163384E-5,    -9.646267E-5
1.852875E+7,    7.776543E-6,    4.217494E-6
1.853500E+7,    -1.795404E-5,    -1.645461E-5
1.854125E+7,    9.103119E-5,    -3.787503E-5
1.854750E+7,    -4.375540E-5,    4.341640E-5
1.855375E+7,    -1.971796E-5,    3.633834E-5
1.856000E+7,    -1.525730E-4,    -9.635091E-5