SAVED BY: 
TITLE: 
COMMENTS: 
DATE: 10/27/2020
TIME: 2:00 PM

STIMULUS, REAL, IMAGINARY

8.560000E+6,    -2.524257E-5,    -1.395047E-4
8.566250E+6,    -2.010167E-5,    -1.707375E-4
8.572500E+6,    -1.976639E-5,    -1.705214E-4
8.578750E+6,    1.014024E-5,    -1.832470E-4
8.585000E+6,    -1.451373E-5,    -1.660436E-4
8.591250E+6,    1.356006E-6,    -1.773760E-4
8.597500E+6,    1.849979E-5,    -1.533702E-4
8.603750E+6,    -1.128018E-5,    -1.901165E-4
8.610000E+6,    -2.297759E-5,    -1.635924E-4
8.616250E+6,    -1.514703E-5,    -1.726821E-4
8.622500E+6,    -1.148134E-5,    -1.541525E-4
8.628750E+6,    -7.376075E-6,    -1.819730E-4
8.635000E+6,    -9.328127E-6,    -1.713559E-4
8.641250E+6,    -1.488626E-5,    -1.829937E-4
8.647500E+6,    -2.015382E-5,    -1.516566E-4
8.653750E+6,    -3.367662E-6,    -1.705885E-4
8.660000E+6,    -2.410263E-5,    -1.769215E-4
8.666250E+6,    -1.947582E-5,    -1.621172E-4
8.672500E+6,    -5.125999E-6,    -1.669303E-4
8.678750E+6,    -1.839548E-5,    -1.759008E-4
8.685000E+6,    -1.105666E-5,    -1.818761E-4
8.691250E+6,    -6.824732E-6,    -1.601875E-4
8.697500E+6,    -4.716218E-6,    -1.809001E-4
8.703750E+6,    1.840293E-6,    -1.799837E-4
8.710000E+6,    -1.921505E-5,    -1.863316E-4
8.716250E+6,    2.846122E-6,    -1.906082E-4
8.722500E+6,    2.095848E-5,    -1.740530E-4
8.728750E+6,    -2.733618E-5,    -1.867712E-4
8.735000E+6,    -9.834766E-7,    -1.731887E-4
8.741250E+6,    -2.188236E-5,    -1.789704E-4
8.747500E+6,    -2.396852E-5,    -1.648143E-4
8.753750E+6,    -6.817281E-6,    -1.947284E-4
8.760000E+6,    3.717840E-6,    -1.652613E-4
8.766250E+6,    -2.878904E-5,    -1.934320E-4
8.772500E+6,    -2.622604E-6,    -1.766905E-4
8.778750E+6,    5.982816E-6,    -2.002865E-4
8.785000E+6,    -9.424984E-6,    -1.876205E-4
8.791250E+6,    -2.883375E-6,    -1.871735E-4
8.797500E+6,    3.412366E-6,    -1.826584E-4
8.803750E+6,    -1.201779E-5,    -1.771748E-4
8.810000E+6,    -7.115304E-6,    -1.590699E-4
8.816250E+6,    -6.765127E-6,    -1.660660E-4
8.822500E+6,    -2.030283E-5,    -1.743287E-4
8.828750E+6,    -2.158433E-5,    -1.601949E-4
8.835000E+6,    -3.592670E-5,    -1.647845E-4
8.841250E+6,    -9.685755E-8,    -1.793802E-4
8.847500E+6,    -4.229695E-5,    -1.824945E-4
8.853750E+6,    -7.301569E-6,    -1.904592E-4
8.860000E+6,    -1.504272E-5,    -1.840517E-4
8.866250E+6,    -1.548976E-5,    -1.838431E-4
8.872500E+6,    -2.497435E-5,    -1.561865E-4
8.878750E+6,    -1.675636E-5,    -1.800880E-4
8.885000E+6,    -1.709163E-5,    -1.733005E-4
8.891250E+6,    -2.314895E-5,    -2.015755E-4
8.897500E+6,    -2.413988E-5,    -1.944453E-4
8.903750E+6,    4.224479E-6,    -1.999810E-4
8.910000E+6,    3.114343E-6,    -1.861453E-4
8.916250E+6,    -1.101941E-5,    -1.972690E-4
8.922500E+6,    -3.901124E-5,    -2.090782E-4
8.928750E+6,    -2.598017E-5,    -1.978725E-4
8.935000E+6,    2.563000E-6,    -2.176464E-4
8.941250E+6,    -2.118200E-5,    -1.730621E-4
8.947500E+6,    -2.841651E-5,    -1.697689E-4
8.953750E+6,    -3.533810E-5,    -1.873001E-4
8.960000E+6,    -3.948808E-7,    -1.826212E-4
8.966250E+6,    -2.081692E-5,    -2.079010E-4
8.972500E+6,    -2.904981E-5,    -1.939461E-4
8.978750E+6,    -2.308935E-5,    -1.830831E-4
8.985000E+6,    -4.403293E-5,    -1.872629E-4
8.991250E+6,    -9.357929E-6,    -1.863167E-4
8.997500E+6,    3.851950E-6,    -1.859665E-4
9.003750E+6,    -2.399832E-5,    -1.933277E-4
9.010000E+6,    -1.766533E-5,    -1.861304E-4
9.016250E+6,    -1.104176E-5,    -2.036020E-4
9.022500E+6,    -1.890957E-5,    -2.036914E-4
9.028750E+6,    -1.964718E-5,    -1.897663E-4
9.035000E+6,    -1.247972E-5,    -2.000481E-4
9.041250E+6,    -2.663583E-5,    -1.966879E-4
9.047500E+6,    -1.331419E-5,    -1.754165E-4
9.053750E+6,    -1.385063E-5,    -1.929551E-4
9.060000E+6,    -1.442432E-5,    -2.033710E-4
9.066250E+6,    -2.191961E-5,    -1.998842E-4
9.072500E+6,    -4.295260E-5,    -1.820996E-4
9.078750E+6,    -4.363060E-5,    -2.102852E-4
9.085000E+6,    -3.737211E-5,    -1.891255E-4
9.091250E+6,    -2.404302E-5,    -2.069026E-4
9.097500E+6,    -4.528463E-5,    -2.097934E-4
9.103750E+6,    -5.288422E-5,    -2.025515E-4
9.110000E+6,    -1.744181E-5,    -1.857504E-4
9.116250E+6,    -2.585351E-5,    -2.206713E-4
9.122500E+6,    -3.281981E-5,    -1.957938E-4
9.128750E+6,    -4.713237E-5,    -2.095252E-4
9.135000E+6,    -2.633780E-5,    -1.888797E-4
9.141250E+6,    -4.240870E-5,    -2.164990E-4
9.147500E+6,    -2.735853E-5,    -1.922101E-4
9.153750E+6,    -2.133846E-5,    -2.169609E-4
9.160000E+6,    -1.470745E-5,    -2.066344E-4
9.166250E+6,    -5.041063E-5,    -2.050996E-4
9.172500E+6,    -3.652275E-5,    -2.093017E-4
9.178750E+6,    -3.707409E-5,    -2.021492E-4
9.185000E+6,    -4.582107E-5,    -2.261698E-4
9.191250E+6,    -5.331635E-5,    -2.153069E-4
9.197500E+6,    -3.078580E-5,    -1.989007E-4
9.203750E+6,    -2.431124E-5,    -2.026334E-4
9.210000E+6,    -4.011393E-5,    -2.159774E-4
9.216250E+6,    -4.021823E-5,    -2.088249E-4
9.222500E+6,    -4.065037E-5,    -2.159029E-4
9.228750E+6,    -1.239777E-5,    -1.998469E-4
9.235000E+6,    -4.139543E-5,    -2.087504E-4
9.241250E+6,    -3.513694E-5,    -2.159029E-4
9.247500E+6,    -5.598366E-5,    -2.004504E-4
9.253750E+6,    -4.154444E-5,    -1.942813E-4
9.260000E+6,    -4.264712E-5,    -2.014190E-4
9.266250E+6,    -3.586709E-5,    -1.943633E-4
9.272500E+6,    -3.005564E-5,    -2.022684E-4
9.278750E+6,    -2.314895E-5,    -2.061427E-4
9.285000E+6,    -3.284216E-5,    -2.302080E-4
9.291250E+6,    -3.316998E-5,    -2.266169E-4
9.297500E+6,    -3.083050E-5,    -1.948848E-4
9.303750E+6,    -6.192923E-5,    -2.206564E-4
9.310000E+6,    -3.843755E-5,    -1.907647E-4
9.316250E+6,    -4.048645E-5,    -2.082437E-4
9.322500E+6,    -2.706051E-5,    -2.129525E-4
9.328750E+6,    -4.346669E-5,    -2.361685E-4
9.335000E+6,    -2.923608E-5,    -2.270639E-4
9.341250E+6,    -2.907217E-5,    -2.197623E-4
9.347500E+6,    -4.997849E-5,    -2.143979E-4
9.353750E+6,    -5.057454E-5,    -2.140701E-4
9.360000E+6,    -9.894371E-6,    -2.256930E-4
9.366250E+6,    -8.746982E-6,    -2.115667E-4
9.372500E+6,    -2.983958E-5,    -2.056137E-4
9.378750E+6,    -3.239512E-5,    -2.231002E-4
9.385000E+6,    -1.825392E-5,    -2.176464E-4
9.391250E+6,    -4.233420E-5,    -2.393425E-4
9.397500E+6,    -5.668402E-5,    -2.340674E-4
9.403750E+6,    -6.145239E-5,    -2.125800E-4
9.410000E+6,    -3.293157E-5,    -2.122819E-4
9.416250E+6,    -3.497303E-5,    -2.155453E-4
9.422500E+6,    -5.617738E-5,    -2.129078E-4
9.428750E+6,    -3.173947E-5,    -2.410114E-4
9.435000E+6,    -4.318357E-5,    -2.181530E-4
9.441250E+6,    -4.646182E-5,    -2.387762E-4
9.447500E+6,    -3.996491E-5,    -2.399385E-4
9.453750E+6,    -4.598498E-5,    -2.247393E-4
9.460000E+6,    -5.584955E-5,    -2.413094E-4
9.466250E+6,    -7.575750E-5,    -2.310276E-4
9.472500E+6,    -4.655123E-5,    -2.210438E-4
9.478750E+6,    -3.939867E-5,    -2.185106E-4
9.485000E+6,    -3.618002E-5,    -2.403855E-4
9.491250E+6,    -4.458427E-5,    -2.462864E-4
9.497500E+6,    -3.442168E-5,    -2.192259E-4
9.503750E+6,    -4.366040E-5,    -2.318025E-4
9.510000E+6,    -2.053380E-5,    -2.180040E-4
9.516250E+6,    -4.860759E-5,    -2.563894E-4
9.522500E+6,    -3.471971E-5,    -2.551079E-4
9.528750E+6,    -5.349517E-5,    -2.377033E-4
9.535000E+6,    -4.038215E-5,    -2.400875E-4
9.541250E+6,    -5.570054E-5,    -2.410114E-4
9.547500E+6,    -4.607439E-5,    -2.243817E-4
9.553750E+6,    -6.368756E-5,    -2.428591E-4
9.560000E+6,    -5.564094E-5,    -2.371371E-4
9.566250E+6,    -4.395843E-5,    -2.466142E-4
9.572500E+6,    -4.458427E-5,    -2.465248E-4
9.578750E+6,    -3.638864E-5,    -2.370775E-4
9.585000E+6,    -5.394220E-5,    -2.518892E-4
9.591250E+6,    -5.105138E-5,    -2.308190E-4
9.597500E+6,    -4.521012E-5,    -2.388954E-4
9.603750E+6,    -3.308058E-5,    -2.450645E-4
9.610000E+6,    -3.710389E-5,    -2.264977E-4
9.616250E+6,    -3.230572E-5,    -2.380311E-4
9.622500E+6,    -6.297231E-5,    -2.425611E-4
9.628750E+6,    -5.489588E-5,    -2.698600E-4
9.635000E+6,    -4.944205E-5,    -2.419353E-4
9.641250E+6,    -5.650520E-5,    -2.365708E-4
9.647500E+6,    -4.681945E-5,    -2.568960E-4
9.653750E+6,    -4.681945E-5,    -2.568960E-4
9.660000E+6,    -3.892183E-5,    -2.514720E-4
9.666250E+6,    -5.164742E-5,    -2.415478E-4
9.672500E+6,    -4.723668E-5,    -2.497435E-4
9.678750E+6,    -4.592538E-5,    -2.427697E-4
9.685000E+6,    -5.701184E-5,    -2.547503E-4
9.691250E+6,    -5.978346E-5,    -2.686977E-4
9.697500E+6,    -6.106496E-5,    -2.392530E-4
9.703750E+6,    -6.097555E-5,    -2.682507E-4
9.710000E+6,    -3.784895E-5,    -2.592504E-4
9.716250E+6,    -5.322695E-5,    -2.593398E-4
9.722500E+6,    -4.255772E-5,    -2.728999E-4
9.728750E+6,    -6.046891E-5,    -2.539456E-4
9.735000E+6,    -3.778934E-5,    -2.487302E-4
9.741250E+6,    -6.285310E-5,    -2.608001E-4
9.747500E+6,    -5.677342E-5,    -2.624691E-4
9.753750E+6,    -5.558133E-5,    -2.554357E-4
9.760000E+6,    -5.224347E-5,    -2.417862E-4
9.766250E+6,    -4.914403E-5,    -2.535284E-4
9.772500E+6,    -4.479289E-5,    -2.618134E-4
9.778750E+6,    -7.334352E-5,    -2.581775E-4
9.785000E+6,    -6.532669E-5,    -2.531409E-4
9.791250E+6,    -6.827712E-5,    -2.632141E-4
9.797500E+6,    -5.286932E-5,    -2.560616E-4
9.803750E+6,    -6.055832E-5,    -2.582073E-4
9.810000E+6,    -6.341934E-5,    -2.647936E-4
9.816250E+6,    -6.672740E-5,    -2.747774E-4
9.822500E+6,    -5.808473E-5,    -2.701283E-4
9.828750E+6,    -5.978346E-5,    -2.732277E-4
9.835000E+6,    -5.322695E-5,    -2.712011E-4
9.841250E+6,    -5.108118E-5,    -2.644956E-4
9.847500E+6,    -6.958842E-5,    -2.486408E-4
9.853750E+6,    -6.493926E-5,    -2.828538E-4
9.860000E+6,    -2.458692E-5,    -2.686083E-4
9.866250E+6,    -4.020333E-5,    -2.679229E-4
9.872500E+6,    -4.816055E-5,    -2.953112E-4
9.878750E+6,    -7.820129E-5,    -2.938509E-4
9.885000E+6,    -4.157424E-5,    -2.681017E-4
9.891250E+6,    -6.607175E-5,    -2.756119E-4
9.897500E+6,    -6.806850E-5,    -2.527237E-4
9.903750E+6,    -8.085370E-5,    -2.673268E-4
9.910000E+6,    -4.258752E-5,    -2.643168E-4
9.916250E+6,    -6.565452E-5,    -2.871156E-4
9.922500E+6,    -4.360080E-5,    -2.863109E-4
9.928750E+6,    -5.704165E-5,    -2.791286E-4
9.935000E+6,    -6.380677E-5,    -2.769530E-4
9.941250E+6,    -6.794930E-5,    -2.643168E-4
9.947500E+6,    -7.402897E-5,    -2.811551E-4
9.953750E+6,    -8.061528E-5,    -2.753139E-4
9.960000E+6,    -8.314848E-5,    -2.821088E-4
9.966250E+6,    -6.660819E-5,    -2.985001E-4
9.972500E+6,    -7.161498E-5,    -2.895594E-4
9.978750E+6,    -7.152557E-5,    -2.857447E-4
9.985000E+6,    -8.666515E-5,    -3.069937E-4
9.991250E+6,    -6.565452E-5,    -2.880692E-4
9.997500E+6,    -6.976724E-5,    -3.007948E-4
1.000375E+7,    -7.554889E-5,    -2.887547E-4
1.001000E+7,    -7.405877E-5,    -2.855361E-4
1.001625E+7,    -7.447600E-5,    -3.074408E-4
1.002250E+7,    -7.462502E-5,    -3.039241E-4
1.002875E+7,    -7.766485E-5,    -2.914369E-4
1.003500E+7,    -8.901954E-5,    -2.991855E-4
1.004125E+7,    -7.733703E-5,    -2.842844E-4
1.004750E+7,    -8.329749E-5,    -2.788603E-4
1.005375E+7,    -7.298589E-5,    -3.122091E-4
1.006000E+7,    -7.650256E-5,    -2.774298E-4
1.006625E+7,    -7.191300E-5,    -3.055036E-4
1.007250E+7,    -7.495284E-5,    -2.892017E-4
1.007875E+7,    -9.325147E-5,    -2.939999E-4
1.008500E+7,    -8.273125E-5,    -2.867877E-4
1.009125E+7,    -9.173155E-5,    -2.908111E-4
1.009750E+7,    -5.689263E-5,    -3.151298E-4
1.010375E+7,    -7.328391E-5,    -2.978444E-4
1.011000E+7,    -7.963181E-5,    -2.921224E-4
1.011625E+7,    -9.050965E-5,    -2.993941E-4
1.012250E+7,    -9.220839E-5,    -3.025234E-4
1.012875E+7,    -9.721518E-5,    -2.928078E-4
1.013500E+7,    -8.562207E-5,    -3.009737E-4
1.014125E+7,    -8.562207E-5,    -3.167689E-4
1.014750E+7,    -7.566810E-5,    -3.089011E-4
1.015375E+7,    -7.617474E-5,    -3.088415E-4
1.016000E+7,    -7.915497E-5,    -2.961755E-4
1.016625E+7,    -7.948279E-5,    -3.340542E-4
1.017250E+7,    -7.924438E-5,    -2.926588E-4
1.017875E+7,    -9.480119E-5,    -3.287792E-4
1.018500E+7,    -7.909536E-5,    -3.081560E-4
1.019125E+7,    -6.690621E-5,    -3.327429E-4
1.019750E+7,    -1.049340E-4,    -3.288984E-4
1.020375E+7,    -9.867549E-5,    -3.121495E-4
1.021000E+7,    -6.097555E-5,    -3.122091E-4
1.021625E+7,    -1.125932E-4,    -3.064573E-4
1.022250E+7,    -8.559227E-5,    -3.139079E-4
1.022875E+7,    -9.253621E-5,    -3.267527E-4
1.023500E+7,    -7.733703E-5,    -3.252923E-4
1.024125E+7,    -7.063150E-5,    -3.283620E-4
1.024750E+7,    -9.047985E-5,    -3.005862E-4
1.025375E+7,    -1.058877E-4,    -3.176332E-4
1.026000E+7,    -9.876490E-5,    -3.169179E-4
1.026625E+7,    -5.999207E-5,    -3.302097E-4
1.027250E+7,    -9.056926E-5,    -3.283918E-4
1.027875E+7,    -9.939075E-5,    -3.284514E-4
1.028500E+7,    -1.096725E-4,    -3.320575E-4
1.029125E+7,    -1.021624E-4,    -3.310442E-4
1.029750E+7,    -1.084507E-4,    -3.443956E-4
1.030375E+7,    -8.884072E-5,    -3.340244E-4
1.031000E+7,    -8.648634E-5,    -3.111064E-4
1.031625E+7,    -1.009703E-4,    -3.243685E-4
1.032250E+7,    -9.894371E-5,    -3.492832E-4
1.032875E+7,    -9.903312E-5,    -3.490150E-4
1.033500E+7,    -8.901954E-5,    -3.422499E-4
1.034125E+7,    -1.106560E-4,    -3.359020E-4
1.034750E+7,    -9.700656E-5,    -3.385544E-4
1.035375E+7,    -8.463860E-5,    -3.447235E-4
1.036000E+7,    -9.629130E-5,    -3.512502E-4
1.036625E+7,    -1.153052E-4,    -3.382862E-4
1.037250E+7,    -1.163483E-4,    -3.570914E-4
1.037875E+7,    -9.715557E-5,    -3.791451E-4
1.038500E+7,    -9.465218E-5,    -3.566742E-4
1.039125E+7,    -9.107590E-5,    -3.469884E-4
1.039750E+7,    -9.199977E-5,    -3.468394E-4
1.040375E+7,    -1.124740E-4,    -3.404617E-4
1.041000E+7,    -9.375811E-5,    -3.494024E-4
1.041625E+7,    -9.942055E-5,    -3.587902E-4
1.042250E+7,    -1.070797E-4,    -3.550947E-4
1.042875E+7,    -1.226962E-4,    -3.519654E-4
1.043500E+7,    -1.148880E-4,    -3.519952E-4
1.044125E+7,    -1.222491E-4,    -3.643036E-4
1.044750E+7,    -1.022518E-4,    -3.388226E-4
1.045375E+7,    -1.266301E-4,    -3.545880E-4
1.046000E+7,    -8.317828E-5,    -3.609359E-4
1.046625E+7,    -1.061857E-4,    -3.573000E-4
1.047250E+7,    -8.556247E-5,    -3.642738E-4
1.047875E+7,    -1.059175E-4,    -3.539324E-4
1.048500E+7,    -1.080632E-4,    -3.569424E-4
1.049125E+7,    -1.118779E-4,    -3.626049E-4
1.049750E+7,    -1.058578E-4,    -3.627539E-4
1.050375E+7,    -1.226664E-4,    -3.497303E-4
1.051000E+7,    -1.061857E-4,    -3.622770E-4
1.051625E+7,    -9.945035E-5,    -3.624260E-4
1.052250E+7,    -1.159906E-4,    -3.618896E-4
1.052875E+7,    -1.156032E-4,    -3.581047E-4
1.053500E+7,    -1.119375E-4,    -3.640950E-4
1.054125E+7,    -1.119077E-4,    -3.480315E-4
1.054750E+7,    -1.067221E-4,    -3.677607E-4
1.055375E+7,    -1.235604E-4,    -3.665686E-4
1.056000E+7,    -1.398921E-4,    -3.658533E-4
1.056625E+7,    -1.217723E-4,    -3.758073E-4
1.057250E+7,    -1.196265E-4,    -3.981590E-4
1.057875E+7,    -1.311302E-4,    -3.625751E-4
1.058500E+7,    -1.190305E-4,    -3.946424E-4
1.059125E+7,    -1.262426E-4,    -3.749728E-4
1.059750E+7,    -1.306534E-4,    -3.680587E-4
1.060375E+7,    -1.379251E-4,    -3.801584E-4
1.061000E+7,    -1.407266E-4,    -3.832579E-4
1.061625E+7,    -1.221895E-4,    -3.777742E-4
1.062250E+7,    -1.235008E-4,    -4.060268E-4
1.062875E+7,    -1.520514E-4,    -3.972650E-4
1.063500E+7,    -1.330972E-4,    -3.759265E-4
1.064125E+7,    -1.416206E-4,    -3.877282E-4
1.064750E+7,    -1.202226E-4,    -4.064441E-4
1.065375E+7,    -1.353621E-4,    -4.172921E-4
1.066000E+7,    -1.411438E-4,    -3.973246E-4
1.066625E+7,    -1.412630E-4,    -3.970861E-4
1.067250E+7,    -1.397729E-4,    -4.191995E-4
1.067875E+7,    -1.419783E-4,    -4.096627E-4
1.068500E+7,    -1.360774E-4,    -3.967285E-4
1.069125E+7,    -1.637340E-4,    -3.976226E-4
1.069750E+7,    -1.445413E-4,    -4.055500E-4
1.070375E+7,    -1.559854E-4,    -4.226565E-4
1.071000E+7,    -1.177192E-4,    -4.010201E-4
1.071625E+7,    -1.400113E-4,    -4.212260E-4
1.072250E+7,    -1.491308E-4,    -4.072785E-4
1.072875E+7,    -1.298189E-4,    -4.025698E-4
1.073500E+7,    -1.349449E-4,    -4.207492E-4
1.074125E+7,    -1.542568E-4,    -4.475117E-4
1.074750E+7,    -1.286268E-4,    -4.081130E-4
1.075375E+7,    -1.597404E-4,    -4.150867E-4
1.076000E+7,    -1.441836E-4,    -4.289746E-4
1.076625E+7,    -1.726151E-4,    -4.314780E-4
1.077250E+7,    -1.243353E-4,    -4.344583E-4
1.077875E+7,    -1.733899E-4,    -4.402995E-4
1.078500E+7,    -1.615286E-4,    -4.228354E-4
1.079125E+7,    -1.556873E-4,    -4.264712E-4
1.079750E+7,    -1.441240E-4,    -4.175901E-4
1.080375E+7,    -1.971722E-4,    -4.332066E-4
1.081000E+7,    -1.588464E-4,    -4.388690E-4
1.081625E+7,    -1.749396E-4,    -4.459620E-4
1.082250E+7,    -1.536608E-4,    -4.640818E-4
1.082875E+7,    -1.580715E-4,    -4.442334E-4
1.083500E+7,    -1.734495E-4,    -4.391074E-4
1.084125E+7,    -1.547337E-4,    -4.350543E-4
1.084750E+7,    -1.693964E-4,    -4.422665E-4
1.085375E+7,    -1.788735E-4,    -4.531145E-4
1.086000E+7,    -1.624227E-4,    -4.526377E-4
1.086625E+7,    -1.881123E-4,    -4.510880E-4
1.087250E+7,    -1.573563E-4,    -4.435182E-4
1.087875E+7,    -1.616478E-4,    -4.488230E-4
1.088500E+7,    -1.629591E-4,    -4.357696E-4
1.089125E+7,    -1.661181E-4,    -4.642606E-4
1.089750E+7,    -1.826286E-4,    -4.612803E-4
1.090375E+7,    -1.818538E-4,    -4.450679E-4
1.091000E+7,    -1.708269E-4,    -4.402995E-4
1.091625E+7,    -1.760125E-4,    -4.716516E-4
1.092250E+7,    -1.688600E-4,    -4.594326E-4
1.092875E+7,    -1.868010E-4,    -4.690289E-4
1.093500E+7,    -1.689196E-4,    -4.789233E-4
1.094125E+7,    -1.677871E-4,    -4.621744E-4
1.094750E+7,    -1.857281E-4,    -4.624128E-4
1.095375E+7,    -1.909137E-4,    -4.805923E-4
1.096000E+7,    -1.773834E-4,    -4.923940E-4
1.096625E+7,    -1.769662E-4,    -4.928708E-4
1.097250E+7,    -1.847148E-4,    -4.778504E-4
1.097875E+7,    -1.957417E-4,    -4.786849E-4
1.098500E+7,    -1.896620E-4,    -4.799366E-4
1.099125E+7,    -1.856685E-4,    -4.966855E-4
1.099750E+7,    -1.856089E-4,    -5.064607E-4
1.100375E+7,    -1.783371E-4,    -5.077124E-4
1.101000E+7,    -2.021194E-4,    -4.763007E-4
1.101625E+7,    -2.090335E-4,    -4.847050E-4
1.102250E+7,    -1.991987E-4,    -4.836917E-4
1.102875E+7,    -2.163649E-4,    -5.027056E-4
1.103500E+7,    -2.014637E-4,    -5.149841E-4
1.104125E+7,    -2.076626E-4,    -4.874468E-4
1.104750E+7,    -1.914501E-4,    -5.101562E-4
1.105375E+7,    -1.985431E-4,    -5.280972E-4
1.106000E+7,    -1.868606E-4,    -5.227923E-4
1.106625E+7,    -2.124310E-4,    -5.214214E-4
1.107250E+7,    -2.098680E-4,    -5.284548E-4
1.107875E+7,    -2.027750E-4,    -5.168915E-4
1.108500E+7,    -1.983643E-4,    -5.085468E-4
1.109125E+7,    -2.155900E-4,    -5.269647E-4
1.109750E+7,    -1.959205E-4,    -5.118847E-4
1.110375E+7,    -2.294779E-4,    -5.171299E-4
1.111000E+7,    -2.140403E-4,    -5.207658E-4
1.111625E+7,    -2.177954E-4,    -5.457997E-4
1.112250E+7,    -2.398491E-4,    -5.370975E-4
1.112875E+7,    -2.307892E-4,    -5.232096E-4
1.113500E+7,    -2.089739E-4,    -5.520582E-4
1.114125E+7,    -2.104044E-4,    -5.417466E-4
1.114750E+7,    -2.421141E-4,    -5.540848E-4
1.115375E+7,    -2.167225E-4,    -5.533695E-4
1.116000E+7,    -2.342463E-4,    -5.509853E-4
1.116625E+7,    -2.210140E-4,    -5.467534E-4
1.117250E+7,    -2.442002E-4,    -5.597472E-4
1.117875E+7,    -2.074838E-4,    -5.618334E-4
1.118500E+7,    -2.180338E-4,    -5.607605E-4
1.119125E+7,    -2.383590E-4,    -5.683303E-4
1.119750E+7,    -2.422929E-4,    -5.740523E-4
1.120375E+7,    -2.653599E-4,    -5.764365E-4
1.121000E+7,    -2.615452E-4,    -5.736351E-4
1.121625E+7,    -2.748370E-4,    -6.038547E-4
1.122250E+7,    -2.782345E-4,    -6.453991E-4
1.122875E+7,    -2.878308E-4,    -6.760955E-4
1.123500E+7,    -2.828836E-4,    -7.516146E-4
1.124125E+7,    -3.349781E-4,    -7.070303E-4
1.124750E+7,    -2.722740E-4,    -7.610321E-4
1.125375E+7,    -2.942085E-4,    -7.240772E-4
1.126000E+7,    -3.443956E-4,    -7.376671E-4
1.126625E+7,    -3.110170E-4,    -7.165670E-4
1.127250E+7,    -3.319979E-4,    -7.586479E-4
1.127875E+7,    -3.248453E-4,    -6.952286E-4
1.128500E+7,    -3.006458E-4,    -7.427931E-4
1.129125E+7,    -3.162622E-4,    -7.086992E-4
1.129750E+7,    -2.908111E-4,    -6.346703E-4
1.130375E+7,    -3.172159E-4,    -6.935596E-4
1.131000E+7,    -3.098249E-4,    -7.069111E-4
1.131625E+7,    -3.110170E-4,    -7.255077E-4
1.132250E+7,    -3.234148E-4,    -7.375479E-4
1.132875E+7,    -3.312826E-4,    -6.991625E-4
1.133500E+7,    -3.119707E-4,    -7.399321E-4
1.134125E+7,    -2.931356E-4,    -7.165670E-4
1.134750E+7,    -2.925396E-4,    -6.902218E-4
1.135375E+7,    -3.082752E-4,    -6.880760E-4
1.136000E+7,    -2.691150E-4,    -6.613135E-4
1.136625E+7,    -3.246069E-4,    -7.236004E-4
1.137250E+7,    -3.409386E-4,    -7.334948E-4
1.137875E+7,    -3.426075E-4,    -7.262230E-4
1.138500E+7,    -3.296137E-4,    -7.300377E-4
1.139125E+7,    -3.457069E-4,    -6.895065E-4
1.139750E+7,    -3.170967E-4,    -6.982088E-4
1.140375E+7,    -3.192425E-4,    -7.085800E-4
1.141000E+7,    -3.161430E-4,    -7.108450E-4
1.141625E+7,    -3.279448E-4,    -6.895065E-4
1.142250E+7,    -3.277063E-4,    -7.069111E-4
1.142875E+7,    -3.525019E-4,    -7.624626E-4
1.143500E+7,    -3.054142E-4,    -7.336140E-4
1.144125E+7,    -3.588200E-4,    -7.299185E-4
1.144750E+7,    -3.750324E-4,    -7.896423E-4
1.145375E+7,    -3.576279E-4,    -8.112192E-4
1.146000E+7,    -3.745556E-4,    -8.124113E-4
1.146625E+7,    -3.705025E-4,    -8.416176E-4
1.147250E+7,    -3.749132E-4,    -8.269548E-4
1.147875E+7,    -3.859997E-4,    -7.811785E-4
1.148500E+7,    -3.582239E-4,    -8.218288E-4
1.149125E+7,    -4.425049E-4,    -8.784533E-4
1.149750E+7,    -3.610849E-4,    -9.348392E-4
1.150375E+7,    -3.889799E-4,    -8.795261E-4
1.151000E+7,    -3.900528E-4,    -8.733273E-4
1.151625E+7,    -3.949404E-4,    -9.183884E-4
1.152250E+7,    -3.715754E-4,    -8.765459E-4
1.152875E+7,    -4.040003E-4,    -8.680820E-4
1.153500E+7,    -4.023314E-4,    -7.940531E-4
1.154125E+7,    -4.141331E-4,    -9.000301E-4
1.154750E+7,    -4.131794E-4,    -9.429455E-4
1.155375E+7,    -4.104376E-4,    -9.299517E-4
1.156000E+7,    -4.028082E-4,    -1.056671E-3
1.156625E+7,    -4.332066E-4,    -1.040936E-3
1.157250E+7,    -4.231930E-4,    -1.063824E-3
1.157875E+7,    -5.244017E-4,    -1.031637E-3
1.158500E+7,    -4.940033E-4,    -1.157761E-3
1.159125E+7,    -4.353523E-4,    -1.029611E-3
1.159750E+7,    -3.817081E-4,    -1.049995E-3
1.160375E+7,    -4.886389E-4,    -1.083612E-3
1.161000E+7,    -4.819632E-4,    -1.075149E-3
1.161625E+7,    -4.899502E-4,    -1.169682E-3
1.162250E+7,    -5.116463E-4,    -1.224399E-3
1.162875E+7,    -4.775524E-4,    -1.506329E-3
1.163500E+7,    -4.498959E-4,    -1.619339E-3
1.164125E+7,    -1.795292E-4,    -1.871109E-3
1.164750E+7,    2.491474E-4,    -2.099037E-3
1.165375E+7,    -3.123283E-5,    -2.005100E-3
1.166000E+7,    4.012585E-4,    -1.933098E-3
1.166625E+7,    7.977486E-4,    -1.996279E-3
1.167250E+7,    1.040816E-3,    -1.756787E-3
1.167875E+7,    1.024604E-3,    -1.807094E-3
1.168500E+7,    1.049399E-3,    -1.801729E-3
1.169125E+7,    1.034975E-3,    -1.826167E-3
1.169750E+7,    1.042008E-3,    -1.805663E-3
1.170375E+7,    1.024008E-3,    -1.827717E-3
1.171000E+7,    1.088619E-3,    -1.865149E-3
1.171625E+7,    1.058102E-3,    -1.900673E-3
1.172250E+7,    1.019716E-3,    -1.882672E-3
1.172875E+7,    1.102209E-3,    -1.880646E-3
1.173500E+7,    1.079917E-3,    -1.916289E-3
1.174125E+7,    1.045465E-3,    -1.951933E-3
1.174750E+7,    1.071453E-3,    -1.937866E-3
1.175375E+7,    1.065016E-3,    -1.958966E-3
1.176000E+7,    1.112580E-3,    -1.934648E-3
1.176625E+7,    1.130342E-3,    -1.982689E-3
1.177250E+7,    1.120567E-3,    -1.992464E-3
1.177875E+7,    1.134396E-3,    -2.028942E-3
1.178500E+7,    1.131773E-3,    -2.041817E-3
1.179125E+7,    1.174927E-3,    -2.061605E-3
1.179750E+7,    1.110792E-3,    -2.113581E-3
1.180375E+7,    1.094341E-3,    -2.046824E-3
1.181000E+7,    1.092911E-3,    -2.078056E-3
1.181625E+7,    1.138687E-3,    -2.094984E-3
1.182250E+7,    1.127243E-3,    -2.132893E-3
1.182875E+7,    1.139641E-3,    -2.191305E-3
1.183500E+7,    1.171589E-3,    -2.199650E-3
1.184125E+7,    1.136780E-3,    -2.187014E-3
1.184750E+7,    1.196384E-3,    -2.208948E-3
1.185375E+7,    1.145124E-3,    -2.229691E-3
1.186000E+7,    1.159191E-3,    -2.214193E-3
1.186625E+7,    1.182556E-3,    -2.243519E-3
1.187250E+7,    1.209736E-3,    -2.305269E-3
1.187875E+7,    1.173019E-3,    -2.286196E-3
1.188500E+7,    1.224995E-3,    -2.319574E-3
1.189125E+7,    1.228571E-3,    -2.310991E-3
1.189750E+7,    1.243114E-3,    -2.367735E-3
1.190375E+7,    1.195669E-3,    -2.397537E-3
1.191000E+7,    1.223803E-3,    -2.391815E-3
1.191625E+7,    1.211405E-3,    -2.430439E-3
1.192250E+7,    1.338243E-3,    -2.455950E-3
1.192875E+7,    1.235008E-3,    -2.449274E-3
1.193500E+7,    1.269579E-3,    -2.503395E-3
1.194125E+7,    1.232862E-3,    -2.473593E-3
1.194750E+7,    1.263380E-3,    -2.469778E-3
1.195375E+7,    1.259565E-3,    -2.527475E-3
1.196000E+7,    1.293182E-3,    -2.572298E-3
1.196625E+7,    1.253605E-3,    -2.574921E-3
1.197250E+7,    1.324177E-3,    -2.609015E-3
1.197875E+7,    1.269579E-3,    -2.633810E-3
1.198500E+7,    1.275539E-3,    -2.627373E-3
1.199125E+7,    1.320362E-3,    -2.651453E-3
1.199750E+7,    1.290083E-3,    -2.672434E-3
1.200375E+7,    1.279354E-3,    -2.693653E-3
1.201000E+7,    1.335859E-3,    -2.755404E-3
1.201625E+7,    1.302719E-3,    -2.737761E-3
1.202250E+7,    1.309872E-3,    -2.804041E-3
1.202875E+7,    1.253843E-3,    -2.846956E-3
1.203500E+7,    1.378298E-3,    -2.827883E-3
1.204125E+7,    1.286507E-3,    -2.827168E-3
1.204750E+7,    1.273632E-3,    -2.792120E-3
1.205375E+7,    1.355886E-3,    -2.910137E-3
1.206000E+7,    1.310825E-3,    -2.843142E-3
1.206625E+7,    1.387358E-3,    -2.991438E-3
1.207250E+7,    1.379013E-3,    -3.020048E-3
1.207875E+7,    1.366138E-3,    -2.935886E-3
1.208500E+7,    1.306534E-3,    -2.969027E-3
1.209125E+7,    1.364231E-3,    -2.973557E-3
1.209750E+7,    1.347542E-3,    -2.935171E-3
1.210375E+7,    1.337528E-3,    -2.993345E-3
1.211000E+7,    1.313686E-3,    -3.076553E-3
1.211625E+7,    1.355648E-3,    -3.060818E-3
1.212250E+7,    1.375437E-3,    -3.075600E-3
1.212875E+7,    1.361370E-3,    -3.140926E-3
1.213500E+7,    1.382589E-3,    -3.152847E-3
1.214125E+7,    1.402378E-3,    -3.214836E-3
1.214750E+7,    1.397610E-3,    -3.211260E-3
1.215375E+7,    1.435995E-3,    -3.232956E-3
1.216000E+7,    1.450539E-3,    -3.276110E-3
1.216625E+7,    1.442432E-3,    -3.305912E-3
1.217250E+7,    1.487732E-3,    -3.329515E-3
1.217875E+7,    1.433849E-3,    -3.353596E-3
1.218500E+7,    1.428127E-3,    -3.429413E-3
1.219125E+7,    1.487255E-3,    -3.456831E-3
1.219750E+7,    1.464367E-3,    -3.471375E-3
1.220375E+7,    1.473427E-3,    -3.549814E-3
1.221000E+7,    1.469374E-3,    -3.494740E-3
1.221625E+7,    1.538515E-3,    -3.616810E-3
1.222250E+7,    1.535654E-3,    -3.641605E-3
1.222875E+7,    1.433372E-3,    -3.653049E-3
1.223500E+7,    1.547813E-3,    -3.703594E-3
1.224125E+7,    1.541615E-3,    -3.729582E-3
1.224750E+7,    1.561642E-3,    -3.789902E-3
1.225375E+7,    1.619816E-3,    -3.787518E-3
1.226000E+7,    1.597881E-3,    -3.836632E-3
1.226625E+7,    1.589537E-3,    -3.846884E-3
1.227250E+7,    1.595020E-3,    -3.901243E-3
1.227875E+7,    1.656771E-3,    -3.935337E-3
1.228500E+7,    1.664162E-3,    -3.984928E-3
1.229125E+7,    1.619816E-3,    -4.080296E-3
1.229750E+7,    1.671314E-3,    -4.076958E-3
1.230375E+7,    1.690388E-3,    -4.142761E-3
1.231000E+7,    1.688957E-3,    -4.184723E-3
1.231625E+7,    1.667500E-3,    -4.237652E-3
1.232250E+7,    1.690865E-3,    -4.279137E-3
1.232875E+7,    1.760960E-3,    -4.337311E-3
1.233500E+7,    1.730442E-3,    -4.348278E-3
1.234125E+7,    1.742363E-3,    -4.358292E-3
1.234750E+7,    1.755714E-3,    -4.433632E-3
1.235375E+7,    1.764774E-3,    -4.512787E-3
1.236000E+7,    1.828194E-3,    -4.561901E-3
1.236625E+7,    1.819611E-3,    -4.583836E-3
1.237250E+7,    1.816273E-3,    -4.633904E-3
1.237875E+7,    1.839161E-3,    -4.714489E-3
1.238500E+7,    1.869202E-3,    -4.776001E-3
1.239125E+7,    1.919746E-3,    -4.853249E-3
1.239750E+7,    1.919746E-3,    -4.832268E-3
1.240375E+7,    1.939774E-3,    -4.902840E-3
1.241000E+7,    1.930714E-3,    -4.942417E-3
1.241625E+7,    1.991749E-3,    -5.054951E-3
1.242250E+7,    2.019405E-3,    -5.117416E-3
1.242875E+7,    2.038479E-3,    -5.199432E-3
1.243500E+7,    2.035618E-3,    -5.239487E-3
1.244125E+7,    2.016544E-3,    -5.298138E-3
1.244750E+7,    2.090454E-3,    -5.347729E-3
1.245375E+7,    2.123833E-3,    -5.425930E-3
1.246000E+7,    2.161980E-3,    -5.494595E-3
1.246625E+7,    2.145767E-3,    -5.585194E-3
1.247250E+7,    2.157688E-3,    -5.654335E-3
1.247875E+7,    2.190590E-3,    -5.718708E-3
1.248500E+7,    2.247810E-3,    -5.805016E-3
1.249125E+7,    2.225399E-3,    -5.880356E-3
1.249750E+7,    2.285957E-3,    -5.951881E-3
1.250375E+7,    2.315044E-3,    -6.061077E-3
1.251000E+7,    2.369404E-3,    -6.139755E-3
1.251625E+7,    2.344131E-3,    -6.242275E-3
1.252250E+7,    2.372742E-3,    -6.299496E-3
1.252875E+7,    2.439499E-3,    -6.333828E-3
1.253500E+7,    2.422333E-3,    -6.481647E-3
1.254125E+7,    2.465248E-3,    -6.546974E-3
1.254750E+7,    2.533436E-3,    -6.650448E-3
1.255375E+7,    2.489567E-3,    -6.778240E-3
1.256000E+7,    2.595901E-3,    -6.837845E-3
1.256625E+7,    2.573967E-3,    -6.948948E-3
1.257250E+7,    2.641678E-3,    -7.088184E-3
1.257875E+7,    2.657890E-3,    -7.159710E-3
1.258500E+7,    2.730846E-3,    -7.287025E-3
1.259125E+7,    2.712250E-3,    -7.325649E-3
1.259750E+7,    2.810001E-3,    -7.461548E-3
1.260375E+7,    2.805710E-3,    -7.622242E-3
1.261000E+7,    2.806187E-3,    -7.697582E-3
1.261625E+7,    2.826691E-3,    -7.931709E-3
1.262250E+7,    2.936840E-3,    -7.928848E-3
1.262875E+7,    2.682686E-3,    -8.338928E-3
1.263500E+7,    2.940178E-3,    -8.104324E-3
1.264125E+7,    3.022194E-3,    -8.329391E-3
1.264750E+7,    3.081322E-3,    -8.514404E-3
1.265375E+7,    3.090858E-3,    -8.609772E-3
1.266000E+7,    3.061295E-3,    -8.873940E-3
1.266625E+7,    3.136635E-3,    -8.859634E-3
1.267250E+7,    1.143456E-3,    -9.691238E-3
1.267875E+7,    2.144814E-3,    -9.751320E-3
1.268500E+7,    1.203537E-3,    -1.030922E-2
1.269125E+7,    2.434731E-3,    -1.018620E-2
1.269750E+7,    3.366470E-3,    -9.518623E-3
1.270375E+7,    1.716614E-4,    -9.965897E-3
1.271000E+7,    1.222610E-3,    -1.149368E-2
1.271625E+7,    3.614426E-3,    -1.014805E-2
1.272250E+7,    3.681183E-3,    -1.031590E-2
1.272875E+7,    3.686905E-3,    -1.056671E-2
1.273500E+7,    3.561020E-3,    -1.094437E-2
1.274125E+7,    3.763199E-3,    -1.099205E-2
1.274750E+7,    3.712177E-3,    -1.138783E-2
1.275375E+7,    3.930569E-3,    -1.133013E-2
1.276000E+7,    3.314972E-3,    -1.184320E-2
1.276625E+7,    1.851559E-3,    -1.225090E-2
1.277250E+7,    -2.151489E-3,    -9.012699E-3
1.277875E+7,    -3.375530E-3,    -1.136160E-2
1.278500E+7,    -1.502991E-3,    -1.346874E-2
1.279125E+7,    2.899170E-4,    -1.417065E-2
1.279750E+7,    3.168106E-3,    -1.325417E-2
1.280375E+7,    -1.359940E-3,    -1.301765E-2
1.281000E+7,    -4.755020E-3,    -1.121807E-2
1.281625E+7,    -3.749847E-3,    -1.497936E-2
1.282250E+7,    -4.085541E-3,    -1.481152E-2
1.282875E+7,    1.401901E-3,    -1.530170E-2
1.283500E+7,    -6.092072E-3,    -1.303005E-2
1.284125E+7,    4.287720E-3,    -1.644707E-2
1.284750E+7,    4.904747E-3,    -1.621056E-2
1.285375E+7,    3.727913E-3,    -1.725578E-2
1.286000E+7,    3.811836E-3,    -1.721573E-2
1.286625E+7,    3.705025E-3,    -1.808834E-2
1.287250E+7,    4.405975E-3,    -1.820469E-2
1.287875E+7,    5.336761E-3,    -1.787472E-2
1.288500E+7,    4.252434E-3,    -1.816463E-2
1.289125E+7,    3.029823E-3,    -2.008820E-2
1.289750E+7,    4.138947E-4,    -2.044010E-2
1.290375E+7,    3.878593E-3,    -1.990414E-2
1.291000E+7,    2.408028E-3,    -2.080250E-2
1.291625E+7,    1.395226E-3,    -2.220917E-2
1.292250E+7,    -1.008987E-3,    -1.970387E-2
1.292875E+7,    4.596710E-4,    -2.193928E-2
1.293500E+7,    -8.156776E-3,    -1.854706E-2
1.294125E+7,    -5.518913E-3,    -2.060986E-2
1.294750E+7,    -8.065224E-3,    -1.615047E-2
1.295375E+7,    -8.297920E-3,    -1.072693E-2
1.296000E+7,    -7.238865E-3,    -8.186817E-3
1.296625E+7,    -7.100105E-3,    -7.775307E-3
1.297250E+7,    -7.364273E-3,    -8.087158E-3
1.297875E+7,    -7.511616E-3,    -8.184910E-3
1.298500E+7,    -7.666111E-3,    -8.288860E-3
1.299125E+7,    -7.899284E-3,    -8.493423E-3
1.299750E+7,    -8.082390E-3,    -8.640289E-3
1.300375E+7,    -8.324623E-3,    -8.840561E-3
1.301000E+7,    -8.602142E-3,    -9.074211E-3
1.301625E+7,    -8.827209E-3,    -9.241104E-3
1.302250E+7,    -9.138107E-3,    -9.518623E-3
1.302875E+7,    -9.407997E-3,    -9.673119E-3
1.303500E+7,    -9.696007E-3,    -9.969711E-3
1.304125E+7,    -9.984970E-3,    -1.016521E-2
1.304750E+7,    -1.031494E-2,    -1.039982E-2
1.305375E+7,    -1.059055E-2,    -1.062870E-2
1.306000E+7,    -1.093292E-2,    -1.089287E-2
1.306625E+7,    -1.134682E-2,    -1.119328E-2
1.307250E+7,    -1.172447E-2,    -1.148701E-2
1.307875E+7,    -1.216698E-2,    -1.181412E-2
1.308500E+7,    -1.261044E-2,    -1.211262E-2
1.309125E+7,    -1.307583E-2,    -1.247501E-2
1.309750E+7,    -1.345634E-2,    -1.277351E-2
1.310375E+7,    -1.396179E-2,    -1.309586E-2
1.311000E+7,    -1.449108E-2,    -1.345158E-2
1.311625E+7,    -1.505184E-2,    -1.382160E-2
1.312250E+7,    -1.568127E-2,    -1.424599E-2
1.312875E+7,    -1.633549E-2,    -1.467800E-2
1.313500E+7,    -1.698017E-2,    -1.509953E-2
1.314125E+7,    -1.763153E-2,    -1.550674E-2
1.314750E+7,    -1.841927E-2,    -1.600647E-2
1.315375E+7,    -1.944923E-2,    -1.666832E-2
1.316000E+7,    -2.032661E-2,    -1.723289E-2
1.316625E+7,    -2.116585E-2,    -1.775551E-2
1.317250E+7,    -2.199173E-2,    -1.812172E-2
1.317875E+7,    -2.307129E-2,    -1.879883E-2
1.318500E+7,    -2.408791E-2,    -1.939774E-2
1.319125E+7,    -2.543640E-2,    -2.010345E-2
1.319750E+7,    -2.629471E-2,    -2.052498E-2
1.320375E+7,    -2.761269E-2,    -2.114677E-2
1.321000E+7,    -2.921295E-2,    -2.206612E-2
1.321625E+7,    -3.030014E-2,    -2.248383E-2
1.322250E+7,    -3.178978E-2,    -2.317810E-2
1.322875E+7,    -3.376961E-2,    -2.406311E-2
1.323500E+7,    -3.585434E-2,    -2.494621E-2
1.324125E+7,    -3.826332E-2,    -2.608299E-2
1.324750E+7,    -4.122543E-2,    -2.752686E-2
1.325375E+7,    -4.434967E-2,    -2.898788E-2
1.326000E+7,    -4.660416E-2,    -2.971268E-2
1.326625E+7,    -4.965973E-2,    -3.070831E-2
1.327250E+7,    -5.303955E-2,    -3.192520E-2
1.327875E+7,    -5.708313E-2,    -3.315735E-2
1.328500E+7,    -6.041718E-2,    -3.400803E-2
1.329125E+7,    -6.567383E-2,    -3.569412E-2
1.329750E+7,    -6.988525E-2,    -3.684616E-2
1.330375E+7,    -7.456207E-2,    -3.733826E-2
1.331000E+7,    -8.233643E-2,    -3.905106E-2
1.331625E+7,    -8.851624E-2,    -4.027557E-2
1.332250E+7,    -9.777832E-2,    -4.206085E-2
1.332875E+7,    -1.021194E-1,    -4.202271E-2
1.333500E+7,    -1.077957E-1,    -4.034424E-2
1.334125E+7,    -1.153717E-1,    -4.031372E-2
1.334750E+7,    -1.245499E-1,    -3.912354E-2
1.335375E+7,    -1.377411E-1,    -3.880310E-2
1.336000E+7,    -1.494904E-1,    -3.781128E-2
1.336625E+7,    -1.618271E-1,    -3.353119E-2
1.337250E+7,    -1.790390E-1,    -3.081512E-2
1.337875E+7,    -1.947708E-1,    -2.389526E-2
1.338500E+7,    -2.119064E-1,    -1.573944E-2
1.339125E+7,    -2.360992E-1,    -4.234314E-3
1.339750E+7,    -2.566833E-1,    9.841919E-3
1.340375E+7,    -2.780609E-1,    3.015137E-2
1.341000E+7,    -3.019104E-1,    5.676270E-2
1.341625E+7,    -3.287811E-1,    9.123230E-2
1.342250E+7,    -3.496552E-1,    1.336670E-1
1.342875E+7,    -3.674469E-1,    1.876678E-1
1.343500E+7,    -3.752899E-1,    2.518921E-1
1.344125E+7,    -3.646240E-1,    3.167114E-1
1.344750E+7,    -3.415527E-1,    3.901520E-1
1.345375E+7,    -3.007355E-1,    4.573669E-1
1.346000E+7,    -2.404175E-1,    5.148010E-1
1.346625E+7,    -1.724548E-1,    5.623474E-1
1.347250E+7,    -9.661865E-2,    5.957031E-1
1.347875E+7,    -1.913452E-2,    6.044006E-1
1.348500E+7,    5.572510E-2,    5.972900E-1
1.349125E+7,    1.235352E-1,    5.836182E-1
1.349750E+7,    1.862793E-1,    5.656738E-1
1.350375E+7,    2.456665E-1,    5.446167E-1
1.351000E+7,    2.958679E-1,    5.140686E-1
1.351625E+7,    3.443909E-1,    4.794312E-1
1.352250E+7,    3.900757E-1,    4.437561E-1
1.352875E+7,    4.334412E-1,    4.044189E-1
1.353500E+7,    4.756470E-1,    3.607483E-1
1.354125E+7,    5.126953E-1,    3.107300E-1
1.354750E+7,    5.475464E-1,    2.546387E-1
1.355375E+7,    5.754089E-1,    1.903076E-1
1.356000E+7,    5.931091E-1,    1.192322E-1
1.356625E+7,    5.985718E-1,    4.418945E-2
1.357250E+7,    5.888672E-1,    -3.399658E-2
1.357875E+7,    5.657349E-1,    -1.092529E-1
1.358500E+7,    5.263672E-1,    -1.758423E-1
1.359125E+7,    4.758606E-1,    -2.313843E-1
1.359750E+7,    4.192810E-1,    -2.718506E-1
1.360375E+7,    3.597717E-1,    -2.977295E-1
1.361000E+7,    3.017883E-1,    -3.106384E-1
1.361625E+7,    2.496033E-1,    -3.132019E-1
1.362250E+7,    2.038574E-1,    -3.075867E-1
1.362875E+7,    1.642456E-1,    -2.980347E-1
1.363500E+7,    1.311340E-1,    -2.850037E-1
1.364125E+7,    1.035461E-1,    -2.695923E-1
1.364750E+7,    8.084106E-2,    -2.537537E-1
1.365375E+7,    6.248474E-2,    -2.382202E-1
1.366000E+7,    4.736328E-2,    -2.233887E-1
1.366625E+7,    3.492737E-2,    -2.100372E-1
1.367250E+7,    2.474976E-2,    -1.969452E-1
1.367875E+7,    1.618958E-2,    -1.846771E-1
1.368500E+7,    9.719849E-3,    -1.728973E-1
1.369125E+7,    4.013062E-3,    -1.623840E-1
1.369750E+7,    -4.577637E-4,    -1.528625E-1
1.370375E+7,    -4.379272E-3,    -1.436615E-1
1.371000E+7,    -7.324219E-3,    -1.356049E-1
1.371625E+7,    -9.506226E-3,    -1.283569E-1
1.372250E+7,    -1.199341E-2,    -1.217346E-1
1.372875E+7,    -1.364136E-2,    -1.155243E-1
1.373500E+7,    -1.499939E-2,    -1.100616E-1
1.374125E+7,    -1.622009E-2,    -1.048203E-1
1.374750E+7,    -1.698303E-2,    -9.967804E-2
1.375375E+7,    -1.803589E-2,    -9.521484E-2
1.376000E+7,    -1.855469E-2,    -9.113312E-2
1.376625E+7,    -1.902008E-2,    -8.707428E-2
1.377250E+7,    -1.954651E-2,    -8.377838E-2
1.377875E+7,    -1.981354E-2,    -8.063507E-2
1.378500E+7,    -1.998901E-2,    -7.733154E-2
1.379125E+7,    -2.012634E-2,    -7.468414E-2
1.379750E+7,    -2.065277E-2,    -7.170868E-2
1.380375E+7,    -2.071381E-2,    -6.952667E-2
1.381000E+7,    -2.088165E-2,    -6.723022E-2
1.381625E+7,    -2.093506E-2,    -6.519318E-2
1.382250E+7,    -2.098846E-2,    -6.316376E-2
1.382875E+7,    -2.102661E-2,    -6.136322E-2
1.383500E+7,    -2.109528E-2,    -5.966187E-2
1.384125E+7,    -2.121735E-2,    -5.805969E-2
1.384750E+7,    -2.119446E-2,    -5.651855E-2
1.385375E+7,    -2.124023E-2,    -5.512238E-2
1.386000E+7,    -2.131653E-2,    -5.376434E-2
1.386625E+7,    -2.136993E-2,    -5.261230E-2
1.387250E+7,    -2.142334E-2,    -5.155945E-2
1.387875E+7,    -2.156067E-2,    -5.045319E-2
1.388500E+7,    -2.161407E-2,    -4.959106E-2
1.389125E+7,    -2.173615E-2,    -4.870605E-2
1.389750E+7,    -2.177429E-2,    -4.784393E-2
1.390375E+7,    -2.195740E-2,    -4.714203E-2
1.391000E+7,    -2.203369E-2,    -4.642487E-2
1.391625E+7,    -2.226257E-2,    -4.580688E-2
1.392250E+7,    -2.244568E-2,    -4.526520E-2
1.392875E+7,    -2.266693E-2,    -4.475403E-2
1.393500E+7,    -2.288818E-2,    -4.433441E-2
1.394125E+7,    -2.323914E-2,    -4.396820E-2
1.394750E+7,    -2.354431E-2,    -4.364014E-2
1.395375E+7,    -2.388000E-2,    -4.337311E-2
1.396000E+7,    -2.429962E-2,    -4.323578E-2
1.396625E+7,    -2.474213E-2,    -4.306030E-2
1.397250E+7,    -2.527618E-2,    -4.293060E-2
1.397875E+7,    -2.580261E-2,    -4.288483E-2
1.398500E+7,    -2.645111E-2,    -4.291916E-2
1.399125E+7,    -2.717972E-2,    -4.312134E-2
1.399750E+7,    -2.793884E-2,    -4.326630E-2
1.400375E+7,    -2.887726E-2,    -4.349899E-2
1.401000E+7,    -2.991104E-2,    -4.384995E-2
1.401625E+7,    -3.100586E-2,    -4.422379E-2
1.402250E+7,    -3.236771E-2,    -4.465866E-2
1.402875E+7,    -3.395462E-2,    -4.524994E-2
1.403500E+7,    -3.562164E-2,    -4.588699E-2
1.404125E+7,    -3.766632E-2,    -4.671097E-2
1.404750E+7,    -4.003525E-2,    -4.753876E-2
1.405375E+7,    -4.286575E-2,    -4.849625E-2
1.406000E+7,    -4.614258E-2,    -4.938889E-2
1.406625E+7,    -4.999924E-2,    -5.042648E-2
1.407250E+7,    -5.478668E-2,    -5.140305E-2
1.407875E+7,    -6.066132E-2,    -5.212021E-2
1.408500E+7,    -6.763077E-2,    -5.271530E-2
1.409125E+7,    -7.654190E-2,    -5.234909E-2
1.409750E+7,    -8.733368E-2,    -5.070496E-2
1.410375E+7,    -1.004333E-1,    -4.633331E-2
1.411000E+7,    -1.162491E-1,    -3.733063E-2
1.411625E+7,    -1.319580E-1,    -2.186584E-2
1.412250E+7,    -1.448288E-1,    3.967285E-3
1.412875E+7,    -1.468201E-1,    3.820801E-2
1.413500E+7,    -1.320953E-1,    7.273102E-2
1.414125E+7,    -1.034698E-1,    9.616089E-2
1.414750E+7,    -7.212067E-2,    1.034775E-1
1.415375E+7,    -4.625702E-2,    9.939575E-2
1.416000E+7,    -2.749634E-2,    9.008789E-2
1.416625E+7,    -1.539612E-2,    7.961273E-2
1.417250E+7,    -7.194519E-3,    7.001495E-2
1.417875E+7,    -2.208710E-3,    6.134415E-2
1.418500E+7,    1.037598E-3,    5.389404E-2
1.419125E+7,    3.143311E-3,    4.784012E-2
1.419750E+7,    4.482269E-3,    4.257965E-2
1.420375E+7,    5.249023E-3,    3.808594E-2
1.421000E+7,    5.693436E-3,    3.428268E-2
1.421625E+7,    5.954742E-3,    3.099060E-2
1.422250E+7,    6.059647E-3,    2.818489E-2
1.422875E+7,    5.992889E-3,    2.570915E-2
1.423500E+7,    5.924225E-3,    2.354717E-2
1.424125E+7,    5.811691E-3,    2.162838E-2
1.424750E+7,    5.659103E-3,    1.995754E-2
1.425375E+7,    5.491257E-3,    1.846218E-2
1.426000E+7,    5.309105E-3,    1.709366E-2
1.426625E+7,    5.091667E-3,    1.588917E-2
1.427250E+7,    4.940987E-3,    1.478863E-2
1.427875E+7,    4.746437E-3,    1.383591E-2
1.428500E+7,    4.563332E-3,    1.292610E-2
1.429125E+7,    4.389763E-3,    1.213646E-2
1.429750E+7,    4.206181E-3,    1.135683E-2
1.430375E+7,    4.034042E-3,    1.068449E-2
1.431000E+7,    3.907204E-3,    1.007986E-2
1.431625E+7,    3.730774E-3,    9.524345E-3
1.432250E+7,    3.582478E-3,    8.954048E-3
1.432875E+7,    3.453732E-3,    8.452415E-3
1.433500E+7,    3.315926E-3,    8.002281E-3
1.434125E+7,    3.189087E-3,    7.572174E-3
1.434750E+7,    3.060818E-3,    7.179737E-3
1.435375E+7,    2.923965E-3,    6.840229E-3
1.436000E+7,    2.857685E-3,    6.508350E-3
1.436625E+7,    2.707481E-3,    6.191254E-3
1.437250E+7,    2.635002E-3,    5.888939E-3
1.437875E+7,    2.528191E-3,    5.595207E-3
1.438500E+7,    2.431393E-3,    5.346537E-3
1.439125E+7,    2.326727E-3,    5.096674E-3
1.439750E+7,    2.259016E-3,    4.863739E-3
1.440375E+7,    2.164364E-3,    4.653692E-3
1.441000E+7,    2.078533E-3,    4.457474E-3
1.441625E+7,    2.030611E-3,    4.214048E-3
1.442250E+7,    1.968384E-3,    4.073381E-3
1.442875E+7,    1.869440E-3,    3.905535E-3
1.443500E+7,    1.810074E-3,    3.720522E-3
1.444125E+7,    1.756668E-3,    3.562689E-3
1.444750E+7,    1.704454E-3,    3.407478E-3
1.445375E+7,    1.642942E-3,    3.295183E-3
1.446000E+7,    1.591921E-3,    3.157616E-3
1.446625E+7,    1.524448E-3,    3.054619E-3
1.447250E+7,    1.484871E-3,    2.928019E-3
1.447875E+7,    1.449108E-3,    2.799988E-3
1.448500E+7,    1.407146E-3,    2.703428E-3
1.449125E+7,    1.351476E-3,    2.601027E-3
1.449750E+7,    1.318812E-3,    2.486110E-3
1.450375E+7,    1.253963E-3,    2.393246E-3
1.451000E+7,    1.232505E-3,    2.330422E-3
1.451625E+7,    1.183867E-3,    2.217770E-3
1.452250E+7,    1.161575E-3,    2.187610E-3
1.452875E+7,    1.106501E-3,    2.068043E-3
1.453500E+7,    1.069427E-3,    1.986861E-3
1.454125E+7,    1.011252E-3,    1.906991E-3
1.454750E+7,    1.019716E-3,    1.862168E-3
1.455375E+7,    9.803772E-4,    1.817346E-3
1.456000E+7,    9.646416E-4,    1.718521E-3
1.456625E+7,    9.081364E-4,    1.676440E-3
1.457250E+7,    9.040833E-4,    1.595497E-3
1.457875E+7,    8.909702E-4,    1.575232E-3
1.458500E+7,    8.456707E-4,    1.528740E-3
1.459125E+7,    8.352995E-4,    1.469374E-3
1.459750E+7,    8.027554E-4,    1.410842E-3
1.460375E+7,    7.584095E-4,    1.371384E-3
1.461000E+7,    7.491112E-4,    1.335502E-3
1.461625E+7,    7.394552E-4,    1.271844E-3
1.462250E+7,    7.157326E-4,    1.236618E-3
1.462875E+7,    6.682873E-4,    1.171768E-3
1.463500E+7,    6.783009E-4,    1.141787E-3
1.464125E+7,    6.589293E-4,    1.135767E-3
1.464750E+7,    6.475449E-4,    1.100004E-3
1.465375E+7,    6.130338E-4,    1.063347E-3
1.466000E+7,    6.138682E-4,    1.010537E-3
1.466625E+7,    5.845428E-4,    9.961724E-4
1.467250E+7,    5.681515E-4,    9.369850E-4
1.467875E+7,    5.548000E-4,    9.283423E-4
1.468500E+7,    5.497336E-4,    9.071231E-4
1.469125E+7,    5.283952E-4,    8.949637E-4
1.469750E+7,    5.196333E-4,    8.659959E-4
1.470375E+7,    4.947186E-4,    8.229017E-4
1.471000E+7,    4.810691E-4,    8.395314E-4
1.471625E+7,    4.690289E-4,    7.866621E-4
1.472250E+7,    4.629493E-4,    7.569194E-4
1.472875E+7,    4.204512E-4,    7.331371E-4
1.473500E+7,    4.273057E-4,    7.108450E-4
1.474125E+7,    4.221797E-4,    6.888509E-4
1.474750E+7,    4.202127E-4,    6.816983E-4
1.475375E+7,    3.965497E-4,    6.629825E-4
1.476000E+7,    3.871322E-4,    6.327033E-4
1.476625E+7,    3.758073E-4,    6.241798E-4
1.477250E+7,    3.849268E-4,    6.181598E-4
1.477875E+7,    3.675222E-4,    5.950332E-4
1.478500E+7,    3.537238E-4,    5.697906E-4
1.479125E+7,    3.397465E-4,    5.707145E-4
1.479750E+7,    3.284812E-4,    5.253851E-4
1.480375E+7,    3.467202E-4,    5.390048E-4
1.481000E+7,    3.080964E-4,    5.046725E-4
1.481625E+7,    3.189743E-4,    4.970133E-4
1.482250E+7,    3.055930E-4,    4.802644E-4
1.482875E+7,    2.831519E-4,    4.611313E-4
1.483500E+7,    3.063083E-4,    4.350245E-4
1.484125E+7,    2.491772E-4,    4.421771E-4
1.484750E+7,    2.719164E-4,    4.339218E-4
1.485375E+7,    2.823174E-4,    4.266798E-4
1.486000E+7,    2.752841E-4,    4.139245E-4
1.486625E+7,    2.515912E-4,    4.053712E-4
1.487250E+7,    2.656579E-4,    3.851056E-4
1.487875E+7,    2.235770E-4,    3.714561E-4
1.488500E+7,    2.442002E-4,    3.460944E-4
1.489125E+7,    2.342165E-4,    3.640950E-4
1.489750E+7,    2.425909E-4,    3.482401E-4
1.490375E+7,    2.323091E-4,    3.470778E-4
1.491000E+7,    2.361238E-4,    3.254116E-4
1.491625E+7,    2.212524E-4,    3.100932E-4
1.492250E+7,    2.037883E-4,    3.154278E-4
1.492875E+7,    2.137125E-4,    3.260374E-4
1.493500E+7,    1.933575E-4,    3.055632E-4
1.494125E+7,    1.996309E-4,    3.001243E-4
1.494750E+7,    1.861006E-4,    2.935082E-4
1.495375E+7,    1.937896E-4,    2.777576E-4
1.496000E+7,    1.638532E-4,    2.646446E-4
1.496625E+7,    1.781434E-4,    2.622604E-4
1.497250E+7,    1.835227E-4,    2.678186E-4
1.497875E+7,    1.721382E-4,    2.488643E-4
1.498500E+7,    1.635402E-4,    2.369732E-4
1.499125E+7,    1.649410E-4,    2.360791E-4
1.499750E+7,    1.655072E-4,    2.362132E-4
1.500375E+7,    1.559556E-4,    2.248734E-4
1.501000E+7,    1.545995E-4,    2.262890E-4
1.501625E+7,    1.363754E-4,    1.938939E-4
1.502250E+7,    1.489520E-4,    2.128929E-4
1.502875E+7,    1.246333E-4,    1.853108E-4
1.503500E+7,    1.247227E-4,    2.161115E-4
1.504125E+7,    1.410395E-4,    2.014041E-4
1.504750E+7,    1.313686E-4,    2.007633E-4
1.505375E+7,    1.376718E-4,    1.955628E-4
1.506000E+7,    1.096725E-4,    1.809150E-4
1.506625E+7,    1.229048E-4,    1.886040E-4
1.507250E+7,    1.344383E-4,    1.782924E-4
1.507875E+7,    9.892881E-5,    1.506656E-4
1.508500E+7,    1.018643E-4,    1.372322E-4
1.509125E+7,    1.179427E-4,    1.629889E-4
1.509750E+7,    1.318157E-4,    1.288503E-4
1.510375E+7,    1.085401E-4,    1.519322E-4
1.511000E+7,    1.216233E-4,    1.491904E-4
1.511625E+7,    1.065731E-4,    1.539886E-4
1.512250E+7,    1.041666E-4,    1.458451E-4
1.512875E+7,    1.045987E-4,    1.452491E-4
1.513500E+7,    8.689612E-5,    1.215562E-4
1.514125E+7,    9.795278E-5,    1.212060E-4
1.514750E+7,    1.009330E-4,    1.389831E-4
1.515375E+7,    8.806586E-5,    1.209602E-4
1.516000E+7,    8.827448E-5,    1.103804E-4
1.516625E+7,    9.436160E-5,    1.256317E-4
1.517250E+7,    9.238720E-5,    1.384169E-4
1.517875E+7,    7.725507E-5,    1.332462E-4
1.518500E+7,    7.879734E-5,    9.950250E-5
1.519125E+7,    8.286536E-5,    1.382083E-4
1.519750E+7,    9.586662E-5,    1.139045E-4
1.520375E+7,    7.754564E-5,    1.014695E-4
1.521000E+7,    6.270409E-5,    1.071021E-4
1.521625E+7,    6.009638E-5,    9.956956E-5
1.522250E+7,    7.871538E-5,    9.121001E-5
1.522875E+7,    7.131696E-5,    9.945780E-5
1.523500E+7,    6.546080E-5,    8.360296E-5
1.524125E+7,    6.678700E-5,    9.378046E-5
1.524750E+7,    6.448478E-5,    9.673089E-5
1.525375E+7,    8.153170E-5,    6.607920E-5
1.526000E+7,    6.705523E-5,    8.305162E-5
1.526625E+7,    7.525831E-5,    7.475168E-5
1.527250E+7,    4.590303E-5,    7.447600E-5
1.527875E+7,    5.510449E-5,    1.116246E-4
1.528500E+7,    7.200241E-5,    8.080900E-5
1.529125E+7,    5.569309E-5,    7.680804E-5
1.529750E+7,    3.429130E-5,    7.867441E-5
1.530375E+7,    6.680191E-5,    7.545948E-5
1.531000E+7,    3.029034E-5,    6.006286E-5
1.531625E+7,    4.685298E-5,    6.346777E-5
1.532250E+7,    6.020442E-5,    5.890429E-5
1.532875E+7,    6.026775E-5,    5.854666E-5
1.533500E+7,    4.958361E-5,    7.461011E-5
1.534125E+7,    5.859137E-5,    7.684529E-5
1.534750E+7,    4.722923E-5,    9.259582E-5
1.535375E+7,    2.991781E-5,    7.137656E-5
1.536000E+7,    3.952160E-5,    8.412078E-5
1.536625E+7,    5.149096E-5,    5.586445E-5
1.537250E+7,    4.487485E-5,    5.038455E-5
1.537875E+7,    7.485598E-5,    6.761402E-5
1.538500E+7,    5.515665E-5,    6.858259E-5
1.539125E+7,    5.286559E-5,    5.652383E-5
1.539750E+7,    7.138774E-5,    3.284216E-5
1.540375E+7,    3.010407E-5,    5.240366E-5
1.541000E+7,    6.592274E-5,    2.952293E-5
1.541625E+7,    2.630800E-5,    5.933270E-5
1.542250E+7,    4.712865E-5,    5.009025E-5
1.542875E+7,    4.008412E-5,    5.460903E-5
1.543500E+7,    1.626462E-5,    3.113411E-5
1.544125E+7,    2.209842E-5,    4.222617E-5
1.544750E+7,    2.753176E-5,    3.538094E-5
1.545375E+7,    4.427135E-5,    4.256144E-5
1.546000E+7,    4.340336E-5,    3.066659E-5
1.546625E+7,    4.325435E-5,    5.540997E-5
1.547250E+7,    1.550466E-5,    3.676303E-5
1.547875E+7,    1.298450E-5,    3.982894E-5
1.548500E+7,    4.259497E-5,    3.909692E-5
1.549125E+7,    4.611909E-5,    5.228072E-5
1.549750E+7,    3.933534E-5,    5.252659E-5
1.550375E+7,    2.668798E-5,    4.087389E-5
1.551000E+7,    1.987070E-5,    1.872890E-5
1.551625E+7,    3.861636E-5,    3.632158E-5
1.552250E+7,    2.751127E-5,    3.580004E-6
1.552875E+7,    5.634129E-5,    3.717467E-5
1.553500E+7,    2.911408E-5,    -3.483146E-7
1.554125E+7,    4.804507E-5,    2.450123E-5
1.554750E+7,    3.747828E-5,    2.482347E-5
1.555375E+7,    2.730638E-5,    3.684312E-5
1.556000E+7,    3.123470E-5,    2.675876E-5
1.556625E+7,    3.446266E-5,    3.922358E-5
1.557250E+7,    2.478808E-5,    5.056337E-5
1.557875E+7,    1.362152E-5,    2.977438E-5
1.558500E+7,    2.034102E-5,    -1.800247E-6
1.559125E+7,    2.899393E-5,    4.648790E-5
1.559750E+7,    2.502371E-5,    5.685724E-6
1.560375E+7,    1.645647E-5,    1.937896E-5
1.561000E+7,    1.737103E-5,    3.405474E-5
1.561625E+7,    3.824383E-5,    3.208965E-5
1.562250E+7,    4.074769E-6,    -6.954651E-6
1.562875E+7,    1.994707E-5,    3.068522E-5
1.563500E+7,    1.706439E-10,    6.465655E-10
1.564125E+7,    7.804018E-6,    -1.351302E-5
1.564750E+7,    1.140684E-5,    1.101941E-5
1.565375E+7,    6.730203E-6,    3.818888E-6
1.566000E+7,    1.234002E-5,    2.466887E-5
1.566625E+7,    -1.129694E-5,    2.021156E-5
1.567250E+7,    1.264364E-5,    2.471358E-5
1.567875E+7,    -2.572313E-6,    2.046395E-5
1.568500E+7,    1.643226E-5,    1.777150E-5
1.569125E+7,    -5.885959E-7,    1.709443E-5
1.569750E+7,    -1.525600E-5,    -3.910623E-6
1.570375E+7,    1.292862E-5,    2.426282E-5
1.571000E+7,    2.006907E-5,    1.076702E-5
1.571625E+7,    1.435727E-5,    3.765896E-5
1.572250E+7,    4.617497E-6,    2.393033E-5
1.572875E+7,    6.493181E-6,    2.050214E-5
1.573500E+7,    1.940350E-10,    6.081393E-10
1.574125E+7,    4.788861E-6,    2.374314E-5
1.574750E+7,    5.024020E-6,    6.829854E-6
1.575375E+7,    1.522433E-5,    3.433786E-6
1.576000E+7,    2.709031E-5,    1.355447E-5
1.576625E+7,    -1.356332E-5,    1.021149E-5
1.577250E+7,    1.703203E-5,    1.687557E-5
1.577875E+7,    6.964430E-6,    2.030563E-5
1.578500E+7,    1.388788E-5,    2.357364E-5
1.579125E+7,    1.176773E-5,    -6.965827E-6
1.579750E+7,    1.203921E-5,    9.953044E-6
1.580375E+7,    1.073815E-5,    3.025867E-5
1.581000E+7,    5.226117E-6,    6.635673E-6
1.581625E+7,    -2.163745E-10,    -5.964296E-10
1.582250E+7,    4.109740E-5,    1.900457E-5
1.582875E+7,    1.525693E-5,    2.847984E-6
1.583500E+7,    3.434718E-5,    1.555309E-5
1.584125E+7,    3.781170E-6,    9.976793E-6
1.584750E+7,    -9.167939E-6,    -1.647417E-5
1.585375E+7,    -1.146458E-5,    7.261522E-6
1.586000E+7,    1.377892E-5,    6.075017E-6
1.586625E+7,    1.500943E-6,    -3.452995E-6
1.587250E+7,    1.774356E-5,    1.584366E-5
1.587875E+7,    1.233723E-5,    9.398907E-6
1.588500E+7,    -9.861309E-6,    3.980007E-6
1.589125E+7,    8.389819E-6,    -5.508773E-7
1.589750E+7,    -1.385808E-5,    -5.763024E-6
1.590375E+7,    2.489798E-5,    1.838244E-5
1.591000E+7,    2.691522E-6,    1.327135E-5
1.591625E+7,    -4.240312E-6,    1.041358E-5
1.592250E+7,    -8.357223E-6,    6.835908E-7
1.592875E+7,    2.807006E-6,    1.321547E-5
1.593500E+7,    2.506226E-10,    5.783818E-10
1.594125E+7,    1.260825E-5,    8.915551E-6
1.594750E+7,    4.042871E-6,    -1.048017E-5
1.595375E+7,    -4.318543E-6,    -9.662006E-6
1.596000E+7,    1.328415E-6,    -3.499095E-6
1.596625E+7,    -2.496503E-5,    2.566725E-6
1.597250E+7,    -7.020775E-6,    -2.604444E-6
1.597875E+7,    2.579065E-6,    -7.028459E-6
1.598500E+7,    2.660840E-10,    5.708500E-10
1.599125E+7,    -1.084944E-5,    8.027069E-6
1.599750E+7,    2.571009E-5,    1.703948E-5
1.600375E+7,    -5.021691E-5,    -5.572289E-5
1.601000E+7,    3.997423E-5,    -1.068413E-5
1.601625E+7,    1.366138E-4,    -2.475083E-5
1.602250E+7,    -3.795698E-5,    4.301034E-5
1.602875E+7,    -8.630380E-5,    -1.498312E-5
1.603500E+7,    4.972890E-5,    4.776940E-5
1.604125E+7,    5.418807E-5,    8.606911E-5
1.604750E+7,    -4.939735E-5,    -1.087785E-4
1.605375E+7,    2.657529E-5,    -3.010221E-5
1.606000E+7,    9.891018E-5,    -7.724017E-5
1.606625E+7,    2.356991E-5,    8.599088E-5
1.607250E+7,    3.283098E-5,    -2.840906E-5
1.607875E+7,    3.819913E-5,    2.613291E-5
1.608500E+7,    5.659461E-5,    1.269281E-4
1.609125E+7,    -4.003756E-5,    1.054257E-5
1.609750E+7,    -1.467988E-4,    2.720207E-5
1.610375E+7,    -3.170222E-5,    -1.893267E-4
1.611000E+7,    -1.365542E-4,    1.975819E-4
1.611625E+7,    -1.015775E-4,    1.993030E-6
1.612250E+7,    -2.621114E-5,    4.796386E-4
1.612875E+7,    2.479926E-5,    6.647781E-6
1.613500E+7,    7.438660E-5,    -4.908442E-5
1.614125E+7,    8.629635E-5,    -5.388260E-5
1.614750E+7,    9.503216E-6,    -7.988140E-5
1.615375E+7,    -6.199116E-6,    -1.668697E-6
1.616000E+7,    -5.435944E-5,    7.846579E-5
1.616625E+7,    -6.398931E-5,    5.456805E-5
1.617250E+7,    5.912408E-5,    2.700835E-6
1.617875E+7,    1.143105E-5,    2.171844E-5
1.618500E+7,    9.266660E-7,    1.621712E-5
1.619125E+7,    -1.135096E-4,    6.355345E-6
1.619750E+7,    4.721433E-5,    7.476658E-6
1.620375E+7,    5.540624E-5,    -2.755225E-5
1.621000E+7,    4.990399E-5,    9.078532E-5
1.621625E+7,    -1.761876E-5,    -2.342463E-5
1.622250E+7,    3.390387E-5,    -1.208298E-5
1.622875E+7,    -6.915629E-5,    -1.713634E-7
1.623500E+7,    1.250580E-5,    -6.579608E-5
1.624125E+7,    4.653633E-5,    6.856397E-5
1.624750E+7,    -2.625771E-5,    3.512949E-6
1.625375E+7,    -6.084144E-5,    -6.993115E-5
1.626000E+7,    -5.914830E-5,    -2.773479E-6
1.626625E+7,    6.472692E-5,    -1.154952E-4
1.627250E+7,    6.197952E-6,    1.683831E-6
1.627875E+7,    -1.382753E-4,    -4.470348E-7
1.628500E+7,    7.492676E-5,    -6.154180E-6
1.629125E+7,    1.284480E-5,    1.149438E-5
1.629750E+7,    6.448478E-6,    -6.751344E-5
1.630375E+7,    8.692965E-6,    -2.694409E-5
1.631000E+7,    -3.349781E-5,    2.014637E-5
1.631625E+7,    5.589798E-6,    2.815761E-5
1.632250E+7,    4.500896E-5,    7.886440E-5
1.632875E+7,    -1.623109E-5,    8.735806E-7
1.633500E+7,    -8.301809E-6,    3.499910E-5
1.634125E+7,    6.639212E-5,    -1.381338E-5
1.634750E+7,    -1.179799E-5,    -2.987310E-5
1.635375E+7,    -6.634742E-5,    -9.807199E-5
1.636000E+7,    9.715557E-6,    -1.226366E-4
1.636625E+7,    -1.675934E-4,    -8.860230E-5
1.637250E+7,    2.600439E-5,    -4.616939E-5
1.637875E+7,    -4.849583E-5,    -1.092628E-4
1.638500E+7,    -6.888062E-6,    -5.252101E-5
1.639125E+7,    5.405024E-5,    -9.448826E-5
1.639750E+7,    -5.983002E-5,    2.350472E-5
1.640375E+7,    -5.790591E-5,    -5.597621E-5
1.641000E+7,    -4.553795E-5,    -5.258247E-5
1.641625E+7,    -1.104400E-4,    -4.918873E-5
1.642250E+7,    -1.309440E-6,    5.299225E-5
1.642875E+7,    2.157595E-5,    -1.537520E-5
1.643500E+7,    2.586097E-5,    -8.886307E-5
1.644125E+7,    -2.265908E-5,    3.379397E-5
1.644750E+7,    -9.745359E-5,    4.778430E-5
1.645375E+7,    3.822520E-5,    6.927177E-5
1.646000E+7,    -6.639212E-5,    -6.373227E-5
1.646625E+7,    -5.453266E-5,    8.963048E-6
1.647250E+7,    -2.629310E-5,    -1.167953E-4
1.647875E+7,    3.611296E-5,    2.869964E-5
1.648500E+7,    -4.586950E-5,    -6.078556E-5
1.649125E+7,    -4.955754E-5,    -1.373887E-5
1.649750E+7,    -2.865214E-5,    -2.623536E-6
1.650375E+7,    -3.003888E-5,    5.046837E-5
1.651000E+7,    -2.048165E-5,    -1.232550E-4
1.651625E+7,    -2.754666E-5,    -2.106838E-5
1.652250E+7,    1.929933E-6,    -2.133776E-6
1.652875E+7,    1.806766E-5,    -8.856878E-5
1.653500E+7,    2.095662E-5,    1.117215E-5
1.654125E+7,    -1.567602E-5,    9.453297E-5
1.654750E+7,    -2.278946E-5,    3.375113E-5
1.655375E+7,    -6.028265E-5,    1.008809E-4
1.656000E+7,    1.616590E-5,    -4.358776E-5
1.656625E+7,    6.163120E-5,    9.197742E-6
1.657250E+7,    -9.334087E-5,    -1.545250E-4
1.657875E+7,    3.620982E-5,    1.143962E-4
1.658500E+7,    2.166443E-5,    -5.820021E-5
1.659125E+7,    -1.809373E-5,    8.861721E-5
1.659750E+7,    5.672574E-4,    7.119775E-4
1.660375E+7,    -1.309663E-4,    -1.006573E-5
1.661000E+7,    -2.091751E-5,    3.159605E-5
1.661625E+7,    9.422749E-5,    7.670373E-6
1.662250E+7,    -6.778166E-5,    7.466972E-5
1.662875E+7,    3.603287E-5,    -5.682185E-5
1.663500E+7,    1.586974E-6,    7.543340E-5
1.664125E+7,    1.162291E-5,    -5.568750E-5
1.664750E+7,    5.496144E-4,    9.297729E-4
1.665375E+7,    -5.096197E-4,    1.990795E-5
1.666000E+7,    -4.897714E-4,    1.357198E-4
1.666625E+7,    -1.280010E-5,    -1.165271E-5
1.667250E+7,    1.400523E-5,    -4.965812E-5
1.667875E+7,    2.757832E-5,    -1.074150E-4
1.668500E+7,    -1.524985E-4,    -7.260591E-5
1.669125E+7,    2.845526E-4,    2.437234E-4
1.669750E+7,    6.863475E-5,    2.499372E-4
1.670375E+7,    -1.775026E-4,    -1.735389E-4
1.671000E+7,    -7.212162E-6,    1.534745E-4
1.671625E+7,    1.188368E-6,    -1.844857E-5
1.672250E+7,    9.202957E-5,    1.847744E-6
1.672875E+7,    6.177649E-5,    9.454787E-6
1.673500E+7,    5.348399E-5,    5.269423E-5
1.674125E+7,    -8.419156E-5,    -1.046807E-5
1.674750E+7,    1.844764E-5,    -8.872524E-5
1.675375E+7,    -1.092535E-5,    2.913270E-5
1.676000E+7,    -6.053224E-5,    -2.789870E-5
1.676625E+7,    6.235391E-5,    1.117364E-4
1.677250E+7,    -1.219660E-4,    -2.924353E-5
1.677875E+7,    1.003295E-4,    -8.435175E-5
1.678500E+7,    3.121234E-5,    -3.413297E-5
1.679125E+7,    -5.630776E-6,    5.751476E-5
1.679750E+7,    -7.383898E-5,    -4.921108E-6
1.680375E+7,    3.496744E-5,    4.587695E-6
1.681000E+7,    6.673113E-5,    2.972409E-5
1.681625E+7,    -2.541021E-5,    -6.639957E-5
1.682250E+7,    -3.926270E-5,    -8.493662E-6
1.682875E+7,    1.172395E-5,    -1.279078E-5
1.683500E+7,    -3.245473E-5,    5.256757E-5
1.684125E+7,    1.242105E-5,    3.549270E-6
1.684750E+7,    -5.230308E-6,    -7.138774E-5
1.685375E+7,    -7.249042E-5,    2.764910E-5
1.686000E+7,    -5.732477E-5,    -4.864857E-5
1.686625E+7,    8.998811E-5,    4.730374E-5
1.687250E+7,    -3.876351E-5,    5.080551E-5
1.687875E+7,    -6.630272E-5,    -1.158491E-4
1.688500E+7,    -5.923212E-7,    -1.105145E-4
1.689125E+7,    -2.093799E-5,    -1.136586E-5
1.689750E+7,    -1.090020E-4,    -6.090850E-5
1.690375E+7,    1.566205E-5,    -1.704879E-5
1.691000E+7,    -3.387034E-5,    7.107109E-5
1.691625E+7,    -3.525801E-5,    3.830902E-5
1.692250E+7,    -4.284084E-5,    3.825873E-6
1.692875E+7,    -8.752942E-5,    -3.313273E-5
1.693500E+7,    6.008893E-6,    9.604916E-5
1.694125E+7,    -2.956018E-5,    7.497519E-5
1.694750E+7,    -3.970414E-5,    -6.800517E-5
1.695375E+7,    -9.268522E-5,    -1.048669E-5
1.696000E+7,    -2.508014E-4,    -6.955862E-5
1.696625E+7,    1.495481E-4,    5.120784E-5
1.697250E+7,    1.997873E-5,    3.812648E-5
1.697875E+7,    3.438815E-5,    -1.164898E-5
1.698500E+7,    -1.670793E-5,    9.498000E-5
1.699125E+7,    -3.339723E-5,    -1.507066E-5
1.699750E+7,    -4.509836E-5,    -1.048073E-4
1.700375E+7,    -3.013015E-5,    -3.565848E-5
1.701000E+7,    -8.447841E-5,    4.031882E-5
1.701625E+7,    7.554889E-6,    1.371577E-4
1.702250E+7,    1.636520E-5,    -1.032427E-4
1.702875E+7,    2.819300E-5,    -1.673549E-4
1.703500E+7,    2.004653E-4,    1.416802E-4
1.704125E+7,    3.403798E-5,    3.148243E-5
1.704750E+7,    -2.947077E-5,    -7.063523E-5
1.705375E+7,    -6.809831E-5,    -6.297976E-5
1.706000E+7,    3.011152E-5,    3.575534E-5
1.706625E+7,    -1.144260E-4,    1.268089E-5
1.707250E+7,    -1.759082E-5,    -8.346885E-5
1.707875E+7,    5.908078E-6,    -6.383751E-6
1.708500E+7,    -3.783032E-5,    8.353963E-5
1.709125E+7,    -7.354468E-5,    6.231666E-5
1.709750E+7,    -7.719547E-5,    -8.735061E-5
1.710375E+7,    -6.956980E-6,    3.311224E-5
1.711000E+7,    3.767386E-5,    1.910888E-5
1.711625E+7,    2.699718E-5,    -4.618987E-5
1.712250E+7,    -2.719462E-5,    -1.334958E-5
1.712875E+7,    -2.220273E-5,    -4.436821E-5
1.713500E+7,    3.115274E-7,    8.195173E-6
1.714125E+7,    -1.054481E-4,    -7.397681E-5
1.714750E+7,    -3.032014E-5,    6.686524E-5
1.715375E+7,    -6.658584E-5,    -2.216175E-5
1.716000E+7,    2.006814E-5,    -1.308974E-5
1.716625E+7,    -2.781861E-5,    -2.980232E-5
1.717250E+7,    -3.796816E-5,    -2.731383E-5
1.717875E+7,    -3.814884E-5,    2.400763E-5
1.718500E+7,    -7.543713E-5,    -3.834441E-5
1.719125E+7,    3.145076E-5,    1.735985E-5
1.719750E+7,    1.849607E-5,    5.688146E-5
1.720375E+7,    -4.702248E-5,    7.865950E-6
1.721000E+7,    -1.463480E-5,    4.986115E-5
1.721625E+7,    -1.505017E-5,    -1.795590E-5
1.722250E+7,    9.808689E-5,    9.932369E-5
1.722875E+7,    8.415431E-6,    -5.171448E-5
1.723500E+7,    -1.566857E-5,    -9.405613E-5
1.724125E+7,    -7.316098E-5,    -3.236160E-5
1.724750E+7,    -4.187785E-5,    3.642216E-5
1.725375E+7,    -5.271658E-5,    -3.719330E-5
1.726000E+7,    -7.264316E-8,    -5.963072E-5
1.726625E+7,    -1.305342E-5,    -2.010539E-5
1.727250E+7,    6.551296E-5,    4.912168E-5
1.727875E+7,    3.342330E-5,    7.496402E-5
1.728500E+7,    -3.373623E-5,    9.579584E-5
1.729125E+7,    -1.273751E-4,    -5.108118E-5
1.729750E+7,    -3.686547E-5,    -1.139045E-4
1.730375E+7,    1.390046E-5,    -1.489185E-5
1.731000E+7,    -1.478195E-5,    -6.946176E-5
1.731625E+7,    1.956336E-5,    3.021955E-5
1.732250E+7,    9.078532E-6,    8.410215E-5
1.732875E+7,    -6.343424E-5,    -1.110882E-4
1.733500E+7,    -1.275539E-5,    -1.192559E-5
1.734125E+7,    4.680082E-5,    -1.602434E-5
1.734750E+7,    -1.705252E-6,    1.035025E-5
1.735375E+7,    4.860386E-5,    -8.601695E-5
1.736000E+7,    5.414337E-5,    1.878664E-5
1.736625E+7,    8.140132E-5,    3.228709E-5
1.737250E+7,    -2.950430E-5,    1.676679E-4
1.737875E+7,    -2.326816E-5,    -1.776405E-5
1.738500E+7,    6.528944E-5,    -1.866370E-5
1.739125E+7,    5.827472E-5,    -4.518777E-5
1.739750E+7,    1.038387E-4,    2.552569E-5
1.740375E+7,    -3.598258E-5,    -2.970174E-5
1.741000E+7,    -4.980341E-5,    5.314499E-5
1.741625E+7,    -1.634657E-5,    -5.923212E-5
1.742250E+7,    -1.230836E-4,    -4.754215E-5
1.742875E+7,    3.094226E-5,    1.056120E-6
1.743500E+7,    -1.125485E-4,    -1.014695E-4
1.744125E+7,    2.271589E-5,    1.358800E-6
1.744750E+7,    -1.373067E-4,    2.706796E-5
1.745375E+7,    2.697110E-5,    5.317852E-6
1.746000E+7,    5.186163E-5,    -5.522929E-5
1.746625E+7,    6.994233E-5,    -6.318092E-6
1.747250E+7,    -1.402572E-5,    -5.316362E-5
1.747875E+7,    3.030896E-5,    1.124144E-4
1.748500E+7,    2.430752E-5,    5.077198E-5
1.749125E+7,    -1.175143E-5,    -4.708953E-5
1.749750E+7,    1.527742E-5,    9.451807E-5
1.750375E+7,    2.370961E-5,    -3.377162E-5
1.751000E+7,    -6.147474E-5,    -5.385652E-5
1.751625E+7,    -1.750421E-6,    1.037028E-5
1.752250E+7,    -6.019324E-5,    -8.077919E-5
1.752875E+7,    -4.350394E-5,    -4.870817E-6
1.753500E+7,    -4.727021E-5,    -6.053969E-5
1.754125E+7,    -6.624684E-5,    -6.306916E-6
1.754750E+7,    -1.877639E-5,    -5.618669E-6
1.755375E+7,    3.233552E-6,    3.914535E-5
1.756000E+7,    1.299009E-5,    2.026744E-5
1.756625E+7,    -5.422160E-5,    -1.901388E-5
1.757250E+7,    -5.772710E-5,    -6.641448E-5
1.757875E+7,    -1.336709E-4,    -5.391240E-5
1.758500E+7,    -2.823770E-5,    -4.672632E-5
1.759125E+7,    -4.975125E-6,    -2.878532E-5
1.759750E+7,    2.362728E-4,    3.193915E-4
1.760375E+7,    -6.697699E-5,    -3.106892E-5
1.761000E+7,    -2.597123E-4,    8.791685E-5
1.761625E+7,    -8.865818E-5,    7.690489E-5
1.762250E+7,    -6.542355E-5,    -4.979223E-5
1.762875E+7,    -2.925098E-5,    -1.155213E-5
1.763500E+7,    1.777429E-6,    -1.038192E-5
1.764125E+7,    -1.049973E-5,    -5.916692E-6
1.764750E+7,    -3.833696E-5,    3.206171E-5
1.765375E+7,    -4.070252E-5,    -5.052984E-5
1.766000E+7,    2.253801E-7,    8.258969E-6
1.766625E+7,    3.164634E-6,    3.921986E-5
1.767250E+7,    5.966797E-5,    6.454811E-5
1.767875E+7,    -9.588897E-5,    -1.029372E-4
1.768500E+7,    -1.765415E-5,    -4.090182E-5
1.769125E+7,    -6.972626E-5,    -5.397573E-5
1.769750E+7,    -5.671568E-5,    4.283711E-5
1.770375E+7,    3.552251E-5,    1.350977E-5
1.771000E+7,    -6.434321E-5,    -8.609146E-6
1.771625E+7,    -2.724677E-5,    -1.374818E-5
1.772250E+7,    -1.663044E-4,    4.784763E-5
1.772875E+7,    2.010539E-5,    5.530193E-5
1.773500E+7,    -2.057198E-5,    4.688278E-6
1.774125E+7,    1.169629E-4,    -3.825873E-5
1.774750E+7,    6.925315E-6,    2.669916E-5
1.775375E+7,    -4.875287E-5,    -4.221126E-5
1.776000E+7,    -6.474555E-5,    5.955994E-5
1.776625E+7,    3.893673E-5,    -1.551770E-5
1.777250E+7,    1.448244E-4,    -8.429587E-5
1.777875E+7,    -3.552809E-5,    -1.357310E-5
1.778500E+7,    -1.909584E-5,    6.261095E-5
1.779125E+7,    3.588758E-5,    -5.472079E-5
1.779750E+7,    1.188647E-5,    -2.102740E-5
1.780375E+7,    9.097159E-6,    3.289618E-5
1.781000E+7,    2.688542E-5,    8.216128E-5
1.781625E+7,    -3.495067E-5,    -7.367134E-5
1.782250E+7,    5.271286E-5,    3.799424E-5
1.782875E+7,    -4.662201E-5,    -4.438311E-5
1.783500E+7,    -6.221607E-5,    -2.611428E-6
1.784125E+7,    3.589317E-5,    -5.482323E-5
1.784750E+7,    -1.896545E-5,    7.093698E-5
1.785375E+7,    -4.624017E-5,    5.706958E-5
1.786000E+7,    -6.813183E-5,    1.197681E-5
1.786625E+7,    1.657661E-5,    -3.976747E-7
1.787250E+7,    -1.610443E-5,    -6.797537E-5
1.787875E+7,    5.191378E-5,    4.986301E-6
1.788500E+7,    1.090392E-5,    2.253428E-5
1.789125E+7,    4.023314E-5,    -5.068630E-5
1.789750E+7,    -4.002079E-5,    -2.600253E-5
1.790375E+7,    -9.629875E-7,    -4.147179E-5
1.791000E+7,    2.131611E-5,    -6.476417E-5
1.791625E+7,    2.622604E-5,    5.742162E-5
1.792250E+7,    -2.530962E-5,    6.903335E-5
1.792875E+7,    -2.960488E-5,    6.491691E-5
1.793500E+7,    -1.714751E-5,    -2.450496E-5
1.794125E+7,    1.520291E-4,    -6.584823E-5
1.794750E+7,    3.153458E-5,    1.798011E-5
1.795375E+7,    -7.555261E-5,    -3.982708E-5
1.796000E+7,    4.077330E-5,    5.926192E-5
1.796625E+7,    -1.474097E-5,    -1.005270E-5
1.797250E+7,    5.383044E-5,    8.803606E-5
1.797875E+7,    -4.792027E-5,    -9.322539E-6
1.798500E+7,    -4.395843E-6,    -1.057498E-4
1.799125E+7,    6.622821E-5,    -9.801239E-6
1.799750E+7,    1.002923E-4,    3.108382E-5
1.800375E+7,    -1.478270E-4,    -1.552701E-5
1.801000E+7,    -1.322664E-5,    -3.709085E-5
1.801625E+7,    -4.996918E-5,    -7.210299E-6
1.802250E+7,    3.017485E-5,    1.550093E-4
1.802875E+7,    -6.013550E-5,    3.356487E-6
1.803500E+7,    4.301593E-5,    -2.787076E-5
1.804125E+7,    5.724840E-6,    -2.296455E-5
1.804750E+7,    -2.438389E-5,    2.539717E-5
1.805375E+7,    -3.197044E-5,    5.879253E-5
1.806000E+7,    -5.919114E-5,    -4.862994E-5
1.806625E+7,    1.795031E-5,    -3.566593E-5
1.807250E+7,    6.232411E-5,    1.045913E-4
1.807875E+7,    -3.902707E-6,    1.253746E-5
1.808500E+7,    -5.876273E-5,    -3.205240E-5
1.809125E+7,    -4.945662E-10,    9.578116E-12
1.809750E+7,    -5.400740E-5,    -3.067777E-6
1.810375E+7,    5.612895E-5,    -1.007728E-4
1.811000E+7,    4.654378E-5,    4.474074E-5
1.811625E+7,    -2.130121E-5,    8.148327E-5
1.812250E+7,    -8.527935E-5,    -4.608184E-6
1.812875E+7,    4.791468E-5,    1.194924E-4
1.813500E+7,    4.467741E-5,    -5.482323E-5
1.814125E+7,    -5.927868E-5,    5.309843E-5
1.814750E+7,    -1.139119E-4,    2.499670E-5
1.815375E+7,    -6.162375E-5,    -7.159263E-5
1.816000E+7,    -7.092953E-5,    -1.106411E-5
1.816625E+7,    3.732927E-5,    -4.867092E-6
1.817250E+7,    6.751716E-5,    -6.154925E-5
1.817875E+7,    -1.070201E-4,    -5.827099E-5
1.818500E+7,    -3.872812E-5,    -6.983429E-5
1.819125E+7,    -1.538396E-4,    -1.200289E-4
1.819750E+7,    -6.761029E-5,    -5.704537E-5
1.820375E+7,    8.445233E-5,    7.335842E-5
1.821000E+7,    5.940348E-5,    6.551296E-5
1.821625E+7,    -5.641952E-5,    -1.770630E-5
1.822250E+7,    1.035305E-5,    -2.258923E-6
1.822875E+7,    3.972836E-5,    9.704381E-6
1.823500E+7,    -4.611537E-5,    -2.004206E-5
1.824125E+7,    -5.839393E-6,    2.299342E-5
1.824750E+7,    5.288050E-6,    -5.624816E-5
1.825375E+7,    -4.274771E-7,    -2.496783E-5
1.826000E+7,    1.528487E-5,    4.342943E-5
1.826625E+7,    1.037261E-5,    -2.254266E-6
1.827250E+7,    -1.050439E-5,    -6.071292E-6
1.827875E+7,    -3.165379E-5,    -2.652965E-5
1.828500E+7,    3.289431E-5,    -2.549589E-5
1.829125E+7,    9.389967E-5,    1.297891E-5
1.829750E+7,    -5.709007E-6,    3.129616E-5
1.830375E+7,    -4.329160E-5,    2.776459E-5
1.831000E+7,    2.548844E-5,    3.288314E-5
1.831625E+7,    -6.439909E-5,    7.260591E-6
1.832250E+7,    -2.176967E-6,    -6.216113E-6
1.832875E+7,    -1.998246E-5,    -8.086115E-5
1.833500E+7,    -6.653368E-6,    -2.697669E-5
1.834125E+7,    8.678436E-5,    -3.878400E-5
1.834750E+7,    -3.392994E-5,    -4.112720E-5
1.835375E+7,    -3.397465E-5,    -4.114583E-5
1.836000E+7,    -7.122755E-6,    -6.027147E-5
1.836625E+7,    -9.225309E-5,    -4.033744E-5
1.837250E+7,    -8.330494E-5,    1.214445E-6
1.837875E+7,    -1.220703E-4,    -2.213120E-4
1.838500E+7,    2.194941E-5,    7.056817E-5
1.839125E+7,    3.468618E-5,    -5.256012E-5
1.839750E+7,    -2.585724E-5,    -5.798042E-5
1.840375E+7,    5.652010E-5,    1.795217E-5
1.841000E+7,    1.427718E-5,    -2.313871E-5
1.841625E+7,    1.104176E-5,    -1.043789E-4
1.842250E+7,    -1.386255E-4,    7.488579E-5
1.842875E+7,    5.597435E-5,    -2.373755E-5
1.843500E+7,    4.180521E-5,    7.757917E-6
1.844125E+7,    -2.110004E-5,    1.398548E-4
1.844750E+7,    -7.212162E-6,    -6.870925E-5
1.845375E+7,    -1.331568E-4,    -1.337975E-4
1.846000E+7,    4.220754E-6,    4.111789E-6
1.846625E+7,    -2.741441E-5,    1.212843E-4
1.847250E+7,    5.133823E-5,    -6.106123E-5
1.847875E+7,    -7.249415E-6,    -7.704273E-5
1.848500E+7,    -7.044524E-5,    3.841147E-5
1.849125E+7,    1.143962E-4,    -2.439693E-5
1.849750E+7,    -8.381158E-5,    -3.235042E-5
1.850375E+7,    3.111176E-5,    -1.500547E-5
1.851000E+7,    -3.387779E-5,    -4.130602E-5
1.851625E+7,    5.559996E-5,    -5.699135E-5
1.852250E+7,    5.055219E-5,    4.113093E-5
1.852875E+7,    -1.423955E-4,    -4.006922E-5
1.853500E+7,    -1.523644E-4,    -1.651049E-4
1.854125E+7,    -1.202524E-4,    -1.049414E-4
1.854750E+7,    -1.454726E-4,    5.582720E-5
1.855375E+7,    6.988645E-6,    -1.170225E-4
1.856000E+7,    1.482479E-5,    1.859851E-5