SAVED BY: 
TITLE: 
COMMENTS: 
DATE: 10/27/2020
TIME: 3:11 PM

STIMULUS, REAL, IMAGINARY

8.560000E+6,    -8.314848E-6,    -1.379997E-4
8.566250E+6,    -5.535781E-6,    -1.285002E-4
8.572500E+6,    2.130866E-6,    -1.284778E-4
8.578750E+6,    -1.522154E-5,    -1.254007E-4
8.585000E+6,    -2.329797E-5,    -1.254678E-4
8.591250E+6,    -3.725290E-7,    -1.253337E-4
8.597500E+6,    -1.138449E-5,    -1.504570E-4
8.603750E+6,    -2.770126E-5,    -1.502261E-4
8.610000E+6,    -1.678616E-5,    -1.408979E-4
8.616250E+6,    -7.703900E-6,    -1.284629E-4
8.622500E+6,    -3.279001E-5,    -1.404732E-4
8.628750E+6,    1.524389E-5,    -1.442730E-4
8.635000E+6,    -2.092123E-5,    -1.342297E-4
8.641250E+6,    -1.631677E-6,    -1.597703E-4
8.647500E+6,    -1.855195E-5,    -1.406521E-4
8.653750E+6,    7.107854E-6,    -1.631752E-4
8.660000E+6,    -6.586313E-6,    -1.345947E-4
8.666250E+6,    5.669892E-6,    -1.444891E-4
8.672500E+6,    -1.757592E-5,    -1.280308E-4
8.678750E+6,    -2.171844E-5,    -1.373440E-4
8.685000E+6,    -2.044439E-5,    -1.403987E-4
8.691250E+6,    -1.721829E-5,    -1.310781E-4
8.697500E+6,    -1.353770E-5,    -1.405403E-4
8.703750E+6,    -9.171665E-6,    -1.502633E-4
8.710000E+6,    5.230308E-6,    -1.320094E-4
8.716250E+6,    -1.005828E-5,    -1.501888E-4
8.722500E+6,    -3.255904E-6,    -1.316890E-4
8.728750E+6,    -3.108382E-5,    -1.553893E-4
8.735000E+6,    -1.806766E-5,    -1.340806E-4
8.741250E+6,    -9.797513E-6,    -1.533926E-4
8.747500E+6,    -1.759827E-5,    -1.528114E-4
8.753750E+6,    4.619360E-7,    -1.256019E-4
8.760000E+6,    -2.801418E-5,    -1.302585E-4
8.766250E+6,    -6.817281E-6,    -1.628846E-4
8.772500E+6,    -2.465397E-5,    -1.398325E-4
8.778750E+6,    -8.091331E-6,    -1.439899E-4
8.785000E+6,    -6.780028E-7,    -1.444444E-4
8.791250E+6,    -2.436340E-6,    -1.414120E-4
8.797500E+6,    -1.569092E-5,    -1.465604E-4
8.803750E+6,    -1.874566E-5,    -1.588985E-4
8.810000E+6,    -9.693205E-6,    -1.439080E-4
8.816250E+6,    -8.858740E-6,    -1.471564E-4
8.822500E+6,    -1.437217E-5,    -1.341775E-4
8.828750E+6,    -2.010912E-5,    -1.588166E-4
8.835000E+6,    -3.059953E-5,    -1.515672E-4
8.841250E+6,    1.068413E-5,    -1.237094E-4
8.847500E+6,    -2.871454E-5,    -1.389980E-4
8.853750E+6,    4.574656E-6,    -1.486391E-4
8.860000E+6,    -1.899898E-6,    -1.510307E-4
8.866250E+6,    -3.309548E-5,    -1.289770E-4
8.872500E+6,    -1.492351E-5,    -1.591146E-4
8.878750E+6,    -1.782924E-5,    -1.525357E-4
8.885000E+6,    -4.895031E-6,    -1.477972E-4
8.891250E+6,    -1.455843E-5,    -1.623258E-4
8.897500E+6,    -2.160668E-7,    -1.418516E-4
8.903750E+6,    -1.369417E-5,    -1.467541E-4
8.910000E+6,    -1.812726E-5,    -1.558438E-4
8.916250E+6,    -1.171231E-5,    -1.533404E-4
8.922500E+6,    -2.180040E-5,    -1.678541E-4
8.928750E+6,    -1.394004E-5,    -1.499131E-4
8.935000E+6,    -1.849234E-5,    -1.590624E-4
8.941250E+6,    -8.933246E-6,    -1.444444E-4
8.947500E+6,    -1.867861E-5,    -1.590550E-4
8.953750E+6,    -8.083880E-6,    -1.698136E-4
8.960000E+6,    -1.448393E-5,    -1.531094E-4
8.966250E+6,    -2.910942E-5,    -1.544133E-4
8.972500E+6,    -1.506507E-5,    -1.531392E-4
8.978750E+6,    -2.257526E-6,    -1.486242E-4
8.985000E+6,    -1.914054E-5,    -1.652390E-4
8.991250E+6,    -1.849234E-5,    -1.686886E-4
8.997500E+6,    -8.419156E-7,    -1.773909E-4
9.003750E+6,    -1.422316E-5,    -1.595840E-4
9.010000E+6,    -1.259148E-5,    -1.439229E-4
9.016250E+6,    -1.503527E-5,    -1.595989E-4
9.022500E+6,    -1.098216E-5,    -1.507625E-4
9.028750E+6,    -3.714859E-5,    -1.625791E-4
9.035000E+6,    -1.309067E-5,    -1.472905E-4
9.041250E+6,    -2.011657E-5,    -1.716316E-4
9.047500E+6,    -2.458692E-5,    -1.581237E-4
9.053750E+6,    -1.282245E-5,    -1.506507E-4
9.060000E+6,    -3.874302E-7,    -1.430288E-4
9.066250E+6,    -2.276897E-5,    -1.679584E-4
9.072500E+6,    -2.175570E-6,    -1.654550E-4
9.078750E+6,    -1.183152E-5,    -1.573488E-4
9.085000E+6,    -3.762543E-6,    -1.364350E-4
9.091250E+6,    -2.159923E-5,    -1.525283E-4
9.097500E+6,    -1.817197E-5,    -1.659319E-4
9.103750E+6,    -3.007054E-5,    -1.507252E-4
9.110000E+6,    -2.244860E-5,    -1.524091E-4
9.116250E+6,    -3.743172E-5,    -1.782775E-4
9.122500E+6,    -7.592142E-6,    -1.552030E-4
9.128750E+6,    -1.789629E-5,    -1.469105E-4
9.135000E+6,    -9.290874E-6,    -1.519099E-4
9.141250E+6,    -1.124293E-5,    -1.740903E-4
9.147500E+6,    -2.361834E-5,    -1.554564E-4
9.153750E+6,    -2.384931E-5,    -1.553372E-4
9.160000E+6,    -3.124774E-5,    -1.572371E-4
9.166250E+6,    1.341105E-7,    -1.667887E-4
9.172500E+6,    -3.409386E-5,    -1.757815E-4
9.178750E+6,    -1.400709E-5,    -1.705140E-4
9.185000E+6,    -1.811981E-5,    -1.566708E-4
9.191250E+6,    -3.798306E-5,    -1.652837E-4
9.197500E+6,    -1.009554E-5,    -1.619458E-4
9.203750E+6,    -8.925796E-6,    -1.685321E-4
9.210000E+6,    -2.401322E-5,    -1.687109E-4
9.216250E+6,    -3.691018E-5,    -1.462772E-4
9.222500E+6,    -2.938509E-5,    -1.769736E-4
9.228750E+6,    -3.031641E-5,    -1.768917E-4
9.235000E+6,    -3.837049E-5,    -1.427978E-4
9.241250E+6,    -3.207475E-5,    -1.701936E-4
9.247500E+6,    7.756054E-6,    -1.894459E-4
9.253750E+6,    -1.680851E-5,    -1.480281E-4
9.260000E+6,    -2.729893E-5,    -1.650304E-4
9.266250E+6,    -3.580004E-5,    -1.628771E-4
9.272500E+6,    -2.068281E-5,    -1.666993E-4
9.278750E+6,    -3.353506E-5,    -1.730844E-4
9.285000E+6,    -3.796816E-5,    -1.559258E-4
9.291250E+6,    -2.589822E-5,    -1.784638E-4
9.297500E+6,    -2.659857E-5,    -1.458228E-4
9.303750E+6,    -4.259497E-5,    -1.743361E-4
9.310000E+6,    -3.658980E-5,    -1.694411E-4
9.316250E+6,    -4.377216E-5,    -1.707897E-4
9.322500E+6,    -1.388043E-5,    -1.787767E-4
9.328750E+6,    -2.081692E-5,    -1.801848E-4
9.335000E+6,    -1.188368E-5,    -1.925677E-4
9.341250E+6,    -1.805276E-5,    -1.614615E-4
9.347500E+6,    -2.488494E-5,    -1.661777E-4
9.353750E+6,    -1.610816E-5,    -1.752526E-4
9.360000E+6,    -2.679229E-5,    -1.594275E-4
9.366250E+6,    -4.720688E-5,    -1.666248E-4
9.372500E+6,    -4.245341E-5,    -1.582652E-4
9.378750E+6,    -3.409386E-5,    -1.638532E-4
9.385000E+6,    -2.837181E-5,    -1.589954E-4
9.391250E+6,    -3.281236E-5,    -1.739338E-4
9.397500E+6,    -1.510233E-5,    -1.563281E-4
9.403750E+6,    -1.870096E-5,    -1.786649E-4
9.410000E+6,    -2.782047E-5,    -1.691282E-4
9.416250E+6,    -1.343340E-5,    -1.736805E-4
9.422500E+6,    -2.862513E-5,    -1.691133E-4
9.428750E+6,    -2.075732E-5,    -1.748353E-4
9.435000E+6,    -3.597140E-5,    -1.736581E-4
9.441250E+6,    -4.401803E-5,    -1.678467E-4
9.447500E+6,    -2.358854E-5,    -1.643151E-4
9.453750E+6,    -3.650784E-5,    -1.768619E-4
9.460000E+6,    -2.245605E-5,    -1.782328E-4
9.466250E+6,    -3.062189E-5,    -1.721531E-4
9.472500E+6,    -1.028180E-5,    -1.690388E-4
9.478750E+6,    -5.149841E-5,    -1.819730E-4
9.485000E+6,    -4.005432E-5,    -1.660436E-4
9.491250E+6,    -4.357100E-5,    -1.913160E-4
9.497500E+6,    -3.960729E-5,    -1.727641E-4
9.503750E+6,    -4.579127E-5,    -1.804829E-4
9.510000E+6,    -1.832843E-5,    -1.768172E-4
9.516250E+6,    -2.697110E-5,    -1.706183E-4
9.522500E+6,    -2.039969E-5,    -1.663864E-4
9.528750E+6,    -4.243851E-5,    -1.654029E-4
9.535000E+6,    -2.165139E-5,    -1.629591E-4
9.541250E+6,    -2.752244E-5,    -1.742691E-4
9.547500E+6,    -2.776086E-5,    -1.773834E-4
9.553750E+6,    -4.073977E-5,    -1.862198E-4
9.560000E+6,    -4.708767E-5,    -1.940727E-4
9.566250E+6,    -4.184246E-5,    -1.861900E-4
9.572500E+6,    -4.230440E-5,    -1.860857E-4
9.578750E+6,    -1.163781E-5,    -2.072752E-4
9.585000E+6,    -2.895296E-5,    -1.878738E-4
9.591250E+6,    -4.574656E-5,    -1.646727E-4
9.597500E+6,    -3.081560E-5,    -1.770556E-4
9.603750E+6,    -3.139675E-5,    -1.735985E-4
9.610000E+6,    -3.738701E-5,    -1.848042E-4
9.616250E+6,    -4.513562E-5,    -1.852065E-4
9.622500E+6,    -3.814697E-5,    -1.880974E-4
9.628750E+6,    -3.747642E-5,    -1.987368E-4
9.635000E+6,    -3.272295E-5,    -1.766980E-4
9.641250E+6,    -3.275275E-5,    -1.835972E-4
9.647500E+6,    -4.652143E-5,    -1.919419E-4
9.653750E+6,    -4.746020E-5,    -1.846105E-4
9.660000E+6,    -2.673268E-5,    -1.828820E-4
9.666250E+6,    -2.761185E-5,    -1.794994E-4
9.672500E+6,    -5.607307E-5,    -1.815259E-4
9.678750E+6,    -4.670024E-5,    -2.195239E-4
9.685000E+6,    -1.446903E-5,    -1.780987E-4
9.691250E+6,    -5.644560E-5,    -1.917481E-4
9.697500E+6,    -5.026162E-5,    -1.842529E-4
9.703750E+6,    -4.917383E-5,    -1.980662E-4
9.710000E+6,    -4.427135E-5,    -1.800507E-4
9.716250E+6,    -2.272427E-5,    -1.819432E-4
9.722500E+6,    -2.974272E-5,    -1.966655E-4
9.728750E+6,    -4.440546E-5,    -1.903027E-4
9.735000E+6,    -5.240738E-5,    -1.872033E-4
9.741250E+6,    -4.392862E-5,    -2.110898E-4
9.747500E+6,    -1.862645E-5,    -1.742691E-4
9.753750E+6,    -4.632771E-5,    -1.897812E-4
9.760000E+6,    -3.984571E-5,    -1.894236E-4
9.766250E+6,    -2.591312E-5,    -1.920909E-4
9.772500E+6,    -4.808605E-5,    -1.789182E-4
9.778750E+6,    -4.732609E-5,    -1.967847E-4
9.785000E+6,    -2.668798E-5,    -1.955330E-4
9.791250E+6,    -4.094839E-5,    -2.030730E-4
9.797500E+6,    -4.893541E-5,    -2.067983E-4
9.803750E+6,    -5.602837E-5,    -2.035201E-4
9.810000E+6,    -4.932284E-5,    -2.033412E-4
9.816250E+6,    -4.276633E-5,    -2.098083E-4
9.822500E+6,    -4.337728E-5,    -1.923442E-4
9.828750E+6,    -3.623962E-5,    -2.061427E-4
9.835000E+6,    -5.125999E-5,    -2.060831E-4
9.841250E+6,    -5.152822E-5,    -2.098680E-4
9.847500E+6,    -5.906820E-5,    -1.959801E-4
9.853750E+6,    -2.412498E-5,    -2.054572E-4
9.860000E+6,    -1.794100E-5,    -1.947731E-4
9.866250E+6,    -4.637241E-5,    -2.198517E-4
9.872500E+6,    -3.898144E-5,    -2.127588E-4
9.878750E+6,    -5.358458E-5,    -1.986623E-4
9.885000E+6,    -5.441904E-5,    -1.986921E-4
9.891250E+6,    -4.759431E-5,    -2.160966E-4
9.897500E+6,    -4.139543E-5,    -2.017021E-4
9.903750E+6,    -4.887581E-5,    -2.159178E-4
9.910000E+6,    -6.315112E-5,    -2.156198E-4
9.916250E+6,    -4.264712E-5,    -2.158582E-4
9.922500E+6,    -5.038083E-5,    -1.871288E-4
9.928750E+6,    -5.024672E-5,    -2.087355E-4
9.935000E+6,    -5.090237E-5,    -2.193749E-4
9.941250E+6,    -5.125999E-5,    -2.192259E-4
9.947500E+6,    -6.607175E-5,    -2.116263E-4
9.953750E+6,    -3.808737E-5,    -2.014637E-4
9.960000E+6,    -5.984306E-5,    -1.974702E-4
9.966250E+6,    -5.310774E-5,    -2.116859E-4
9.972500E+6,    -3.229082E-5,    -1.906753E-4
9.978750E+6,    -6.142259E-5,    -2.111495E-4
9.985000E+6,    -3.984571E-5,    -2.010167E-4
9.991250E+6,    -5.450845E-5,    -2.077818E-4
9.997500E+6,    -6.231666E-5,    -1.999438E-4
1.000375E+7,    -5.626678E-5,    -2.250373E-4
1.001000E+7,    -7.012486E-5,    -2.105832E-4
1.001625E+7,    -6.353855E-5,    -2.212226E-4
1.002250E+7,    -3.553927E-5,    -2.005845E-4
1.002875E+7,    -3.716350E-5,    -2.256334E-4
1.003500E+7,    -4.360080E-5,    -2.037883E-4
1.004125E+7,    -5.877018E-5,    -2.209246E-4
1.004750E+7,    -4.544854E-5,    -2.251267E-4
1.005375E+7,    -6.598234E-5,    -1.989901E-4
1.006000E+7,    -3.176928E-5,    -2.111793E-4
1.006625E+7,    -5.358458E-5,    -2.242029E-4
1.007250E+7,    -4.690886E-5,    -2.208948E-4
1.007875E+7,    -4.720688E-5,    -2.207756E-4
1.008500E+7,    -6.872416E-5,    -2.090633E-4
1.009125E+7,    -6.106496E-5,    -1.988411E-4
1.009750E+7,    -4.833937E-5,    -2.099872E-4
1.010375E+7,    -6.410480E-5,    -2.299547E-4
1.011000E+7,    -4.163384E-5,    -2.068281E-4
1.011625E+7,    -2.181530E-5,    -2.223253E-4
1.012250E+7,    -4.920363E-5,    -1.993179E-4
1.012875E+7,    -5.164742E-5,    -2.234578E-4
1.013500E+7,    -6.598234E-5,    -2.225637E-4
1.014125E+7,    -6.532669E-5,    -2.084970E-4
1.014750E+7,    -6.702542E-5,    -2.257824E-4
1.015375E+7,    -5.966425E-5,    -2.157092E-4
1.016000E+7,    -7.283688E-5,    -1.931787E-4
1.016625E+7,    -7.492304E-5,    -2.212524E-4
1.017250E+7,    -5.441904E-5,    -2.193153E-4
1.017875E+7,    -7.501245E-5,    -2.069473E-4
1.018500E+7,    -5.689263E-5,    -2.366602E-4
1.019125E+7,    -7.665157E-5,    -2.136528E-4
1.019750E+7,    -4.214048E-5,    -2.237856E-4
1.020375E+7,    -7.817149E-5,    -2.204776E-4
1.021000E+7,    -6.690621E-5,    -2.425313E-4
1.021625E+7,    -5.236268E-5,    -2.370179E-4
1.022250E+7,    -8.040667E-5,    -2.267361E-4
1.022875E+7,    -6.750226E-5,    -2.351701E-4
1.023500E+7,    -5.379319E-5,    -2.330840E-4
1.024125E+7,    -5.537271E-5,    -2.437234E-4
1.024750E+7,    -5.343556E-5,    -2.257824E-4
1.025375E+7,    -6.842613E-5,    -2.243519E-4
1.026000E+7,    -7.018447E-5,    -2.347529E-4
1.026625E+7,    -7.861853E-5,    -2.444088E-4
1.027250E+7,    -6.249547E-5,    -2.282560E-4
1.027875E+7,    -8.639693E-5,    -2.395809E-4
1.028500E+7,    -5.802512E-5,    -2.360940E-4
1.029125E+7,    -8.711219E-5,    -2.355576E-4
1.029750E+7,    -5.820394E-5,    -2.284348E-4
1.030375E+7,    -8.141994E-5,    -2.436936E-4
1.031000E+7,    -3.671646E-5,    -2.205968E-4
1.031625E+7,    -8.264184E-5,    -2.464950E-4
1.032250E+7,    -8.332729E-5,    -2.428591E-4
1.032875E+7,    -5.704165E-5,    -2.535880E-4
1.033500E+7,    -7.754564E-5,    -2.398789E-4
1.034125E+7,    -7.048249E-5,    -2.408624E-4
1.034750E+7,    -7.125735E-5,    -2.441108E-4
1.035375E+7,    -6.368756E-5,    -2.383590E-4
1.036000E+7,    -6.297231E-5,    -2.270043E-4
1.036625E+7,    -6.499887E-5,    -2.379119E-4
1.037250E+7,    -7.832050E-5,    -2.321303E-4
1.037875E+7,    -7.736683E-5,    -2.215803E-4
1.038500E+7,    -6.663799E-5,    -2.372563E-4
1.039125E+7,    -5.510449E-5,    -2.500415E-4
1.039750E+7,    -6.717443E-5,    -2.337992E-4
1.040375E+7,    -9.053946E-5,    -2.406240E-4
1.041000E+7,    -8.362532E-5,    -2.417564E-4
1.041625E+7,    -7.626414E-5,    -2.391934E-4
1.042250E+7,    -8.115172E-5,    -2.635717E-4
1.042875E+7,    -4.386902E-5,    -2.483428E-4
1.043500E+7,    -7.387996E-5,    -2.538562E-4
1.044125E+7,    -8.305907E-5,    -2.629757E-4
1.044750E+7,    -7.227063E-5,    -2.396405E-4
1.045375E+7,    -7.236004E-5,    -2.360940E-4
1.046000E+7,    -8.693337E-5,    -2.369583E-4
1.046625E+7,    -7.361174E-5,    -2.391934E-4
1.047250E+7,    -8.761883E-5,    -2.332032E-4
1.047875E+7,    -7.802248E-5,    -2.561808E-4
1.048500E+7,    -9.137392E-5,    -2.464652E-4
1.049125E+7,    -1.075864E-4,    -2.541542E-4
1.049750E+7,    -9.128451E-5,    -2.429187E-4
1.050375E+7,    -8.592010E-5,    -2.475381E-4
1.051000E+7,    -7.352233E-5,    -2.534688E-4
1.051625E+7,    -8.279085E-5,    -2.624094E-4
1.052250E+7,    -8.848310E-5,    -2.538562E-4
1.052875E+7,    -9.864569E-5,    -2.624989E-4
1.053500E+7,    -7.647276E-5,    -2.599061E-4
1.054125E+7,    -9.131432E-5,    -2.604127E-4
1.054750E+7,    -8.353591E-5,    -2.547801E-4
1.055375E+7,    -1.036823E-4,    -2.429187E-4
1.056000E+7,    -7.447600E-5,    -2.715290E-4
1.056625E+7,    -8.696318E-5,    -2.609789E-4
1.057250E+7,    -6.788969E-5,    -2.689362E-4
1.057875E+7,    -8.144975E-5,    -2.624393E-4
1.058500E+7,    -9.506941E-5,    -2.554655E-4
1.059125E+7,    -9.256601E-5,    -2.743006E-4
1.059750E+7,    -7.072091E-5,    -2.718866E-4
1.060375E+7,    -9.164214E-5,    -2.670884E-4
1.061000E+7,    -1.001358E-4,    -2.397299E-4
1.061625E+7,    -8.565187E-5,    -2.648532E-4
1.062250E+7,    -7.236004E-5,    -2.676845E-4
1.062875E+7,    -1.012087E-4,    -2.646148E-4
1.063500E+7,    -9.438396E-5,    -2.655983E-4
1.064125E+7,    -1.111031E-4,    -2.693534E-4
1.064750E+7,    -6.735325E-5,    -2.692640E-4
1.065375E+7,    -9.298325E-5,    -2.516508E-4
1.066000E+7,    -9.587407E-5,    -2.621412E-4
1.066625E+7,    -9.721518E-5,    -2.906621E-4
1.067250E+7,    -9.149313E-5,    -2.665818E-4
1.067875E+7,    -9.435415E-5,    -2.768040E-4
1.068500E+7,    -8.603930E-5,    -2.714097E-4
1.069125E+7,    -9.733438E-5,    -2.540648E-4
1.069750E+7,    -1.009405E-4,    -2.641380E-4
1.070375E+7,    -1.020133E-4,    -2.674758E-4
1.071000E+7,    -9.539723E-5,    -2.690554E-4
1.071625E+7,    -7.480383E-5,    -2.709329E-4
1.072250E+7,    -8.583069E-5,    -2.829731E-4
1.072875E+7,    -1.000464E-4,    -2.789497E-4
1.073500E+7,    -9.608269E-5,    -2.907217E-4
1.074125E+7,    -1.079440E-4,    -2.728403E-4
1.074750E+7,    -9.292364E-5,    -2.730191E-4
1.075375E+7,    -1.041591E-4,    -2.849996E-4
1.076000E+7,    -9.551644E-5,    -2.764165E-4
1.076625E+7,    -1.035333E-4,    -2.773106E-4
1.077250E+7,    -1.044869E-4,    -2.767444E-4
1.077875E+7,    -9.885430E-5,    -2.825856E-4
1.078500E+7,    -1.110137E-4,    -2.937615E-4
1.079125E+7,    -1.023412E-4,    -2.889335E-4
1.079750E+7,    -1.069009E-4,    -2.763271E-4
1.080375E+7,    -1.238883E-4,    -2.819300E-4
1.081000E+7,    -7.769465E-5,    -2.742410E-4
1.081625E+7,    -1.115501E-4,    -3.083944E-4
1.082250E+7,    -8.755922E-5,    -3.010035E-4
1.082875E+7,    -1.119375E-4,    -3.044307E-4
1.083500E+7,    -1.148283E-4,    -2.887845E-4
1.084125E+7,    -9.819865E-5,    -3.051460E-4
1.084750E+7,    -1.122355E-4,    -3.004074E-4
1.085375E+7,    -1.394153E-4,    -2.878308E-4
1.086000E+7,    -9.649992E-5,    -2.942681E-4
1.086625E+7,    -8.788705E-5,    -3.087521E-4
1.087250E+7,    -1.229048E-4,    -3.006458E-4
1.087875E+7,    -1.026988E-4,    -3.038943E-4
1.088500E+7,    -9.480119E-5,    -3.024936E-4
1.089125E+7,    -9.557605E-5,    -2.799332E-4
1.089750E+7,    -1.148283E-4,    -2.922118E-4
1.090375E+7,    -1.176596E-4,    -3.178120E-4
1.091000E+7,    -1.226366E-4,    -3.308654E-4
1.091625E+7,    -1.105368E-4,    -3.161728E-4
1.092250E+7,    -1.266599E-4,    -2.951622E-4
1.092875E+7,    -9.280443E-5,    -3.037155E-4
1.093500E+7,    -1.050830E-4,    -3.145933E-4
1.094125E+7,    -1.100004E-4,    -3.276169E-4
1.094750E+7,    -1.034737E-4,    -3.076494E-4
1.095375E+7,    -1.206100E-4,    -3.312230E-4
1.096000E+7,    -1.251996E-4,    -3.186762E-4
1.096625E+7,    -1.175404E-4,    -3.367662E-4
1.097250E+7,    -1.126528E-4,    -3.232360E-4
1.097875E+7,    -1.210868E-4,    -3.240407E-4
1.098500E+7,    -1.212060E-4,    -3.203452E-4
1.099125E+7,    -1.308024E-4,    -3.242493E-4
1.099750E+7,    -1.299083E-4,    -3.209710E-4
1.100375E+7,    -1.196265E-4,    -2.905130E-4
1.101000E+7,    -1.207590E-4,    -3.128946E-4
1.101625E+7,    -1.271069E-4,    -3.293157E-4
1.102250E+7,    -1.244843E-4,    -3.185272E-4
1.102875E+7,    -1.184344E-4,    -3.174841E-4
1.103500E+7,    -1.280904E-4,    -3.212988E-4
1.104125E+7,    -1.164079E-4,    -3.300607E-4
1.104750E+7,    -1.113713E-4,    -3.165603E-4
1.105375E+7,    -1.362860E-4,    -3.179312E-4
1.106000E+7,    -1.136065E-4,    -3.346503E-4
1.106625E+7,    -1.262724E-4,    -3.069341E-4
1.107250E+7,    -1.387000E-4,    -3.366470E-4
1.107875E+7,    -1.343191E-4,    -3.422499E-4
1.108500E+7,    -1.415610E-4,    -3.396571E-4
1.109125E+7,    -1.487434E-4,    -3.364682E-4
1.109750E+7,    -1.007020E-4,    -3.490448E-4
1.110375E+7,    -1.399517E-4,    -3.286302E-4
1.111000E+7,    -1.394749E-4,    -3.254116E-4
1.111625E+7,    -1.434088E-4,    -3.504753E-4
1.112250E+7,    -1.396537E-4,    -3.214777E-4
1.112875E+7,    -1.261532E-4,    -3.239214E-4
1.113500E+7,    -1.386106E-4,    -3.339946E-4
1.114125E+7,    -1.437366E-4,    -3.438592E-4
1.114750E+7,    -1.432598E-4,    -3.404319E-4
1.115375E+7,    -1.403689E-4,    -3.496408E-4
1.116000E+7,    -1.313686E-4,    -3.630519E-4
1.116625E+7,    -1.530647E-4,    -3.390312E-4
1.117250E+7,    -1.579523E-4,    -3.646016E-4
1.117875E+7,    -1.728535E-4,    -3.290176E-4
1.118500E+7,    -1.506209E-4,    -3.441572E-4
1.119125E+7,    -1.457930E-4,    -3.477335E-4
1.119750E+7,    -1.358986E-4,    -3.598928E-4
1.120375E+7,    -1.638532E-4,    -3.647208E-4
1.121000E+7,    -1.581311E-4,    -3.706217E-4
1.121625E+7,    -1.747608E-4,    -3.851652E-4
1.122250E+7,    -1.592636E-4,    -4.048944E-4
1.122875E+7,    -1.916289E-4,    -4.258752E-4
1.123500E+7,    -1.918077E-4,    -4.557967E-4
1.124125E+7,    -1.854300E-4,    -4.578829E-4
1.124750E+7,    -1.655221E-4,    -4.842281E-4
1.125375E+7,    -1.889467E-4,    -4.721284E-4
1.126000E+7,    -1.805425E-4,    -4.666448E-4
1.126625E+7,    -1.760721E-4,    -4.389882E-4
1.127250E+7,    -1.870990E-4,    -4.663467E-4
1.127875E+7,    -1.799464E-4,    -4.245043E-4
1.128500E+7,    -1.663566E-4,    -4.580617E-4
1.129125E+7,    -1.528859E-4,    -4.383922E-4
1.129750E+7,    -1.592040E-4,    -4.020929E-4
1.130375E+7,    -1.886487E-4,    -4.175305E-4
1.131000E+7,    -1.765490E-4,    -4.417896E-4
1.131625E+7,    -1.858473E-4,    -4.368424E-4
1.132250E+7,    -1.679063E-4,    -4.687309E-4
1.132875E+7,    -1.951456E-4,    -4.407167E-4
1.133500E+7,    -1.880527E-4,    -4.633069E-4
1.134125E+7,    -1.950860E-4,    -4.374385E-4
1.134750E+7,    -2.004504E-4,    -4.224181E-4
1.135375E+7,    -1.887679E-4,    -4.514456E-4
1.136000E+7,    -1.599193E-4,    -4.224777E-4
1.136625E+7,    -1.982450E-4,    -4.435778E-4
1.137250E+7,    -2.028942E-4,    -4.367232E-4
1.137875E+7,    -2.115965E-4,    -4.541874E-4
1.138500E+7,    -1.729727E-4,    -4.715919E-4
1.139125E+7,    -1.825690E-4,    -4.400611E-4
1.139750E+7,    -1.908541E-4,    -4.388690E-4
1.140375E+7,    -2.105832E-4,    -4.267097E-4
1.141000E+7,    -1.788735E-4,    -4.424453E-4
1.141625E+7,    -2.002716E-4,    -4.329681E-4
1.142250E+7,    -2.026558E-4,    -4.192591E-4
1.142875E+7,    -2.325177E-4,    -4.557967E-4
1.143500E+7,    -1.856089E-4,    -4.421473E-4
1.144125E+7,    -2.211332E-4,    -4.377365E-4
1.144750E+7,    -2.176762E-4,    -4.454851E-4
1.145375E+7,    -2.321005E-4,    -4.780293E-4
1.146000E+7,    -2.165437E-4,    -5.002022E-4
1.146625E+7,    -2.229810E-4,    -5.103350E-4
1.147250E+7,    -2.009869E-4,    -4.965663E-4
1.147875E+7,    -2.241135E-4,    -4.747510E-4
1.148500E+7,    -2.269745E-4,    -5.064011E-4
1.149125E+7,    -2.306104E-4,    -5.010366E-4
1.149750E+7,    -2.502799E-4,    -5.323887E-4
1.150375E+7,    -2.365112E-4,    -5.304217E-4
1.151000E+7,    -2.626777E-4,    -5.396008E-4
1.151625E+7,    -2.123117E-4,    -5.428195E-4
1.152250E+7,    -2.394319E-4,    -5.191565E-4
1.152875E+7,    -2.207160E-4,    -5.171895E-4
1.153500E+7,    -2.235174E-4,    -4.799962E-4
1.154125E+7,    -2.697706E-4,    -5.652308E-4
1.154750E+7,    -2.134442E-4,    -5.686283E-4
1.155375E+7,    -2.532005E-4,    -5.272031E-4
1.156000E+7,    -2.329946E-4,    -6.205440E-4
1.156625E+7,    -2.704859E-4,    -6.259084E-4
1.157250E+7,    -2.482533E-4,    -6.418824E-4
1.157875E+7,    -3.019571E-4,    -5.986094E-4
1.158500E+7,    -3.111362E-4,    -7.039309E-4
1.159125E+7,    -2.676249E-4,    -5.889535E-4
1.159750E+7,    -2.097487E-4,    -6.089807E-4
1.160375E+7,    -2.677441E-4,    -6.289482E-4
1.161000E+7,    -2.723336E-4,    -6.296635E-4
1.161625E+7,    -3.045797E-4,    -6.787181E-4
1.162250E+7,    -3.085136E-4,    -7.122755E-4
1.162875E+7,    -2.704859E-4,    -9.059906E-4
1.163500E+7,    -2.648830E-4,    -9.118319E-4
1.164125E+7,    -7.581711E-5,    -1.089692E-3
1.164750E+7,    1.232624E-4,    -1.216531E-3
1.165375E+7,    -1.263618E-5,    -1.145363E-3
1.166000E+7,    2.694130E-4,    -1.091838E-3
1.166625E+7,    5.193949E-4,    -1.143336E-3
1.167250E+7,    5.931854E-4,    -9.958744E-4
1.167875E+7,    5.898476E-4,    -1.039505E-3
1.168500E+7,    5.985498E-4,    -1.071811E-3
1.169125E+7,    6.002188E-4,    -1.079321E-3
1.169750E+7,    6.074905E-4,    -1.018405E-3
1.170375E+7,    5.929470E-4,    -1.077056E-3
1.171000E+7,    6.327629E-4,    -1.012325E-3
1.171625E+7,    6.771088E-4,    -1.046062E-3
1.172250E+7,    5.899668E-4,    -1.006007E-3
1.172875E+7,    6.197691E-4,    -1.088023E-3
1.173500E+7,    6.002188E-4,    -1.091242E-3
1.174125E+7,    6.020069E-4,    -1.099348E-3
1.174750E+7,    6.178617E-4,    -1.102686E-3
1.175375E+7,    6.161928E-4,    -1.166940E-3
1.176000E+7,    6.564856E-4,    -1.085162E-3
1.176625E+7,    6.467104E-4,    -1.114368E-3
1.177250E+7,    6.643534E-4,    -1.127839E-3
1.177875E+7,    6.803274E-4,    -1.141548E-3
1.178500E+7,    6.514788E-4,    -1.153350E-3
1.179125E+7,    6.064177E-4,    -1.145124E-3
1.179750E+7,    6.250143E-4,    -1.183987E-3
1.180375E+7,    5.942583E-4,    -1.142144E-3
1.181000E+7,    6.189346E-4,    -1.150131E-3
1.181625E+7,    5.917549E-4,    -1.153827E-3
1.182250E+7,    6.060600E-4,    -1.168013E-3
1.182875E+7,    6.827116E-4,    -1.167178E-3
1.183500E+7,    6.672144E-4,    -1.181364E-3
1.184125E+7,    6.539822E-4,    -1.235843E-3
1.184750E+7,    6.592274E-4,    -1.229882E-3
1.185375E+7,    6.529093E-4,    -1.267076E-3
1.186000E+7,    6.450415E-4,    -1.245022E-3
1.186625E+7,    6.909370E-4,    -1.249790E-3
1.187250E+7,    7.237196E-4,    -1.258016E-3
1.187875E+7,    6.939173E-4,    -1.285553E-3
1.188500E+7,    6.620884E-4,    -1.297116E-3
1.189125E+7,    7.680655E-4,    -1.308441E-3
1.189750E+7,    6.791353E-4,    -1.319528E-3
1.190375E+7,    6.694794E-4,    -1.341224E-3
1.191000E+7,    6.858110E-4,    -1.347661E-3
1.191625E+7,    6.756783E-4,    -1.383185E-3
1.192250E+7,    6.843805E-4,    -1.312137E-3
1.192875E+7,    6.830692E-4,    -1.382113E-3
1.193500E+7,    7.544756E-4,    -1.354218E-3
1.194125E+7,    6.928444E-4,    -1.328230E-3
1.194750E+7,    6.977320E-4,    -1.374364E-3
1.195375E+7,    7.282495E-4,    -1.433372E-3
1.196000E+7,    7.139444E-4,    -1.378536E-3
1.196625E+7,    6.940365E-4,    -1.393914E-3
1.197250E+7,    7.252693E-4,    -1.419425E-3
1.197875E+7,    7.132292E-4,    -1.424193E-3
1.198500E+7,    7.063150E-4,    -1.494765E-3
1.199125E+7,    7.067919E-4,    -1.443386E-3
1.199750E+7,    6.723404E-4,    -1.439452E-3
1.200375E+7,    6.607771E-4,    -1.471877E-3
1.201000E+7,    7.226467E-4,    -1.467586E-3
1.201625E+7,    7.438660E-4,    -1.487494E-3
1.202250E+7,    7.259846E-4,    -1.533866E-3
1.202875E+7,    7.191896E-4,    -1.489043E-3
1.203500E+7,    7.371902E-4,    -1.494765E-3
1.204125E+7,    6.866455E-4,    -1.499891E-3
1.204750E+7,    6.746054E-4,    -1.511216E-3
1.205375E+7,    7.264614E-4,    -1.555681E-3
1.206000E+7,    7.483959E-4,    -1.498699E-3
1.206625E+7,    6.972551E-4,    -1.629114E-3
1.207250E+7,    7.466078E-4,    -1.601577E-3
1.207875E+7,    6.887913E-4,    -1.525879E-3
1.208500E+7,    7.219315E-4,    -1.564980E-3
1.209125E+7,    6.885529E-4,    -1.569271E-3
1.209750E+7,    7.295609E-4,    -1.552820E-3
1.210375E+7,    6.551743E-4,    -1.622915E-3
1.211000E+7,    7.376671E-4,    -1.595855E-3
1.211625E+7,    7.088184E-4,    -1.628876E-3
1.212250E+7,    7.479191E-4,    -1.632094E-3
1.212875E+7,    7.169247E-4,    -1.645446E-3
1.213500E+7,    7.261038E-4,    -1.657367E-3
1.214125E+7,    7.529259E-4,    -1.644015E-3
1.214750E+7,    7.369518E-4,    -1.638055E-3
1.215375E+7,    7.427931E-4,    -1.683950E-3
1.216000E+7,    7.240772E-4,    -1.716971E-3
1.216625E+7,    7.016659E-4,    -1.690030E-3
1.217250E+7,    7.574558E-4,    -1.675367E-3
1.217875E+7,    7.803440E-4,    -1.733184E-3
1.218500E+7,    7.392168E-4,    -1.740694E-3
1.219125E+7,    7.524490E-4,    -1.758218E-3
1.219750E+7,    7.835627E-4,    -1.779318E-3
1.220375E+7,    7.512569E-4,    -1.794577E-3
1.221000E+7,    7.324219E-4,    -1.806498E-3
1.221625E+7,    7.938147E-4,    -1.797438E-3
1.222250E+7,    7.554293E-4,    -1.826048E-3
1.222875E+7,    7.392168E-4,    -1.853824E-3
1.223500E+7,    7.721186E-4,    -1.885295E-3
1.224125E+7,    8.139610E-4,    -1.901627E-3
1.224750E+7,    8.126497E-4,    -1.929879E-3
1.225375E+7,    8.184910E-4,    -1.881599E-3
1.226000E+7,    8.205175E-4,    -1.952410E-3
1.226625E+7,    8.473396E-4,    -1.966476E-3
1.227250E+7,    8.053780E-4,    -1.984835E-3
1.227875E+7,    8.003712E-4,    -2.000570E-3
1.228500E+7,    8.902550E-4,    -1.987934E-3
1.229125E+7,    8.409023E-4,    -2.003670E-3
1.229750E+7,    8.683205E-4,    -2.031803E-3
1.230375E+7,    8.318424E-4,    -2.022982E-3
1.231000E+7,    8.738041E-4,    -2.022028E-3
1.231625E+7,    8.671284E-4,    -2.099752E-3
1.232250E+7,    8.485317E-4,    -2.120018E-3
1.232875E+7,    8.270741E-4,    -2.146959E-3
1.233500E+7,    8.533001E-4,    -2.145290E-3
1.234125E+7,    8.814335E-4,    -2.145052E-3
1.234750E+7,    9.100437E-4,    -2.191782E-3
1.235375E+7,    9.257793E-4,    -2.203465E-3
1.236000E+7,    9.255409E-4,    -2.250671E-3
1.236625E+7,    9.229183E-4,    -2.266645E-3
1.237250E+7,    9.396076E-4,    -2.243280E-3
1.237875E+7,    9.894371E-4,    -2.274275E-3
1.238500E+7,    9.171963E-4,    -2.374649E-3
1.239125E+7,    8.919239E-4,    -2.398491E-3
1.239750E+7,    9.255409E-4,    -2.290964E-3
1.240375E+7,    9.851456E-4,    -2.396822E-3
1.241000E+7,    9.758472E-4,    -2.424240E-3
1.241625E+7,    9.467602E-4,    -2.451658E-3
1.242250E+7,    9.663105E-4,    -2.461433E-3
1.242875E+7,    1.019239E-3,    -2.491951E-3
1.243500E+7,    9.768009E-4,    -2.506018E-3
1.244125E+7,    1.006365E-3,    -2.547503E-3
1.244750E+7,    1.040459E-3,    -2.560854E-3
1.245375E+7,    9.911060E-4,    -2.599001E-3
1.246000E+7,    1.017570E-3,    -2.666473E-3
1.246625E+7,    1.050711E-3,    -2.637148E-3
1.247250E+7,    1.081228E-3,    -2.702475E-3
1.247875E+7,    1.094580E-3,    -2.754450E-3
1.248500E+7,    1.103401E-3,    -2.720594E-3
1.249125E+7,    1.076460E-3,    -2.782822E-3
1.249750E+7,    1.092672E-3,    -2.785683E-3
1.250375E+7,    1.104116E-3,    -2.877235E-3
1.251000E+7,    1.149654E-3,    -2.918720E-3
1.251625E+7,    1.124859E-3,    -2.931595E-3
1.252250E+7,    1.168251E-3,    -2.924919E-3
1.252875E+7,    1.143456E-3,    -2.985239E-3
1.253500E+7,    1.154184E-3,    -2.976656E-3
1.254125E+7,    1.190662E-3,    -3.032207E-3
1.254750E+7,    1.224756E-3,    -3.093958E-3
1.255375E+7,    1.191616E-3,    -3.164291E-3
1.256000E+7,    1.234531E-3,    -3.212690E-3
1.256625E+7,    1.183033E-3,    -3.236771E-3
1.257250E+7,    1.242638E-3,    -3.236771E-3
1.257875E+7,    1.243830E-3,    -3.325701E-3
1.258500E+7,    1.317024E-3,    -3.286600E-3
1.259125E+7,    1.246214E-3,    -3.396988E-3
1.259750E+7,    1.314878E-3,    -3.428221E-3
1.260375E+7,    1.287222E-3,    -3.515482E-3
1.261000E+7,    1.315594E-3,    -3.518581E-3
1.261625E+7,    1.311064E-3,    -3.687859E-3
1.262250E+7,    1.287699E-3,    -3.598928E-3
1.262875E+7,    1.271963E-3,    -3.828764E-3
1.263500E+7,    1.370907E-3,    -3.691912E-3
1.264125E+7,    1.412630E-3,    -3.806353E-3
1.264750E+7,    1.402855E-3,    -3.911018E-3
1.265375E+7,    1.435757E-3,    -3.916979E-3
1.266000E+7,    1.375675E-3,    -3.984451E-3
1.266625E+7,    1.477718E-3,    -4.064083E-3
1.267250E+7,    5.455017E-4,    -4.353046E-3
1.267875E+7,    9.722710E-4,    -4.363060E-3
1.268500E+7,    5.660057E-4,    -4.593372E-3
1.269125E+7,    1.067162E-3,    -4.614353E-3
1.269750E+7,    1.490593E-3,    -4.291534E-3
1.270375E+7,    7.200241E-5,    -4.456520E-3
1.271000E+7,    5.593300E-4,    -5.129814E-3
1.271625E+7,    1.668930E-3,    -4.482746E-3
1.272250E+7,    1.646519E-3,    -4.582882E-3
1.272875E+7,    1.631737E-3,    -4.637241E-3
1.273500E+7,    1.652718E-3,    -4.794598E-3
1.274125E+7,    1.712322E-3,    -4.871845E-3
1.274750E+7,    1.694441E-3,    -4.989386E-3
1.275375E+7,    1.740456E-3,    -4.981518E-3
1.276000E+7,    1.489639E-3,    -5.213499E-3
1.276625E+7,    8.785725E-4,    -5.347013E-3
1.277250E+7,    -9.148121E-4,    -3.992796E-3
1.277875E+7,    -1.446009E-3,    -4.983187E-3
1.278500E+7,    -6.401539E-4,    -5.859137E-3
1.279125E+7,    1.730919E-4,    -6.233692E-3
1.279750E+7,    1.479864E-3,    -5.765200E-3
1.280375E+7,    -5.645752E-4,    -5.690098E-3
1.281000E+7,    -2.038240E-3,    -4.922390E-3
1.281625E+7,    -1.647949E-3,    -6.495953E-3
1.282250E+7,    -1.737118E-3,    -6.485939E-3
1.282875E+7,    6.489754E-4,    -6.661415E-3
1.283500E+7,    -2.636433E-3,    -5.671501E-3
1.284125E+7,    1.957655E-3,    -7.106304E-3
1.284750E+7,    2.196074E-3,    -6.984711E-3
1.285375E+7,    1.647949E-3,    -7.447720E-3
1.286000E+7,    1.650572E-3,    -7.400513E-3
1.286625E+7,    1.606703E-3,    -7.763147E-3
1.287250E+7,    1.904488E-3,    -7.797718E-3
1.287875E+7,    2.324104E-3,    -7.593155E-3
1.288500E+7,    1.908302E-3,    -7.750034E-3
1.289125E+7,    1.300812E-3,    -8.553505E-3
1.289750E+7,    2.212524E-4,    -8.642197E-3
1.290375E+7,    1.718998E-3,    -8.413792E-3
1.291000E+7,    1.159668E-3,    -8.740902E-3
1.291625E+7,    6.947517E-4,    -9.404182E-3
1.292250E+7,    -3.919601E-4,    -8.289337E-3
1.292875E+7,    2.655983E-4,    -9.246826E-3
1.293500E+7,    -3.378868E-3,    -7.852554E-3
1.294125E+7,    -2.267361E-3,    -8.673668E-3
1.294750E+7,    -3.306389E-3,    -6.829739E-3
1.295375E+7,    -3.463745E-3,    -4.522800E-3
1.296000E+7,    -3.007174E-3,    -3.435850E-3
1.296625E+7,    -2.942085E-3,    -3.287315E-3
1.297250E+7,    -3.038168E-3,    -3.377199E-3
1.297875E+7,    -3.096104E-3,    -3.460646E-3
1.298500E+7,    -3.131151E-3,    -3.487349E-3
1.299125E+7,    -3.272295E-3,    -3.571749E-3
1.299750E+7,    -3.321409E-3,    -3.605366E-3
1.300375E+7,    -3.411293E-3,    -3.698587E-3
1.301000E+7,    -3.524780E-3,    -3.776550E-3
1.301625E+7,    -3.612280E-3,    -3.871918E-3
1.302250E+7,    -3.724337E-3,    -3.960848E-3
1.302875E+7,    -3.836393E-3,    -4.029512E-3
1.303500E+7,    -3.936291E-3,    -4.128933E-3
1.304125E+7,    -4.076958E-3,    -4.217148E-3
1.304750E+7,    -4.179955E-3,    -4.308224E-3
1.305375E+7,    -4.295826E-3,    -4.378319E-3
1.306000E+7,    -4.426956E-3,    -4.499435E-3
1.306625E+7,    -4.576683E-3,    -4.615784E-3
1.307250E+7,    -4.715443E-3,    -4.731655E-3
1.307875E+7,    -4.901409E-3,    -4.852295E-3
1.308500E+7,    -5.053997E-3,    -5.020618E-3
1.309125E+7,    -5.232334E-3,    -5.131721E-3
1.309750E+7,    -5.402088E-3,    -5.247116E-3
1.310375E+7,    -5.576134E-3,    -5.369186E-3
1.311000E+7,    -5.777836E-3,    -5.506516E-3
1.311625E+7,    -5.982399E-3,    -5.664349E-3
1.312250E+7,    -6.232738E-3,    -5.848885E-3
1.312875E+7,    -6.491661E-3,    -6.011963E-3
1.313500E+7,    -6.741524E-3,    -6.190777E-3
1.314125E+7,    -6.994247E-3,    -6.315708E-3
1.314750E+7,    -7.279396E-3,    -6.545544E-3
1.315375E+7,    -7.698536E-3,    -6.836414E-3
1.316000E+7,    -8.011341E-3,    -7.021904E-3
1.316625E+7,    -8.351803E-3,    -7.252216E-3
1.317250E+7,    -8.665085E-3,    -7.427216E-3
1.317875E+7,    -9.060860E-3,    -7.667542E-3
1.318500E+7,    -9.442329E-3,    -7.924080E-3
1.319125E+7,    -9.961128E-3,    -8.209229E-3
1.319750E+7,    -1.030540E-2,    -8.387566E-3
1.320375E+7,    -1.080894E-2,    -8.651733E-3
1.321000E+7,    -1.142979E-2,    -9.067535E-3
1.321625E+7,    -1.184654E-2,    -9.197235E-3
1.322250E+7,    -1.239967E-2,    -9.510040E-3
1.322875E+7,    -1.315117E-2,    -9.876251E-3
1.323500E+7,    -1.392841E-2,    -1.026726E-2
1.324125E+7,    -1.485252E-2,    -1.075077E-2
1.324750E+7,    -1.603699E-2,    -1.136303E-2
1.325375E+7,    -1.720619E-2,    -1.197624E-2
1.326000E+7,    -1.805305E-2,    -1.232910E-2
1.326625E+7,    -1.922607E-2,    -1.280594E-2
1.327250E+7,    -2.048302E-2,    -1.331139E-2
1.327875E+7,    -2.204132E-2,    -1.392174E-2
1.328500E+7,    -2.331352E-2,    -1.436615E-2
1.329125E+7,    -2.531624E-2,    -1.517868E-2
1.329750E+7,    -2.690887E-2,    -1.574326E-2
1.330375E+7,    -2.867699E-2,    -1.603889E-2
1.331000E+7,    -3.163910E-2,    -1.702118E-2
1.331625E+7,    -3.398514E-2,    -1.774597E-2
1.332250E+7,    -3.747177E-2,    -1.877213E-2
1.332875E+7,    -3.913307E-2,    -1.903152E-2
1.333500E+7,    -4.135513E-2,    -1.870537E-2
1.334125E+7,    -4.420090E-2,    -1.919556E-2
1.334750E+7,    -4.771423E-2,    -1.930237E-2
1.335375E+7,    -5.288315E-2,    -1.994705E-2
1.336000E+7,    -5.733871E-2,    -2.047729E-2
1.336625E+7,    -6.225204E-2,    -1.992035E-2
1.337250E+7,    -6.917191E-2,    -2.027130E-2
1.337875E+7,    -7.553482E-2,    -1.933289E-2
1.338500E+7,    -8.287430E-2,    -1.811600E-2
1.339125E+7,    -9.317017E-2,    -1.652145E-2
1.339750E+7,    -1.027641E-1,    -1.395798E-2
1.340375E+7,    -1.136169E-1,    -9.788513E-3
1.341000E+7,    -1.268311E-1,    -4.203796E-3
1.341625E+7,    -1.430969E-1,    4.081726E-3
1.342250E+7,    -1.598587E-1,    1.515198E-2
1.342875E+7,    -1.798096E-1,    3.116608E-2
1.343500E+7,    -2.010498E-1,    5.384827E-2
1.344125E+7,    -2.184219E-1,    8.255005E-2
1.344750E+7,    -2.362366E-1,    1.226196E-1
1.345375E+7,    -2.463608E-1,    1.721191E-1
1.346000E+7,    -2.436905E-1,    2.321091E-1
1.346625E+7,    -2.259827E-1,    2.994385E-1
1.347250E+7,    -1.872406E-1,    3.679810E-1
1.347875E+7,    -1.245880E-1,    4.206543E-1
1.348500E+7,    -4.727173E-2,    4.522095E-1
1.349125E+7,    3.393555E-2,    4.646759E-1
1.349750E+7,    1.128845E-1,    4.599915E-1
1.350375E+7,    1.858215E-1,    4.419861E-1
1.351000E+7,    2.471313E-1,    4.090576E-1
1.351625E+7,    3.009338E-1,    3.704224E-1
1.352250E+7,    3.488770E-1,    3.275452E-1
1.352875E+7,    3.914185E-1,    2.825012E-1
1.353500E+7,    4.291687E-1,    2.323608E-1
1.354125E+7,    4.610901E-1,    1.768494E-1
1.354750E+7,    4.884033E-1,    1.156006E-1
1.355375E+7,    5.075073E-1,    4.846191E-2
1.356000E+7,    5.155640E-1,    -2.413940E-2
1.356625E+7,    5.108032E-1,    -1.008606E-1
1.357250E+7,    4.915161E-1,    -1.789856E-1
1.357875E+7,    4.568481E-1,    -2.523956E-1
1.358500E+7,    4.074097E-1,    -3.183899E-1
1.359125E+7,    3.464661E-1,    -3.718567E-1
1.359750E+7,    2.792053E-1,    -4.107971E-1
1.360375E+7,    2.087708E-1,    -4.345398E-1
1.361000E+7,    1.384888E-1,    -4.463806E-1
1.361625E+7,    7.113647E-2,    -4.478455E-1
1.362250E+7,    6.683350E-3,    -4.400635E-1
1.362875E+7,    -5.560303E-2,    -4.247437E-1
1.363500E+7,    -1.140137E-1,    -4.020996E-1
1.364125E+7,    -1.709595E-1,    -3.706055E-1
1.364750E+7,    -2.238159E-1,    -3.280640E-1
1.365375E+7,    -2.700195E-1,    -2.750244E-1
1.366000E+7,    -3.045044E-1,    -2.093506E-1
1.366625E+7,    -3.209229E-1,    -1.348877E-1
1.367250E+7,    -3.139343E-1,    -5.990601E-2
1.367875E+7,    -2.856750E-1,    4.974365E-3
1.368500E+7,    -2.433319E-1,    5.171204E-2
1.369125E+7,    -1.972351E-1,    7.958984E-2
1.369750E+7,    -1.542816E-1,    9.129333E-2
1.370375E+7,    -1.187439E-1,    9.350586E-2
1.371000E+7,    -9.037781E-2,    8.943939E-2
1.371625E+7,    -6.882477E-2,    8.209229E-2
1.372250E+7,    -5.234528E-2,    7.379913E-2
1.372875E+7,    -3.971863E-2,    6.629944E-2
1.373500E+7,    -3.017426E-2,    5.849075E-2
1.374125E+7,    -2.317047E-2,    5.165100E-2
1.374750E+7,    -1.779556E-2,    4.553604E-2
1.375375E+7,    -1.366806E-2,    4.014969E-2
1.376000E+7,    -1.055145E-2,    3.546524E-2
1.376625E+7,    -8.134842E-3,    3.137016E-2
1.377250E+7,    -6.248474E-3,    2.781296E-2
1.377875E+7,    -4.785538E-3,    2.469635E-2
1.378500E+7,    -3.660202E-3,    2.198601E-2
1.379125E+7,    -2.771378E-3,    1.955032E-2
1.379750E+7,    -2.063751E-3,    1.750755E-2
1.380375E+7,    -1.505852E-3,    1.564121E-2
1.381000E+7,    -1.073837E-3,    1.400948E-2
1.381625E+7,    -7.686615E-4,    1.260281E-2
1.382250E+7,    -4.692078E-4,    1.135254E-2
1.382875E+7,    -2.889633E-4,    1.023579E-2
1.383500E+7,    -8.010864E-5,    9.236336E-3
1.384125E+7,    1.049042E-5,    8.365631E-3
1.384750E+7,    1.158714E-4,    7.551670E-3
1.385375E+7,    1.940727E-4,    6.880283E-3
1.386000E+7,    2.541542E-4,    6.234169E-3
1.386625E+7,    2.903938E-4,    5.646229E-3
1.387250E+7,    3.142357E-4,    5.178928E-3
1.387875E+7,    3.247261E-4,    4.700661E-3
1.388500E+7,    3.132820E-4,    4.283428E-3
1.389125E+7,    3.175735E-4,    3.905773E-3
1.389750E+7,    3.304482E-4,    3.548384E-3
1.390375E+7,    3.154278E-4,    3.264189E-3
1.391000E+7,    3.111362E-4,    2.974749E-3
1.391625E+7,    3.209114E-4,    2.729177E-3
1.392250E+7,    2.841949E-4,    2.495527E-3
1.392875E+7,    2.548695E-4,    2.274990E-3
1.393500E+7,    2.732277E-4,    2.083778E-3
1.394125E+7,    2.672672E-4,    1.914263E-3
1.394750E+7,    2.291203E-4,    1.752377E-3
1.395375E+7,    2.301931E-4,    1.615047E-3
1.396000E+7,    2.272129E-4,    1.478434E-3
1.396625E+7,    2.021790E-4,    1.353145E-3
1.397250E+7,    2.018213E-4,    1.223445E-3
1.397875E+7,    1.583099E-4,    1.140952E-3
1.398500E+7,    1.597404E-4,    1.040936E-3
1.399125E+7,    1.225471E-4,    9.608269E-4
1.399750E+7,    1.571178E-4,    8.895397E-4
1.400375E+7,    1.159906E-4,    8.012652E-4
1.401000E+7,    1.280308E-4,    7.227063E-4
1.401625E+7,    8.869171E-5,    6.708503E-4
1.402250E+7,    1.057982E-4,    5.992651E-4
1.402875E+7,    8.338690E-5,    5.627871E-4
1.403500E+7,    8.672476E-5,    4.904270E-4
1.404125E+7,    6.401539E-5,    4.614592E-4
1.404750E+7,    5.167723E-5,    4.176199E-4
1.405375E+7,    2.348423E-5,    3.816485E-4
1.406000E+7,    4.005432E-5,    3.528297E-4
1.406625E+7,    4.416704E-5,    3.094971E-4
1.407250E+7,    3.086030E-5,    2.806485E-4
1.407875E+7,    1.770258E-5,    2.374053E-4
1.408500E+7,    -1.035631E-5,    2.086759E-4
1.409125E+7,    1.872331E-5,    1.799762E-4
1.409750E+7,    1.430511E-6,    1.654774E-4
1.410375E+7,    -1.534820E-6,    1.583025E-4
1.411000E+7,    -1.218170E-5,    1.369715E-4
1.411625E+7,    -5.595386E-6,    1.224801E-4
1.412250E+7,    -9.313226E-6,    9.374693E-5
1.412875E+7,    -2.309307E-5,    9.411201E-5
1.413500E+7,    5.144626E-6,    5.748868E-5
1.414125E+7,    -3.424659E-5,    5.863048E-5
1.414750E+7,    -6.008334E-5,    3.783405E-5
1.415375E+7,    -4.568323E-5,    3.755651E-5
1.416000E+7,    -2.159644E-5,    7.497147E-7
1.416625E+7,    -2.854038E-5,    8.326955E-6
1.417250E+7,    -4.710816E-5,    -5.152076E-6
1.417875E+7,    -4.773214E-5,    -1.959875E-5
1.418500E+7,    -4.417077E-5,    -1.959875E-5
1.419125E+7,    -7.281452E-5,    -1.076236E-5
1.419750E+7,    -4.194304E-5,    -4.110858E-5
1.420375E+7,    -8.122623E-5,    -3.132224E-5
1.421000E+7,    -3.946200E-5,    -5.546212E-5
1.421625E+7,    -4.457682E-5,    -7.672235E-5
1.422250E+7,    -4.702434E-5,    -5.476922E-5
1.422875E+7,    -5.463511E-5,    -6.144121E-5
1.423500E+7,    -6.224588E-5,    -6.061420E-5
1.424125E+7,    -6.292760E-5,    -6.759912E-5
1.424750E+7,    -6.131083E-5,    -8.939952E-5
1.425375E+7,    -4.179403E-5,    -6.913021E-5
1.426000E+7,    -3.517792E-5,    -7.677823E-5
1.426625E+7,    -6.651878E-5,    -5.954504E-5
1.427250E+7,    -6.806850E-5,    -7.369369E-5
1.427875E+7,    -7.965416E-5,    -7.981062E-5
1.428500E+7,    -6.140023E-5,    -7.394701E-5
1.429125E+7,    -6.946921E-5,    -8.027256E-5
1.429750E+7,    -6.677955E-5,    -8.770078E-5
1.430375E+7,    -6.552786E-5,    -7.314980E-5
1.431000E+7,    -7.422268E-5,    -8.670241E-5
1.431625E+7,    -3.805384E-5,    -8.314848E-5
1.432250E+7,    -3.909320E-5,    -9.020418E-5
1.432875E+7,    -8.150190E-5,    -7.789582E-5
1.433500E+7,    -5.340949E-5,    -5.192682E-5
1.434125E+7,    -6.157905E-5,    -8.706003E-5
1.434750E+7,    -5.370378E-5,    -8.063763E-5
1.435375E+7,    -5.922467E-5,    -6.537884E-5
1.436000E+7,    -6.131083E-5,    -7.945299E-5
1.436625E+7,    -5.070865E-5,    -8.088350E-5
1.437250E+7,    -7.431954E-5,    -9.232014E-5
1.437875E+7,    -6.035715E-5,    -9.379536E-5
1.438500E+7,    -5.661696E-5,    -1.163036E-4
1.439125E+7,    -4.287809E-5,    -9.611249E-5
1.439750E+7,    -8.019805E-5,    -9.781867E-5
1.440375E+7,    -6.496161E-5,    -1.144856E-4
1.441000E+7,    -7.432699E-5,    -1.059473E-4
1.441625E+7,    -6.916374E-5,    -9.162724E-5
1.442250E+7,    -5.543977E-5,    -4.993007E-5
1.442875E+7,    -7.174909E-5,    -1.056939E-4
1.443500E+7,    -5.671382E-5,    -7.879734E-5
1.444125E+7,    -5.466491E-5,    -6.428733E-5
1.444750E+7,    -5.985051E-5,    -9.247661E-5
1.445375E+7,    -6.946176E-5,    -1.054928E-4
1.446000E+7,    -6.625056E-5,    -8.387864E-5
1.446625E+7,    -6.195158E-5,    -9.914488E-5
1.447250E+7,    -5.748868E-5,    -9.237975E-5
1.447875E+7,    -3.842264E-5,    -8.851290E-5
1.448500E+7,    -5.289167E-5,    -8.587539E-5
1.449125E+7,    -6.102026E-5,    -6.952882E-5
1.449750E+7,    -4.053116E-5,    -9.540468E-5
1.450375E+7,    -6.024167E-5,    -6.181747E-5
1.451000E+7,    -5.693734E-5,    -9.945035E-5
1.451625E+7,    -5.359948E-5,    -6.290153E-5
1.452250E+7,    -4.794449E-5,    -7.149205E-5
1.452875E+7,    -6.584078E-5,    -6.765127E-5
1.453500E+7,    -5.277991E-5,    -9.236485E-5
1.454125E+7,    -4.594028E-5,    -9.389967E-5
1.454750E+7,    -3.782660E-5,    -8.809566E-5
1.455375E+7,    -4.017726E-5,    -8.006394E-5
1.456000E+7,    -4.194677E-5,    -8.705258E-5
1.456625E+7,    -4.410744E-5,    -7.917732E-5
1.457250E+7,    -5.536899E-5,    -4.673749E-5
1.457875E+7,    -4.126132E-5,    -6.475672E-5
1.458500E+7,    -5.024672E-5,    -6.999075E-5
1.459125E+7,    -3.999099E-5,    -5.745888E-5
1.459750E+7,    -5.574524E-5,    -9.081513E-5
1.460375E+7,    -4.552305E-5,    -6.351992E-5
1.461000E+7,    -5.780905E-5,    -9.776652E-5
1.461625E+7,    -5.118176E-5,    -5.430728E-5
1.462250E+7,    -3.898889E-5,    -4.987419E-5
1.462875E+7,    -4.434213E-5,    -5.600601E-5
1.463500E+7,    -4.467741E-5,    -7.083640E-5
1.464125E+7,    -5.213544E-5,    -6.858632E-5
1.464750E+7,    -3.626943E-5,    -6.537139E-5
1.465375E+7,    -7.311255E-5,    -4.775450E-5
1.466000E+7,    -2.872199E-5,    -8.986518E-5
1.466625E+7,    -5.438179E-5,    -6.034598E-5
1.467250E+7,    -4.636496E-5,    -8.491427E-5
1.467875E+7,    -5.121902E-5,    -6.080419E-5
1.468500E+7,    -3.887340E-5,    -5.678833E-5
1.469125E+7,    -4.474074E-5,    -6.254762E-5
1.469750E+7,    -5.480275E-5,    -4.428253E-5
1.470375E+7,    -3.600866E-5,    -5.748868E-5
1.471000E+7,    -5.148724E-5,    -4.510209E-5
1.471625E+7,    -4.871190E-5,    -2.315268E-5
1.472250E+7,    -5.257502E-5,    -5.982444E-5
1.472875E+7,    -4.303083E-5,    -7.794052E-5
1.473500E+7,    -4.632398E-5,    -3.882125E-5
1.474125E+7,    -4.184619E-5,    -4.774332E-5
1.474750E+7,    -4.426017E-5,    -5.443767E-5
1.475375E+7,    -3.995001E-5,    -4.043430E-5
1.476000E+7,    -3.761798E-5,    -5.639344E-5
1.476625E+7,    -3.765896E-5,    -5.646050E-5
1.477250E+7,    -2.413616E-5,    -3.792718E-5
1.477875E+7,    -4.261732E-5,    -2.393872E-5
1.478500E+7,    -3.464893E-5,    -3.427267E-5
1.479125E+7,    -4.304200E-5,    -4.659593E-5
1.479750E+7,    -1.541339E-5,    -3.312528E-5
1.480375E+7,    -4.116818E-5,    -6.258115E-5
1.481000E+7,    5.016103E-6,    -4.036538E-5
1.481625E+7,    -1.556799E-5,    -3.303774E-5
1.482250E+7,    -1.383945E-5,    -4.914403E-5
1.482875E+7,    -3.880635E-5,    -3.239140E-5
1.483500E+7,    -3.136322E-5,    -4.278868E-5
1.484125E+7,    -3.571436E-5,    -3.338978E-5
1.484750E+7,    -3.153458E-5,    -4.260242E-5
1.485375E+7,    -4.459172E-5,    -4.537404E-5
1.486000E+7,    -3.258884E-5,    -3.440306E-5
1.486625E+7,    -2.588332E-5,    -3.696233E-5
1.487250E+7,    -3.778748E-5,    -1.664087E-5
1.487875E+7,    -4.511699E-5,    -4.483759E-5
1.488500E+7,    -1.476519E-5,    -1.770817E-5
1.489125E+7,    -3.917143E-5,    -3.942102E-5
1.489750E+7,    -2.311170E-5,    -3.791973E-5
1.490375E+7,    -2.450310E-5,    -2.154708E-5
1.491000E+7,    7.100403E-6,    -5.019829E-5
1.491625E+7,    -4.770607E-5,    -1.986697E-5
1.492250E+7,    -2.200529E-5,    -6.215274E-5
1.492875E+7,    -2.090074E-5,    -3.085844E-5
1.493500E+7,    -1.534447E-5,    -1.731701E-5
1.494125E+7,    -3.984571E-5,    -4.652888E-5
1.494750E+7,    -2.697855E-5,    -4.415587E-5
1.495375E+7,    -2.662092E-5,    -5.235150E-5
1.496000E+7,    -2.436154E-5,    -3.732927E-5
1.496625E+7,    -7.726252E-6,    -4.463084E-5
1.497250E+7,    -1.865439E-5,    -2.378039E-5
1.497875E+7,    -2.402440E-5,    -5.353242E-5
1.498500E+7,    -1.776218E-5,    -4.832074E-5
1.499125E+7,    -1.465157E-5,    -4.971772E-5
1.499750E+7,    -2.514385E-5,    -3.696047E-5
1.500375E+7,    -2.564304E-5,    -2.047606E-5
1.501000E+7,    4.207715E-6,    -3.437698E-5
1.501625E+7,    -2.387911E-6,    -3.949553E-5
1.502250E+7,    -2.226047E-5,    -3.833510E-5
1.502875E+7,    -3.551319E-5,    -4.014745E-5
1.503500E+7,    -3.088266E-6,    -1.488253E-5
1.504125E+7,    -3.930181E-5,    -3.014132E-5
1.504750E+7,    -3.617071E-5,    -2.337247E-5
1.505375E+7,    3.349502E-6,    -9.916257E-6
1.506000E+7,    -2.633594E-5,    -2.820045E-5
1.506625E+7,    -1.982227E-5,    -1.485087E-5
1.507250E+7,    -5.401671E-8,    -1.653470E-5
1.507875E+7,    -3.289548E-6,    1.678476E-6
1.508500E+7,    -1.335796E-5,    -1.802761E-5
1.509125E+7,    -1.321221E-5,    -1.505483E-6
1.509750E+7,    -3.034994E-5,    -4.241243E-5
1.510375E+7,    -3.119931E-7,    -1.648813E-5
1.511000E+7,    -7.482246E-6,    -3.777258E-5
1.511625E+7,    -1.081079E-5,    -3.601611E-5
1.512250E+7,    -2.344139E-5,    -1.255982E-5
1.512875E+7,    -1.373608E-5,    -1.769047E-5
1.513500E+7,    -6.750226E-6,    -4.709698E-6
1.514125E+7,    -1.029857E-5,    -1.116935E-5
1.514750E+7,    -9.778887E-7,    -2.466701E-5
1.515375E+7,    -4.325993E-6,    -2.289936E-5
1.516000E+7,    -1.326110E-5,    -1.033302E-6
1.516625E+7,    -1.250766E-6,    -2.470054E-5
1.517250E+7,    -1.690071E-5,    -7.376075E-6
1.517875E+7,    -1.370255E-5,    -9.181909E-6
1.518500E+7,    7.212162E-6,    -4.672818E-5
1.519125E+7,    1.010671E-5,    2.647284E-6
1.519750E+7,    -3.198162E-5,    -3.268942E-5
1.520375E+7,    -1.387484E-5,    -9.037554E-6
1.521000E+7,    5.210750E-6,    -2.029072E-5
1.521625E+7,    -1.081079E-5,    -1.084805E-5
1.522250E+7,    -3.345311E-6,    -4.166737E-5
1.522875E+7,    -2.507679E-5,    -1.974776E-5
1.523500E+7,    -3.148243E-5,    -1.578219E-5
1.524125E+7,    -1.982786E-5,    3.399327E-6
1.524750E+7,    2.411194E-6,    -1.031393E-5
1.525375E+7,    -3.733113E-5,    -3.201887E-6
1.526000E+7,    -1.275539E-5,    -2.743676E-5
1.526625E+7,    -3.128499E-5,    -7.102266E-6
1.527250E+7,    -2.402812E-7,    -3.577769E-5
1.527875E+7,    -3.155507E-5,    -6.910414E-6
1.528500E+7,    -1.472887E-5,    -8.716248E-6
1.529125E+7,    -9.650830E-6,    6.276648E-6
1.529750E+7,    -3.186986E-5,    -6.582588E-6
1.530375E+7,    2.021901E-6,    1.702271E-5
1.531000E+7,    2.165325E-6,    -1.068134E-5
1.531625E+7,    -1.060544E-5,    -2.166256E-6
1.532250E+7,    -3.388152E-5,    -2.318062E-5
1.532875E+7,    -6.298767E-6,    4.264526E-6
1.533500E+7,    -1.952983E-5,    -1.482852E-5
1.534125E+7,    -2.851896E-5,    -2.778322E-5
1.534750E+7,    -1.219381E-5,    -1.072045E-5
1.535375E+7,    1.583528E-5,    -2.142321E-5
1.536000E+7,    -1.762621E-5,    -1.811050E-5
1.536625E+7,    -1.640618E-5,    -8.797273E-6
1.537250E+7,    6.763730E-6,    -4.799571E-6
1.537875E+7,    -8.285046E-6,    -4.360452E-6
1.538500E+7,    -2.665818E-5,    -4.396960E-5
1.539125E+7,    -1.829676E-5,    -1.819991E-5
1.539750E+7,    -1.151301E-5,    -2.323464E-5
1.540375E+7,    -4.690606E-6,    -6.401911E-6
1.541000E+7,    1.726765E-5,    -2.985820E-6
1.541625E+7,    -3.223191E-6,    2.415967E-6
1.542250E+7,    -3.427267E-6,    -1.858920E-5
1.542875E+7,    1.769327E-5,    1.705810E-5
1.543500E+7,    -1.566112E-5,    1.186319E-5
1.544125E+7,    -6.960705E-6,    -1.613516E-5
1.544750E+7,    -7.107854E-6,    -1.621060E-5
1.545375E+7,    -1.564343E-5,    9.937212E-7
1.546000E+7,    -8.935109E-6,    -4.283153E-6
1.546625E+7,    3.286172E-6,    -2.614222E-6
1.547250E+7,    -7.088296E-6,    -1.592934E-5
1.547875E+7,    -6.607035E-6,    5.162787E-6
1.548500E+7,    -1.211278E-5,    -2.173148E-5
1.549125E+7,    -1.852680E-5,    3.867783E-6
1.549750E+7,    -1.684017E-5,    -2.047047E-5
1.550375E+7,    7.154187E-6,    -5.578389E-6
1.551000E+7,    -8.931383E-7,    -2.245139E-5
1.551625E+7,    -1.779571E-5,    -7.979572E-6
1.552250E+7,    -2.853572E-6,    -2.970546E-5
1.552875E+7,    -1.941063E-5,    -1.680665E-5
1.553500E+7,    2.895482E-5,    -3.208406E-6
1.554125E+7,    1.179706E-5,    1.347065E-5
1.554750E+7,    2.170261E-5,    -1.786556E-5
1.555375E+7,    4.118076E-6,    -3.451249E-6
1.556000E+7,    -1.181988E-5,    9.755604E-6
1.556625E+7,    -1.602340E-5,    2.724305E-5
1.557250E+7,    4.845671E-6,    -1.673400E-5
1.557875E+7,    -2.822839E-5,    -1.145899E-5
1.558500E+7,    -1.007132E-5,    -2.378412E-5
1.559125E+7,    -1.763646E-5,    4.716218E-6
1.559750E+7,    -5.390495E-6,    -6.054994E-6
1.560375E+7,    6.640330E-6,    -1.670979E-5
1.561000E+7,    -1.634099E-5,    -1.799688E-5
1.561625E+7,    -3.028079E-6,    2.766261E-6
1.562250E+7,    -1.594238E-5,    -2.915598E-5
1.562875E+7,    -1.156703E-5,    -4.828908E-7
1.563500E+7,    -1.868606E-5,    -2.603233E-5
1.564125E+7,    1.386972E-5,    -2.261717E-6
1.564750E+7,    -2.108891E-11,    6.464802E-10
1.565375E+7,    -1.625158E-5,    -5.900860E-6
1.566000E+7,    -7.752329E-6,    -1.373701E-5
1.566625E+7,    -1.068041E-5,    -1.114700E-5
1.567250E+7,    -8.117873E-6,    -2.863817E-6
1.567875E+7,    -1.616683E-5,    -5.678274E-6
1.568500E+7,    2.877787E-6,    -1.349766E-5
1.569125E+7,    -2.165232E-5,    -2.617016E-7
1.569750E+7,    -2.637040E-6,    -8.115545E-6
1.570375E+7,    -8.079223E-6,    -2.720393E-6
1.571000E+7,    1.071952E-5,    2.146140E-5
1.571625E+7,    -2.501110E-12,    -6.386074E-10
1.572250E+7,    2.566725E-6,    -2.424419E-5
1.572875E+7,    -1.351628E-5,    -7.968396E-6
1.573500E+7,    -2.979487E-5,    -2.376921E-5
1.574125E+7,    1.830887E-5,    -2.970174E-5
1.574750E+7,    -1.921877E-5,    -2.376176E-5
1.575375E+7,    -2.477318E-7,    -1.070602E-5
1.576000E+7,    -8.091796E-6,    -2.480578E-6
1.576625E+7,    8.125789E-6,    2.464280E-6
1.577250E+7,    1.917034E-5,    1.283735E-5
1.577875E+7,    1.071999E-5,    -3.855675E-7
1.578500E+7,    -1.751818E-6,    2.423488E-5
1.579125E+7,    3.001653E-6,    7.932074E-6
1.579750E+7,    1.021614E-5,    -1.118565E-5
1.580375E+7,    -2.984279E-11,    -6.354810E-10
1.581000E+7,    3.169021E-11,    6.349126E-10
1.581625E+7,    -1.005782E-5,    1.122756E-5
1.582250E+7,    -1.064828E-5,    6.230548E-7
1.582875E+7,    -4.979782E-6,    5.639857E-6
1.583500E+7,    -2.497225E-6,    2.826331E-6
1.584125E+7,    5.668961E-6,    4.976057E-6
1.584750E+7,    4.354206E-11,    6.332925E-10
1.585375E+7,    -1.061987E-5,    7.934868E-7
1.586000E+7,    1.224969E-5,    -1.427997E-5
1.586625E+7,    -1.617242E-6,    1.347624E-5
1.587250E+7,    2.936646E-5,    3.110617E-7
1.587875E+7,    -5.150214E-7,    2.407096E-5
1.588500E+7,    -1.058867E-5,    9.578653E-7
1.589125E+7,    -5.729817E-11,    -6.303651E-10
1.589750E+7,    8.178875E-6,    1.887791E-6
1.590375E+7,    -1.292722E-5,    3.972556E-6
1.591000E+7,    -2.349634E-5,    5.123205E-6
1.591625E+7,    2.370216E-6,    -2.913061E-6
1.592250E+7,    -7.068738E-6,    8.755829E-6
1.592875E+7,    2.409332E-6,    2.106372E-5
1.593500E+7,    1.518801E-5,    -7.094815E-6
1.594125E+7,    -1.051323E-5,    1.260079E-6
1.594750E+7,    -3.278255E-5,    -6.651506E-6
1.595375E+7,    -6.885733E-6,    8.866191E-6
1.596000E+7,    8.097345E-11,    6.238849E-10
1.596625E+7,    1.098588E-5,    2.256036E-5
1.597250E+7,    1.244806E-5,    3.306195E-5
1.597875E+7,    -4.512956E-6,    5.974434E-6
1.598500E+7,    2.242858E-6,    -2.995250E-6
1.599125E+7,    -1.271209E-5,    4.532281E-6
1.599750E+7,    -1.134910E-5,    -2.238527E-5
1.600375E+7,    6.467849E-5,    -1.593009E-4
1.601000E+7,    -6.710365E-5,    -3.375858E-5
1.601625E+7,    6.791949E-5,    6.466359E-5
1.602250E+7,    1.802295E-5,    3.413670E-5
1.602875E+7,    -8.708239E-5,    -6.259233E-5
1.603500E+7,    -1.065731E-4,    6.753951E-6
1.604125E+7,    1.364201E-5,    2.946705E-5
1.604750E+7,    -1.318939E-5,    -1.403224E-5
1.605375E+7,    6.082840E-5,    1.000240E-6
1.606000E+7,    -7.224455E-5,    4.673004E-5
1.606625E+7,    -2.225414E-4,    5.564839E-5
1.607250E+7,    2.992153E-5,    8.449703E-5
1.607875E+7,    2.992898E-5,    1.873821E-6
1.608500E+7,    -3.379583E-5,    -1.074672E-4
1.609125E+7,    -8.757412E-5,    3.804639E-5
1.609750E+7,    -5.902350E-5,    2.717227E-5
1.610375E+7,    1.644045E-4,    2.712011E-6
1.611000E+7,    -2.371520E-5,    3.104471E-5
1.611625E+7,    -6.344169E-5,    2.242997E-5
1.612250E+7,    4.389323E-5,    -3.579073E-5
1.612875E+7,    -3.232807E-5,    -1.196936E-5
1.613500E+7,    -3.168546E-5,    -3.017671E-5
1.614125E+7,    8.999370E-6,    -2.422929E-5
1.614750E+7,    -4.344434E-5,    -3.148615E-5
1.615375E+7,    -4.704483E-5,    -5.234033E-6
1.616000E+7,    -5.485862E-5,    -1.730770E-5
1.616625E+7,    -3.196299E-5,    3.434718E-6
1.617250E+7,    5.383044E-6,    2.007699E-6
1.617875E+7,    1.012757E-4,    4.082918E-5
1.618500E+7,    9.790063E-5,    8.259714E-5
1.619125E+7,    3.528409E-5,    4.015863E-6
1.619750E+7,    1.207739E-5,    -3.228895E-5
1.620375E+7,    4.332885E-5,    -6.664917E-5
1.621000E+7,    -2.348050E-5,    9.552017E-5
1.621625E+7,    5.041622E-5,    -3.638864E-5
1.622250E+7,    3.539026E-7,    6.454438E-5
1.622875E+7,    1.343060E-5,    -1.952425E-5
1.623500E+7,    2.475828E-5,    -8.273870E-5
1.624125E+7,    2.621394E-5,    -2.086069E-5
1.624750E+7,    -2.522860E-5,    1.815893E-5
1.625375E+7,    -1.378963E-5,    4.027970E-6
1.626000E+7,    -1.849979E-5,    -1.613423E-5
1.626625E+7,    4.405528E-5,    6.256625E-5
1.627250E+7,    -3.664754E-5,    3.230013E-5
1.627875E+7,    3.864989E-5,    6.052479E-5
1.628500E+7,    -1.201779E-5,    -1.149774E-4
1.629125E+7,    2.516806E-5,    8.011982E-5
1.629750E+7,    1.416914E-5,    -3.766827E-5
1.630375E+7,    -4.801899E-5,    -1.009926E-4
1.631000E+7,    -7.913262E-5,    9.614974E-5
1.631625E+7,    4.664063E-5,    3.904477E-5
1.632250E+7,    6.955117E-5,    5.994737E-5
1.632875E+7,    -4.833564E-5,    -6.728992E-5
1.633500E+7,    5.778298E-5,    9.588897E-6
1.634125E+7,    -1.948327E-5,    -1.349300E-5
1.634750E+7,    3.099255E-5,    -4.970096E-5
1.635375E+7,    3.557652E-6,    7.193536E-5
1.636000E+7,    2.221670E-5,    -1.003128E-5
1.636625E+7,    -8.665025E-6,    1.042672E-4
1.637250E+7,    -1.087412E-5,    4.502572E-5
1.637875E+7,    -6.478280E-5,    7.379428E-5
1.638500E+7,    -1.748428E-4,    1.212880E-4
1.639125E+7,    -1.707673E-4,    6.147474E-5
1.639750E+7,    4.696101E-5,    5.466491E-5
1.640375E+7,    -9.945780E-5,    -6.229430E-5
1.641000E+7,    -1.098961E-4,    -5.087256E-5
1.641625E+7,    6.924942E-5,    -6.907433E-5
1.642250E+7,    -3.489852E-5,    -1.024604E-4
1.642875E+7,    -6.417185E-5,    5.563721E-5
1.643500E+7,    1.028180E-4,    -4.410371E-5
1.644125E+7,    -7.941201E-5,    -1.778454E-5
1.644750E+7,    1.484714E-5,    -6.666407E-6
1.645375E+7,    4.968047E-5,    3.113598E-5
1.646000E+7,    -2.719462E-7,    -1.548417E-5
1.646625E+7,    -1.797453E-5,    -4.994869E-5
1.647250E+7,    7.897615E-7,    4.644692E-5
1.647875E+7,    1.021009E-5,    -2.689473E-5
1.648500E+7,    2.844259E-5,    3.848970E-5
1.649125E+7,    -3.634766E-5,    -1.508743E-6
1.649750E+7,    4.304200E-5,    1.638569E-5
1.650375E+7,    1.819618E-5,    7.627532E-7
1.651000E+7,    -1.308694E-5,    5.045906E-5
1.651625E+7,    -3.173575E-5,    -4.605949E-5
1.652250E+7,    1.437217E-5,    -3.763288E-5
1.652875E+7,    2.110377E-5,    -8.754060E-5
1.653500E+7,    4.090369E-6,    5.394034E-5
1.654125E+7,    4.998595E-5,    -1.792796E-5
1.654750E+7,    -3.328919E-5,    -7.440150E-5
1.655375E+7,    -6.254390E-5,    -3.005564E-5
1.656000E+7,    -1.715962E-5,    -3.482215E-6
1.656625E+7,    4.397333E-5,    7.851422E-5
1.657250E+7,    -1.385435E-4,    3.968179E-5
1.657875E+7,    -3.800541E-5,    3.484078E-5
1.658500E+7,    4.466809E-5,    -1.995079E-5
1.659125E+7,    -1.129210E-4,    -2.782047E-5
1.659750E+7,    -5.691126E-5,    -1.252815E-5
1.660375E+7,    -3.449433E-5,    5.774572E-5
1.661000E+7,    -1.023747E-4,    2.554059E-5
1.661625E+7,    -5.864352E-5,    -5.641207E-5
1.662250E+7,    9.185448E-5,    -1.411512E-5
1.662875E+7,    1.626834E-4,    -5.438924E-6
1.663500E+7,    1.385808E-4,    1.859665E-4
1.664125E+7,    -5.600043E-6,    -1.761038E-5
1.664750E+7,    1.685843E-4,    2.773106E-5
1.665375E+7,    -5.834922E-5,    1.197271E-4
1.666000E+7,    -2.930015E-4,    -2.591312E-5
1.666625E+7,    -4.775822E-6,    -3.584288E-5
1.667250E+7,    4.936010E-6,    5.136617E-5
1.667875E+7,    -2.066791E-5,    -1.068637E-4
1.668500E+7,    7.816032E-5,    -9.050593E-5
1.669125E+7,    -8.920208E-5,    -2.510473E-5
1.669750E+7,    5.462766E-5,    -9.339675E-5
1.670375E+7,    7.491186E-5,    -9.784847E-5
1.671000E+7,    8.788705E-5,    -3.244728E-6
1.671625E+7,    8.117035E-5,    -1.141652E-4
1.672250E+7,    -4.431605E-5,    -2.949312E-5
1.672875E+7,    -4.228204E-6,    -8.526817E-5
1.673500E+7,    -5.179644E-5,    -2.616644E-5
1.674125E+7,    -7.186085E-5,    -1.020283E-4
1.674750E+7,    9.072945E-6,    4.065409E-5
1.675375E+7,    -3.982708E-5,    -9.167939E-6
1.676000E+7,    -2.208352E-5,    -5.497411E-5
1.676625E+7,    7.041544E-5,    5.826354E-5
1.677250E+7,    -8.210540E-6,    -5.891547E-5
1.677875E+7,    1.077540E-5,    4.162546E-6
1.678500E+7,    -5.209818E-5,    -5.747005E-5
1.679125E+7,    5.187839E-5,    -6.980821E-5
1.679750E+7,    -6.703660E-5,    -5.082786E-5
1.680375E+7,    1.874566E-5,    4.757196E-5
1.681000E+7,    -1.338944E-4,    2.554059E-5
1.681625E+7,    -8.439645E-5,    4.164129E-5
1.682250E+7,    -7.799640E-5,    4.105642E-5
1.682875E+7,    -6.598979E-5,    -5.365536E-5
1.683500E+7,    -4.819781E-5,    1.228414E-5
1.684125E+7,    -1.950189E-6,    2.095290E-5
1.684750E+7,    -1.047272E-5,    2.696179E-5
1.685375E+7,    7.217750E-5,    -8.986518E-5
1.686000E+7,    -9.668246E-5,    -6.668270E-6
1.686625E+7,    -1.097396E-4,    -2.108514E-5
1.687250E+7,    2.622604E-5,    -6.736442E-5
1.687875E+7,    1.192838E-5,    -1.102574E-4
1.688500E+7,    9.089708E-6,    5.628541E-5
1.689125E+7,    3.349222E-5,    2.548657E-5
1.689750E+7,    -4.276633E-5,    -9.742379E-5
1.690375E+7,    -8.816272E-5,    -1.244098E-4
1.691000E+7,    -1.182314E-6,    -1.289090E-5
1.691625E+7,    -3.219210E-5,    2.935529E-6
1.692250E+7,    -1.065480E-5,    1.136307E-5
1.692875E+7,    -3.196672E-5,    3.413856E-5
1.693500E+7,    -7.195398E-5,    9.126961E-6
1.694125E+7,    1.945533E-5,    1.382269E-5
1.694750E+7,    6.882846E-5,    -1.069158E-6
1.695375E+7,    -1.630932E-5,    -2.192520E-5
1.696000E+7,    -2.427772E-5,    6.201491E-5
1.696625E+7,    4.228670E-6,    -1.078052E-5
1.697250E+7,    3.936142E-5,    -6.855652E-5
1.697875E+7,    -1.091361E-4,    8.787960E-5
1.698500E+7,    4.923344E-5,    3.181845E-4
1.699125E+7,    2.453327E-4,    -2.199411E-5
1.699750E+7,    -7.344410E-5,    -5.068257E-5
1.700375E+7,    -7.240847E-5,    -5.332008E-5
1.701000E+7,    -6.526709E-5,    5.533919E-5
1.701625E+7,    3.293529E-5,    -6.806105E-5
1.702250E+7,    1.397124E-5,    -3.855675E-6
1.702875E+7,    -4.886091E-5,    -6.592274E-5
1.703500E+7,    2.573337E-5,    -1.792796E-5
1.704125E+7,    2.934784E-5,    5.207583E-5
1.704750E+7,    1.083836E-4,    1.204982E-4
1.705375E+7,    -1.568943E-4,    -1.397878E-4
1.706000E+7,    -4.408695E-5,    1.693703E-5
1.706625E+7,    1.032278E-4,    -4.040450E-5
1.707250E+7,    6.075948E-5,    8.315593E-5
1.707875E+7,    -4.477414E-10,    1.944471E-10
1.708500E+7,    4.126877E-5,    6.929412E-5
1.709125E+7,    3.211200E-5,    -4.970655E-5
1.709750E+7,    -5.724654E-5,    -2.884492E-5
1.710375E+7,    3.451295E-5,    7.383525E-6
1.711000E+7,    -1.704171E-4,    -1.122057E-5
1.711625E+7,    -2.234802E-5,    7.231534E-5
1.712250E+7,    -2.361089E-5,    2.812874E-5
1.712875E+7,    8.725747E-5,    -1.541525E-5
1.713500E+7,    -2.811663E-5,    -2.359413E-5
1.714125E+7,    7.950887E-5,    -4.345179E-5
1.714750E+7,    -5.923957E-5,    7.772818E-6
1.715375E+7,    -3.441423E-5,    2.383627E-5
1.716000E+7,    -1.508137E-5,    6.536022E-6
1.716625E+7,    -2.065115E-5,    -4.254095E-5
1.717250E+7,    7.649884E-6,    2.799928E-5
1.717875E+7,    -2.600998E-5,    -4.465878E-5
1.718500E+7,    4.454702E-5,    1.083165E-4
1.719125E+7,    -4.869699E-5,    -8.184463E-5
1.719750E+7,    -3.236905E-5,    2.762303E-6
1.720375E+7,    4.218891E-6,    -4.210882E-5
1.721000E+7,    -1.640990E-5,    -8.469820E-5
1.721625E+7,    3.118627E-5,    -4.705228E-5
1.722250E+7,    -9.909272E-7,    4.965253E-5
1.722875E+7,    -7.997453E-5,    -3.494695E-5
1.723500E+7,    7.228181E-5,    -4.005060E-5
1.724125E+7,    6.471202E-5,    -3.683940E-5
1.724750E+7,    -1.425073E-4,    -5.054474E-5
1.725375E+7,    8.738041E-5,    -1.522899E-5
1.726000E+7,    -4.745834E-5,    4.051812E-5
1.726625E+7,    -3.356487E-6,    -8.584931E-5
1.727250E+7,    -2.698600E-5,    2.055708E-5
1.727875E+7,    5.528331E-6,    1.430959E-4
1.728500E+7,    5.074590E-5,    -1.731329E-5
1.729125E+7,    2.365559E-5,    -9.083003E-5
1.729750E+7,    -3.563426E-5,    -4.826114E-6
1.730375E+7,    1.481473E-4,    -2.551824E-5
1.731000E+7,    -1.511257E-5,    2.216548E-5
1.731625E+7,    -1.134947E-4,    -2.971292E-5
1.732250E+7,    -5.954504E-5,    -1.177788E-4
1.732875E+7,    -7.672235E-5,    5.083159E-5
1.733500E+7,    9.737909E-6,    -7.132068E-5
1.734125E+7,    7.354841E-5,    1.999363E-5
1.734750E+7,    4.537031E-5,    -8.214638E-5
1.735375E+7,    -5.730987E-5,    -2.923980E-5
1.736000E+7,    -1.062453E-5,    -1.454577E-4
1.736625E+7,    3.135204E-5,    -6.268173E-5
1.737250E+7,    1.403317E-5,    2.756529E-5
1.737875E+7,    1.146868E-4,    -1.768097E-4
1.738500E+7,    4.217774E-5,    1.141205E-4
1.739125E+7,    -8.124113E-5,    1.242980E-4
1.739750E+7,    -6.160885E-5,    -4.985929E-5
1.740375E+7,    -1.416132E-4,    -6.937236E-5
1.741000E+7,    -2.846569E-4,    -1.518130E-4
1.741625E+7,    4.018098E-5,    -6.863102E-5
1.742250E+7,    -7.689744E-5,    3.501400E-5
1.742875E+7,    1.254603E-4,    3.151596E-5
1.743500E+7,    1.404062E-5,    1.192559E-5
1.744125E+7,    1.356006E-6,    -9.687617E-5
1.744750E+7,    -8.663908E-5,    2.794713E-5
1.745375E+7,    8.556992E-5,    -9.588897E-6
1.746000E+7,    -7.889420E-5,    -5.374849E-5
1.746625E+7,    1.183152E-5,    3.304519E-5
1.747250E+7,    7.454306E-6,    4.386716E-5
1.747875E+7,    5.535036E-5,    -5.938672E-5
1.748500E+7,    3.460795E-5,    7.636845E-6
1.749125E+7,    9.776559E-6,    -8.638017E-6
1.749750E+7,    6.451271E-6,    1.519173E-5
1.750375E+7,    7.905439E-5,    2.239645E-5
1.751000E+7,    -7.899851E-5,    -2.247840E-5
1.751625E+7,    7.254630E-5,    2.299249E-5
1.752250E+7,    -3.464893E-5,    -7.716939E-6
1.752875E+7,    1.629535E-5,    -9.154901E-6
1.753500E+7,    -4.441105E-5,    -1.480058E-5
1.754125E+7,    -2.171192E-5,    6.944872E-6
1.754750E+7,    -1.007095E-4,    -4.701316E-5
1.755375E+7,    -3.980100E-5,    -8.852780E-5
1.756000E+7,    1.746975E-5,    -2.757739E-5
1.756625E+7,    2.415106E-5,    -7.520616E-5
1.757250E+7,    -4.795194E-5,    5.612522E-5
1.757875E+7,    -3.261305E-5,    1.825951E-5
1.758500E+7,    -1.042187E-4,    8.206815E-6
1.759125E+7,    7.397309E-5,    -4.250184E-5
1.759750E+7,    2.365559E-7,    -4.718453E-5
1.760375E+7,    5.426072E-5,    -9.518117E-6
1.761000E+7,    -2.087280E-5,    5.138293E-5
1.761625E+7,    8.129328E-5,    1.722947E-5
1.762250E+7,    5.205721E-5,    -4.041940E-6
1.762875E+7,    -1.024827E-4,    9.693950E-5
1.763500E+7,    -4.394725E-5,    -7.787719E-5
1.764125E+7,    -1.872554E-4,    8.784235E-5
1.764750E+7,    -6.852299E-5,    2.886727E-5
1.765375E+7,    -1.338571E-4,    6.538630E-5
1.766000E+7,    6.418675E-6,    1.523271E-5
1.766625E+7,    -2.355874E-5,    -5.065650E-5
1.767250E+7,    -1.481548E-5,    -5.659461E-5
1.767875E+7,    -3.183447E-5,    4.704669E-5
1.768500E+7,    -9.145588E-6,    -8.589029E-5
1.769125E+7,    -1.282804E-5,    -3.049150E-5
1.769750E+7,    2.473406E-5,    3.218092E-5
1.770375E+7,    1.260117E-4,    8.195639E-7
1.771000E+7,    -3.813207E-5,    1.600571E-5
1.771625E+7,    1.959503E-5,    -1.562238E-4
1.772250E+7,    -7.578731E-5,    -3.099442E-5
1.772875E+7,    -4.718453E-5,    -8.560717E-5
1.773500E+7,    6.699935E-5,    5.259737E-5
1.774125E+7,    -4.531816E-5,    -4.383922E-5
1.774750E+7,    -3.825128E-5,    3.175810E-5
1.775375E+7,    8.438528E-5,    5.663186E-5
1.776000E+7,    -3.887713E-5,    -2.861395E-5
1.776625E+7,    -8.742325E-6,    5.908776E-6
1.777250E+7,    -6.899610E-5,    6.018206E-5
1.777875E+7,    1.128092E-4,    -2.289340E-4
1.778500E+7,    -1.091883E-4,    5.019456E-5
1.779125E+7,    2.013519E-5,    -6.448105E-5
1.779750E+7,    -2.786145E-5,    -5.570054E-5
1.780375E+7,    -8.563325E-5,    8.513033E-5
1.781000E+7,    1.242012E-5,    7.783249E-5
1.781625E+7,    3.055856E-5,    -1.279451E-5
1.782250E+7,    -1.321509E-4,    -4.794449E-5
1.782875E+7,    6.617978E-5,    -9.936839E-5
1.783500E+7,    5.851313E-5,    2.714619E-5
1.784125E+7,    -4.602224E-5,    3.497303E-5
1.784750E+7,    -3.051758E-5,    -1.107380E-4
1.785375E+7,    1.713634E-6,    -6.584823E-5
1.786000E+7,    -2.279412E-5,    -6.226823E-6
1.786625E+7,    1.256913E-5,    -6.138161E-5
1.787250E+7,    -2.019852E-5,    6.449223E-5
1.787875E+7,    1.943670E-5,    1.434423E-5
1.788500E+7,    -2.837274E-5,    7.329509E-6
1.789125E+7,    1.035817E-5,    -5.592406E-5
1.789750E+7,    -3.143027E-5,    -1.611747E-5
1.790375E+7,    -3.105029E-5,    -4.771724E-5
1.791000E+7,    -1.176298E-4,    -7.234514E-6
1.791625E+7,    -4.782528E-5,    -7.042661E-6
1.792250E+7,    -4.670210E-5,    -9.758398E-6
1.792875E+7,    -2.205744E-5,    -6.935000E-5
1.793500E+7,    -1.755171E-5,    1.178496E-5
1.794125E+7,    -3.492832E-5,    -1.001656E-4
1.794750E+7,    -1.265854E-4,    -7.776916E-5
1.795375E+7,    1.869444E-5,    -1.449045E-5
1.796000E+7,    -6.095693E-5,    8.593127E-5
1.796625E+7,    -2.149865E-5,    -2.477504E-5
1.797250E+7,    -6.323680E-5,    -7.785857E-7
1.797875E+7,    1.296178E-4,    -8.294731E-5
1.798500E+7,    -3.404915E-5,    -7.123873E-5
1.799125E+7,    -3.218651E-5,    -4.505366E-5
1.799750E+7,    -6.284192E-5,    -3.239140E-5
1.800375E+7,    -5.909055E-5,    -7.221103E-5
1.801000E+7,    -2.667308E-5,    -4.285201E-5
1.801625E+7,    8.059666E-5,    4.753470E-6
1.802250E+7,    -8.943304E-5,    9.797513E-7
1.802875E+7,    5.109236E-6,    -5.828962E-5
1.803500E+7,    -1.101568E-4,    5.055219E-6
1.804125E+7,    -7.938594E-5,    -9.965152E-5
1.804750E+7,    -1.106132E-5,    1.128949E-5
1.805375E+7,    -5.671941E-5,    -1.266599E-6
1.806000E+7,    1.043975E-4,    2.427399E-5
1.806625E+7,    -3.099814E-5,    -4.782528E-5
1.807250E+7,    -7.247925E-5,    3.664941E-5
1.807875E+7,    -5.425513E-5,    -2.254173E-5
1.808500E+7,    -1.592115E-4,    4.991889E-7
1.809125E+7,    -2.477318E-6,    2.124999E-5
1.809750E+7,    -2.844166E-5,    7.235445E-6
1.810375E+7,    -1.659691E-4,    -5.958229E-5
1.811000E+7,    5.392917E-5,    -3.359839E-5
1.811625E+7,    -3.308244E-5,    3.014691E-5
1.812250E+7,    -6.833300E-5,    -3.425777E-5
1.812875E+7,    -8.973479E-5,    -4.395843E-5
1.813500E+7,    -1.113713E-4,    -2.479553E-5
1.814125E+7,    -1.355559E-4,    -7.130951E-5
1.814750E+7,    8.253753E-5,    6.009638E-5
1.815375E+7,    5.283952E-5,    -1.019202E-4
1.816000E+7,    -6.887689E-5,    2.362579E-5
1.816625E+7,    -4.788861E-5,    -5.088747E-5
1.817250E+7,    1.387578E-5,    -1.629069E-5
1.817875E+7,    -3.141165E-5,    4.056841E-5
1.818500E+7,    1.239218E-5,    -5.565770E-5
1.819125E+7,    7.687882E-5,    1.570955E-5
1.819750E+7,    -5.598739E-5,    -1.903623E-5
1.820375E+7,    3.283843E-5,    -1.145527E-6
1.821000E+7,    -6.125122E-5,    -9.250641E-5
1.821625E+7,    -2.443604E-5,    5.348586E-5
1.822250E+7,    3.408082E-5,    -3.837049E-6
1.822875E+7,    -3.335997E-5,    -1.200102E-5
1.823500E+7,    -5.731732E-5,    -5.862489E-5
1.824125E+7,    4.312210E-5,    -9.443611E-6
1.824750E+7,    -1.910329E-5,    -5.725771E-5
1.825375E+7,    -1.713075E-5,    3.749318E-5
1.826000E+7,    -7.335842E-5,    -6.593764E-5
1.826625E+7,    2.206303E-5,    -4.815869E-5
1.827250E+7,    -1.042038E-4,    -8.332729E-5
1.827875E+7,    2.305955E-6,    -4.747696E-5
1.828500E+7,    -6.956235E-5,    -3.191084E-5
1.829125E+7,    -2.309680E-5,    -2.027303E-5
1.829750E+7,    4.805624E-5,    -2.007000E-5
1.830375E+7,    4.069693E-5,    -4.023314E-6
1.831000E+7,    -1.103524E-5,    2.407283E-5
1.831625E+7,    -9.210408E-5,    3.073364E-6
1.832250E+7,    -6.132945E-5,    -2.169237E-5
1.832875E+7,    -2.964772E-5,    -2.009049E-5
1.833500E+7,    8.801371E-5,    -8.247793E-6
1.834125E+7,    -4.985183E-5,    -3.258884E-5
1.834750E+7,    -4.432350E-5,    5.418062E-5
1.835375E+7,    -3.279001E-5,    -1.122952E-4
1.836000E+7,    -2.821907E-6,    3.435463E-5
1.836625E+7,    -7.249042E-5,    -3.984943E-5
1.837250E+7,    -1.052953E-4,    4.559010E-5
1.837875E+7,    8.932501E-5,    -1.087040E-5
1.838500E+7,    -4.271418E-5,    6.473064E-5
1.839125E+7,    5.265884E-5,    -1.685694E-6
1.839750E+7,    -7.738918E-5,    1.306087E-5
1.840375E+7,    -1.810864E-5,    1.113676E-5
1.841000E+7,    -5.276501E-5,    -4.058704E-5
1.841625E+7,    -3.869645E-5,    -1.458637E-5
1.842250E+7,    4.126504E-5,    5.146489E-5
1.842875E+7,    -5.215406E-8,    -8.448586E-5
1.843500E+7,    -3.084913E-5,    6.693229E-5
1.844125E+7,    2.881046E-6,    7.824507E-6
1.844750E+7,    -9.933114E-5,    -9.445846E-5
1.845375E+7,    -4.865974E-5,    -3.544241E-5
1.846000E+7,    -1.730304E-5,    -4.737638E-6
1.846625E+7,    -5.873665E-5,    9.953603E-5
1.847250E+7,    3.543310E-5,    -6.349757E-6
1.847875E+7,    -2.225395E-5,    5.965121E-6
1.848500E+7,    4.077330E-5,    -3.874302E-6
1.849125E+7,    -5.110167E-5,    5.435571E-5
1.849750E+7,    6.507337E-5,    1.386926E-5
1.850375E+7,    -1.939386E-5,    1.377799E-5
1.851000E+7,    -7.929280E-5,    8.685514E-5
1.851625E+7,    -6.462634E-5,    -4.290044E-5
1.852250E+7,    -5.963445E-5,    -9.601563E-5
1.852875E+7,    5.517155E-5,    3.529713E-5
1.853500E+7,    -1.596883E-4,    -3.472716E-5
1.854125E+7,    -3.071129E-5,    -1.020432E-4
1.854750E+7,    -7.479638E-5,    -1.194328E-4
1.855375E+7,    -6.817281E-7,    -6.870180E-5
1.856000E+7,    4.447252E-5,    3.039092E-5