SAVED BY: 
TITLE: 
COMMENTS: 
DATE: 10/27/2020
TIME: 2:55 PM

STIMULUS, REAL, IMAGINARY

8.560000E+6,    -3.188848E-6,    -1.597852E-4
8.566250E+6,    -3.486872E-6,    -1.443028E-4
8.572500E+6,    -1.864135E-5,    -1.757368E-4
8.578750E+6,    7.078052E-7,    -1.535192E-4
8.585000E+6,    -1.329929E-5,    -1.726747E-4
8.591250E+6,    8.136034E-6,    -1.534298E-4
8.597500E+6,    -4.073232E-5,    -1.664683E-4
8.603750E+6,    -6.034970E-7,    -1.692921E-4
8.610000E+6,    -8.665025E-6,    -1.691803E-4
8.616250E+6,    -2.473593E-5,    -1.535863E-4
8.622500E+6,    -2.804399E-5,    -1.629367E-4
8.628750E+6,    -8.128583E-6,    -1.567230E-4
8.635000E+6,    -1.641363E-5,    -1.721531E-4
8.641250E+6,    -1.052767E-5,    -1.533702E-4
8.647500E+6,    -1.998991E-5,    -1.814291E-4
8.653750E+6,    4.366040E-6,    -1.693293E-4
8.660000E+6,    -1.446903E-5,    -1.627132E-4
8.666250E+6,    -9.462237E-7,    -1.599491E-4
8.672500E+6,    -7.517636E-6,    -1.787618E-4
8.678750E+6,    -1.247972E-5,    -1.691729E-4
8.685000E+6,    -2.291054E-5,    -1.654252E-4
8.691250E+6,    1.788139E-7,    -1.662970E-4
8.697500E+6,    -1.393259E-6,    -1.786053E-4
8.703750E+6,    -2.343208E-5,    -1.811832E-4
8.710000E+6,    -7.942319E-6,    -1.659617E-4
8.716250E+6,    -9.812415E-6,    -1.627654E-4
8.722500E+6,    -1.428276E-5,    -1.877919E-4
8.728750E+6,    -2.835691E-5,    -1.745671E-4
8.735000E+6,    -6.608665E-6,    -1.566410E-4
8.741250E+6,    -9.052455E-6,    -1.691505E-4
8.747500E+6,    -2.180785E-5,    -1.746267E-4
8.753750E+6,    -2.206117E-5,    -1.745746E-4
8.760000E+6,    -8.292496E-6,    -1.721159E-4
8.766250E+6,    -2.046674E-5,    -1.621321E-4
8.772500E+6,    -6.660819E-6,    -1.599118E-4
8.778750E+6,    -1.160055E-5,    -1.846179E-4
8.785000E+6,    -1.563132E-5,    -1.592115E-4
8.791250E+6,    -2.346188E-5,    -1.776367E-4
8.797500E+6,    -2.966076E-5,    -1.802221E-4
8.803750E+6,    -7.040799E-6,    -1.817122E-4
8.810000E+6,    7.070601E-6,    -1.795888E-4
8.816250E+6,    -3.129989E-5,    -1.801401E-4
8.822500E+6,    -1.488626E-5,    -1.655445E-4
8.828750E+6,    -2.375990E-5,    -1.997277E-4
8.835000E+6,    -3.486872E-6,    -1.756772E-4
8.841250E+6,    -5.364418E-7,    -1.478419E-4
8.847500E+6,    -2.416968E-5,    -1.647025E-4
8.853750E+6,    -2.086908E-5,    -1.744330E-4
8.860000E+6,    -2.378225E-5,    -1.679733E-4
8.866250E+6,    -2.163649E-5,    -1.742616E-4
8.872500E+6,    -2.452731E-5,    -1.865178E-4
8.878750E+6,    -1.846254E-5,    -1.839697E-4
8.885000E+6,    -5.811453E-7,    -1.731962E-4
8.891250E+6,    -1.468509E-5,    -1.970604E-4
8.897500E+6,    -1.443923E-5,    -1.781955E-4
8.903750E+6,    -1.987070E-5,    -1.839921E-4
8.910000E+6,    -2.050400E-5,    -1.840815E-4
8.916250E+6,    -2.386421E-5,    -1.960173E-4
8.922500E+6,    -2.071261E-5,    -1.649112E-4
8.928750E+6,    -7.487833E-6,    -1.821518E-4
8.935000E+6,    -2.983958E-5,    -1.829639E-4
8.941250E+6,    -5.982816E-6,    -1.888648E-4
8.947500E+6,    -1.004338E-5,    -1.789555E-4
8.953750E+6,    -1.458079E-5,    -1.877546E-4
8.960000E+6,    -2.825260E-5,    -1.704842E-4
8.966250E+6,    -2.413243E-5,    -1.834556E-4
8.972500E+6,    -3.017485E-5,    -1.890212E-4
8.978750E+6,    -2.228469E-5,    -1.709163E-4
8.985000E+6,    -5.009025E-5,    -1.769066E-4
8.991250E+6,    -2.747774E-5,    -1.799986E-4
8.997500E+6,    -5.068630E-5,    -1.766086E-4
9.003750E+6,    -1.917779E-5,    -1.842976E-4
9.010000E+6,    -1.834333E-5,    -1.873001E-4
9.016250E+6,    -1.331419E-5,    -2.041087E-4
9.022500E+6,    -2.507120E-5,    -1.927614E-4
9.028750E+6,    -2.288073E-5,    -1.997948E-4
9.035000E+6,    -1.644343E-5,    -1.751557E-4
9.041250E+6,    -8.173287E-6,    -1.796335E-4
9.047500E+6,    -2.212822E-5,    -1.839548E-4
9.053750E+6,    -3.705919E-5,    -1.848340E-4
9.060000E+6,    -1.809746E-5,    -1.748651E-4
9.066250E+6,    -2.992898E-5,    -1.860261E-4
9.072500E+6,    -3.331155E-5,    -1.756698E-4
9.078750E+6,    -5.248189E-5,    -2.107769E-4
9.085000E+6,    -1.766533E-5,    -1.816601E-4
9.091250E+6,    -3.120303E-5,    -2.114624E-4
9.097500E+6,    -2.593547E-5,    -2.056584E-4
9.103750E+6,    -3.147870E-5,    -1.887232E-4
9.110000E+6,    -5.304813E-6,    -1.810044E-4
9.116250E+6,    -3.500283E-5,    -2.043545E-4
9.122500E+6,    -4.702806E-5,    -1.890361E-4
9.128750E+6,    -3.606081E-5,    -2.040863E-4
9.135000E+6,    -2.016872E-5,    -1.848340E-4
9.141250E+6,    -4.380941E-5,    -2.059937E-4
9.147500E+6,    -3.620982E-5,    -1.817718E-4
9.153750E+6,    -4.833937E-5,    -1.920760E-4
9.160000E+6,    -3.234297E-5,    -1.729876E-4
9.166250E+6,    -5.267560E-5,    -2.037436E-4
9.172500E+6,    -3.844500E-5,    -2.038181E-4
9.178750E+6,    -3.561378E-5,    -2.169311E-4
9.185000E+6,    -3.159791E-5,    -1.792982E-4
9.191250E+6,    -3.493577E-5,    -1.982599E-4
9.197500E+6,    -9.380281E-6,    -1.842305E-4
9.203750E+6,    -2.941489E-5,    -2.216399E-4
9.210000E+6,    -3.597140E-5,    -1.980513E-4
9.216250E+6,    -6.005168E-6,    -2.043396E-4
9.222500E+6,    -2.500415E-5,    -1.874045E-4
9.228750E+6,    -3.993511E-5,    -2.164543E-4
9.235000E+6,    -1.945347E-5,    -1.825020E-4
9.241250E+6,    -4.974008E-5,    -2.078116E-4
9.247500E+6,    -3.532320E-5,    -1.822487E-4
9.253750E+6,    -4.066527E-5,    -1.905710E-4
9.260000E+6,    -3.844500E-5,    -2.010018E-4
9.266250E+6,    -4.522502E-5,    -2.056956E-4
9.272500E+6,    -3.189594E-5,    -2.027303E-4
9.278750E+6,    -3.207475E-5,    -2.023801E-4
9.285000E+6,    -2.551079E-5,    -2.008229E-4
9.291250E+6,    -1.344830E-5,    -1.942888E-4
9.297500E+6,    -3.924966E-5,    -2.106130E-4
9.303750E+6,    -2.550334E-5,    -2.077445E-4
9.310000E+6,    -2.253056E-5,    -1.922399E-4
9.316250E+6,    -3.260374E-5,    -2.127141E-4
9.322500E+6,    -1.881272E-5,    -2.094954E-4
9.328750E+6,    -4.658103E-5,    -2.155304E-4
9.335000E+6,    -3.328919E-5,    -2.124459E-4
9.341250E+6,    -4.108250E-5,    -2.137125E-4
9.347500E+6,    -3.585219E-5,    -2.088249E-4
9.353750E+6,    -2.954155E-5,    -2.071261E-4
9.360000E+6,    -2.872944E-5,    -2.107918E-4
9.366250E+6,    -2.974272E-5,    -2.072752E-4
9.372500E+6,    -2.454221E-5,    -2.022460E-4
9.378750E+6,    -4.500151E-5,    -2.096891E-4
9.385000E+6,    -4.205108E-5,    -2.268255E-4
9.391250E+6,    -2.951920E-5,    -2.172291E-4
9.397500E+6,    -4.304945E-5,    -2.233982E-4
9.403750E+6,    -3.731251E-5,    -2.221465E-4
9.410000E+6,    -4.374981E-5,    -2.265275E-4
9.416250E+6,    -1.730025E-5,    -2.178252E-4
9.422500E+6,    -3.072619E-5,    -2.273321E-4
9.428750E+6,    -4.136562E-5,    -2.078116E-4
9.435000E+6,    -3.403425E-5,    -2.134442E-4
9.441250E+6,    -2.428889E-5,    -2.294481E-4
9.447500E+6,    -5.370378E-5,    -2.273321E-4
9.453750E+6,    -4.935265E-5,    -2.121627E-4
9.460000E+6,    -3.644824E-5,    -2.097487E-4
9.466250E+6,    -3.528595E-5,    -2.165735E-4
9.472500E+6,    -3.543496E-5,    -2.198815E-4
9.478750E+6,    -2.154708E-5,    -2.174377E-4
9.485000E+6,    -4.446507E-5,    -2.139211E-4
9.491250E+6,    -4.291534E-5,    -2.243519E-4
9.497500E+6,    -3.522635E-5,    -2.335310E-4
9.503750E+6,    -4.342198E-5,    -2.308786E-4
9.510000E+6,    -3.984571E-5,    -2.125204E-4
9.516250E+6,    -3.966689E-5,    -2.124608E-4
9.522500E+6,    -5.462766E-5,    -2.111793E-4
9.528750E+6,    -4.303455E-5,    -2.448857E-4
9.535000E+6,    -3.683567E-5,    -2.404153E-4
9.541250E+6,    -3.880262E-5,    -2.332330E-4
9.547500E+6,    -4.178286E-5,    -2.121329E-4
9.553750E+6,    -2.080202E-5,    -2.162158E-4
9.560000E+6,    -3.895164E-5,    -2.398491E-4
9.566250E+6,    -3.334880E-5,    -2.355874E-4
9.572500E+6,    -5.596876E-5,    -2.278090E-4
9.578750E+6,    -2.214313E-5,    -2.160966E-4
9.585000E+6,    -4.473329E-5,    -2.118647E-4
9.591250E+6,    -5.507469E-5,    -2.447069E-4
9.597500E+6,    -2.050400E-5,    -2.439022E-4
9.603750E+6,    -4.544854E-5,    -2.217889E-4
9.610000E+6,    -4.416704E-5,    -2.358556E-4
9.616250E+6,    -5.894899E-5,    -2.338588E-4
9.622500E+6,    -2.616644E-5,    -2.121329E-4
9.628750E+6,    -4.684925E-5,    -2.219081E-4
9.635000E+6,    -3.880262E-5,    -2.346933E-4
9.641250E+6,    -6.064773E-5,    -2.366304E-4
9.647500E+6,    -4.643202E-5,    -2.352893E-4
9.653750E+6,    -4.667044E-5,    -2.385676E-4
9.660000E+6,    -4.109740E-5,    -2.274513E-4
9.666250E+6,    -5.480647E-5,    -2.427101E-4
9.672500E+6,    -4.929304E-5,    -2.280176E-4
9.678750E+6,    -5.704165E-5,    -2.284944E-4
9.685000E+6,    -6.303191E-5,    -2.395809E-4
9.691250E+6,    -5.695224E-5,    -2.388954E-4
9.697500E+6,    -5.134940E-5,    -2.309978E-4
9.703750E+6,    -5.081296E-5,    -2.415180E-4
9.710000E+6,    -2.220273E-5,    -2.428591E-4
9.716250E+6,    -5.006790E-5,    -2.555847E-4
9.722500E+6,    -8.037686E-5,    -2.434552E-4
9.728750E+6,    -3.695488E-5,    -2.574921E-4
9.735000E+6,    -3.924966E-5,    -2.436340E-4
9.741250E+6,    -8.162856E-5,    -2.429187E-4
9.747500E+6,    -3.862381E-5,    -2.612770E-4
9.753750E+6,    -7.596612E-5,    -2.420247E-4
9.760000E+6,    -6.881356E-5,    -2.450347E-4
9.766250E+6,    -6.967783E-5,    -2.517104E-4
9.772500E+6,    -4.249811E-5,    -2.392828E-4
9.778750E+6,    -4.884601E-5,    -2.540052E-4
9.785000E+6,    -6.344914E-5,    -2.512038E-4
9.791250E+6,    -6.440282E-5,    -2.475381E-4
9.797500E+6,    -4.503131E-5,    -2.217293E-4
9.803750E+6,    -5.096197E-5,    -2.536774E-4
9.810000E+6,    -5.152822E-5,    -2.570152E-4
9.816250E+6,    -7.328391E-5,    -2.578795E-4
9.822500E+6,    -5.933642E-5,    -2.468526E-4
9.828750E+6,    -5.260110E-5,    -2.639592E-4
9.835000E+6,    -3.978610E-5,    -2.557933E-4
9.841250E+6,    -7.480383E-5,    -2.610385E-4
9.847500E+6,    -4.810095E-5,    -2.421737E-4
9.853750E+6,    -6.946921E-5,    -2.707541E-4
9.860000E+6,    -6.261468E-5,    -2.670288E-4
9.866250E+6,    -7.766485E-5,    -2.673268E-4
9.872500E+6,    -5.668402E-5,    -2.668798E-4
9.878750E+6,    -5.730987E-5,    -2.596974E-4
9.885000E+6,    -7.197261E-5,    -2.493858E-4
9.891250E+6,    -7.295609E-5,    -2.528429E-4
9.897500E+6,    -5.903840E-5,    -2.453327E-4
9.903750E+6,    -6.642938E-5,    -2.521873E-4
9.910000E+6,    -5.307794E-5,    -2.554059E-4
9.916250E+6,    -6.771088E-5,    -2.486110E-4
9.922500E+6,    -5.349517E-5,    -2.727509E-4
9.928750E+6,    -6.121397E-5,    -2.943873E-4
9.935000E+6,    -5.504489E-5,    -2.658367E-4
9.941250E+6,    -7.691979E-5,    -2.655387E-4
9.947500E+6,    -8.466840E-5,    -2.551377E-4
9.953750E+6,    -6.297231E-5,    -2.622008E-4
9.960000E+6,    -5.722046E-5,    -2.827644E-4
9.966250E+6,    -5.072355E-5,    -2.865493E-4
9.972500E+6,    -4.431605E-5,    -2.476573E-4
9.978750E+6,    -6.631017E-5,    -2.614558E-4
9.985000E+6,    -8.761883E-5,    -2.717078E-4
9.991250E+6,    -6.735325E-5,    -2.575815E-4
9.997500E+6,    -5.319715E-5,    -2.716184E-4
1.000375E+7,    -6.797910E-5,    -2.573431E-4
1.001000E+7,    -6.210804E-5,    -2.753139E-4
1.001625E+7,    -7.647276E-5,    -2.887845E-4
1.002250E+7,    -7.659197E-5,    -2.636313E-4
1.002875E+7,    -5.641580E-5,    -2.890825E-4
1.003500E+7,    -6.416440E-5,    -2.747476E-4
1.004125E+7,    -7.197261E-5,    -2.919734E-4
1.004750E+7,    -7.921457E-5,    -2.634823E-4
1.005375E+7,    -8.615851E-5,    -2.558231E-4
1.006000E+7,    -8.103251E-5,    -2.841651E-4
1.006625E+7,    -8.130074E-5,    -2.734065E-4
1.007250E+7,    -7.444620E-5,    -2.593994E-4
1.007875E+7,    -6.142259E-5,    -2.880991E-4
1.008500E+7,    -8.296967E-5,    -2.803504E-4
1.009125E+7,    -6.893277E-5,    -2.772808E-4
1.009750E+7,    -8.365512E-5,    -2.617538E-4
1.010375E+7,    -7.176399E-5,    -2.977252E-4
1.011000E+7,    -7.846951E-5,    -2.762079E-4
1.011625E+7,    -5.757809E-5,    -2.847314E-4
1.012250E+7,    -7.992983E-5,    -2.828240E-4
1.012875E+7,    -6.076694E-5,    -3.054440E-4
1.013500E+7,    -5.993247E-5,    -2.909601E-4
1.014125E+7,    -9.560585E-5,    -2.853572E-4
1.014750E+7,    -8.261204E-5,    -2.785325E-4
1.015375E+7,    -6.899238E-5,    -2.865493E-4
1.016000E+7,    -9.152293E-5,    -2.991259E-4
1.016625E+7,    -7.846951E-5,    -2.961755E-4
1.017250E+7,    -7.849932E-5,    -2.927184E-4
1.017875E+7,    -8.442998E-5,    -2.745688E-4
1.018500E+7,    -7.864833E-5,    -2.852380E-4
1.019125E+7,    -8.156896E-5,    -3.099740E-4
1.019750E+7,    -5.868077E-5,    -2.865791E-4
1.020375E+7,    -6.806850E-5,    -3.004074E-4
1.021000E+7,    -8.293986E-5,    -3.058314E-4
1.021625E+7,    -9.012222E-5,    -3.018081E-4
1.022250E+7,    -8.273125E-5,    -2.842546E-4
1.022875E+7,    -1.006722E-4,    -3.217459E-4
1.023500E+7,    -6.997585E-5,    -2.923608E-4
1.024125E+7,    -9.319186E-5,    -2.971590E-4
1.024750E+7,    -9.959936E-5,    -2.894700E-4
1.025375E+7,    -1.026094E-4,    -3.105104E-4
1.026000E+7,    -9.453297E-5,    -2.932250E-4
1.026625E+7,    -1.024604E-4,    -2.923608E-4
1.027250E+7,    -7.793307E-5,    -3.270209E-4
1.027875E+7,    -9.852648E-5,    -3.174245E-4
1.028500E+7,    -8.445978E-5,    -3.084242E-4
1.029125E+7,    -7.712841E-5,    -3.053546E-4
1.029750E+7,    -9.086728E-5,    -2.928674E-4
1.030375E+7,    -9.277463E-5,    -3.073215E-4
1.031000E+7,    -8.738041E-5,    -3.109574E-4
1.031625E+7,    -9.647012E-5,    -3.238618E-4
1.032250E+7,    -8.428097E-5,    -3.254414E-4
1.032875E+7,    -9.673834E-5,    -3.167689E-4
1.033500E+7,    -8.326769E-5,    -3.149807E-4
1.034125E+7,    -1.037419E-4,    -3.011227E-4
1.034750E+7,    -9.927154E-5,    -3.119707E-4
1.035375E+7,    -1.010001E-4,    -3.193617E-4
1.036000E+7,    -9.629130E-5,    -2.876520E-4
1.036625E+7,    -9.503961E-5,    -3.201067E-4
1.037250E+7,    -7.507205E-5,    -3.261566E-4
1.037875E+7,    -9.158254E-5,    -3.346801E-4
1.038500E+7,    -8.600950E-5,    -3.423691E-4
1.039125E+7,    -8.350611E-5,    -3.249347E-4
1.039750E+7,    -1.125038E-4,    -3.169179E-4
1.040375E+7,    -8.821487E-5,    -3.422797E-4
1.041000E+7,    -9.337068E-5,    -3.232360E-4
1.041625E+7,    -9.706616E-5,    -3.440380E-4
1.042250E+7,    -8.720160E-5,    -3.242195E-4
1.042875E+7,    -1.159310E-4,    -3.194511E-4
1.043500E+7,    -1.035035E-4,    -3.287494E-4
1.044125E+7,    -1.261830E-4,    -3.321469E-4
1.044750E+7,    -1.040101E-4,    -3.172457E-4
1.045375E+7,    -1.139343E-4,    -3.305376E-4
1.046000E+7,    -1.078546E-4,    -3.346205E-4
1.046625E+7,    -1.026988E-4,    -3.392994E-4
1.047250E+7,    -1.080334E-4,    -3.272891E-4
1.047875E+7,    -1.100302E-4,    -3.303289E-4
1.048500E+7,    -1.019537E-4,    -3.282428E-4
1.049125E+7,    -1.062155E-4,    -3.453195E-4
1.049750E+7,    -1.036227E-4,    -3.241897E-4
1.050375E+7,    -1.218021E-4,    -3.387630E-4
1.051000E+7,    -1.054406E-4,    -3.269315E-4
1.051625E+7,    -1.094639E-4,    -3.408194E-4
1.052250E+7,    -1.134574E-4,    -3.581941E-4
1.052875E+7,    -1.067221E-4,    -3.593862E-4
1.053500E+7,    -1.175404E-4,    -3.389418E-4
1.054125E+7,    -1.018941E-4,    -3.312230E-4
1.054750E+7,    -1.097620E-4,    -3.658533E-4
1.055375E+7,    -1.060367E-4,    -3.409982E-4
1.056000E+7,    -1.340508E-4,    -3.353953E-4
1.056625E+7,    -1.257658E-4,    -3.582239E-4
1.057250E+7,    -1.100600E-4,    -3.511310E-4
1.057875E+7,    -1.266599E-4,    -3.544986E-4
1.058500E+7,    -1.113415E-4,    -3.468692E-4
1.059125E+7,    -9.816885E-5,    -3.498793E-4
1.059750E+7,    -1.221001E-4,    -3.552139E-4
1.060375E+7,    -1.133382E-4,    -3.502071E-4
1.061000E+7,    -1.158416E-4,    -3.528893E-4
1.061625E+7,    -1.185238E-4,    -3.596842E-4
1.062250E+7,    -1.228750E-4,    -3.442168E-4
1.062875E+7,    -1.215935E-4,    -3.696084E-4
1.063500E+7,    -1.333952E-4,    -3.558397E-4
1.064125E+7,    -1.053810E-4,    -3.553629E-4
1.064750E+7,    -1.082122E-4,    -3.616810E-4
1.065375E+7,    -1.266003E-4,    -3.715754E-4
1.066000E+7,    -1.163483E-4,    -3.599226E-4
1.066625E+7,    -1.246929E-4,    -3.907681E-4
1.067250E+7,    -9.426475E-5,    -3.836155E-4
1.067875E+7,    -1.361966E-4,    -3.768802E-4
1.068500E+7,    -1.138449E-4,    -3.673434E-4
1.069125E+7,    -1.592040E-4,    -3.636479E-4
1.069750E+7,    -1.248717E-4,    -3.724098E-4
1.070375E+7,    -1.049638E-4,    -3.808737E-4
1.071000E+7,    -1.336932E-4,    -3.737211E-4
1.071625E+7,    -1.149178E-4,    -3.817081E-4
1.072250E+7,    -1.518130E-4,    -3.796816E-4
1.072875E+7,    -1.367331E-4,    -3.724098E-4
1.073500E+7,    -1.392365E-4,    -3.826618E-4
1.074125E+7,    -1.332164E-4,    -3.840327E-4
1.074750E+7,    -1.581907E-4,    -3.920794E-4
1.075375E+7,    -1.210570E-4,    -3.840327E-4
1.076000E+7,    -1.381040E-4,    -3.899336E-4
1.076625E+7,    -1.459122E-4,    -3.874898E-4
1.077250E+7,    -1.526475E-4,    -3.856421E-4
1.077875E+7,    -1.428723E-4,    -4.034638E-4
1.078500E+7,    -1.437068E-4,    -3.769398E-4
1.079125E+7,    -1.404881E-4,    -4.118085E-4
1.079750E+7,    -1.541972E-4,    -3.994107E-4
1.080375E+7,    -1.365542E-4,    -3.861785E-4
1.081000E+7,    -1.449585E-4,    -3.879070E-4
1.081625E+7,    -1.438856E-4,    -4.067421E-4
1.082250E+7,    -1.338720E-4,    -3.948212E-4
1.082875E+7,    -1.601577E-4,    -4.051924E-4
1.083500E+7,    -1.370907E-4,    -4.010201E-4
1.084125E+7,    -1.499057E-4,    -3.899932E-4
1.084750E+7,    -1.451373E-4,    -3.950000E-4
1.085375E+7,    -1.695156E-4,    -4.242659E-4
1.086000E+7,    -1.478195E-4,    -3.976822E-4
1.086625E+7,    -1.563430E-4,    -3.983378E-4
1.087250E+7,    -1.496673E-4,    -3.973842E-4
1.087875E+7,    -1.680851E-4,    -4.063845E-4
1.088500E+7,    -1.580119E-4,    -4.169941E-4
1.089125E+7,    -1.750588E-4,    -4.225373E-4
1.089750E+7,    -1.688600E-4,    -4.020333E-4
1.090375E+7,    -1.502633E-4,    -4.085898E-4
1.091000E+7,    -1.547933E-4,    -4.215240E-4
1.091625E+7,    -1.526475E-4,    -4.297495E-4
1.092250E+7,    -1.657009E-4,    -4.218817E-4
1.092875E+7,    -1.643896E-4,    -4.144311E-4
1.093500E+7,    -1.499057E-4,    -4.346967E-4
1.094125E+7,    -1.842976E-4,    -4.225373E-4
1.094750E+7,    -1.367331E-4,    -4.354119E-4
1.095375E+7,    -1.571774E-4,    -4.056692E-4
1.096000E+7,    -1.917481E-4,    -4.349351E-4
1.096625E+7,    -1.662970E-4,    -4.249811E-4
1.097250E+7,    -1.665354E-4,    -4.213452E-4
1.097875E+7,    -1.687407E-4,    -4.242063E-4
1.098500E+7,    -1.701117E-4,    -4.242063E-4
1.099125E+7,    -1.721382E-4,    -4.310012E-4
1.099750E+7,    -1.468062E-4,    -4.211664E-4
1.100375E+7,    -1.797676E-4,    -4.431605E-4
1.101000E+7,    -1.647472E-4,    -4.411936E-4
1.101625E+7,    -1.756549E-4,    -4.480481E-4
1.102250E+7,    -1.823902E-4,    -4.414916E-4
1.102875E+7,    -1.699924E-4,    -4.657507E-4
1.103500E+7,    -1.862645E-4,    -4.251003E-4
1.104125E+7,    -1.938343E-4,    -4.639626E-4
1.104750E+7,    -1.775622E-4,    -4.366040E-4
1.105375E+7,    -1.711845E-4,    -4.382730E-4
1.106000E+7,    -1.511574E-4,    -4.428029E-4
1.106625E+7,    -2.017021E-4,    -4.530549E-4
1.107250E+7,    -1.913905E-4,    -4.615784E-4
1.107875E+7,    -1.848936E-4,    -4.602671E-4
1.108500E+7,    -1.976490E-4,    -4.673600E-4
1.109125E+7,    -1.837015E-4,    -4.531741E-4
1.109750E+7,    -1.910925E-4,    -4.695654E-4
1.110375E+7,    -2.232790E-4,    -4.680753E-4
1.111000E+7,    -1.843572E-4,    -4.804730E-4
1.111625E+7,    -1.954436E-4,    -4.873872E-4
1.112250E+7,    -1.686215E-4,    -4.763007E-4
1.112875E+7,    -1.814961E-4,    -4.861951E-4
1.113500E+7,    -1.944900E-4,    -4.424453E-4
1.114125E+7,    -2.256632E-4,    -4.759431E-4
1.114750E+7,    -1.931787E-4,    -4.866719E-4
1.115375E+7,    -1.903176E-4,    -4.761815E-4
1.116000E+7,    -2.096295E-4,    -4.820228E-4
1.116625E+7,    -2.053380E-4,    -4.891157E-4
1.117250E+7,    -1.949668E-4,    -4.779696E-4
1.117875E+7,    -2.157092E-4,    -5.074739E-4
1.118500E+7,    -1.943707E-4,    -4.907846E-4
1.119125E+7,    -1.924038E-4,    -5.202293E-4
1.119750E+7,    -2.045035E-4,    -5.047321E-4
1.120375E+7,    -2.206564E-4,    -5.000830E-4
1.121000E+7,    -2.240539E-4,    -5.114675E-4
1.121625E+7,    -2.348423E-4,    -5.453229E-4
1.122250E+7,    -2.412796E-4,    -5.522966E-4
1.122875E+7,    -2.683401E-4,    -5.928278E-4
1.123500E+7,    -2.402067E-4,    -6.563067E-4
1.124125E+7,    -2.633929E-4,    -6.444454E-4
1.124750E+7,    -2.554059E-4,    -6.594658E-4
1.125375E+7,    -2.651811E-4,    -6.308556E-4
1.126000E+7,    -2.416372E-4,    -6.623268E-4
1.126625E+7,    -2.369285E-4,    -6.301999E-4
1.127250E+7,    -2.775788E-4,    -6.626248E-4
1.127875E+7,    -2.623200E-4,    -6.300211E-4
1.128500E+7,    -2.757311E-4,    -6.382465E-4
1.129125E+7,    -2.530813E-4,    -6.037951E-4
1.129750E+7,    -2.485514E-4,    -5.612373E-4
1.130375E+7,    -2.703667E-4,    -5.733967E-4
1.131000E+7,    -2.585053E-4,    -6.034374E-4
1.131625E+7,    -2.759695E-4,    -5.971193E-4
1.132250E+7,    -2.800226E-4,    -6.530881E-4
1.132875E+7,    -2.819896E-4,    -6.282330E-4
1.133500E+7,    -2.568364E-4,    -6.517172E-4
1.134125E+7,    -2.744794E-4,    -6.033182E-4
1.134750E+7,    -2.665520E-4,    -6.330013E-4
1.135375E+7,    -2.644658E-4,    -6.119013E-4
1.136000E+7,    -2.814531E-4,    -5.893707E-4
1.136625E+7,    -2.770424E-4,    -6.068349E-4
1.137250E+7,    -3.125668E-4,    -6.570816E-4
1.137875E+7,    -2.899170E-4,    -6.277561E-4
1.138500E+7,    -2.937913E-4,    -6.611943E-4
1.139125E+7,    -2.722144E-4,    -6.420612E-4
1.139750E+7,    -2.846122E-4,    -6.075501E-4
1.140375E+7,    -2.679825E-4,    -6.113052E-4
1.141000E+7,    -2.685785E-4,    -6.002188E-4
1.141625E+7,    -2.494454E-4,    -6.158948E-4
1.142250E+7,    -2.693534E-4,    -6.338954E-4
1.142875E+7,    -2.672672E-4,    -6.535053E-4
1.143500E+7,    -2.883077E-4,    -6.110668E-4
1.144125E+7,    -2.960563E-4,    -6.448627E-4
1.144750E+7,    -2.861619E-4,    -6.664395E-4
1.145375E+7,    -3.145933E-4,    -6.790161E-4
1.146000E+7,    -3.159046E-4,    -6.856918E-4
1.146625E+7,    -3.368855E-4,    -7.201433E-4
1.147250E+7,    -2.981424E-4,    -7.252693E-4
1.147875E+7,    -3.225803E-4,    -6.669760E-4
1.148500E+7,    -3.355742E-4,    -6.664991E-4
1.149125E+7,    -3.383160E-4,    -7.575750E-4
1.149750E+7,    -3.261566E-4,    -7.688999E-4
1.150375E+7,    -3.089905E-4,    -7.733107E-4
1.151000E+7,    -3.771782E-4,    -7.660389E-4
1.151625E+7,    -3.567934E-4,    -7.616282E-4
1.152250E+7,    -3.551245E-4,    -7.587671E-4
1.152875E+7,    -3.230572E-4,    -7.405281E-4
1.153500E+7,    -3.377199E-4,    -6.905794E-4
1.154125E+7,    -3.598928E-4,    -7.795095E-4
1.154750E+7,    -3.699064E-4,    -8.143187E-4
1.155375E+7,    -3.511906E-4,    -7.601976E-4
1.156000E+7,    -3.648996E-4,    -8.956194E-4
1.156625E+7,    -3.632307E-4,    -8.921623E-4
1.157250E+7,    -3.674030E-4,    -8.975267E-4
1.157875E+7,    -4.503727E-4,    -8.778572E-4
1.158500E+7,    -4.423857E-4,    -1.021624E-3
1.159125E+7,    -3.911257E-4,    -8.672476E-4
1.159750E+7,    -3.225803E-4,    -8.676052E-4
1.160375E+7,    -4.554987E-4,    -9.232759E-4
1.161000E+7,    -3.962517E-4,    -9.236336E-4
1.161625E+7,    -4.576445E-4,    -9.974241E-4
1.162250E+7,    -4.410744E-4,    -1.051903E-3
1.162875E+7,    -4.006624E-4,    -1.273751E-3
1.163500E+7,    -3.283024E-4,    -1.402497E-3
1.164125E+7,    -1.136065E-4,    -1.554489E-3
1.164750E+7,    1.915693E-4,    -1.774311E-3
1.165375E+7,    9.059906E-6,    -1.696587E-3
1.166000E+7,    3.372431E-4,    -1.612306E-3
1.166625E+7,    7.189512E-4,    -1.688600E-3
1.167250E+7,    8.572340E-4,    -1.489520E-3
1.167875E+7,    8.244514E-4,    -1.519799E-3
1.168500E+7,    8.709431E-4,    -1.566172E-3
1.169125E+7,    8.727312E-4,    -1.539230E-3
1.169750E+7,    8.763075E-4,    -1.519561E-3
1.170375E+7,    9.028912E-4,    -1.589060E-3
1.171000E+7,    8.972883E-4,    -1.544118E-3
1.171625E+7,    9.064674E-4,    -1.538038E-3
1.172250E+7,    9.263754E-4,    -1.550078E-3
1.172875E+7,    9.065866E-4,    -1.560807E-3
1.173500E+7,    9.510517E-4,    -1.584291E-3
1.174125E+7,    8.943081E-4,    -1.578927E-3
1.174750E+7,    8.976460E-4,    -1.604557E-3
1.175375E+7,    8.926392E-4,    -1.612782E-3
1.176000E+7,    9.574890E-4,    -1.615167E-3
1.176625E+7,    9.263754E-4,    -1.670122E-3
1.177250E+7,    9.394884E-4,    -1.676321E-3
1.177875E+7,    9.258986E-4,    -1.691699E-3
1.178500E+7,    9.808540E-4,    -1.635432E-3
1.179125E+7,    9.477139E-4,    -1.744986E-3
1.179750E+7,    9.126663E-4,    -1.749396E-3
1.180375E+7,    9.056330E-4,    -1.739979E-3
1.181000E+7,    9.336472E-4,    -1.702189E-3
1.181625E+7,    9.315014E-4,    -1.726627E-3
1.182250E+7,    9.198189E-4,    -1.809120E-3
1.182875E+7,    9.236336E-4,    -1.838088E-3
1.183500E+7,    9.618998E-4,    -1.799822E-3
1.184125E+7,    1.004338E-3,    -1.821756E-3
1.184750E+7,    9.601116E-4,    -1.814365E-3
1.185375E+7,    9.727478E-4,    -1.840353E-3
1.186000E+7,    9.682178E-4,    -1.833200E-3
1.186625E+7,    1.025081E-3,    -1.860857E-3
1.187250E+7,    9.922981E-4,    -1.870632E-3
1.187875E+7,    1.027703E-3,    -1.937032E-3
1.188500E+7,    9.980202E-4,    -1.917243E-3
1.189125E+7,    1.041174E-3,    -1.933813E-3
1.189750E+7,    9.964705E-4,    -1.912475E-3
1.190375E+7,    1.035571E-3,    -1.943231E-3
1.191000E+7,    1.057863E-3,    -1.982689E-3
1.191625E+7,    1.065731E-3,    -1.991987E-3
1.192250E+7,    1.077890E-3,    -1.975298E-3
1.192875E+7,    1.034975E-3,    -2.042294E-3
1.193500E+7,    1.056671E-3,    -2.029419E-3
1.194125E+7,    1.073837E-3,    -2.040386E-3
1.194750E+7,    1.008034E-3,    -2.030849E-3
1.195375E+7,    1.026869E-3,    -2.111197E-3
1.196000E+7,    1.089811E-3,    -2.053499E-3
1.196625E+7,    1.058102E-3,    -2.079248E-3
1.197250E+7,    1.039505E-3,    -2.110481E-3
1.197875E+7,    1.041651E-3,    -2.135992E-3
1.198500E+7,    1.062632E-3,    -2.181768E-3
1.199125E+7,    1.067638E-3,    -2.190590E-3
1.199750E+7,    1.004696E-3,    -2.156496E-3
1.200375E+7,    1.096964E-3,    -2.185345E-3
1.201000E+7,    1.053810E-3,    -2.246141E-3
1.201625E+7,    1.046896E-3,    -2.232075E-3
1.202250E+7,    1.045465E-3,    -2.228022E-3
1.202875E+7,    1.038313E-3,    -2.296925E-3
1.203500E+7,    1.061440E-3,    -2.248049E-3
1.204125E+7,    1.017094E-3,    -2.283335E-3
1.204750E+7,    1.052380E-3,    -2.293825E-3
1.205375E+7,    1.103163E-3,    -2.324581E-3
1.206000E+7,    1.060724E-3,    -2.254486E-3
1.206625E+7,    1.134872E-3,    -2.383471E-3
1.207250E+7,    1.114845E-3,    -2.412081E-3
1.207875E+7,    1.076460E-3,    -2.370119E-3
1.208500E+7,    1.060247E-3,    -2.370358E-3
1.209125E+7,    1.052618E-3,    -2.385855E-3
1.209750E+7,    1.050472E-3,    -2.339840E-3
1.210375E+7,    1.050711E-3,    -2.379656E-3
1.211000E+7,    1.096010E-3,    -2.424717E-3
1.211625E+7,    1.060724E-3,    -2.441645E-3
1.212250E+7,    1.119375E-3,    -2.524853E-3
1.212875E+7,    1.089573E-3,    -2.495766E-3
1.213500E+7,    1.093626E-3,    -2.516270E-3
1.214125E+7,    1.145601E-3,    -2.536774E-3
1.214750E+7,    1.074791E-3,    -2.516985E-3
1.215375E+7,    1.155853E-3,    -2.575397E-3
1.216000E+7,    1.140594E-3,    -2.609968E-3
1.216625E+7,    1.124144E-3,    -2.608538E-3
1.217250E+7,    1.168966E-3,    -2.654314E-3
1.217875E+7,    1.170635E-3,    -2.674103E-3
1.218500E+7,    1.190901E-3,    -2.679825E-3
1.219125E+7,    1.125813E-3,    -2.718449E-3
1.219750E+7,    1.187325E-3,    -2.683640E-3
1.220375E+7,    1.187086E-3,    -2.726078E-3
1.221000E+7,    1.250267E-3,    -2.744198E-3
1.221625E+7,    1.183748E-3,    -2.778769E-3
1.222250E+7,    1.186848E-3,    -2.811909E-3
1.222875E+7,    1.189232E-3,    -2.885580E-3
1.223500E+7,    1.163006E-3,    -2.873182E-3
1.224125E+7,    1.234055E-3,    -2.902269E-3
1.224750E+7,    1.252890E-3,    -2.949715E-3
1.225375E+7,    1.261950E-3,    -2.947092E-3
1.226000E+7,    1.213074E-3,    -2.979517E-3
1.226625E+7,    1.187325E-3,    -2.948284E-3
1.227250E+7,    1.216888E-3,    -2.998352E-3
1.227875E+7,    1.303196E-3,    -3.048658E-3
1.228500E+7,    1.244783E-3,    -3.072739E-3
1.229125E+7,    1.260519E-3,    -3.144979E-3
1.229750E+7,    1.259804E-3,    -3.186464E-3
1.230375E+7,    1.292706E-3,    -3.178358E-3
1.231000E+7,    1.305342E-3,    -3.168821E-3
1.231625E+7,    1.325130E-3,    -3.202915E-3
1.232250E+7,    1.353979E-3,    -3.270626E-3
1.232875E+7,    1.316547E-3,    -3.323078E-3
1.233500E+7,    1.317501E-3,    -3.348112E-3
1.234125E+7,    1.359463E-3,    -3.330231E-3
1.234750E+7,    1.342058E-3,    -3.368855E-3
1.235375E+7,    1.376390E-3,    -3.435135E-3
1.236000E+7,    1.381874E-3,    -3.458500E-3
1.236625E+7,    1.400232E-3,    -3.495693E-3
1.237250E+7,    1.342773E-3,    -3.515482E-3
1.237875E+7,    1.376152E-3,    -3.589392E-3
1.238500E+7,    1.420021E-3,    -3.594398E-3
1.239125E+7,    1.414299E-3,    -3.648281E-3
1.239750E+7,    1.429796E-3,    -3.640175E-3
1.240375E+7,    1.467228E-3,    -3.709078E-3
1.241000E+7,    1.438379E-3,    -3.707647E-3
1.241625E+7,    1.438856E-3,    -3.789425E-3
1.242250E+7,    1.475096E-3,    -3.818750E-3
1.242875E+7,    1.520395E-3,    -3.877163E-3
1.243500E+7,    1.467705E-3,    -3.920078E-3
1.244125E+7,    1.514435E-3,    -3.961563E-3
1.244750E+7,    1.537323E-3,    -3.989697E-3
1.245375E+7,    1.546860E-3,    -4.024029E-3
1.246000E+7,    1.584053E-3,    -4.043579E-3
1.246625E+7,    1.596451E-3,    -4.093647E-3
1.247250E+7,    1.622677E-3,    -4.172802E-3
1.247875E+7,    1.658916E-3,    -4.181862E-3
1.248500E+7,    1.605988E-3,    -4.258633E-3
1.249125E+7,    1.667976E-3,    -4.288197E-3
1.249750E+7,    1.694202E-3,    -4.350662E-3
1.250375E+7,    1.711845E-3,    -4.414558E-3
1.251000E+7,    1.697540E-3,    -4.432201E-3
1.251625E+7,    1.801968E-3,    -4.499435E-3
1.252250E+7,    1.715183E-3,    -4.499912E-3
1.252875E+7,    1.779556E-3,    -4.638672E-3
1.253500E+7,    1.783848E-3,    -4.641533E-3
1.254125E+7,    1.834869E-3,    -4.734039E-3
1.254750E+7,    1.817226E-3,    -4.754543E-3
1.255375E+7,    1.856804E-3,    -4.826069E-3
1.256000E+7,    1.854420E-3,    -4.933357E-3
1.256625E+7,    1.910686E-3,    -4.953384E-3
1.257250E+7,    1.892567E-3,    -5.044460E-3
1.257875E+7,    1.904488E-3,    -5.101204E-3
1.258500E+7,    1.945496E-3,    -5.141258E-3
1.259125E+7,    1.992702E-3,    -5.259514E-3
1.259750E+7,    1.961231E-3,    -5.309582E-3
1.260375E+7,    2.014637E-3,    -5.387306E-3
1.261000E+7,    2.063751E-3,    -5.452633E-3
1.261625E+7,    2.065182E-3,    -5.599022E-3
1.262250E+7,    2.064705E-3,    -5.583763E-3
1.262875E+7,    1.930237E-3,    -5.868435E-3
1.263500E+7,    2.099991E-3,    -5.731583E-3
1.264125E+7,    2.157211E-3,    -5.868435E-3
1.264750E+7,    2.188206E-3,    -5.993366E-3
1.265375E+7,    2.178192E-3,    -6.007671E-3
1.266000E+7,    2.108574E-3,    -6.174088E-3
1.266625E+7,    2.225399E-3,    -6.203175E-3
1.267250E+7,    7.824898E-4,    -6.758213E-3
1.267875E+7,    1.508236E-3,    -6.766796E-3
1.268500E+7,    8.506775E-4,    -7.110596E-3
1.269125E+7,    1.666546E-3,    -7.022858E-3
1.269750E+7,    2.383709E-3,    -6.530762E-3
1.270375E+7,    1.215935E-4,    -6.810665E-3
1.271000E+7,    8.511543E-4,    -7.836342E-3
1.271625E+7,    2.439499E-3,    -6.914139E-3
1.272250E+7,    2.519131E-3,    -7.031441E-3
1.272875E+7,    2.575397E-3,    -7.181168E-3
1.273500E+7,    2.515793E-3,    -7.435799E-3
1.274125E+7,    2.542496E-3,    -7.448673E-3
1.274750E+7,    2.576828E-3,    -7.719517E-3
1.275375E+7,    2.666712E-3,    -7.640600E-3
1.276000E+7,    2.306461E-3,    -7.924080E-3
1.276625E+7,    1.296520E-3,    -8.181572E-3
1.277250E+7,    -1.391649E-3,    -6.015539E-3
1.277875E+7,    -2.201557E-3,    -7.577419E-3
1.278500E+7,    -9.593964E-4,    -8.936882E-3
1.279125E+7,    2.884865E-4,    -9.354115E-3
1.279750E+7,    2.201080E-3,    -8.771896E-3
1.280375E+7,    -8.611679E-4,    -8.607864E-3
1.281000E+7,    -3.098965E-3,    -7.424831E-3
1.281625E+7,    -2.444267E-3,    -9.848595E-3
1.282250E+7,    -2.617836E-3,    -9.787083E-3
1.282875E+7,    9.884834E-4,    -9.983540E-3
1.283500E+7,    -3.951073E-3,    -8.496761E-3
1.284125E+7,    2.855778E-3,    -1.071882E-2
1.284750E+7,    3.235340E-3,    -1.041842E-2
1.285375E+7,    2.486229E-3,    -1.110601E-2
1.286000E+7,    2.563000E-3,    -1.106215E-2
1.286625E+7,    2.487183E-3,    -1.161671E-2
1.287250E+7,    2.927780E-3,    -1.157951E-2
1.287875E+7,    3.456116E-3,    -1.138115E-2
1.288500E+7,    2.845764E-3,    -1.150894E-2
1.289125E+7,    2.084255E-3,    -1.270342E-2
1.289750E+7,    3.380775E-4,    -1.283646E-2
1.290375E+7,    2.532482E-3,    -1.252365E-2
1.291000E+7,    1.637459E-3,    -1.302671E-2
1.291625E+7,    1.038551E-3,    -1.391602E-2
1.292250E+7,    -5.373955E-4,    -1.228762E-2
1.292875E+7,    4.453659E-4,    -1.364994E-2
1.293500E+7,    -4.889488E-3,    -1.158428E-2
1.294125E+7,    -3.321648E-3,    -1.274490E-2
1.294750E+7,    -4.911900E-3,    -9.985447E-3
1.295375E+7,    -5.006313E-3,    -6.606579E-3
1.296000E+7,    -4.338264E-3,    -5.038738E-3
1.296625E+7,    -4.273415E-3,    -4.797935E-3
1.297250E+7,    -4.407883E-3,    -4.942894E-3
1.297875E+7,    -4.494190E-3,    -5.010128E-3
1.298500E+7,    -4.563808E-3,    -5.044937E-3
1.299125E+7,    -4.660606E-3,    -5.149841E-3
1.299750E+7,    -4.783154E-3,    -5.226135E-3
1.300375E+7,    -4.877567E-3,    -5.362511E-3
1.301000E+7,    -5.019188E-3,    -5.448818E-3
1.301625E+7,    -5.123138E-3,    -5.518436E-3
1.302250E+7,    -5.262852E-3,    -5.664349E-3
1.302875E+7,    -5.415440E-3,    -5.769730E-3
1.303500E+7,    -5.538940E-3,    -5.897045E-3
1.304125E+7,    -5.682945E-3,    -5.974770E-3
1.304750E+7,    -5.843639E-3,    -6.117821E-3
1.305375E+7,    -5.983353E-3,    -6.242752E-3
1.306000E+7,    -6.132603E-3,    -6.322861E-3
1.306625E+7,    -6.326199E-3,    -6.471157E-3
1.307250E+7,    -6.476879E-3,    -6.604195E-3
1.307875E+7,    -6.713867E-3,    -6.792068E-3
1.308500E+7,    -6.926060E-3,    -6.899834E-3
1.309125E+7,    -7.115841E-3,    -7.089138E-3
1.309750E+7,    -7.314205E-3,    -7.211685E-3
1.310375E+7,    -7.536888E-3,    -7.374287E-3
1.311000E+7,    -7.776260E-3,    -7.534504E-3
1.311625E+7,    -8.045197E-3,    -7.712364E-3
1.312250E+7,    -8.293152E-3,    -7.924080E-3
1.312875E+7,    -8.606911E-3,    -8.129120E-3
1.313500E+7,    -8.916855E-3,    -8.335114E-3
1.314125E+7,    -9.175301E-3,    -8.494377E-3
1.314750E+7,    -9.514809E-3,    -8.706093E-3
1.315375E+7,    -9.980202E-3,    -9.028435E-3
1.316000E+7,    -1.033783E-2,    -9.296417E-3
1.316625E+7,    -1.070118E-2,    -9.549141E-3
1.317250E+7,    -1.101208E-2,    -9.680748E-3
1.317875E+7,    -1.147842E-2,    -9.996414E-3
1.318500E+7,    -1.185226E-2,    -1.026630E-2
1.319125E+7,    -1.245499E-2,    -1.057529E-2
1.319750E+7,    -1.273251E-2,    -1.074028E-2
1.320375E+7,    -1.328945E-2,    -1.099491E-2
1.321000E+7,    -1.391125E-2,    -1.144409E-2
1.321625E+7,    -1.428032E-2,    -1.157665E-2
1.322250E+7,    -1.486111E-2,    -1.189804E-2
1.322875E+7,    -1.561642E-2,    -1.226807E-2
1.323500E+7,    -1.642799E-2,    -1.267147E-2
1.324125E+7,    -1.733303E-2,    -1.320076E-2
1.324750E+7,    -1.849747E-2,    -1.384926E-2
1.325375E+7,    -1.965332E-2,    -1.452637E-2
1.326000E+7,    -2.044106E-2,    -1.482010E-2
1.326625E+7,    -2.151108E-2,    -1.527977E-2
1.327250E+7,    -2.265167E-2,    -1.580429E-2
1.327875E+7,    -2.409744E-2,    -1.638794E-2
1.328500E+7,    -2.515411E-2,    -1.673508E-2
1.329125E+7,    -2.696228E-2,    -1.755524E-2
1.329750E+7,    -2.824974E-2,    -1.810646E-2
1.330375E+7,    -2.969170E-2,    -1.836967E-2
1.331000E+7,    -3.233528E-2,    -1.931190E-2
1.331625E+7,    -3.407288E-2,    -2.003288E-2
1.332250E+7,    -3.706360E-2,    -2.106285E-2
1.332875E+7,    -3.798294E-2,    -2.125931E-2
1.333500E+7,    -3.945923E-2,    -2.087402E-2
1.334125E+7,    -4.138374E-2,    -2.129555E-2
1.334750E+7,    -4.378128E-2,    -2.139282E-2
1.335375E+7,    -4.751587E-2,    -2.222443E-2
1.336000E+7,    -5.036163E-2,    -2.281952E-2
1.336625E+7,    -5.343628E-2,    -2.259445E-2
1.337250E+7,    -5.795288E-2,    -2.347565E-2
1.337875E+7,    -6.164932E-2,    -2.323532E-2
1.338500E+7,    -6.591034E-2,    -2.305603E-2
1.339125E+7,    -7.202148E-2,    -2.305984E-2
1.339750E+7,    -7.719803E-2,    -2.255249E-2
1.340375E+7,    -8.294296E-2,    -2.145004E-2
1.341000E+7,    -8.983612E-2,    -2.025223E-2
1.341625E+7,    -9.861755E-2,    -1.860046E-2
1.342250E+7,    -1.071815E-1,    -1.602936E-2
1.342875E+7,    -1.178360E-1,    -1.264954E-2
1.343500E+7,    -1.296005E-1,    -8.193970E-3
1.344125E+7,    -1.403503E-1,    -1.770020E-3
1.344750E+7,    -1.544113E-1,    6.881714E-3
1.345375E+7,    -1.689224E-1,    1.726532E-2
1.346000E+7,    -1.836472E-1,    3.160858E-2
1.346625E+7,    -2.005615E-1,    5.019379E-2
1.347250E+7,    -2.185287E-1,    7.441711E-2
1.347875E+7,    -2.320786E-1,    1.030807E-1
1.348500E+7,    -2.411041E-1,    1.387329E-1
1.349125E+7,    -2.467651E-1,    1.813660E-1
1.349750E+7,    -2.449570E-1,    2.325668E-1
1.350375E+7,    -2.331390E-1,    2.907104E-1
1.351000E+7,    -2.033997E-1,    3.465576E-1
1.351625E+7,    -1.563416E-1,    4.003143E-1
1.352250E+7,    -9.443665E-2,    4.462585E-1
1.352875E+7,    -1.812744E-2,    4.781799E-1
1.353500E+7,    6.661987E-2,    4.912109E-1
1.354125E+7,    1.544189E-1,    4.833984E-1
1.354750E+7,    2.400818E-1,    4.538269E-1
1.355375E+7,    3.170776E-1,    4.049072E-1
1.356000E+7,    3.792725E-1,    3.396606E-1
1.356625E+7,    4.221802E-1,    2.618408E-1
1.357250E+7,    4.460754E-1,    1.777954E-1
1.357875E+7,    4.500122E-1,    9.445190E-2
1.358500E+7,    4.335022E-1,    1.759338E-2
1.359125E+7,    4.013977E-1,    -4.785156E-2
1.359750E+7,    3.599243E-1,    -9.918213E-2
1.360375E+7,    3.130646E-1,    -1.349792E-1
1.361000E+7,    2.664490E-1,    -1.579742E-1
1.361625E+7,    2.226028E-1,    -1.695862E-1
1.362250E+7,    1.836548E-1,    -1.730576E-1
1.362875E+7,    1.499176E-1,    -1.711578E-1
1.363500E+7,    1.219482E-1,    -1.654358E-1
1.364125E+7,    9.855652E-2,    -1.574097E-1
1.364750E+7,    7.916260E-2,    -1.481781E-1
1.365375E+7,    6.346130E-2,    -1.387939E-1
1.366000E+7,    5.046082E-2,    -1.291962E-1
1.366625E+7,    4.003906E-2,    -1.199493E-1
1.367250E+7,    3.151703E-2,    -1.115494E-1
1.367875E+7,    2.445984E-2,    -1.034164E-1
1.368500E+7,    1.898956E-2,    -9.595490E-2
1.369125E+7,    1.422882E-2,    -8.865356E-2
1.369750E+7,    1.074219E-2,    -8.253479E-2
1.370375E+7,    7.507324E-3,    -7.665253E-2
1.371000E+7,    4.875183E-3,    -7.133484E-2
1.371625E+7,    2.891541E-3,    -6.661224E-2
1.372250E+7,    1.216888E-3,    -6.229019E-2
1.372875E+7,    -2.288818E-4,    -5.831146E-2
1.373500E+7,    -1.342773E-3,    -5.463028E-2
1.374125E+7,    -2.258301E-3,    -5.123901E-2
1.374750E+7,    -3.051758E-3,    -4.814529E-2
1.375375E+7,    -3.700256E-3,    -4.530334E-2
1.376000E+7,    -4.177094E-3,    -4.269028E-2
1.376625E+7,    -4.562378E-3,    -4.025269E-2
1.377250E+7,    -4.848480E-3,    -3.805161E-2
1.377875E+7,    -5.153656E-3,    -3.603745E-2
1.378500E+7,    -5.313873E-3,    -3.414154E-2
1.379125E+7,    -5.496979E-3,    -3.239822E-2
1.379750E+7,    -5.645752E-3,    -3.074646E-2
1.380375E+7,    -5.691528E-3,    -2.920914E-2
1.381000E+7,    -5.710602E-3,    -2.781677E-2
1.381625E+7,    -5.729675E-3,    -2.650833E-2
1.382250E+7,    -5.716324E-3,    -2.523613E-2
1.382875E+7,    -5.722046E-3,    -2.411079E-2
1.383500E+7,    -5.676270E-3,    -2.305603E-2
1.384125E+7,    -5.630493E-3,    -2.204132E-2
1.384750E+7,    -5.617142E-3,    -2.109528E-2
1.385375E+7,    -5.558014E-3,    -2.018547E-2
1.386000E+7,    -5.491257E-3,    -1.936150E-2
1.386625E+7,    -5.456924E-3,    -1.858521E-2
1.387250E+7,    -5.334854E-3,    -1.781273E-2
1.387875E+7,    -5.271912E-3,    -1.713371E-2
1.388500E+7,    -5.172729E-3,    -1.647758E-2
1.389125E+7,    -5.104065E-3,    -1.588821E-2
1.389750E+7,    -5.031586E-3,    -1.528549E-2
1.390375E+7,    -4.968643E-3,    -1.474190E-2
1.391000E+7,    -4.877090E-3,    -1.420021E-2
1.391625E+7,    -4.806519E-3,    -1.368904E-2
1.392250E+7,    -4.714966E-3,    -1.322365E-2
1.392875E+7,    -4.625320E-3,    -1.280594E-2
1.393500E+7,    -4.547119E-3,    -1.236343E-2
1.394125E+7,    -4.478455E-3,    -1.192474E-2
1.394750E+7,    -4.423141E-3,    -1.155663E-2
1.395375E+7,    -4.340172E-3,    -1.120377E-2
1.396000E+7,    -4.251480E-3,    -1.084995E-2
1.396625E+7,    -4.209518E-3,    -1.049519E-2
1.397250E+7,    -4.107475E-3,    -1.018143E-2
1.397875E+7,    -4.050255E-3,    -9.855270E-3
1.398500E+7,    -3.966331E-3,    -9.583473E-3
1.399125E+7,    -3.910065E-3,    -9.322166E-3
1.399750E+7,    -3.842354E-3,    -9.035110E-3
1.400375E+7,    -3.754616E-3,    -8.775711E-3
1.401000E+7,    -3.716469E-3,    -8.555412E-3
1.401625E+7,    -3.642082E-3,    -8.288383E-3
1.402250E+7,    -3.598213E-3,    -8.088112E-3
1.402875E+7,    -3.537178E-3,    -7.856369E-3
1.403500E+7,    -3.461838E-3,    -7.664680E-3
1.404125E+7,    -3.407478E-3,    -7.478714E-3
1.404750E+7,    -3.330231E-3,    -7.266045E-3
1.405375E+7,    -3.295898E-3,    -7.082939E-3
1.406000E+7,    -3.238678E-3,    -6.917953E-3
1.406625E+7,    -3.200531E-3,    -6.757736E-3
1.407250E+7,    -3.149033E-3,    -6.579399E-3
1.407875E+7,    -3.099442E-3,    -6.424904E-3
1.408500E+7,    -3.037930E-3,    -6.286621E-3
1.409125E+7,    -2.999783E-3,    -6.130695E-3
1.409750E+7,    -2.976894E-3,    -5.995750E-3
1.410375E+7,    -2.928257E-3,    -5.843639E-3
1.411000E+7,    -2.878666E-3,    -5.714417E-3
1.411625E+7,    -2.837181E-3,    -5.614281E-3
1.412250E+7,    -2.789974E-3,    -5.472660E-3
1.412875E+7,    -2.756119E-3,    -5.354404E-3
1.413500E+7,    -2.712727E-3,    -5.243778E-3
1.414125E+7,    -2.677202E-3,    -5.134583E-3
1.414750E+7,    -2.644062E-3,    -4.998207E-3
1.415375E+7,    -2.613783E-3,    -4.927635E-3
1.416000E+7,    -2.548456E-3,    -4.848957E-3
1.416625E+7,    -2.514839E-3,    -4.727125E-3
1.417250E+7,    -2.495527E-3,    -4.639626E-3
1.417875E+7,    -2.457380E-3,    -4.538059E-3
1.418500E+7,    -2.418995E-3,    -4.446030E-3
1.419125E+7,    -2.407789E-3,    -4.375458E-3
1.419750E+7,    -2.377272E-3,    -4.318953E-3
1.420375E+7,    -2.347469E-3,    -4.208088E-3
1.421000E+7,    -2.309084E-3,    -4.159451E-3
1.421625E+7,    -2.287865E-3,    -4.059553E-3
1.422250E+7,    -2.254963E-3,    -4.022837E-3
1.422875E+7,    -2.224445E-3,    -3.921747E-3
1.423500E+7,    -2.185345E-3,    -3.871679E-3
1.424125E+7,    -2.183199E-3,    -3.785610E-3
1.424750E+7,    -2.156973E-3,    -3.741980E-3
1.425375E+7,    -2.142429E-3,    -3.677845E-3
1.426000E+7,    -2.092361E-3,    -3.635168E-3
1.426625E+7,    -2.079964E-3,    -3.551960E-3
1.427250E+7,    -2.054453E-3,    -3.503561E-3
1.427875E+7,    -2.047777E-3,    -3.437996E-3
1.428500E+7,    -2.014399E-3,    -3.390074E-3
1.429125E+7,    -1.999617E-3,    -3.369093E-3
1.429750E+7,    -1.982689E-3,    -3.296852E-3
1.430375E+7,    -1.949072E-3,    -3.250360E-3
1.431000E+7,    -1.942873E-3,    -3.197193E-3
1.431625E+7,    -1.925468E-3,    -3.152132E-3
1.432250E+7,    -1.924992E-3,    -3.103733E-3
1.432875E+7,    -1.887798E-3,    -3.081083E-3
1.433500E+7,    -1.887321E-3,    -3.028870E-3
1.434125E+7,    -1.859426E-3,    -3.018141E-3
1.434750E+7,    -1.859665E-3,    -2.951145E-3
1.435375E+7,    -1.835823E-3,    -2.892017E-3
1.436000E+7,    -1.806498E-3,    -2.878666E-3
1.436625E+7,    -1.805544E-3,    -2.847672E-3
1.437250E+7,    -1.784801E-3,    -2.801418E-3
1.437875E+7,    -1.809359E-3,    -2.777338E-3
1.438500E+7,    -1.751661E-3,    -2.746344E-3
1.439125E+7,    -1.756430E-3,    -2.698183E-3
1.439750E+7,    -1.730919E-3,    -2.658129E-3
1.440375E+7,    -1.741171E-3,    -2.638578E-3
1.441000E+7,    -1.730442E-3,    -2.613544E-3
1.441625E+7,    -1.711845E-3,    -2.602577E-3
1.442250E+7,    -1.707077E-3,    -2.590179E-3
1.442875E+7,    -1.708508E-3,    -2.547264E-3
1.443500E+7,    -1.672268E-3,    -2.549648E-3
1.444125E+7,    -1.674891E-3,    -2.475500E-3
1.444750E+7,    -1.674414E-3,    -2.465725E-3
1.445375E+7,    -1.657009E-3,    -2.438545E-3
1.446000E+7,    -1.654148E-3,    -2.445936E-3
1.446625E+7,    -1.647711E-3,    -2.411842E-3
1.447250E+7,    -1.643419E-3,    -2.401114E-3
1.447875E+7,    -1.616597E-3,    -2.375722E-3
1.448500E+7,    -1.635909E-3,    -2.360940E-3
1.449125E+7,    -1.618743E-3,    -2.327323E-3
1.449750E+7,    -1.636624E-3,    -2.309680E-3
1.450375E+7,    -1.630425E-3,    -2.297759E-3
1.451000E+7,    -1.624584E-3,    -2.305508E-3
1.451625E+7,    -1.615167E-3,    -2.284765E-3
1.452250E+7,    -1.629353E-3,    -2.246976E-3
1.452875E+7,    -1.632571E-3,    -2.249599E-3
1.453500E+7,    -1.619697E-3,    -2.219915E-3
1.454125E+7,    -1.623750E-3,    -2.252698E-3
1.454750E+7,    -1.634240E-3,    -2.222419E-3
1.455375E+7,    -1.627803E-3,    -2.196550E-3
1.456000E+7,    -1.629233E-3,    -2.208829E-3
1.456625E+7,    -1.637220E-3,    -2.175689E-3
1.457250E+7,    -1.628160E-3,    -2.192259E-3
1.457875E+7,    -1.650214E-3,    -2.154946E-3
1.458500E+7,    -1.654387E-3,    -2.180696E-3
1.459125E+7,    -1.672506E-3,    -2.156377E-3
1.459750E+7,    -1.653671E-3,    -2.171159E-3
1.460375E+7,    -1.688361E-3,    -2.169728E-3
1.461000E+7,    -1.676440E-3,    -2.160907E-3
1.461625E+7,    -1.690745E-3,    -2.150655E-3
1.462250E+7,    -1.711369E-3,    -2.168059E-3
1.462875E+7,    -1.726508E-3,    -2.130628E-3
1.463500E+7,    -1.740694E-3,    -2.171993E-3
1.464125E+7,    -1.766205E-3,    -2.146959E-3
1.464750E+7,    -1.756430E-3,    -2.138972E-3
1.465375E+7,    -1.807451E-3,    -2.174616E-3
1.466000E+7,    -1.824141E-3,    -2.198935E-3
1.466625E+7,    -1.851082E-3,    -2.169371E-3
1.467250E+7,    -1.868248E-3,    -2.191782E-3
1.467875E+7,    -1.892567E-3,    -2.192736E-3
1.468500E+7,    -1.914740E-3,    -2.216816E-3
1.469125E+7,    -1.958847E-3,    -2.218723E-3
1.469750E+7,    -1.993179E-3,    -2.258062E-3
1.470375E+7,    -2.039433E-3,    -2.266645E-3
1.471000E+7,    -2.088070E-3,    -2.278805E-3
1.471625E+7,    -2.143621E-3,    -2.300024E-3
1.472250E+7,    -2.203226E-3,    -2.315998E-3
1.472875E+7,    -2.253532E-3,    -2.323866E-3
1.473500E+7,    -2.303123E-3,    -2.363682E-3
1.474125E+7,    -2.398968E-3,    -2.375126E-3
1.474750E+7,    -2.467155E-3,    -2.398491E-3
1.475375E+7,    -2.563000E-3,    -2.464533E-3
1.476000E+7,    -2.663374E-3,    -2.480268E-3
1.476625E+7,    -2.771378E-3,    -2.525091E-3
1.477250E+7,    -2.882719E-3,    -2.539635E-3
1.477875E+7,    -3.026962E-3,    -2.602816E-3
1.478500E+7,    -3.197670E-3,    -2.645731E-3
1.479125E+7,    -3.387928E-3,    -2.683401E-3
1.479750E+7,    -3.596067E-3,    -2.708197E-3
1.480375E+7,    -3.856421E-3,    -2.734661E-3
1.481000E+7,    -4.112244E-3,    -2.747774E-3
1.481625E+7,    -4.445314E-3,    -2.763987E-3
1.482250E+7,    -4.826307E-3,    -2.731323E-3
1.482875E+7,    -5.287647E-3,    -2.685547E-3
1.483500E+7,    -5.790710E-3,    -2.552509E-3
1.484125E+7,    -6.434917E-3,    -2.350330E-3
1.484750E+7,    -7.153511E-3,    -2.007484E-3
1.485375E+7,    -7.918358E-3,    -1.408100E-3
1.486000E+7,    -8.679390E-3,    -5.297661E-4
1.486625E+7,    -9.338379E-3,    7.638931E-4
1.487250E+7,    -9.542465E-3,    2.480507E-3
1.487875E+7,    -9.176731E-3,    4.360676E-3
1.488500E+7,    -7.996559E-3,    6.052494E-3
1.489125E+7,    -6.370783E-3,    7.162094E-3
1.489750E+7,    -4.557610E-3,    7.531166E-3
1.490375E+7,    -3.003597E-3,    7.340670E-3
1.491000E+7,    -1.808643E-3,    6.797552E-3
1.491625E+7,    -9.610653E-4,    6.178617E-3
1.492250E+7,    -3.707409E-4,    5.516529E-3
1.492875E+7,    2.694130E-5,    4.937649E-3
1.493500E+7,    2.877712E-4,    4.392385E-3
1.494125E+7,    4.622936E-4,    3.941059E-3
1.494750E+7,    5.581379E-4,    3.525019E-3
1.495375E+7,    6.068945E-4,    3.176689E-3
1.496000E+7,    6.524324E-4,    2.889991E-3
1.496625E+7,    6.819963E-4,    2.616525E-3
1.497250E+7,    6.787777E-4,    2.396345E-3
1.497875E+7,    6.756783E-4,    2.198935E-3
1.498500E+7,    6.620884E-4,    2.008319E-3
1.499125E+7,    6.213188E-4,    1.873612E-3
1.499750E+7,    6.213188E-4,    1.733661E-3
1.500375E+7,    6.004572E-4,    1.619220E-3
1.501000E+7,    5.787611E-4,    1.503229E-3
1.501625E+7,    5.662441E-4,    1.382232E-3
1.502250E+7,    5.419850E-4,    1.297772E-3
1.502875E+7,    5.195737E-4,    1.202762E-3
1.503500E+7,    5.031824E-4,    1.148939E-3
1.504125E+7,    4.867911E-4,    1.084149E-3
1.504750E+7,    4.661083E-4,    1.005113E-3
1.505375E+7,    4.312992E-4,    9.429455E-4
1.506000E+7,    4.264712E-4,    8.764863E-4
1.506625E+7,    3.992915E-4,    8.402467E-4
1.507250E+7,    4.104376E-4,    8.034706E-4
1.507875E+7,    3.988147E-4,    7.663965E-4
1.508500E+7,    3.432631E-4,    7.012486E-4
1.509125E+7,    3.402233E-4,    6.620288E-4
1.509750E+7,    3.194511E-4,    6.392002E-4
1.510375E+7,    3.176630E-4,    6.079376E-4
1.511000E+7,    3.049374E-4,    6.142557E-4
1.511625E+7,    2.938807E-4,    5.701780E-4
1.512250E+7,    2.647340E-4,    5.269945E-4
1.512875E+7,    2.812445E-4,    5.174577E-4
1.513500E+7,    2.464354E-4,    4.602373E-4
1.514125E+7,    2.285540E-4,    4.288256E-4
1.514750E+7,    2.162457E-4,    4.354417E-4
1.515375E+7,    2.415776E-4,    4.224479E-4
1.516000E+7,    2.219379E-4,    4.084110E-4
1.516625E+7,    2.232194E-4,    3.992915E-4
1.517250E+7,    2.227128E-4,    3.744066E-4
1.517875E+7,    2.142489E-4,    3.703833E-4
1.518500E+7,    1.935959E-4,    3.234148E-4
1.519125E+7,    1.873821E-4,    3.097206E-4
1.519750E+7,    1.738966E-4,    2.920330E-4
1.520375E+7,    1.750886E-4,    2.921373E-4
1.521000E+7,    1.527220E-4,    2.880394E-4
1.521625E+7,    1.854002E-4,    2.960712E-4
1.522250E+7,    1.470000E-4,    2.516806E-4
1.522875E+7,    1.461655E-4,    2.781600E-4
1.523500E+7,    1.309067E-4,    2.348423E-4
1.524125E+7,    1.408160E-4,    2.288669E-4
1.524750E+7,    1.126975E-4,    2.381057E-4
1.525375E+7,    1.218468E-4,    2.151728E-4
1.526000E+7,    1.368672E-4,    1.889467E-4
1.526625E+7,    1.358688E-4,    2.003908E-4
1.527250E+7,    1.124144E-4,    1.889169E-4
1.527875E+7,    1.162440E-4,    1.786649E-4
1.528500E+7,    1.018643E-4,    1.618117E-4
1.529125E+7,    9.431690E-5,    1.491681E-4
1.529750E+7,    8.649379E-5,    1.359731E-4
1.530375E+7,    1.063347E-4,    1.593381E-4
1.531000E+7,    1.115501E-4,    1.297668E-4
1.531625E+7,    8.596480E-5,    1.540259E-4
1.532250E+7,    8.240342E-5,    1.191422E-4
1.532875E+7,    8.262694E-5,    1.186654E-4
1.533500E+7,    7.740408E-5,    1.161844E-4
1.534125E+7,    8.304417E-5,    1.324192E-4
1.534750E+7,    8.217990E-5,    1.154840E-4
1.535375E+7,    8.708239E-5,    1.343265E-4
1.536000E+7,    8.262694E-5,    1.146346E-4
1.536625E+7,    7.002056E-5,    1.235679E-4
1.537250E+7,    6.663054E-5,    7.488579E-5
1.537875E+7,    4.913658E-5,    1.289099E-4
1.538500E+7,    6.557256E-5,    9.993464E-5
1.539125E+7,    5.405396E-5,    1.071021E-4
1.539750E+7,    6.102771E-5,    7.171184E-5
1.540375E+7,    4.691631E-5,    9.313971E-5
1.541000E+7,    4.839897E-5,    8.098036E-5
1.541625E+7,    8.410215E-5,    8.828193E-5
1.542250E+7,    4.640967E-5,    9.168684E-5
1.542875E+7,    4.742295E-5,    6.538630E-5
1.543500E+7,    4.373491E-5,    4.578382E-5
1.544125E+7,    5.077571E-5,    8.971989E-5
1.544750E+7,    5.324185E-5,    7.814914E-5
1.545375E+7,    5.155802E-5,    1.132339E-4
1.546000E+7,    4.456565E-5,    6.626174E-5
1.546625E+7,    3.127381E-5,    8.184835E-5
1.547250E+7,    4.598871E-5,    6.062910E-5
1.547875E+7,    3.556162E-5,    4.663691E-5
1.548500E+7,    3.519654E-5,    4.516169E-5
1.549125E+7,    4.328042E-5,    6.281957E-5
1.549750E+7,    2.980977E-5,    4.403666E-5
1.550375E+7,    2.388656E-5,    6.154552E-5
1.551000E+7,    3.555790E-5,    5.206466E-5
1.551625E+7,    3.807619E-5,    4.773214E-5
1.552250E+7,    4.252419E-5,    4.021078E-5
1.552875E+7,    3.923103E-5,    5.517155E-5
1.553500E+7,    3.893301E-5,    4.122779E-5
1.554125E+7,    2.910011E-5,    3.404729E-5
1.554750E+7,    1.500174E-5,    4.561804E-5
1.555375E+7,    3.550947E-5,    2.640486E-5
1.556000E+7,    2.159365E-5,    3.503449E-5
1.556625E+7,    2.223998E-5,    7.279962E-5
1.557250E+7,    5.649030E-5,    5.359948E-5
1.557875E+7,    3.398396E-5,    1.869723E-5
1.558500E+7,    7.512048E-6,    1.505576E-5
1.559125E+7,    1.749583E-5,    3.887899E-5
1.559750E+7,    2.515875E-5,    1.033023E-5
1.560375E+7,    4.010648E-5,    3.964081E-5
1.561000E+7,    -4.461035E-6,    2.556574E-5
1.561625E+7,    1.024455E-5,    2.383627E-5
1.562250E+7,    2.514571E-5,    9.948388E-6
1.562875E+7,    4.815869E-6,    1.764856E-5
1.563500E+7,    1.546368E-5,    2.888590E-5
1.564125E+7,    -1.100451E-5,    -5.261973E-7
1.564750E+7,    1.085829E-5,    4.856847E-7
1.565375E+7,    1.553446E-6,    3.015995E-5
1.566000E+7,    2.636574E-5,    1.732074E-5
1.566625E+7,    5.266163E-6,    5.640090E-6
1.567250E+7,    1.730397E-6,    3.001094E-5
1.567875E+7,    -1.361081E-5,    2.332497E-6
1.568500E+7,    1.385575E-5,    -1.319125E-5
1.569125E+7,    2.118386E-5,    2.207607E-5
1.569750E+7,    1.867115E-5,    1.380779E-5
1.570375E+7,    5.304813E-6,    5.480368E-6
1.571000E+7,    -5.587004E-6,    1.603179E-5
1.571625E+7,    5.300157E-6,    5.422626E-6
1.572250E+7,    -5.354173E-6,    -5.412381E-6
1.572875E+7,    1.073349E-5,    1.078844E-5
1.573500E+7,    2.681278E-5,    1.608953E-5
1.574125E+7,    2.002344E-8,    1.069391E-5
1.574750E+7,    1.338217E-5,    -2.764165E-6
1.575375E+7,    -2.535526E-6,    1.342176E-5
1.576000E+7,    -1.334725E-5,    2.849381E-6
1.576625E+7,    1.073955E-5,    -1.536682E-7
1.577250E+7,    1.335284E-5,    -2.922025E-6
1.577875E+7,    -4.992820E-6,    1.619570E-5
1.578500E+7,    -8.110423E-6,    -2.484769E-6
1.579125E+7,    2.174266E-5,    1.010858E-5
1.579750E+7,    2.924819E-6,    7.936265E-6
1.580375E+7,    -2.137478E-5,    7.208437E-7
1.581000E+7,    1.107343E-5,    1.027528E-5
1.581625E+7,    1.704507E-5,    2.598017E-5
1.582250E+7,    2.130773E-5,    -9.862706E-7
1.582875E+7,    -5.052891E-6,    5.575595E-6
1.583500E+7,    -8.122995E-6,    -2.244487E-6
1.584125E+7,    6.183051E-6,    1.568627E-5
1.584750E+7,    1.878571E-5,    1.600944E-6
1.585375E+7,    -9.966083E-6,    1.127785E-5
1.586000E+7,    3.157184E-6,    7.800758E-6
1.586625E+7,    1.697615E-5,    1.488440E-5
1.587250E+7,    4.399681E-11,    6.312746E-10
1.587875E+7,    -1.509674E-6,    -2.122484E-5
1.588500E+7,    -1.630280E-5,    -4.099682E-6
1.589125E+7,    -5.714595E-6,    -4.878733E-6
1.589750E+7,    2.424931E-6,    -2.862886E-6
1.590375E+7,    4.249625E-6,    1.826696E-5
1.591000E+7,    -8.176547E-6,    -1.920853E-6
1.591625E+7,    -1.444947E-6,    1.345249E-5
1.592250E+7,    8.484349E-6,    -2.215151E-5
1.592875E+7,    1.530442E-5,    -6.835908E-6
1.593500E+7,    2.361718E-6,    -2.909685E-6
1.594125E+7,    -8.175615E-6,    -1.797453E-6
1.594750E+7,    -2.569519E-5,    -1.582690E-5
1.595375E+7,    -4.692934E-6,    2.981629E-5
1.596000E+7,    2.797879E-5,    -1.126714E-5
1.596625E+7,    6.943475E-6,    -8.823350E-6
1.597250E+7,    4.323199E-6,    -2.986379E-5
1.597875E+7,    2.293382E-6,    -2.959627E-6
1.598500E+7,    4.555797E-6,    -5.939277E-6
1.599125E+7,    1.277821E-5,    -4.355330E-6
1.599750E+7,    2.833828E-5,    1.212768E-5
1.600375E+7,    -8.381903E-7,    8.822978E-5
1.601000E+7,    -2.574176E-5,    -1.411587E-4
1.601625E+7,    1.552328E-5,    -6.220862E-5
1.602250E+7,    1.064837E-4,    8.210540E-5
1.602875E+7,    2.471358E-5,    1.237765E-4
1.603500E+7,    -8.534640E-5,    -3.986061E-5
1.604125E+7,    1.777336E-5,    6.660447E-5
1.604750E+7,    3.296882E-5,    -3.670901E-5
1.605375E+7,    -3.706664E-5,    -7.414445E-5
1.606000E+7,    -1.591071E-5,    -8.463115E-5
1.606625E+7,    2.707541E-5,    -7.659569E-5
1.607250E+7,    2.839416E-5,    -7.092580E-5
1.607875E+7,    1.572818E-5,    1.376569E-4
1.608500E+7,    -1.111031E-4,    1.363456E-4
1.609125E+7,    8.134171E-6,    -4.297495E-5
1.609750E+7,    -8.621067E-5,    -5.735457E-5
1.610375E+7,    -3.835931E-5,    2.608076E-5
1.611000E+7,    -5.577505E-5,    5.550683E-7
1.611625E+7,    -9.977724E-6,    8.074101E-6
1.612250E+7,    -4.624575E-5,    -8.980930E-5
1.612875E+7,    -4.944578E-5,    -2.434105E-5
1.613500E+7,    -3.908947E-5,    -4.432350E-5
1.614125E+7,    4.487112E-5,    -9.853393E-6
1.614750E+7,    2.823770E-5,    3.496930E-5
1.615375E+7,    -2.295151E-5,    -2.435409E-5
1.616000E+7,    -1.278054E-5,    8.684583E-6
1.616625E+7,    -1.743436E-6,    -3.490411E-5
1.617250E+7,    1.279218E-5,    -8.667354E-6
1.617875E+7,    -3.173761E-5,    -1.071207E-5
1.618500E+7,    -3.832206E-5,    -6.807595E-5
1.619125E+7,    -5.981326E-5,    -4.579127E-5
1.619750E+7,    -3.539771E-5,    -2.757460E-5
1.620375E+7,    -2.075918E-5,    3.976375E-5
1.621000E+7,    -1.285374E-4,    -3.670901E-5
1.621625E+7,    1.805741E-5,    1.948327E-6
1.622250E+7,    -8.326769E-5,    7.677823E-5
1.622875E+7,    -1.347438E-5,    7.342175E-5
1.623500E+7,    4.082918E-6,    -1.301989E-4
1.624125E+7,    -3.884919E-5,    3.779121E-5
1.624750E+7,    -3.904104E-5,    -8.556247E-5
1.625375E+7,    -1.226217E-4,    -1.733601E-4
1.626000E+7,    5.959719E-5,    -7.754937E-5
1.626625E+7,    -1.471564E-4,    6.703287E-5
1.627250E+7,    5.126931E-5,    -3.460050E-5
1.627875E+7,    6.049871E-6,    2.806820E-5
1.628500E+7,    2.163462E-5,    -2.227537E-5
1.629125E+7,    -5.865097E-5,    -8.139014E-5
1.629750E+7,    1.002057E-5,    -8.043833E-6
1.630375E+7,    4.654191E-5,    -1.590140E-5
1.631000E+7,    1.395792E-4,    -8.882582E-5
1.631625E+7,    -3.976747E-5,    -6.192923E-5
1.632250E+7,    -2.164766E-5,    2.228003E-5
1.632875E+7,    -2.252311E-5,    -1.185089E-4
1.633500E+7,    4.450977E-5,    2.220273E-6
1.634125E+7,    -1.661554E-4,    6.280839E-6
1.634750E+7,    -8.381531E-5,    6.221235E-6
1.635375E+7,    1.002476E-5,    1.153611E-4
1.636000E+7,    -1.188368E-6,    -4.675053E-5
1.636625E+7,    -5.663559E-5,    1.061112E-4
1.637250E+7,    -1.320243E-4,    -1.290441E-5
1.637875E+7,    -4.055537E-5,    4.388206E-5
1.638500E+7,    -1.139678E-4,    7.139146E-5
1.639125E+7,    2.770685E-5,    -3.529899E-5
1.639750E+7,    4.056841E-6,    -3.612787E-5
1.640375E+7,    5.498528E-6,    8.113310E-5
1.641000E+7,    1.252890E-4,    8.590519E-6
1.641625E+7,    8.869916E-5,    1.634285E-5
1.642250E+7,    -5.104579E-5,    2.258830E-5
1.642875E+7,    5.244464E-5,    9.465963E-5
1.643500E+7,    -3.850460E-5,    -1.531653E-5
1.644125E+7,    8.929893E-5,    -7.779524E-5
1.644750E+7,    -2.671778E-5,    -7.079169E-5
1.645375E+7,    -5.600601E-5,    -1.114383E-4
1.646000E+7,    5.438179E-5,    -1.173392E-4
1.646625E+7,    -2.284162E-5,    -2.455153E-5
1.647250E+7,    -4.824437E-5,    2.193265E-5
1.647875E+7,    2.575107E-5,    -1.720991E-5
1.648500E+7,    -9.258837E-5,    -6.265938E-5
1.649125E+7,    5.715527E-5,    -3.556721E-5
1.649750E+7,    -4.930049E-5,    -2.484396E-5
1.650375E+7,    3.788806E-5,    -4.334375E-5
1.651000E+7,    -2.063811E-6,    -9.365007E-5
1.651625E+7,    -4.453119E-6,    6.818445E-6
1.652250E+7,    5.629612E-6,    -1.184409E-6
1.652875E+7,    4.028156E-5,    7.978827E-5
1.653500E+7,    1.060590E-4,    -6.943569E-5
1.654125E+7,    3.972836E-5,    2.103858E-5
1.654750E+7,    1.110509E-5,    3.886409E-5
1.655375E+7,    -8.907635E-6,    1.364108E-5
1.656000E+7,    3.730878E-6,    -2.430379E-5
1.656625E+7,    8.878112E-5,    1.668930E-5
1.657250E+7,    1.854543E-5,    -9.779818E-6
1.657875E+7,    5.819090E-5,    -5.927496E-5
1.658500E+7,    8.190423E-5,    1.241863E-4
1.659125E+7,    5.872920E-6,    2.819486E-5
1.659750E+7,    4.936755E-5,    -1.574978E-4
1.660375E+7,    1.361594E-5,    -6.166101E-5
1.661000E+7,    -7.541478E-5,    3.336743E-5
1.661625E+7,    -4.018098E-5,    1.319945E-4
1.662250E+7,    3.289245E-5,    1.670420E-5
1.662875E+7,    -2.162717E-5,    -1.905113E-5
1.663500E+7,    -3.010966E-5,    -1.727603E-5
1.664125E+7,    4.121661E-5,    2.271086E-4
1.664750E+7,    -1.729280E-5,    1.861453E-4
1.665375E+7,    -9.507686E-5,    6.685406E-5
1.666000E+7,    -5.771220E-5,    -1.646727E-4
1.666625E+7,    7.531419E-5,    -6.275997E-5
1.667250E+7,    3.140420E-5,    5.237013E-5
1.667875E+7,    3.786944E-5,    -1.953915E-6
1.668500E+7,    5.517155E-5,    5.333498E-5
1.669125E+7,    7.765368E-5,    -1.220107E-4
1.669750E+7,    -2.078339E-5,    -7.224455E-5
1.670375E+7,    -1.394004E-5,    3.231689E-5
1.671000E+7,    9.879470E-5,    -2.038851E-5
1.671625E+7,    -2.360437E-5,    2.844725E-5
1.672250E+7,    -4.694983E-5,    1.156628E-4
1.672875E+7,    6.554276E-5,    7.501245E-5
1.673500E+7,    5.070865E-5,    6.028265E-5
1.674125E+7,    -1.361780E-5,    -8.975156E-6
1.674750E+7,    -2.164021E-5,    8.111075E-5
1.675375E+7,    5.192310E-5,    6.595999E-5
1.676000E+7,    4.873052E-5,    7.664785E-6
1.676625E+7,    -7.956102E-5,    -4.268810E-5
1.677250E+7,    -5.692244E-6,    1.013875E-4
1.677875E+7,    -1.711212E-5,    -2.594106E-5
1.678500E+7,    -1.852587E-5,    3.915653E-5
1.679125E+7,    3.577769E-5,    1.628697E-5
1.679750E+7,    -2.952293E-6,    -2.887659E-5
1.680375E+7,    4.938617E-5,    2.527237E-5
1.681000E+7,    6.105751E-5,    -1.838803E-5
1.681625E+7,    1.852214E-5,    -3.916956E-5
1.682250E+7,    4.103780E-5,    5.648658E-5
1.682875E+7,    -2.107024E-5,    -3.112294E-5
1.683500E+7,    3.271177E-5,    -4.207529E-5
1.684125E+7,    -3.891252E-5,    5.508028E-5
1.684750E+7,    3.281608E-5,    -1.259521E-5
1.685375E+7,    7.525086E-6,    5.154870E-5
1.686000E+7,    -8.726120E-5,    1.945272E-4
1.686625E+7,    5.894713E-5,    -1.639128E-7
1.687250E+7,    7.304549E-5,    -3.253296E-5
1.687875E+7,    3.001932E-5,    -1.200568E-5
1.688500E+7,    4.477426E-5,    2.698973E-6
1.689125E+7,    5.718507E-5,    -2.335571E-5
1.689750E+7,    -3.056601E-5,    5.335361E-5
1.690375E+7,    5.968288E-5,    4.688650E-5
1.691000E+7,    1.509860E-5,    -8.571520E-5
1.691625E+7,    4.883483E-5,    3.733858E-5
1.692250E+7,    2.052113E-4,    -3.548712E-5
1.692875E+7,    4.576892E-5,    1.383796E-4
1.693500E+7,    -2.034754E-5,    4.541874E-5
1.694125E+7,    -8.956343E-5,    2.398714E-5
1.694750E+7,    2.270192E-5,    -4.575588E-6
1.695375E+7,    6.415695E-5,    1.068041E-5
1.696000E+7,    2.215803E-5,    3.687851E-5
1.696625E+7,    -5.213171E-5,    6.354973E-5
1.697250E+7,    -2.668425E-5,    -8.912385E-5
1.697875E+7,    2.891943E-5,    -1.062602E-4
1.698500E+7,    -1.801103E-4,    -2.356470E-4
1.699125E+7,    7.897615E-6,    -1.079440E-4
1.699750E+7,    1.305901E-5,    2.101623E-5
1.700375E+7,    -4.052936E-10,    -2.701768E-10
1.701000E+7,    2.890080E-5,    -7.667765E-5
1.701625E+7,    -1.758337E-5,    1.927018E-4
1.702250E+7,    7.218868E-5,    -8.545816E-6
1.702875E+7,    5.623326E-5,    5.970523E-5
1.703500E+7,    -1.148060E-4,    1.701340E-5
1.704125E+7,    7.784739E-5,    4.953519E-5
1.704750E+7,    1.067743E-4,    9.099394E-5
1.705375E+7,    1.212060E-4,    -2.073720E-4
1.706000E+7,    1.039952E-4,    3.246218E-5
1.706625E+7,    1.742691E-5,    1.620725E-4
1.707250E+7,    6.316230E-5,    -5.394965E-5
1.707875E+7,    1.671724E-6,    2.331194E-5
1.708500E+7,    5.182996E-5,    -1.107976E-4
1.709125E+7,    -1.760013E-5,    -1.424924E-5
1.709750E+7,    -2.852082E-5,    3.519841E-5
1.710375E+7,    3.505498E-6,    -7.165223E-5
1.711000E+7,    -1.886860E-5,    3.918819E-5
1.711625E+7,    3.521889E-5,    2.850965E-5
1.712250E+7,    6.215274E-5,    -5.962700E-5
1.712875E+7,    -7.275492E-5,    -3.889948E-5
1.713500E+7,    -1.356006E-5,    -3.872067E-5
1.714125E+7,    -2.838485E-5,    -2.391636E-5
1.714750E+7,    -2.382137E-5,    -3.078207E-5
1.715375E+7,    4.947186E-6,    6.998703E-5
1.716000E+7,    2.604723E-5,    7.177517E-5
1.716625E+7,    1.017936E-5,    2.164766E-5
1.717250E+7,    1.827441E-5,    -2.725143E-5
1.717875E+7,    -3.363937E-6,    -1.708511E-5
1.718500E+7,    -6.094947E-5,    6.036833E-6
1.719125E+7,    2.626330E-5,    1.190454E-4
1.719750E+7,    2.341904E-5,    -1.641084E-5
1.720375E+7,    2.762303E-5,    -7.053837E-5
1.721000E+7,    7.736683E-5,    3.216416E-5
1.721625E+7,    -4.339218E-5,    -1.158714E-4
1.722250E+7,    1.787394E-5,    -4.491955E-5
1.722875E+7,    4.216097E-5,    3.606081E-6
1.723500E+7,    -6.334484E-5,    2.419576E-5
1.724125E+7,    6.223843E-5,    -2.996251E-5
1.724750E+7,    -8.341670E-5,    5.773827E-5
1.725375E+7,    -5.308725E-5,    1.627579E-5
1.726000E+7,    8.925050E-5,    4.775822E-5
1.726625E+7,    7.724762E-5,    1.685321E-4
1.727250E+7,    1.205504E-5,    9.239092E-5
1.727875E+7,    8.037686E-5,    2.156943E-6
1.728500E+7,    7.784367E-5,    4.997104E-5
1.729125E+7,    3.072619E-5,    -1.007803E-4
1.729750E+7,    4.771352E-5,    3.214180E-5
1.730375E+7,    6.826967E-5,    -6.069988E-5
1.731000E+7,    -1.238100E-5,    -3.314950E-5
1.731625E+7,    1.356229E-4,    2.704561E-5
1.732250E+7,    -7.455423E-5,    -3.289804E-5
1.732875E+7,    9.028241E-6,    1.602340E-5
1.733500E+7,    -6.069615E-5,    -5.344674E-5
1.734125E+7,    2.526212E-5,    -2.268050E-5
1.734750E+7,    -1.649652E-5,    -8.652918E-6
1.735375E+7,    -3.277138E-5,    -4.701316E-5
1.736000E+7,    8.377060E-5,    -5.762652E-5
1.736625E+7,    -1.757443E-4,    -9.644032E-5
1.737250E+7,    1.232326E-5,    2.641827E-4
1.737875E+7,    4.027411E-5,    3.965944E-5
1.738500E+7,    -4.478544E-5,    -1.395866E-4
1.739125E+7,    -4.444644E-5,    6.194785E-5
1.739750E+7,    -5.980209E-5,    -1.816452E-5
1.740375E+7,    -4.793704E-5,    -7.973611E-5
1.741000E+7,    3.124774E-5,    1.006871E-4
1.741625E+7,    3.998354E-5,    6.940216E-5
1.742250E+7,    4.639849E-5,    5.632266E-5
1.742875E+7,    -8.780882E-5,    5.243346E-5
1.743500E+7,    2.107397E-5,    7.896125E-5
1.744125E+7,    -1.732260E-7,    -4.742853E-5
1.744750E+7,    7.373095E-5,    -2.261251E-6
1.745375E+7,    -5.076826E-5,    -7.929653E-5
1.746000E+7,    1.536459E-4,    -6.487221E-5
1.746625E+7,    3.571808E-5,    -3.054738E-5
1.747250E+7,    -9.948388E-6,    2.562534E-5
1.747875E+7,    2.589077E-5,    4.252046E-5
1.748500E+7,    -2.246536E-5,    2.210028E-5
1.749125E+7,    4.638918E-6,    -6.815651E-6
1.749750E+7,    4.120730E-5,    -1.903623E-6
1.750375E+7,    -3.194064E-5,    -1.171604E-5
1.751000E+7,    -1.432886E-5,    2.714805E-6
1.751625E+7,    -2.807751E-5,    -5.404279E-5
1.752250E+7,    -1.815520E-5,    4.498474E-5
1.752875E+7,    -4.013255E-5,    7.616356E-6
1.753500E+7,    1.134351E-5,    -4.972331E-5
1.754125E+7,    6.847084E-5,    1.675636E-5
1.754750E+7,    5.330145E-5,    -6.362796E-5
1.755375E+7,    -4.033744E-5,    8.484721E-5
1.756000E+7,    -1.085224E-6,    -5.735550E-6
1.756625E+7,    -9.289384E-5,    -8.331984E-5
1.757250E+7,    -6.959215E-5,    -2.244860E-5
1.757875E+7,    6.625056E-5,    -4.217401E-5
1.758500E+7,    -3.302284E-5,    -1.754798E-5
1.759125E+7,    2.905540E-5,    1.232512E-5
1.759750E+7,    -9.306241E-6,    1.363968E-5
1.760375E+7,    -4.384294E-5,    -7.485598E-5
1.761000E+7,    1.808256E-4,    -8.144230E-5
1.761625E+7,    1.898035E-5,    -5.706027E-5
1.762250E+7,    -2.108514E-6,    1.309738E-4
1.762875E+7,    -2.541393E-5,    7.009879E-5
1.763500E+7,    -5.703792E-5,    -1.904368E-5
1.764125E+7,    -1.177825E-4,    2.197921E-5
1.764750E+7,    -5.740672E-6,    1.081033E-6
1.765375E+7,    -2.492219E-6,    6.589293E-5
1.766000E+7,    1.184084E-5,    -3.194809E-5
1.766625E+7,    1.784414E-6,    8.887425E-5
1.767250E+7,    -9.745359E-6,    4.345365E-5
1.767875E+7,    6.825104E-5,    -8.456409E-7
1.768500E+7,    6.133690E-5,    4.209951E-5
1.769125E+7,    -7.467344E-5,    -3.365800E-5
1.769750E+7,    6.921589E-6,    -1.380071E-4
1.770375E+7,    5.446374E-5,    8.498132E-5
1.771000E+7,    4.782900E-5,    -6.237626E-5
1.771625E+7,    1.397356E-5,    2.713501E-5
1.772250E+7,    6.719679E-5,    -5.408749E-5
1.772875E+7,    -8.694828E-6,    4.916824E-5
1.773500E+7,    4.529953E-6,    -1.198053E-4
1.774125E+7,    -4.770979E-5,    -3.274903E-5
1.774750E+7,    1.785159E-5,    7.994846E-5
1.775375E+7,    -2.238899E-6,    3.611669E-5
1.776000E+7,    1.301523E-5,    -2.619345E-5
1.776625E+7,    3.973022E-5,    -9.072945E-5
1.777250E+7,    5.072914E-5,    -1.529045E-5
1.777875E+7,    -3.229827E-5,    -2.970919E-5
1.778500E+7,    -2.952386E-5,    1.734961E-5
1.779125E+7,    9.983778E-6,    2.195872E-5
1.779750E+7,    6.314367E-6,    -7.862598E-5
1.780375E+7,    -2.258271E-5,    -2.559461E-5
1.781000E+7,    -7.441640E-5,    -1.290292E-4
1.781625E+7,    -7.551163E-6,    1.204237E-4
1.782250E+7,    1.013558E-5,    -2.566911E-5
1.782875E+7,    5.130842E-5,    -9.271875E-5
1.783500E+7,    -8.277968E-5,    1.164377E-4
1.784125E+7,    3.218278E-5,    7.747114E-5
1.784750E+7,    -4.532561E-5,    -3.568828E-6
1.785375E+7,    6.986037E-5,    -2.474338E-5
1.786000E+7,    4.592165E-5,    3.923103E-5
1.786625E+7,    -1.047272E-5,    7.871538E-6
1.787250E+7,    1.439126E-5,    -2.638903E-6
1.787875E+7,    -2.571568E-5,    -4.292652E-5
1.788500E+7,    -4.991516E-5,    6.868690E-5
1.789125E+7,    -8.901954E-5,    3.417209E-5
1.789750E+7,    2.172496E-5,    -2.784468E-5
1.790375E+7,    2.069585E-5,    -3.357418E-5
1.791000E+7,    3.618374E-5,    -3.044307E-5
1.791625E+7,    -3.348663E-5,    7.759407E-5
1.792250E+7,    6.537884E-6,    -1.310976E-5
1.792875E+7,    1.440942E-5,    -6.812438E-5
1.793500E+7,    -7.527322E-5,    -6.967038E-5
1.794125E+7,    -2.288073E-5,    -4.356354E-5
1.794750E+7,    -5.297922E-5,    3.656372E-6
1.795375E+7,    1.994707E-5,    -2.150331E-5
1.796000E+7,    -1.337798E-5,    8.386560E-6
1.796625E+7,    5.537458E-5,    -3.986619E-5
1.797250E+7,    2.853572E-6,    6.506965E-5
1.797875E+7,    2.495572E-5,    -7.604435E-5
1.798500E+7,    -2.856553E-5,    -4.250184E-5
1.799125E+7,    -1.654215E-5,    -8.929521E-6
1.799750E+7,    -3.337488E-5,    2.988242E-5
1.800375E+7,    1.378357E-6,    1.071133E-4
1.801000E+7,    9.942800E-6,    2.204627E-5
1.801625E+7,    1.179427E-4,    9.176135E-5
1.802250E+7,    -3.343448E-6,    -3.516674E-5
1.802875E+7,    1.844950E-6,    -6.297138E-6
1.803500E+7,    -4.780293E-5,    3.241561E-5
1.804125E+7,    -9.525940E-5,    1.718104E-5
1.804750E+7,    7.979944E-5,    -2.030656E-5
1.805375E+7,    6.112084E-5,    2.471358E-5
1.806000E+7,    -6.702542E-5,    -1.072884E-4
1.806625E+7,    -2.440810E-5,    1.296178E-4
1.807250E+7,    -2.415851E-5,    -1.627021E-6
1.807875E+7,    -1.148880E-5,    8.557364E-5
1.808500E+7,    -6.950274E-5,    7.801875E-5
1.809125E+7,    -8.963794E-5,    -1.333058E-4
1.809750E+7,    2.658553E-5,    -3.454648E-5
1.810375E+7,    1.920760E-5,    7.409230E-5
1.811000E+7,    -6.366521E-6,    1.144968E-4
1.811625E+7,    -1.385063E-5,    5.616993E-5
1.812250E+7,    -1.068376E-4,    1.204014E-4
1.812875E+7,    3.298745E-6,    3.519841E-5
1.813500E+7,    -1.883507E-5,    4.510209E-5
1.814125E+7,    -7.855892E-5,    6.173551E-5
1.814750E+7,    2.786145E-5,    7.264316E-5
1.815375E+7,    2.692267E-5,    -1.002699E-4
1.816000E+7,    -4.278123E-5,    -2.223253E-5
1.816625E+7,    -4.173629E-5,    -1.646206E-5
1.817250E+7,    -1.395494E-5,    1.397431E-4
1.817875E+7,    -1.654029E-6,    2.091825E-4
1.818500E+7,    3.980100E-5,    2.269819E-5
1.819125E+7,    7.952750E-5,    2.773479E-5
1.819750E+7,    8.337200E-6,    -3.731251E-5
1.820375E+7,    4.731491E-5,    -2.378598E-6
1.821000E+7,    3.054738E-7,    -6.575510E-5
1.821625E+7,    -1.480430E-5,    -3.318116E-5
1.822250E+7,    -1.004711E-5,    6.144866E-5
1.822875E+7,    1.208112E-5,    5.162507E-5
1.823500E+7,    8.802861E-6,    1.178645E-4
1.824125E+7,    7.416308E-5,    6.454438E-5
1.824750E+7,    -2.573244E-5,    4.035421E-5
1.825375E+7,    4.856661E-5,    2.133474E-5
1.826000E+7,    -3.692135E-5,    9.598956E-5
1.826625E+7,    -1.942553E-5,    -8.537434E-6
1.827250E+7,    -1.052245E-4,    -8.912385E-5
1.827875E+7,    4.886091E-5,    5.711615E-5
1.828500E+7,    -1.362339E-5,    -9.561889E-6
1.829125E+7,    -4.089996E-5,    -2.869219E-5
1.829750E+7,    1.347438E-5,    -8.333009E-6
1.830375E+7,    -1.189858E-5,    -3.376231E-5
1.831000E+7,    1.014769E-5,    5.793199E-5
1.831625E+7,    2.695899E-5,    -1.665950E-5
1.832250E+7,    -1.690164E-5,    -6.276742E-5
1.832875E+7,    -2.709869E-5,    -1.237728E-6
1.833500E+7,    -1.437124E-5,    2.043694E-5
1.834125E+7,    -3.721192E-5,    -5.924329E-5
1.834750E+7,    -1.185946E-5,    -3.379770E-5
1.835375E+7,    5.202368E-6,    4.692748E-5
1.836000E+7,    -7.481128E-5,    -3.482774E-5
1.836625E+7,    -6.813556E-6,    -4.798174E-6
1.837250E+7,    -3.582798E-5,    2.309680E-7
1.837875E+7,    2.963282E-5,    -5.297735E-5
1.838500E+7,    -1.396984E-6,    -5.960464E-5
1.839125E+7,    3.927201E-5,    8.878857E-5
1.839750E+7,    -1.475029E-5,    -3.330037E-5
1.840375E+7,    4.781410E-5,    -8.604676E-5
1.841000E+7,    -2.223160E-5,    9.831041E-6
1.841625E+7,    6.745383E-5,    -5.947798E-5
1.842250E+7,    -3.018044E-5,    -1.870468E-5
1.842875E+7,    -4.929863E-5,    2.647378E-5
1.843500E+7,    2.009422E-5,    1.161173E-4
1.844125E+7,    -1.233630E-5,    5.001388E-5
1.844750E+7,    3.316626E-5,    3.614649E-5
1.845375E+7,    5.720742E-5,    2.069399E-6
1.846000E+7,    3.493391E-5,    1.192279E-5
1.846625E+7,    8.495152E-5,    -4.464388E-5
1.847250E+7,    9.495020E-5,    -4.339963E-6
1.847875E+7,    -1.011416E-5,    -7.607788E-5
1.848500E+7,    -8.556992E-5,    -6.305426E-5
1.849125E+7,    6.698444E-5,    6.489456E-6
1.849750E+7,    -2.698228E-5,    3.453344E-5
1.850375E+7,    -3.819540E-5,    -8.322671E-5
1.851000E+7,    1.063049E-4,    -7.806718E-5
1.851625E+7,    -3.717467E-5,    -7.734448E-5
1.852250E+7,    -7.523224E-5,    1.025610E-4
1.852875E+7,    6.868318E-5,    -3.569946E-5
1.853500E+7,    -4.999340E-5,    -1.171902E-4
1.854125E+7,    1.289323E-4,    -1.607835E-5
1.854750E+7,    -1.285076E-4,    -1.218319E-4
1.855375E+7,    4.472211E-5,    1.632422E-5
1.856000E+7,    4.428998E-5,    -9.139255E-5