SAVED BY: 
TITLE: 
COMMENTS: 
DATE: 10/27/2020
TIME: 2:31 PM

STIMULUS, REAL, IMAGINARY

8.560000E+6,    -2.820045E-5,    -1.733229E-4
8.566250E+6,    4.261732E-6,    -1.581311E-4
8.572500E+6,    -2.478063E-5,    -1.870319E-4
8.578750E+6,    -5.029142E-6,    -1.529753E-4
8.585000E+6,    6.258488E-7,    -1.770332E-4
8.591250E+6,    2.980232E-7,    -1.478717E-4
8.597500E+6,    -2.436340E-6,    -1.665726E-4
8.603750E+6,    1.409650E-5,    -1.479238E-4
8.610000E+6,    -2.250820E-5,    -1.780912E-4
8.616250E+6,    -2.123415E-6,    -1.733154E-4
8.622500E+6,    -2.482533E-5,    -1.388639E-4
8.628750E+6,    -2.622604E-6,    -1.732931E-4
8.635000E+6,    -1.514703E-5,    -1.829118E-4
8.641250E+6,    -8.039176E-6,    -1.850575E-4
8.647500E+6,    2.130866E-6,    -1.682565E-4
8.653750E+6,    9.983778E-6,    -1.736060E-4
8.660000E+6,    -1.433492E-5,    -1.611486E-4
8.666250E+6,    -1.060963E-5,    -1.817569E-4
8.672500E+6,    -1.347810E-5,    -1.679137E-4
8.678750E+6,    -1.604855E-5,    -1.899377E-4
8.685000E+6,    4.678965E-6,    -1.564845E-4
8.691250E+6,    -2.714992E-5,    -1.774579E-4
8.697500E+6,    -1.018494E-5,    -1.595095E-4
8.703750E+6,    -2.798438E-5,    -1.773909E-4
8.710000E+6,    7.227063E-7,    -1.788139E-4
8.716250E+6,    -1.959503E-5,    -1.864731E-4
8.722500E+6,    -1.568347E-5,    -1.712590E-4
8.728750E+6,    -1.761317E-5,    -1.641139E-4
8.735000E+6,    -1.634657E-5,    -1.744702E-4
8.741250E+6,    -9.723008E-6,    -1.733080E-4
8.747500E+6,    -2.272427E-5,    -1.792088E-4
8.753750E+6,    -2.381206E-5,    -1.756400E-4
8.760000E+6,    -2.452731E-5,    -1.756623E-4
8.766250E+6,    -1.664460E-5,    -1.812279E-4
8.772500E+6,    -2.668053E-5,    -1.686141E-4
8.778750E+6,    -3.251433E-5,    -1.768917E-4
8.785000E+6,    -1.329184E-5,    -1.660660E-4
8.791250E+6,    -1.367927E-5,    -1.663342E-4
8.797500E+6,    -2.393126E-5,    -1.926422E-4
8.803750E+6,    1.643598E-5,    -1.820922E-4
8.810000E+6,    -1.735985E-6,    -1.601353E-4
8.816250E+6,    -1.031160E-5,    -1.970679E-4
8.822500E+6,    -3.366917E-5,    -1.866594E-4
8.828750E+6,    -1.406670E-5,    -1.797974E-4
8.835000E+6,    -1.348555E-5,    -1.830906E-4
8.841250E+6,    -1.583993E-5,    -1.725852E-4
8.847500E+6,    -2.217293E-5,    -1.807362E-4
8.853750E+6,    -2.268702E-5,    -1.806915E-4
8.860000E+6,    4.872680E-6,    -1.765564E-4
8.866250E+6,    -4.412234E-5,    -1.834035E-4
8.872500E+6,    -9.849668E-6,    -1.784340E-4
8.878750E+6,    -7.227063E-7,    -1.947358E-4
8.885000E+6,    -1.642108E-5,    -1.899153E-4
8.891250E+6,    -1.281500E-5,    -1.680702E-4
8.897500E+6,    -4.582107E-6,    -1.773834E-4
8.903750E+6,    -2.312660E-5,    -1.977831E-4
8.910000E+6,    -1.660734E-5,    -1.966730E-4
8.916250E+6,    -5.176663E-5,    -2.079010E-4
8.922500E+6,    -1.769513E-5,    -2.001375E-4
8.928750E+6,    -2.115965E-5,    -1.722649E-4
8.935000E+6,    -1.322478E-5,    -1.818910E-4
8.941250E+6,    -1.753867E-5,    -2.106801E-4
8.947500E+6,    -1.153350E-5,    -2.062917E-4
8.953750E+6,    -2.005696E-5,    -1.963302E-4
8.960000E+6,    -2.837181E-5,    -1.901910E-4
8.966250E+6,    -2.082437E-5,    -1.998320E-4
8.972500E+6,    -1.531094E-5,    -1.887083E-4
8.978750E+6,    -8.068979E-6,    -1.982301E-4
8.985000E+6,    -2.145767E-5,    -2.065077E-4
8.991250E+6,    -3.144145E-5,    -1.795664E-4
8.997500E+6,    -2.472848E-5,    -1.819730E-4
9.003750E+6,    -4.465878E-5,    -1.979917E-4
9.010000E+6,    -2.474338E-5,    -1.889244E-4
9.016250E+6,    -2.426654E-5,    -1.959205E-4
9.022500E+6,    -1.838058E-5,    -1.917258E-4
9.028750E+6,    -3.357232E-5,    -1.827106E-4
9.035000E+6,    -2.036989E-5,    -1.811236E-4
9.041250E+6,    -3.853440E-5,    -2.211630E-4
9.047500E+6,    -2.028048E-5,    -1.881570E-4
9.053750E+6,    -6.146729E-6,    -1.974553E-4
9.060000E+6,    -2.070516E-5,    -1.879111E-4
9.066250E+6,    -1.300871E-5,    -2.119169E-4
9.072500E+6,    -2.885610E-5,    -1.918301E-4
9.078750E+6,    -2.043694E-5,    -2.125725E-4
9.085000E+6,    -2.946705E-5,    -1.953095E-4
9.091250E+6,    -2.969801E-5,    -1.989454E-4
9.097500E+6,    -3.036112E-5,    -1.952797E-4
9.103750E+6,    -2.299249E-5,    -2.052709E-4
9.110000E+6,    -3.818423E-5,    -1.956224E-4
9.116250E+6,    -3.720820E-5,    -2.270192E-4
9.122500E+6,    -2.474338E-5,    -2.049729E-4
9.128750E+6,    -4.626811E-5,    -2.062619E-4
9.135000E+6,    -2.599508E-5,    -1.842082E-4
9.141250E+6,    -4.005432E-5,    -2.023280E-4
9.147500E+6,    -3.355742E-5,    -2.015755E-4
9.153750E+6,    -3.400445E-5,    -1.946464E-4
9.160000E+6,    -2.750754E-5,    -1.978353E-4
9.166250E+6,    -2.761185E-5,    -2.011731E-4
9.172500E+6,    -2.109259E-5,    -2.113357E-4
9.178750E+6,    -6.380677E-5,    -2.091378E-4
9.185000E+6,    -2.936274E-5,    -2.009496E-4
9.191250E+6,    -3.589690E-5,    -2.188534E-4
9.197500E+6,    -1.571327E-5,    -2.005398E-4
9.203750E+6,    -4.422665E-5,    -2.151281E-4
9.210000E+6,    -2.368540E-5,    -2.113804E-4
9.216250E+6,    -3.796816E-5,    -2.184063E-4
9.222500E+6,    -2.438575E-5,    -2.041012E-4
9.228750E+6,    -4.601479E-5,    -2.220124E-4
9.235000E+6,    -2.559274E-5,    -1.903325E-4
9.241250E+6,    -3.965199E-5,    -2.113283E-4
9.247500E+6,    -1.936406E-5,    -2.073944E-4
9.253750E+6,    -2.709031E-5,    -2.144128E-4
9.260000E+6,    -2.051890E-5,    -2.215654E-4
9.266250E+6,    -7.249415E-6,    -2.073199E-4
9.272500E+6,    -2.874434E-5,    -2.144128E-4
9.278750E+6,    -2.920628E-5,    -2.316982E-4
9.285000E+6,    -2.206862E-5,    -2.144873E-4
9.291250E+6,    -4.361570E-5,    -2.142340E-4
9.297500E+6,    -3.024936E-5,    -2.071410E-4
9.303750E+6,    -2.387166E-5,    -2.143830E-4
9.310000E+6,    -3.129989E-5,    -2.035946E-4
9.316250E+6,    -3.878772E-5,    -2.247989E-4
9.322500E+6,    -3.165007E-5,    -2.035201E-4
9.328750E+6,    -1.835823E-5,    -2.214909E-4
9.335000E+6,    -4.021823E-5,    -2.067089E-4
9.341250E+6,    -3.425777E-5,    -2.277195E-4
9.347500E+6,    -5.516410E-5,    -2.134144E-4
9.353750E+6,    -4.830956E-5,    -2.239496E-4
9.360000E+6,    -2.828240E-5,    -2.245903E-4
9.366250E+6,    -3.552437E-5,    -2.242625E-4
9.372500E+6,    -3.591180E-5,    -2.135485E-4
9.378750E+6,    -2.947450E-5,    -2.242029E-4
9.385000E+6,    -1.537800E-5,    -2.142489E-4
9.391250E+6,    -3.743172E-5,    -2.132505E-4
9.397500E+6,    -4.570186E-5,    -2.373755E-4
9.403750E+6,    -5.191565E-5,    -2.093017E-4
9.410000E+6,    -3.239512E-5,    -2.415180E-4
9.416250E+6,    -2.545118E-5,    -2.243370E-4
9.422500E+6,    -5.468726E-5,    -2.297759E-4
9.428750E+6,    -5.578995E-5,    -2.365410E-4
9.435000E+6,    -3.382564E-5,    -2.204478E-4
9.441250E+6,    -3.612041E-5,    -2.482831E-4
9.447500E+6,    -4.214048E-5,    -2.230108E-4
9.453750E+6,    -4.929304E-5,    -2.155006E-4
9.460000E+6,    -4.297495E-5,    -2.195239E-4
9.466250E+6,    -5.102158E-5,    -2.256930E-4
9.472500E+6,    -3.769994E-5,    -2.338588E-4
9.478750E+6,    -2.285838E-5,    -2.207756E-4
9.485000E+6,    -3.948808E-5,    -2.443194E-4
9.491250E+6,    -3.251433E-5,    -2.375841E-4
9.497500E+6,    -2.542138E-5,    -2.346039E-4
9.503750E+6,    -5.972385E-5,    -2.173781E-4
9.510000E+6,    -4.032254E-5,    -2.334714E-4
9.516250E+6,    -4.708767E-5,    -2.259314E-4
9.522500E+6,    -3.340840E-5,    -2.199113E-4
9.528750E+6,    -6.902218E-5,    -2.202690E-4
9.535000E+6,    -2.813339E-5,    -2.311170E-4
9.541250E+6,    -4.583597E-5,    -2.577901E-4
9.547500E+6,    -5.665421E-5,    -2.211034E-4
9.553750E+6,    -5.292892E-5,    -2.533197E-4
9.560000E+6,    -4.374981E-5,    -2.295375E-4
9.566250E+6,    -3.927946E-5,    -2.439916E-4
9.572500E+6,    -4.494190E-5,    -2.294481E-4
9.578750E+6,    -5.427003E-5,    -2.459288E-4
9.585000E+6,    -4.810095E-5,    -2.503395E-4
9.591250E+6,    -4.863739E-5,    -2.395213E-4
9.597500E+6,    -4.160404E-5,    -2.435148E-4
9.603750E+6,    -4.434586E-5,    -2.574325E-4
9.610000E+6,    -5.698204E-5,    -2.453029E-4
9.616250E+6,    -4.312396E-5,    -2.398789E-4
9.622500E+6,    -4.327297E-5,    -2.362430E-4
9.628750E+6,    -3.722310E-5,    -2.441704E-4
9.635000E+6,    -4.535913E-5,    -2.502203E-4
9.641250E+6,    -4.032254E-5,    -2.543330E-4
9.647500E+6,    -3.919005E-5,    -2.472699E-4
9.653750E+6,    -6.532669E-5,    -2.224743E-4
9.660000E+6,    -6.324053E-5,    -2.584457E-4
9.666250E+6,    -4.783273E-5,    -2.461672E-4
9.672500E+6,    -4.673004E-5,    -2.321601E-4
9.678750E+6,    -5.593896E-5,    -2.451837E-4
9.685000E+6,    -4.404783E-5,    -2.573431E-4
9.691250E+6,    -3.904104E-5,    -2.722740E-4
9.697500E+6,    -4.410744E-5,    -2.500713E-4
9.703750E+6,    -7.122755E-5,    -2.389848E-4
9.710000E+6,    -6.434321E-5,    -2.365112E-4
9.716250E+6,    -5.856156E-5,    -2.443194E-4
9.722500E+6,    -2.989173E-5,    -2.346635E-4
9.728750E+6,    -6.935000E-5,    -2.605915E-4
9.735000E+6,    -7.039309E-5,    -2.606511E-4
9.741250E+6,    -4.759431E-5,    -2.497435E-4
9.747500E+6,    -5.695224E-5,    -2.555251E-4
9.753750E+6,    -5.912781E-5,    -2.657771E-4
9.760000E+6,    -5.581975E-5,    -2.483428E-4
9.766250E+6,    -5.230308E-5,    -2.633035E-4
9.772500E+6,    -7.307529E-5,    -2.559125E-4
9.778750E+6,    -5.891919E-5,    -2.549589E-4
9.785000E+6,    -7.387996E-5,    -2.521873E-4
9.791250E+6,    -4.091859E-5,    -2.653003E-4
9.797500E+6,    -6.246567E-5,    -2.614856E-4
9.803750E+6,    -4.908442E-5,    -2.674758E-4
9.810000E+6,    -4.759431E-5,    -2.572834E-4
9.816250E+6,    -6.845593E-5,    -2.494454E-4
9.822500E+6,    -6.169081E-5,    -2.868474E-4
9.828750E+6,    -6.711483E-5,    -2.714694E-4
9.835000E+6,    -6.017089E-5,    -2.687275E-4
9.841250E+6,    -7.393956E-5,    -2.628863E-4
9.847500E+6,    -7.128716E-5,    -2.488196E-4
9.853750E+6,    -6.341934E-5,    -2.793074E-4
9.860000E+6,    -3.355742E-5,    -2.711117E-4
9.866250E+6,    -7.647276E-5,    -2.621412E-4
9.872500E+6,    -7.557869E-5,    -2.587736E-4
9.878750E+6,    -5.224347E-5,    -2.490282E-4
9.885000E+6,    -7.537007E-5,    -2.516806E-4
9.891250E+6,    -6.583333E-5,    -2.716482E-4
9.897500E+6,    -4.616380E-5,    -2.759397E-4
9.903750E+6,    -5.334616E-5,    -2.744496E-4
9.910000E+6,    -5.674362E-5,    -2.881289E-4
9.916250E+6,    -6.908178E-5,    -2.745986E-4
9.922500E+6,    -7.036328E-5,    -2.778172E-4
9.928750E+6,    -8.708239E-5,    -2.887547E-4
9.935000E+6,    -6.079674E-5,    -2.657473E-4
9.941250E+6,    -4.979968E-5,    -2.754033E-4
9.947500E+6,    -8.243322E-5,    -2.569854E-4
9.953750E+6,    -6.985664E-5,    -2.964437E-4
9.960000E+6,    -5.844235E-5,    -2.737343E-4
9.966250E+6,    -7.537007E-5,    -2.802908E-4
9.972500E+6,    -7.671118E-5,    -2.840459E-4
9.978750E+6,    -7.295609E-5,    -2.665222E-4
9.985000E+6,    -6.052852E-5,    -2.731085E-4
9.991250E+6,    -7.489324E-5,    -2.985895E-4
9.997500E+6,    -5.266070E-5,    -2.672076E-4
1.000375E+7,    -7.912517E-5,    -2.793074E-4
1.001000E+7,    -7.468462E-5,    -2.915859E-4
1.001625E+7,    -8.454919E-5,    -2.707243E-4
1.002250E+7,    -7.104874E-5,    -2.703071E-4
1.002875E+7,    -6.580353E-5,    -3.084838E-4
1.003500E+7,    -7.122755E-5,    -2.960265E-4
1.004125E+7,    -9.602308E-5,    -2.785921E-4
1.004750E+7,    -8.210540E-5,    -2.787113E-4
1.005375E+7,    -8.380413E-5,    -2.816916E-4
1.006000E+7,    -7.346272E-5,    -2.952516E-4
1.006625E+7,    -9.465218E-5,    -2.900660E-4
1.007250E+7,    -7.590652E-5,    -2.986789E-4
1.007875E+7,    -7.653236E-5,    -2.986193E-4
1.008500E+7,    -6.526709E-5,    -2.837479E-4
1.009125E+7,    -7.575750E-5,    -2.917647E-4
1.009750E+7,    -9.498000E-5,    -2.786517E-4
1.010375E+7,    -1.057088E-4,    -3.120303E-4
1.011000E+7,    -8.109212E-5,    -3.014207E-4
1.011625E+7,    -6.353855E-5,    -3.083050E-4
1.012250E+7,    -7.697940E-5,    -2.892315E-4
1.012875E+7,    -7.089972E-5,    -2.970397E-4
1.013500E+7,    -7.766485E-5,    -2.924800E-4
1.014125E+7,    -8.738041E-5,    -3.097653E-4
1.014750E+7,    -9.447336E-5,    -3.089905E-4
1.015375E+7,    -8.070469E-5,    -3.029108E-4
1.016000E+7,    -7.471442E-5,    -2.996325E-4
1.016625E+7,    -8.291006E-5,    -3.091991E-4
1.017250E+7,    -9.110570E-5,    -3.158450E-4
1.017875E+7,    -9.778142E-5,    -2.974272E-4
1.018500E+7,    -7.551908E-5,    -2.848804E-4
1.019125E+7,    -8.007884E-5,    -3.271997E-4
1.019750E+7,    -6.419420E-5,    -3.070533E-4
1.020375E+7,    -8.615851E-5,    -3.086925E-4
1.021000E+7,    -1.003444E-4,    -2.962053E-4
1.021625E+7,    -1.032352E-4,    -3.135800E-4
1.022250E+7,    -1.029372E-4,    -3.101528E-4
1.022875E+7,    -7.742643E-5,    -3.342628E-4
1.023500E+7,    -7.730722E-5,    -3.230274E-4
1.024125E+7,    -9.173155E-5,    -3.181696E-4
1.024750E+7,    -1.001060E-4,    -3.236532E-4
1.025375E+7,    -7.879734E-5,    -3.123581E-4
1.026000E+7,    -8.532405E-5,    -3.044009E-4
1.026625E+7,    -8.752942E-5,    -3.217161E-4
1.027250E+7,    -1.047254E-4,    -3.337264E-4
1.027875E+7,    -1.055598E-4,    -3.372729E-4
1.028500E+7,    -9.775162E-5,    -3.275573E-4
1.029125E+7,    -1.053214E-4,    -3.260970E-4
1.029750E+7,    -9.167194E-5,    -3.242791E-4
1.030375E+7,    -8.556247E-5,    -3.289580E-4
1.031000E+7,    -1.076162E-4,    -3.257096E-4
1.031625E+7,    -1.049638E-4,    -3.546476E-4
1.032250E+7,    -8.749962E-5,    -3.246069E-4
1.032875E+7,    -9.027123E-5,    -3.348291E-4
1.033500E+7,    -9.500980E-5,    -3.164113E-4
1.034125E+7,    -1.054704E-4,    -3.359616E-4
1.034750E+7,    -7.766485E-5,    -3.360808E-4
1.035375E+7,    -8.806586E-5,    -3.493428E-4
1.036000E+7,    -1.075268E-4,    -3.319979E-4
1.036625E+7,    -7.525086E-5,    -3.547072E-4
1.037250E+7,    -9.274483E-5,    -3.231168E-4
1.037875E+7,    -1.033545E-4,    -3.395081E-4
1.038500E+7,    -9.572506E-5,    -3.299415E-4
1.039125E+7,    -6.991625E-5,    -3.478527E-4
1.039750E+7,    -9.891391E-5,    -3.435910E-4
1.040375E+7,    -9.357929E-5,    -3.477931E-4
1.041000E+7,    -1.005530E-4,    -3.394186E-4
1.041625E+7,    -1.285970E-4,    -3.344715E-4
1.042250E+7,    -1.177192E-4,    -3.469884E-4
1.042875E+7,    -1.264811E-4,    -3.528893E-4
1.043500E+7,    -1.254082E-4,    -3.423989E-4
1.044125E+7,    -1.125336E-4,    -3.480315E-4
1.044750E+7,    -1.133084E-4,    -3.475845E-4
1.045375E+7,    -1.157522E-4,    -3.547668E-4
1.046000E+7,    -1.178682E-4,    -3.607571E-4
1.046625E+7,    -1.274347E-4,    -3.736019E-4
1.047250E+7,    -1.169741E-4,    -3.501177E-4
1.047875E+7,    -1.134276E-4,    -3.652275E-4
1.048500E+7,    -1.210272E-4,    -3.601909E-4
1.049125E+7,    -1.072586E-4,    -3.624558E-4
1.049750E+7,    -1.248717E-4,    -3.740788E-4
1.050375E+7,    -7.894635E-5,    -3.614128E-4
1.051000E+7,    -1.079440E-4,    -3.548861E-4
1.051625E+7,    -1.040399E-4,    -3.670156E-4
1.052250E+7,    -1.055896E-4,    -3.701746E-4
1.052875E+7,    -1.116097E-4,    -3.616512E-4
1.053500E+7,    -1.063645E-4,    -3.659725E-4
1.054125E+7,    -1.265407E-4,    -3.544688E-4
1.054750E+7,    -1.229048E-4,    -3.693700E-4
1.055375E+7,    -1.387000E-4,    -3.659725E-4
1.056000E+7,    -1.195669E-4,    -3.781319E-4
1.056625E+7,    -1.161993E-4,    -3.599524E-4
1.057250E+7,    -1.078248E-4,    -3.802180E-4
1.057875E+7,    -1.286268E-4,    -3.753304E-4
1.058500E+7,    -9.164214E-5,    -3.693402E-4
1.059125E+7,    -1.254678E-4,    -3.870726E-4
1.059750E+7,    -1.327991E-4,    -3.817677E-4
1.060375E+7,    -1.221895E-4,    -3.952980E-4
1.061000E+7,    -1.216531E-4,    -3.880858E-4
1.061625E+7,    -1.318455E-4,    -3.998876E-4
1.062250E+7,    -1.397133E-4,    -3.942251E-4
1.062875E+7,    -1.399517E-4,    -3.941655E-4
1.063500E+7,    -1.211166E-4,    -3.763437E-4
1.064125E+7,    -1.335144E-4,    -3.885031E-4
1.064750E+7,    -1.118183E-4,    -3.830791E-4
1.065375E+7,    -1.401305E-4,    -3.787279E-4
1.066000E+7,    -1.432300E-4,    -3.860593E-4
1.066625E+7,    -1.254678E-4,    -4.045963E-4
1.067250E+7,    -1.382828E-4,    -3.904700E-4
1.067875E+7,    -1.326799E-4,    -4.216433E-4
1.068500E+7,    -1.426935E-4,    -4.037619E-4
1.069125E+7,    -1.450181E-4,    -4.037023E-4
1.069750E+7,    -1.465678E-4,    -4.100204E-4
1.070375E+7,    -1.532435E-4,    -4.044771E-4
1.071000E+7,    -1.266599E-4,    -4.114509E-4
1.071625E+7,    -1.363754E-4,    -4.125237E-4
1.072250E+7,    -1.203418E-4,    -4.061460E-4
1.072875E+7,    -1.666546E-4,    -4.112720E-4
1.073500E+7,    -1.645684E-4,    -4.009008E-4
1.074125E+7,    -1.389384E-4,    -4.081726E-4
1.074750E+7,    -1.167059E-4,    -4.326105E-4
1.075375E+7,    -1.465678E-4,    -4.325509E-4
1.076000E+7,    -1.467466E-4,    -4.317164E-4
1.076625E+7,    -1.504421E-4,    -4.117489E-4
1.077250E+7,    -1.663566E-4,    -4.146695E-4
1.077875E+7,    -1.434684E-4,    -4.324913E-4
1.078500E+7,    -1.483560E-4,    -4.200339E-4
1.079125E+7,    -1.584291E-4,    -4.244447E-4
1.079750E+7,    -1.577139E-4,    -4.171133E-4
1.080375E+7,    -1.736283E-4,    -4.153848E-4
1.081000E+7,    -1.338720E-4,    -4.318953E-4
1.081625E+7,    -1.645684E-4,    -4.332662E-4
1.082250E+7,    -1.279116E-4,    -4.302263E-4
1.082875E+7,    -1.546741E-4,    -4.178286E-4
1.083500E+7,    -1.503825E-4,    -4.266500E-4
1.084125E+7,    -1.680851E-4,    -4.290938E-4
1.084750E+7,    -1.718998E-4,    -4.159212E-4
1.085375E+7,    -1.624227E-4,    -4.490018E-4
1.086000E+7,    -1.766086E-4,    -4.441142E-4
1.086625E+7,    -1.549125E-4,    -4.435778E-4
1.087250E+7,    -1.501441E-4,    -4.492402E-4
1.087875E+7,    -1.725554E-4,    -4.491210E-4
1.088500E+7,    -1.492500E-4,    -4.645586E-4
1.089125E+7,    -1.748800E-4,    -4.450083E-4
1.089750E+7,    -1.608729E-4,    -4.494190E-4
1.090375E+7,    -1.720190E-4,    -4.534125E-4
1.091000E+7,    -1.770854E-4,    -4.442334E-4
1.091625E+7,    -1.693964E-4,    -4.619956E-4
1.092250E+7,    -1.645684E-4,    -4.447103E-4
1.092875E+7,    -1.915097E-4,    -4.538894E-4
1.093500E+7,    -1.778603E-4,    -4.550815E-4
1.094125E+7,    -1.827478E-4,    -4.644394E-4
1.094750E+7,    -1.633167E-4,    -4.717708E-4
1.095375E+7,    -1.853108E-4,    -4.668236E-4
1.096000E+7,    -1.771450E-4,    -4.400611E-4
1.096625E+7,    -1.847744E-4,    -4.562140E-4
1.097250E+7,    -1.827478E-4,    -4.718900E-4
1.097875E+7,    -1.755953E-4,    -4.861951E-4
1.098500E+7,    -1.815557E-4,    -4.618764E-4
1.099125E+7,    -1.923442E-4,    -4.652739E-4
1.099750E+7,    -1.953244E-4,    -4.711151E-4
1.100375E+7,    -1.850724E-4,    -4.829764E-4
1.101000E+7,    -1.839399E-4,    -4.756451E-4
1.101625E+7,    -2.059340E-4,    -4.668832E-4
1.102250E+7,    -1.920462E-4,    -4.915595E-4
1.102875E+7,    -2.050996E-4,    -4.827380E-4
1.103500E+7,    -2.138019E-4,    -4.788041E-4
1.104125E+7,    -1.917481E-4,    -4.994273E-4
1.104750E+7,    -1.932383E-4,    -4.993081E-4
1.105375E+7,    -1.922846E-4,    -4.953742E-4
1.106000E+7,    -1.990199E-4,    -5.077720E-4
1.106625E+7,    -1.986027E-4,    -5.040169E-4
1.107250E+7,    -1.987815E-4,    -5.199909E-4
1.107875E+7,    -2.155304E-4,    -4.981756E-4
1.108500E+7,    -2.173781E-4,    -4.976392E-4
1.109125E+7,    -2.109408E-4,    -5.191565E-4
1.109750E+7,    -1.879334E-4,    -4.978180E-4
1.110375E+7,    -1.941919E-4,    -5.113482E-4
1.111000E+7,    -1.826882E-4,    -5.166531E-4
1.111625E+7,    -2.009869E-4,    -5.241036E-4
1.112250E+7,    -2.067685E-4,    -5.140305E-4
1.112875E+7,    -2.272725E-4,    -5.213022E-4
1.113500E+7,    -2.096295E-4,    -5.333424E-4
1.114125E+7,    -2.136230E-4,    -5.363822E-4
1.114750E+7,    -2.017617E-4,    -5.258918E-4
1.115375E+7,    -2.033710E-4,    -5.417466E-4
1.116000E+7,    -2.206564E-4,    -5.083680E-4
1.116625E+7,    -2.298355E-4,    -5.297065E-4
1.117250E+7,    -2.116561E-4,    -5.498528E-4
1.117875E+7,    -2.364516E-4,    -5.494356E-4
1.118500E+7,    -2.355576E-4,    -5.602241E-4
1.119125E+7,    -2.424121E-4,    -5.587339E-4
1.119750E+7,    -2.320409E-4,    -5.649924E-4
1.120375E+7,    -2.251267E-4,    -5.628467E-4
1.121000E+7,    -2.435446E-4,    -5.697012E-4
1.121625E+7,    -2.513528E-4,    -5.978346E-4
1.122250E+7,    -2.812743E-4,    -6.178021E-4
1.122875E+7,    -2.751350E-4,    -6.846189E-4
1.123500E+7,    -2.840757E-4,    -7.325411E-4
1.124125E+7,    -2.807379E-4,    -7.008314E-4
1.124750E+7,    -2.638102E-4,    -7.675886E-4
1.125375E+7,    -2.875328E-4,    -6.985664E-4
1.126000E+7,    -2.778769E-4,    -7.188320E-4
1.126625E+7,    -2.588630E-4,    -6.764531E-4
1.127250E+7,    -2.756119E-4,    -7.448196E-4
1.127875E+7,    -2.828240E-4,    -6.921887E-4
1.128500E+7,    -3.103018E-4,    -7.090569E-4
1.129125E+7,    -2.926588E-4,    -6.865263E-4
1.129750E+7,    -2.753139E-4,    -6.296039E-4
1.130375E+7,    -2.801418E-4,    -6.454587E-4
1.131000E+7,    -2.917051E-4,    -6.702542E-4
1.131625E+7,    -2.761483E-4,    -6.703734E-4
1.132250E+7,    -3.050566E-4,    -7.030964E-4
1.132875E+7,    -3.070831E-4,    -6.948709E-4
1.133500E+7,    -3.218651E-4,    -7.243156E-4
1.134125E+7,    -2.687573E-4,    -6.793141E-4
1.134750E+7,    -3.148317E-4,    -6.722212E-4
1.135375E+7,    -2.943277E-4,    -6.678700E-4
1.136000E+7,    -2.908707E-4,    -6.359816E-4
1.136625E+7,    -3.021955E-4,    -6.849766E-4
1.137250E+7,    -3.290176E-4,    -6.821156E-4
1.137875E+7,    -3.185272E-4,    -7.119179E-4
1.138500E+7,    -3.236532E-4,    -7.165670E-4
1.139125E+7,    -2.944469E-4,    -6.847978E-4
1.139750E+7,    -3.070831E-4,    -6.837845E-4
1.140375E+7,    -3.221035E-4,    -7.059574E-4
1.141000E+7,    -3.101230E-4,    -6.599426E-4
1.141625E+7,    -2.770424E-4,    -6.756783E-4
1.142250E+7,    -3.196001E-4,    -7.048845E-4
1.142875E+7,    -3.350973E-4,    -7.100105E-4
1.143500E+7,    -3.050566E-4,    -7.036924E-4
1.144125E+7,    -3.397465E-4,    -6.971359E-4
1.144750E+7,    -3.386736E-4,    -7.737875E-4
1.145375E+7,    -3.514290E-4,    -7.764101E-4
1.146000E+7,    -3.429651E-4,    -7.644892E-4
1.146625E+7,    -3.814697E-4,    -8.105040E-4
1.147250E+7,    -3.159046E-4,    -8.034706E-4
1.147875E+7,    -3.716946E-4,    -7.623434E-4
1.148500E+7,    -3.453493E-4,    -7.658005E-4
1.149125E+7,    -3.728867E-4,    -8.490086E-4
1.149750E+7,    -3.525019E-4,    -8.883476E-4
1.150375E+7,    -3.533363E-4,    -8.473396E-4
1.151000E+7,    -4.155636E-4,    -8.642673E-4
1.151625E+7,    -3.955364E-4,    -8.645058E-4
1.152250E+7,    -3.519058E-4,    -8.732080E-4
1.152875E+7,    -3.769398E-4,    -8.426905E-4
1.153500E+7,    -3.650188E-4,    -7.741451E-4
1.154125E+7,    -4.115105E-4,    -8.752346E-4
1.154750E+7,    -3.871918E-4,    -8.727312E-4
1.155375E+7,    -3.761053E-4,    -8.802414E-4
1.156000E+7,    -3.834963E-4,    -1.009107E-3
1.156625E+7,    -3.989935E-4,    -9.909868E-4
1.157250E+7,    -4.003048E-4,    -9.876490E-4
1.157875E+7,    -5.147457E-4,    -9.905100E-4
1.158500E+7,    -4.826784E-4,    -1.122713E-3
1.159125E+7,    -4.400015E-4,    -9.824038E-4
1.159750E+7,    -3.659725E-4,    -9.831190E-4
1.160375E+7,    -4.384518E-4,    -1.021981E-3
1.161000E+7,    -4.639626E-4,    -1.028180E-3
1.161625E+7,    -5.004406E-4,    -1.120687E-3
1.162250E+7,    -4.913807E-4,    -1.196861E-3
1.162875E+7,    -4.339218E-4,    -1.414657E-3
1.163500E+7,    -4.186630E-4,    -1.575232E-3
1.164125E+7,    -1.535416E-4,    -1.792669E-3
1.164750E+7,    1.938343E-4,    -1.995325E-3
1.165375E+7,    2.133846E-5,    -1.888156E-3
1.166000E+7,    3.596544E-4,    -1.840711E-3
1.166625E+7,    8.167028E-4,    -1.873612E-3
1.167250E+7,    1.003146E-3,    -1.710296E-3
1.167875E+7,    1.008391E-3,    -1.689196E-3
1.168500E+7,    1.002550E-3,    -1.685262E-3
1.169125E+7,    9.708405E-4,    -1.682758E-3
1.169750E+7,    9.858608E-4,    -1.730323E-3
1.170375E+7,    1.026273E-3,    -1.742482E-3
1.171000E+7,    1.036048E-3,    -1.819968E-3
1.171625E+7,    9.801388E-4,    -1.789927E-3
1.172250E+7,    9.998083E-4,    -1.749635E-3
1.172875E+7,    1.017809E-3,    -1.821637E-3
1.173500E+7,    9.889603E-4,    -1.806021E-3
1.174125E+7,    1.006722E-3,    -1.815319E-3
1.174750E+7,    1.037955E-3,    -1.822829E-3
1.175375E+7,    1.069665E-3,    -1.875877E-3
1.176000E+7,    1.002908E-3,    -1.841903E-3
1.176625E+7,    1.108050E-3,    -1.898289E-3
1.177250E+7,    1.065254E-3,    -1.903057E-3
1.177875E+7,    1.055241E-3,    -1.993179E-3
1.178500E+7,    1.049519E-3,    -1.907825E-3
1.179125E+7,    1.099229E-3,    -1.949430E-3
1.179750E+7,    1.070857E-3,    -1.940727E-3
1.180375E+7,    9.868145E-4,    -1.925588E-3
1.181000E+7,    1.027584E-3,    -1.960754E-3
1.181625E+7,    1.011610E-3,    -1.944900E-3
1.182250E+7,    1.087666E-3,    -2.000570E-3
1.182875E+7,    9.877682E-4,    -2.050877E-3
1.183500E+7,    1.065016E-3,    -2.062082E-3
1.184125E+7,    1.123190E-3,    -2.072096E-3
1.184750E+7,    1.135826E-3,    -2.037287E-3
1.185375E+7,    1.178980E-3,    -2.079248E-3
1.186000E+7,    1.107931E-3,    -2.131462E-3
1.186625E+7,    1.137018E-3,    -2.138615E-3
1.187250E+7,    1.160383E-3,    -2.133608E-3
1.187875E+7,    1.178026E-3,    -2.197742E-3
1.188500E+7,    1.138687E-3,    -2.144575E-3
1.189125E+7,    1.108170E-3,    -2.190828E-3
1.189750E+7,    1.163483E-3,    -2.269506E-3
1.190375E+7,    1.154661E-3,    -2.274275E-3
1.191000E+7,    1.160622E-3,    -2.266645E-3
1.191625E+7,    1.198292E-3,    -2.256393E-3
1.192250E+7,    1.172781E-3,    -2.295494E-3
1.192875E+7,    1.224995E-3,    -2.317905E-3
1.193500E+7,    1.222372E-3,    -2.295256E-3
1.194125E+7,    1.192093E-3,    -2.338648E-3
1.194750E+7,    1.132965E-3,    -2.349377E-3
1.195375E+7,    1.231670E-3,    -2.409220E-3
1.196000E+7,    1.146078E-3,    -2.360106E-3
1.196625E+7,    1.218319E-3,    -2.456903E-3
1.197250E+7,    1.244545E-3,    -2.435446E-3
1.197875E+7,    1.211882E-3,    -2.530336E-3
1.198500E+7,    1.222610E-3,    -2.486944E-3
1.199125E+7,    1.182079E-3,    -2.553225E-3
1.199750E+7,    1.199007E-3,    -2.555609E-3
1.200375E+7,    1.215458E-3,    -2.532005E-3
1.201000E+7,    1.269102E-3,    -2.568483E-3
1.201625E+7,    1.210928E-3,    -2.568245E-3
1.202250E+7,    1.254797E-3,    -2.600431E-3
1.202875E+7,    1.214266E-3,    -2.664089E-3
1.203500E+7,    1.247644E-3,    -2.624273E-3
1.204125E+7,    1.168966E-3,    -2.670765E-3
1.204750E+7,    1.204491E-3,    -2.652645E-3
1.205375E+7,    1.242876E-3,    -2.680063E-3
1.206000E+7,    1.259565E-3,    -2.664566E-3
1.206625E+7,    1.296520E-3,    -2.743959E-3
1.207250E+7,    1.345634E-3,    -2.798796E-3
1.207875E+7,    1.268387E-3,    -2.785444E-3
1.208500E+7,    1.259327E-3,    -2.738953E-3
1.209125E+7,    1.243353E-3,    -2.788544E-3
1.209750E+7,    1.248360E-3,    -2.790213E-3
1.210375E+7,    1.286983E-3,    -2.761364E-3
1.211000E+7,    1.294374E-3,    -2.847195E-3
1.211625E+7,    1.226187E-3,    -2.846956E-3
1.212250E+7,    1.266479E-3,    -2.871752E-3
1.212875E+7,    1.302958E-3,    -2.917290E-3
1.213500E+7,    1.328230E-3,    -2.924442E-3
1.214125E+7,    1.316071E-3,    -2.982378E-3
1.214750E+7,    1.338720E-3,    -2.989292E-3
1.215375E+7,    1.343966E-3,    -3.072500E-3
1.216000E+7,    1.309633E-3,    -2.999544E-3
1.216625E+7,    1.339197E-3,    -3.106594E-3
1.217250E+7,    1.337051E-3,    -3.097534E-3
1.217875E+7,    1.352310E-3,    -3.151655E-3
1.218500E+7,    1.351118E-3,    -3.154993E-3
1.219125E+7,    1.384258E-3,    -3.189325E-3
1.219750E+7,    1.353502E-3,    -3.236771E-3
1.220375E+7,    1.402140E-3,    -3.241777E-3
1.221000E+7,    1.392603E-3,    -3.260136E-3
1.221625E+7,    1.443624E-3,    -3.321886E-3
1.222250E+7,    1.388311E-3,    -3.315687E-3
1.222875E+7,    1.400471E-3,    -3.414631E-3
1.223500E+7,    1.392365E-3,    -3.406048E-3
1.224125E+7,    1.414776E-3,    -3.452301E-3
1.224750E+7,    1.489639E-3,    -3.465652E-3
1.225375E+7,    1.448870E-3,    -3.498554E-3
1.226000E+7,    1.515627E-3,    -3.498316E-3
1.226625E+7,    1.471519E-3,    -3.551483E-3
1.227250E+7,    1.493454E-3,    -3.592014E-3
1.227875E+7,    1.531363E-3,    -3.660917E-3
1.228500E+7,    1.526117E-3,    -3.652573E-3
1.229125E+7,    1.544952E-3,    -3.729105E-3
1.229750E+7,    1.529694E-3,    -3.760576E-3
1.230375E+7,    1.546383E-3,    -3.813982E-3
1.231000E+7,    1.590252E-3,    -3.819227E-3
1.231625E+7,    1.578331E-3,    -3.819704E-3
1.232250E+7,    1.581430E-3,    -3.917933E-3
1.232875E+7,    1.657486E-3,    -3.908396E-3
1.233500E+7,    1.585007E-3,    -3.978252E-3
1.234125E+7,    1.586914E-3,    -4.051208E-3
1.234750E+7,    1.642227E-3,    -4.064083E-3
1.235375E+7,    1.634598E-3,    -4.111767E-3
1.236000E+7,    1.630306E-3,    -4.148483E-3
1.236625E+7,    1.639843E-3,    -4.220963E-3
1.237250E+7,    1.690865E-3,    -4.230976E-3
1.237875E+7,    1.675129E-3,    -4.311562E-3
1.238500E+7,    1.664639E-3,    -4.344940E-3
1.239125E+7,    1.712322E-3,    -4.398823E-3
1.239750E+7,    1.732826E-3,    -4.396439E-3
1.240375E+7,    1.778126E-3,    -4.486084E-3
1.241000E+7,    1.822472E-3,    -4.541397E-3
1.241625E+7,    1.816750E-3,    -4.576206E-3
1.242250E+7,    1.832485E-3,    -4.652977E-3
1.242875E+7,    1.827240E-3,    -4.712582E-3
1.243500E+7,    1.829147E-3,    -4.760265E-3
1.244125E+7,    1.848698E-3,    -4.877090E-3
1.244750E+7,    1.878262E-3,    -4.861355E-3
1.245375E+7,    1.916885E-3,    -4.955769E-3
1.246000E+7,    1.959801E-3,    -4.958153E-3
1.246625E+7,    1.959801E-3,    -5.047321E-3
1.247250E+7,    2.018452E-3,    -5.083561E-3
1.247875E+7,    2.014160E-3,    -5.127430E-3
1.248500E+7,    2.051830E-3,    -5.264282E-3
1.249125E+7,    2.053261E-3,    -5.321503E-3
1.249750E+7,    2.111912E-3,    -5.417347E-3
1.250375E+7,    2.075195E-3,    -5.490303E-3
1.251000E+7,    2.095699E-3,    -5.532742E-3
1.251625E+7,    2.114773E-3,    -5.579948E-3
1.252250E+7,    2.181053E-3,    -5.682945E-3
1.252875E+7,    2.195835E-3,    -5.716801E-3
1.253500E+7,    2.172947E-3,    -5.777359E-3
1.254125E+7,    2.231598E-3,    -5.855083E-3
1.254750E+7,    2.252102E-3,    -5.961418E-3
1.255375E+7,    2.278805E-3,    -6.041527E-3
1.256000E+7,    2.298355E-3,    -6.135941E-3
1.256625E+7,    2.345562E-3,    -6.217957E-3
1.257250E+7,    2.333641E-3,    -6.336212E-3
1.257875E+7,    2.371788E-3,    -6.401062E-3
1.258500E+7,    2.357960E-3,    -6.426334E-3
1.259125E+7,    2.471924E-3,    -6.520271E-3
1.259750E+7,    2.483368E-3,    -6.600857E-3
1.260375E+7,    2.506733E-3,    -6.766319E-3
1.261000E+7,    2.483368E-3,    -6.850243E-3
1.261625E+7,    2.510548E-3,    -7.037640E-3
1.262250E+7,    2.577305E-3,    -7.046223E-3
1.262875E+7,    2.388954E-3,    -7.441998E-3
1.263500E+7,    2.620697E-3,    -7.142544E-3
1.264125E+7,    2.720833E-3,    -7.359505E-3
1.264750E+7,    2.702713E-3,    -7.528782E-3
1.265375E+7,    2.766132E-3,    -7.542133E-3
1.266000E+7,    2.693176E-3,    -7.833481E-3
1.266625E+7,    2.827168E-3,    -7.830143E-3
1.267250E+7,    1.046181E-3,    -8.542061E-3
1.267875E+7,    1.865387E-3,    -8.582115E-3
1.268500E+7,    1.080513E-3,    -9.039879E-3
1.269125E+7,    2.138138E-3,    -8.918762E-3
1.269750E+7,    2.956390E-3,    -8.343697E-3
1.270375E+7,    1.325607E-4,    -8.736610E-3
1.271000E+7,    1.110077E-3,    -9.988785E-3
1.271625E+7,    3.232956E-3,    -8.843422E-3
1.272250E+7,    3.190041E-3,    -8.985519E-3
1.272875E+7,    3.275871E-3,    -9.149551E-3
1.273500E+7,    3.162384E-3,    -9.508133E-3
1.274125E+7,    3.305435E-3,    -9.570122E-3
1.274750E+7,    3.298283E-3,    -9.883881E-3
1.275375E+7,    3.461838E-3,    -9.798527E-3
1.276000E+7,    2.897263E-3,    -1.021719E-2
1.276625E+7,    1.677036E-3,    -1.061964E-2
1.277250E+7,    -1.818657E-3,    -7.836342E-3
1.277875E+7,    -2.883911E-3,    -9.849072E-3
1.278500E+7,    -1.268864E-3,    -1.162004E-2
1.279125E+7,    3.042221E-4,    -1.221609E-2
1.279750E+7,    2.820492E-3,    -1.145363E-2
1.280375E+7,    -1.091003E-3,    -1.123047E-2
1.281000E+7,    -4.062653E-3,    -9.639740E-3
1.281625E+7,    -3.260612E-3,    -1.287270E-2
1.282250E+7,    -3.474236E-3,    -1.276016E-2
1.282875E+7,    1.227379E-3,    -1.305676E-2
1.283500E+7,    -5.220413E-3,    -1.119900E-2
1.284125E+7,    3.720284E-3,    -1.415157E-2
1.284750E+7,    4.187584E-3,    -1.385403E-2
1.285375E+7,    3.227711E-3,    -1.467419E-2
1.286000E+7,    3.319740E-3,    -1.468229E-2
1.286625E+7,    3.203392E-3,    -1.542854E-2
1.287250E+7,    3.835678E-3,    -1.542902E-2
1.287875E+7,    4.598141E-3,    -1.516104E-2
1.288500E+7,    3.662586E-3,    -1.536131E-2
1.289125E+7,    2.745628E-3,    -1.698112E-2
1.289750E+7,    3.929138E-4,    -1.720715E-2
1.290375E+7,    3.407478E-3,    -1.675034E-2
1.291000E+7,    2.156258E-3,    -1.746941E-2
1.291625E+7,    1.298904E-3,    -1.869583E-2
1.292250E+7,    -8.401871E-4,    -1.653290E-2
1.292875E+7,    4.930496E-4,    -1.843548E-2
1.293500E+7,    -6.780624E-3,    -1.556873E-2
1.294125E+7,    -4.443169E-3,    -1.733971E-2
1.294750E+7,    -6.665230E-3,    -1.350689E-2
1.295375E+7,    -6.857395E-3,    -8.981228E-3
1.296000E+7,    -5.976200E-3,    -6.851196E-3
1.296625E+7,    -5.859375E-3,    -6.516457E-3
1.297250E+7,    -6.067753E-3,    -6.758213E-3
1.297875E+7,    -6.185532E-3,    -6.838799E-3
1.298500E+7,    -6.306648E-3,    -6.913662E-3
1.299125E+7,    -6.465912E-3,    -7.057190E-3
1.299750E+7,    -6.619453E-3,    -7.164955E-3
1.300375E+7,    -6.838322E-3,    -7.313251E-3
1.301000E+7,    -6.991386E-3,    -7.508278E-3
1.301625E+7,    -7.191658E-3,    -7.632732E-3
1.302250E+7,    -7.398129E-3,    -7.829189E-3
1.302875E+7,    -7.586956E-3,    -7.973671E-3
1.303500E+7,    -7.812023E-3,    -8.169651E-3
1.304125E+7,    -8.048058E-3,    -8.321762E-3
1.304750E+7,    -8.296967E-3,    -8.499146E-3
1.305375E+7,    -8.490562E-3,    -8.677483E-3
1.306000E+7,    -8.753777E-3,    -8.879662E-3
1.306625E+7,    -9.024620E-3,    -9.111404E-3
1.307250E+7,    -9.291649E-3,    -9.282112E-3
1.307875E+7,    -9.645462E-3,    -9.574890E-3
1.308500E+7,    -9.963036E-3,    -9.755135E-3
1.309125E+7,    -1.029015E-2,    -1.003265E-2
1.309750E+7,    -1.059914E-2,    -1.024342E-2
1.310375E+7,    -1.095390E-2,    -1.050472E-2
1.311000E+7,    -1.133823E-2,    -1.075459E-2
1.311625E+7,    -1.172543E-2,    -1.104259E-2
1.312250E+7,    -1.219654E-2,    -1.135063E-2
1.312875E+7,    -1.263714E-2,    -1.166821E-2
1.313500E+7,    -1.312160E-2,    -1.199913E-2
1.314125E+7,    -1.357079E-2,    -1.229191E-2
1.314750E+7,    -1.412868E-2,    -1.263428E-2
1.315375E+7,    -1.488018E-2,    -1.313591E-2
1.316000E+7,    -1.545048E-2,    -1.351738E-2
1.316625E+7,    -1.606464E-2,    -1.394272E-2
1.317250E+7,    -1.666451E-2,    -1.414490E-2
1.317875E+7,    -1.740074E-2,    -1.467323E-2
1.318500E+7,    -1.807594E-2,    -1.511192E-2
1.319125E+7,    -1.900864E-2,    -1.560211E-2
1.319750E+7,    -1.956177E-2,    -1.588249E-2
1.320375E+7,    -2.045250E-2,    -1.631546E-2
1.321000E+7,    -2.155876E-2,    -1.702309E-2
1.321625E+7,    -2.222824E-2,    -1.726341E-2
1.322250E+7,    -2.322006E-2,    -1.776123E-2
1.322875E+7,    -2.452660E-2,    -1.838303E-2
1.323500E+7,    -2.587891E-2,    -1.904488E-2
1.324125E+7,    -2.744865E-2,    -1.989174E-2
1.324750E+7,    -2.946091E-2,    -2.092552E-2
1.325375E+7,    -3.152847E-2,    -2.200890E-2
1.326000E+7,    -3.293037E-2,    -2.248383E-2
1.326625E+7,    -3.487015E-2,    -2.323151E-2
1.327250E+7,    -3.697014E-2,    -2.407837E-2
1.327875E+7,    -3.954124E-2,    -2.501106E-2
1.328500E+7,    -4.158401E-2,    -2.563095E-2
1.329125E+7,    -4.483032E-2,    -2.693176E-2
1.329750E+7,    -4.730988E-2,    -2.777863E-2
1.330375E+7,    -5.010223E-2,    -2.817154E-2
1.331000E+7,    -5.486298E-2,    -2.960968E-2
1.331625E+7,    -5.846405E-2,    -3.069687E-2
1.332250E+7,    -6.398392E-2,    -3.216553E-2
1.332875E+7,    -6.615448E-2,    -3.233337E-2
1.333500E+7,    -6.922150E-2,    -3.157425E-2
1.334125E+7,    -7.316208E-2,    -3.197479E-2
1.334750E+7,    -7.805252E-2,    -3.195572E-2
1.335375E+7,    -8.538437E-2,    -3.278351E-2
1.336000E+7,    -9.139633E-2,    -3.332138E-2
1.336625E+7,    -9.785080E-2,    -3.226852E-2
1.337250E+7,    -1.072159E-1,    -3.274536E-2
1.337875E+7,    -1.152267E-1,    -3.134155E-2
1.338500E+7,    -1.242294E-1,    -2.967834E-2
1.339125E+7,    -1.372681E-1,    -2.765656E-2
1.339750E+7,    -1.487579E-1,    -2.423859E-2
1.340375E+7,    -1.613083E-1,    -1.904297E-2
1.341000E+7,    -1.764069E-1,    -1.250458E-2
1.341625E+7,    -1.945877E-1,    -3.814697E-3
1.342250E+7,    -2.129288E-1,    7.766724E-3
1.342875E+7,    -2.342377E-1,    2.394104E-2
1.343500E+7,    -2.570190E-1,    4.507446E-2
1.344125E+7,    -2.753601E-1,    7.028198E-2
1.344750E+7,    -2.972260E-1,    1.044617E-1
1.345375E+7,    -3.149109E-1,    1.458588E-1
1.346000E+7,    -3.252716E-1,    1.963043E-1
1.346625E+7,    -3.294373E-1,    2.567902E-1
1.347250E+7,    -3.225403E-1,    3.249054E-1
1.347875E+7,    -2.953339E-1,    3.906097E-1
1.348500E+7,    -2.479401E-1,    4.522858E-1
1.349125E+7,    -1.885071E-1,    5.074768E-1
1.349750E+7,    -1.157837E-1,    5.517578E-1
1.350375E+7,    -3.512573E-2,    5.830383E-1
1.351000E+7,    4.849243E-2,    5.889893E-1
1.351625E+7,    1.331787E-1,    5.810242E-1
1.352250E+7,    2.120361E-1,    5.608215E-1
1.352875E+7,    2.862854E-1,    5.286865E-1
1.353500E+7,    3.553162E-1,    4.868469E-1
1.354125E+7,    4.165039E-1,    4.350586E-1
1.354750E+7,    4.694214E-1,    3.745728E-1
1.355375E+7,    5.134888E-1,    3.048096E-1
1.356000E+7,    5.434570E-1,    2.274780E-1
1.356625E+7,    5.587769E-1,    1.461182E-1
1.357250E+7,    5.582886E-1,    6.085205E-2
1.357875E+7,    5.419006E-1,    -1.968384E-2
1.358500E+7,    5.086670E-1,    -9.210205E-2
1.359125E+7,    4.625092E-1,    -1.526031E-1
1.359750E+7,    4.088135E-1,    -1.986237E-1
1.360375E+7,    3.527832E-1,    -2.283020E-1
1.361000E+7,    2.981567E-1,    -2.460022E-1
1.361625E+7,    2.479401E-1,    -2.516785E-1
1.362250E+7,    2.033691E-1,    -2.499390E-1
1.362875E+7,    1.653442E-1,    -2.429352E-1
1.363500E+7,    1.338348E-1,    -2.329254E-1
1.364125E+7,    1.072235E-1,    -2.200012E-1
1.364750E+7,    8.560181E-2,    -2.070465E-1
1.365375E+7,    6.756592E-2,    -1.941986E-1
1.366000E+7,    5.265808E-2,    -1.812286E-1
1.366625E+7,    4.063416E-2,    -1.693726E-1
1.367250E+7,    3.137207E-2,    -1.580505E-1
1.367875E+7,    2.319336E-2,    -1.470947E-1
1.368500E+7,    1.678467E-2,    -1.371002E-1
1.369125E+7,    1.148987E-2,    -1.275787E-1
1.369750E+7,    7.202148E-3,    -1.194992E-1
1.370375E+7,    3.646851E-3,    -1.119690E-1
1.371000E+7,    7.400513E-4,    -1.048660E-1
1.371625E+7,    -1.289368E-3,    -9.854126E-2
1.372250E+7,    -3.684998E-3,    -9.282684E-2
1.372875E+7,    -5.172729E-3,    -8.744049E-2
1.373500E+7,    -6.538391E-3,    -8.248138E-2
1.374125E+7,    -7.316589E-3,    -7.781219E-2
1.374750E+7,    -8.445740E-3,    -7.373810E-2
1.375375E+7,    -9.208679E-3,    -6.979370E-2
1.376000E+7,    -9.681702E-3,    -6.626892E-2
1.376625E+7,    -1.010895E-2,    -6.289673E-2
1.377250E+7,    -1.056671E-2,    -5.992889E-2
1.377875E+7,    -1.081848E-2,    -5.716705E-2
1.378500E+7,    -1.103210E-2,    -5.454254E-2
1.379125E+7,    -1.117706E-2,    -5.211639E-2
1.379750E+7,    -1.129913E-2,    -4.976654E-2
1.380375E+7,    -1.138687E-2,    -4.763031E-2
1.381000E+7,    -1.142120E-2,    -4.568863E-2
1.381625E+7,    -1.140976E-2,    -4.389954E-2
1.382250E+7,    -1.134872E-2,    -4.211426E-2
1.382875E+7,    -1.141739E-2,    -4.054642E-2
1.383500E+7,    -1.133347E-2,    -3.906250E-2
1.384125E+7,    -1.123428E-2,    -3.762436E-2
1.384750E+7,    -1.122284E-2,    -3.625488E-2
1.385375E+7,    -1.116562E-2,    -3.499985E-2
1.386000E+7,    -1.102066E-2,    -3.378677E-2
1.386625E+7,    -1.096344E-2,    -3.266525E-2
1.387250E+7,    -1.086044E-2,    -3.165436E-2
1.387875E+7,    -1.077652E-2,    -3.068924E-2
1.388500E+7,    -1.068878E-2,    -2.974701E-2
1.389125E+7,    -1.057053E-2,    -2.886963E-2
1.389750E+7,    -1.044846E-2,    -2.796555E-2
1.390375E+7,    -1.039505E-2,    -2.722168E-2
1.391000E+7,    -1.025391E-2,    -2.643585E-2
1.391625E+7,    -1.017380E-2,    -2.577209E-2
1.392250E+7,    -1.005936E-2,    -2.508163E-2
1.392875E+7,    -9.983063E-3,    -2.440643E-2
1.393500E+7,    -9.860992E-3,    -2.381516E-2
1.394125E+7,    -9.807587E-3,    -2.328110E-2
1.394750E+7,    -9.719849E-3,    -2.270508E-2
1.395375E+7,    -9.639740E-3,    -2.222061E-2
1.396000E+7,    -9.578705E-3,    -2.172279E-2
1.396625E+7,    -9.500504E-3,    -2.121544E-2
1.397250E+7,    -9.450912E-3,    -2.079391E-2
1.397875E+7,    -9.366989E-3,    -2.035713E-2
1.398500E+7,    -9.267807E-3,    -1.994514E-2
1.399125E+7,    -9.204865E-3,    -1.955986E-2
1.399750E+7,    -9.172440E-3,    -1.921272E-2
1.400375E+7,    -9.124756E-3,    -1.888084E-2
1.401000E+7,    -9.057999E-3,    -1.854134E-2
1.401625E+7,    -9.006500E-3,    -1.824188E-2
1.402250E+7,    -8.977890E-3,    -1.796341E-2
1.402875E+7,    -8.947372E-3,    -1.768494E-2
1.403500E+7,    -8.926392E-3,    -1.742363E-2
1.404125E+7,    -8.865356E-3,    -1.716423E-2
1.404750E+7,    -8.857727E-3,    -1.692009E-2
1.405375E+7,    -8.847237E-3,    -1.668358E-2
1.406000E+7,    -8.819580E-3,    -1.647377E-2
1.406625E+7,    -8.804321E-3,    -1.627922E-2
1.407250E+7,    -8.800507E-3,    -1.613140E-2
1.407875E+7,    -8.845329E-3,    -1.593494E-2
1.408500E+7,    -8.839607E-3,    -1.579857E-2
1.409125E+7,    -8.873940E-3,    -1.563549E-2
1.409750E+7,    -8.879662E-3,    -1.550770E-2
1.410375E+7,    -8.876801E-3,    -1.541138E-2
1.411000E+7,    -8.955956E-3,    -1.529408E-2
1.411625E+7,    -8.983612E-3,    -1.518440E-2
1.412250E+7,    -9.053230E-3,    -1.512146E-2
1.412875E+7,    -9.112358E-3,    -1.503468E-2
1.413500E+7,    -9.153366E-3,    -1.498604E-2
1.414125E+7,    -9.259224E-3,    -1.492214E-2
1.414750E+7,    -9.330750E-3,    -1.491261E-2
1.415375E+7,    -9.430885E-3,    -1.487446E-2
1.416000E+7,    -9.556770E-3,    -1.485252E-2
1.416625E+7,    -9.688377E-3,    -1.487064E-2
1.417250E+7,    -9.821892E-3,    -1.488972E-2
1.417875E+7,    -9.973526E-3,    -1.494408E-2
1.418500E+7,    -1.011944E-2,    -1.493549E-2
1.419125E+7,    -1.034737E-2,    -1.502705E-2
1.419750E+7,    -1.053810E-2,    -1.511097E-2
1.420375E+7,    -1.075649E-2,    -1.519012E-2
1.421000E+7,    -1.103687E-2,    -1.531219E-2
1.421625E+7,    -1.137257E-2,    -1.546383E-2
1.422250E+7,    -1.169395E-2,    -1.559830E-2
1.422875E+7,    -1.204014E-2,    -1.578426E-2
1.423500E+7,    -1.244926E-2,    -1.599026E-2
1.424125E+7,    -1.291466E-2,    -1.623344E-2
1.424750E+7,    -1.342773E-2,    -1.651287E-2
1.425375E+7,    -1.401901E-2,    -1.678658E-2
1.426000E+7,    -1.466274E-2,    -1.706409E-2
1.426625E+7,    -1.543617E-2,    -1.746178E-2
1.427250E+7,    -1.631355E-2,    -1.782227E-2
1.427875E+7,    -1.733971E-2,    -1.824188E-2
1.428500E+7,    -1.852989E-2,    -1.868057E-2
1.429125E+7,    -1.993561E-2,    -1.912117E-2
1.429750E+7,    -2.157021E-2,    -1.963997E-2
1.430375E+7,    -2.355766E-2,    -2.009583E-2
1.431000E+7,    -2.605629E-2,    -2.054024E-2
1.431625E+7,    -2.900124E-2,    -2.084160E-2
1.432250E+7,    -3.268242E-2,    -2.087975E-2
1.432875E+7,    -3.724098E-2,    -2.024841E-2
1.433500E+7,    -4.288673E-2,    -1.886368E-2
1.434125E+7,    -4.959488E-2,    -1.561356E-2
1.434750E+7,    -5.699921E-2,    -9.418488E-3
1.435375E+7,    -6.359863E-2,    9.574890E-4
1.436000E+7,    -6.613541E-2,    1.607132E-2
1.436625E+7,    -6.111145E-2,    3.263664E-2
1.437250E+7,    -4.852104E-2,    4.504204E-2
1.437875E+7,    -3.327942E-2,    4.950714E-2
1.438500E+7,    -2.047920E-2,    4.789925E-2
1.439125E+7,    -1.128197E-2,    4.324722E-2
1.439750E+7,    -5.428314E-3,    3.808594E-2
1.440375E+7,    -1.699448E-3,    3.323364E-2
1.441000E+7,    5.092621E-4,    2.898216E-2
1.441625E+7,    1.933098E-3,    2.544689E-2
1.442250E+7,    2.702713E-3,    2.247334E-2
1.442875E+7,    3.258705E-3,    1.996994E-2
1.443500E+7,    3.472328E-3,    1.785278E-2
1.444125E+7,    3.599167E-3,    1.608658E-2
1.444750E+7,    3.615379E-3,    1.451206E-2
1.445375E+7,    3.567696E-3,    1.322460E-2
1.446000E+7,    3.505230E-3,    1.207876E-2
1.446625E+7,    3.418446E-3,    1.106071E-2
1.447250E+7,    3.310204E-3,    1.017284E-2
1.447875E+7,    3.196716E-3,    9.373188E-3
1.448500E+7,    3.081799E-3,    8.711815E-3
1.449125E+7,    2.962589E-3,    8.066177E-3
1.449750E+7,    2.842426E-3,    7.503986E-3
1.450375E+7,    2.737522E-3,    7.023811E-3
1.451000E+7,    2.611160E-3,    6.537914E-3
1.451625E+7,    2.508640E-3,    6.149292E-3
1.452250E+7,    2.421856E-3,    5.767345E-3
1.452875E+7,    2.313375E-3,    5.432367E-3
1.453500E+7,    2.201319E-3,    5.090714E-3
1.454125E+7,    2.116203E-3,    4.828453E-3
1.454750E+7,    2.021790E-3,    4.545689E-3
1.455375E+7,    1.954794E-3,    4.304886E-3
1.456000E+7,    1.879692E-3,    4.072666E-3
1.456625E+7,    1.820803E-3,    3.876209E-3
1.457250E+7,    1.731396E-3,    3.675699E-3
1.457875E+7,    1.669645E-3,    3.488302E-3
1.458500E+7,    1.597643E-3,    3.304958E-3
1.459125E+7,    1.538992E-3,    3.154516E-3
1.459750E+7,    1.496792E-3,    2.993345E-3
1.460375E+7,    1.399994E-3,    2.869606E-3
1.461000E+7,    1.364946E-3,    2.720833E-3
1.461625E+7,    1.329422E-3,    2.607107E-3
1.462250E+7,    1.287937E-3,    2.497554E-3
1.462875E+7,    1.229286E-3,    2.375484E-3
1.463500E+7,    1.183033E-3,    2.261639E-3
1.464125E+7,    1.139045E-3,    2.166271E-3
1.464750E+7,    1.098514E-3,    2.083302E-3
1.465375E+7,    1.068830E-3,    1.983643E-3
1.466000E+7,    1.031399E-3,    1.896143E-3
1.466625E+7,    9.870529E-4,    1.818657E-3
1.467250E+7,    9.574890E-4,    1.763701E-3
1.467875E+7,    9.175539E-4,    1.705289E-3
1.468500E+7,    9.058714E-4,    1.632214E-3
1.469125E+7,    8.705854E-4,    1.543641E-3
1.469750E+7,    8.360147E-4,    1.502395E-3
1.470375E+7,    8.101463E-4,    1.448631E-3
1.471000E+7,    7.715225E-4,    1.413703E-3
1.471625E+7,    7.672310E-4,    1.335144E-3
1.472250E+7,    7.489920E-4,    1.281977E-3
1.472875E+7,    6.970167E-4,    1.243114E-3
1.473500E+7,    6.676912E-4,    1.198173E-3
1.474125E+7,    6.616712E-4,    1.169145E-3
1.474750E+7,    6.403923E-4,    1.129329E-3
1.475375E+7,    6.287098E-4,    1.056194E-3
1.476000E+7,    6.105900E-4,    1.036406E-3
1.476625E+7,    5.714297E-4,    9.735227E-4
1.477250E+7,    5.630255E-4,    9.608865E-4
1.477875E+7,    5.461574E-4,    9.268522E-4
1.478500E+7,    5.536675E-4,    9.085536E-4
1.479125E+7,    5.210042E-4,    8.656383E-4
1.479750E+7,    4.938245E-4,    8.281469E-4
1.480375E+7,    4.790425E-4,    8.174181E-4
1.481000E+7,    4.640222E-4,    7.839203E-4
1.481625E+7,    4.565716E-4,    7.719398E-4
1.482250E+7,    4.461408E-4,    7.444620E-4
1.482875E+7,    4.329681E-4,    7.096529E-4
1.483500E+7,    4.084706E-4,    6.798506E-4
1.484125E+7,    4.078150E-4,    6.485581E-4
1.484750E+7,    3.888607E-4,    6.246567E-4
1.485375E+7,    3.672838E-4,    6.325841E-4
1.486000E+7,    3.640652E-4,    5.784035E-4
1.486625E+7,    3.554523E-4,    5.907118E-4
1.487250E+7,    3.436208E-4,    5.631447E-4
1.487875E+7,    3.364086E-4,    5.412996E-4
1.488500E+7,    3.477037E-4,    5.364120E-4
1.489125E+7,    3.222823E-4,    5.312264E-4
1.489750E+7,    3.119111E-4,    5.110800E-4
1.490375E+7,    2.802908E-4,    4.773140E-4
1.491000E+7,    2.974868E-4,    4.695654E-4
1.491625E+7,    2.874732E-4,    4.582405E-4
1.492250E+7,    2.841949E-4,    4.439950E-4
1.492875E+7,    2.568960E-4,    4.307926E-4
1.493500E+7,    2.589226E-4,    4.300177E-4
1.494125E+7,    2.627373E-4,    4.125535E-4
1.494750E+7,    2.325177E-4,    4.094243E-4
1.495375E+7,    2.289414E-4,    3.792942E-4
1.496000E+7,    2.566576E-4,    3.591776E-4
1.496625E+7,    2.222061E-4,    3.661513E-4
1.497250E+7,    2.346337E-4,    3.366768E-4
1.497875E+7,    2.280772E-4,    3.475845E-4
1.498500E+7,    2.020299E-4,    3.029108E-4
1.499125E+7,    1.992285E-4,    3.117919E-4
1.499750E+7,    1.810342E-4,    3.048331E-4
1.500375E+7,    1.910329E-4,    3.077090E-4
1.501000E+7,    1.857132E-4,    3.023148E-4
1.501625E+7,    1.836717E-4,    2.871603E-4
1.502250E+7,    1.848340E-4,    2.707094E-4
1.502875E+7,    1.527220E-4,    2.860427E-4
1.503500E+7,    1.740605E-4,    2.677739E-4
1.504125E+7,    1.620650E-4,    2.412796E-4
1.504750E+7,    1.796186E-4,    2.654344E-4
1.505375E+7,    1.616180E-4,    2.251863E-4
1.506000E+7,    1.581013E-4,    2.349615E-4
1.506625E+7,    1.386553E-4,    2.359748E-4
1.507250E+7,    1.561493E-4,    2.027750E-4
1.507875E+7,    1.337230E-4,    2.134293E-4
1.508500E+7,    1.467764E-4,    2.231598E-4
1.509125E+7,    1.543313E-4,    1.943856E-4
1.509750E+7,    1.250952E-4,    2.007484E-4
1.510375E+7,    1.251549E-4,    1.759082E-4
1.511000E+7,    1.319796E-4,    1.636744E-4
1.511625E+7,    1.133978E-4,    1.734346E-4
1.512250E+7,    1.102388E-4,    1.665652E-4
1.512875E+7,    9.441376E-5,    1.748055E-4
1.513500E+7,    1.344383E-4,    1.781136E-4
1.514125E+7,    1.153052E-4,    1.720339E-4
1.514750E+7,    1.049936E-4,    1.522303E-4
1.515375E+7,    1.049042E-4,    1.440644E-4
1.516000E+7,    9.872764E-5,    1.391098E-4
1.516625E+7,    9.660423E-5,    1.487136E-4
1.517250E+7,    6.858259E-5,    1.137778E-4
1.517875E+7,    9.078532E-5,    1.433715E-4
1.518500E+7,    8.428097E-5,    1.389682E-4
1.519125E+7,    7.451326E-5,    1.358539E-4
1.519750E+7,    9.382516E-5,    1.163781E-4
1.520375E+7,    7.484853E-5,    1.275539E-4
1.521000E+7,    8.592010E-5,    8.682162E-5
1.521625E+7,    6.724894E-5,    9.828806E-5
1.522250E+7,    6.295741E-5,    1.191199E-4
1.522875E+7,    8.430332E-5,    1.324341E-4
1.523500E+7,    7.559359E-5,    1.024157E-4
1.524125E+7,    6.818026E-5,    8.948147E-5
1.524750E+7,    7.877499E-5,    9.220093E-5
1.525375E+7,    8.222461E-5,    1.253262E-4
1.526000E+7,    6.061792E-5,    1.036897E-4
1.526625E+7,    4.927814E-5,    8.509308E-5
1.527250E+7,    8.428842E-5,    9.000301E-5
1.527875E+7,    6.211549E-5,    6.870925E-5
1.528500E+7,    6.648898E-5,    1.026839E-4
1.529125E+7,    8.517504E-5,    8.188188E-5
1.529750E+7,    7.373095E-5,    7.102638E-5
1.530375E+7,    7.392466E-5,    7.069111E-5
1.531000E+7,    4.470348E-5,    8.125603E-5
1.531625E+7,    5.917996E-5,    8.929521E-5
1.532250E+7,    5.104393E-5,    7.578731E-5
1.532875E+7,    4.053116E-5,    7.359684E-5
1.533500E+7,    5.044043E-5,    8.764863E-5
1.534125E+7,    7.553399E-5,    6.183237E-5
1.534750E+7,    3.830343E-5,    6.926805E-5
1.535375E+7,    6.158650E-5,    8.019805E-5
1.536000E+7,    2.636388E-5,    5.248934E-5
1.536625E+7,    3.099814E-5,    8.001551E-5
1.537250E+7,    2.133101E-5,    6.612390E-5
1.537875E+7,    5.229190E-5,    6.542727E-5
1.538500E+7,    5.550310E-5,    5.463883E-5
1.539125E+7,    3.803521E-5,    4.585087E-5
1.539750E+7,    4.690886E-5,    5.020946E-5
1.540375E+7,    3.456697E-5,    3.367662E-5
1.541000E+7,    4.171953E-5,    7.634237E-5
1.541625E+7,    1.920015E-5,    4.595146E-5
1.542250E+7,    3.888831E-5,    2.359971E-5
1.542875E+7,    2.875179E-5,    5.915388E-5
1.543500E+7,    4.100800E-5,    2.803653E-5
1.544125E+7,    4.120544E-5,    3.290176E-5
1.544750E+7,    6.568804E-5,    3.606454E-5
1.545375E+7,    4.556775E-5,    5.263090E-5
1.546000E+7,    5.241483E-5,    6.015226E-5
1.546625E+7,    5.154684E-5,    4.484132E-5
1.547250E+7,    4.644692E-5,    3.881007E-5
1.547875E+7,    2.727285E-5,    2.118945E-5
1.548500E+7,    3.698468E-5,    3.327802E-5
1.549125E+7,    3.356114E-5,    4.889816E-5
1.549750E+7,    3.491156E-5,    2.847798E-5
1.550375E+7,    2.585724E-5,    2.579950E-5
1.551000E+7,    2.706051E-5,    4.746392E-5
1.551625E+7,    2.095662E-5,    3.918819E-5
1.552250E+7,    2.371892E-5,    5.540997E-5
1.552875E+7,    4.201010E-5,    3.098696E-5
1.553500E+7,    2.696924E-5,    1.950376E-5
1.554125E+7,    -5.878508E-6,    4.088506E-5
1.554750E+7,    3.723428E-5,    2.760440E-5
1.555375E+7,    1.661852E-5,    2.812222E-5
1.556000E+7,    3.780797E-5,    2.177246E-5
1.556625E+7,    3.379770E-5,    2.362020E-5
1.557250E+7,    2.122484E-5,    3.268011E-5
1.557875E+7,    1.798198E-5,    2.045743E-5
1.558500E+7,    1.076981E-5,    1.228414E-5
1.559125E+7,    2.639368E-5,    4.208460E-5
1.559750E+7,    2.464838E-5,    2.140738E-5
1.560375E+7,    2.031215E-5,    -7.491559E-6
1.561000E+7,    1.632608E-5,    1.798198E-5
1.561625E+7,    3.621355E-5,    3.359839E-5
1.562250E+7,    2.138503E-5,    3.509037E-5
1.562875E+7,    2.816319E-5,    1.856312E-5
1.563500E+7,    3.951043E-5,    -4.148111E-6
1.564125E+7,    5.311333E-6,    5.696900E-6
1.564750E+7,    1.612678E-5,    5.996786E-6
1.565375E+7,    1.533702E-5,    3.874861E-5
1.566000E+7,    9.924173E-6,    3.271364E-5
1.566625E+7,    1.301058E-5,    3.028661E-5
1.567250E+7,    2.986379E-5,    3.242865E-6
1.567875E+7,    1.082523E-5,    1.583248E-7
1.568500E+7,    2.469867E-6,    1.896266E-5
1.569125E+7,    5.003065E-6,    3.792718E-5
1.569750E+7,    5.266629E-6,    1.624599E-5
1.570375E+7,    2.419576E-5,    1.895986E-5
1.571000E+7,    2.682209E-6,    -2.679531E-6
1.571625E+7,    2.670917E-6,    -2.695015E-6
1.572250E+7,    2.675690E-6,    -2.705841E-6
1.572875E+7,    1.361594E-5,    1.871586E-5
1.573500E+7,    2.953410E-5,    2.343208E-6
1.574125E+7,    5.422160E-6,    5.268957E-6
1.574750E+7,    -2.630753E-6,    2.726447E-6
1.575375E+7,    -1.311069E-5,    1.366762E-5
1.576000E+7,    1.042755E-5,    -1.096586E-5
1.576625E+7,    1.886487E-5,    2.140179E-6
1.577250E+7,    1.106411E-5,    1.036003E-5
1.577875E+7,    -3.340654E-6,    -1.865998E-5
1.578500E+7,    2.997927E-5,    1.231581E-5
1.579125E+7,    2.186093E-5,    9.863637E-6
1.579750E+7,    1.533143E-5,    -1.677312E-5
1.580375E+7,    -1.018727E-5,    1.118472E-5
1.581000E+7,    3.086598E-11,    6.349694E-10
1.581625E+7,    1.121592E-5,    1.008157E-5
1.582250E+7,    -5.012611E-6,    5.635200E-6
1.582875E+7,    -1.812540E-5,    9.099022E-6
1.583500E+7,    1.312792E-5,    -3.513414E-6
1.584125E+7,    1.312420E-5,    -3.541820E-6
1.584750E+7,    1.385249E-5,    7.056631E-6
1.585375E+7,    3.240537E-6,    7.763971E-6
1.586000E+7,    4.754952E-11,    6.314451E-10
1.586625E+7,    -3.296416E-6,    -7.749069E-6
1.587250E+7,    5.533919E-6,    -2.982095E-5
1.587875E+7,    2.300739E-5,    1.937337E-5
1.588500E+7,    4.820060E-6,    -5.763257E-6
1.589125E+7,    -9.161420E-6,    -1.250859E-5
1.589750E+7,    -5.784910E-6,    -4.780013E-6
1.590375E+7,    -2.377783E-6,    2.903515E-6
1.591000E+7,    -1.056632E-5,    1.078937E-6
1.591625E+7,    2.359971E-6,    -2.916786E-6
1.592250E+7,    1.168810E-6,    -1.347018E-5
1.592875E+7,    -7.019844E-6,    8.785632E-6
1.593500E+7,    1.527742E-5,    1.690350E-5
1.594125E+7,    1.257285E-6,    1.050951E-5
1.594750E+7,    -1.017656E-5,    2.525840E-5
1.595375E+7,    -2.294779E-6,    2.950896E-6
1.596000E+7,    -9.560026E-7,    1.346134E-5
1.596625E+7,    -5.017035E-6,    -1.801830E-5
1.597250E+7,    2.097897E-5,    -2.861954E-6
1.597875E+7,    3.716443E-6,    7.503200E-6
1.598500E+7,    -1.272280E-5,    4.502013E-6
1.599125E+7,    -5.996786E-6,    -4.478265E-6
1.599750E+7,    -1.270138E-5,    4.541595E-6
1.600375E+7,    -3.326684E-6,    -1.084171E-4
1.601000E+7,    -2.755225E-5,    -1.041964E-4
1.601625E+7,    -2.106931E-5,    1.944602E-5
1.602250E+7,    -1.166053E-4,    3.097951E-5
1.602875E+7,    -3.041513E-5,    3.813580E-5
1.603500E+7,    -2.381951E-5,    6.571412E-5
1.604125E+7,    -3.683120E-4,    2.190471E-6
1.604750E+7,    -3.965572E-6,    -4.158355E-5
1.605375E+7,    3.191084E-5,    1.431182E-4
1.606000E+7,    7.949024E-5,    1.185015E-5
1.606625E+7,    -1.330227E-4,    2.486259E-5
1.607250E+7,    -9.450316E-5,    1.312643E-4
1.607875E+7,    7.244945E-5,    -1.278147E-5
1.608500E+7,    -1.857057E-4,    2.378225E-5
1.609125E+7,    8.758157E-6,    -1.093559E-4
1.609750E+7,    -5.267560E-5,    6.316602E-5
1.610375E+7,    -6.402656E-5,    6.099790E-5
1.611000E+7,    -1.392933E-5,    1.201825E-5
1.611625E+7,    -1.781993E-5,    -2.963655E-5
1.612250E+7,    -1.018122E-4,    1.300499E-5
1.612875E+7,    4.336983E-5,    -4.446134E-5
1.613500E+7,    -6.707385E-6,    4.580012E-6
1.614125E+7,    9.928644E-5,    -3.100932E-5
1.614750E+7,    -7.110462E-5,    3.624335E-5
1.615375E+7,    -4.388765E-5,    -4.623830E-5
1.616000E+7,    -6.440282E-5,    3.170595E-5
1.616625E+7,    6.957725E-5,    -2.781302E-5
1.617250E+7,    1.937151E-5,    2.119690E-5
1.617875E+7,    4.269369E-5,    -9.434298E-6
1.618500E+7,    -2.713129E-5,    5.036965E-5
1.619125E+7,    1.799501E-5,    -2.413988E-6
1.619750E+7,    -2.310891E-5,    -1.463108E-6
1.620375E+7,    -1.155958E-5,    2.996530E-5
1.621000E+7,    -3.572553E-5,    -8.872151E-5
1.621625E+7,    4.274771E-5,    -7.083267E-5
1.622250E+7,    2.428889E-6,    -4.340336E-5
1.622875E+7,    3.207475E-6,    -7.833540E-5
1.623500E+7,    2.980232E-8,    -6.141141E-5
1.624125E+7,    -8.736551E-5,    -2.082437E-6
1.624750E+7,    4.610047E-6,    -5.470030E-5
1.625375E+7,    4.909933E-5,    7.963926E-5
1.626000E+7,    -8.110702E-5,    -6.524473E-5
1.626625E+7,    -7.851794E-5,    4.345179E-5
1.627250E+7,    -5.873293E-5,    -9.022653E-5
1.627875E+7,    -9.852648E-5,    -6.562471E-5
1.628500E+7,    -6.116182E-5,    -4.686043E-5
1.629125E+7,    4.527532E-5,    -5.274452E-5
1.629750E+7,    2.537668E-5,    -7.121265E-5
1.630375E+7,    -1.521036E-4,    -6.142259E-5
1.631000E+7,    1.895130E-4,    1.880527E-5
1.631625E+7,    4.398823E-5,    -7.636473E-5
1.632250E+7,    5.579740E-5,    7.510930E-5
1.632875E+7,    -5.256385E-5,    1.507476E-4
1.633500E+7,    -6.185099E-5,    1.722947E-5
1.634125E+7,    -1.430511E-5,    -1.081154E-4
1.634750E+7,    5.111471E-5,    -2.232008E-5
1.635375E+7,    -4.403293E-6,    -6.813556E-5
1.636000E+7,    2.837740E-5,    3.475137E-5
1.636625E+7,    -9.005517E-5,    -7.890165E-5
1.637250E+7,    -4.012883E-5,    -1.248866E-4
1.637875E+7,    -2.106838E-5,    -4.213490E-5
1.638500E+7,    7.829629E-6,    -1.018494E-5
1.639125E+7,    -8.286536E-5,    2.153516E-4
1.639750E+7,    -3.376603E-5,    -9.736419E-5
1.640375E+7,    2.482906E-6,    4.735775E-5
1.641000E+7,    -3.925413E-4,    2.898276E-5
1.641625E+7,    1.241639E-4,    2.425164E-5
1.642250E+7,    -1.111552E-4,    1.189113E-4
1.642875E+7,    -7.516891E-5,    -3.514811E-5
1.643500E+7,    -7.226318E-5,    -1.996383E-5
1.644125E+7,    5.374849E-5,    2.510473E-5
1.644750E+7,    -8.972362E-6,    1.582783E-5
1.645375E+7,    4.351884E-5,    1.724437E-5
1.646000E+7,    -5.919486E-6,    -5.974621E-5
1.646625E+7,    -5.084649E-5,    -9.922311E-6
1.647250E+7,    -8.420646E-5,    -4.880130E-5
1.647875E+7,    3.566220E-5,    2.748147E-5
1.648500E+7,    5.644979E-6,    1.105014E-6
1.649125E+7,    4.227459E-5,    -6.353483E-6
1.649750E+7,    2.769753E-5,    8.363277E-6
1.650375E+7,    1.737662E-5,    -2.884492E-5
1.651000E+7,    5.091541E-6,    3.938563E-6
1.651625E+7,    -6.033480E-5,    3.798679E-5
1.652250E+7,    1.915451E-5,    -7.949769E-6
1.652875E+7,    3.055111E-5,    2.365373E-5
1.653500E+7,    7.288903E-5,    1.723692E-5
1.654125E+7,    -4.815683E-5,    -5.351380E-5
1.654750E+7,    1.625530E-5,    -5.257130E-5
1.655375E+7,    -1.771748E-5,    -8.863956E-5
1.656000E+7,    1.297006E-5,    -6.233342E-6
1.656625E+7,    -4.577078E-5,    -6.154180E-6
1.657250E+7,    -1.114756E-4,    -6.015599E-5
1.657875E+7,    -8.320808E-5,    -8.404255E-5
1.658500E+7,    1.372918E-4,    -1.090765E-5
1.659125E+7,    1.571253E-4,    7.711351E-6
1.659750E+7,    -8.899719E-6,    7.459149E-5
1.660375E+7,    -3.847480E-5,    -7.227063E-5
1.661000E+7,    1.039580E-4,    3.829598E-5
1.661625E+7,    1.069531E-5,    -5.372427E-5
1.662250E+7,    -1.762733E-4,    1.490116E-8
1.662875E+7,    7.522106E-5,    3.555790E-5
1.663500E+7,    -1.215711E-4,    -9.536743E-6
1.664125E+7,    1.498759E-4,    -1.421571E-5
1.664750E+7,    -3.360212E-6,    -7.129461E-5
1.665375E+7,    9.895861E-5,    -1.419559E-4
1.666000E+7,    4.975125E-5,    -1.359172E-5
1.666625E+7,    -2.657436E-5,    4.469045E-5
1.667250E+7,    -1.752190E-5,    -2.999604E-5
1.667875E+7,    -3.167614E-5,    -1.810491E-5
1.668500E+7,    3.563613E-5,    -1.667067E-6
1.669125E+7,    1.359731E-5,    -6.782636E-5
1.669750E+7,    -4.027411E-5,    8.306280E-5
1.670375E+7,    6.779283E-5,    7.246435E-5
1.671000E+7,    3.356487E-6,    4.186481E-5
1.671625E+7,    -1.406297E-5,    -1.058914E-4
1.672250E+7,    -7.809326E-5,    -2.162904E-5
1.672875E+7,    1.075771E-5,    5.124137E-6
1.673500E+7,    -6.761402E-6,    -2.491102E-5
1.674125E+7,    -1.896173E-4,    6.474555E-5
1.674750E+7,    -1.008064E-4,    3.177673E-6
1.675375E+7,    1.022313E-5,    -2.152659E-5
1.676000E+7,    4.532188E-5,    -2.029724E-5
1.676625E+7,    -3.125891E-5,    3.789738E-5
1.677250E+7,    -3.224798E-5,    -1.537427E-5
1.677875E+7,    -2.771989E-5,    -8.555129E-6
1.678500E+7,    -5.098991E-5,    -1.035072E-5
1.679125E+7,    -1.411233E-5,    -1.761038E-5
1.679750E+7,    -9.621680E-5,    -4.903972E-5
1.680375E+7,    -3.778934E-5,    -7.546321E-5
1.681000E+7,    -6.603450E-5,    -8.118898E-5
1.681625E+7,    -9.725243E-5,    -7.283688E-5
1.682250E+7,    5.498528E-5,    -9.469688E-6
1.682875E+7,    -7.668138E-5,    2.859905E-5
1.683500E+7,    3.733858E-5,    1.938827E-5
1.684125E+7,    3.996119E-5,    6.417558E-5
1.684750E+7,    -5.482510E-5,    -4.950538E-5
1.685375E+7,    -4.081801E-5,    -2.436340E-6
1.686000E+7,    -8.031353E-5,    -4.003197E-5
1.686625E+7,    -6.142259E-5,    4.055724E-5
1.687250E+7,    1.346767E-4,    -5.224347E-5
1.687875E+7,    4.776940E-5,    -3.158301E-5
1.688500E+7,    -7.998198E-5,    1.604110E-5
1.689125E+7,    -6.960705E-6,    3.397651E-5
1.689750E+7,    1.583621E-5,    9.155832E-6
1.690375E+7,    1.212060E-4,    1.871586E-4
1.691000E+7,    -2.519228E-5,    3.622659E-5
1.691625E+7,    2.759248E-4,    -4.951656E-5
1.692250E+7,    -3.674999E-6,    4.648603E-5
1.692875E+7,    7.442757E-5,    -1.725182E-5
1.693500E+7,    -4.325062E-6,    -3.636815E-5
1.694125E+7,    1.018792E-4,    5.050004E-5
1.694750E+7,    -4.444644E-5,    -7.125363E-5
1.695375E+7,    -9.960681E-5,    -6.191432E-5
1.696000E+7,    -1.348555E-6,    3.519095E-5
1.696625E+7,    -1.759082E-4,    -6.832182E-6
1.697250E+7,    -6.720796E-5,    -4.647300E-5
1.697875E+7,    6.142259E-5,    -1.096353E-5
1.698500E+7,    4.824996E-5,    8.105487E-5
1.699125E+7,    -2.994761E-5,    5.888008E-5
1.699750E+7,    -3.358722E-5,    1.617074E-4
1.700375E+7,    4.359521E-5,    1.791678E-5
1.701000E+7,    -1.631826E-4,    -6.922334E-5
1.701625E+7,    -1.409873E-4,    8.035451E-5
1.702250E+7,    1.406521E-4,    -1.069903E-4
1.702875E+7,    9.692460E-5,    4.675239E-5
1.703500E+7,    -3.726780E-5,    -1.054406E-4
1.704125E+7,    7.651746E-6,    1.052544E-4
1.704750E+7,    -4.740991E-5,    2.862886E-5
1.705375E+7,    1.422465E-4,    -8.592755E-5
1.706000E+7,    1.631081E-4,    2.117753E-4
1.706625E+7,    -7.085502E-6,    1.762584E-4
1.707250E+7,    -1.152754E-4,    4.111975E-5
1.707875E+7,    -8.106232E-6,    -4.612468E-5
1.708500E+7,    -3.789552E-5,    3.949739E-5
1.709125E+7,    -9.622797E-5,    6.534159E-6
1.709750E+7,    3.376603E-5,    -1.959316E-5
1.710375E+7,    -8.301809E-5,    5.671754E-5
1.711000E+7,    -1.704507E-5,    -3.583729E-6
1.711625E+7,    5.235150E-5,    6.140023E-5
1.712250E+7,    -4.630163E-5,    2.289750E-5
1.712875E+7,    3.263354E-6,    -1.001842E-4
1.713500E+7,    -3.325939E-5,    -9.588152E-5
1.714125E+7,    5.524978E-5,    -9.130687E-6
1.714750E+7,    -5.170889E-5,    -7.914379E-6
1.715375E+7,    -3.945827E-5,    1.841411E-5
1.716000E+7,    -6.462634E-5,    -3.136694E-5
1.716625E+7,    -1.123957E-4,    2.674013E-5
1.717250E+7,    3.972650E-5,    -4.799850E-5
1.717875E+7,    -1.166202E-5,    -2.915598E-5
1.718500E+7,    -3.291667E-5,    -1.287274E-5
1.719125E+7,    6.671995E-5,    -6.299093E-5
1.719750E+7,    1.020133E-4,    -5.070120E-6
1.720375E+7,    2.870336E-5,    3.282726E-5
1.721000E+7,    1.290441E-5,    -3.292225E-5
1.721625E+7,    1.719967E-5,    -1.092367E-4
1.722250E+7,    3.356487E-6,    -4.384480E-5
1.722875E+7,    2.756063E-5,    -1.791306E-5
1.723500E+7,    -4.185364E-5,    -2.669170E-5
1.724125E+7,    -9.609759E-5,    -2.330542E-5
1.724750E+7,    -1.013726E-4,    -5.421042E-5
1.725375E+7,    -7.870793E-5,    7.025898E-6
1.726000E+7,    -4.428811E-5,    -1.537241E-5
1.726625E+7,    -5.779788E-6,    5.525909E-5
1.727250E+7,    2.017617E-5,    7.265806E-5
1.727875E+7,    -4.103407E-6,    -3.654510E-5
1.728500E+7,    -5.248934E-6,    5.240366E-5
1.729125E+7,    -2.698973E-5,    1.506787E-5
1.729750E+7,    7.534772E-5,    3.682449E-5
1.730375E+7,    -2.259910E-4,    -6.482005E-7
1.731000E+7,    -1.919419E-4,    -1.597852E-4
1.731625E+7,    -1.917481E-4,    -1.332462E-4
1.732250E+7,    2.390519E-5,    -8.421019E-5
1.732875E+7,    1.099706E-5,    3.209710E-5
1.733500E+7,    -4.632771E-5,    4.958734E-5
1.734125E+7,    -2.258271E-5,    1.053140E-4
1.734750E+7,    -4.087389E-5,    -5.932152E-5
1.735375E+7,    -3.678910E-5,    -2.275594E-5
1.736000E+7,    -5.353987E-5,    -8.299202E-5
1.736625E+7,    -1.035184E-4,    1.060218E-5
1.737250E+7,    3.006682E-5,    5.406141E-5
1.737875E+7,    -1.934171E-5,    1.178719E-4
1.738500E+7,    -1.002252E-4,    2.315640E-5
1.739125E+7,    1.884028E-4,    -1.830012E-4
1.739750E+7,    1.902357E-4,    -1.079589E-4
1.740375E+7,    1.922250E-6,    1.016594E-4
1.741000E+7,    -4.363805E-5,    1.752973E-4
1.741625E+7,    2.233498E-5,    3.462471E-5
1.742250E+7,    -1.561493E-4,    8.856505E-5
1.742875E+7,    5.233847E-5,    -2.150424E-5
1.743500E+7,    -6.205216E-5,    -1.638010E-5
1.744125E+7,    -6.731600E-5,    6.297603E-5
1.744750E+7,    -9.236857E-5,    -1.395866E-5
1.745375E+7,    2.999976E-5,    -5.610846E-5
1.746000E+7,    -2.817437E-5,    -6.276742E-5
1.746625E+7,    -1.697987E-5,    1.334772E-4
1.747250E+7,    -1.758803E-5,    2.599880E-5
1.747875E+7,    -1.228675E-4,    -3.854930E-5
1.748500E+7,    -1.218244E-4,    3.934279E-5
1.749125E+7,    8.441880E-5,    -8.617714E-5
1.749750E+7,    -8.140504E-5,    4.500523E-5
1.750375E+7,    1.074746E-6,    -3.261119E-5
1.751000E+7,    4.538149E-5,    9.343028E-5
1.751625E+7,    5.381368E-5,    -2.495944E-7
1.752250E+7,    2.899673E-5,    -2.352614E-5
1.752875E+7,    -1.143776E-4,    5.867705E-5
1.753500E+7,    -3.618561E-5,    -2.581440E-5
1.754125E+7,    -1.268908E-4,    -7.557869E-5
1.754750E+7,    7.834285E-6,    -9.097904E-5
1.755375E+7,    -5.965680E-5,    -2.796203E-5
1.756000E+7,    -4.214048E-5,    -1.077875E-4
1.756625E+7,    1.762062E-5,    -2.600346E-5
1.757250E+7,    8.496642E-5,    4.845113E-5
1.757875E+7,    -3.209710E-5,    6.462261E-5
1.758500E+7,    -4.259869E-5,    -5.120412E-5
1.759125E+7,    -5.794689E-6,    -2.818368E-5
1.759750E+7,    -3.297813E-5,    -1.317449E-5
1.760375E+7,    6.422773E-5,    -1.025125E-4
1.761000E+7,    3.690645E-5,    7.688254E-5
1.761625E+7,    -6.574392E-5,    5.432218E-5
1.762250E+7,    3.749877E-5,    7.398799E-5
1.762875E+7,    1.113303E-4,    -4.427135E-5
1.763500E+7,    3.786385E-5,    2.893955E-4
1.764125E+7,    -3.932230E-5,    -1.166202E-5
1.764750E+7,    -4.775077E-5,    -8.226186E-5
1.765375E+7,    -1.592375E-5,    -3.643520E-5
1.766000E+7,    3.486499E-5,    4.665926E-6
1.766625E+7,    5.878508E-6,    1.360178E-4
1.767250E+7,    -1.116917E-4,    -9.678304E-6
1.767875E+7,    -1.073256E-4,    -5.669147E-5
1.768500E+7,    -3.848225E-6,    -6.374717E-5
1.769125E+7,    1.138542E-5,    -2.443045E-5
1.769750E+7,    -3.866851E-6,    -9.066984E-5
1.770375E+7,    -1.268014E-4,    5.868822E-5
1.771000E+7,    -7.673725E-5,    2.190843E-5
1.771625E+7,    5.264580E-5,    3.265217E-5
1.772250E+7,    1.503676E-4,    1.862496E-4
1.772875E+7,    -1.497865E-4,    -5.415827E-5
1.773500E+7,    -1.779199E-5,    -5.486980E-5
1.774125E+7,    -1.193322E-4,    -2.503395E-6
1.774750E+7,    -1.261979E-4,    5.585700E-5
1.775375E+7,    4.758313E-5,    -7.940456E-5
1.776000E+7,    -4.061684E-5,    -6.061047E-6
1.776625E+7,    -7.745996E-5,    2.477691E-5
1.777250E+7,    4.759990E-5,    1.626089E-6
1.777875E+7,    -7.485598E-5,    -9.457022E-5
1.778500E+7,    -8.769333E-5,    9.743497E-5
1.779125E+7,    1.326054E-4,    5.058944E-5
1.779750E+7,    -4.445668E-6,    -6.991439E-6
1.780375E+7,    -6.923825E-5,    1.454353E-5
1.781000E+7,    -6.849319E-5,    -9.620935E-5
1.781625E+7,    -8.265022E-6,    1.015235E-5
1.782250E+7,    -5.401671E-7,    -1.050793E-4
1.782875E+7,    4.636496E-5,    -1.958758E-5
1.783500E+7,    6.481633E-5,    5.476177E-6
1.784125E+7,    -6.743148E-5,    8.703768E-5
1.784750E+7,    7.375330E-5,    -7.502735E-6
1.785375E+7,    -1.341850E-4,    9.007007E-5
1.786000E+7,    6.090105E-5,    4.970282E-5
1.786625E+7,    -4.247576E-5,    -5.159900E-5
1.787250E+7,    -8.505583E-5,    -2.210960E-5
1.787875E+7,    -1.303852E-7,    5.401112E-5
1.788500E+7,    3.700517E-5,    -5.776621E-5
1.789125E+7,    -7.677823E-5,    -3.227219E-5
1.789750E+7,    -1.075864E-5,    -3.246590E-5
1.790375E+7,    -8.864328E-6,    -1.401920E-5
1.791000E+7,    -7.973239E-5,    6.027147E-5
1.791625E+7,    -2.302974E-5,    4.888326E-5
1.792250E+7,    -4.626811E-5,    -6.150082E-5
1.792875E+7,    6.305799E-5,    -3.984943E-5
1.793500E+7,    -2.647564E-5,    -6.910786E-5
1.794125E+7,    2.790987E-5,    3.635511E-5
1.794750E+7,    -4.782341E-5,    2.530590E-5
1.795375E+7,    1.799688E-5,    -5.304441E-5
1.796000E+7,    4.708767E-5,    4.632398E-6
1.796625E+7,    -1.609325E-5,    4.446320E-5
1.797250E+7,    -3.277510E-5,    6.479025E-5
1.797875E+7,    -4.457496E-5,    1.094304E-5
1.798500E+7,    3.006309E-6,    -1.196340E-4
1.799125E+7,    2.280623E-5,    3.220886E-5
1.799750E+7,    2.848543E-5,    3.356300E-5
1.800375E+7,    -8.668378E-5,    1.043081E-5
1.801000E+7,    5.510822E-5,    4.864484E-5
1.801625E+7,    -4.626811E-5,    -3.458187E-5
1.802250E+7,    4.384294E-5,    1.902506E-5
1.802875E+7,    -2.263859E-5,    -5.934015E-5
1.803500E+7,    -2.207793E-5,    -3.513694E-5
1.804125E+7,    2.341159E-5,    2.939627E-5
1.804750E+7,    1.340918E-5,    -5.981885E-6
1.805375E+7,    1.522806E-5,    1.249276E-5
1.806000E+7,    -5.770847E-5,    6.816909E-5
1.806625E+7,    -1.932979E-4,    -5.006790E-5
1.807250E+7,    -7.346272E-6,    5.853549E-5
1.807875E+7,    1.155436E-4,    -3.079697E-5
1.808500E+7,    5.986914E-5,    1.620501E-6
1.809125E+7,    -9.961426E-6,    2.026930E-4
1.809750E+7,    -2.370216E-5,    2.468005E-5
1.810375E+7,    -2.803281E-6,    3.849901E-5
1.811000E+7,    1.030788E-5,    -1.873821E-5
1.811625E+7,    -5.753338E-5,    -6.447360E-5
1.812250E+7,    -1.432002E-4,    -3.283471E-5
1.812875E+7,    7.900596E-5,    -3.002584E-6
1.813500E+7,    2.336502E-5,    1.078546E-4
1.814125E+7,    -2.455339E-5,    -5.084649E-5
1.814750E+7,    8.855015E-5,    -7.021055E-5
1.815375E+7,    -3.390573E-5,    1.632236E-5
1.816000E+7,    -3.281981E-6,    1.432141E-5
1.816625E+7,    5.862862E-5,    7.435679E-6
1.817250E+7,    -1.652632E-5,    -6.826594E-6
1.817875E+7,    2.201647E-6,    4.270300E-5
1.818500E+7,    -9.081513E-5,    5.443394E-5
1.819125E+7,    1.921132E-5,    -8.307025E-5
1.819750E+7,    1.508072E-4,    -2.556294E-5
1.820375E+7,    -1.501665E-5,    3.876165E-5
1.821000E+7,    4.408415E-6,    7.050578E-6
1.821625E+7,    3.724918E-5,    -3.059395E-5
1.822250E+7,    9.616464E-5,    1.580641E-4
1.822875E+7,    9.727105E-5,    -2.883747E-5
1.823500E+7,    1.519732E-5,    1.259893E-5
1.824125E+7,    1.630373E-5,    -4.455633E-5
1.824750E+7,    -8.547679E-6,    -4.124641E-5
1.825375E+7,    3.863685E-5,    -3.634579E-5
1.826000E+7,    -4.156679E-5,    7.490069E-5
1.826625E+7,    -6.547198E-6,    -4.985183E-5
1.827250E+7,    -6.823987E-5,    5.964190E-5
1.827875E+7,    2.824608E-5,    -1.760107E-5
1.828500E+7,    2.831221E-7,    -2.713315E-5
1.829125E+7,    9.974465E-6,    -4.302524E-5
1.829750E+7,    8.396804E-6,    -1.013605E-5
1.830375E+7,    -9.615719E-5,    -2.843887E-5
1.831000E+7,    -3.295578E-5,    3.763475E-5
1.831625E+7,    2.997648E-5,    9.452924E-7
1.832250E+7,    7.116795E-5,    3.173202E-5
1.832875E+7,    2.387911E-6,    1.567416E-5
1.833500E+7,    2.600439E-5,    1.815706E-5
1.834125E+7,    -6.069615E-5,    9.294599E-7
1.834750E+7,    9.451993E-6,    1.127832E-5
1.835375E+7,    -1.306087E-4,    1.491606E-5
1.836000E+7,    6.404705E-6,    -1.523411E-6
1.836625E+7,    -1.819618E-5,    2.597831E-5
1.837250E+7,    -1.823902E-5,    -2.543814E-5
1.837875E+7,    -7.374212E-6,    3.156625E-5
1.838500E+7,    -1.367703E-4,    4.070252E-5
1.839125E+7,    -1.923088E-5,    4.561618E-6
1.839750E+7,    8.163229E-5,    -3.838539E-5
1.840375E+7,    -2.026930E-5,    -6.835163E-5
1.841000E+7,    -1.317449E-5,    -2.127886E-5
1.841625E+7,    -3.408268E-5,    -3.524497E-5
1.842250E+7,    -1.255870E-4,    -8.411705E-5
1.842875E+7,    -1.046062E-5,    1.875218E-5
1.843500E+7,    -7.968023E-5,    -2.174079E-5
1.844125E+7,    1.053698E-4,    1.571700E-5
1.844750E+7,    1.428276E-4,    3.658235E-5
1.845375E+7,    4.188716E-5,    -2.347119E-5
1.846000E+7,    -2.023578E-5,    -6.837770E-5
1.846625E+7,    -3.360212E-6,    1.434982E-5
1.847250E+7,    3.276765E-5,    -1.044385E-5
1.847875E+7,    2.092868E-5,    1.402199E-5
1.848500E+7,    -1.960248E-5,    3.169663E-5
1.849125E+7,    6.860495E-5,    -8.065253E-6
1.849750E+7,    -3.307685E-5,    -1.389161E-5
1.850375E+7,    4.155003E-5,    3.797933E-6
1.851000E+7,    -4.924089E-5,    -4.800782E-5
1.851625E+7,    4.553422E-5,    3.804639E-5
1.852250E+7,    -6.638467E-5,    7.520989E-5
1.852875E+7,    -1.160800E-4,    -7.301569E-5
1.853500E+7,    6.860122E-5,    4.352257E-5
1.854125E+7,    1.586694E-5,    9.822659E-6
1.854750E+7,    3.674626E-5,    -1.035146E-4
1.855375E+7,    1.343340E-5,    4.567765E-5
1.856000E+7,    -3.193691E-5,    8.343905E-5