SAVED BY: 
TITLE: 
COMMENTS: 
DATE: 10/27/2020
TIME: 3:06 PM

STIMULUS, REAL, IMAGINARY

8.560000E+6,    8.210540E-6,    -1.118481E-4
8.566250E+6,    -6.407499E-7,    -1.296252E-4
8.572500E+6,    -1.225621E-5,    -1.184568E-4
8.578750E+6,    -5.684793E-6,    -1.385584E-4
8.585000E+6,    -6.951392E-6,    -1.352131E-4
8.591250E+6,    -3.941357E-6,    -1.229271E-4
8.597500E+6,    3.583729E-6,    -1.241565E-4
8.603750E+6,    -5.602837E-6,    -1.417994E-4
8.610000E+6,    -1.467019E-5,    -1.373440E-4
8.616250E+6,    -1.803041E-6,    -1.329556E-4
8.622500E+6,    9.082258E-6,    -1.218691E-4
8.628750E+6,    -2.712011E-5,    -1.479089E-4
8.635000E+6,    -1.226366E-5,    -1.247674E-4
8.641250E+6,    -8.717179E-7,    -1.395941E-4
8.647500E+6,    -2.535433E-5,    -1.324341E-4
8.653750E+6,    2.309680E-7,    -1.463071E-4
8.660000E+6,    7.450581E-9,    -1.461208E-4
8.666250E+6,    -2.907962E-5,    -1.476556E-4
8.672500E+6,    -9.052455E-6,    -1.416132E-4
8.678750E+6,    -1.609325E-5,    -1.437068E-4
8.685000E+6,    -2.913177E-6,    -1.395345E-4
8.691250E+6,    -1.759827E-5,    -1.401976E-4
8.697500E+6,    -9.439886E-6,    -1.448691E-4
8.703750E+6,    -3.881752E-6,    -1.395866E-4
8.710000E+6,    -3.300607E-6,    -1.430660E-4
8.716250E+6,    -2.369285E-5,    -1.487285E-4
8.722500E+6,    -4.140288E-5,    -1.389384E-4
8.728750E+6,    1.135468E-5,    -1.460165E-4
8.735000E+6,    -2.396107E-5,    -1.520216E-4
8.741250E+6,    -3.185123E-5,    -1.505539E-4
8.747500E+6,    -1.248717E-5,    -1.412854E-4
8.753750E+6,    -2.277642E-5,    -1.330227E-4
8.760000E+6,    -5.885959E-7,    -1.343191E-4
8.766250E+6,    -1.247227E-5,    -1.446679E-4
8.772500E+6,    -1.238286E-5,    -1.480132E-4
8.778750E+6,    -1.451373E-5,    -1.412779E-4
8.785000E+6,    -7.994473E-6,    -1.394302E-4
8.791250E+6,    -7.301569E-6,    -1.429245E-4
8.797500E+6,    1.095235E-5,    -1.309067E-4
8.803750E+6,    -7.897615E-6,    -1.428202E-4
8.810000E+6,    -2.967566E-5,    -1.444668E-4
8.816250E+6,    -1.135468E-5,    -1.325086E-4
8.822500E+6,    -2.834946E-5,    -1.221970E-4
8.828750E+6,    -4.842877E-6,    -1.308694E-4
8.835000E+6,    -2.390146E-5,    -1.426637E-4
8.841250E+6,    -2.708286E-5,    -1.611114E-4
8.847500E+6,    1.127273E-5,    -1.414865E-4
8.853750E+6,    -1.744181E-5,    -1.442358E-4
8.860000E+6,    1.193583E-5,    -1.482889E-4
8.866250E+6,    -9.663403E-6,    -1.493245E-4
8.872500E+6,    -1.727045E-5,    -1.508594E-4
8.878750E+6,    -3.315508E-5,    -1.435280E-4
8.885000E+6,    -3.308058E-6,    -1.513362E-4
8.891250E+6,    -1.034886E-5,    -1.527369E-4
8.897500E+6,    1.616776E-6,    -1.428872E-4
8.903750E+6,    -5.528331E-6,    -1.445487E-4
8.910000E+6,    -6.578863E-6,    -1.410469E-4
8.916250E+6,    8.776784E-6,    -1.485273E-4
8.922500E+6,    -1.906604E-5,    -1.541376E-4
8.928750E+6,    -1.003593E-5,    -1.628995E-4
8.935000E+6,    -1.598895E-5,    -1.355335E-4
8.941250E+6,    -9.998679E-6,    -1.699850E-4
8.947500E+6,    -2.225488E-5,    -1.437888E-4
8.953750E+6,    -2.834946E-5,    -1.517609E-4
8.960000E+6,    -2.361834E-6,    -1.394227E-4
8.966250E+6,    -1.767278E-5,    -1.352206E-4
8.972500E+6,    -1.469254E-5,    -1.526177E-4
8.978750E+6,    -2.161413E-5,    -1.570955E-4
8.985000E+6,    -2.418458E-5,    -1.434758E-4
8.991250E+6,    -1.075864E-5,    -1.409575E-4
8.997500E+6,    -2.425164E-5,    -1.466423E-4
9.003750E+6,    -2.651662E-5,    -1.362488E-4
9.010000E+6,    -2.657622E-5,    -1.361519E-4
9.016250E+6,    -3.089756E-5,    -1.545772E-4
9.022500E+6,    1.512468E-6,    -1.384392E-4
9.028750E+6,    -2.763420E-5,    -1.361221E-4
9.035000E+6,    -2.633780E-5,    -1.463443E-4
9.041250E+6,    -2.638996E-5,    -1.463294E-4
9.047500E+6,    -2.547354E-5,    -1.565367E-4
9.053750E+6,    -2.174824E-5,    -1.382306E-4
9.060000E+6,    -3.251433E-5,    -1.609623E-4
9.066250E+6,    -4.738569E-5,    -1.595467E-4
9.072500E+6,    -1.862645E-7,    -1.453534E-4
9.078750E+6,    -1.350045E-5,    -1.509935E-4
9.085000E+6,    -5.424023E-6,    -1.637638E-4
9.091250E+6,    -1.379848E-5,    -1.545399E-4
9.097500E+6,    1.519918E-6,    -1.663938E-4
9.103750E+6,    -1.080334E-6,    -1.489669E-4
9.110000E+6,    -2.682209E-5,    -1.735091E-4
9.116250E+6,    -6.966293E-6,    -1.638383E-4
9.122500E+6,    -3.086030E-5,    -1.455322E-4
9.128750E+6,    -4.406273E-5,    -1.577288E-4
9.135000E+6,    -3.197789E-5,    -1.420304E-4
9.141250E+6,    -7.107854E-6,    -1.776367E-4
9.147500E+6,    -1.680851E-5,    -1.574978E-4
9.153750E+6,    -3.084540E-5,    -1.592413E-4
9.160000E+6,    -3.185123E-5,    -1.555681E-4
9.166250E+6,    -3.845990E-5,    -1.631379E-4
9.172500E+6,    -2.502650E-5,    -1.548976E-4
9.178750E+6,    -1.817197E-5,    -1.607984E-4
9.185000E+6,    -1.323223E-5,    -1.426712E-4
9.191250E+6,    -4.105270E-5,    -1.490712E-4
9.197500E+6,    -2.570450E-5,    -1.650080E-4
9.203750E+6,    -1.857430E-5,    -1.711771E-4
9.210000E+6,    -1.201034E-5,    -1.707822E-4
9.216250E+6,    -1.344085E-5,    -1.564845E-4
9.222500E+6,    -7.137656E-6,    -1.523122E-4
9.228750E+6,    -1.537800E-5,    -1.459792E-4
9.235000E+6,    -2.857298E-5,    -1.576915E-4
9.241250E+6,    -1.560152E-5,    -1.495332E-4
9.247500E+6,    -2.954155E-5,    -1.506284E-4
9.253750E+6,    -1.488626E-5,    -1.634434E-4
9.260000E+6,    -2.293289E-5,    -1.535490E-4
9.266250E+6,    -2.980232E-5,    -1.644120E-4
9.272500E+6,    -2.273917E-5,    -1.711547E-4
9.278750E+6,    -2.352893E-5,    -1.568571E-4
9.285000E+6,    1.008809E-5,    -1.403689E-4
9.291250E+6,    -2.499670E-5,    -1.498088E-4
9.297500E+6,    -2.433360E-5,    -1.672581E-4
9.303750E+6,    -1.878291E-5,    -1.529157E-4
9.310000E+6,    -2.459437E-5,    -1.777038E-4
9.316250E+6,    -4.909933E-6,    -1.590475E-4
9.322500E+6,    -2.554804E-5,    -1.670793E-4
9.328750E+6,    -2.664328E-5,    -1.531318E-4
9.335000E+6,    8.232892E-6,    -1.546517E-4
9.341250E+6,    9.536743E-7,    -1.620576E-4
9.347500E+6,    -2.700090E-5,    -1.705289E-4
9.353750E+6,    -2.617389E-5,    -1.880080E-4
9.360000E+6,    -3.558397E-5,    -1.533329E-4
9.366250E+6,    -3.467500E-5,    -1.811981E-4
9.372500E+6,    -2.223998E-5,    -1.523346E-4
9.378750E+6,    -7.823110E-6,    -1.692474E-4
9.385000E+6,    -2.117455E-5,    -1.910180E-4
9.391250E+6,    -5.024672E-5,    -1.811683E-4
9.397500E+6,    -4.404038E-5,    -1.633540E-4
9.403750E+6,    -2.293289E-5,    -1.733452E-4
9.410000E+6,    -9.387732E-6,    -1.763254E-4
9.416250E+6,    -2.347678E-5,    -1.837909E-4
9.422500E+6,    -3.099442E-6,    -1.692772E-4
9.428750E+6,    -3.814697E-5,    -1.839399E-4
9.435000E+6,    -3.919005E-5,    -1.592040E-4
9.441250E+6,    -3.229082E-5,    -1.626313E-4
9.447500E+6,    -4.026294E-5,    -1.623333E-4
9.453750E+6,    -4.015863E-5,    -1.940727E-4
9.460000E+6,    -4.100800E-5,    -1.764297E-4
9.466250E+6,    -1.260638E-5,    -1.938939E-4
9.472500E+6,    -3.412366E-5,    -1.833290E-4
9.478750E+6,    -3.419816E-5,    -1.797527E-4
9.485000E+6,    -4.179776E-5,    -1.833737E-4
9.491250E+6,    -2.139807E-5,    -1.761615E-4
9.497500E+6,    -2.239645E-5,    -1.936108E-4
9.503750E+6,    -3.640354E-5,    -1.721829E-4
9.510000E+6,    -8.657575E-6,    -1.725256E-4
9.516250E+6,    -2.281368E-5,    -1.795441E-4
9.522500E+6,    -2.308190E-5,    -1.724064E-4
9.528750E+6,    -5.139410E-5,    -1.791865E-4
9.535000E+6,    -3.094971E-5,    -1.759082E-4
9.541250E+6,    -2.430379E-5,    -1.724362E-4
9.547500E+6,    -3.169477E-5,    -1.684576E-4
9.553750E+6,    -1.780689E-5,    -1.724958E-4
9.560000E+6,    -3.233552E-5,    -1.756251E-4
9.566250E+6,    -3.303587E-5,    -1.897663E-4
9.572500E+6,    -3.327429E-5,    -1.754016E-4
9.578750E+6,    -4.059076E-5,    -1.789182E-4
9.585000E+6,    -3.428757E-5,    -1.752526E-4
9.591250E+6,    -4.874170E-5,    -1.782328E-4
9.597500E+6,    -1.329184E-5,    -1.721978E-4
9.603750E+6,    -3.476441E-5,    -1.680404E-4
9.610000E+6,    -5.015731E-5,    -1.813620E-4
9.616250E+6,    -2.862513E-5,    -1.681596E-4
9.622500E+6,    -2.197921E-5,    -1.649112E-4
9.628750E+6,    -5.097687E-5,    -1.777112E-4
9.635000E+6,    -2.251565E-5,    -1.648515E-4
9.641250E+6,    -3.017485E-5,    -1.748502E-4
9.647500E+6,    -3.756583E-5,    -1.710206E-4
9.653750E+6,    -5.382299E-5,    -1.982152E-4
9.660000E+6,    -2.415478E-5,    -1.716912E-4
9.666250E+6,    -1.820922E-5,    -1.826882E-4
9.672500E+6,    -1.944602E-5,    -1.932085E-4
9.678750E+6,    -3.328919E-5,    -1.851767E-4
9.685000E+6,    -4.258752E-5,    -2.091825E-4
9.691250E+6,    -4.793704E-5,    -1.805276E-4
9.697500E+6,    -3.407896E-5,    -1.814365E-4
9.703750E+6,    -3.401935E-5,    -1.742393E-4
9.710000E+6,    -4.070997E-5,    -1.669377E-4
9.716250E+6,    -2.925098E-5,    -1.993775E-4
9.722500E+6,    -5.005300E-5,    -1.801699E-4
9.728750E+6,    -3.731251E-5,    -1.952052E-4
9.735000E+6,    -3.473461E-5,    -1.599789E-4
9.741250E+6,    -2.856553E-5,    -1.712590E-4
9.747500E+6,    -3.159046E-5,    -1.991987E-4
9.753750E+6,    -5.269051E-5,    -1.900196E-4
9.760000E+6,    -5.847216E-5,    -1.717657E-4
9.766250E+6,    -5.361438E-5,    -1.864135E-4
9.772500E+6,    -2.339482E-5,    -1.680702E-4
9.778750E+6,    -1.654029E-5,    -1.687258E-4
9.785000E+6,    -6.243587E-5,    -1.960397E-4
9.791250E+6,    -2.710521E-5,    -1.960248E-4
9.797500E+6,    -3.145635E-5,    -1.636744E-4
9.803750E+6,    -5.677342E-5,    -1.999736E-4
9.810000E+6,    -2.768636E-5,    -1.855344E-4
9.816250E+6,    -2.221763E-5,    -2.001375E-4
9.822500E+6,    -3.716350E-5,    -2.020597E-4
9.828750E+6,    -2.978742E-5,    -1.958907E-4
9.835000E+6,    -3.023446E-5,    -1.955628E-4
9.841250E+6,    -4.409254E-5,    -1.904815E-4
9.847500E+6,    -3.673136E-5,    -1.843125E-4
9.853750E+6,    -3.190339E-5,    -1.954436E-4
9.860000E+6,    -4.029274E-5,    -2.050400E-4
9.866250E+6,    -5.364418E-5,    -1.927018E-4
9.872500E+6,    -6.023049E-5,    -1.882017E-4
9.878750E+6,    -3.097951E-5,    -1.813620E-4
9.885000E+6,    -3.373623E-5,    -1.952052E-4
9.891250E+6,    -4.249811E-5,    -2.048910E-4
9.897500E+6,    -4.377961E-5,    -2.117157E-4
9.903750E+6,    -5.120039E-5,    -2.109110E-4
9.910000E+6,    -4.796684E-5,    -1.860708E-4
9.916250E+6,    -6.482005E-5,    -1.977682E-4
9.922500E+6,    -4.173815E-5,    -1.869053E-4
9.928750E+6,    -7.155538E-5,    -1.896620E-4
9.935000E+6,    -4.234910E-5,    -1.834631E-4
9.941250E+6,    -7.218122E-5,    -1.892447E-4
9.947500E+6,    -6.148219E-5,    -2.091825E-4
9.953750E+6,    -2.703071E-5,    -2.180338E-4
9.960000E+6,    -3.945827E-5,    -2.018511E-4
9.966250E+6,    -2.945960E-5,    -1.817644E-4
9.972500E+6,    -3.747642E-5,    -1.839995E-4
9.978750E+6,    -3.942847E-5,    -1.909733E-4
9.985000E+6,    -2.773106E-5,    -2.070814E-4
9.991250E+6,    -4.467368E-5,    -2.185702E-4
9.997500E+6,    -5.659461E-5,    -2.055466E-4
1.000375E+7,    -3.755093E-5,    -2.163649E-4
1.001000E+7,    -5.641580E-5,    -1.949370E-4
1.001625E+7,    -4.509091E-5,    -2.113283E-4
1.002250E+7,    -2.801418E-5,    -1.927912E-4
1.002875E+7,    -3.951788E-5,    -2.160370E-4
1.003500E+7,    -5.340576E-5,    -2.098382E-4
1.004125E+7,    -4.771352E-5,    -2.147257E-4
1.004750E+7,    -5.140901E-5,    -1.922250E-4
1.005375E+7,    -7.471442E-5,    -1.983941E-4
1.006000E+7,    -5.406141E-5,    -2.024174E-4
1.006625E+7,    -6.124377E-5,    -2.368689E-4
1.007250E+7,    -4.255772E-5,    -2.118349E-4
1.007875E+7,    -4.920363E-5,    -2.103746E-4
1.008500E+7,    -7.751584E-5,    -2.049506E-4
1.009125E+7,    -6.404519E-5,    -2.075136E-4
1.009750E+7,    -6.973743E-5,    -1.954138E-4
1.010375E+7,    -5.084276E-5,    -2.064109E-4
1.011000E+7,    -4.827976E-5,    -1.925230E-4
1.011625E+7,    -7.492304E-5,    -2.121031E-4
1.012250E+7,    -6.011128E-5,    -2.118051E-4
1.012875E+7,    -4.458427E-5,    -2.042651E-4
1.013500E+7,    -6.189942E-5,    -2.148747E-4
1.014125E+7,    -6.264448E-5,    -2.183616E-4
1.014750E+7,    -6.783009E-5,    -2.350509E-4
1.015375E+7,    -4.935265E-5,    -2.140105E-4
1.016000E+7,    -6.586313E-5,    -2.211928E-4
1.016625E+7,    -5.087256E-5,    -2.208352E-4
1.017250E+7,    -7.644296E-5,    -2.332628E-4
1.017875E+7,    -5.540252E-5,    -2.345741E-4
1.018500E+7,    -6.306171E-5,    -2.327263E-4
1.019125E+7,    -7.644296E-5,    -2.258122E-4
1.019750E+7,    -4.202127E-5,    -2.011657E-4
1.020375E+7,    -6.428361E-5,    -2.324581E-4
1.021000E+7,    -6.464124E-5,    -2.030432E-4
1.021625E+7,    -7.247925E-5,    -2.304614E-4
1.022250E+7,    -6.532669E-5,    -2.321005E-4
1.022875E+7,    -6.681681E-5,    -2.353191E-4
1.023500E+7,    -7.438660E-5,    -2.042949E-4
1.024125E+7,    -5.710125E-5,    -2.197325E-4
1.024750E+7,    -7.739663E-5,    -2.395213E-4
1.025375E+7,    -6.017089E-5,    -2.261400E-4
1.026000E+7,    -6.371737E-5,    -2.107322E-4
1.026625E+7,    -6.851554E-5,    -2.278984E-4
1.027250E+7,    -4.541874E-5,    -2.227724E-4
1.027875E+7,    -4.911423E-5,    -2.331138E-4
1.028500E+7,    -6.699562E-5,    -2.171099E-4
1.029125E+7,    -4.193187E-5,    -2.311468E-4
1.029750E+7,    -6.926060E-5,    -2.199411E-4
1.030375E+7,    -7.072091E-5,    -2.234578E-4
1.031000E+7,    -5.605817E-5,    -2.238154E-4
1.031625E+7,    -7.024407E-5,    -2.455115E-4
1.032250E+7,    -6.693602E-5,    -2.317131E-4
1.032875E+7,    -5.599856E-5,    -2.423525E-4
1.033500E+7,    -7.843971E-5,    -2.174973E-4
1.034125E+7,    -6.586313E-5,    -2.247393E-4
1.034750E+7,    -6.964803E-5,    -2.343059E-4
1.035375E+7,    -4.643202E-5,    -2.567172E-4
1.036000E+7,    -7.849932E-5,    -2.356470E-4
1.036625E+7,    -5.936623E-5,    -2.415478E-4
1.037250E+7,    -6.669760E-5,    -2.170801E-4
1.037875E+7,    -5.316734E-5,    -2.437532E-4
1.038500E+7,    -6.386638E-5,    -2.291799E-4
1.039125E+7,    -8.493662E-5,    -2.485216E-4
1.039750E+7,    -6.252527E-5,    -2.448857E-4
1.040375E+7,    -6.675720E-5,    -2.323389E-4
1.041000E+7,    -4.902482E-5,    -2.454519E-4
1.041625E+7,    -7.200241E-5,    -2.451241E-4
1.042250E+7,    -4.261732E-5,    -2.438128E-4
1.042875E+7,    -7.769465E-5,    -2.362728E-4
1.043500E+7,    -8.025765E-5,    -2.427995E-4
1.044125E+7,    -9.599328E-5,    -2.225637E-4
1.044750E+7,    -7.149577E-5,    -2.343953E-4
1.045375E+7,    -7.480383E-5,    -2.446473E-4
1.046000E+7,    -9.670854E-5,    -2.183616E-4
1.046625E+7,    -7.086992E-5,    -2.498329E-4
1.047250E+7,    -5.507469E-5,    -2.477169E-4
1.047875E+7,    -7.170439E-5,    -2.497137E-4
1.048500E+7,    -7.545948E-5,    -2.372563E-4
1.049125E+7,    -8.398294E-5,    -2.379119E-4
1.049750E+7,    -8.010864E-5,    -2.696216E-4
1.050375E+7,    -8.150935E-5,    -2.500713E-4
1.051000E+7,    -9.012222E-5,    -2.509058E-4
1.051625E+7,    -9.477139E-5,    -2.417862E-4
1.052250E+7,    -6.234646E-5,    -2.343357E-4
1.052875E+7,    -8.377433E-5,    -2.493262E-4
1.053500E+7,    -7.575750E-5,    -2.257824E-4
1.054125E+7,    -8.150935E-5,    -2.613664E-4
1.054750E+7,    -8.842349E-5,    -2.362430E-4
1.055375E+7,    -1.128912E-4,    -2.387166E-4
1.056000E+7,    -5.528331E-5,    -2.681017E-4
1.056625E+7,    -1.025200E-4,    -2.690852E-4
1.057250E+7,    -6.800890E-5,    -2.367795E-4
1.057875E+7,    -8.767843E-5,    -2.482235E-4
1.058500E+7,    -7.086992E-5,    -2.622604E-4
1.059125E+7,    -8.016825E-5,    -2.436042E-4
1.059750E+7,    -7.739663E-5,    -2.562106E-4
1.060375E+7,    -8.416176E-5,    -2.725422E-4
1.061000E+7,    -8.499622E-5,    -2.531111E-4
1.061625E+7,    -9.167194E-5,    -2.469420E-4
1.062250E+7,    -7.960200E-5,    -2.556145E-4
1.062875E+7,    -1.080036E-4,    -2.478361E-4
1.063500E+7,    -9.128451E-5,    -2.620220E-4
1.064125E+7,    -8.365512E-5,    -2.616644E-4
1.064750E+7,    -8.115172E-5,    -2.706051E-4
1.065375E+7,    -9.027123E-5,    -2.550781E-4
1.066000E+7,    -9.500980E-5,    -2.650917E-4
1.066625E+7,    -1.075268E-4,    -2.559423E-4
1.067250E+7,    -8.198619E-5,    -2.512038E-4
1.067875E+7,    -9.658933E-5,    -2.645850E-4
1.068500E+7,    -7.429719E-5,    -2.658665E-4
1.069125E+7,    -8.708239E-5,    -2.571046E-4
1.069750E+7,    -1.067221E-4,    -2.487600E-4
1.070375E+7,    -9.807944E-5,    -2.796054E-4
1.071000E+7,    -1.105666E-4,    -2.704561E-4
1.071625E+7,    -8.520484E-5,    -2.655387E-4
1.072250E+7,    -9.810925E-5,    -2.758205E-4
1.072875E+7,    -9.435415E-5,    -2.657473E-4
1.073500E+7,    -8.609891E-5,    -2.458692E-4
1.074125E+7,    -7.951260E-5,    -2.804101E-4
1.074750E+7,    -1.070201E-4,    -2.718270E-4
1.075375E+7,    -1.000166E-4,    -2.909303E-4
1.076000E+7,    -8.553267E-5,    -2.737939E-4
1.076625E+7,    -9.953976E-5,    -2.673566E-4
1.077250E+7,    -1.010299E-4,    -2.708733E-4
1.077875E+7,    -8.073449E-5,    -2.764761E-4
1.078500E+7,    -5.960464E-5,    -2.788305E-4
1.079125E+7,    -1.090765E-4,    -2.830029E-4
1.079750E+7,    -9.563565E-5,    -2.854764E-4
1.080375E+7,    -1.011193E-4,    -2.632141E-4
1.081000E+7,    -6.771088E-5,    -2.911985E-4
1.081625E+7,    -1.104176E-4,    -2.787709E-4
1.082250E+7,    -1.267791E-4,    -2.787709E-4
1.082875E+7,    -1.163185E-4,    -2.722442E-4
1.083500E+7,    -9.453297E-5,    -2.750754E-4
1.084125E+7,    -1.030266E-4,    -2.748668E-4
1.084750E+7,    -1.048744E-4,    -2.776682E-4
1.085375E+7,    -1.155436E-4,    -2.965629E-4
1.086000E+7,    -1.018047E-4,    -2.839863E-4
1.086625E+7,    -1.032948E-4,    -2.866983E-4
1.087250E+7,    -8.678436E-5,    -2.834499E-4
1.087875E+7,    -1.048148E-4,    -2.864897E-4
1.088500E+7,    -9.611249E-5,    -2.827048E-4
1.089125E+7,    -1.057088E-4,    -3.018677E-4
1.089750E+7,    -8.448958E-5,    -2.728999E-4
1.090375E+7,    -1.129210E-4,    -2.950430E-4
1.091000E+7,    -1.173615E-4,    -2.720952E-4
1.091625E+7,    -1.184940E-4,    -3.041327E-4
1.092250E+7,    -9.000301E-5,    -2.942979E-4
1.092875E+7,    -1.073480E-4,    -2.940893E-4
1.093500E+7,    -1.327097E-4,    -2.806783E-4
1.094125E+7,    -1.203120E-4,    -3.157258E-4
1.094750E+7,    -8.934736E-5,    -2.879202E-4
1.095375E+7,    -9.819865E-5,    -2.872050E-4
1.096000E+7,    -1.282096E-4,    -3.114343E-4
1.096625E+7,    -1.198351E-4,    -2.797842E-4
1.097250E+7,    -1.179576E-4,    -3.052354E-4
1.097875E+7,    -1.126528E-4,    -3.083050E-4
1.098500E+7,    -1.038313E-4,    -3.055036E-4
1.099125E+7,    -1.286864E-4,    -3.039837E-4
1.099750E+7,    -1.068711E-4,    -2.918839E-4
1.100375E+7,    -1.163483E-4,    -2.949536E-4
1.101000E+7,    -1.024604E-4,    -2.984107E-4
1.101625E+7,    -1.021028E-4,    -3.106296E-4
1.102250E+7,    -1.397133E-4,    -3.022254E-4
1.102875E+7,    -1.312494E-4,    -2.991557E-4
1.103500E+7,    -1.253784E-4,    -3.020763E-4
1.104125E+7,    -1.317859E-4,    -3.113747E-4
1.104750E+7,    -8.976460E-5,    -3.235340E-4
1.105375E+7,    -1.417398E-4,    -3.135800E-4
1.106000E+7,    -1.246333E-4,    -3.108978E-4
1.106625E+7,    -1.119077E-4,    -3.021359E-4
1.107250E+7,    -1.192689E-4,    -2.983510E-4
1.107875E+7,    -1.359880E-4,    -3.259778E-4
1.108500E+7,    -1.081526E-4,    -3.053844E-4
1.109125E+7,    -1.181364E-4,    -3.206730E-4
1.109750E+7,    -1.151264E-4,    -3.145933E-4
1.110375E+7,    -1.625121E-4,    -3.069937E-4
1.111000E+7,    -1.228452E-4,    -3.103316E-4
1.111625E+7,    -1.378655E-4,    -3.055334E-4
1.112250E+7,    -1.271665E-4,    -3.292561E-4
1.112875E+7,    -1.187921E-4,    -3.266931E-4
1.113500E+7,    -1.209378E-4,    -3.298521E-4
1.114125E+7,    -1.455247E-4,    -3.274381E-4
1.114750E+7,    -1.421869E-4,    -3.465712E-4
1.115375E+7,    -1.139045E-4,    -3.400743E-4
1.116000E+7,    -1.536906E-4,    -3.210008E-4
1.116625E+7,    -1.416504E-4,    -3.424585E-4
1.117250E+7,    -1.290143E-4,    -3.332794E-4
1.117875E+7,    -1.369417E-4,    -3.449619E-4
1.118500E+7,    -1.471043E-4,    -3.310740E-4
1.119125E+7,    -1.513362E-4,    -3.418922E-4
1.119750E+7,    -1.358688E-4,    -3.393292E-4
1.120375E+7,    -1.591146E-4,    -3.306866E-4
1.121000E+7,    -1.565814E-4,    -3.342032E-4
1.121625E+7,    -1.596212E-4,    -3.648400E-4
1.122250E+7,    -1.588464E-4,    -4.066229E-4
1.122875E+7,    -1.710057E-4,    -4.310608E-4
1.123500E+7,    -1.834631E-4,    -4.467964E-4
1.124125E+7,    -1.971722E-4,    -4.453659E-4
1.124750E+7,    -1.631379E-4,    -4.453659E-4
1.125375E+7,    -1.844168E-4,    -4.290938E-4
1.126000E+7,    -1.792312E-4,    -4.326105E-4
1.126625E+7,    -1.816154E-4,    -4.000068E-4
1.127250E+7,    -1.986623E-4,    -4.369020E-4
1.127875E+7,    -1.808405E-4,    -4.137754E-4
1.128500E+7,    -1.888275E-4,    -4.438162E-4
1.129125E+7,    -1.776814E-4,    -4.175305E-4
1.129750E+7,    -1.630187E-4,    -3.653169E-4
1.130375E+7,    -1.682639E-4,    -4.129410E-4
1.131000E+7,    -1.714826E-4,    -4.036427E-4
1.131625E+7,    -1.741052E-4,    -4.169941E-4
1.132250E+7,    -1.624823E-4,    -4.268885E-4
1.132875E+7,    -1.683831E-4,    -4.155040E-4
1.133500E+7,    -1.659989E-4,    -4.251599E-4
1.134125E+7,    -1.662970E-4,    -3.908873E-4
1.134750E+7,    -1.584291E-4,    -4.125237E-4
1.135375E+7,    -1.929998E-4,    -4.087090E-4
1.136000E+7,    -1.933575E-4,    -3.761053E-4
1.136625E+7,    -1.991987E-4,    -4.109740E-4
1.137250E+7,    -1.682043E-4,    -4.138350E-4
1.137875E+7,    -1.915097E-4,    -4.156232E-4
1.138500E+7,    -2.148151E-4,    -4.243255E-4
1.139125E+7,    -1.663566E-4,    -3.979802E-4
1.139750E+7,    -1.816154E-4,    -4.062653E-4
1.140375E+7,    -1.698136E-4,    -4.146099E-4
1.141000E+7,    -1.817942E-4,    -3.954768E-4
1.141625E+7,    -1.673698E-4,    -4.006624E-4
1.142250E+7,    -1.733303E-4,    -3.998876E-4
1.142875E+7,    -2.014637E-4,    -4.281402E-4
1.143500E+7,    -1.947880E-4,    -3.930330E-4
1.144125E+7,    -1.910329E-4,    -4.245639E-4
1.144750E+7,    -1.761317E-4,    -4.426241E-4
1.145375E+7,    -2.267361E-4,    -4.736781E-4
1.146000E+7,    -2.093315E-4,    -4.608631E-4
1.146625E+7,    -2.107620E-4,    -4.789829E-4
1.147250E+7,    -1.873970E-4,    -4.631877E-4
1.147875E+7,    -1.990795E-4,    -4.443526E-4
1.148500E+7,    -1.927018E-4,    -4.563928E-4
1.149125E+7,    -2.557039E-4,    -4.931092E-4
1.149750E+7,    -2.180338E-4,    -5.186200E-4
1.150375E+7,    -2.408624E-4,    -5.002618E-4
1.151000E+7,    -2.164245E-4,    -4.896522E-4
1.151625E+7,    -2.256632E-4,    -5.443692E-4
1.152250E+7,    -1.850724E-4,    -4.891157E-4
1.152875E+7,    -1.906157E-4,    -5.030632E-4
1.153500E+7,    -2.299547E-4,    -4.470944E-4
1.154125E+7,    -2.333522E-4,    -5.195737E-4
1.154750E+7,    -2.388954E-4,    -5.060434E-4
1.155375E+7,    -2.333522E-4,    -5.229115E-4
1.156000E+7,    -2.248883E-4,    -5.703568E-4
1.156625E+7,    -2.473593E-4,    -5.794168E-4
1.157250E+7,    -2.378225E-4,    -5.789995E-4
1.157875E+7,    -2.787709E-4,    -5.773902E-4
1.158500E+7,    -2.722740E-4,    -6.512403E-4
1.159125E+7,    -2.280474E-4,    -5.571246E-4
1.159750E+7,    -2.205968E-4,    -5.353689E-4
1.160375E+7,    -2.707839E-4,    -5.902052E-4
1.161000E+7,    -2.558231E-4,    -5.798340E-4
1.161625E+7,    -3.255606E-4,    -6.060004E-4
1.162250E+7,    -2.984405E-4,    -6.489754E-4
1.162875E+7,    -2.622604E-4,    -8.388758E-4
1.163500E+7,    -2.120733E-4,    -8.760691E-4
1.164125E+7,    -1.014471E-4,    -1.021981E-3
1.164750E+7,    1.068115E-4,    -1.105547E-3
1.165375E+7,    0.000000E+0,    -1.084805E-3
1.166000E+7,    2.257824E-4,    -1.036286E-3
1.166625E+7,    4.513264E-4,    -1.072168E-3
1.167250E+7,    6.421804E-4,    -9.393096E-4
1.167875E+7,    5.669594E-4,    -9.829998E-4
1.168500E+7,    5.137324E-4,    -9.726882E-4
1.169125E+7,    5.300045E-4,    -9.853840E-4
1.169750E+7,    5.915165E-4,    -9.796619E-4
1.170375E+7,    5.741119E-4,    -9.870529E-4
1.171000E+7,    5.969405E-4,    -9.591579E-4
1.171625E+7,    5.617142E-4,    -1.015544E-3
1.172250E+7,    5.848408E-4,    -9.788275E-4
1.172875E+7,    5.649328E-4,    -9.951591E-4
1.173500E+7,    6.042719E-4,    -1.022577E-3
1.174125E+7,    5.811453E-4,    -1.003981E-3
1.174750E+7,    6.207228E-4,    -1.044631E-3
1.175375E+7,    5.847216E-4,    -1.055956E-3
1.176000E+7,    6.121397E-4,    -1.035213E-3
1.176625E+7,    6.121397E-4,    -1.036048E-3
1.177250E+7,    6.103516E-4,    -1.038074E-3
1.177875E+7,    5.934238E-4,    -1.052141E-3
1.178500E+7,    5.753040E-4,    -1.067400E-3
1.179125E+7,    6.318092E-4,    -1.115441E-3
1.179750E+7,    5.822182E-4,    -1.097322E-3
1.180375E+7,    5.708933E-4,    -1.052737E-3
1.181000E+7,    5.843639E-4,    -1.092553E-3
1.181625E+7,    5.691051E-4,    -1.073837E-3
1.182250E+7,    6.394386E-4,    -1.091599E-3
1.182875E+7,    5.421638E-4,    -1.155376E-3
1.183500E+7,    6.237030E-4,    -1.059771E-3
1.184125E+7,    6.076097E-4,    -1.180649E-3
1.184750E+7,    5.985498E-4,    -1.152158E-3
1.185375E+7,    5.975962E-4,    -1.153469E-3
1.186000E+7,    6.420612E-4,    -1.123786E-3
1.186625E+7,    5.919933E-4,    -1.130462E-3
1.187250E+7,    5.767345E-4,    -1.177549E-3
1.187875E+7,    6.059408E-4,    -1.182675E-3
1.188500E+7,    6.247759E-4,    -1.200557E-3
1.189125E+7,    6.332397E-4,    -1.174808E-3
1.189750E+7,    6.638765E-4,    -1.196504E-3
1.190375E+7,    6.378889E-4,    -1.209021E-3
1.191000E+7,    6.835461E-4,    -1.212478E-3
1.191625E+7,    6.467104E-4,    -1.218557E-3
1.192250E+7,    6.792545E-4,    -1.222134E-3
1.192875E+7,    5.971193E-4,    -1.251221E-3
1.193500E+7,    6.065369E-4,    -1.225114E-3
1.194125E+7,    6.202459E-4,    -1.233459E-3
1.194750E+7,    6.521940E-4,    -1.282454E-3
1.195375E+7,    6.791353E-4,    -1.245856E-3
1.196000E+7,    6.427765E-4,    -1.261711E-3
1.196625E+7,    6.672144E-4,    -1.334310E-3
1.197250E+7,    6.864071E-4,    -1.276135E-3
1.197875E+7,    6.279945E-4,    -1.318574E-3
1.198500E+7,    6.566048E-4,    -1.322985E-3
1.199125E+7,    6.361008E-4,    -1.360536E-3
1.199750E+7,    6.705523E-4,    -1.313090E-3
1.200375E+7,    6.742477E-4,    -1.357794E-3
1.201000E+7,    6.844997E-4,    -1.359940E-3
1.201625E+7,    6.698370E-4,    -1.395583E-3
1.202250E+7,    6.233454E-4,    -1.384258E-3
1.202875E+7,    6.140471E-4,    -1.391053E-3
1.203500E+7,    6.018877E-4,    -1.415253E-3
1.204125E+7,    6.170273E-4,    -1.402497E-3
1.204750E+7,    6.453991E-4,    -1.411796E-3
1.205375E+7,    6.688833E-4,    -1.396894E-3
1.206000E+7,    6.326437E-4,    -1.372695E-3
1.206625E+7,    6.984472E-4,    -1.412630E-3
1.207250E+7,    7.194281E-4,    -1.442194E-3
1.207875E+7,    6.607771E-4,    -1.416326E-3
1.208500E+7,    6.533861E-4,    -1.390219E-3
1.209125E+7,    6.488562E-4,    -1.430869E-3
1.209750E+7,    6.756783E-4,    -1.439333E-3
1.210375E+7,    6.227493E-4,    -1.448989E-3
1.211000E+7,    6.190538E-4,    -1.437187E-3
1.211625E+7,    6.443262E-4,    -1.473546E-3
1.212250E+7,    6.697178E-4,    -1.458287E-3
1.212875E+7,    6.203651E-4,    -1.502872E-3
1.213500E+7,    6.809235E-4,    -1.526475E-3
1.214125E+7,    6.625652E-4,    -1.518607E-3
1.214750E+7,    6.864071E-4,    -1.503468E-3
1.215375E+7,    6.253719E-4,    -1.559854E-3
1.216000E+7,    6.546974E-4,    -1.478791E-3
1.216625E+7,    6.827116E-4,    -1.509309E-3
1.217250E+7,    7.066727E-4,    -1.602292E-3
1.217875E+7,    7.165670E-4,    -1.547337E-3
1.218500E+7,    7.122755E-4,    -1.562715E-3
1.219125E+7,    6.796122E-4,    -1.565933E-3
1.219750E+7,    7.226467E-4,    -1.592517E-3
1.220375E+7,    6.531477E-4,    -1.621246E-3
1.221000E+7,    6.680489E-4,    -1.603842E-3
1.221625E+7,    7.457733E-4,    -1.660347E-3
1.222250E+7,    7.064342E-4,    -1.644492E-3
1.222875E+7,    6.991625E-4,    -1.649737E-3
1.223500E+7,    7.261038E-4,    -1.676559E-3
1.224125E+7,    7.057190E-4,    -1.700640E-3
1.224750E+7,    7.225275E-4,    -1.730442E-3
1.225375E+7,    7.501841E-4,    -1.683831E-3
1.226000E+7,    7.691383E-4,    -1.751781E-3
1.226625E+7,    7.262230E-4,    -1.771569E-3
1.227250E+7,    8.147955E-4,    -1.738787E-3
1.227875E+7,    7.659197E-4,    -1.791596E-3
1.228500E+7,    7.020235E-4,    -1.783013E-3
1.229125E+7,    7.729530E-4,    -1.806855E-3
1.229750E+7,    7.848740E-4,    -1.842737E-3
1.230375E+7,    7.266998E-4,    -1.851559E-3
1.231000E+7,    7.467270E-4,    -1.826406E-3
1.231625E+7,    7.399321E-4,    -1.874447E-3
1.232250E+7,    7.843971E-4,    -1.886845E-3
1.232875E+7,    7.265806E-4,    -1.903653E-3
1.233500E+7,    7.420778E-4,    -1.938581E-3
1.234125E+7,    7.791519E-4,    -1.981020E-3
1.234750E+7,    8.118153E-4,    -1.919866E-3
1.235375E+7,    8.072853E-4,    -1.970410E-3
1.236000E+7,    8.811951E-4,    -1.984596E-3
1.236625E+7,    8.246899E-4,    -2.019644E-3
1.237250E+7,    7.729530E-4,    -1.994610E-3
1.237875E+7,    8.473396E-4,    -2.033234E-3
1.238500E+7,    8.692741E-4,    -2.071381E-3
1.239125E+7,    8.172989E-4,    -2.125263E-3
1.239750E+7,    8.285046E-4,    -2.054930E-3
1.240375E+7,    8.888245E-4,    -2.148151E-3
1.241000E+7,    8.721352E-4,    -2.168179E-3
1.241625E+7,    8.857250E-4,    -2.140522E-3
1.242250E+7,    9.124279E-4,    -2.134085E-3
1.242875E+7,    8.883476E-4,    -2.209187E-3
1.243500E+7,    9.074211E-4,    -2.262592E-3
1.244125E+7,    9.248257E-4,    -2.298355E-3
1.244750E+7,    9.009838E-4,    -2.259731E-3
1.245375E+7,    8.969307E-4,    -2.307892E-3
1.246000E+7,    9.374619E-4,    -2.297640E-3
1.246625E+7,    9.007454E-4,    -2.344847E-3
1.247250E+7,    9.243488E-4,    -2.360106E-3
1.247875E+7,    9.446144E-4,    -2.401352E-3
1.248500E+7,    9.732246E-4,    -2.418041E-3
1.249125E+7,    9.820461E-4,    -2.413273E-3
1.249750E+7,    9.377003E-4,    -2.472878E-3
1.250375E+7,    9.825230E-4,    -2.538443E-3
1.251000E+7,    9.908676E-4,    -2.521038E-3
1.251625E+7,    1.017570E-3,    -2.559423E-3
1.252250E+7,    1.033783E-3,    -2.551794E-3
1.252875E+7,    9.880066E-4,    -2.613783E-3
1.253500E+7,    9.975433E-4,    -2.623320E-3
1.254125E+7,    1.013994E-3,    -2.622366E-3
1.254750E+7,    1.048326E-3,    -2.707481E-3
1.255375E+7,    1.058102E-3,    -2.728939E-3
1.256000E+7,    1.087666E-3,    -2.721548E-3
1.256625E+7,    1.081228E-3,    -2.847910E-3
1.257250E+7,    1.112700E-3,    -2.881050E-3
1.257875E+7,    1.098156E-3,    -2.883196E-3
1.258500E+7,    1.132011E-3,    -2.919912E-3
1.259125E+7,    1.156330E-3,    -2.906084E-3
1.259750E+7,    1.173496E-3,    -2.974987E-3
1.260375E+7,    1.131058E-3,    -2.978086E-3
1.261000E+7,    1.110077E-3,    -3.067732E-3
1.261625E+7,    1.129389E-3,    -3.132105E-3
1.262250E+7,    1.174450E-3,    -3.151178E-3
1.262875E+7,    1.064777E-3,    -3.289938E-3
1.263500E+7,    1.174212E-3,    -3.140450E-3
1.264125E+7,    1.194239E-3,    -3.219604E-3
1.264750E+7,    1.208305E-3,    -3.312826E-3
1.265375E+7,    1.192331E-3,    -3.358364E-3
1.266000E+7,    1.228809E-3,    -3.435850E-3
1.266625E+7,    1.245260E-3,    -3.447533E-3
1.267250E+7,    4.677773E-4,    -3.746510E-3
1.267875E+7,    7.767677E-4,    -3.749609E-3
1.268500E+7,    4.794598E-4,    -3.938437E-3
1.269125E+7,    9.412766E-4,    -3.908634E-3
1.269750E+7,    1.310825E-3,    -3.599644E-3
1.270375E+7,    9.584427E-5,    -3.829956E-3
1.271000E+7,    5.116463E-4,    -4.349232E-3
1.271625E+7,    1.378536E-3,    -3.837347E-3
1.272250E+7,    1.382589E-3,    -3.901958E-3
1.272875E+7,    1.381397E-3,    -3.936052E-3
1.273500E+7,    1.395226E-3,    -4.127979E-3
1.274125E+7,    1.424789E-3,    -4.121780E-3
1.274750E+7,    1.430511E-3,    -4.227638E-3
1.275375E+7,    1.503468E-3,    -4.194260E-3
1.276000E+7,    1.241684E-3,    -4.336596E-3
1.276625E+7,    7.355213E-4,    -4.569530E-3
1.277250E+7,    -7.605553E-4,    -3.341913E-3
1.277875E+7,    -1.191616E-3,    -4.153967E-3
1.278500E+7,    -5.130768E-4,    -4.955530E-3
1.279125E+7,    1.242161E-4,    -5.150080E-3
1.279750E+7,    1.219511E-3,    -4.807472E-3
1.280375E+7,    -4.405975E-4,    -4.721642E-3
1.281000E+7,    -1.692533E-3,    -4.099131E-3
1.281625E+7,    -1.307011E-3,    -5.435944E-3
1.282250E+7,    -1.384020E-3,    -5.353212E-3
1.282875E+7,    5.738735E-4,    -5.500793E-3
1.283500E+7,    -2.141476E-3,    -4.696846E-3
1.284125E+7,    1.641512E-3,    -5.869389E-3
1.284750E+7,    1.860619E-3,    -5.756378E-3
1.285375E+7,    1.420498E-3,    -6.115198E-3
1.286000E+7,    1.462460E-3,    -6.059885E-3
1.286625E+7,    1.377106E-3,    -6.386518E-3
1.287250E+7,    1.633883E-3,    -6.370544E-3
1.287875E+7,    1.954079E-3,    -6.260872E-3
1.288500E+7,    1.568317E-3,    -6.345987E-3
1.289125E+7,    1.184940E-3,    -7.026434E-3
1.289750E+7,    2.272129E-4,    -7.084608E-3
1.290375E+7,    1.416922E-3,    -6.889820E-3
1.291000E+7,    9.145737E-4,    -7.238388E-3
1.291625E+7,    5.373955E-4,    -7.668018E-3
1.292250E+7,    -2.937317E-4,    -6.769180E-3
1.292875E+7,    3.056526E-4,    -7.511854E-3
1.293500E+7,    -2.716064E-3,    -6.426334E-3
1.294125E+7,    -1.795769E-3,    -7.075310E-3
1.294750E+7,    -2.707005E-3,    -5.521297E-3
1.295375E+7,    -2.785921E-3,    -3.663778E-3
1.296000E+7,    -2.400398E-3,    -2.787590E-3
1.296625E+7,    -2.335787E-3,    -2.654552E-3
1.297250E+7,    -2.429485E-3,    -2.743244E-3
1.297875E+7,    -2.479315E-3,    -2.773762E-3
1.298500E+7,    -2.499580E-3,    -2.817154E-3
1.299125E+7,    -2.575159E-3,    -2.838612E-3
1.299750E+7,    -2.619743E-3,    -2.892017E-3
1.300375E+7,    -2.697468E-3,    -2.959013E-3
1.301000E+7,    -2.784729E-3,    -3.042459E-3
1.301625E+7,    -2.834320E-3,    -3.042459E-3
1.302250E+7,    -2.912760E-3,    -3.153563E-3
1.302875E+7,    -3.014326E-3,    -3.197432E-3
1.303500E+7,    -3.072977E-3,    -3.265142E-3
1.304125E+7,    -3.174543E-3,    -3.336430E-3
1.304750E+7,    -3.256083E-3,    -3.403187E-3
1.305375E+7,    -3.337383E-3,    -3.468752E-3
1.306000E+7,    -3.417730E-3,    -3.527164E-3
1.306625E+7,    -3.532887E-3,    -3.594637E-3
1.307250E+7,    -3.616333E-3,    -3.693104E-3
1.307875E+7,    -3.781557E-3,    -3.808737E-3
1.308500E+7,    -3.875256E-3,    -3.898859E-3
1.309125E+7,    -4.003763E-3,    -3.982782E-3
1.309750E+7,    -4.132271E-3,    -4.054546E-3
1.310375E+7,    -4.273891E-3,    -4.158020E-3
1.311000E+7,    -4.390717E-3,    -4.240513E-3
1.311625E+7,    -4.549980E-3,    -4.371166E-3
1.312250E+7,    -4.712105E-3,    -4.481316E-3
1.312875E+7,    -4.904270E-3,    -4.586697E-3
1.313500E+7,    -5.055904E-3,    -4.716396E-3
1.314125E+7,    -5.249023E-3,    -4.811764E-3
1.314750E+7,    -5.444050E-3,    -4.974842E-3
1.315375E+7,    -5.731106E-3,    -5.157948E-3
1.316000E+7,    -5.954266E-3,    -5.301476E-3
1.316625E+7,    -6.168842E-3,    -5.481243E-3
1.317250E+7,    -6.398678E-3,    -5.568504E-3
1.317875E+7,    -6.692886E-3,    -5.741596E-3
1.318500E+7,    -6.925583E-3,    -5.909920E-3
1.319125E+7,    -7.269859E-3,    -6.107330E-3
1.319750E+7,    -7.483959E-3,    -6.203651E-3
1.320375E+7,    -7.844448E-3,    -6.377697E-3
1.321000E+7,    -8.256435E-3,    -6.681442E-3
1.321625E+7,    -8.514881E-3,    -6.783962E-3
1.322250E+7,    -8.898735E-3,    -6.977081E-3
1.322875E+7,    -9.378433E-3,    -7.218361E-3
1.323500E+7,    -9.922981E-3,    -7.487297E-3
1.324125E+7,    -1.051235E-2,    -7.815361E-3
1.324750E+7,    -1.127243E-2,    -8.208275E-3
1.325375E+7,    -1.208401E-2,    -8.647919E-3
1.326000E+7,    -1.258469E-2,    -8.860588E-3
1.326625E+7,    -1.335239E-2,    -9.179115E-3
1.327250E+7,    -1.416683E-2,    -9.520531E-3
1.327875E+7,    -1.516628E-2,    -9.926796E-3
1.328500E+7,    -1.593399E-2,    -1.018524E-2
1.329125E+7,    -1.723289E-2,    -1.074696E-2
1.329750E+7,    -1.819229E-2,    -1.110268E-2
1.330375E+7,    -1.924515E-2,    -1.130295E-2
1.331000E+7,    -2.115440E-2,    -1.195908E-2
1.331625E+7,    -2.258492E-2,    -1.243973E-2
1.332250E+7,    -2.474213E-2,    -1.313210E-2
1.332875E+7,    -2.563858E-2,    -1.326561E-2
1.333500E+7,    -2.690125E-2,    -1.310349E-2
1.334125E+7,    -2.854347E-2,    -1.339722E-2
1.334750E+7,    -3.057671E-2,    -1.350212E-2
1.335375E+7,    -3.359795E-2,    -1.401901E-2
1.336000E+7,    -3.615570E-2,    -1.442146E-2
1.336625E+7,    -3.889465E-2,    -1.422501E-2
1.337250E+7,    -4.282188E-2,    -1.469231E-2
1.337875E+7,    -4.631042E-2,    -1.442337E-2
1.338500E+7,    -5.034637E-2,    -1.403427E-2
1.339125E+7,    -5.601883E-2,    -1.367187E-2
1.339750E+7,    -6.121063E-2,    -1.280975E-2
1.340375E+7,    -6.705856E-2,    -1.130295E-2
1.341000E+7,    -7.415390E-2,    -9.315491E-3
1.341625E+7,    -8.320236E-2,    -6.534576E-3
1.342250E+7,    -9.245682E-2,    -2.552032E-3
1.342875E+7,    -1.038780E-1,    3.097534E-3
1.343500E+7,    -1.166763E-1,    1.116180E-2
1.344125E+7,    -1.285477E-1,    2.183533E-2
1.344750E+7,    -1.437912E-1,    3.658295E-2
1.345375E+7,    -1.587982E-1,    5.651093E-2
1.346000E+7,    -1.720123E-1,    8.369446E-2
1.346625E+7,    -1.837234E-1,    1.184235E-1
1.347250E+7,    -1.896744E-1,    1.630402E-1
1.347875E+7,    -1.816559E-1,    2.138748E-1
1.348500E+7,    -1.568756E-1,    2.665253E-1
1.349125E+7,    -1.158295E-1,    3.188629E-1
1.349750E+7,    -5.570984E-2,    3.609772E-1
1.350375E+7,    1.614380E-2,    3.887939E-1
1.351000E+7,    9.257507E-2,    3.905945E-1
1.351625E+7,    1.676025E-1,    3.744202E-1
1.352250E+7,    2.354736E-1,    3.435974E-1
1.352875E+7,    2.945862E-1,    3.011780E-1
1.353500E+7,    3.455505E-1,    2.505188E-1
1.354125E+7,    3.861389E-1,    1.915283E-1
1.354750E+7,    4.180908E-1,    1.261902E-1
1.355375E+7,    4.387207E-1,    5.363464E-2
1.356000E+7,    4.455566E-1,    -2.456665E-2
1.356625E+7,    4.363861E-1,    -1.055298E-1
1.357250E+7,    4.085388E-1,    -1.863708E-1
1.357875E+7,    3.628235E-1,    -2.623901E-1
1.358500E+7,    2.979279E-1,    -3.255463E-1
1.359125E+7,    2.186890E-1,    -3.719788E-1
1.359750E+7,    1.310425E-1,    -3.968201E-1
1.360375E+7,    3.985596E-2,    -3.966980E-1
1.361000E+7,    -4.641724E-2,    -3.728943E-1
1.361625E+7,    -1.202240E-1,    -3.273010E-1
1.362250E+7,    -1.749573E-1,    -2.645416E-1
1.362875E+7,    -2.052460E-1,    -1.932373E-1
1.363500E+7,    -2.116241E-1,    -1.245575E-1
1.364125E+7,    -1.980743E-1,    -6.575012E-2
1.364750E+7,    -1.725235E-1,    -2.206421E-2
1.365375E+7,    -1.432190E-1,    6.332397E-3
1.366000E+7,    -1.149712E-1,    2.289200E-2
1.366625E+7,    -9.057617E-2,    3.072357E-2
1.367250E+7,    -7.051849E-2,    3.338623E-2
1.367875E+7,    -5.450821E-2,    3.287506E-2
1.368500E+7,    -4.208374E-2,    3.025436E-2
1.369125E+7,    -3.250885E-2,    2.717209E-2
1.369750E+7,    -2.529716E-2,    2.395248E-2
1.370375E+7,    -1.976204E-2,    2.086449E-2
1.371000E+7,    -1.550484E-2,    1.798439E-2
1.371625E+7,    -1.232338E-2,    1.540756E-2
1.372250E+7,    -9.781837E-3,    1.313210E-2
1.372875E+7,    -7.878304E-3,    1.115513E-2
1.373500E+7,    -6.381035E-3,    9.432793E-3
1.374125E+7,    -5.222321E-3,    7.943153E-3
1.374750E+7,    -4.276752E-3,    6.648064E-3
1.375375E+7,    -3.546238E-3,    5.560398E-3
1.376000E+7,    -2.984524E-3,    4.603863E-3
1.376625E+7,    -2.528191E-3,    3.794432E-3
1.377250E+7,    -2.133846E-3,    3.076792E-3
1.377875E+7,    -1.863718E-3,    2.481699E-3
1.378500E+7,    -1.628876E-3,    1.981258E-3
1.379125E+7,    -1.427650E-3,    1.521945E-3
1.379750E+7,    -1.280904E-3,    1.145959E-3
1.380375E+7,    -1.158834E-3,    8.401871E-4
1.381000E+7,    -1.064777E-3,    5.403757E-4
1.381625E+7,    -9.642243E-4,    3.126860E-4
1.382250E+7,    -8.988380E-4,    1.108050E-4
1.382875E+7,    -8.416176E-4,    -7.092953E-5
1.383500E+7,    -7.945299E-4,    -2.346039E-4
1.384125E+7,    -7.361174E-4,    -3.583431E-4
1.384750E+7,    -7.370710E-4,    -4.633665E-4
1.385375E+7,    -6.834269E-4,    -5.548000E-4
1.386000E+7,    -6.612539E-4,    -6.467104E-4
1.386625E+7,    -6.371737E-4,    -7.051229E-4
1.387250E+7,    -6.251335E-4,    -7.572174E-4
1.387875E+7,    -6.375313E-4,    -8.158684E-4
1.388500E+7,    -5.896091E-4,    -8.410215E-4
1.389125E+7,    -5.619526E-4,    -8.850098E-4
1.389750E+7,    -5.619526E-4,    -9.100437E-4
1.390375E+7,    -5.664825E-4,    -9.236336E-4
1.391000E+7,    -5.488396E-4,    -9.385347E-4
1.391625E+7,    -5.214214E-4,    -9.459257E-4
1.392250E+7,    -5.258322E-4,    -9.739399E-4
1.392875E+7,    -5.100965E-4,    -9.598732E-4
1.393500E+7,    -5.071163E-4,    -9.669065E-4
1.394125E+7,    -4.954338E-4,    -9.377003E-4
1.394750E+7,    -4.955530E-4,    -9.509325E-4
1.395375E+7,    -4.682541E-4,    -9.742975E-4
1.396000E+7,    -5.021095E-4,    -9.204149E-4
1.396625E+7,    -4.825592E-4,    -9.492636E-4
1.397250E+7,    -4.514456E-4,    -9.365082E-4
1.397875E+7,    -4.738569E-4,    -9.057522E-4
1.398500E+7,    -4.513264E-4,    -9.200573E-4
1.399125E+7,    -4.457235E-4,    -8.920431E-4
1.399750E+7,    -4.233122E-4,    -8.716583E-4
1.400375E+7,    -4.324913E-4,    -8.618832E-4
1.401000E+7,    -4.290342E-4,    -8.560419E-4
1.401625E+7,    -3.923178E-4,    -8.739233E-4
1.402250E+7,    -4.241467E-4,    -8.322001E-4
1.402875E+7,    -4.070997E-4,    -8.040667E-4
1.403500E+7,    -3.964901E-4,    -8.049011E-4
1.404125E+7,    -4.034042E-4,    -7.742643E-4
1.404750E+7,    -3.882647E-4,    -7.691383E-4
1.405375E+7,    -4.049540E-4,    -7.516146E-4
1.406000E+7,    -3.620386E-4,    -7.425547E-4
1.406625E+7,    -3.764629E-4,    -7.318258E-4
1.407250E+7,    -3.626943E-4,    -7.407069E-4
1.407875E+7,    -3.720522E-4,    -7.015467E-4
1.408500E+7,    -3.356934E-4,    -6.924868E-4
1.409125E+7,    -3.611445E-4,    -6.813407E-4
1.409750E+7,    -3.522038E-4,    -6.742477E-4
1.410375E+7,    -3.205538E-4,    -6.566048E-4
1.411000E+7,    -3.204048E-4,    -6.480813E-4
1.411625E+7,    -3.202558E-4,    -6.484389E-4
1.412250E+7,    -2.899170E-4,    -6.312728E-4
1.412875E+7,    -3.174841E-4,    -5.674362E-4
1.413500E+7,    -2.900958E-4,    -6.083846E-4
1.414125E+7,    -3.066659E-4,    -5.901456E-4
1.414750E+7,    -2.919734E-4,    -5.775094E-4
1.415375E+7,    -3.081560E-4,    -5.752742E-4
1.416000E+7,    -2.854466E-4,    -5.629063E-4
1.416625E+7,    -2.998710E-4,    -5.452037E-4
1.417250E+7,    -2.855062E-4,    -5.398989E-4
1.417875E+7,    -2.669692E-4,    -5.285442E-4
1.418500E+7,    -2.673566E-4,    -5.277693E-4
1.419125E+7,    -2.530515E-4,    -4.650056E-4
1.419750E+7,    -2.657473E-4,    -4.763305E-4
1.420375E+7,    -2.631545E-4,    -4.613400E-4
1.421000E+7,    -2.598763E-4,    -4.915595E-4
1.421625E+7,    -2.408922E-4,    -4.726946E-4
1.422250E+7,    -2.421141E-4,    -4.650056E-4
1.422875E+7,    -2.353191E-4,    -4.292727E-4
1.423500E+7,    -2.424717E-4,    -4.347265E-4
1.424125E+7,    -2.430379E-4,    -4.558861E-4
1.424750E+7,    -2.344251E-4,    -4.063845E-4
1.425375E+7,    -2.215207E-4,    -4.012585E-4
1.426000E+7,    -2.100468E-4,    -4.104376E-4
1.426625E+7,    -2.229810E-4,    -3.854632E-4
1.427250E+7,    -2.290905E-4,    -3.908575E-4
1.427875E+7,    -2.028048E-4,    -3.817976E-4
1.428500E+7,    -2.160668E-4,    -3.855526E-4
1.429125E+7,    -2.038479E-4,    -3.735423E-4
1.429750E+7,    -2.028644E-4,    -3.513396E-4
1.430375E+7,    -1.718998E-4,    -3.438890E-4
1.431000E+7,    -1.979470E-4,    -3.520250E-4
1.431625E+7,    -1.776814E-4,    -3.269911E-4
1.432250E+7,    -2.014041E-4,    -3.285408E-4
1.432875E+7,    -1.905859E-4,    -3.379881E-4
1.433500E+7,    -1.724660E-4,    -3.352761E-4
1.434125E+7,    -1.801103E-4,    -3.179759E-4
1.434750E+7,    -1.821965E-4,    -3.092736E-4
1.435375E+7,    -1.585633E-4,    -3.006756E-4
1.436000E+7,    -1.610667E-4,    -3.076941E-4
1.436625E+7,    -1.758039E-4,    -2.881289E-4
1.437250E+7,    -1.792908E-4,    -3.098547E-4
1.437875E+7,    -1.761466E-4,    -2.949238E-4
1.438500E+7,    -1.494437E-4,    -2.652854E-4
1.439125E+7,    -1.664907E-4,    -2.602488E-4
1.439750E+7,    -1.436770E-4,    -2.666414E-4
1.440375E+7,    -1.618713E-4,    -2.608746E-4
1.441000E+7,    -1.596063E-4,    -2.612323E-4
1.441625E+7,    -1.610219E-4,    -2.527982E-4
1.442250E+7,    -1.572371E-4,    -2.393425E-4
1.442875E+7,    -1.529306E-4,    -2.476573E-4
1.443500E+7,    -1.362413E-4,    -2.375543E-4
1.444125E+7,    -1.556426E-4,    -2.007335E-4
1.444750E+7,    -1.397431E-4,    -2.206117E-4
1.445375E+7,    -1.427531E-4,    -2.043545E-4
1.446000E+7,    -1.226962E-4,    -2.338886E-4
1.446625E+7,    -1.263171E-4,    -2.170354E-4
1.447250E+7,    -1.227111E-4,    -1.953244E-4
1.447875E+7,    -1.188964E-4,    -2.039075E-4
1.448500E+7,    -1.288652E-4,    -2.082586E-4
1.449125E+7,    -1.144856E-4,    -1.978874E-4
1.449750E+7,    -1.291484E-4,    -2.154857E-4
1.450375E+7,    -1.005977E-4,    -1.639575E-4
1.451000E+7,    -1.392961E-4,    -1.964271E-4
1.451625E+7,    -1.154095E-4,    -1.816750E-4
1.452250E+7,    -1.125634E-4,    -1.824647E-4
1.452875E+7,    -9.818375E-5,    -1.721382E-4
1.453500E+7,    -1.239628E-4,    -1.704395E-4
1.454125E+7,    -9.211898E-5,    -1.667142E-4
1.454750E+7,    -1.125932E-4,    -1.666397E-4
1.455375E+7,    -1.116544E-4,    -1.513511E-4
1.456000E+7,    -1.089126E-4,    -1.831055E-4
1.456625E+7,    -1.059771E-4,    -1.842976E-4
1.457250E+7,    -9.949505E-5,    -1.558512E-4
1.457875E+7,    -1.017153E-4,    -1.702160E-4
1.458500E+7,    -9.114295E-5,    -1.507401E-4
1.459125E+7,    -1.081824E-4,    -1.442134E-4
1.459750E+7,    -8.574873E-5,    -1.452118E-4
1.460375E+7,    -8.359551E-5,    -1.382381E-4
1.461000E+7,    -1.119226E-4,    -1.578033E-4
1.461625E+7,    -8.206815E-5,    -1.307353E-4
1.462250E+7,    -8.548796E-5,    -1.292825E-4
1.462875E+7,    -9.242445E-5,    -1.263246E-4
1.463500E+7,    -5.985796E-5,    -1.321658E-4
1.464125E+7,    -8.596480E-5,    -1.366958E-4
1.464750E+7,    -7.452071E-5,    -1.178756E-4
1.465375E+7,    -8.917600E-5,    -9.577721E-5
1.466000E+7,    -6.720424E-5,    -1.446605E-4
1.466625E+7,    -6.197393E-5,    -1.234263E-4
1.467250E+7,    -6.638467E-5,    -1.132861E-4
1.467875E+7,    -6.966293E-5,    -1.196861E-4
1.468500E+7,    -6.996840E-5,    -1.196265E-4
1.469125E+7,    -7.710606E-5,    -1.083985E-4
1.469750E+7,    -7.139146E-5,    -9.509921E-5
1.470375E+7,    -5.536526E-5,    -1.023412E-4
1.471000E+7,    -4.594028E-5,    -1.067966E-4
1.471625E+7,    -8.167326E-5,    -1.059845E-4
1.472250E+7,    -7.897615E-5,    -1.073256E-4
1.472875E+7,    -7.565320E-5,    -1.329258E-4
1.473500E+7,    -6.347895E-5,    -9.034574E-5
1.474125E+7,    -5.414337E-5,    -9.497255E-5
1.474750E+7,    -6.110966E-5,    -8.335710E-5
1.475375E+7,    -6.767362E-5,    -9.623170E-5
1.476000E+7,    -5.165488E-5,    -8.778274E-5
1.476625E+7,    -7.438660E-5,    -9.286404E-5
1.477250E+7,    -5.567074E-5,    -1.021698E-4
1.477875E+7,    -4.607439E-5,    -7.439777E-5
1.478500E+7,    -4.620105E-5,    -7.430837E-5
1.479125E+7,    -7.254630E-5,    -8.533150E-5
1.479750E+7,    -5.310029E-5,    -7.074326E-5
1.480375E+7,    -4.392862E-5,    -8.371472E-5
1.481000E+7,    -4.020706E-5,    -6.105378E-5
1.481625E+7,    -4.784763E-5,    -9.812415E-5
1.482250E+7,    -7.718056E-5,    -8.247048E-5
1.482875E+7,    -4.759803E-5,    -6.536022E-5
1.483500E+7,    -2.883747E-5,    -8.381903E-5
1.484125E+7,    -5.828589E-5,    -7.615238E-5
1.484750E+7,    -5.485117E-5,    -6.963313E-5
1.485375E+7,    -4.468858E-5,    -5.021691E-5
1.486000E+7,    -6.335229E-5,    -9.823591E-5
1.486625E+7,    -4.243106E-5,    -6.821007E-5
1.487250E+7,    -4.267693E-5,    -6.809831E-5
1.487875E+7,    -3.515929E-5,    -4.709885E-5
1.488500E+7,    -4.919246E-5,    -6.427243E-5
1.489125E+7,    -3.543496E-5,    -4.698709E-5
1.489750E+7,    -5.035102E-5,    -7.201731E-5
1.490375E+7,    -4.585460E-5,    -4.922599E-5
1.491000E+7,    -4.589558E-5,    -4.918128E-5
1.491625E+7,    -4.238635E-5,    -4.283711E-5
1.492250E+7,    -4.829094E-5,    -7.335097E-5
1.492875E+7,    -4.709885E-5,    -5.704165E-5
1.493500E+7,    -3.181025E-5,    -6.623566E-5
1.494125E+7,    -1.563504E-5,    -6.762147E-5
1.494750E+7,    -4.230067E-5,    -6.855652E-5
1.495375E+7,    -3.413111E-5,    -4.778430E-5
1.496000E+7,    -2.310425E-5,    -7.192418E-5
1.496625E+7,    -2.801791E-5,    -5.165860E-5
1.497250E+7,    -3.695115E-5,    -7.205829E-5
1.497875E+7,    -4.875660E-5,    -5.589426E-5
1.498500E+7,    -4.745275E-5,    -7.428601E-5
1.499125E+7,    -3.400072E-5,    -3.917515E-5
1.499750E+7,    -5.642697E-5,    -5.977601E-5
1.500375E+7,    -1.399033E-5,    -3.471598E-5
1.501000E+7,    -3.130361E-5,    -6.742403E-5
1.501625E+7,    -4.069135E-5,    -3.478676E-5
1.502250E+7,    -2.957880E-5,    -5.105510E-5
1.502875E+7,    -3.582612E-5,    -2.031960E-5
1.503500E+7,    -2.172962E-5,    -3.874116E-5
1.504125E+7,    -4.125386E-5,    -3.444776E-5
1.504750E+7,    -3.154203E-5,    -5.902722E-5
1.505375E+7,    -5.744398E-6,    -4.096143E-5
1.506000E+7,    -1.236424E-5,    -6.333366E-5
1.506625E+7,    -4.707649E-5,    -4.818663E-5
1.507250E+7,    -2.974644E-5,    -4.237890E-5
1.507875E+7,    -2.371892E-5,    -4.651770E-5
1.508500E+7,    -1.234002E-5,    -3.646128E-5
1.509125E+7,    -2.317689E-5,    -1.969934E-5
1.509750E+7,    -2.582557E-5,    -3.590249E-5
1.510375E+7,    -1.301058E-5,    -1.789443E-5
1.511000E+7,    -2.008118E-5,    -4.007854E-5
1.511625E+7,    -3.808364E-5,    -2.693385E-5
1.512250E+7,    1.780689E-6,    -4.714914E-5
1.512875E+7,    -2.354942E-5,    -1.914985E-5
1.513500E+7,    -2.790987E-5,    -4.351884E-5
1.514125E+7,    -2.949685E-5,    -1.470931E-5
1.514750E+7,    -1.642853E-5,    -5.220622E-5
1.515375E+7,    -1.214072E-5,    -4.638545E-5
1.516000E+7,    -9.084120E-6,    -3.015995E-5
1.516625E+7,    -9.216368E-6,    -3.014132E-5
1.517250E+7,    -2.882257E-5,    -4.298985E-5
1.517875E+7,    -6.163493E-6,    -1.390558E-5
1.518500E+7,    -3.279559E-5,    -1.176447E-5
1.519125E+7,    -1.955777E-5,    -1.275539E-5
1.519750E+7,    -2.882071E-5,    -2.435222E-5
1.520375E+7,    -4.226714E-5,    -2.297387E-5
1.521000E+7,    -9.994954E-6,    -3.003515E-5
1.521625E+7,    -3.387034E-5,    -2.992898E-5
1.522250E+7,    -2.366863E-5,    -2.892315E-5
1.522875E+7,    -2.081506E-5,    -3.129430E-5
1.523500E+7,    -2.190657E-5,    -2.059899E-5
1.524125E+7,    -2.869964E-5,    -5.209818E-6
1.524750E+7,    -1.931563E-5,    -2.289750E-5
1.525375E+7,    2.669170E-6,    -3.167614E-5
1.526000E+7,    -2.448633E-5,    -5.792454E-5
1.526625E+7,    -1.104176E-5,    -3.033504E-5
1.527250E+7,    -4.937872E-6,    -5.756505E-6
1.527875E+7,    -3.780052E-5,    -3.771856E-5
1.528500E+7,    -2.234057E-5,    -3.130920E-5
1.529125E+7,    -3.466196E-5,    -1.041405E-5
1.529750E+7,    -2.696738E-5,    -4.785508E-5
1.530375E+7,    -1.969747E-5,    -3.376044E-5
1.531000E+7,    -2.223253E-5,    -4.215911E-5
1.531625E+7,    -2.553686E-5,    -2.851151E-5
1.532250E+7,    -3.635511E-5,    -2.874061E-5
1.532875E+7,    -2.378225E-5,    -9.227544E-6
1.533500E+7,    4.577450E-7,    -1.095887E-5
1.534125E+7,    2.868939E-6,    -2.648216E-6
1.534750E+7,    -2.940372E-5,    -3.715977E-5
1.535375E+7,    -1.158379E-5,    -1.224037E-5
1.536000E+7,    1.519267E-5,    -1.416355E-5
1.536625E+7,    -4.341081E-5,    -2.767891E-5
1.537250E+7,    3.284309E-6,    -1.458125E-5
1.537875E+7,    -1.994148E-5,    -3.887527E-5
1.538500E+7,    3.485009E-6,    -3.914535E-5
1.539125E+7,    1.547951E-5,    -2.672151E-5
1.539750E+7,    -2.378598E-6,    -4.523993E-5
1.540375E+7,    1.131883E-5,    -1.113536E-5
1.541000E+7,    -1.372211E-5,    -1.949072E-5
1.541625E+7,    -1.141708E-5,    -1.135748E-5
1.542250E+7,    -9.050593E-6,    -2.686679E-5
1.542875E+7,    -3.137812E-5,    -1.430139E-5
1.543500E+7,    -2.506189E-5,    -8.143485E-6
1.544125E+7,    -2.125092E-5,    -1.484714E-5
1.544750E+7,    -3.187452E-6,    -9.053852E-6
1.545375E+7,    -6.214250E-6,    -6.067101E-6
1.546000E+7,    -1.611561E-5,    -2.158619E-5
1.546625E+7,    -2.662279E-5,    3.657304E-6
1.547250E+7,    2.325512E-6,    -2.698135E-5
1.547875E+7,    -1.185015E-5,    2.738088E-7
1.548500E+7,    5.213544E-6,    -1.753122E-5
1.549125E+7,    1.775566E-5,    -6.524846E-6
1.549750E+7,    3.447553E-11,    7.421477E-10
1.550375E+7,    -2.435409E-7,    -1.281360E-5
1.551000E+7,    -2.592057E-5,    -1.162477E-5
1.551625E+7,    -8.837786E-6,    9.654090E-6
1.552250E+7,    -1.499243E-5,    -8.151866E-6
1.552875E+7,    -1.539756E-5,    -8.124858E-6
1.553500E+7,    6.202608E-7,    -3.724173E-5
1.554125E+7,    -1.019333E-6,    -1.264364E-5
1.554750E+7,    -9.100884E-6,    -2.344325E-5
1.555375E+7,    -4.370138E-5,    -3.176928E-5
1.556000E+7,    -3.369339E-5,    -2.363883E-5
1.556625E+7,    6.531132E-6,    -7.578870E-6
1.557250E+7,    -2.572127E-5,    -2.926216E-5
1.557875E+7,    -4.537217E-5,    -2.752990E-6
1.558500E+7,    -1.918525E-7,    -3.762171E-5
1.559125E+7,    -2.762116E-5,    -1.798570E-5
1.559750E+7,    2.442952E-5,    -1.656171E-5
1.560375E+7,    1.802109E-5,    -2.161693E-5
1.561000E+7,    -1.089182E-6,    -1.141429E-5
1.561625E+7,    -3.754627E-6,    -8.377247E-6
1.562250E+7,    -7.428229E-6,    -1.642853E-5
1.562875E+7,    -7.003109E-11,    -6.854748E-10
1.563500E+7,    -3.690366E-6,    -8.087605E-6
1.564125E+7,    -3.897585E-5,    -1.315027E-6
1.564750E+7,    -2.048351E-5,    -1.136959E-5
1.565375E+7,    -1.807883E-5,    1.037866E-5
1.566000E+7,    -2.151635E-5,    2.492219E-6
1.566625E+7,    4.747882E-6,    -6.087590E-6
1.567250E+7,    -2.357992E-6,    3.042864E-6
1.567875E+7,    -2.615340E-5,    8.865260E-6
1.568500E+7,    -1.820922E-5,    -1.396425E-5
1.569125E+7,    3.777910E-6,    7.677358E-6
1.569750E+7,    -1.992285E-5,    1.366995E-5
1.570375E+7,    -6.878283E-6,    9.140465E-6
1.571000E+7,    -1.970772E-5,    1.369789E-5
1.571625E+7,    -3.502518E-5,    -1.643784E-5
1.572250E+7,    -1.227017E-5,    -9.025447E-6
1.572875E+7,    1.063524E-5,    -1.628883E-6
1.573500E+7,    -3.905036E-6,    -7.522758E-6
1.574125E+7,    -1.669955E-5,    -2.708286E-6
1.574750E+7,    -6.630085E-6,    9.245705E-6
1.575375E+7,    -6.170012E-6,    -4.394911E-6
1.576000E+7,    -5.796552E-6,    -1.801364E-5
1.576625E+7,    -1.898129E-5,    5.969778E-7
1.577250E+7,    -1.027621E-5,    -1.176633E-5
1.577875E+7,    8.638948E-6,    -1.247134E-5
1.578500E+7,    6.248243E-6,    4.300848E-6
1.579125E+7,    -8.400530E-6,    -1.157634E-6
1.579750E+7,    6.359536E-6,    -9.405892E-6
1.580375E+7,    -8.445699E-6,    1.254259E-5
1.581000E+7,    -1.884345E-5,    -1.261849E-5
1.581625E+7,    -1.464412E-5,    -1.880154E-5
1.582250E+7,    -1.682900E-5,    -2.920628E-5
1.582875E+7,    -4.228204E-6,    -7.276889E-6
1.583500E+7,    -1.484528E-5,    -1.864694E-5
1.584125E+7,    -2.307910E-5,    -5.973503E-6
1.584750E+7,    -1.268089E-5,    -8.163974E-6
1.585375E+7,    -1.473259E-5,    -4.872680E-6
1.586000E+7,    -1.038425E-5,    2.335757E-6
1.586625E+7,    1.875777E-5,    -1.552515E-6
1.587250E+7,    -2.403278E-6,    -1.036050E-5
1.587875E+7,    -1.722015E-5,    -1.506507E-5
1.588500E+7,    7.877592E-6,    -1.279265E-5
1.589125E+7,    -1.923274E-5,    -1.177844E-5
1.589750E+7,    4.463363E-6,    7.097144E-6
1.590375E+7,    4.497822E-6,    7.087365E-6
1.591000E+7,    -1.290813E-6,    -2.705026E-5
1.591625E+7,    -5.743466E-6,    9.673182E-6
1.592250E+7,    1.673028E-5,    1.092441E-6
1.592875E+7,    -1.861528E-5,    2.150424E-6
1.593500E+7,    8.361414E-6,    5.182810E-7
1.594125E+7,    -8.353963E-6,    -4.987232E-7
1.594750E+7,    1.646470E-10,    6.075993E-10
1.595375E+7,    -6.507616E-6,    -3.702939E-6
1.596000E+7,    -1.775287E-5,    -1.424737E-5
1.596625E+7,    -3.641704E-6,    6.541843E-6
1.597250E+7,    3.619585E-6,    -6.559771E-6
1.597875E+7,    -1.803041E-6,    3.283145E-6
1.598500E+7,    -1.194794E-5,    6.275252E-6
1.599125E+7,    -6.578397E-6,    -3.572088E-6
1.599750E+7,    1.368672E-5,    -9.640586E-6
1.600375E+7,    2.370030E-5,    -7.184222E-5
1.601000E+7,    8.188561E-5,    -8.831918E-5
1.601625E+7,    8.353218E-5,    -1.025163E-4
1.602250E+7,    9.002164E-6,    -3.078021E-5
1.602875E+7,    -1.270846E-4,    2.284348E-5
1.603500E+7,    -5.259551E-5,    5.973503E-6
1.604125E+7,    -9.532645E-5,    6.036088E-5
1.604750E+7,    -1.639798E-4,    -4.273653E-5
1.605375E+7,    6.305054E-6,    5.862210E-6
1.606000E+7,    -4.842877E-6,    3.467128E-5
1.606625E+7,    2.290308E-5,    -9.630248E-5
1.607250E+7,    9.522587E-5,    -5.397946E-6
1.607875E+7,    -1.108274E-5,    -2.600811E-5
1.608500E+7,    -7.414073E-5,    -8.487701E-5
1.609125E+7,    7.549673E-5,    1.253858E-4
1.609750E+7,    2.123788E-5,    -9.013340E-5
1.610375E+7,    -1.106635E-4,    3.023818E-5
1.611000E+7,    -1.225919E-4,    -7.491559E-5
1.611625E+7,    8.354709E-5,    7.256866E-6
1.612250E+7,    -3.584474E-5,    2.154522E-5
1.612875E+7,    -5.078688E-5,    -2.905726E-7
1.613500E+7,    -3.377907E-6,    2.042018E-5
1.614125E+7,    -8.665025E-6,    -1.595262E-5
1.614750E+7,    3.376044E-6,    -2.041832E-5
1.615375E+7,    6.359816E-5,    -4.275143E-5
1.616000E+7,    1.230836E-5,    3.640540E-6
1.616625E+7,    7.623807E-6,    4.649535E-5
1.617250E+7,    -1.388323E-5,    1.061615E-5
1.617875E+7,    3.535487E-5,    -3.771856E-5
1.618500E+7,    -5.550310E-5,    -2.058968E-5
1.619125E+7,    -5.941838E-5,    -1.643226E-5
1.619750E+7,    -3.221259E-5,    -5.387515E-5
1.620375E+7,    -2.302416E-5,    -2.163835E-5
1.621000E+7,    1.094714E-4,    5.548447E-5
1.621625E+7,    -4.297867E-5,    -8.787960E-6
1.622250E+7,    -2.939254E-6,    3.666617E-5
1.622875E+7,    3.983080E-5,    -2.561882E-5
1.623500E+7,    5.344860E-5,    -4.436076E-5
1.624125E+7,    -8.228794E-5,    3.305078E-5
1.624750E+7,    4.183967E-6,    3.938098E-6
1.625375E+7,    -1.657009E-4,    3.356487E-5
1.626000E+7,    -2.105162E-5,    4.331768E-5
1.626625E+7,    -2.300739E-5,    -2.166815E-5
1.627250E+7,    -2.824701E-6,    -2.634246E-5
1.627875E+7,    -8.362345E-6,    -7.876195E-6
1.628500E+7,    -3.063865E-5,    -5.191192E-6
1.629125E+7,    3.448501E-5,    -7.015839E-5
1.629750E+7,    -2.011657E-5,    7.582083E-5
1.630375E+7,    3.225170E-5,    -9.093434E-6
1.631000E+7,    -4.498288E-5,    6.026775E-5
1.631625E+7,    4.269183E-6,    7.503852E-5
1.632250E+7,    9.103119E-5,    1.253858E-4
1.632875E+7,    5.107187E-5,    8.666888E-6
1.633500E+7,    -6.034039E-6,    2.197456E-6
1.634125E+7,    -1.195520E-4,    -5.751103E-5
1.634750E+7,    -7.882714E-6,    8.351635E-6
1.635375E+7,    -2.324581E-6,    -8.119270E-5
1.636000E+7,    -3.503449E-5,    -1.731515E-5
1.636625E+7,    -4.194677E-6,    6.721541E-5
1.637250E+7,    -8.264184E-5,    9.575486E-5
1.637875E+7,    4.783832E-5,    -3.383681E-5
1.638500E+7,    2.596527E-5,    5.613267E-5
1.639125E+7,    -3.992394E-5,    -4.565716E-5
1.639750E+7,    -5.378388E-6,    2.657715E-5
1.640375E+7,    -3.385916E-5,    -4.788116E-5
1.641000E+7,    -1.955684E-5,    2.901722E-5
1.641625E+7,    -2.011657E-5,    8.387491E-5
1.642250E+7,    3.031269E-5,    6.834790E-5
1.642875E+7,    3.200024E-6,    4.261173E-5
1.643500E+7,    1.667999E-5,    1.581758E-5
1.644125E+7,    -2.108701E-5,    -2.792850E-5
1.644750E+7,    -1.160055E-5,    1.000278E-4
1.645375E+7,    -2.317689E-5,    -2.988800E-5
1.646000E+7,    4.260987E-5,    7.209182E-5
1.646625E+7,    3.273971E-5,    7.269904E-6
1.647250E+7,    2.714619E-5,    -5.359203E-5
1.647875E+7,    -2.146699E-7,    -8.132774E-6
1.648500E+7,    -2.898090E-5,    -1.960434E-5
1.649125E+7,    -7.005781E-5,    -3.485382E-5
1.649750E+7,    -1.710281E-5,    4.725531E-5
1.650375E+7,    -3.128126E-5,    4.969351E-5
1.651000E+7,    4.298426E-5,    9.087846E-6
1.651625E+7,    -2.572872E-5,    3.118068E-5
1.652250E+7,    4.056841E-5,    7.834285E-5
1.652875E+7,    -8.812174E-6,    5.517527E-5
1.653500E+7,    -3.841706E-5,    1.116470E-5
1.654125E+7,    -1.088008E-4,    4.753098E-5
1.654750E+7,    2.334081E-5,    3.812648E-5
1.655375E+7,    3.586709E-5,    5.003437E-5
1.656000E+7,    -4.770607E-5,    -3.755093E-5
1.656625E+7,    -2.991594E-5,    2.719462E-5
1.657250E+7,    -1.267493E-4,    -1.724064E-5
1.657875E+7,    -5.345792E-6,    -5.286559E-5
1.658500E+7,    3.353320E-5,    -4.768372E-5
1.659125E+7,    -6.576255E-5,    6.472319E-5
1.659750E+7,    -4.362315E-6,    -1.212209E-5
1.660375E+7,    -7.119775E-5,    3.639609E-6
1.661000E+7,    -8.073822E-5,    3.442913E-5
1.661625E+7,    2.634432E-5,    -6.723218E-6
1.662250E+7,    1.100004E-4,    8.933991E-5
1.662875E+7,    -3.736280E-5,    5.995110E-5
1.663500E+7,    -4.950166E-5,    6.435066E-5
1.664125E+7,    -3.985595E-6,    4.169997E-6
1.664750E+7,    -1.841709E-4,    -2.451241E-5
1.665375E+7,    -1.396239E-4,    3.295094E-4
1.666000E+7,    -1.466647E-4,    1.137704E-5
1.666625E+7,    -4.566461E-5,    -3.571436E-5
1.667250E+7,    1.509860E-5,    -5.743839E-5
1.667875E+7,    -3.534183E-5,    6.198883E-5
1.668500E+7,    -2.030283E-5,    4.514121E-6
1.669125E+7,    -3.086403E-5,    -1.359731E-5
1.669750E+7,    -6.474927E-5,    2.584979E-5
1.670375E+7,    -5.920231E-5,    9.506196E-5
1.671000E+7,    -9.788945E-5,    9.792298E-5
1.671625E+7,    6.965175E-5,    1.072884E-5
1.672250E+7,    9.283423E-5,    4.909188E-5
1.672875E+7,    1.408160E-6,    -3.067032E-5
1.673500E+7,    3.630295E-5,    -2.116710E-5
1.674125E+7,    9.649619E-5,    2.862141E-5
1.674750E+7,    5.174801E-5,    3.366545E-5
1.675375E+7,    5.548447E-5,    -8.290634E-5
1.676000E+7,    -8.913130E-5,    3.441423E-5
1.676625E+7,    6.905198E-5,    -2.181157E-5
1.677250E+7,    -1.201257E-4,    2.082810E-5
1.677875E+7,    7.070601E-5,    -3.615394E-5
1.678500E+7,    -4.218891E-5,    3.963150E-5
1.679125E+7,    -9.778887E-7,    5.517714E-5
1.679750E+7,    -4.966930E-5,    7.247180E-5
1.680375E+7,    -5.830266E-5,    4.813261E-5
1.681000E+7,    5.298480E-5,    -5.077571E-6
1.681625E+7,    3.554672E-5,    4.226714E-5
1.682250E+7,    1.523457E-5,    -5.754083E-5
1.682875E+7,    9.339303E-6,    6.527454E-5
1.683500E+7,    -4.740432E-5,    -2.162531E-5
1.684125E+7,    -8.573756E-5,    5.669892E-6
1.684750E+7,    -3.462471E-5,    6.768852E-6
1.685375E+7,    3.821030E-5,    -3.545359E-5
1.686000E+7,    8.270890E-5,    5.575269E-5
1.686625E+7,    1.931190E-5,    -6.167591E-5
1.687250E+7,    1.721829E-5,    4.876032E-5
1.687875E+7,    -5.232543E-5,    4.593283E-5
1.688500E+7,    2.554432E-5,    5.676225E-5
1.689125E+7,    -1.105219E-4,    -1.037493E-5
1.689750E+7,    3.645942E-5,    -2.107583E-5
1.690375E+7,    -4.232302E-5,    -8.113310E-5
1.691000E+7,    7.243454E-5,    -7.493421E-5
1.691625E+7,    -6.222352E-5,    -5.214289E-5
1.692250E+7,    3.819913E-5,    8.533150E-5
1.692875E+7,    1.117960E-5,    -6.159768E-5
1.693500E+7,    -2.416968E-5,    2.494454E-5
1.694125E+7,    -5.713291E-5,    9.128824E-6
1.694750E+7,    -1.093931E-5,    -4.285015E-5
1.695375E+7,    8.854643E-5,    2.926216E-5
1.696000E+7,    -1.741946E-5,    -6.522611E-5
1.696625E+7,    -3.651902E-5,    2.104603E-5
1.697250E+7,    3.551319E-5,    -8.657202E-5
1.697875E+7,    3.542006E-4,    -1.139939E-5
1.698500E+7,    8.277968E-5,    -8.111075E-5
1.699125E+7,    9.829551E-5,    -1.387447E-4
1.699750E+7,    2.402812E-7,    1.638476E-5
1.700375E+7,    1.051798E-4,    5.367398E-5
1.701000E+7,    -8.126348E-5,    -8.680671E-5
1.701625E+7,    -1.091994E-4,    9.596720E-5
1.702250E+7,    3.340468E-5,    -9.687245E-5
1.702875E+7,    -2.632476E-5,    2.291892E-5
1.703500E+7,    -8.319505E-6,    -8.081086E-6
1.704125E+7,    -3.081746E-5,    -5.720183E-6
1.704750E+7,    -1.058467E-4,    5.073845E-5
1.705375E+7,    4.723482E-5,    5.483627E-6
1.706000E+7,    9.089708E-7,    -8.000433E-5
1.706625E+7,    2.424233E-5,    -2.494175E-5
1.707250E+7,    5.174428E-6,    -6.778166E-5
1.707875E+7,    -1.454912E-5,    -1.414958E-5
1.708500E+7,    -1.130626E-5,    -7.577240E-5
1.709125E+7,    -1.191348E-5,    2.886727E-5
1.709750E+7,    3.687851E-5,    -4.589558E-6
1.710375E+7,    5.450845E-5,    -6.846339E-5
1.711000E+7,    -3.232434E-5,    4.143268E-5
1.711625E+7,    -1.621246E-5,    1.662131E-5
1.712250E+7,    7.282570E-5,    -8.307397E-5
1.712875E+7,    3.874674E-5,    -1.895800E-5
1.713500E+7,    7.317588E-5,    -5.020201E-5
1.714125E+7,    -1.014844E-4,    -7.456541E-5
1.714750E+7,    -2.741814E-5,    -5.920604E-5
1.715375E+7,    5.486235E-5,    -4.379079E-5
1.716000E+7,    2.484955E-5,    1.611374E-5
1.716625E+7,    -4.352629E-5,    -3.437325E-5
1.717250E+7,    -2.764165E-6,    -5.947426E-5
1.717875E+7,    -1.946837E-5,    -8.393452E-5
1.718500E+7,    2.206489E-5,    -4.339963E-5
1.719125E+7,    6.115064E-5,    -3.764778E-5
1.719750E+7,    -3.522076E-5,    -2.633221E-5
1.720375E+7,    -2.625138E-4,    4.410744E-5
1.721000E+7,    4.262850E-5,    -4.773214E-5
1.721625E+7,    -7.765740E-5,    3.785267E-5
1.722250E+7,    8.651987E-6,    4.098937E-5
1.722875E+7,    4.947186E-6,    8.627400E-5
1.723500E+7,    -4.152302E-6,    -4.068948E-6
1.724125E+7,    -2.928078E-6,    -8.425117E-5
1.724750E+7,    1.724809E-5,    8.198619E-5
1.725375E+7,    3.901497E-5,    -2.466142E-6
1.726000E+7,    -2.698973E-5,    -2.648868E-5
1.726625E+7,    3.031082E-5,    -5.172379E-5
1.727250E+7,    3.313832E-5,    2.434291E-5
1.727875E+7,    1.966208E-5,    -9.476766E-5
1.728500E+7,    -5.151518E-5,    -9.795651E-6
1.729125E+7,    -1.190789E-5,    4.535541E-5
1.729750E+7,    -9.720027E-5,    -6.279349E-5
1.730375E+7,    -7.532537E-6,    -1.460388E-4
1.731000E+7,    -1.313090E-4,    -1.777858E-4
1.731625E+7,    -5.626678E-5,    -7.973611E-5
1.732250E+7,    3.683008E-5,    -2.093427E-5
1.732875E+7,    -1.259707E-5,    -2.868846E-5
1.733500E+7,    5.622953E-5,    7.972866E-5
1.734125E+7,    -8.977950E-6,    -8.223578E-5
1.734750E+7,    3.033783E-5,    -1.546089E-5
1.735375E+7,    -1.037791E-4,    -5.770475E-5
1.736000E+7,    -2.468564E-5,    3.818050E-5
1.736625E+7,    1.148842E-4,    -4.338846E-5
1.737250E+7,    -7.328391E-5,    -9.655207E-5
1.737875E+7,    4.475378E-5,    6.223097E-6
1.738500E+7,    1.003593E-4,    5.278736E-6
1.739125E+7,    -1.201779E-4,    -1.437068E-4
1.739750E+7,    5.644187E-5,    -1.856312E-5
1.740375E+7,    6.504729E-5,    -1.962855E-5
1.741000E+7,    -6.362423E-5,    7.729977E-6
1.741625E+7,    7.208064E-5,    3.825128E-5
1.742250E+7,    -1.388043E-5,    -1.391694E-4
1.742875E+7,    -5.528331E-5,    -9.310991E-5
1.743500E+7,    -4.898384E-5,    -4.102290E-5
1.744125E+7,    -9.928644E-5,    -9.373575E-5
1.744750E+7,    -2.942979E-7,    7.050484E-5
1.745375E+7,    -3.710948E-5,    5.729683E-5
1.746000E+7,    -5.057640E-5,    -5.662441E-6
1.746625E+7,    3.651902E-5,    8.371100E-5
1.747250E+7,    -2.234429E-5,    -1.494400E-5
1.747875E+7,    -7.070601E-6,    -3.436394E-5
1.748500E+7,    3.751926E-5,    1.896918E-5
1.749125E+7,    8.688867E-5,    -1.036003E-5
1.749750E+7,    -8.083880E-5,    -3.734976E-5
1.750375E+7,    -3.024191E-5,    -3.162026E-5
1.751000E+7,    1.267716E-5,    5.720928E-5
1.751625E+7,    -6.160885E-5,    -1.219139E-4
1.752250E+7,    -6.824732E-5,    4.336610E-5
1.752875E+7,    -4.002638E-5,    3.413111E-5
1.753500E+7,    -3.077835E-5,    -6.104261E-5
1.754125E+7,    -2.784654E-5,    -6.138161E-5
1.754750E+7,    -5.926564E-5,    -2.823025E-5
1.755375E+7,    5.799113E-6,    -6.875489E-7
1.756000E+7,    8.807331E-5,    -7.503480E-5
1.756625E+7,    1.284629E-4,    -5.634129E-5
1.757250E+7,    -7.585809E-5,    7.949024E-5
1.757875E+7,    3.919192E-5,    -1.635775E-5
1.758500E+7,    -2.354570E-5,    4.983507E-5
1.759125E+7,    -4.027784E-5,    -4.230067E-5
1.759750E+7,    2.349168E-5,    -4.983321E-5
1.760375E+7,    1.632981E-5,    -6.073155E-5
1.761000E+7,    -4.658103E-5,    2.895296E-5
1.761625E+7,    1.926161E-5,    3.890507E-5
1.762250E+7,    4.267693E-5,    -8.724257E-5
1.762875E+7,    -3.904663E-5,    -7.169321E-6
1.763500E+7,    -2.475828E-5,    1.463480E-5
1.764125E+7,    -2.875552E-5,    5.631149E-5
1.764750E+7,    -4.747510E-5,    4.675984E-5
1.765375E+7,    9.488314E-6,    8.124858E-5
1.766000E+7,    -2.424233E-6,    2.970081E-5
1.766625E+7,    -2.702046E-5,    2.081878E-5
1.767250E+7,    2.460182E-5,    8.535385E-5
1.767875E+7,    -6.519258E-5,    7.234514E-5
1.768500E+7,    4.572421E-5,    -8.773804E-5
1.769125E+7,    1.554936E-4,    4.667044E-5
1.769750E+7,    -8.013099E-6,    8.333474E-5
1.770375E+7,    -9.409338E-5,    -1.009777E-4
1.771000E+7,    -2.120808E-5,    -5.640835E-5
1.771625E+7,    -4.104897E-5,    5.178154E-5
1.772250E+7,    6.503239E-5,    -4.866347E-5
1.772875E+7,    -4.535541E-7,    -2.937950E-5
1.773500E+7,    -2.797693E-5,    -1.145229E-4
1.774125E+7,    8.022785E-5,    1.084879E-4
1.774750E+7,    -2.478063E-5,    -6.188452E-5
1.775375E+7,    2.906774E-6,    -3.337627E-7
1.776000E+7,    -4.556589E-5,    -1.246296E-5
1.776625E+7,    -2.306327E-5,    5.566329E-5
1.777250E+7,    -1.182668E-4,    -4.250556E-6
1.777875E+7,    3.688596E-5,    1.342595E-5
1.778500E+7,    -2.650917E-5,    1.032315E-4
1.779125E+7,    1.986325E-5,    1.744628E-4
1.779750E+7,    -7.288903E-5,    -4.477054E-5
1.780375E+7,    5.019456E-5,    1.297817E-4
1.781000E+7,    -2.428144E-5,    9.701401E-5
1.781625E+7,    -5.553663E-5,    1.594797E-4
1.782250E+7,    4.350394E-5,    -1.345128E-4
1.782875E+7,    -3.778003E-5,    4.289672E-6
1.783500E+7,    6.087124E-6,    -2.427399E-5
1.784125E+7,    -1.746789E-5,    1.989305E-6
1.784750E+7,    -2.631173E-5,    -5.008280E-5
1.785375E+7,    -1.415797E-5,    3.107451E-5
1.786000E+7,    2.356991E-5,    -2.623349E-5
1.786625E+7,    1.754984E-5,    5.107000E-5
1.787250E+7,    -6.147847E-5,    -2.254173E-5
1.787875E+7,    -4.824251E-5,    -3.582239E-5
1.788500E+7,    3.681891E-5,    -3.952719E-5
1.789125E+7,    -3.528222E-5,    -2.549402E-5
1.789750E+7,    -4.591420E-5,    6.423891E-5
1.790375E+7,    -4.144758E-5,    -1.277775E-6
1.791000E+7,    -1.683272E-5,    7.789582E-6
1.791625E+7,    5.208142E-5,    -3.532507E-5
1.792250E+7,    -4.468486E-5,    -3.036484E-5
1.792875E+7,    1.487415E-5,    -2.524257E-5
1.793500E+7,    -2.594292E-5,    -7.383525E-5
1.794125E+7,    -1.166528E-5,    1.302920E-6
1.794750E+7,    7.284060E-5,    -6.121770E-5
1.795375E+7,    7.515773E-5,    3.890321E-5
1.796000E+7,    8.751638E-6,    -9.709038E-7
1.796625E+7,    -2.847239E-5,    -4.404783E-5
1.797250E+7,    -1.166714E-5,    1.288019E-6
1.797875E+7,    1.268834E-5,    -1.253486E-4
1.798500E+7,    3.340840E-5,    -1.513213E-4
1.799125E+7,    3.694743E-5,    6.674975E-5
1.799750E+7,    -1.785252E-5,    2.558809E-5
1.800375E+7,    -2.919347E-6,    3.214227E-7
1.801000E+7,    -4.690513E-5,    -7.754192E-5
1.801625E+7,    -2.139620E-5,    2.006721E-5
1.802250E+7,    3.411248E-5,    -3.916584E-5
1.802875E+7,    -1.205206E-4,    -7.542223E-5
1.803500E+7,    -3.099069E-5,    -6.744266E-5
1.804125E+7,    1.656264E-5,    -3.726035E-5
1.804750E+7,    -5.643070E-5,    2.387352E-5
1.805375E+7,    2.917834E-6,    -3.192108E-7
1.806000E+7,    1.232140E-5,    4.555099E-6
1.806625E+7,    4.960224E-5,    -5.401671E-6
1.807250E+7,    -3.640726E-5,    4.530326E-5
1.807875E+7,    -1.380146E-4,    -7.357448E-5
1.808500E+7,    1.933426E-6,    -1.183189E-4
1.809125E+7,    6.685406E-5,    1.638755E-5
1.809750E+7,    5.342066E-6,    -5.961210E-5
1.810375E+7,    8.171424E-5,    -8.832663E-6
1.811000E+7,    1.522992E-5,    4.247762E-6
1.811625E+7,    3.671646E-5,    -1.577660E-5
1.812250E+7,    7.171929E-5,    -1.023524E-4
1.812875E+7,    1.204386E-4,    7.559359E-5
1.813500E+7,    6.449223E-5,    -2.787113E-4
1.814125E+7,    6.879680E-6,    -1.848396E-5
1.814750E+7,    -1.100674E-4,    -8.868426E-5
1.815375E+7,    1.647472E-4,    -1.713932E-4
1.816000E+7,    -5.675107E-5,    1.598895E-4
1.816625E+7,    -9.804964E-6,    1.879688E-5
1.817250E+7,    3.256276E-5,    -2.714619E-5
1.817875E+7,    -4.288554E-5,    -1.253858E-4
1.818500E+7,    2.356619E-5,    2.696551E-5
1.819125E+7,    -6.251037E-6,    -1.708493E-4
1.819750E+7,    -6.121397E-5,    -4.672259E-5
1.820375E+7,    -5.760789E-5,    -1.534224E-4
1.821000E+7,    9.596348E-6,    3.447384E-5
1.821625E+7,    -8.241832E-5,    -7.990748E-5
1.822250E+7,    -4.334375E-6,    -4.093908E-5
1.822875E+7,    -6.126240E-5,    3.609806E-5
1.823500E+7,    -1.002103E-5,    -1.231655E-4
1.824125E+7,    2.651475E-5,    2.676807E-5
1.824750E+7,    -1.420677E-4,    2.691895E-5
1.825375E+7,    -2.916157E-5,    -7.982180E-5
1.826000E+7,    5.587935E-8,    -1.124106E-4
1.826625E+7,    -3.806502E-5,    3.980473E-6
1.827250E+7,    -6.607547E-5,    1.874939E-5
1.827875E+7,    3.694370E-5,    -9.853765E-5
1.828500E+7,    4.144758E-5,    -2.800114E-5
1.829125E+7,    -6.747991E-5,    -2.244860E-5
1.829750E+7,    -4.804693E-5,    -6.793067E-6
1.830375E+7,    -3.958121E-5,    -6.690621E-5
1.831000E+7,    -3.231503E-5,    -2.620742E-5
1.831625E+7,    -5.621463E-5,    -6.332994E-8
1.832250E+7,    -9.693950E-5,    -7.873029E-5
1.832875E+7,    -1.193359E-4,    -9.407103E-5
1.833500E+7,    -1.465110E-5,    1.524575E-6
1.834125E+7,    2.232566E-5,    1.544133E-5
1.834750E+7,    -2.317503E-5,    6.161258E-5
1.835375E+7,    -6.083399E-6,    -5.863234E-5
1.836000E+7,    2.918392E-5,    -3.263727E-5
1.836625E+7,    3.422052E-5,    7.344410E-5
1.837250E+7,    1.767278E-5,    -1.439601E-4
1.837875E+7,    6.851926E-5,    -2.484396E-5
1.838500E+7,    2.062693E-5,    2.749078E-5
1.839125E+7,    3.154390E-5,    -3.877096E-5
1.839750E+7,    -3.314763E-5,    -9.137392E-5
1.840375E+7,    3.120303E-5,    4.415214E-5
1.841000E+7,    -4.803017E-5,    2.272055E-5
1.841625E+7,    3.989786E-6,    -4.777685E-5
1.842250E+7,    -8.383393E-5,    2.042949E-5
1.842875E+7,    5.786307E-6,    -3.024656E-5
1.843500E+7,    5.925819E-5,    -1.471490E-7
1.844125E+7,    -5.987287E-5,    -5.722046E-6
1.844750E+7,    -1.636222E-4,    2.266467E-5
1.845375E+7,    -1.320988E-5,    -1.291260E-4
1.846000E+7,    4.551932E-5,    -1.054555E-4
1.846625E+7,    -7.230043E-5,    -4.001334E-5
1.847250E+7,    -1.931190E-5,    4.343875E-5
1.847875E+7,    -1.455098E-5,    6.074645E-5
1.848500E+7,    4.725158E-5,    -1.470670E-4
1.849125E+7,    -2.527982E-5,    -4.486740E-5
1.849750E+7,    4.753470E-6,    7.654354E-5
1.850375E+7,    1.127198E-4,    3.017485E-5
1.851000E+7,    -1.469441E-5,    -2.816506E-5
1.851625E+7,    -1.820102E-4,    -1.122802E-5
1.852250E+7,    -4.223734E-5,    1.405776E-4
1.852875E+7,    2.932828E-5,    -2.954155E-6
1.853500E+7,    -7.460266E-5,    5.498156E-5
1.854125E+7,    -6.556511E-6,    -9.425357E-5
1.854750E+7,    4.167855E-5,    1.204237E-4
1.855375E+7,    -2.759695E-5,    -3.878400E-5
1.856000E+7,    4.810840E-5,    -8.197501E-5