SAVED BY: 
TITLE: 
COMMENTS: 
DATE: 10/27/2020
TIME: 2:50 PM

STIMULUS, REAL, IMAGINARY

8.560000E+6,    -1.387298E-5,    -1.513958E-4
8.566250E+6,    7.726252E-6,    -1.645237E-4
8.572500E+6,    -2.033263E-5,    -1.657084E-4
8.578750E+6,    -6.794930E-6,    -1.652688E-4
8.585000E+6,    -1.387298E-5,    -1.621619E-4
8.591250E+6,    -1.389533E-5,    -1.688227E-4
8.597500E+6,    -3.278255E-7,    -1.648068E-4
8.603750E+6,    -8.761883E-6,    -1.474693E-4
8.610000E+6,    -2.907962E-5,    -1.728684E-4
8.616250E+6,    -7.964671E-6,    -1.825243E-4
8.622500E+6,    -2.227724E-6,    -1.645014E-4
8.628750E+6,    -1.648813E-5,    -1.652390E-4
8.635000E+6,    -3.263354E-6,    -1.436248E-4
8.641250E+6,    1.055002E-5,    -1.574233E-4
8.647500E+6,    -3.755093E-6,    -1.472384E-4
8.653750E+6,    -1.729280E-5,    -1.894981E-4
8.660000E+6,    -1.148880E-5,    -1.648664E-4
8.666250E+6,    -1.149625E-5,    -1.649559E-4
8.672500E+6,    1.899898E-6,    -1.540855E-4
8.678750E+6,    -1.267344E-5,    -1.684278E-4
8.685000E+6,    8.590519E-6,    -1.681000E-4
8.691250E+6,    -1.935661E-5,    -1.718476E-4
8.697500E+6,    -6.273389E-6,    -1.716465E-4
8.703750E+6,    -6.526709E-6,    -1.751855E-4
8.710000E+6,    -2.805144E-5,    -1.682192E-4
8.716250E+6,    -2.152473E-5,    -1.856610E-4
8.722500E+6,    -8.940697E-7,    -1.684278E-4
8.728750E+6,    -2.924353E-5,    -1.679659E-4
8.735000E+6,    -8.545816E-6,    -1.648292E-4
8.741250E+6,    -1.570582E-5,    -1.751706E-4
8.747500E+6,    -9.149313E-6,    -1.716241E-4
8.753750E+6,    -1.686811E-5,    -1.713485E-4
8.760000E+6,    -1.034141E-5,    -1.714677E-4
8.766250E+6,    -3.740191E-6,    -1.822114E-4
8.772500E+6,    3.293157E-6,    -1.647770E-4
8.778750E+6,    -1.143664E-5,    -1.679659E-4
8.785000E+6,    -2.523512E-5,    -1.676381E-4
8.791250E+6,    -1.881272E-5,    -1.643002E-4
8.797500E+6,    -1.933426E-5,    -1.746491E-4
8.803750E+6,    -2.718717E-5,    -1.814365E-4
8.810000E+6,    -2.806634E-5,    -1.884326E-4
8.816250E+6,    -2.101809E-5,    -1.851767E-4
8.822500E+6,    -2.113730E-5,    -1.746416E-4
8.828750E+6,    -7.547438E-6,    -1.786724E-4
8.835000E+6,    -3.597140E-5,    -1.807883E-4
8.841250E+6,    -1.840293E-6,    -1.823455E-4
8.847500E+6,    -2.975762E-5,    -1.703948E-4
8.853750E+6,    -1.718104E-5,    -1.923442E-4
8.860000E+6,    -2.328306E-5,    -1.742244E-4
8.866250E+6,    -1.042336E-5,    -1.852065E-4
8.872500E+6,    -3.933907E-6,    -1.822710E-4
8.878750E+6,    -1.880527E-5,    -1.918525E-4
8.885000E+6,    -3.822148E-6,    -1.719296E-4
8.891250E+6,    -3.375858E-5,    -1.908541E-4
8.897500E+6,    -4.170835E-5,    -1.974255E-4
8.903750E+6,    -2.608448E-5,    -1.703873E-4
8.910000E+6,    -6.638467E-6,    -1.858547E-4
8.916250E+6,    -4.218519E-5,    -1.866519E-4
8.922500E+6,    -9.313226E-7,    -1.968816E-4
8.928750E+6,    -2.217293E-5,    -1.882911E-4
8.935000E+6,    -2.888590E-5,    -1.805723E-4
8.941250E+6,    -8.404255E-6,    -1.860484E-4
8.947500E+6,    -2.326071E-5,    -1.882613E-4
8.953750E+6,    -9.618700E-6,    -1.858175E-4
8.960000E+6,    -3.710389E-5,    -1.725405E-4
8.966250E+6,    -1.184642E-5,    -2.031624E-4
8.972500E+6,    -1.922250E-5,    -2.024546E-4
8.978750E+6,    -3.259629E-5,    -1.869276E-4
8.985000E+6,    -1.989305E-5,    -1.988709E-4
8.991250E+6,    -1.274049E-5,    -1.927987E-4
8.997500E+6,    -3.301352E-5,    -1.833662E-4
9.003750E+6,    -3.475696E-5,    -1.937672E-4
9.010000E+6,    -1.311302E-5,    -1.854226E-4
9.016250E+6,    -2.187490E-5,    -1.953915E-4
9.022500E+6,    1.439452E-5,    -1.853183E-4
9.028750E+6,    -2.375245E-5,    -2.057105E-4
9.035000E+6,    -8.285046E-6,    -1.897812E-4
9.041250E+6,    -8.180737E-6,    -1.862273E-4
9.047500E+6,    -4.470348E-6,    -2.081022E-4
9.053750E+6,    -1.682341E-5,    -1.887903E-4
9.060000E+6,    -2.285093E-5,    -1.808628E-4
9.066250E+6,    -2.462417E-5,    -1.878813E-4
9.072500E+6,    -1.113862E-5,    -1.930222E-4
9.078750E+6,    -2.644211E-5,    -1.983494E-4
9.085000E+6,    -2.537668E-5,    -1.877844E-4
9.091250E+6,    -2.054125E-5,    -1.993477E-4
9.097500E+6,    -2.756715E-5,    -1.945719E-4
9.103750E+6,    -2.935529E-5,    -2.049655E-4
9.110000E+6,    -2.827495E-5,    -1.944974E-4
9.116250E+6,    -9.544194E-6,    -2.115145E-4
9.122500E+6,    -1.962483E-5,    -1.778528E-4
9.128750E+6,    -3.058463E-5,    -1.976863E-4
9.135000E+6,    -2.931058E-5,    -1.909658E-4
9.141250E+6,    -2.902746E-5,    -1.802221E-4
9.147500E+6,    -8.694828E-6,    -1.870766E-4
9.153750E+6,    -3.346801E-5,    -2.080798E-4
9.160000E+6,    -2.521276E-5,    -1.986399E-4
9.166250E+6,    -4.623830E-5,    -1.915097E-4
9.172500E+6,    -1.268834E-5,    -2.008975E-4
9.178750E+6,    -5.383790E-5,    -1.902282E-4
9.185000E+6,    -3.504753E-5,    -2.041757E-4
9.191250E+6,    -3.381819E-5,    -1.936629E-4
9.197500E+6,    -2.767891E-5,    -1.948848E-4
9.203750E+6,    -2.027303E-5,    -1.925156E-4
9.210000E+6,    -4.410744E-5,    -2.027005E-4
9.216250E+6,    -2.980977E-5,    -2.016500E-4
9.222500E+6,    -2.858788E-5,    -1.912639E-4
9.228750E+6,    -5.011261E-5,    -2.263635E-4
9.235000E+6,    -3.917515E-5,    -2.037585E-4
9.241250E+6,    -3.874302E-5,    -2.000928E-4
9.247500E+6,    -3.039837E-5,    -1.910031E-4
9.253750E+6,    -3.068894E-5,    -1.908615E-4
9.260000E+6,    -2.606958E-5,    -2.026632E-4
9.266250E+6,    -3.913045E-5,    -2.252162E-4
9.272500E+6,    -4.108250E-5,    -1.997799E-4
9.278750E+6,    -4.486740E-5,    -2.169460E-4
9.285000E+6,    -1.405180E-5,    -2.053455E-4
9.291250E+6,    -3.759563E-5,    -2.113283E-4
9.297500E+6,    -2.980977E-5,    -2.057031E-4
9.303750E+6,    -4.796684E-5,    -2.201200E-4
9.310000E+6,    -4.187226E-5,    -1.925901E-4
9.316250E+6,    -4.027784E-5,    -2.145916E-4
9.322500E+6,    -1.805276E-5,    -2.084672E-4
9.328750E+6,    -2.582371E-5,    -2.106577E-4
9.335000E+6,    -2.758205E-5,    -2.174079E-4
9.341250E+6,    -3.776699E-5,    -1.971051E-4
9.347500E+6,    -4.065037E-5,    -2.075136E-4
9.353750E+6,    -1.861155E-5,    -2.017245E-4
9.360000E+6,    -5.733967E-5,    -2.108812E-4
9.366250E+6,    -4.574656E-5,    -2.208352E-4
9.372500E+6,    -3.190339E-5,    -2.239197E-4
9.378750E+6,    -3.701448E-5,    -2.409220E-4
9.385000E+6,    -4.190207E-5,    -2.290010E-4
9.391250E+6,    -4.130602E-5,    -2.252460E-4
9.397500E+6,    -2.897531E-5,    -2.030656E-4
9.403750E+6,    -4.139543E-5,    -2.221167E-4
9.410000E+6,    -2.986193E-5,    -2.319813E-4
9.416250E+6,    -4.987419E-5,    -2.197921E-4
9.422500E+6,    -4.690886E-5,    -2.099872E-4
9.428750E+6,    -3.623962E-5,    -2.234578E-4
9.435000E+6,    -4.583597E-5,    -2.030134E-4
9.441250E+6,    -6.112456E-5,    -2.278388E-4
9.447500E+6,    -2.872944E-5,    -2.147257E-4
9.453750E+6,    -3.865361E-5,    -2.230704E-4
9.460000E+6,    -2.056360E-5,    -2.352893E-4
9.466250E+6,    -6.693602E-5,    -2.152920E-4
9.472500E+6,    -1.820922E-5,    -2.217293E-4
9.478750E+6,    -4.518032E-5,    -2.397001E-4
9.485000E+6,    -3.519654E-5,    -2.280474E-4
9.491250E+6,    -5.069375E-5,    -2.308190E-4
9.497500E+6,    -5.081296E-5,    -2.017319E-4
9.503750E+6,    -1.648068E-5,    -2.333820E-4
9.510000E+6,    -4.523993E-5,    -2.292991E-4
9.516250E+6,    -1.636147E-5,    -2.304018E-4
9.522500E+6,    -4.345179E-5,    -2.222359E-4
9.528750E+6,    -6.949902E-5,    -2.329946E-4
9.535000E+6,    -6.708503E-5,    -2.230406E-4
9.541250E+6,    -6.195903E-5,    -2.281368E-4
9.547500E+6,    -4.947186E-5,    -2.096891E-4
9.553750E+6,    -5.331635E-5,    -2.455413E-4
9.560000E+6,    -4.345179E-5,    -2.117157E-4
9.566250E+6,    -5.212426E-5,    -2.386868E-4
9.572500E+6,    -5.173683E-5,    -2.352297E-4
9.578750E+6,    -4.753470E-5,    -2.439320E-4
9.585000E+6,    -4.464388E-5,    -2.337694E-4
9.591250E+6,    -2.816319E-5,    -2.500415E-4
9.597500E+6,    -3.483891E-5,    -2.222359E-4
9.603750E+6,    -3.880262E-5,    -2.322197E-4
9.610000E+6,    -5.629659E-5,    -2.154708E-4
9.616250E+6,    -4.786253E-5,    -2.330840E-4
9.622500E+6,    -4.494190E-5,    -2.230108E-4
9.628750E+6,    -4.553795E-5,    -2.455115E-4
9.635000E+6,    -3.117323E-5,    -2.240241E-4
9.641250E+6,    -7.754564E-5,    -2.492070E-4
9.647500E+6,    -3.007054E-5,    -2.392828E-4
9.653750E+6,    -4.899502E-5,    -2.478957E-4
9.660000E+6,    -6.005168E-5,    -2.366304E-4
9.666250E+6,    -7.092953E-5,    -2.444088E-4
9.672500E+6,    -6.899238E-5,    -2.375245E-4
9.678750E+6,    -5.748868E-5,    -2.455711E-4
9.685000E+6,    -4.070997E-5,    -2.400875E-4
9.691250E+6,    -4.705787E-5,    -2.568364E-4
9.697500E+6,    -4.088879E-5,    -2.365410E-4
9.703750E+6,    -4.604459E-5,    -2.274811E-4
9.710000E+6,    -3.725290E-5,    -2.457201E-4
9.716250E+6,    -4.744530E-5,    -2.306700E-4
9.722500E+6,    -4.276633E-5,    -2.551377E-4
9.728750E+6,    -2.071261E-5,    -2.559721E-4
9.735000E+6,    -5.552173E-5,    -2.472401E-4
9.741250E+6,    -2.798438E-5,    -2.535582E-4
9.747500E+6,    -7.209182E-5,    -2.484620E-4
9.753750E+6,    -4.658103E-5,    -2.582073E-4
9.760000E+6,    -4.583597E-5,    -2.357960E-4
9.766250E+6,    -8.302927E-5,    -2.517700E-4
9.772500E+6,    -6.633997E-5,    -2.279282E-4
9.778750E+6,    -8.517504E-5,    -2.360046E-4
9.785000E+6,    -6.121397E-5,    -2.684593E-4
9.791250E+6,    -6.958842E-5,    -2.499223E-4
9.797500E+6,    -5.149841E-5,    -2.418756E-4
9.803750E+6,    -6.181002E-5,    -2.681315E-4
9.810000E+6,    -7.253885E-5,    -2.527833E-4
9.816250E+6,    -4.264712E-5,    -2.535284E-4
9.822500E+6,    -5.590916E-5,    -2.481341E-4
9.828750E+6,    -6.985664E-5,    -2.429187E-4
9.835000E+6,    -3.126264E-5,    -2.588034E-4
9.841250E+6,    -5.498528E-5,    -2.605319E-4
9.847500E+6,    -6.094575E-5,    -2.545416E-4
9.853750E+6,    -4.082918E-5,    -2.592206E-4
9.860000E+6,    -5.000830E-5,    -2.437234E-4
9.866250E+6,    -4.464388E-5,    -2.656877E-4
9.872500E+6,    -7.772446E-5,    -2.513230E-4
9.878750E+6,    -6.237626E-5,    -2.504289E-4
9.885000E+6,    -6.479025E-5,    -2.379417E-4
9.891250E+6,    -5.537271E-5,    -2.501011E-4
9.897500E+6,    -7.167459E-5,    -2.697110E-4
9.903750E+6,    -6.672740E-5,    -2.565384E-4
9.910000E+6,    -5.236268E-5,    -2.747774E-4
9.916250E+6,    -9.793043E-5,    -2.701879E-4
9.922500E+6,    -7.089972E-5,    -2.784133E-4
9.928750E+6,    -5.960464E-5,    -2.684295E-4
9.935000E+6,    -6.088614E-5,    -2.526045E-4
9.941250E+6,    -5.331635E-5,    -2.519786E-4
9.947500E+6,    -6.759167E-5,    -2.652109E-4
9.953750E+6,    -5.331635E-5,    -2.677739E-4
9.960000E+6,    -7.325411E-5,    -2.744794E-4
9.966250E+6,    -4.833937E-5,    -2.550781E-4
9.972500E+6,    -6.192923E-5,    -2.644658E-4
9.978750E+6,    -6.055832E-5,    -3.083348E-4
9.985000E+6,    -6.386638E-5,    -2.833903E-4
9.991250E+6,    -8.431077E-5,    -2.737641E-4
9.997500E+6,    -6.383657E-5,    -2.797842E-4
1.000375E+7,    -7.534027E-5,    -2.861619E-4
1.001000E+7,    -4.747510E-5,    -2.760589E-4
1.001625E+7,    -4.723668E-5,    -2.760887E-4
1.002250E+7,    -6.130338E-5,    -2.694726E-4
1.002875E+7,    -6.607175E-5,    -2.792180E-4
1.003500E+7,    -7.653236E-5,    -2.662241E-4
1.004125E+7,    -6.389618E-5,    -2.692938E-4
1.004750E+7,    -6.830692E-5,    -2.790987E-4
1.005375E+7,    -7.069111E-5,    -2.817214E-4
1.006000E+7,    -6.932020E-5,    -2.782941E-4
1.006625E+7,    -6.598234E-5,    -2.905130E-4
1.007250E+7,    -7.221103E-5,    -2.768636E-4
1.007875E+7,    -8.544326E-5,    -2.821386E-4
1.008500E+7,    -7.268786E-5,    -2.769232E-4
1.009125E+7,    -7.560849E-5,    -2.925396E-4
1.009750E+7,    -7.867813E-5,    -2.662241E-4
1.010375E+7,    -7.566810E-5,    -2.760589E-4
1.011000E+7,    -6.106496E-5,    -2.966225E-4
1.011625E+7,    -6.967783E-5,    -2.927184E-4
1.012250E+7,    -8.600950E-5,    -2.910495E-4
1.012875E+7,    -6.091595E-5,    -2.997816E-4
1.013500E+7,    -8.830428E-5,    -2.870262E-4
1.014125E+7,    -6.753206E-5,    -3.053546E-4
1.014750E+7,    -7.906556E-5,    -2.751946E-4
1.015375E+7,    -1.109242E-4,    -3.131032E-4
1.016000E+7,    -7.587671E-5,    -2.880394E-4
1.016625E+7,    -9.781122E-5,    -3.109872E-4
1.017250E+7,    -8.475780E-5,    -3.062785E-4
1.017875E+7,    -8.046627E-5,    -3.001094E-4
1.018500E+7,    -8.523464E-5,    -3.089607E-4
1.019125E+7,    -9.381771E-5,    -2.856851E-4
1.019750E+7,    -9.286404E-5,    -2.915859E-4
1.020375E+7,    -1.135767E-4,    -2.987385E-4
1.021000E+7,    -7.760525E-5,    -2.938509E-4
1.021625E+7,    -8.964539E-5,    -3.051162E-4
1.022250E+7,    -8.153915E-5,    -2.864003E-4
1.022875E+7,    -1.069903E-4,    -3.023744E-4
1.023500E+7,    -7.265806E-5,    -2.941489E-4
1.024125E+7,    -9.453297E-5,    -3.195405E-4
1.024750E+7,    -1.080036E-4,    -3.016889E-4
1.025375E+7,    -7.888675E-5,    -3.027320E-4
1.026000E+7,    -8.076429E-5,    -2.990067E-4
1.026625E+7,    -8.860230E-5,    -3.234744E-4
1.027250E+7,    -7.429719E-5,    -3.225505E-4
1.027875E+7,    -9.202957E-5,    -3.167093E-4
1.028500E+7,    -5.856156E-5,    -3.055632E-4
1.029125E+7,    -9.569526E-5,    -3.320277E-4
1.029750E+7,    -7.796288E-5,    -3.182888E-4
1.030375E+7,    -8.827448E-5,    -3.105402E-4
1.031000E+7,    -8.845329E-5,    -3.133118E-4
1.031625E+7,    -8.156896E-5,    -3.145337E-4
1.032250E+7,    -8.973479E-5,    -3.134012E-4
1.032875E+7,    -1.033545E-4,    -3.425777E-4
1.033500E+7,    -9.989738E-5,    -3.113449E-4
1.034125E+7,    -7.110834E-5,    -3.324747E-4
1.034750E+7,    -9.128451E-5,    -3.159642E-4
1.035375E+7,    -1.105666E-4,    -3.255606E-4
1.036000E+7,    -8.010864E-5,    -3.077090E-4
1.036625E+7,    -9.474158E-5,    -3.119707E-4
1.037250E+7,    -8.746982E-5,    -3.129244E-4
1.037875E+7,    -9.280443E-5,    -3.216565E-4
1.038500E+7,    -1.093745E-4,    -3.189743E-4
1.039125E+7,    -1.049042E-4,    -3.323257E-4
1.039750E+7,    -1.041293E-4,    -3.388822E-4
1.040375E+7,    -9.435415E-5,    -3.247857E-4
1.041000E+7,    -1.178384E-4,    -3.229082E-4
1.041625E+7,    -1.115799E-4,    -3.211796E-4
1.042250E+7,    -8.940697E-5,    -3.254414E-4
1.042875E+7,    -9.456277E-5,    -3.341436E-4
1.043500E+7,    -1.231730E-4,    -3.119409E-4
1.044125E+7,    -1.078546E-4,    -3.446043E-4
1.044750E+7,    -9.423494E-5,    -3.403425E-4
1.045375E+7,    -1.156032E-4,    -3.197789E-4
1.046000E+7,    -1.115501E-4,    -3.400147E-4
1.046625E+7,    -1.115501E-4,    -3.397763E-4
1.047250E+7,    -9.113550E-5,    -3.349483E-4
1.047875E+7,    -1.300871E-4,    -3.293753E-4
1.048500E+7,    -1.184046E-4,    -3.512502E-4
1.049125E+7,    -1.200736E-4,    -3.442466E-4
1.049750E+7,    -1.219213E-4,    -3.410578E-4
1.050375E+7,    -1.174510E-4,    -3.319383E-4
1.051000E+7,    -1.107752E-4,    -3.625751E-4
1.051625E+7,    -1.157224E-4,    -3.450811E-4
1.052250E+7,    -1.095533E-4,    -3.433526E-4
1.052875E+7,    -1.007915E-4,    -3.519356E-4
1.053500E+7,    -1.117289E-4,    -3.358126E-4
1.054125E+7,    -1.004040E-4,    -3.618002E-4
1.054750E+7,    -1.247823E-4,    -3.490448E-4
1.055375E+7,    -1.156628E-4,    -3.643334E-4
1.056000E+7,    -1.234412E-4,    -3.662705E-4
1.056625E+7,    -1.218021E-4,    -3.432035E-4
1.057250E+7,    -9.804964E-5,    -3.525019E-4
1.057875E+7,    -1.004338E-4,    -3.452003E-4
1.058500E+7,    -1.124442E-4,    -3.615320E-4
1.059125E+7,    -1.012385E-4,    -3.516376E-4
1.059750E+7,    -1.196861E-4,    -3.664494E-4
1.060375E+7,    -1.002550E-4,    -3.617704E-4
1.061000E+7,    -1.446009E-4,    -3.597140E-4
1.061625E+7,    -1.261830E-4,    -3.845692E-4
1.062250E+7,    -1.087487E-4,    -3.695488E-4
1.062875E+7,    -1.145601E-4,    -3.774166E-4
1.063500E+7,    -1.125336E-4,    -3.876090E-4
1.064125E+7,    -1.233220E-4,    -3.718734E-4
1.064750E+7,    -1.059175E-4,    -3.604293E-4
1.065375E+7,    -1.296997E-4,    -3.864765E-4
1.066000E+7,    -1.190305E-4,    -3.731251E-4
1.066625E+7,    -1.347661E-4,    -3.682375E-4
1.067250E+7,    -1.189709E-4,    -3.799200E-4
1.067875E+7,    -1.270175E-4,    -3.840923E-4
1.068500E+7,    -1.292229E-4,    -3.732443E-4
1.069125E+7,    -1.234412E-4,    -3.686547E-4
1.069750E+7,    -1.220107E-4,    -3.823638E-4
1.070375E+7,    -1.339912E-4,    -3.982782E-4
1.071000E+7,    -1.255274E-4,    -3.682375E-4
1.071625E+7,    -1.235008E-4,    -3.849268E-4
1.072250E+7,    -1.386404E-4,    -3.871322E-4
1.072875E+7,    -1.304746E-4,    -3.992319E-4
1.073500E+7,    -1.233220E-4,    -4.019141E-4
1.074125E+7,    -1.345277E-4,    -3.849268E-4
1.074750E+7,    -1.604557E-4,    -4.029274E-4
1.075375E+7,    -1.409054E-4,    -3.968477E-4
1.076000E+7,    -1.150370E-4,    -3.808141E-4
1.076625E+7,    -1.337528E-4,    -4.084706E-4
1.077250E+7,    -1.336336E-4,    -4.114509E-4
1.077875E+7,    -1.502633E-4,    -3.998280E-4
1.078500E+7,    -1.489520E-4,    -4.169345E-4
1.079125E+7,    -1.454353E-4,    -3.978014E-4
1.079750E+7,    -1.558661E-4,    -3.843904E-4
1.080375E+7,    -1.350045E-4,    -4.279017E-4
1.081000E+7,    -1.194477E-4,    -3.935099E-4
1.081625E+7,    -1.478195E-4,    -4.035234E-4
1.082250E+7,    -1.725554E-4,    -3.919005E-4
1.082875E+7,    -1.429915E-4,    -3.954172E-4
1.083500E+7,    -1.591444E-4,    -3.897548E-4
1.084125E+7,    -1.652837E-4,    -4.113317E-4
1.084750E+7,    -1.515746E-4,    -4.060268E-4
1.085375E+7,    -1.810193E-4,    -4.122257E-4
1.086000E+7,    -1.599193E-4,    -4.165769E-4
1.086625E+7,    -1.596212E-4,    -4.233718E-4
1.087250E+7,    -1.791716E-4,    -4.431605E-4
1.087875E+7,    -1.320243E-4,    -4.301667E-4
1.088500E+7,    -1.484156E-4,    -4.208088E-4
1.089125E+7,    -1.419187E-4,    -4.268885E-4
1.089750E+7,    -1.571774E-4,    -4.241467E-4
1.090375E+7,    -1.735091E-4,    -4.076958E-4
1.091000E+7,    -1.730323E-4,    -4.286766E-4
1.091625E+7,    -1.648664E-4,    -4.350543E-4
1.092250E+7,    -1.666546E-4,    -4.277229E-4
1.092875E+7,    -1.670718E-4,    -4.342198E-4
1.093500E+7,    -1.614690E-4,    -4.303455E-4
1.094125E+7,    -1.824498E-4,    -4.425049E-4
1.094750E+7,    -1.628399E-4,    -4.363656E-4
1.095375E+7,    -1.698136E-4,    -4.500151E-4
1.096000E+7,    -1.569390E-4,    -4.561543E-4
1.096625E+7,    -1.586080E-4,    -4.416108E-4
1.097250E+7,    -1.647472E-4,    -4.559755E-4
1.097875E+7,    -1.733899E-4,    -4.529357E-4
1.098500E+7,    -1.756549E-4,    -4.349351E-4
1.099125E+7,    -1.748800E-4,    -4.488826E-4
1.099750E+7,    -1.761913E-4,    -4.518032E-4
1.100375E+7,    -1.612306E-4,    -4.754663E-4
1.101000E+7,    -1.784563E-4,    -4.507303E-4
1.101625E+7,    -1.793504E-4,    -4.467964E-4
1.102250E+7,    -1.801252E-4,    -4.539490E-4
1.102875E+7,    -1.940727E-4,    -4.652739E-4
1.103500E+7,    -1.829863E-4,    -4.456043E-4
1.104125E+7,    -1.899600E-4,    -4.599690E-4
1.104750E+7,    -1.759529E-4,    -4.768968E-4
1.105375E+7,    -1.698732E-4,    -4.795194E-4
1.106000E+7,    -1.708865E-4,    -4.748106E-4
1.106625E+7,    -1.852512E-4,    -4.898310E-4
1.107250E+7,    -1.873374E-4,    -4.758835E-4
1.107875E+7,    -2.021194E-4,    -4.763603E-4
1.108500E+7,    -1.955032E-4,    -4.974008E-4
1.109125E+7,    -1.965165E-4,    -4.826188E-4
1.109750E+7,    -1.854897E-4,    -4.590750E-4
1.110375E+7,    -1.922846E-4,    -4.959702E-4
1.111000E+7,    -1.929402E-4,    -4.783273E-4
1.111625E+7,    -1.944900E-4,    -4.912615E-4
1.112250E+7,    -2.098083E-4,    -4.878640E-4
1.112875E+7,    -1.970530E-4,    -4.945993E-4
1.113500E+7,    -1.689196E-4,    -5.078316E-4
1.114125E+7,    -2.055168E-4,    -5.016923E-4
1.114750E+7,    -1.931787E-4,    -4.835725E-4
1.115375E+7,    -2.081990E-4,    -5.226731E-4
1.116000E+7,    -1.876950E-4,    -5.175471E-4
1.116625E+7,    -2.056360E-4,    -5.035996E-4
1.117250E+7,    -2.069473E-4,    -5.238056E-4
1.117875E+7,    -2.422929E-4,    -5.312562E-4
1.118500E+7,    -2.098083E-4,    -5.131364E-4
1.119125E+7,    -2.071261E-4,    -5.348325E-4
1.119750E+7,    -2.433062E-4,    -5.325079E-4
1.120375E+7,    -2.245903E-4,    -5.263686E-4
1.121000E+7,    -2.244115E-4,    -5.523562E-4
1.121625E+7,    -2.385378E-4,    -5.641580E-4
1.122250E+7,    -2.660155E-4,    -5.663633E-4
1.122875E+7,    -2.437234E-4,    -6.284118E-4
1.123500E+7,    -2.567768E-4,    -6.743073E-4
1.124125E+7,    -2.895594E-4,    -6.582737E-4
1.124750E+7,    -2.847314E-4,    -6.641746E-4
1.125375E+7,    -2.845526E-4,    -6.531477E-4
1.126000E+7,    -2.858043E-4,    -6.616712E-4
1.126625E+7,    -2.912283E-4,    -6.332397E-4
1.127250E+7,    -2.863407E-4,    -6.980896E-4
1.127875E+7,    -2.639890E-4,    -6.374121E-4
1.128500E+7,    -2.532601E-4,    -6.671548E-4
1.129125E+7,    -2.867579E-4,    -6.095171E-4
1.129750E+7,    -2.782345E-4,    -5.779266E-4
1.130375E+7,    -2.909303E-4,    -6.141663E-4
1.131000E+7,    -2.521276E-4,    -6.557703E-4
1.131625E+7,    -2.755523E-4,    -6.311536E-4
1.132250E+7,    -2.887845E-4,    -6.746054E-4
1.132875E+7,    -2.743006E-4,    -6.590486E-4
1.133500E+7,    -2.734661E-4,    -6.706119E-4
1.134125E+7,    -3.142357E-4,    -6.228685E-4
1.134750E+7,    -2.788305E-4,    -6.279349E-4
1.135375E+7,    -2.757311E-4,    -6.294847E-4
1.136000E+7,    -2.565980E-4,    -5.967021E-4
1.136625E+7,    -3.108978E-4,    -6.500483E-4
1.137250E+7,    -2.908707E-4,    -6.470680E-4
1.137875E+7,    -2.797842E-4,    -6.764531E-4
1.138500E+7,    -3.058910E-4,    -6.591678E-4
1.139125E+7,    -2.828836E-4,    -6.523132E-4
1.139750E+7,    -2.838373E-4,    -6.495118E-4
1.140375E+7,    -2.627969E-4,    -6.475449E-4
1.141000E+7,    -2.880692E-4,    -6.454587E-4
1.141625E+7,    -2.857447E-4,    -6.355643E-4
1.142250E+7,    -2.949238E-4,    -6.472468E-4
1.142875E+7,    -2.914071E-4,    -6.750822E-4
1.143500E+7,    -3.078580E-4,    -6.718040E-4
1.144125E+7,    -3.054738E-4,    -6.538033E-4
1.144750E+7,    -3.223419E-4,    -7.086992E-4
1.145375E+7,    -3.297329E-4,    -7.312298E-4
1.146000E+7,    -3.273487E-4,    -7.274151E-4
1.146625E+7,    -3.591776E-4,    -7.407665E-4
1.147250E+7,    -3.125668E-4,    -7.412434E-4
1.147875E+7,    -3.612041E-4,    -7.089376E-4
1.148500E+7,    -2.878904E-4,    -7.221699E-4
1.149125E+7,    -3.798008E-4,    -8.111000E-4
1.149750E+7,    -3.607273E-4,    -8.283854E-4
1.150375E+7,    -3.403425E-4,    -7.978678E-4
1.151000E+7,    -3.733635E-4,    -8.049011E-4
1.151625E+7,    -3.786087E-4,    -8.032322E-4
1.152250E+7,    -3.520250E-4,    -7.896423E-4
1.152875E+7,    -3.625154E-4,    -7.762909E-4
1.153500E+7,    -3.490448E-4,    -7.153749E-4
1.154125E+7,    -3.893375E-4,    -8.245707E-4
1.154750E+7,    -3.699064E-4,    -8.407831E-4
1.155375E+7,    -3.507137E-4,    -8.152723E-4
1.156000E+7,    -3.917217E-4,    -9.464025E-4
1.156625E+7,    -4.045963E-4,    -9.425879E-4
1.157250E+7,    -3.871918E-4,    -9.315014E-4
1.157875E+7,    -4.585981E-4,    -9.225607E-4
1.158500E+7,    -4.169941E-4,    -1.019120E-3
1.159125E+7,    -3.987551E-4,    -9.241104E-4
1.159750E+7,    -3.578663E-4,    -9.145737E-4
1.160375E+7,    -4.205704E-4,    -9.756088E-4
1.161000E+7,    -4.247427E-4,    -9.796619E-4
1.161625E+7,    -4.607439E-4,    -1.033664E-3
1.162250E+7,    -4.770756E-4,    -1.089692E-3
1.162875E+7,    -4.032850E-4,    -1.328588E-3
1.163500E+7,    -3.564358E-4,    -1.462698E-3
1.164125E+7,    -1.850128E-4,    -1.642704E-3
1.164750E+7,    1.939535E-4,    -1.839399E-3
1.165375E+7,    3.457069E-6,    -1.781344E-3
1.166000E+7,    3.228188E-4,    -1.673341E-3
1.166625E+7,    8.090734E-4,    -1.720667E-3
1.167250E+7,    9.396076E-4,    -1.537561E-3
1.167875E+7,    9.422302E-4,    -1.591682E-3
1.168500E+7,    9.037256E-4,    -1.583934E-3
1.169125E+7,    9.235144E-4,    -1.584768E-3
1.169750E+7,    9.527206E-4,    -1.621246E-3
1.170375E+7,    9.374619E-4,    -1.592398E-3
1.171000E+7,    9.522438E-4,    -1.612544E-3
1.171625E+7,    9.504557E-4,    -1.612306E-3
1.172250E+7,    9.365082E-4,    -1.674414E-3
1.172875E+7,    9.621382E-4,    -1.683474E-3
1.173500E+7,    9.491444E-4,    -1.653790E-3
1.174125E+7,    1.000404E-3,    -1.645565E-3
1.174750E+7,    9.701252E-4,    -1.687050E-3
1.175375E+7,    9.602308E-4,    -1.756191E-3
1.176000E+7,    9.421110E-4,    -1.696229E-3
1.176625E+7,    1.057029E-3,    -1.739144E-3
1.177250E+7,    9.737015E-4,    -1.765132E-3
1.177875E+7,    1.021862E-3,    -1.730680E-3
1.178500E+7,    9.895563E-4,    -1.776457E-3
1.179125E+7,    9.859800E-4,    -1.811624E-3
1.179750E+7,    9.931326E-4,    -1.799107E-3
1.180375E+7,    9.449720E-4,    -1.721025E-3
1.181000E+7,    9.649992E-4,    -1.795650E-3
1.181625E+7,    9.938478E-4,    -1.804113E-3
1.182250E+7,    9.745359E-4,    -1.903653E-3
1.182875E+7,    1.000404E-3,    -1.856804E-3
1.183500E+7,    9.927750E-4,    -1.899838E-3
1.184125E+7,    1.008868E-3,    -1.916409E-3
1.184750E+7,    1.045465E-3,    -1.897573E-3
1.185375E+7,    1.060724E-3,    -1.969337E-3
1.186000E+7,    1.040459E-3,    -2.009392E-3
1.186625E+7,    1.066327E-3,    -1.941681E-3
1.187250E+7,    1.009226E-3,    -2.005816E-3
1.187875E+7,    1.012325E-3,    -2.075672E-3
1.188500E+7,    1.128197E-3,    -2.020836E-3
1.189125E+7,    1.051426E-3,    -2.084970E-3
1.189750E+7,    1.111031E-3,    -2.041578E-3
1.190375E+7,    1.093149E-3,    -2.041578E-3
1.191000E+7,    1.095295E-3,    -2.093554E-3
1.191625E+7,    1.060009E-3,    -2.119780E-3
1.192250E+7,    1.041174E-3,    -2.132177E-3
1.192875E+7,    1.046896E-3,    -2.123356E-3
1.193500E+7,    1.101494E-3,    -2.117634E-3
1.194125E+7,    1.117468E-3,    -2.124786E-3
1.194750E+7,    1.094580E-3,    -2.161741E-3
1.195375E+7,    1.055717E-3,    -2.130032E-3
1.196000E+7,    1.138449E-3,    -2.157927E-3
1.196625E+7,    1.123667E-3,    -2.274036E-3
1.197250E+7,    1.123428E-3,    -2.224445E-3
1.197875E+7,    1.111984E-3,    -2.236128E-3
1.198500E+7,    1.083612E-3,    -2.285957E-3
1.199125E+7,    1.092911E-3,    -2.308130E-3
1.199750E+7,    1.098871E-3,    -2.323151E-3
1.200375E+7,    1.071215E-3,    -2.299547E-3
1.201000E+7,    1.128197E-3,    -2.327204E-3
1.201625E+7,    1.112700E-3,    -2.395630E-3
1.202250E+7,    1.074076E-3,    -2.342701E-3
1.202875E+7,    1.129389E-3,    -2.390146E-3
1.203500E+7,    1.116991E-3,    -2.402067E-3
1.204125E+7,    1.071453E-3,    -2.395868E-3
1.204750E+7,    1.104355E-3,    -2.416372E-3
1.205375E+7,    1.173019E-3,    -2.439976E-3
1.206000E+7,    1.095295E-3,    -2.420664E-3
1.206625E+7,    1.191854E-3,    -2.566099E-3
1.207250E+7,    1.174688E-3,    -2.534866E-3
1.207875E+7,    1.142979E-3,    -2.484083E-3
1.208500E+7,    1.118183E-3,    -2.497911E-3
1.209125E+7,    1.154661E-3,    -2.515793E-3
1.209750E+7,    1.136303E-3,    -2.524137E-3
1.210375E+7,    1.160145E-3,    -2.548933E-3
1.211000E+7,    1.104593E-3,    -2.582550E-3
1.211625E+7,    1.194477E-3,    -2.621651E-3
1.212250E+7,    1.164436E-3,    -2.627850E-3
1.212875E+7,    1.177311E-3,    -2.697468E-3
1.213500E+7,    1.183271E-3,    -2.657652E-3
1.214125E+7,    1.167536E-3,    -2.711058E-3
1.214750E+7,    1.204252E-3,    -2.666712E-3
1.215375E+7,    1.154184E-3,    -2.753019E-3
1.216000E+7,    1.186132E-3,    -2.724409E-3
1.216625E+7,    1.212597E-3,    -2.742290E-3
1.217250E+7,    1.226187E-3,    -2.778292E-3
1.217875E+7,    1.202822E-3,    -2.846956E-3
1.218500E+7,    1.275301E-3,    -2.832174E-3
1.219125E+7,    1.242161E-3,    -2.917290E-3
1.219750E+7,    1.251221E-3,    -2.858639E-3
1.220375E+7,    1.279593E-3,    -2.895355E-3
1.221000E+7,    1.248598E-3,    -2.931833E-3
1.221625E+7,    1.234055E-3,    -3.002644E-3
1.222250E+7,    1.271248E-3,    -2.952576E-3
1.222875E+7,    1.299620E-3,    -3.023148E-3
1.223500E+7,    1.266718E-3,    -3.106356E-3
1.224125E+7,    1.286507E-3,    -3.096819E-3
1.224750E+7,    1.315832E-3,    -3.086805E-3
1.225375E+7,    1.338482E-3,    -3.122091E-3
1.226000E+7,    1.358271E-3,    -3.139496E-3
1.226625E+7,    1.320362E-3,    -3.165007E-3
1.227250E+7,    1.329422E-3,    -3.228903E-3
1.227875E+7,    1.325130E-3,    -3.280878E-3
1.228500E+7,    1.371384E-3,    -3.242731E-3
1.229125E+7,    1.379967E-3,    -3.360987E-3
1.229750E+7,    1.397848E-3,    -3.336191E-3
1.230375E+7,    1.364946E-3,    -3.396273E-3
1.231000E+7,    1.377344E-3,    -3.413677E-3
1.231625E+7,    1.391888E-3,    -3.419638E-3
1.232250E+7,    1.423836E-3,    -3.502131E-3
1.232875E+7,    1.448631E-3,    -3.494263E-3
1.233500E+7,    1.404762E-3,    -3.556252E-3
1.234125E+7,    1.426220E-3,    -3.590822E-3
1.234750E+7,    1.470327E-3,    -3.607988E-3
1.235375E+7,    1.462460E-3,    -3.689051E-3
1.236000E+7,    1.512766E-3,    -3.693581E-3
1.236625E+7,    1.536608E-3,    -3.721714E-3
1.237250E+7,    1.513243E-3,    -3.703594E-3
1.237875E+7,    1.533747E-3,    -3.812790E-3
1.238500E+7,    1.508951E-3,    -3.855467E-3
1.239125E+7,    1.521111E-3,    -3.922939E-3
1.239750E+7,    1.517773E-3,    -3.908873E-3
1.240375E+7,    1.532555E-3,    -4.016876E-3
1.241000E+7,    1.584053E-3,    -4.008770E-3
1.241625E+7,    1.590729E-3,    -4.038334E-3
1.242250E+7,    1.635075E-3,    -4.083633E-3
1.242875E+7,    1.627922E-3,    -4.123211E-3
1.243500E+7,    1.658916E-3,    -4.250526E-3
1.244125E+7,    1.602173E-3,    -4.256725E-3
1.244750E+7,    1.681328E-3,    -4.300594E-3
1.245375E+7,    1.715183E-3,    -4.373074E-3
1.246000E+7,    1.685619E-3,    -4.356861E-3
1.246625E+7,    1.724720E-3,    -4.468441E-3
1.247250E+7,    1.730919E-3,    -4.436016E-3
1.247875E+7,    1.774311E-3,    -4.566193E-3
1.248500E+7,    1.833916E-3,    -4.586697E-3
1.249125E+7,    1.749992E-3,    -4.655361E-3
1.249750E+7,    1.807690E-3,    -4.724979E-3
1.250375E+7,    1.842022E-3,    -4.786968E-3
1.251000E+7,    1.843452E-3,    -4.755497E-3
1.251625E+7,    1.876354E-3,    -4.853249E-3
1.252250E+7,    1.892090E-3,    -4.904270E-3
1.252875E+7,    1.898289E-3,    -4.982948E-3
1.253500E+7,    1.955032E-3,    -5.009651E-3
1.254125E+7,    1.985073E-3,    -5.108356E-3
1.254750E+7,    1.981735E-3,    -5.190849E-3
1.255375E+7,    1.993179E-3,    -5.258083E-3
1.256000E+7,    2.003670E-3,    -5.306244E-3
1.256625E+7,    2.069950E-3,    -5.378723E-3
1.257250E+7,    2.034187E-3,    -5.520344E-3
1.257875E+7,    2.111912E-3,    -5.512238E-3
1.258500E+7,    2.132416E-3,    -5.621910E-3
1.259125E+7,    2.130032E-3,    -5.676746E-3
1.259750E+7,    2.183914E-3,    -5.766392E-3
1.260375E+7,    2.224445E-3,    -5.864620E-3
1.261000E+7,    2.202511E-3,    -5.948544E-3
1.261625E+7,    2.246380E-3,    -6.067753E-3
1.262250E+7,    2.268791E-3,    -6.043434E-3
1.262875E+7,    2.123356E-3,    -6.434917E-3
1.263500E+7,    2.302647E-3,    -6.176472E-3
1.264125E+7,    2.359867E-3,    -6.311893E-3
1.264750E+7,    2.401352E-3,    -6.468296E-3
1.265375E+7,    2.401829E-3,    -6.525040E-3
1.266000E+7,    2.344131E-3,    -6.724358E-3
1.266625E+7,    2.448559E-3,    -6.663322E-3
1.267250E+7,    8.845329E-4,    -7.293701E-3
1.267875E+7,    1.578808E-3,    -7.359505E-3
1.268500E+7,    9.617805E-4,    -7.676125E-3
1.269125E+7,    1.878262E-3,    -7.622242E-3
1.269750E+7,    2.572536E-3,    -7.113457E-3
1.270375E+7,    1.306534E-4,    -7.453918E-3
1.271000E+7,    9.832382E-4,    -8.556366E-3
1.271625E+7,    2.759933E-3,    -7.573128E-3
1.272250E+7,    2.823830E-3,    -7.671356E-3
1.272875E+7,    2.780914E-3,    -7.807255E-3
1.273500E+7,    2.719879E-3,    -8.119583E-3
1.274125E+7,    2.885818E-3,    -8.169174E-3
1.274750E+7,    2.822399E-3,    -8.405209E-3
1.275375E+7,    2.951145E-3,    -8.325577E-3
1.276000E+7,    2.460480E-3,    -8.660316E-3
1.276625E+7,    1.404285E-3,    -9.012699E-3
1.277250E+7,    -1.495838E-3,    -6.597519E-3
1.277875E+7,    -2.362728E-3,    -8.337021E-3
1.278500E+7,    -1.106262E-3,    -9.792805E-3
1.279125E+7,    3.066063E-4,    -1.029539E-2
1.279750E+7,    2.367020E-3,    -9.620667E-3
1.280375E+7,    -9.355545E-4,    -9.453773E-3
1.281000E+7,    -3.437996E-3,    -8.124352E-3
1.281625E+7,    -2.673626E-3,    -1.085377E-2
1.282250E+7,    -2.905369E-3,    -1.069593E-2
1.282875E+7,    1.087666E-3,    -1.094151E-2
1.283500E+7,    -4.332542E-3,    -9.371281E-3
1.284125E+7,    3.156662E-3,    -1.172447E-2
1.284750E+7,    3.556252E-3,    -1.156855E-2
1.285375E+7,    2.767563E-3,    -1.224422E-2
1.286000E+7,    2.820969E-3,    -1.213646E-2
1.286625E+7,    2.722740E-3,    -1.276493E-2
1.287250E+7,    3.216267E-3,    -1.279688E-2
1.287875E+7,    3.872395E-3,    -1.256704E-2
1.288500E+7,    3.166676E-3,    -1.268578E-2
1.289125E+7,    2.237320E-3,    -1.400375E-2
1.289750E+7,    4.253387E-4,    -1.424360E-2
1.290375E+7,    2.798557E-3,    -1.381111E-2
1.291000E+7,    1.830578E-3,    -1.441002E-2
1.291625E+7,    1.195431E-3,    -1.540422E-2
1.292250E+7,    -5.846024E-4,    -1.361609E-2
1.292875E+7,    4.844666E-4,    -1.508665E-2
1.293500E+7,    -5.507469E-3,    -1.285172E-2
1.294125E+7,    -3.638268E-3,    -1.418018E-2
1.294750E+7,    -5.423546E-3,    -1.106644E-2
1.295375E+7,    -5.529881E-3,    -7.345200E-3
1.296000E+7,    -4.850388E-3,    -5.598068E-3
1.296625E+7,    -4.741192E-3,    -5.330086E-3
1.297250E+7,    -4.904747E-3,    -5.496979E-3
1.297875E+7,    -4.982948E-3,    -5.569458E-3
1.298500E+7,    -5.077362E-3,    -5.633831E-3
1.299125E+7,    -5.199432E-3,    -5.739689E-3
1.299750E+7,    -5.327225E-3,    -5.826473E-3
1.300375E+7,    -5.473614E-3,    -5.937576E-3
1.301000E+7,    -5.593777E-3,    -6.064892E-3
1.301625E+7,    -5.757332E-3,    -6.150723E-3
1.302250E+7,    -5.892754E-3,    -6.333351E-3
1.302875E+7,    -6.058693E-3,    -6.431103E-3
1.303500E+7,    -6.222248E-3,    -6.576061E-3
1.304125E+7,    -6.401539E-3,    -6.653309E-3
1.304750E+7,    -6.560802E-3,    -6.844997E-3
1.305375E+7,    -6.699562E-3,    -6.973743E-3
1.306000E+7,    -6.893635E-3,    -7.111073E-3
1.306625E+7,    -7.115364E-3,    -7.277966E-3
1.307250E+7,    -7.329464E-3,    -7.422924E-3
1.307875E+7,    -7.552147E-3,    -7.645130E-3
1.308500E+7,    -7.791042E-3,    -7.756233E-3
1.309125E+7,    -8.042812E-3,    -7.980824E-3
1.309750E+7,    -8.265495E-3,    -8.116722E-3
1.310375E+7,    -8.509636E-3,    -8.304596E-3
1.311000E+7,    -8.795738E-3,    -8.496284E-3
1.311625E+7,    -9.086609E-3,    -8.701324E-3
1.312250E+7,    -9.418488E-3,    -8.947372E-3
1.312875E+7,    -9.719849E-3,    -9.161949E-3
1.313500E+7,    -1.010036E-2,    -9.410858E-3
1.314125E+7,    -1.041031E-2,    -9.632111E-3
1.314750E+7,    -1.080513E-2,    -9.902000E-3
1.315375E+7,    -1.135540E-2,    -1.027393E-2
1.316000E+7,    -1.175785E-2,    -1.054668E-2
1.316625E+7,    -1.220226E-2,    -1.083755E-2
1.317250E+7,    -1.258755E-2,    -1.100636E-2
1.317875E+7,    -1.310635E-2,    -1.134968E-2
1.318500E+7,    -1.360798E-2,    -1.167583E-2
1.319125E+7,    -1.424313E-2,    -1.206207E-2
1.319750E+7,    -1.463223E-2,    -1.228333E-2
1.320375E+7,    -1.527214E-2,    -1.255226E-2
1.321000E+7,    -1.602268E-2,    -1.306534E-2
1.321625E+7,    -1.649284E-2,    -1.322746E-2
1.322250E+7,    -1.715755E-2,    -1.355839E-2
1.322875E+7,    -1.802635E-2,    -1.403809E-2
1.323500E+7,    -1.898575E-2,    -1.450920E-2
1.324125E+7,    -2.009392E-2,    -1.512718E-2
1.324750E+7,    -2.145576E-2,    -1.585770E-2
1.325375E+7,    -2.282715E-2,    -1.666451E-2
1.326000E+7,    -2.377129E-2,    -1.697540E-2
1.326625E+7,    -2.507401E-2,    -1.752663E-2
1.327250E+7,    -2.642441E-2,    -1.817322E-2
1.327875E+7,    -2.816772E-2,    -1.884079E-2
1.328500E+7,    -2.948761E-2,    -1.926994E-2
1.329125E+7,    -3.162384E-2,    -2.027893E-2
1.329750E+7,    -3.319359E-2,    -2.086639E-2
1.330375E+7,    -3.493118E-2,    -2.114105E-2
1.331000E+7,    -3.808784E-2,    -2.228546E-2
1.331625E+7,    -4.031372E-2,    -2.311325E-2
1.332250E+7,    -4.387283E-2,    -2.431107E-2
1.332875E+7,    -4.507446E-2,    -2.449799E-2
1.333500E+7,    -4.689026E-2,    -2.404785E-2
1.334125E+7,    -4.929733E-2,    -2.453613E-2
1.334750E+7,    -5.231857E-2,    -2.468109E-2
1.335375E+7,    -5.689621E-2,    -2.552414E-2
1.336000E+7,    -6.047821E-2,    -2.618408E-2
1.336625E+7,    -6.428146E-2,    -2.585602E-2
1.337250E+7,    -6.995010E-2,    -2.671051E-2
1.337875E+7,    -7.463074E-2,    -2.632141E-2
1.338500E+7,    -7.996750E-2,    -2.590561E-2
1.339125E+7,    -8.764267E-2,    -2.561569E-2
1.339750E+7,    -9.419632E-2,    -2.471542E-2
1.340375E+7,    -1.015396E-1,    -2.294159E-2
1.341000E+7,    -1.101685E-1,    -2.096558E-2
1.341625E+7,    -1.213226E-1,    -1.814270E-2
1.342250E+7,    -1.321487E-1,    -1.432800E-2
1.342875E+7,    -1.454697E-1,    -9.063721E-3
1.343500E+7,    -1.601944E-1,    -1.701355E-3
1.344125E+7,    -1.740112E-1,    7.804871E-3
1.344750E+7,    -1.907959E-1,    2.031708E-2
1.345375E+7,    -2.080841E-1,    3.675842E-2
1.346000E+7,    -2.251892E-1,    5.781555E-2
1.346625E+7,    -2.439804E-1,    8.518219E-2
1.347250E+7,    -2.622986E-1,    1.198578E-1
1.347875E+7,    -2.726746E-1,    1.609039E-1
1.348500E+7,    -2.752228E-1,    2.087402E-1
1.349125E+7,    -2.697449E-1,    2.637939E-1
1.349750E+7,    -2.523804E-1,    3.253021E-1
1.350375E+7,    -2.199707E-1,    3.890991E-1
1.351000E+7,    -1.676025E-1,    4.438324E-1
1.351625E+7,    -9.976196E-2,    4.884949E-1
1.352250E+7,    -1.977539E-2,    5.186768E-1
1.352875E+7,    6.723022E-2,    5.304260E-1
1.353500E+7,    1.567383E-1,    5.232849E-1
1.354125E+7,    2.429810E-1,    4.947510E-1
1.354750E+7,    3.220215E-1,    4.501343E-1
1.355375E+7,    3.892212E-1,    3.902588E-1
1.356000E+7,    4.417114E-1,    3.164673E-1
1.356625E+7,    4.757690E-1,    2.348022E-1
1.357250E+7,    4.908752E-1,    1.477356E-1
1.357875E+7,    4.876099E-1,    6.369019E-2
1.358500E+7,    4.649506E-1,    -1.316833E-2
1.359125E+7,    4.275665E-1,    -7.783508E-2
1.359750E+7,    3.811340E-1,    -1.285858E-1
1.360375E+7,    3.307037E-1,    -1.631927E-1
1.361000E+7,    2.807922E-1,    -1.848602E-1
1.361625E+7,    2.342377E-1,    -1.949768E-1
1.362250E+7,    1.933289E-1,    -1.968231E-1
1.362875E+7,    1.575012E-1,    -1.933746E-1
1.363500E+7,    1.278992E-1,    -1.864319E-1
1.364125E+7,    1.033630E-1,    -1.766815E-1
1.364750E+7,    8.264160E-2,    -1.664124E-1
1.365375E+7,    6.593323E-2,    -1.557312E-1
1.366000E+7,    5.265808E-2,    -1.449432E-1
1.366625E+7,    4.132080E-2,    -1.351166E-1
1.367250E+7,    3.259277E-2,    -1.253510E-1
1.367875E+7,    2.497864E-2,    -1.167297E-1
1.368500E+7,    1.937103E-2,    -1.083145E-1
1.369125E+7,    1.431274E-2,    -1.006699E-1
1.369750E+7,    1.035309E-2,    -9.380341E-2
1.370375E+7,    6.706238E-3,    -8.712769E-2
1.371000E+7,    4.150391E-3,    -8.125305E-2
1.371625E+7,    2.067566E-3,    -7.581329E-2
1.372250E+7,    1.983643E-4,    -7.102203E-2
1.372875E+7,    -1.220703E-3,    -6.663513E-2
1.373500E+7,    -2.441406E-3,    -6.257629E-2
1.374125E+7,    -3.318787E-3,    -5.873871E-2
1.374750E+7,    -4.234314E-3,    -5.535889E-2
1.375375E+7,    -4.890442E-3,    -5.215836E-2
1.376000E+7,    -5.405426E-3,    -4.931259E-2
1.376625E+7,    -5.786896E-3,    -4.656982E-2
1.377250E+7,    -6.149292E-3,    -4.411316E-2
1.377875E+7,    -6.427765E-3,    -4.185104E-2
1.378500E+7,    -6.668091E-3,    -3.969193E-2
1.379125E+7,    -6.805420E-3,    -3.772736E-2
1.379750E+7,    -6.931305E-3,    -3.588867E-2
1.380375E+7,    -7.015228E-3,    -3.418350E-2
1.381000E+7,    -7.049561E-3,    -3.255463E-2
1.381625E+7,    -7.015228E-3,    -3.106308E-2
1.382250E+7,    -6.996155E-3,    -2.968979E-2
1.382875E+7,    -7.072449E-3,    -2.844238E-2
1.383500E+7,    -7.003784E-3,    -2.720642E-2
1.384125E+7,    -6.942749E-3,    -2.608871E-2
1.384750E+7,    -6.889343E-3,    -2.495193E-2
1.385375E+7,    -6.822586E-3,    -2.398491E-2
1.386000E+7,    -6.746292E-3,    -2.304077E-2
1.386625E+7,    -6.694794E-3,    -2.215004E-2
1.387250E+7,    -6.603241E-3,    -2.132988E-2
1.387875E+7,    -6.496429E-3,    -2.055740E-2
1.388500E+7,    -6.404877E-3,    -1.978111E-2
1.389125E+7,    -6.338120E-3,    -1.909828E-2
1.389750E+7,    -6.252289E-3,    -1.841927E-2
1.390375E+7,    -6.193161E-3,    -1.780891E-2
1.391000E+7,    -6.042480E-3,    -1.717377E-2
1.391625E+7,    -5.979538E-3,    -1.661110E-2
1.392250E+7,    -5.882263E-3,    -1.605606E-2
1.392875E+7,    -5.804062E-3,    -1.554680E-2
1.393500E+7,    -5.702972E-3,    -1.505280E-2
1.394125E+7,    -5.615234E-3,    -1.460648E-2
1.394750E+7,    -5.523682E-3,    -1.415062E-2
1.395375E+7,    -5.430222E-3,    -1.372719E-2
1.396000E+7,    -5.369186E-3,    -1.334190E-2
1.396625E+7,    -5.277634E-3,    -1.292801E-2
1.397250E+7,    -5.199432E-3,    -1.258659E-2
1.397875E+7,    -5.113602E-3,    -1.224136E-2
1.398500E+7,    -5.041122E-3,    -1.188278E-2
1.399125E+7,    -4.966736E-3,    -1.157188E-2
1.399750E+7,    -4.896164E-3,    -1.126671E-2
1.400375E+7,    -4.830360E-3,    -1.097965E-2
1.401000E+7,    -4.751205E-3,    -1.071072E-2
1.401625E+7,    -4.676819E-3,    -1.042557E-2
1.402250E+7,    -4.593849E-3,    -1.016998E-2
1.402875E+7,    -4.554749E-3,    -9.875298E-3
1.403500E+7,    -4.496574E-3,    -9.695053E-3
1.404125E+7,    -4.431725E-3,    -9.474754E-3
1.404750E+7,    -4.332542E-3,    -9.228706E-3
1.405375E+7,    -4.298210E-3,    -9.037971E-3
1.406000E+7,    -4.216194E-3,    -8.833885E-3
1.406625E+7,    -4.163742E-3,    -8.625984E-3
1.407250E+7,    -4.134655E-3,    -8.465767E-3
1.407875E+7,    -4.076958E-3,    -8.280754E-3
1.408500E+7,    -4.050732E-3,    -8.090973E-3
1.409125E+7,    -3.971577E-3,    -7.936001E-3
1.409750E+7,    -3.926277E-3,    -7.774830E-3
1.410375E+7,    -3.900051E-3,    -7.608891E-3
1.411000E+7,    -3.835678E-3,    -7.453918E-3
1.411625E+7,    -3.774643E-3,    -7.354736E-3
1.412250E+7,    -3.760815E-3,    -7.203579E-3
1.412875E+7,    -3.713608E-3,    -7.029057E-3
1.413500E+7,    -3.659725E-3,    -6.946564E-3
1.414125E+7,    -3.637791E-3,    -6.833076E-3
1.414750E+7,    -3.588200E-3,    -6.709099E-3
1.415375E+7,    -3.583908E-3,    -6.588936E-3
1.416000E+7,    -3.518581E-3,    -6.495476E-3
1.416625E+7,    -3.480434E-3,    -6.380558E-3
1.417250E+7,    -3.462791E-3,    -6.265163E-3
1.417875E+7,    -3.420353E-3,    -6.149292E-3
1.418500E+7,    -3.372192E-3,    -6.062031E-3
1.419125E+7,    -3.374100E-3,    -5.984783E-3
1.419750E+7,    -3.324032E-3,    -5.911350E-3
1.420375E+7,    -3.303051E-3,    -5.802155E-3
1.421000E+7,    -3.296852E-3,    -5.729675E-3
1.421625E+7,    -3.251553E-3,    -5.647182E-3
1.422250E+7,    -3.230572E-3,    -5.537033E-3
1.422875E+7,    -3.204346E-3,    -5.498886E-3
1.423500E+7,    -3.161907E-3,    -5.404949E-3
1.424125E+7,    -3.174782E-3,    -5.357265E-3
1.424750E+7,    -3.139019E-3,    -5.273819E-3
1.425375E+7,    -3.144264E-3,    -5.205154E-3
1.426000E+7,    -3.101826E-3,    -5.149841E-3
1.426625E+7,    -3.098965E-3,    -5.093098E-3
1.427250E+7,    -3.081322E-3,    -5.051136E-3
1.427875E+7,    -3.078461E-3,    -4.994869E-3
1.428500E+7,    -3.051758E-3,    -4.955769E-3
1.429125E+7,    -3.042936E-3,    -4.897833E-3
1.429750E+7,    -3.022671E-3,    -4.842758E-3
1.430375E+7,    -3.015041E-3,    -4.787445E-3
1.431000E+7,    -3.030777E-3,    -4.762650E-3
1.431625E+7,    -3.014803E-3,    -4.718781E-3
1.432250E+7,    -3.004074E-3,    -4.659653E-3
1.432875E+7,    -3.003120E-3,    -4.631281E-3
1.433500E+7,    -2.974749E-3,    -4.618406E-3
1.434125E+7,    -2.989531E-3,    -4.565477E-3
1.434750E+7,    -2.975702E-3,    -4.539013E-3
1.435375E+7,    -2.984047E-3,    -4.515409E-3
1.436000E+7,    -2.987623E-3,    -4.491091E-3
1.436625E+7,    -2.992153E-3,    -4.452944E-3
1.437250E+7,    -3.006220E-3,    -4.436255E-3
1.437875E+7,    -3.013611E-3,    -4.427910E-3
1.438500E+7,    -3.035069E-3,    -4.413605E-3
1.439125E+7,    -3.014088E-3,    -4.390955E-3
1.439750E+7,    -3.030539E-3,    -4.402876E-3
1.440375E+7,    -3.053188E-3,    -4.377127E-3
1.441000E+7,    -3.057003E-3,    -4.340887E-3
1.441625E+7,    -3.084183E-3,    -4.335403E-3
1.442250E+7,    -3.110409E-3,    -4.368305E-3
1.442875E+7,    -3.135920E-3,    -4.348993E-3
1.443500E+7,    -3.136873E-3,    -4.341602E-3
1.444125E+7,    -3.199100E-3,    -4.339218E-3
1.444750E+7,    -3.197193E-3,    -4.330873E-3
1.445375E+7,    -3.259897E-3,    -4.365683E-3
1.446000E+7,    -3.279686E-3,    -4.344225E-3
1.446625E+7,    -3.309011E-3,    -4.369497E-3
1.447250E+7,    -3.325701E-3,    -4.389524E-3
1.447875E+7,    -3.404140E-3,    -4.414082E-3
1.448500E+7,    -3.457546E-3,    -4.458427E-3
1.449125E+7,    -3.517866E-3,    -4.461050E-3
1.449750E+7,    -3.579617E-3,    -4.474640E-3
1.450375E+7,    -3.650188E-3,    -4.489899E-3
1.451000E+7,    -3.732681E-3,    -4.561424E-3
1.451625E+7,    -3.818512E-3,    -4.593372E-3
1.452250E+7,    -3.904819E-3,    -4.649639E-3
1.452875E+7,    -4.011631E-3,    -4.690647E-3
1.453500E+7,    -4.103184E-3,    -4.759312E-3
1.454125E+7,    -4.248619E-3,    -4.836559E-3
1.454750E+7,    -4.372597E-3,    -4.912853E-3
1.455375E+7,    -4.563808E-3,    -4.947662E-3
1.456000E+7,    -4.742146E-3,    -5.040169E-3
1.456625E+7,    -4.923344E-3,    -5.135536E-3
1.457250E+7,    -5.148888E-3,    -5.232811E-3
1.457875E+7,    -5.389214E-3,    -5.339146E-3
1.458500E+7,    -5.695820E-3,    -5.416393E-3
1.459125E+7,    -6.011486E-3,    -5.552292E-3
1.459750E+7,    -6.376743E-3,    -5.664825E-3
1.460375E+7,    -6.810665E-3,    -5.823135E-3
1.461000E+7,    -7.328987E-3,    -5.939484E-3
1.461625E+7,    -7.936478E-3,    -6.042004E-3
1.462250E+7,    -8.644581E-3,    -6.158829E-3
1.462875E+7,    -9.511471E-3,    -6.237507E-3
1.463500E+7,    -1.056290E-2,    -6.210327E-3
1.464125E+7,    -1.183701E-2,    -6.052017E-3
1.464750E+7,    -1.334572E-2,    -5.742073E-3
1.465375E+7,    -1.521111E-2,    -4.974365E-3
1.466000E+7,    -1.731586E-2,    -3.568649E-3
1.466625E+7,    -1.947117E-2,    -1.264572E-3
1.467250E+7,    -2.108955E-2,    2.381325E-3
1.467875E+7,    -2.132797E-2,    7.191658E-3
1.468500E+7,    -1.924896E-2,    1.211548E-2
1.469125E+7,    -1.515961E-2,    1.564789E-2
1.469750E+7,    -1.046658E-2,    1.687050E-2
1.470375E+7,    -6.413460E-3,    1.624393E-2
1.471000E+7,    -3.479481E-3,    1.480198E-2
1.471625E+7,    -1.572132E-3,    1.311731E-2
1.472250E+7,    -3.437996E-4,    1.150990E-2
1.472875E+7,    4.196167E-4,    1.012468E-2
1.473500E+7,    8.745193E-4,    8.935928E-3
1.474125E+7,    1.169682E-3,    7.904053E-3
1.474750E+7,    1.362324E-3,    7.031918E-3
1.475375E+7,    1.413345E-3,    6.301880E-3
1.476000E+7,    1.433611E-3,    5.669355E-3
1.476625E+7,    1.445532E-3,    5.143642E-3
1.477250E+7,    1.441717E-3,    4.711628E-3
1.477875E+7,    1.379490E-3,    4.305840E-3
1.478500E+7,    1.352310E-3,    3.917456E-3
1.479125E+7,    1.317024E-3,    3.625631E-3
1.479750E+7,    1.270771E-3,    3.371000E-3
1.480375E+7,    1.217842E-3,    3.130674E-3
1.481000E+7,    1.153231E-3,    2.876282E-3
1.481625E+7,    1.123786E-3,    2.678394E-3
1.482250E+7,    1.081586E-3,    2.496004E-3
1.482875E+7,    1.028538E-3,    2.381206E-3
1.483500E+7,    9.964705E-4,    2.206445E-3
1.484125E+7,    9.440184E-4,    2.059221E-3
1.484750E+7,    9.001493E-4,    1.914501E-3
1.485375E+7,    8.587837E-4,    1.831174E-3
1.486000E+7,    8.181334E-4,    1.750469E-3
1.486625E+7,    8.156300E-4,    1.660705E-3
1.487250E+7,    7.635355E-4,    1.545548E-3
1.487875E+7,    7.402897E-4,    1.482129E-3
1.488500E+7,    7.108450E-4,    1.378417E-3
1.489125E+7,    6.839633E-4,    1.316130E-3
1.489750E+7,    6.517172E-4,    1.245677E-3
1.490375E+7,    6.292462E-4,    1.191914E-3
1.491000E+7,    6.096363E-4,    1.137376E-3
1.491625E+7,    5.847812E-4,    1.056015E-3
1.492250E+7,    5.506873E-4,    1.036882E-3
1.492875E+7,    5.220175E-4,    9.773970E-4
1.493500E+7,    5.273223E-4,    9.319782E-4
1.494125E+7,    4.969835E-4,    9.087324E-4
1.494750E+7,    4.707575E-4,    8.403063E-4
1.495375E+7,    4.636049E-4,    8.240342E-4
1.496000E+7,    4.494190E-4,    7.853508E-4
1.496625E+7,    4.131794E-4,    7.395148E-4
1.497250E+7,    4.247427E-4,    7.110238E-4
1.497875E+7,    3.960133E-4,    6.715059E-4
1.498500E+7,    3.908277E-4,    6.635189E-4
1.499125E+7,    3.632903E-4,    6.181598E-4
1.499750E+7,    3.514290E-4,    6.182194E-4
1.500375E+7,    3.407001E-4,    5.798042E-4
1.501000E+7,    3.399253E-4,    5.564690E-4
1.501625E+7,    3.270507E-4,    5.494356E-4
1.502250E+7,    3.059804E-4,    5.351007E-4
1.502875E+7,    2.940297E-4,    5.186498E-4
1.503500E+7,    2.920330E-4,    4.670322E-4
1.504125E+7,    2.782345E-4,    4.598498E-4
1.504750E+7,    2.767146E-4,    4.593134E-4
1.505375E+7,    2.619326E-4,    4.303753E-4
1.506000E+7,    2.512336E-4,    3.997386E-4
1.506625E+7,    2.532303E-4,    4.052520E-4
1.507250E+7,    2.392232E-4,    3.912747E-4
1.507875E+7,    2.422333E-4,    3.529191E-4
1.508500E+7,    2.282560E-4,    3.675818E-4
1.509125E+7,    2.116263E-4,    3.748536E-4
1.509750E+7,    2.060235E-4,    3.077090E-4
1.510375E+7,    1.899600E-4,    3.305078E-4
1.511000E+7,    1.898706E-4,    3.151298E-4
1.511625E+7,    1.933277E-4,    2.918690E-4
1.512250E+7,    1.858920E-4,    2.847314E-4
1.512875E+7,    1.680106E-4,    2.852678E-4
1.513500E+7,    1.667142E-4,    2.398789E-4
1.514125E+7,    1.679361E-4,    2.471954E-4
1.514750E+7,    1.642853E-4,    2.394617E-4
1.515375E+7,    1.569390E-4,    2.249628E-4
1.516000E+7,    1.504570E-4,    2.250373E-4
1.516625E+7,    1.361966E-4,    2.259761E-4
1.517250E+7,    1.359284E-4,    2.106726E-4
1.517875E+7,    1.382232E-4,    2.322793E-4
1.518500E+7,    1.569986E-4,    2.233386E-4
1.519125E+7,    1.200587E-4,    1.741201E-4
1.519750E+7,    1.307875E-4,    2.029389E-4
1.520375E+7,    1.264960E-4,    1.881123E-4
1.521000E+7,    1.272559E-4,    1.507401E-4
1.521625E+7,    1.027584E-4,    1.609474E-4
1.522250E+7,    1.112670E-4,    1.609772E-4
1.522875E+7,    8.177757E-5,    1.638383E-4
1.523500E+7,    1.248419E-4,    1.736879E-4
1.524125E+7,    9.526312E-5,    1.691282E-4
1.524750E+7,    1.063496E-4,    1.604855E-4
1.525375E+7,    1.057535E-4,    1.531392E-4
1.526000E+7,    9.422749E-5,    1.166314E-4
1.526625E+7,    7.581711E-5,    1.424924E-4
1.527250E+7,    1.062304E-4,    1.081601E-4
1.527875E+7,    7.811189E-5,    1.198277E-4
1.528500E+7,    1.063198E-4,    1.240894E-4
1.529125E+7,    8.287281E-5,    1.199171E-4
1.529750E+7,    6.942451E-5,    1.293868E-4
1.530375E+7,    6.085634E-5,    1.226664E-4
1.531000E+7,    5.564094E-5,    1.083240E-4
1.531625E+7,    7.796288E-5,    1.042113E-4
1.532250E+7,    7.803738E-5,    1.264662E-4
1.532875E+7,    5.438924E-5,    1.222715E-4
1.533500E+7,    6.102771E-5,    1.077801E-4
1.534125E+7,    6.695092E-5,    9.158254E-5
1.534750E+7,    4.856288E-5,    9.542704E-5
1.535375E+7,    6.402284E-5,    1.166686E-4
1.536000E+7,    5.545467E-5,    9.993464E-5
1.536625E+7,    4.968792E-5,    1.093224E-4
1.537250E+7,    7.977337E-5,    1.116842E-4
1.537875E+7,    5.843490E-5,    8.255988E-5
1.538500E+7,    7.002056E-5,    9.062141E-5
1.539125E+7,    4.776195E-5,    6.859004E-5
1.539750E+7,    5.239993E-5,    6.791577E-5
1.540375E+7,    5.291402E-5,    6.219000E-5
1.541000E+7,    4.546717E-5,    4.670396E-5
1.541625E+7,    2.634525E-5,    2.733432E-5
1.542250E+7,    2.425537E-5,    7.260218E-5
1.542875E+7,    3.704056E-5,    5.823374E-5
1.543500E+7,    5.174428E-5,    5.305558E-5
1.544125E+7,    3.364310E-5,    5.371124E-5
1.544750E+7,    6.393343E-5,    2.954155E-5
1.545375E+7,    4.418194E-5,    7.921457E-5
1.546000E+7,    3.591552E-5,    3.714487E-5
1.546625E+7,    1.994893E-5,    4.699454E-5
1.547250E+7,    3.437325E-5,    3.533438E-5
1.547875E+7,    4.395843E-5,    4.145503E-5
1.548500E+7,    9.607524E-6,    3.973022E-5
1.549125E+7,    3.659353E-5,    4.330277E-5
1.549750E+7,    2.623349E-5,    4.787371E-5
1.550375E+7,    2.145953E-5,    3.223307E-5
1.551000E+7,    3.938377E-5,    4.557893E-5
1.551625E+7,    4.045293E-5,    3.454089E-5
1.552250E+7,    2.419017E-5,    2.799928E-5
1.552875E+7,    3.360584E-5,    6.095320E-5
1.553500E+7,    3.184751E-5,    2.480485E-5
1.554125E+7,    2.909265E-5,    1.945719E-5
1.554750E+7,    1.961738E-5,    5.297363E-5
1.555375E+7,    3.149919E-5,    1.372024E-5
1.556000E+7,    4.259869E-5,    4.151464E-5
1.556625E+7,    8.158386E-7,    2.060551E-5
1.557250E+7,    1.440383E-5,    1.610070E-5
1.557875E+7,    9.479932E-6,    1.613796E-5
1.558500E+7,    7.696450E-6,    4.027970E-5
1.559125E+7,    2.744235E-5,    3.437139E-5
1.559750E+7,    1.873262E-5,    1.968257E-5
1.560375E+7,    1.862645E-5,    1.950376E-5
1.561000E+7,    2.127327E-5,    2.729893E-5
1.561625E+7,    9.926036E-6,    3.129803E-5
1.562250E+7,    1.374446E-5,    2.944656E-5
1.562875E+7,    1.277868E-5,    1.311395E-5
1.563500E+7,    1.358613E-5,    2.901815E-5
1.564125E+7,    3.819726E-5,    3.866851E-6
1.564750E+7,    9.726733E-6,    4.873145E-6
1.565375E+7,    2.569892E-5,    1.592748E-5
1.566000E+7,    1.454726E-5,    1.933239E-5
1.566625E+7,    7.548369E-6,    2.189353E-5
1.567250E+7,    2.323091E-5,    8.238479E-6
1.567875E+7,    1.117215E-5,    2.044812E-5
1.568500E+7,    5.061738E-6,    1.444668E-5
1.569125E+7,    2.569146E-5,    1.524575E-5
1.569750E+7,    1.395866E-5,    2.744794E-5
1.570375E+7,    -9.092502E-6,    1.956150E-5
1.571000E+7,    2.397038E-5,    -6.873161E-7
1.571625E+7,    3.558234E-6,    -1.320499E-6
1.572250E+7,    -1.158472E-5,    1.246016E-5
1.572875E+7,    8.905306E-6,    -1.958571E-5
1.573500E+7,    6.233808E-6,    5.748123E-6
1.574125E+7,    6.254762E-6,    5.689915E-6
1.574750E+7,    8.241273E-6,    2.120156E-5
1.575375E+7,    1.889281E-5,    1.699664E-5
1.576000E+7,    1.334213E-5,    2.858229E-6
1.576625E+7,    8.451752E-6,    2.114568E-5
1.577250E+7,    2.826098E-6,    7.034279E-6
1.577875E+7,    2.743863E-5,    -2.997927E-6
1.578500E+7,    9.899959E-6,    4.117843E-6
1.579125E+7,    2.316199E-6,    1.544598E-5
1.579750E+7,    -1.514051E-5,    2.271496E-5
1.580375E+7,    -3.483729E-6,    1.466251E-6
1.581000E+7,    -6.427523E-6,    -5.471054E-6
1.581625E+7,    6.928807E-6,    -2.969056E-6
1.582250E+7,    -3.000256E-6,    -6.913673E-6
1.582875E+7,    9.470619E-6,    1.227297E-5
1.583500E+7,    1.034420E-5,    -4.556496E-6
1.584125E+7,    3.810041E-6,    -9.952579E-6
1.584750E+7,    2.369843E-5,    -2.439134E-6
1.585375E+7,    -2.057943E-5,    9.278767E-6
1.586000E+7,    1.309160E-5,    1.056958E-5
1.586625E+7,    -1.393026E-5,    1.470977E-5
1.587250E+7,    2.892688E-6,    1.523271E-5
1.587875E+7,    -1.340639E-5,    -2.026558E-6
1.588500E+7,    -1.399498E-5,    2.319179E-5
1.589125E+7,    6.962102E-6,    -1.163874E-5
1.589750E+7,    4.386529E-7,    -2.516806E-5
1.590375E+7,    -3.374298E-6,    1.638429E-6
1.591000E+7,    -9.868294E-6,    -2.026465E-5
1.591625E+7,    8.475035E-8,    -8.391216E-6
1.592250E+7,    -6.692018E-6,    -5.048700E-6
1.592875E+7,    6.708317E-6,    1.339149E-5
1.593500E+7,    2.012588E-5,    6.626360E-6
1.594125E+7,    -3.336812E-6,    1.697685E-6
1.594750E+7,    1.688674E-5,    1.656823E-5
1.595375E+7,    1.362152E-5,    1.824461E-5
1.596000E+7,    3.443100E-6,    6.642193E-6
1.596625E+7,    -1.671724E-7,    -8.367468E-6
1.597250E+7,    1.984928E-5,    -1.052208E-5
1.597875E+7,    3.091060E-6,    -1.013093E-5
1.598500E+7,    1.293607E-5,    -1.543667E-5
1.599125E+7,    -5.781651E-6,    2.866331E-5
1.599750E+7,    -3.284658E-6,    1.794542E-6
1.600375E+7,    -4.105270E-5,    -1.058131E-4
1.601000E+7,    7.393211E-5,    -6.142259E-5
1.601625E+7,    -5.865470E-6,    -1.512095E-5
1.602250E+7,    -7.051602E-5,    -2.482906E-5
1.602875E+7,    -5.945563E-5,    -7.428229E-6
1.603500E+7,    -2.782419E-5,    6.305054E-5
1.604125E+7,    2.803281E-6,    5.769171E-5
1.604750E+7,    1.171790E-5,    3.025867E-5
1.605375E+7,    7.081777E-5,    -1.318529E-4
1.606000E+7,    -4.135072E-7,    -6.289780E-5
1.606625E+7,    -7.071346E-5,    8.167699E-5
1.607250E+7,    -3.392994E-5,    -1.217425E-4
1.607875E+7,    -4.108995E-5,    6.183982E-7
1.608500E+7,    6.556511E-7,    6.939471E-5
1.609125E+7,    -2.489239E-5,    1.835749E-4
1.609750E+7,    -2.451986E-5,    -8.625537E-5
1.610375E+7,    2.913177E-6,    7.573515E-6
1.611000E+7,    -1.793057E-4,    -4.179031E-5
1.611625E+7,    -7.343665E-5,    8.039549E-5
1.612250E+7,    1.248270E-4,    -2.623349E-5
1.612875E+7,    1.282105E-5,    -5.871989E-7
1.613500E+7,    7.621944E-6,    -5.944073E-5
1.614125E+7,    3.093481E-5,    -5.535036E-5
1.614750E+7,    4.395843E-5,    6.354600E-5
1.615375E+7,    4.578382E-5,    -1.101382E-5
1.616000E+7,    1.466833E-6,    -2.447702E-5
1.616625E+7,    1.049181E-5,    4.686881E-6
1.617250E+7,    -1.724530E-5,    1.745205E-5
1.617875E+7,    -1.008064E-5,    -5.484745E-5
1.618500E+7,    7.820874E-5,    8.530170E-5
1.619125E+7,    1.678057E-5,    3.268756E-5
1.619750E+7,    2.346374E-5,    -5.239062E-5
1.620375E+7,    3.458932E-5,    2.809986E-5
1.621000E+7,    -2.638809E-5,    4.481152E-5
1.621625E+7,    -5.660579E-6,    4.781224E-5
1.622250E+7,    -3.968179E-5,    -8.700043E-5
1.622875E+7,    7.045455E-6,    -1.571327E-5
1.623500E+7,    -5.682744E-5,    -6.569549E-6
1.624125E+7,    -1.056492E-5,    -6.766990E-5
1.624750E+7,    2.512522E-5,    -1.390837E-5
1.625375E+7,    -6.343424E-5,    -1.040474E-4
1.626000E+7,    3.117695E-5,    -1.118109E-4
1.626625E+7,    -4.238263E-5,    9.429827E-5
1.627250E+7,    4.111230E-5,    -4.302710E-7
1.627875E+7,    -3.501400E-5,    8.493662E-5
1.628500E+7,    8.886680E-6,    -3.378466E-5
1.629125E+7,    1.858920E-5,    -4.833750E-5
1.629750E+7,    4.611537E-5,    5.853176E-5
1.630375E+7,    -2.645329E-5,    1.077540E-4
1.631000E+7,    2.882071E-5,    1.296587E-5
1.631625E+7,    4.505552E-5,    -3.008731E-5
1.632250E+7,    -1.259819E-4,    -3.725290E-8
1.632875E+7,    -2.697669E-5,    3.191270E-5
1.633500E+7,    -1.389608E-4,    -6.124377E-6
1.634125E+7,    3.378280E-5,    8.925796E-6
1.634750E+7,    -9.894744E-5,    3.092363E-5
1.635375E+7,    -6.933510E-5,    -6.271899E-5
1.636000E+7,    -3.139861E-5,    -1.418963E-5
1.636625E+7,    6.113946E-5,    1.158267E-4
1.637250E+7,    -7.240847E-5,    5.553290E-5
1.637875E+7,    1.857430E-5,    1.468882E-5
1.638500E+7,    -4.756078E-5,    9.825453E-5
1.639125E+7,    -8.709356E-5,    7.419288E-5
1.639750E+7,    -1.049787E-5,    1.277030E-4
1.640375E+7,    3.738329E-6,    -3.616326E-5
1.641000E+7,    -7.431954E-5,    -5.891174E-5
1.641625E+7,    3.488362E-5,    1.040995E-4
1.642250E+7,    -3.951229E-5,    -2.420880E-5
1.642875E+7,    7.415563E-5,    -1.054257E-5
1.643500E+7,    -3.393739E-5,    -1.478493E-4
1.644125E+7,    -3.356673E-5,    -2.563000E-6
1.644750E+7,    -8.116663E-5,    -3.688037E-5
1.645375E+7,    -3.378466E-5,    -9.005889E-6
1.646000E+7,    -2.714619E-5,    -3.754348E-5
1.646625E+7,    -2.997182E-5,    2.429727E-5
1.647250E+7,    -9.413064E-5,    -1.122952E-4
1.647875E+7,    3.307126E-5,    -1.024269E-5
1.648500E+7,    2.375804E-6,    -5.232403E-6
1.649125E+7,    3.519654E-5,    4.759803E-5
1.649750E+7,    -4.754402E-7,    -1.285970E-5
1.650375E+7,    7.856172E-6,    3.574416E-6
1.651000E+7,    5.197898E-5,    -5.855039E-5
1.651625E+7,    -2.811383E-5,    6.166287E-6
1.652250E+7,    -3.849715E-5,    -6.813183E-5
1.652875E+7,    -1.847595E-4,    1.624972E-4
1.653500E+7,    5.627051E-5,    -8.194149E-5
1.654125E+7,    -5.378202E-5,    -6.243214E-5
1.654750E+7,    2.302695E-7,    6.431947E-6
1.655375E+7,    -1.093931E-5,    -1.763646E-5
1.656000E+7,    -1.751631E-5,    -5.862117E-5
1.656625E+7,    2.813619E-5,    -6.149523E-6
1.657250E+7,    -1.744926E-5,    -1.282468E-4
1.657875E+7,    6.239861E-5,    1.583248E-5
1.658500E+7,    -5.261600E-5,    -3.038347E-5
1.659125E+7,    -6.006658E-5,    -9.720027E-5
1.659750E+7,    -3.712624E-5,    -2.961606E-5
1.660375E+7,    2.242625E-5,    -1.734197E-4
1.661000E+7,    -5.714595E-5,    -1.351908E-5
1.661625E+7,    -1.405552E-5,    -1.078323E-4
1.662250E+7,    -4.193187E-5,    5.681999E-5
1.662875E+7,    -1.360551E-4,    -5.603582E-5
1.663500E+7,    -9.036437E-5,    -3.345311E-6
1.664125E+7,    6.116927E-6,    -4.797988E-5
1.664750E+7,    -6.259978E-5,    -9.850413E-5
1.665375E+7,    2.684444E-5,    3.135763E-5
1.666000E+7,    -8.795410E-5,    2.260879E-4
1.666625E+7,    -5.175732E-5,    -4.714355E-6
1.667250E+7,    -1.543760E-5,    -7.689744E-5
1.667875E+7,    -5.018711E-5,    -3.576651E-5
1.668500E+7,    5.435571E-5,    5.988404E-6
1.669125E+7,    5.565584E-6,    9.130314E-5
1.669750E+7,    -5.879998E-5,    1.737475E-5
1.670375E+7,    -1.718104E-4,    -2.060235E-4
1.671000E+7,    1.080334E-5,    -6.486848E-5
1.671625E+7,    1.030713E-4,    -8.594990E-5
1.672250E+7,    7.073209E-5,    3.253296E-5
1.672875E+7,    1.773890E-5,    -1.090299E-5
1.673500E+7,    1.270026E-4,    9.662658E-5
1.674125E+7,    4.916079E-5,    3.596768E-6
1.674750E+7,    -1.411699E-5,    4.436076E-5
1.675375E+7,    -3.681891E-5,    5.933084E-5
1.676000E+7,    -9.867828E-6,    1.450907E-5
1.676625E+7,    -6.696954E-5,    7.279217E-6
1.677250E+7,    -4.015863E-5,    -4.396588E-5
1.677875E+7,    -5.233847E-5,    5.849451E-5
1.678500E+7,    -2.785865E-5,    1.895241E-5
1.679125E+7,    -4.134327E-5,    -4.097819E-8
1.679750E+7,    -3.505126E-5,    -4.804879E-5
1.680375E+7,    7.545948E-5,    -6.686151E-5
1.681000E+7,    2.364069E-5,    1.000389E-4
1.681625E+7,    -2.740324E-5,    -5.088001E-5
1.682250E+7,    8.709729E-6,    -5.325675E-5
1.682875E+7,    -1.758710E-5,    1.734030E-5
1.683500E+7,    -8.642673E-7,    5.686283E-5
1.684125E+7,    1.927465E-5,    4.079379E-5
1.684750E+7,    2.098083E-5,    9.704381E-6
1.685375E+7,    6.336719E-6,    -4.804321E-5
1.686000E+7,    -1.386181E-5,    5.727075E-5
1.686625E+7,    -5.377829E-5,    1.088679E-4
1.687250E+7,    2.996065E-6,    1.413655E-5
1.687875E+7,    -1.649745E-5,    -3.314018E-5
1.688500E+7,    9.167939E-6,    4.884601E-5
1.689125E+7,    4.345924E-5,    -1.802668E-5
1.689750E+7,    1.464412E-5,    -3.144331E-5
1.690375E+7,    -6.069243E-5,    -4.098937E-5
1.691000E+7,    -6.197393E-5,    -8.631498E-5
1.691625E+7,    2.551824E-5,    -1.029000E-4
1.692250E+7,    -3.991649E-6,    4.281104E-5
1.692875E+7,    2.438575E-5,    -1.417249E-4
1.693500E+7,    -7.304922E-5,    7.447600E-5
1.694125E+7,    -5.748868E-5,    -2.053231E-4
1.694750E+7,    1.268089E-4,    -9.411573E-5
1.695375E+7,    1.760200E-5,    -1.131371E-4
1.696000E+7,    1.069829E-4,    -6.503984E-5
1.696625E+7,    1.031086E-4,    -1.572073E-5
1.697250E+7,    -6.417185E-5,    2.111867E-5
1.697875E+7,    -7.297471E-5,    -1.490489E-5
1.698500E+7,    4.443526E-5,    -1.838505E-4
1.699125E+7,    6.049871E-5,    3.471598E-5
1.699750E+7,    -5.377829E-5,    2.600066E-5
1.700375E+7,    -3.907084E-5,    1.926795E-4
1.701000E+7,    -2.077073E-4,    -1.097769E-4
1.701625E+7,    -8.573383E-5,    -1.040623E-4
1.702250E+7,    4.982948E-5,    -1.750141E-4
1.702875E+7,    -7.275492E-5,    -1.043975E-4
1.703500E+7,    2.429262E-4,    -1.294315E-4
1.704125E+7,    -4.165992E-5,    9.561330E-5
1.704750E+7,    3.021583E-5,    6.535277E-5
1.705375E+7,    1.591071E-5,    1.385715E-5
1.706000E+7,    1.052469E-4,    6.216764E-5
1.706625E+7,    9.771809E-5,    -3.103539E-5
1.707250E+7,    -2.757646E-5,    3.828853E-5
1.707875E+7,    2.603233E-5,    1.082569E-4
1.708500E+7,    -7.656217E-5,    5.371869E-5
1.709125E+7,    -1.140982E-4,    -1.048073E-4
1.709750E+7,    1.705512E-4,    -2.877414E-5
1.710375E+7,    -9.302050E-6,    -6.206706E-5
1.711000E+7,    -5.263835E-6,    1.064800E-4
1.711625E+7,    8.637086E-6,    3.612414E-5
1.712250E+7,    -3.628433E-5,    -1.068339E-4
1.712875E+7,    3.597699E-5,    -1.513027E-5
1.713500E+7,    -4.183315E-5,    -1.326203E-5
1.714125E+7,    -3.085472E-5,    1.112558E-5
1.714750E+7,    -1.497660E-5,    2.501253E-5
1.715375E+7,    2.918392E-5,    2.657622E-5
1.716000E+7,    -3.153272E-5,    -1.483038E-5
1.716625E+7,    -1.190230E-6,    -5.189516E-5
1.717250E+7,    2.932735E-6,    1.420174E-5
1.717875E+7,    1.762342E-5,    -2.378039E-5
1.718500E+7,    2.919324E-5,    2.662092E-5
1.719125E+7,    -1.328066E-6,    5.710684E-5
1.719750E+7,    2.484582E-5,    -5.251355E-5
1.720375E+7,    2.009422E-5,    8.660927E-5
1.721000E+7,    -1.882948E-5,    -2.817251E-5
1.721625E+7,    1.809001E-5,    -4.305504E-6
1.722250E+7,    -4.060566E-7,    -1.948513E-5
1.722875E+7,    2.364069E-5,    1.118332E-5
1.723500E+7,    1.108870E-4,    -3.746152E-5
1.724125E+7,    -5.198270E-5,    1.168400E-4
1.724750E+7,    2.832059E-5,    -1.230836E-5
1.725375E+7,    5.038455E-5,    4.959852E-5
1.726000E+7,    -8.090213E-5,    -1.253560E-5
1.726625E+7,    1.051836E-5,    4.970469E-6
1.727250E+7,    2.350472E-5,    4.703179E-6
1.727875E+7,    1.355074E-5,    2.572872E-5
1.728500E+7,    6.625056E-5,    5.717576E-5
1.729125E+7,    4.909374E-5,    -1.536310E-5
1.729750E+7,    -3.953278E-5,    -2.519041E-5
1.730375E+7,    -3.015995E-5,    1.789108E-4
1.731000E+7,    -1.078174E-4,    -5.750358E-5
1.731625E+7,    4.363805E-5,    -3.083609E-5
1.732250E+7,    -2.191961E-5,    7.333234E-5
1.732875E+7,    4.230067E-6,    -4.950352E-5
1.733500E+7,    2.404861E-5,    3.076345E-5
1.734125E+7,    2.668612E-5,    3.200024E-5
1.734750E+7,    -1.113489E-5,    9.131804E-5
1.735375E+7,    -1.588836E-5,    -1.400243E-5
1.736000E+7,    1.010373E-4,    -2.268329E-5
1.736625E+7,    -7.324293E-5,    1.134127E-4
1.737250E+7,    4.287064E-5,    -6.974488E-5
1.737875E+7,    -1.398474E-4,    4.315376E-5
1.738500E+7,    1.395121E-5,    -8.359179E-5
1.739125E+7,    -5.070120E-5,    -6.289035E-5
1.739750E+7,    2.772361E-5,    9.064004E-5
1.740375E+7,    5.318969E-5,    5.760416E-5
1.741000E+7,    1.149997E-4,    1.602620E-5
1.741625E+7,    7.400289E-6,    -2.230518E-5
1.742250E+7,    -2.019107E-6,    3.132038E-5
1.742875E+7,    -4.123896E-6,    -7.944182E-5
1.743500E+7,    3.883801E-5,    -1.375563E-5
1.744125E+7,    2.164394E-6,    -2.481136E-5
1.744750E+7,    -3.181584E-5,    -2.810173E-5
1.745375E+7,    -5.450845E-5,    -1.293495E-4
1.746000E+7,    -6.069988E-5,    -4.192442E-5
1.746625E+7,    4.428066E-5,    -4.690140E-6
1.747250E+7,    -8.765608E-6,    -5.593523E-5
1.747875E+7,    4.786998E-5,    -9.341165E-5
1.748500E+7,    4.079752E-5,    -5.158782E-5
1.749125E+7,    -1.030089E-5,    8.000527E-6
1.749750E+7,    5.197711E-5,    -1.393817E-5
1.750375E+7,    1.244247E-6,    7.173046E-5
1.751000E+7,    -7.074326E-6,    -1.068972E-4
1.751625E+7,    -7.575750E-5,    -3.933907E-6
1.752250E+7,    -4.682690E-5,    9.903684E-6
1.752875E+7,    1.875311E-5,    2.841465E-5
1.753500E+7,    -4.574284E-5,    -8.017942E-5
1.754125E+7,    2.042856E-5,    -2.904516E-5
1.754750E+7,    -5.476549E-5,    6.148592E-6
1.755375E+7,    -1.985207E-5,    6.169453E-5
1.756000E+7,    6.448850E-5,    -4.673377E-5
1.756625E+7,    6.227940E-5,    -2.191588E-5
1.757250E+7,    3.345683E-5,    -2.925657E-5
1.757875E+7,    -7.273629E-5,    2.329051E-5
1.758500E+7,    1.318529E-4,    -9.214133E-5
1.759125E+7,    2.642907E-5,    1.917407E-5
1.759750E+7,    -5.890802E-5,    7.535890E-5
1.760375E+7,    6.123632E-5,    7.474422E-5
1.761000E+7,    6.545335E-6,    -8.762628E-5
1.761625E+7,    -7.881969E-5,    1.500845E-4
1.762250E+7,    4.199520E-5,    1.378357E-5
1.762875E+7,    8.379295E-5,    1.441315E-5
1.763500E+7,    -3.112108E-5,    1.741014E-5
1.764125E+7,    -2.314430E-5,    2.778601E-5
1.764750E+7,    3.722310E-5,    -1.377240E-4
1.765375E+7,    7.607043E-5,    1.719594E-5
1.766000E+7,    -4.636496E-5,    4.900619E-5
1.766625E+7,    -4.093349E-5,    6.465614E-5
1.767250E+7,    5.088281E-6,    -1.053372E-5
1.767875E+7,    -2.959371E-5,    -5.979836E-5
1.768500E+7,    1.053326E-5,    5.093403E-6
1.769125E+7,    -1.389533E-6,    9.025261E-5
1.769750E+7,    -5.372614E-5,    -1.039281E-4
1.770375E+7,    -6.239861E-6,    -7.446855E-5
1.771000E+7,    4.169159E-5,    -1.229718E-5
1.771625E+7,    1.028180E-5,    1.933873E-4
1.772250E+7,    -3.906898E-5,    1.356006E-5
1.772875E+7,    -7.125735E-5,    -4.744157E-5
1.773500E+7,    4.414655E-5,    -2.415478E-5
1.774125E+7,    -3.405660E-5,    -3.501773E-6
1.774750E+7,    1.139492E-4,    1.136288E-4
1.775375E+7,    -4.824251E-5,    1.197420E-4
1.776000E+7,    1.974404E-5,    1.201481E-4
1.776625E+7,    1.787953E-5,    -3.688224E-5
1.777250E+7,    2.339575E-5,    -1.466833E-5
1.777875E+7,    -8.652732E-5,    -9.417534E-6
1.778500E+7,    -4.933029E-5,    3.465265E-5
1.779125E+7,    1.035184E-4,    -9.933487E-5
1.779750E+7,    -3.696419E-5,    -2.443232E-5
1.780375E+7,    -2.444908E-5,    -7.696450E-5
1.781000E+7,    -2.317131E-6,    2.487656E-5
1.781625E+7,    4.284084E-6,    -8.254871E-5
1.782250E+7,    -2.249330E-5,    9.321049E-5
1.782875E+7,    6.044656E-5,    2.287328E-5
1.783500E+7,    -8.922070E-6,    -9.553507E-5
1.784125E+7,    -5.807728E-6,    -4.843436E-5
1.784750E+7,    2.041273E-5,    -4.873611E-5
1.785375E+7,    7.041171E-5,    -3.088638E-5
1.786000E+7,    -1.011714E-4,    1.005456E-4
1.786625E+7,    2.086163E-7,    1.966115E-5
1.787250E+7,    3.146008E-5,    2.289191E-6
1.787875E+7,    8.107163E-6,    2.348889E-5
1.788500E+7,    -7.936358E-5,    -7.127970E-5
1.789125E+7,    3.133155E-5,    -1.081638E-5
1.789750E+7,    -7.709488E-6,    1.582503E-5
1.790375E+7,    -1.203269E-4,    3.918633E-5
1.791000E+7,    -1.253374E-5,    5.913153E-5
1.791625E+7,    1.260452E-5,    -5.257688E-5
1.792250E+7,    1.804344E-5,    -3.033690E-5
1.792875E+7,    2.628565E-5,    6.299466E-6
1.793500E+7,    -3.423356E-5,    -1.672842E-5
1.794125E+7,    -1.085997E-4,    -9.211153E-5
1.794750E+7,    1.778081E-5,    -6.971136E-5
1.795375E+7,    -1.762062E-5,    8.938089E-5
1.796000E+7,    1.356378E-5,    5.242974E-5
1.796625E+7,    9.978190E-6,    -6.046519E-5
1.797250E+7,    -5.387701E-6,    -1.570676E-5
1.797875E+7,    -3.707781E-5,    -4.431978E-5
1.798500E+7,    4.826114E-6,    -4.990585E-5
1.799125E+7,    -2.368260E-5,    -5.028211E-6
1.799750E+7,    5.119480E-6,    -1.711491E-5
1.800375E+7,    2.587773E-5,    -5.276501E-5
1.801000E+7,    -4.471280E-5,    -8.849427E-6
1.801625E+7,    1.019128E-4,    -4.810467E-5
1.802250E+7,    1.935661E-5,    1.403391E-4
1.802875E+7,    3.421120E-5,    1.025386E-5
1.803500E+7,    -1.092255E-5,    -5.767122E-5
1.804125E+7,    -6.859750E-5,    -4.021823E-5
1.804750E+7,    -8.534640E-6,    -8.928403E-5
1.805375E+7,    2.372079E-5,    1.164898E-5
1.806000E+7,    -7.094815E-5,    4.425645E-6
1.806625E+7,    -1.035072E-5,    2.107117E-5
1.807250E+7,    1.547188E-4,    -4.824996E-5
1.807875E+7,    -6.269291E-5,    5.425513E-5
1.808500E+7,    5.272776E-5,    3.252178E-5
1.809125E+7,    -4.203990E-5,    5.546957E-6
1.809750E+7,    7.378310E-5,    4.282966E-5
1.810375E+7,    2.842396E-5,    -7.767975E-5
1.811000E+7,    -1.084954E-4,    -1.188442E-4
1.811625E+7,    -7.528812E-5,    1.529083E-4
1.812250E+7,    -9.474158E-5,    -2.052262E-5
1.812875E+7,    -2.698600E-5,    -1.245961E-4
1.813500E+7,    2.074614E-5,    -5.526654E-5
1.814125E+7,    -1.871958E-5,    -5.512312E-5
1.814750E+7,    -5.570054E-5,    -7.335097E-5
1.815375E+7,    -1.799688E-5,    7.631257E-5
1.816000E+7,    -5.319715E-5,    -1.048893E-4
1.816625E+7,    -4.213676E-5,    -7.670373E-6
1.817250E+7,    9.680167E-5,    -1.096241E-4
1.817875E+7,    -1.076274E-4,    2.552941E-5
1.818500E+7,    -1.800433E-5,    6.311014E-5
1.819125E+7,    2.980232E-6,    9.332970E-5
1.819750E+7,    -2.905726E-5,    -2.091937E-5
1.820375E+7,    -3.666244E-5,    4.088879E-5
1.821000E+7,    -3.938749E-5,    1.989678E-5
1.821625E+7,    8.041039E-6,    3.678352E-5
1.822250E+7,    3.932416E-5,    -3.302097E-5
1.822875E+7,    -5.427748E-6,    -3.551692E-5
1.823500E+7,    -2.536923E-6,    3.158115E-5
1.824125E+7,    2.205372E-6,    -9.078160E-5
1.824750E+7,    7.770956E-6,    -3.554486E-5
1.825375E+7,    -7.985160E-6,    -3.025681E-5
1.826000E+7,    5.536899E-5,    4.061311E-5
1.826625E+7,    4.483387E-5,    2.884120E-5
1.827250E+7,    9.466708E-5,    -2.525747E-5
1.827875E+7,    9.230524E-5,    5.894899E-5
1.828500E+7,    4.738197E-5,    -9.329990E-6
1.829125E+7,    -4.214793E-5,    5.383044E-6
1.829750E+7,    -1.839362E-5,    1.058262E-5
1.830375E+7,    4.989281E-5,    -6.068870E-5
1.831000E+7,    1.060590E-5,    3.159232E-5
1.831625E+7,    3.934093E-5,    -5.271286E-5
1.832250E+7,    -3.687106E-5,    1.404434E-6
1.832875E+7,    -5.424023E-6,    -8.825585E-5
1.833500E+7,    7.891655E-5,    -6.603822E-5
1.834125E+7,    2.640858E-5,    4.604086E-5
1.834750E+7,    9.474158E-5,    -2.521649E-5
1.835375E+7,    2.900511E-5,    1.252629E-6
1.836000E+7,    1.575612E-5,    -3.820658E-5
1.836625E+7,    -6.322935E-5,    3.430992E-5
1.837250E+7,    -3.426895E-5,    -1.050718E-5
1.837875E+7,    5.163252E-6,    -7.642061E-5
1.838500E+7,    -5.006045E-5,    2.116337E-5
1.839125E+7,    -5.278736E-6,    -2.240296E-5
1.839750E+7,    6.861240E-5,    5.395710E-5
1.840375E+7,    -1.586974E-5,    -4.083104E-5
1.841000E+7,    1.213066E-4,    -4.493818E-5
1.841625E+7,    -2.626330E-6,    5.800836E-5
1.842250E+7,    1.318613E-5,    -1.319638E-5
1.842875E+7,    -3.163703E-5,    3.036112E-5
1.843500E+7,    2.566725E-6,    -1.107529E-4
1.844125E+7,    -6.860867E-5,    6.464124E-5
1.844750E+7,    7.389486E-5,    5.666912E-5
1.845375E+7,    1.318380E-5,    -3.299303E-5
1.846000E+7,    1.028627E-4,    9.100884E-5
1.846625E+7,    -1.839548E-5,    1.226291E-4
1.847250E+7,    6.328151E-5,    1.188368E-5
1.847875E+7,    7.897615E-6,    6.330386E-5
1.848500E+7,    -7.867813E-6,    -4.351139E-5
1.849125E+7,    -6.334484E-5,    -3.833696E-5
1.849750E+7,    4.493073E-5,    -4.347041E-5
1.850375E+7,    -5.181879E-6,    -5.541928E-5
1.851000E+7,    -7.129833E-5,    5.667657E-5
1.851625E+7,    -3.431551E-5,    1.578033E-5
1.852250E+7,    -7.932633E-5,    5.921721E-5
1.852875E+7,    2.373569E-5,    5.314127E-6
1.853500E+7,    2.723187E-6,    -5.150586E-5
1.854125E+7,    2.904423E-5,    -5.239621E-6
1.854750E+7,    1.297370E-4,    -1.264811E-4
1.855375E+7,    2.011657E-7,    -1.188405E-4
1.856000E+7,    -3.161281E-5,    -4.230440E-5