SAVED BY: 
TITLE: 
COMMENTS: 
DATE: 10/27/2020
TIME: 12:49 PM

STIMULUS, REAL, IMAGINARY

8.560000E+6,    -4.050136E-5,    -1.267493E-4
8.566250E+6,    4.380941E-6,    -1.309142E-4
8.572500E+6,    -1.575053E-5,    -1.371577E-4
8.578750E+6,    -9.760261E-6,    -1.572073E-4
8.585000E+6,    -1.195818E-5,    -1.505911E-4
8.591250E+6,    -2.666563E-5,    -1.512095E-4
8.597500E+6,    -1.688302E-5,    -1.370013E-4
8.603750E+6,    3.181398E-6,    -1.564845E-4
8.610000E+6,    -2.405047E-5,    -1.389831E-4
8.616250E+6,    -9.775162E-6,    -1.382679E-4
8.622500E+6,    4.187226E-6,    -1.374036E-4
8.628750E+6,    1.892447E-6,    -1.563877E-4
8.635000E+6,    -1.586229E-5,    -1.467317E-4
8.641250E+6,    6.973743E-6,    -1.255795E-4
8.647500E+6,    -7.823110E-7,    -1.241118E-4
8.653750E+6,    -2.093613E-6,    -1.208037E-4
8.660000E+6,    -1.308322E-5,    -1.346916E-4
8.666250E+6,    -1.250207E-5,    -1.381263E-4
8.672500E+6,    -7.830560E-6,    -1.549646E-4
8.678750E+6,    -1.610070E-5,    -1.534447E-4
8.685000E+6,    -1.811236E-5,    -1.465157E-4
8.691250E+6,    -1.254678E-5,    -1.413822E-4
8.697500E+6,    -7.219613E-6,    -1.361072E-4
8.703750E+6,    -7.309020E-6,    -1.361221E-4
8.710000E+6,    -1.452118E-5,    -1.378879E-4
8.716250E+6,    -5.319715E-6,    -1.463518E-4
8.722500E+6,    -2.095848E-5,    -1.430511E-4
8.728750E+6,    -2.235174E-8,    -1.410171E-4
8.735000E+6,    -2.087653E-5,    -1.464561E-4
8.741250E+6,    2.689660E-6,    -1.547709E-4
8.747500E+6,    1.014769E-5,    -1.563653E-4
8.753750E+6,    -1.744181E-5,    -1.342073E-4
8.760000E+6,    -1.361221E-5,    -1.512542E-4
8.766250E+6,    -9.126961E-6,    -1.393333E-4
8.772500E+6,    -4.561990E-5,    -1.408160E-4
8.778750E+6,    -1.487881E-5,    -1.510680E-4
8.785000E+6,    -4.567206E-6,    -1.631752E-4
8.791250E+6,    -1.274049E-5,    -1.614317E-4
8.797500E+6,    -9.424984E-6,    -1.459792E-4
8.803750E+6,    8.195639E-7,    -1.616850E-4
8.810000E+6,    1.327693E-5,    -1.552254E-4
8.816250E+6,    -2.362579E-5,    -1.524836E-4
8.822500E+6,    -2.074987E-5,    -1.339316E-4
8.828750E+6,    3.725290E-8,    -1.650974E-4
8.835000E+6,    1.512468E-6,    -1.395494E-4
8.841250E+6,    -6.832182E-6,    -1.699254E-4
8.847500E+6,    -7.666647E-6,    -1.341701E-4
8.853750E+6,    -1.935661E-5,    -1.474395E-4
8.860000E+6,    -2.742559E-5,    -1.452863E-4
8.866250E+6,    -2.254546E-5,    -1.367554E-4
8.872500E+6,    -4.768372E-7,    -1.752675E-4
8.878750E+6,    -1.989305E-5,    -1.504645E-4
8.885000E+6,    -4.183501E-5,    -1.512244E-4
8.891250E+6,    -1.247972E-5,    -1.559779E-4
8.897500E+6,    -1.090765E-5,    -1.663044E-4
8.903750E+6,    -2.650917E-5,    -1.620054E-4
8.910000E+6,    5.781651E-6,    -1.452267E-4
8.916250E+6,    -1.279265E-5,    -1.629218E-4
8.922500E+6,    -1.546741E-5,    -1.489967E-4
8.928750E+6,    -1.936406E-5,    -1.708567E-4
8.935000E+6,    6.780028E-6,    -1.591891E-4
8.941250E+6,    -3.058463E-5,    -1.515150E-4
8.947500E+6,    -1.244247E-6,    -1.569912E-4
8.953750E+6,    -2.793968E-6,    -1.499727E-4
8.960000E+6,    -2.840906E-5,    -1.683459E-4
8.966250E+6,    -2.376735E-5,    -1.568720E-4
8.972500E+6,    5.848706E-6,    -1.661479E-4
8.978750E+6,    -1.177192E-6,    -1.707152E-4
8.985000E+6,    -5.103648E-6,    -1.465008E-4
8.991250E+6,    -2.833456E-5,    -1.821965E-4
8.997500E+6,    -9.730458E-6,    -1.646653E-4
9.003750E+6,    -2.634525E-5,    -1.531318E-4
9.010000E+6,    -1.096725E-5,    -1.646280E-4
9.016250E+6,    -2.651662E-5,    -1.565367E-4
9.022500E+6,    -1.084059E-5,    -1.684129E-4
9.028750E+6,    -1.785904E-5,    -1.763627E-4
9.035000E+6,    -3.458560E-5,    -1.573488E-4
9.041250E+6,    -1.877546E-5,    -1.692846E-4
9.047500E+6,    -2.717227E-5,    -1.630634E-4
9.053750E+6,    -2.223253E-5,    -1.517981E-4
9.060000E+6,    5.692244E-6,    -1.512989E-4
9.066250E+6,    -1.429766E-5,    -1.645312E-4
9.072500E+6,    -2.070516E-5,    -1.724437E-4
9.078750E+6,    -2.223998E-5,    -1.620054E-4
9.085000E+6,    -3.018975E-5,    -1.591966E-4
9.091250E+6,    -1.446158E-5,    -1.750514E-4
9.097500E+6,    -2.318621E-5,    -1.652390E-4
9.103750E+6,    -9.305775E-6,    -1.635104E-4
9.110000E+6,    -9.298325E-6,    -1.636744E-4
9.116250E+6,    -2.370775E-5,    -1.687482E-4
9.122500E+6,    -9.320676E-6,    -1.738816E-4
9.128750E+6,    -3.347546E-5,    -1.518726E-4
9.135000E+6,    -3.062189E-5,    -1.833811E-4
9.141250E+6,    -3.245473E-5,    -1.691952E-4
9.147500E+6,    2.220273E-6,    -1.656786E-4
9.153750E+6,    -2.568215E-5,    -1.683682E-4
9.160000E+6,    6.556511E-7,    -1.551956E-4
9.166250E+6,    -2.742559E-5,    -1.577213E-4
9.172500E+6,    -2.776086E-5,    -1.579002E-4
9.178750E+6,    -4.118681E-5,    -1.727492E-4
9.185000E+6,    -2.139062E-5,    -1.638904E-4
9.191250E+6,    -3.591180E-5,    -1.650974E-4
9.197500E+6,    -1.648068E-5,    -1.424253E-4
9.203750E+6,    -1.392514E-5,    -1.738071E-4
9.210000E+6,    -2.855808E-5,    -1.784861E-4
9.216250E+6,    -3.564358E-5,    -1.822636E-4
9.222500E+6,    -1.080334E-5,    -1.416132E-4
9.228750E+6,    -3.663450E-5,    -1.822412E-4
9.235000E+6,    -1.104921E-5,    -1.452416E-4
9.241250E+6,    -1.674145E-5,    -1.702607E-4
9.247500E+6,    -3.844500E-6,    -1.623482E-4
9.253750E+6,    -3.892928E-5,    -1.644939E-4
9.260000E+6,    -3.078580E-5,    -1.851246E-4
9.266250E+6,    -1.834333E-5,    -1.771823E-4
9.272500E+6,    -1.879781E-5,    -1.667440E-4
9.278750E+6,    -3.956258E-5,    -1.782477E-4
9.285000E+6,    -2.614409E-5,    -1.844838E-4
9.291250E+6,    -3.360957E-5,    -1.882389E-4
9.297500E+6,    -3.470480E-5,    -1.600534E-4
9.303750E+6,    -2.740324E-5,    -1.774281E-4
9.310000E+6,    -4.141778E-5,    -1.813471E-4
9.316250E+6,    -4.255772E-5,    -1.708791E-4
9.322500E+6,    -2.078712E-5,    -1.908243E-4
9.328750E+6,    -2.229214E-5,    -1.697615E-4
9.335000E+6,    -8.463860E-6,    -1.762733E-4
9.341250E+6,    -3.746897E-5,    -1.560226E-4
9.347500E+6,    -8.732080E-6,    -1.729280E-4
9.353750E+6,    -3.052503E-5,    -1.662672E-4
9.360000E+6,    -3.767014E-5,    -1.842678E-4
9.366250E+6,    -1.718104E-5,    -1.658946E-4
9.372500E+6,    -3.850460E-5,    -1.733229E-4
9.378750E+6,    -3.176928E-5,    -1.766682E-4
9.385000E+6,    -3.193319E-5,    -1.906604E-4
9.391250E+6,    -2.510101E-5,    -1.869351E-4
9.397500E+6,    -2.562255E-5,    -1.797900E-4
9.403750E+6,    -2.658367E-5,    -1.730472E-4
9.410000E+6,    -4.105270E-5,    -1.761317E-4
9.416250E+6,    -4.155934E-5,    -1.621544E-4
9.422500E+6,    -2.759695E-5,    -1.903325E-4
9.428750E+6,    -3.457069E-5,    -2.079010E-4
9.435000E+6,    -2.105534E-5,    -1.655966E-4
9.441250E+6,    -4.957616E-5,    -1.830459E-4
9.447500E+6,    -4.328787E-5,    -1.828223E-4
9.453750E+6,    -2.916157E-5,    -1.900643E-4
9.460000E+6,    -4.407763E-5,    -1.755804E-4
9.466250E+6,    -3.024936E-5,    -1.827329E-4
9.472500E+6,    -3.057718E-5,    -1.721084E-4
9.478750E+6,    -4.540384E-5,    -1.823157E-4
9.485000E+6,    -3.118813E-5,    -1.651496E-4
9.491250E+6,    -3.868341E-5,    -1.859814E-4
9.497500E+6,    -3.220141E-5,    -1.788437E-4
9.503750E+6,    -4.670024E-5,    -1.784712E-4
9.510000E+6,    -5.200505E-6,    -1.902580E-4
9.516250E+6,    -2.594292E-5,    -1.755804E-4
9.522500E+6,    -4.047155E-5,    -1.751035E-4
9.528750E+6,    -5.558133E-5,    -2.061427E-4
9.535000E+6,    -1.356006E-5,    -1.937598E-4
9.541250E+6,    -3.562868E-5,    -1.927912E-4
9.547500E+6,    -3.534555E-5,    -1.889318E-4
9.553750E+6,    -5.036592E-5,    -2.062023E-4
9.560000E+6,    -6.400049E-5,    -1.737475E-4
9.566250E+6,    -2.354383E-5,    -2.003014E-4
9.572500E+6,    -2.311170E-5,    -1.896471E-4
9.578750E+6,    -5.197525E-5,    -1.951158E-4
9.585000E+6,    -4.386902E-5,    -1.672506E-4
9.591250E+6,    -3.848970E-5,    -1.887977E-4
9.597500E+6,    -4.573166E-5,    -1.881272E-4
9.603750E+6,    -2.560019E-5,    -1.891851E-4
9.610000E+6,    -3.208220E-5,    -1.783371E-4
9.616250E+6,    -6.213784E-5,    -1.975000E-4
9.622500E+6,    -3.419816E-5,    -1.958758E-4
9.628750E+6,    -4.893541E-5,    -1.947582E-4
9.635000E+6,    -3.412366E-5,    -1.886338E-4
9.641250E+6,    -4.245341E-5,    -1.948476E-4
9.647500E+6,    -5.668402E-5,    -1.937151E-4
9.653750E+6,    -5.036592E-5,    -2.011955E-4
9.660000E+6,    -2.937019E-5,    -1.923591E-4
9.666250E+6,    -5.218387E-5,    -2.116859E-4
9.672500E+6,    -5.096197E-5,    -1.905262E-4
9.678750E+6,    -4.470348E-5,    -1.946092E-4
9.685000E+6,    -5.114079E-5,    -1.796782E-4
9.691250E+6,    -5.216897E-5,    -1.866966E-4
9.697500E+6,    -1.943111E-5,    -2.143979E-4
9.703750E+6,    -3.460050E-5,    -2.199411E-4
9.710000E+6,    -5.429983E-5,    -2.042353E-4
9.716250E+6,    -5.483627E-5,    -2.003610E-4
9.722500E+6,    -5.024672E-5,    -2.183318E-4
9.728750E+6,    -4.321337E-5,    -2.191067E-4
9.735000E+6,    -4.108250E-5,    -1.908243E-4
9.741250E+6,    -3.629923E-5,    -2.091527E-4
9.747500E+6,    -2.950430E-5,    -2.065152E-4
9.753750E+6,    -7.322431E-5,    -2.157092E-4
9.760000E+6,    -4.175305E-5,    -1.871735E-4
9.766250E+6,    -5.111098E-5,    -1.967251E-4
9.772500E+6,    -5.120039E-5,    -1.966655E-4
9.778750E+6,    -1.753867E-5,    -2.078712E-4
9.785000E+6,    -3.589690E-5,    -1.805425E-4
9.791250E+6,    -4.798174E-5,    -2.146661E-4
9.797500E+6,    -6.008148E-5,    -1.954436E-4
9.803750E+6,    -5.322695E-5,    -1.997650E-4
9.810000E+6,    -5.319715E-5,    -1.926124E-4
9.816250E+6,    -6.389618E-5,    -2.161562E-4
9.822500E+6,    -3.412366E-5,    -2.057850E-4
9.828750E+6,    -4.073977E-5,    -2.016127E-4
9.835000E+6,    -4.640222E-5,    -1.825988E-4
9.841250E+6,    -5.725026E-5,    -2.025366E-4
9.847500E+6,    -3.641844E-5,    -2.056062E-4
9.853750E+6,    -4.264712E-5,    -1.975000E-4
9.860000E+6,    -3.737211E-5,    -2.087057E-4
9.866250E+6,    -5.164742E-5,    -2.034009E-4
9.872500E+6,    -6.055832E-5,    -2.160966E-4
9.878750E+6,    -3.112853E-5,    -2.060235E-4
9.885000E+6,    -4.053116E-5,    -2.157390E-4
9.891250E+6,    -3.290176E-5,    -2.098083E-4
9.897500E+6,    -3.907084E-5,    -2.015829E-4
9.903750E+6,    -5.504489E-5,    -2.098680E-4
9.910000E+6,    -6.374717E-5,    -2.155602E-4
9.916250E+6,    -6.318092E-5,    -2.083480E-4
9.922500E+6,    -4.962087E-5,    -2.104640E-4
9.928750E+6,    -8.139014E-5,    -2.269447E-4
9.935000E+6,    -4.144013E-5,    -1.978576E-4
9.941250E+6,    -5.179644E-5,    -2.173781E-4
9.947500E+6,    -4.318357E-5,    -2.045929E-4
9.953750E+6,    -5.283952E-5,    -2.171993E-4
9.960000E+6,    -5.444884E-5,    -2.206266E-4
9.966250E+6,    -4.336238E-5,    -2.368689E-4
9.972500E+6,    -5.522370E-5,    -2.202988E-4
9.978750E+6,    -3.552437E-5,    -2.276897E-4
9.985000E+6,    -4.020333E-5,    -2.124012E-4
9.991250E+6,    -6.464124E-5,    -2.292097E-4
9.997500E+6,    -5.853176E-5,    -1.939833E-4
1.000375E+7,    -4.413724E-5,    -2.224743E-4
1.001000E+7,    -5.754828E-5,    -2.161264E-4
1.001625E+7,    -5.841255E-5,    -2.195835E-4
1.002250E+7,    -3.406405E-5,    -2.060831E-4
1.002875E+7,    -3.689528E-5,    -2.200007E-4
1.003500E+7,    -4.690886E-5,    -2.289712E-4
1.004125E+7,    -5.987287E-5,    -2.190173E-4
1.004750E+7,    -5.343556E-5,    -2.204776E-4
1.005375E+7,    -5.334616E-5,    -2.168119E-4
1.006000E+7,    -4.529953E-5,    -2.112389E-4
1.006625E+7,    -7.343292E-5,    -2.380013E-4
1.007250E+7,    -5.313754E-5,    -2.095401E-4
1.007875E+7,    -6.219745E-5,    -2.183914E-4
1.008500E+7,    -6.082654E-5,    -2.080202E-4
1.009125E+7,    -3.916025E-5,    -2.381802E-4
1.009750E+7,    -6.365776E-5,    -2.470613E-4
1.010375E+7,    -5.868077E-5,    -2.227724E-4
1.011000E+7,    -7.501245E-5,    -2.299547E-4
1.011625E+7,    -4.482269E-5,    -2.224147E-4
1.012250E+7,    -4.708767E-5,    -2.292097E-4
1.012875E+7,    -7.167459E-5,    -2.378821E-4
1.013500E+7,    -3.749132E-5,    -2.458394E-4
1.014125E+7,    -6.243587E-5,    -2.548397E-4
1.014750E+7,    -6.151199E-5,    -2.219081E-4
1.015375E+7,    -6.330013E-5,    -2.253652E-4
1.016000E+7,    -5.397201E-5,    -2.168119E-4
1.016625E+7,    -6.034970E-5,    -2.405643E-4
1.017250E+7,    -5.093217E-5,    -2.283752E-4
1.017875E+7,    -6.422400E-5,    -2.507269E-4
1.018500E+7,    -8.341670E-5,    -2.382398E-4
1.019125E+7,    -6.368756E-5,    -2.177060E-4
1.019750E+7,    -6.061792E-5,    -2.293587E-4
1.020375E+7,    -9.468198E-5,    -2.168715E-4
1.021000E+7,    -6.768107E-5,    -2.530813E-4
1.021625E+7,    -6.723404E-5,    -2.500117E-4
1.022250E+7,    -7.060170E-5,    -2.341866E-4
1.022875E+7,    -4.252791E-5,    -2.346039E-4
1.023500E+7,    -4.801154E-5,    -2.516806E-4
1.024125E+7,    -7.176399E-5,    -2.561510E-4
1.024750E+7,    -7.072091E-5,    -2.266169E-4
1.025375E+7,    -6.586313E-5,    -2.320707E-4
1.026000E+7,    -5.459785E-5,    -2.426803E-4
1.026625E+7,    -6.589293E-5,    -2.541542E-4
1.027250E+7,    -4.798174E-5,    -2.409816E-4
1.027875E+7,    -8.884072E-5,    -2.513826E-4
1.028500E+7,    -8.374453E-5,    -2.341568E-4
1.029125E+7,    -8.380413E-5,    -2.563596E-4
1.029750E+7,    -7.134676E-5,    -2.377629E-4
1.030375E+7,    -8.949637E-5,    -2.473295E-4
1.031000E+7,    -6.106496E-5,    -2.485216E-4
1.031625E+7,    -6.768107E-5,    -2.685785E-4
1.032250E+7,    -7.960200E-5,    -2.317429E-4
1.032875E+7,    -7.307529E-5,    -2.596378E-4
1.033500E+7,    -7.611513E-5,    -2.663434E-4
1.034125E+7,    -5.975366E-5,    -2.602935E-4
1.034750E+7,    -9.137392E-5,    -2.388358E-4
1.035375E+7,    -8.922815E-5,    -2.548695E-4
1.036000E+7,    -6.854534E-5,    -2.353191E-4
1.036625E+7,    -5.835295E-5,    -2.497733E-4
1.037250E+7,    -5.480647E-5,    -2.585948E-4
1.037875E+7,    -7.322431E-5,    -2.451539E-4
1.038500E+7,    -9.304285E-5,    -2.573133E-4
1.039125E+7,    -8.139014E-5,    -2.421141E-4
1.039750E+7,    -6.389618E-5,    -2.559721E-4
1.040375E+7,    -4.872680E-5,    -2.536476E-4
1.041000E+7,    -7.152557E-5,    -2.533793E-4
1.041625E+7,    -6.812811E-5,    -2.622902E-4
1.042250E+7,    -7.247925E-5,    -2.528727E-4
1.042875E+7,    -6.049871E-5,    -2.609491E-4
1.043500E+7,    -8.171797E-5,    -2.537668E-4
1.044125E+7,    -9.128451E-5,    -2.579093E-4
1.044750E+7,    -7.438660E-5,    -2.489984E-4
1.045375E+7,    -8.183718E-5,    -2.690554E-4
1.046000E+7,    -5.528331E-5,    -2.557039E-4
1.046625E+7,    -7.513165E-5,    -2.485812E-4
1.047250E+7,    -8.693337E-5,    -2.596676E-4
1.047875E+7,    -7.948279E-5,    -2.774298E-4
1.048500E+7,    -7.700920E-5,    -2.709329E-4
1.049125E+7,    -1.218915E-4,    -2.464950E-4
1.049750E+7,    -7.167459E-5,    -2.728105E-4
1.050375E+7,    -7.295609E-5,    -2.538860E-4
1.051000E+7,    -7.897615E-5,    -2.665818E-4
1.051625E+7,    -7.542968E-5,    -2.567470E-4
1.052250E+7,    -6.601214E-5,    -2.905726E-4
1.052875E+7,    -1.015365E-4,    -2.619624E-4
1.053500E+7,    -6.765127E-5,    -2.709925E-4
1.054125E+7,    -9.080768E-5,    -2.889633E-4
1.054750E+7,    -8.323789E-5,    -2.498329E-4
1.055375E+7,    -1.052618E-4,    -2.830923E-4
1.056000E+7,    -8.702278E-5,    -2.564192E-4
1.056625E+7,    -9.703636E-5,    -2.789497E-4
1.057250E+7,    -7.608533E-5,    -2.644658E-4
1.057875E+7,    -9.846687E-5,    -2.630353E-4
1.058500E+7,    -8.511543E-5,    -2.647936E-4
1.059125E+7,    -8.884072E-5,    -2.712011E-4
1.059750E+7,    -1.037121E-4,    -2.684891E-4
1.060375E+7,    -1.012981E-4,    -2.970099E-4
1.061000E+7,    -7.942319E-5,    -2.634227E-4
1.061625E+7,    -1.002252E-4,    -2.936125E-4
1.062250E+7,    -8.091331E-5,    -2.824664E-4
1.062875E+7,    -1.076162E-4,    -2.709329E-4
1.063500E+7,    -7.686019E-5,    -2.879798E-4
1.064125E+7,    -9.936094E-5,    -3.021955E-4
1.064750E+7,    -9.733438E-5,    -2.954900E-4
1.065375E+7,    -1.078844E-4,    -2.827644E-4
1.066000E+7,    -9.196997E-5,    -2.977252E-4
1.066625E+7,    -1.057982E-4,    -2.917647E-4
1.067250E+7,    -1.063347E-4,    -2.919137E-4
1.067875E+7,    -1.378953E-4,    -2.736747E-4
1.068500E+7,    -9.101629E-5,    -2.905130E-4
1.069125E+7,    -9.340048E-5,    -2.937615E-4
1.069750E+7,    -9.012222E-5,    -2.836287E-4
1.070375E+7,    -1.109540E-4,    -2.937615E-4
1.071000E+7,    -1.044571E-4,    -2.965331E-4
1.071625E+7,    -8.565187E-5,    -3.052354E-4
1.072250E+7,    -8.654594E-5,    -2.891719E-4
1.072875E+7,    -1.386106E-4,    -2.967417E-4
1.073500E+7,    -1.195371E-4,    -3.056228E-4
1.074125E+7,    -1.164675E-4,    -2.953708E-4
1.074750E+7,    -1.088679E-4,    -2.793670E-4
1.075375E+7,    -7.718801E-5,    -3.106296E-4
1.076000E+7,    -1.035333E-4,    -2.816021E-4
1.076625E+7,    -1.202226E-4,    -2.976358E-4
1.077250E+7,    -9.912252E-5,    -3.038943E-4
1.077875E+7,    -1.011789E-4,    -3.069341E-4
1.078500E+7,    -1.012683E-4,    -3.032684E-4
1.079125E+7,    -1.071692E-4,    -2.965927E-4
1.079750E+7,    -1.060367E-4,    -2.930164E-4
1.080375E+7,    -1.249909E-4,    -3.314912E-4
1.081000E+7,    -8.130074E-5,    -3.214777E-4
1.081625E+7,    -1.362562E-4,    -2.860427E-4
1.082250E+7,    -9.858608E-5,    -3.050864E-4
1.082875E+7,    -1.289248E-4,    -3.019571E-4
1.083500E+7,    -1.189411E-4,    -3.112257E-4
1.084125E+7,    -1.105666E-4,    -3.081560E-4
1.084750E+7,    -1.057982E-4,    -2.982020E-4
1.085375E+7,    -9.900331E-5,    -3.139973E-4
1.086000E+7,    -9.870529E-5,    -2.977252E-4
1.086625E+7,    -1.201332E-4,    -3.033578E-4
1.087250E+7,    -1.073778E-4,    -3.099740E-4
1.087875E+7,    -1.298487E-4,    -3.222227E-4
1.088500E+7,    -1.191795E-4,    -3.159046E-4
1.089125E+7,    -1.349449E-4,    -3.118217E-4
1.089750E+7,    -1.182258E-4,    -3.249049E-4
1.090375E+7,    -1.293719E-4,    -2.989173E-4
1.091000E+7,    -1.254976E-4,    -3.211796E-4
1.091625E+7,    -1.175702E-4,    -3.176033E-4
1.092250E+7,    -1.099110E-4,    -3.176928E-4
1.092875E+7,    -1.279116E-4,    -3.616214E-4
1.093500E+7,    -1.103282E-4,    -3.305078E-4
1.094125E+7,    -1.572967E-4,    -3.282130E-4
1.094750E+7,    -1.154840E-4,    -3.235042E-4
1.095375E+7,    -1.200140E-4,    -3.290474E-4
1.096000E+7,    -9.724498E-5,    -3.304183E-4
1.096625E+7,    -1.455545E-4,    -3.276467E-4
1.097250E+7,    -1.345873E-4,    -3.212094E-4
1.097875E+7,    -1.471937E-4,    -3.268123E-4
1.098500E+7,    -1.381040E-4,    -3.237128E-4
1.099125E+7,    -1.241863E-4,    -3.280640E-4
1.099750E+7,    -1.449883E-4,    -3.202856E-4
1.100375E+7,    -1.562238E-4,    -3.511906E-4
1.101000E+7,    -1.372397E-4,    -3.457963E-4
1.101625E+7,    -1.314878E-4,    -3.199875E-4
1.102250E+7,    -1.450479E-4,    -3.417134E-4
1.102875E+7,    -1.442134E-4,    -3.378391E-4
1.103500E+7,    -1.277924E-4,    -3.229380E-4
1.104125E+7,    -1.506805E-4,    -3.595948E-4
1.104750E+7,    -1.416802E-4,    -3.570318E-4
1.105375E+7,    -1.368821E-4,    -3.468990E-4
1.106000E+7,    -1.016557E-4,    -3.561378E-4
1.106625E+7,    -1.288354E-4,    -3.440082E-4
1.107250E+7,    -1.482368E-4,    -3.615022E-4
1.107875E+7,    -1.466274E-4,    -3.584027E-4
1.108500E+7,    -1.447201E-4,    -3.520250E-4
1.109125E+7,    -1.497567E-4,    -3.320277E-4
1.109750E+7,    -1.544952E-4,    -3.374815E-4
1.110375E+7,    -1.500845E-4,    -3.575087E-4
1.111000E+7,    -1.316667E-4,    -3.526211E-4
1.111625E+7,    -1.434684E-4,    -3.578067E-4
1.112250E+7,    -1.490116E-4,    -3.636479E-4
1.112875E+7,    -1.424551E-4,    -3.640056E-4
1.113500E+7,    -1.654625E-4,    -3.454089E-4
1.114125E+7,    -1.673698E-4,    -3.610253E-4
1.114750E+7,    -1.428127E-4,    -3.609657E-4
1.115375E+7,    -1.535416E-4,    -3.501773E-4
1.116000E+7,    -1.627207E-4,    -3.630519E-4
1.116625E+7,    -1.813173E-4,    -3.650188E-4
1.117250E+7,    -1.516342E-4,    -3.548265E-4
1.117875E+7,    -1.715422E-4,    -3.712773E-4
1.118500E+7,    -1.474023E-4,    -3.716350E-4
1.119125E+7,    -1.573563E-4,    -3.888011E-4
1.119750E+7,    -1.485944E-4,    -3.988743E-4
1.120375E+7,    -1.748800E-4,    -3.958344E-4
1.121000E+7,    -1.618862E-4,    -4.103184E-4
1.121625E+7,    -1.937151E-4,    -4.137754E-4
1.122250E+7,    -2.024174E-4,    -4.128814E-4
1.122875E+7,    -1.979470E-4,    -4.408360E-4
1.123500E+7,    -1.829267E-4,    -4.986525E-4
1.124125E+7,    -1.894832E-4,    -4.965067E-4
1.124750E+7,    -1.665354E-4,    -5.017519E-4
1.125375E+7,    -2.189875E-4,    -4.661679E-4
1.126000E+7,    -1.828671E-4,    -4.859567E-4
1.126625E+7,    -1.996756E-4,    -4.719496E-4
1.127250E+7,    -1.905560E-4,    -5.223155E-4
1.127875E+7,    -2.007484E-4,    -4.702806E-4
1.128500E+7,    -1.866817E-4,    -4.851222E-4
1.129125E+7,    -1.987815E-4,    -4.601479E-4
1.129750E+7,    -1.777411E-4,    -4.370809E-4
1.130375E+7,    -2.151132E-4,    -4.355311E-4
1.131000E+7,    -1.912713E-4,    -4.579425E-4
1.131625E+7,    -2.245307E-4,    -4.435182E-4
1.132250E+7,    -1.946688E-4,    -5.020499E-4
1.132875E+7,    -2.014637E-4,    -4.867315E-4
1.133500E+7,    -2.167821E-4,    -4.805923E-4
1.134125E+7,    -1.836419E-4,    -4.556179E-4
1.134750E+7,    -2.173185E-4,    -4.516244E-4
1.135375E+7,    -2.121329E-4,    -4.712343E-4
1.136000E+7,    -1.862049E-4,    -4.272461E-4
1.136625E+7,    -2.211332E-4,    -4.637241E-4
1.137250E+7,    -2.247095E-4,    -4.718304E-4
1.137875E+7,    -2.382994E-4,    -4.867315E-4
1.138500E+7,    -2.078414E-4,    -4.938245E-4
1.139125E+7,    -1.831055E-4,    -4.578233E-4
1.139750E+7,    -2.030730E-4,    -4.568100E-4
1.140375E+7,    -2.103448E-4,    -4.647970E-4
1.141000E+7,    -1.968145E-4,    -4.394054E-4
1.141625E+7,    -2.289414E-4,    -4.411340E-4
1.142250E+7,    -2.174377E-4,    -4.913211E-4
1.142875E+7,    -2.236962E-4,    -4.953146E-4
1.143500E+7,    -2.107024E-4,    -4.868507E-4
1.144125E+7,    -2.363324E-4,    -4.769564E-4
1.144750E+7,    -2.366304E-4,    -5.164146E-4
1.145375E+7,    -2.297163E-4,    -5.286932E-4
1.146000E+7,    -2.337694E-4,    -5.157590E-4
1.146625E+7,    -2.316236E-4,    -5.450249E-4
1.147250E+7,    -2.276301E-4,    -5.260706E-4
1.147875E+7,    -2.602339E-4,    -4.871488E-4
1.148500E+7,    -2.288818E-4,    -5.262494E-4
1.149125E+7,    -2.439022E-4,    -5.761981E-4
1.149750E+7,    -2.605915E-4,    -5.841851E-4
1.150375E+7,    -2.521276E-4,    -5.565286E-4
1.151000E+7,    -2.431273E-4,    -5.906820E-4
1.151625E+7,    -2.484322E-4,    -5.700588E-4
1.152250E+7,    -2.358556E-4,    -5.772114E-4
1.152875E+7,    -2.525449E-4,    -5.335808E-4
1.153500E+7,    -2.666116E-4,    -5.207062E-4
1.154125E+7,    -2.828240E-4,    -5.865693E-4
1.154750E+7,    -2.647042E-4,    -6.179810E-4
1.155375E+7,    -2.903342E-4,    -5.748868E-4
1.156000E+7,    -2.461672E-4,    -6.765723E-4
1.156625E+7,    -3.064871E-4,    -6.802082E-4
1.157250E+7,    -2.630353E-4,    -6.695390E-4
1.157875E+7,    -3.218651E-4,    -6.501079E-4
1.158500E+7,    -3.134012E-4,    -7.479191E-4
1.159125E+7,    -2.722740E-4,    -6.525517E-4
1.159750E+7,    -2.445579E-4,    -6.547570E-4
1.160375E+7,    -3.124475E-4,    -7.088184E-4
1.161000E+7,    -2.763271E-4,    -7.079840E-4
1.161625E+7,    -3.433228E-4,    -7.686615E-4
1.162250E+7,    -3.378391E-4,    -7.939339E-4
1.162875E+7,    -3.045797E-4,    -9.632111E-4
1.163500E+7,    -2.540350E-4,    -1.022696E-3
1.164125E+7,    -1.074076E-4,    -1.192689E-3
1.164750E+7,    1.829863E-4,    -1.288652E-3
1.165375E+7,    -3.981590E-5,    -1.305342E-3
1.166000E+7,    2.689362E-4,    -1.171470E-3
1.166625E+7,    5.570650E-4,    -1.251459E-3
1.167250E+7,    6.568432E-4,    -1.091242E-3
1.167875E+7,    6.239414E-4,    -1.107693E-3
1.168500E+7,    6.920099E-4,    -1.127124E-3
1.169125E+7,    6.170273E-4,    -1.185894E-3
1.169750E+7,    6.948709E-4,    -1.114249E-3
1.170375E+7,    6.637573E-4,    -1.122952E-3
1.171000E+7,    6.300211E-4,    -1.131892E-3
1.171625E+7,    6.638765E-4,    -1.149297E-3
1.172250E+7,    7.053614E-4,    -1.209021E-3
1.172875E+7,    6.995201E-4,    -1.170039E-3
1.173500E+7,    6.620884E-4,    -1.165748E-3
1.174125E+7,    6.949902E-4,    -1.194000E-3
1.174750E+7,    6.607771E-4,    -1.192927E-3
1.175375E+7,    6.986856E-4,    -1.237750E-3
1.176000E+7,    6.713867E-4,    -1.195312E-3
1.176625E+7,    7.784367E-4,    -1.242399E-3
1.177250E+7,    6.725788E-4,    -1.248837E-3
1.177875E+7,    7.027388E-4,    -1.237988E-3
1.178500E+7,    7.203817E-4,    -1.255035E-3
1.179125E+7,    7.508993E-4,    -1.267672E-3
1.179750E+7,    6.858110E-4,    -1.269698E-3
1.180375E+7,    7.138252E-4,    -1.259327E-3
1.181000E+7,    7.005930E-4,    -1.283288E-3
1.181625E+7,    6.716251E-4,    -1.272559E-3
1.182250E+7,    7.092953E-4,    -1.287699E-3
1.182875E+7,    7.172823E-4,    -1.303434E-3
1.183500E+7,    7.100105E-4,    -1.344204E-3
1.184125E+7,    6.942749E-4,    -1.338124E-3
1.184750E+7,    7.393360E-4,    -1.361370E-3
1.185375E+7,    7.327795E-4,    -1.349330E-3
1.186000E+7,    7.239580E-4,    -1.410007E-3
1.186625E+7,    6.991625E-4,    -1.380801E-3
1.187250E+7,    7.809401E-4,    -1.378655E-3
1.187875E+7,    7.385015E-4,    -1.362205E-3
1.188500E+7,    7.721186E-4,    -1.394391E-3
1.189125E+7,    7.374287E-4,    -1.408219E-3
1.189750E+7,    7.513762E-4,    -1.408577E-3
1.190375E+7,    7.777214E-4,    -1.499295E-3
1.191000E+7,    7.860661E-4,    -1.431942E-3
1.191625E+7,    7.727146E-4,    -1.474380E-3
1.192250E+7,    7.281303E-4,    -1.433134E-3
1.192875E+7,    7.358789E-4,    -1.531124E-3
1.193500E+7,    8.029938E-4,    -1.469254E-3
1.194125E+7,    7.451773E-4,    -1.541018E-3
1.194750E+7,    7.756948E-4,    -1.470685E-3
1.195375E+7,    7.981062E-4,    -1.535177E-3
1.196000E+7,    7.780790E-4,    -1.530528E-3
1.196625E+7,    7.606745E-4,    -1.540422E-3
1.197250E+7,    8.356571E-4,    -1.559496E-3
1.197875E+7,    7.404089E-4,    -1.588702E-3
1.198500E+7,    7.647276E-4,    -1.580596E-3
1.199125E+7,    7.724762E-4,    -1.565933E-3
1.199750E+7,    7.781982E-4,    -1.619577E-3
1.200375E+7,    7.965565E-4,    -1.622438E-3
1.201000E+7,    7.886887E-4,    -1.575828E-3
1.201625E+7,    7.902384E-4,    -1.625299E-3
1.202250E+7,    7.901192E-4,    -1.654744E-3
1.202875E+7,    7.609129E-4,    -1.662731E-3
1.203500E+7,    8.099079E-4,    -1.661539E-3
1.204125E+7,    7.570982E-4,    -1.662731E-3
1.204750E+7,    7.708073E-4,    -1.642942E-3
1.205375E+7,    8.318424E-4,    -1.690745E-3
1.206000E+7,    8.279085E-4,    -1.664639E-3
1.206625E+7,    8.473396E-4,    -1.728058E-3
1.207250E+7,    8.665323E-4,    -1.752973E-3
1.207875E+7,    8.044243E-4,    -1.724243E-3
1.208500E+7,    7.449389E-4,    -1.753330E-3
1.209125E+7,    7.892847E-4,    -1.782894E-3
1.209750E+7,    8.310080E-4,    -1.714945E-3
1.210375E+7,    8.064508E-4,    -1.787424E-3
1.211000E+7,    8.443594E-4,    -1.786113E-3
1.211625E+7,    7.934570E-4,    -1.803994E-3
1.212250E+7,    8.138418E-4,    -1.790643E-3
1.212875E+7,    8.443594E-4,    -1.833677E-3
1.213500E+7,    7.956028E-4,    -1.844645E-3
1.214125E+7,    8.220673E-4,    -1.892567E-3
1.214750E+7,    7.903576E-4,    -1.837611E-3
1.215375E+7,    7.857084E-4,    -1.923203E-3
1.216000E+7,    8.115768E-4,    -1.899838E-3
1.216625E+7,    9.003878E-4,    -1.939893E-3
1.217250E+7,    8.459091E-4,    -1.896977E-3
1.217875E+7,    8.263588E-4,    -1.975536E-3
1.218500E+7,    8.558035E-4,    -1.965880E-3
1.219125E+7,    8.612871E-4,    -1.971722E-3
1.219750E+7,    8.561611E-4,    -1.992941E-3
1.220375E+7,    8.707047E-4,    -1.971841E-3
1.221000E+7,    8.952618E-4,    -2.035856E-3
1.221625E+7,    8.268356E-4,    -2.038717E-3
1.222250E+7,    8.976460E-4,    -2.047062E-3
1.222875E+7,    8.194447E-4,    -2.061605E-3
1.223500E+7,    9.226799E-4,    -2.115250E-3
1.224125E+7,    9.064674E-4,    -2.077341E-3
1.224750E+7,    9.374619E-4,    -2.134085E-3
1.225375E+7,    9.336472E-4,    -2.138615E-3
1.226000E+7,    9.117126E-4,    -2.226591E-3
1.226625E+7,    8.907318E-4,    -2.224684E-3
1.227250E+7,    9.377003E-4,    -2.229452E-3
1.227875E+7,    9.140968E-4,    -2.220869E-3
1.228500E+7,    8.950233E-4,    -2.233028E-3
1.229125E+7,    9.458065E-4,    -2.303600E-3
1.229750E+7,    9.438992E-4,    -2.295971E-3
1.230375E+7,    1.002073E-3,    -2.338409E-3
1.231000E+7,    9.584427E-4,    -2.391100E-3
1.231625E+7,    9.756088E-4,    -2.374411E-3
1.232250E+7,    9.784698E-4,    -2.374887E-3
1.232875E+7,    9.684563E-4,    -2.452850E-3
1.233500E+7,    9.837151E-4,    -2.461433E-3
1.234125E+7,    9.946823E-4,    -2.503633E-3
1.234750E+7,    1.005173E-3,    -2.509117E-3
1.235375E+7,    1.026869E-3,    -2.517462E-3
1.236000E+7,    1.035690E-3,    -2.544165E-3
1.236625E+7,    1.028061E-3,    -2.588272E-3
1.237250E+7,    1.100779E-3,    -2.578735E-3
1.237875E+7,    1.041651E-3,    -2.658606E-3
1.238500E+7,    1.095533E-3,    -2.675056E-3
1.239125E+7,    1.091480E-3,    -2.707481E-3
1.239750E+7,    1.056194E-3,    -2.733707E-3
1.240375E+7,    1.044035E-3,    -2.750158E-3
1.241000E+7,    1.119852E-3,    -2.782583E-3
1.241625E+7,    1.070261E-3,    -2.803326E-3
1.242250E+7,    1.141548E-3,    -2.836466E-3
1.242875E+7,    1.164198E-3,    -2.890825E-3
1.243500E+7,    1.165390E-3,    -2.859831E-3
1.244125E+7,    1.149893E-3,    -2.985239E-3
1.244750E+7,    1.142263E-3,    -2.940178E-3
1.245375E+7,    1.167536E-3,    -2.994061E-3
1.246000E+7,    1.187563E-3,    -3.025770E-3
1.246625E+7,    1.197338E-3,    -3.056049E-3
1.247250E+7,    1.185656E-3,    -3.113985E-3
1.247875E+7,    1.159668E-3,    -3.144979E-3
1.248500E+7,    1.273632E-3,    -3.152609E-3
1.249125E+7,    1.234055E-3,    -3.232956E-3
1.249750E+7,    1.283646E-3,    -3.266573E-3
1.250375E+7,    1.243830E-3,    -3.364325E-3
1.251000E+7,    1.306057E-3,    -3.338575E-3
1.251625E+7,    1.317263E-3,    -3.360510E-3
1.252250E+7,    1.357079E-3,    -3.430128E-3
1.252875E+7,    1.330376E-3,    -3.475428E-3
1.253500E+7,    1.351833E-3,    -3.525496E-3
1.254125E+7,    1.315355E-3,    -3.566027E-3
1.254750E+7,    1.383066E-3,    -3.599405E-3
1.255375E+7,    1.401186E-3,    -3.694534E-3
1.256000E+7,    1.410723E-3,    -3.705263E-3
1.256625E+7,    1.409769E-3,    -3.779650E-3
1.257250E+7,    1.469374E-3,    -3.799438E-3
1.257875E+7,    1.469374E-3,    -3.859520E-3
1.258500E+7,    1.460314E-3,    -3.910065E-3
1.259125E+7,    1.523972E-3,    -3.946304E-3
1.259750E+7,    1.472950E-3,    -4.031181E-3
1.260375E+7,    1.511574E-3,    -4.113674E-3
1.261000E+7,    1.522541E-3,    -4.127026E-3
1.261625E+7,    1.471996E-3,    -4.225254E-3
1.262250E+7,    1.567364E-3,    -4.259586E-3
1.262875E+7,    1.448631E-3,    -4.513264E-3
1.263500E+7,    1.583099E-3,    -4.305840E-3
1.264125E+7,    1.587868E-3,    -4.436970E-3
1.264750E+7,    1.718521E-3,    -4.530907E-3
1.265375E+7,    1.670361E-3,    -4.582882E-3
1.266000E+7,    1.584053E-3,    -4.737854E-3
1.266625E+7,    1.706123E-3,    -4.753590E-3
1.267250E+7,    5.979538E-4,    -5.122662E-3
1.267875E+7,    1.116276E-3,    -5.188465E-3
1.268500E+7,    6.484985E-4,    -5.502224E-3
1.269125E+7,    1.274586E-3,    -5.392551E-3
1.269750E+7,    1.808167E-3,    -5.036354E-3
1.270375E+7,    7.057190E-5,    -5.262852E-3
1.271000E+7,    7.357597E-4,    -6.054401E-3
1.271625E+7,    1.928329E-3,    -5.363941E-3
1.272250E+7,    1.915455E-3,    -5.445957E-3
1.272875E+7,    2.011776E-3,    -5.584240E-3
1.273500E+7,    1.917839E-3,    -5.776882E-3
1.274125E+7,    1.998901E-3,    -5.796432E-3
1.274750E+7,    2.036095E-3,    -5.980492E-3
1.275375E+7,    2.036333E-3,    -5.929232E-3
1.276000E+7,    1.743078E-3,    -6.245852E-3
1.276625E+7,    1.002312E-3,    -6.412506E-3
1.277250E+7,    -1.089334E-3,    -4.759550E-3
1.277875E+7,    -1.773596E-3,    -5.923986E-3
1.278500E+7,    -7.305145E-4,    -7.046461E-3
1.279125E+7,    2.021790E-4,    -7.436514E-3
1.279750E+7,    1.726866E-3,    -6.956577E-3
1.280375E+7,    -6.685257E-4,    -6.867409E-3
1.281000E+7,    -2.464771E-3,    -5.908012E-3
1.281625E+7,    -1.953125E-3,    -7.915974E-3
1.282250E+7,    -2.051830E-3,    -7.818699E-3
1.282875E+7,    7.467270E-4,    -7.983685E-3
1.283500E+7,    -3.154278E-3,    -6.817341E-3
1.284125E+7,    2.262592E-3,    -8.587360E-3
1.284750E+7,    2.633572E-3,    -8.469105E-3
1.285375E+7,    2.002239E-3,    -9.011745E-3
1.286000E+7,    2.000332E-3,    -8.995056E-3
1.286625E+7,    2.025127E-3,    -9.470463E-3
1.287250E+7,    2.360821E-3,    -9.499550E-3
1.287875E+7,    2.816200E-3,    -9.292126E-3
1.288500E+7,    2.295494E-3,    -9.409428E-3
1.289125E+7,    1.667500E-3,    -1.045275E-2
1.289750E+7,    2.365112E-4,    -1.060104E-2
1.290375E+7,    2.036572E-3,    -1.030636E-2
1.291000E+7,    1.329899E-3,    -1.079082E-2
1.291625E+7,    7.467270E-4,    -1.156902E-2
1.292250E+7,    -5.297661E-4,    -1.022720E-2
1.292875E+7,    3.771782E-4,    -1.144361E-2
1.293500E+7,    -4.194736E-3,    -9.691715E-3
1.294125E+7,    -2.771378E-3,    -1.076746E-2
1.294750E+7,    -4.127026E-3,    -8.421898E-3
1.295375E+7,    -4.268646E-3,    -5.603790E-3
1.296000E+7,    -3.728867E-3,    -4.260540E-3
1.296625E+7,    -3.634691E-3,    -4.076719E-3
1.297250E+7,    -3.765583E-3,    -4.201412E-3
1.297875E+7,    -3.858566E-3,    -4.266262E-3
1.298500E+7,    -3.935814E-3,    -4.325390E-3
1.299125E+7,    -4.066467E-3,    -4.432678E-3
1.299750E+7,    -4.133701E-3,    -4.508495E-3
1.300375E+7,    -4.299641E-3,    -4.616261E-3
1.301000E+7,    -4.421711E-3,    -4.732609E-3
1.301625E+7,    -4.525185E-3,    -4.825592E-3
1.302250E+7,    -4.690170E-3,    -4.940987E-3
1.302875E+7,    -4.816055E-3,    -5.064011E-3
1.303500E+7,    -4.968166E-3,    -5.161762E-3
1.304125E+7,    -5.103111E-3,    -5.299568E-3
1.304750E+7,    -5.288124E-3,    -5.406380E-3
1.305375E+7,    -5.429745E-3,    -5.554199E-3
1.306000E+7,    -5.619526E-3,    -5.678177E-3
1.306625E+7,    -5.805016E-3,    -5.837440E-3
1.307250E+7,    -5.992413E-3,    -5.954266E-3
1.307875E+7,    -6.270885E-3,    -6.161690E-3
1.308500E+7,    -6.452084E-3,    -6.322861E-3
1.309125E+7,    -6.701946E-3,    -6.515026E-3
1.309750E+7,    -6.906033E-3,    -6.649971E-3
1.310375E+7,    -7.176876E-3,    -6.840229E-3
1.311000E+7,    -7.427216E-3,    -7.039070E-3
1.311625E+7,    -7.730961E-3,    -7.248402E-3
1.312250E+7,    -8.055210E-3,    -7.471085E-3
1.312875E+7,    -8.397102E-3,    -7.714272E-3
1.313500E+7,    -8.745193E-3,    -7.931709E-3
1.314125E+7,    -9.086609E-3,    -8.154869E-3
1.314750E+7,    -9.493828E-3,    -8.421898E-3
1.315375E+7,    -1.002407E-2,    -8.806229E-3
1.316000E+7,    -1.047039E-2,    -9.092331E-3
1.316625E+7,    -1.091194E-2,    -9.370804E-3
1.317250E+7,    -1.135063E-2,    -9.604454E-3
1.317875E+7,    -1.189327E-2,    -9.954453E-3
1.318500E+7,    -1.245594E-2,    -1.032352E-2
1.319125E+7,    -1.313305E-2,    -1.069927E-2
1.319750E+7,    -1.359749E-2,    -1.094055E-2
1.320375E+7,    -1.431751E-2,    -1.127338E-2
1.321000E+7,    -1.513004E-2,    -1.180840E-2
1.321625E+7,    -1.572609E-2,    -1.203060E-2
1.322250E+7,    -1.654339E-2,    -1.244450E-2
1.322875E+7,    -1.754475E-2,    -1.296043E-2
1.323500E+7,    -1.866245E-2,    -1.351261E-2
1.324125E+7,    -1.996994E-2,    -1.418877E-2
1.324750E+7,    -2.155685E-2,    -1.497650E-2
1.325375E+7,    -2.322769E-2,    -1.586723E-2
1.326000E+7,    -2.443123E-2,    -1.632118E-2
1.326625E+7,    -2.606773E-2,    -1.695061E-2
1.327250E+7,    -2.786255E-2,    -1.767921E-2
1.327875E+7,    -3.010559E-2,    -1.850891E-2
1.328500E+7,    -3.191185E-2,    -1.906013E-2
1.329125E+7,    -3.475380E-2,    -2.019119E-2
1.329750E+7,    -3.705406E-2,    -2.100182E-2
1.330375E+7,    -3.957558E-2,    -2.146721E-2
1.331000E+7,    -4.388428E-2,    -2.262497E-2
1.331625E+7,    -4.732132E-2,    -2.365112E-2
1.332250E+7,    -5.240631E-2,    -2.502441E-2
1.332875E+7,    -5.489731E-2,    -2.532578E-2
1.333500E+7,    -5.824280E-2,    -2.483749E-2
1.334125E+7,    -6.247330E-2,    -2.534866E-2
1.334750E+7,    -6.781387E-2,    -2.526474E-2
1.335375E+7,    -7.539749E-2,    -2.595901E-2
1.336000E+7,    -8.221054E-2,    -2.635956E-2
1.336625E+7,    -8.959579E-2,    -2.507782E-2
1.337250E+7,    -1.000366E-1,    -2.495193E-2
1.337875E+7,    -1.097260E-1,    -2.294922E-2
1.338500E+7,    -1.209335E-1,    -1.995850E-2
1.339125E+7,    -1.361847E-1,    -1.618195E-2
1.339750E+7,    -1.508102E-1,    -1.042175E-2
1.340375E+7,    -1.671753E-1,    -1.724243E-3
1.341000E+7,    -1.865387E-1,    1.026917E-2
1.341625E+7,    -2.101212E-1,    2.708435E-2
1.342250E+7,    -2.325516E-1,    4.996490E-2
1.342875E+7,    -2.570801E-1,    8.245850E-2
1.343500E+7,    -2.793884E-1,    1.253662E-1
1.344125E+7,    -2.909241E-1,    1.761169E-1
1.344750E+7,    -2.946472E-1,    2.418518E-1
1.345375E+7,    -2.799072E-1,    3.132172E-1
1.346000E+7,    -2.417603E-1,    3.847351E-1
1.346625E+7,    -1.841736E-1,    4.495239E-1
1.347250E+7,    -1.096649E-1,    4.996033E-1
1.347875E+7,    -2.713013E-2,    5.205994E-1
1.348500E+7,    5.615234E-2,    5.187073E-1
1.349125E+7,    1.304932E-1,    5.056152E-1
1.349750E+7,    1.977844E-1,    4.824829E-1
1.350375E+7,    2.577515E-1,    4.562378E-1
1.351000E+7,    3.074951E-1,    4.202881E-1
1.351625E+7,    3.521423E-1,    3.813171E-1
1.352250E+7,    3.943481E-1,    3.420105E-1
1.352875E+7,    4.329834E-1,    2.991943E-1
1.353500E+7,    4.701538E-1,    2.535400E-1
1.354125E+7,    5.031738E-1,    2.011719E-1
1.354750E+7,    5.322876E-1,    1.431885E-1
1.355375E+7,    5.550537E-1,    7.821655E-2
1.356000E+7,    5.678406E-1,    6.011963E-3
1.356625E+7,    5.684509E-1,    -6.973267E-2
1.357250E+7,    5.541687E-1,    -1.489258E-1
1.357875E+7,    5.260620E-1,    -2.250977E-1
1.358500E+7,    4.827271E-1,    -2.932434E-1
1.359125E+7,    4.270630E-1,    -3.494568E-1
1.359750E+7,    3.642273E-1,    -3.920898E-1
1.360375E+7,    2.992859E-1,    -4.193726E-1
1.361000E+7,    2.352905E-1,    -4.345703E-1
1.361625E+7,    1.769714E-1,    -4.383545E-1
1.362250E+7,    1.231995E-1,    -4.350586E-1
1.362875E+7,    7.516479E-2,    -4.278870E-1
1.363500E+7,    3.259277E-2,    -4.172974E-1
1.364125E+7,    -5.737305E-3,    -4.047241E-1
1.364750E+7,    -4.132080E-2,    -3.910522E-1
1.365375E+7,    -7.449341E-2,    -3.775940E-1
1.366000E+7,    -1.071777E-1,    -3.631592E-1
1.366625E+7,    -1.405029E-1,    -3.490906E-1
1.367250E+7,    -1.751099E-1,    -3.325806E-1
1.367875E+7,    -2.122192E-1,    -3.123169E-1
1.368500E+7,    -2.505493E-1,    -2.859497E-1
1.369125E+7,    -2.898560E-1,    -2.496948E-1
1.369750E+7,    -3.272705E-1,    -2.010498E-1
1.370375E+7,    -3.542175E-1,    -1.376343E-1
1.371000E+7,    -3.636475E-1,    -6.338501E-2
1.371625E+7,    -3.472900E-1,    1.275635E-2
1.372250E+7,    -3.074646E-1,    7.629395E-2
1.372875E+7,    -2.541809E-1,    1.185913E-1
1.373500E+7,    -1.989288E-1,    1.384277E-1
1.374125E+7,    -1.508484E-1,    1.416168E-1
1.374750E+7,    -1.127167E-1,    1.356049E-1
1.375375E+7,    -8.334351E-2,    1.249390E-1
1.376000E+7,    -6.140137E-2,    1.123962E-1
1.376625E+7,    -4.564667E-2,    9.999084E-2
1.377250E+7,    -3.370667E-2,    8.873749E-2
1.377875E+7,    -2.486420E-2,    7.854462E-2
1.378500E+7,    -1.844025E-2,    6.982422E-2
1.379125E+7,    -1.346970E-2,    6.180191E-2
1.379750E+7,    -9.757996E-3,    5.485535E-2
1.380375E+7,    -6.977081E-3,    4.890060E-2
1.381000E+7,    -4.833221E-3,    4.361725E-2
1.381625E+7,    -3.257751E-3,    3.911591E-2
1.382250E+7,    -2.082825E-3,    3.512192E-2
1.382875E+7,    -1.091003E-3,    3.167725E-2
1.383500E+7,    -3.795624E-4,    2.862549E-2
1.384125E+7,    1.983643E-4,    2.592468E-2
1.384750E+7,    5.970001E-4,    2.350426E-2
1.385375E+7,    9.498596E-4,    2.138519E-2
1.386000E+7,    1.182556E-3,    1.946831E-2
1.386625E+7,    1.327515E-3,    1.778793E-2
1.387250E+7,    1.470566E-3,    1.627350E-2
1.387875E+7,    1.512527E-3,    1.493263E-2
1.388500E+7,    1.589775E-3,    1.372623E-2
1.389125E+7,    1.601219E-3,    1.265717E-2
1.389750E+7,    1.611710E-3,    1.163006E-2
1.390375E+7,    1.610756E-3,    1.076412E-2
1.391000E+7,    1.585960E-3,    9.933472E-3
1.391625E+7,    1.554489E-3,    9.164810E-3
1.392250E+7,    1.532555E-3,    8.531570E-3
1.392875E+7,    1.501083E-3,    7.902145E-3
1.393500E+7,    1.473427E-3,    7.336617E-3
1.394125E+7,    1.402855E-3,    6.867409E-3
1.394750E+7,    1.389027E-3,    6.380558E-3
1.395375E+7,    1.336098E-3,    5.945206E-3
1.396000E+7,    1.266956E-3,    5.533695E-3
1.396625E+7,    1.211166E-3,    5.192280E-3
1.397250E+7,    1.183033E-3,    4.835129E-3
1.397875E+7,    1.153946E-3,    4.538536E-3
1.398500E+7,    1.096725E-3,    4.240990E-3
1.399125E+7,    1.044750E-3,    3.987312E-3
1.399750E+7,    1.017094E-3,    3.740788E-3
1.400375E+7,    9.675026E-4,    3.486633E-3
1.401000E+7,    9.255409E-4,    3.284931E-3
1.401625E+7,    9.036064E-4,    3.104687E-3
1.402250E+7,    8.738041E-4,    2.897024E-3
1.402875E+7,    8.080006E-4,    2.746344E-3
1.403500E+7,    8.065701E-4,    2.598047E-3
1.404125E+7,    7.534027E-4,    2.447128E-3
1.404750E+7,    7.309914E-4,    2.310514E-3
1.405375E+7,    7.128716E-4,    2.167940E-3
1.406000E+7,    6.632805E-4,    2.014637E-3
1.406625E+7,    6.313324E-4,    1.937628E-3
1.407250E+7,    6.122589E-4,    1.825094E-3
1.407875E+7,    5.838871E-4,    1.755953E-3
1.408500E+7,    5.586147E-4,    1.622200E-3
1.409125E+7,    5.328655E-4,    1.558065E-3
1.409750E+7,    4.941225E-4,    1.478434E-3
1.410375E+7,    4.814863E-4,    1.383305E-3
1.411000E+7,    4.659295E-4,    1.306772E-3
1.411625E+7,    4.339218E-4,    1.238108E-3
1.412250E+7,    4.272461E-4,    1.189172E-3
1.412875E+7,    4.242659E-4,    1.134872E-3
1.413500E+7,    3.998280E-4,    1.066923E-3
1.414125E+7,    3.678203E-4,    1.014411E-3
1.414750E+7,    4.001856E-4,    9.713769E-4
1.415375E+7,    3.603697E-4,    9.285212E-4
1.416000E+7,    3.386140E-4,    8.581877E-4
1.416625E+7,    3.342628E-4,    8.144975E-4
1.417250E+7,    3.167987E-4,    7.731915E-4
1.417875E+7,    3.007650E-4,    7.390976E-4
1.418500E+7,    2.963543E-4,    7.244945E-4
1.419125E+7,    2.803802E-4,    6.847680E-4
1.419750E+7,    2.771914E-4,    6.331801E-4
1.420375E+7,    2.425909E-4,    6.107390E-4
1.421000E+7,    2.377927E-4,    5.819499E-4
1.421625E+7,    2.399385E-4,    5.592406E-4
1.422250E+7,    2.134442E-4,    5.351901E-4
1.422875E+7,    2.268255E-4,    5.244017E-4
1.423500E+7,    2.248585E-4,    4.808605E-4
1.424125E+7,    1.987517E-4,    4.715919E-4
1.424750E+7,    1.875162E-4,    4.447997E-4
1.425375E+7,    1.918972E-4,    4.285574E-4
1.426000E+7,    1.873970E-4,    3.918111E-4
1.426625E+7,    1.777112E-4,    3.645420E-4
1.427250E+7,    1.656711E-4,    3.673434E-4
1.427875E+7,    1.669228E-4,    3.667474E-4
1.428500E+7,    1.443177E-4,    3.352314E-4
1.429125E+7,    1.320690E-4,    3.011972E-4
1.429750E+7,    1.502335E-4,    2.958626E-4
1.430375E+7,    1.376122E-4,    2.840906E-4
1.431000E+7,    1.384914E-4,    2.840310E-4
1.431625E+7,    1.230240E-4,    2.805889E-4
1.432250E+7,    1.422763E-4,    2.529174E-4
1.432875E+7,    9.913743E-5,    2.419949E-4
1.433500E+7,    9.727478E-5,    2.353042E-4
1.434125E+7,    1.100749E-4,    2.236515E-4
1.434750E+7,    1.054257E-4,    2.171695E-4
1.435375E+7,    9.381771E-5,    2.132505E-4
1.436000E+7,    1.065135E-4,    2.017021E-4
1.436625E+7,    7.763505E-5,    1.802146E-4
1.437250E+7,    9.855628E-5,    1.743287E-4
1.437875E+7,    7.604063E-5,    1.732856E-4
1.438500E+7,    9.087473E-5,    1.459867E-4
1.439125E+7,    7.552654E-5,    1.429468E-4
1.439750E+7,    5.995482E-5,    1.175106E-4
1.440375E+7,    7.506460E-5,    1.506284E-4
1.441000E+7,    4.561245E-5,    1.524985E-4
1.441625E+7,    6.873161E-5,    1.522601E-4
1.442250E+7,    8.668005E-5,    1.008064E-4
1.442875E+7,    4.276633E-5,    1.152605E-4
1.443500E+7,    5.422533E-5,    1.038238E-4
1.444125E+7,    3.708154E-5,    1.096576E-4
1.444750E+7,    4.921108E-5,    9.773672E-5
1.445375E+7,    5.279481E-5,    1.195297E-4
1.446000E+7,    6.369501E-5,    1.157001E-4
1.446625E+7,    4.032999E-5,    7.011369E-5
1.447250E+7,    3.764778E-5,    9.416044E-5
1.447875E+7,    4.965067E-5,    7.441640E-5
1.448500E+7,    3.728643E-5,    7.109344E-5
1.449125E+7,    3.922731E-5,    8.588284E-5
1.449750E+7,    5.068257E-5,    7.377937E-5
1.450375E+7,    2.461672E-5,    4.487112E-5
1.451000E+7,    3.044680E-5,    5.049631E-5
1.451625E+7,    4.352629E-5,    5.313754E-5
1.452250E+7,    4.377589E-5,    5.296245E-5
1.452875E+7,    1.750514E-5,    5.534664E-5
1.453500E+7,    8.428469E-6,    5.109608E-5
1.454125E+7,    2.396479E-5,    6.064028E-5
1.454750E+7,    2.678297E-5,    2.838671E-5
1.455375E+7,    1.203828E-5,    4.977919E-5
1.456000E+7,    3.974140E-5,    3.079325E-5
1.456625E+7,    3.940240E-5,    3.855303E-5
1.457250E+7,    1.557916E-5,    9.248964E-6
1.457875E+7,    1.441874E-5,    2.538785E-5
1.458500E+7,    3.350154E-5,    3.312528E-5
1.459125E+7,    2.073310E-5,    3.059395E-5
1.459750E+7,    2.593547E-5,    5.198643E-5
1.460375E+7,    1.755171E-5,    3.193505E-5
1.461000E+7,    9.071082E-6,    1.187995E-5
1.461625E+7,    1.162477E-5,    2.657995E-5
1.462250E+7,    3.413484E-5,    3.246590E-5
1.462875E+7,    1.803599E-5,    3.167614E-5
1.463500E+7,    3.096834E-5,    3.384054E-5
1.464125E+7,    9.262934E-6,    1.173653E-5
1.464750E+7,    1.559593E-5,    1.681782E-5
1.465375E+7,    2.774969E-5,    4.312024E-5
1.466000E+7,    8.886680E-6,    2.784654E-5
1.466625E+7,    1.797453E-5,    4.765391E-5
1.467250E+7,    2.646819E-6,    2.278294E-5
1.467875E+7,    2.188981E-5,    3.779493E-5
1.468500E+7,    1.576357E-5,    2.463534E-5
1.469125E+7,    9.270385E-6,    2.774969E-5
1.469750E+7,    6.301329E-6,    1.307391E-5
1.470375E+7,    -6.847084E-6,    2.752990E-5
1.471000E+7,    9.632669E-6,    1.144502E-5
1.471625E+7,    6.297603E-6,    2.923980E-5
1.472250E+7,    2.921931E-5,    2.602860E-5
1.472875E+7,    -6.504357E-6,    1.948699E-5
1.473500E+7,    1.311116E-5,    3.407523E-5
1.474125E+7,    -1.595356E-5,    3.264472E-5
1.474750E+7,    1.311302E-5,    9.610318E-6
1.475375E+7,    -2.992339E-6,    2.604071E-5
1.476000E+7,    1.314655E-5,    9.541400E-6
1.476625E+7,    1.640432E-5,    7.837079E-6
1.477250E+7,    1.693889E-5,    3.215857E-5
1.477875E+7,    4.237518E-7,    1.623668E-5
1.478500E+7,    -3.426801E-6,    -6.412156E-6
1.479125E+7,    -9.110197E-6,    2.140738E-5
1.479750E+7,    6.384915E-6,    -3.471505E-6
1.480375E+7,    1.396984E-5,    2.550334E-5
1.481000E+7,    2.579670E-5,    -5.920418E-6
1.481625E+7,    9.897631E-6,    2.821907E-6
1.482250E+7,    -1.669491E-10,    5.895799E-10
1.482875E+7,    1.901761E-6,    4.068576E-5
1.483500E+7,    -1.630553E-10,    5.910579E-10
1.484125E+7,    1.989864E-5,    5.379319E-6
1.484750E+7,    9.468291E-6,    -5.454291E-6
1.485375E+7,    7.326715E-6,    1.260452E-5
1.486000E+7,    1.555309E-6,    -2.625305E-5
1.486625E+7,    1.736172E-5,    1.520291E-5
1.487250E+7,    2.627540E-5,    1.423061E-6
1.487875E+7,    6.267568E-6,    -3.725989E-6
1.488500E+7,    -2.515968E-6,    9.993091E-6
1.489125E+7,    -1.380965E-5,    -8.729286E-6
1.489750E+7,    7.548369E-6,    1.249276E-5
1.490375E+7,    1.385622E-5,    8.621253E-6
1.491000E+7,    1.243129E-5,    -7.663388E-6
1.491625E+7,    2.249796E-5,    -5.324371E-6
1.492250E+7,    -6.984919E-6,    -4.262198E-6
1.492875E+7,    -7.846393E-7,    -8.136034E-6
1.493500E+7,    -1.628045E-5,    1.637265E-6
1.494125E+7,    -1.009693E-5,    -2.254266E-6
1.494750E+7,    -1.305409E-10,    6.018013E-10
1.495375E+7,    -8.305069E-6,    1.413748E-5
1.496000E+7,    2.858974E-5,    -9.844080E-6
1.496625E+7,    -1.532678E-5,    1.004338E-5
1.497250E+7,    1.211464E-5,    1.836568E-5
1.497875E+7,    -1.321780E-5,    -3.399327E-8
1.498500E+7,    -1.212754E-10,    6.056950E-10
1.499125E+7,    -6.091548E-6,    4.088506E-6
1.499750E+7,    -1.073815E-6,    -8.147210E-6
1.500375E+7,    6.074086E-6,    -4.120637E-6
1.501000E+7,    2.233218E-5,    -6.376766E-6
1.501625E+7,    1.813099E-5,    -1.256540E-5
1.502250E+7,    1.693610E-5,    -2.077967E-5
1.502875E+7,    1.145899E-5,    9.976327E-6
1.503500E+7,    1.204992E-5,    -8.506235E-6
1.504125E+7,    8.519739E-6,    1.207832E-5
1.504750E+7,    1.806207E-5,    -1.284759E-5
1.505375E+7,    9.013340E-6,    -6.489456E-6
1.506000E+7,    1.166575E-5,    9.798445E-6
1.506625E+7,    -5.980954E-6,    4.330883E-6
1.507250E+7,    1.495890E-5,    -1.087319E-5
1.507875E+7,    -1.409557E-6,    -8.135103E-6
1.508500E+7,    1.338962E-5,    -1.911167E-5
1.509125E+7,    -1.479918E-5,    1.102313E-5
1.509750E+7,    8.835457E-6,    -6.641727E-6
1.510375E+7,    1.474004E-5,    -1.110509E-5
1.511000E+7,    8.685514E-6,    -2.514105E-5
1.511625E+7,    -7.278286E-6,    1.479639E-5
1.512250E+7,    -7.410999E-6,    -3.607478E-6
1.512875E+7,    7.872814E-11,    -6.145342E-10
1.513500E+7,    1.621898E-6,    8.063857E-6
1.514125E+7,    2.066977E-5,    2.504326E-6
1.514750E+7,    7.032417E-6,    -1.488905E-5
1.515375E+7,    7.009134E-6,    -1.492305E-5
1.516000E+7,    3.400259E-6,    1.613796E-5
1.516625E+7,    1.611840E-5,    -3.533438E-6
1.517250E+7,    -1.082662E-6,    1.037819E-5
1.517875E+7,    -1.324294E-5,    1.234002E-6
1.518500E+7,    1.974218E-5,    1.247600E-5
1.519125E+7,    3.687106E-6,    1.609419E-5
1.519750E+7,    7.569790E-6,    3.319234E-6
1.520375E+7,    -1.043035E-5,    -9.359792E-7
1.521000E+7,    9.421259E-6,    -1.760572E-5
1.521625E+7,    -1.723692E-5,    -1.462735E-5
1.522250E+7,    -4.844274E-6,    -5.690847E-6
1.522875E+7,    1.256820E-5,    8.905306E-6
1.523500E+7,    1.213513E-5,    -2.027117E-5
1.524125E+7,    1.129741E-5,    -9.777490E-6
1.524750E+7,    -6.379560E-6,    1.548138E-5
1.525375E+7,    -1.128577E-5,    9.861309E-6
1.526000E+7,    2.546795E-5,    1.756661E-5
1.526625E+7,    -4.056841E-6,    2.386328E-5
1.527250E+7,    -3.572609E-11,    6.368168E-10
1.527875E+7,    3.000628E-5,    -6.490387E-6
1.528500E+7,    -2.315268E-6,    -8.231029E-6
1.529125E+7,    4.666857E-6,    1.651142E-5
1.529750E+7,    -1.084292E-5,    -4.856847E-7
1.530375E+7,    -4.726462E-6,    -1.646578E-5
1.531000E+7,    2.425630E-6,    8.259900E-6
1.531625E+7,    -5.595852E-6,    5.211914E-6
1.532250E+7,    1.941528E-5,    -1.828652E-5
1.532875E+7,    2.453569E-6,    8.140225E-6
1.533500E+7,    -2.552755E-6,    -8.282252E-6
1.534125E+7,    -5.883165E-6,    1.642015E-5
1.534750E+7,    -1.634471E-7,    1.112698E-5
1.535375E+7,    -1.140870E-7,    1.191674E-5
1.536000E+7,    7.264316E-7,    -4.702248E-5
1.536625E+7,    1.176447E-5,    6.752089E-8
1.537250E+7,    -1.760665E-5,    5.760230E-6
1.537875E+7,    1.777336E-5,    -5.905516E-6
1.538500E+7,    -1.507439E-5,    3.085006E-6
1.539125E+7,    9.015203E-6,    1.498125E-5
1.539750E+7,    6.010057E-6,    -6.046612E-6
1.540375E+7,    1.122290E-5,    -1.103617E-7
1.541000E+7,    -1.401640E-7,    -1.108181E-5
1.541625E+7,    1.138635E-5,    -2.514571E-7
1.542250E+7,    -1.806114E-5,    -5.558133E-6
1.542875E+7,    1.461431E-5,    1.975521E-5
1.543500E+7,    -2.956949E-7,    -1.110509E-5
1.544125E+7,    6.563030E-6,    1.790654E-5
1.544750E+7,    -3.360212E-6,    -8.996110E-6
1.545375E+7,    -1.786463E-5,    1.898594E-5
1.546000E+7,    -6.006099E-6,    6.518792E-6
1.546625E+7,    1.717359E-6,    -2.683699E-5
1.547250E+7,    -3.862195E-6,    -2.078619E-5
1.547875E+7,    1.468463E-5,    -3.569759E-6
1.548500E+7,    -1.212955E-5,    -1.097284E-5
1.549125E+7,    1.195958E-5,    -5.899929E-7
1.549750E+7,    -1.621433E-5,    -8.307397E-6
1.550375E+7,    1.029111E-6,    2.562907E-5
1.551000E+7,    -2.083369E-5,    2.358109E-5
1.551625E+7,    1.597963E-5,    8.257106E-6
1.552250E+7,    -3.455672E-6,    -8.589588E-6
1.552875E+7,    -6.382354E-6,    -5.539972E-6
1.553500E+7,    -7.890165E-6,    -2.803840E-5
1.554125E+7,    -8.187257E-6,    -1.829769E-5
1.554750E+7,    1.480617E-5,    -1.693703E-5
1.555375E+7,    1.990050E-5,    5.936995E-5
1.556000E+7,    -1.007924E-5,    1.154048E-5
1.556625E+7,    6.372575E-6,    -7.707160E-6
1.557250E+7,    -2.301950E-5,    1.213048E-5
1.557875E+7,    1.279265E-5,    -1.256354E-6
1.558500E+7,    5.181180E-6,    -6.321585E-6
1.559125E+7,    -1.025526E-5,    1.272000E-5
1.559750E+7,    2.538203E-6,    -3.158697E-6
1.560375E+7,    -2.763234E-5,    -1.697801E-5
1.561000E+7,    1.139520E-5,    -1.298729E-6
1.561625E+7,    6.442890E-6,    5.076174E-6
1.562250E+7,    -4.966045E-6,    6.354414E-6
1.562875E+7,    1.149252E-5,    -1.421198E-6
1.563500E+7,    8.723699E-6,    1.719687E-6
1.564125E+7,    -2.523884E-5,    1.990050E-5
1.564750E+7,    -7.010531E-6,    9.163283E-6
1.565375E+7,    2.335291E-6,    -3.084075E-6
1.566000E+7,    -5.253591E-6,    -1.840852E-5
1.566625E+7,    -2.312590E-6,    3.089663E-6
1.567250E+7,    -1.464505E-5,    -6.151386E-6
1.567875E+7,    2.285815E-6,    -3.075460E-6
1.568500E+7,    -2.919696E-6,    1.686532E-5
1.569125E+7,    3.319234E-6,    2.138969E-5
1.569750E+7,    2.079550E-5,    1.037028E-5
1.570375E+7,    1.730863E-6,    1.064735E-5
1.571000E+7,    4.419591E-6,    -6.164424E-6
1.571625E+7,    -1.014303E-5,    -1.190882E-5
1.572250E+7,    8.410309E-6,    1.293607E-6
1.572875E+7,    1.243595E-5,    8.745119E-6
1.573500E+7,    -1.491699E-5,    8.090399E-6
1.574125E+7,    -1.905952E-6,    -1.051975E-5
1.574750E+7,    2.149725E-6,    -3.122375E-6
1.575375E+7,    -8.234754E-6,    -1.480244E-5
1.576000E+7,    -2.525933E-5,    1.030695E-5
1.576625E+7,    -6.390270E-6,    9.434298E-6
1.577250E+7,    -2.038665E-6,    -2.419297E-5
1.577875E+7,    8.398667E-6,    1.473445E-5
1.578500E+7,    2.133194E-6,    1.051370E-5
1.579125E+7,    -2.083019E-6,    3.167777E-6
1.579750E+7,    2.095755E-5,    -4.415400E-6
1.580375E+7,    -4.297122E-6,    -7.278286E-6
1.581000E+7,    1.248019E-5,    -5.453359E-6
1.581625E+7,    -1.243828E-5,    5.487818E-6
1.582250E+7,    1.275446E-5,    8.077361E-6
1.582875E+7,    2.713874E-6,    2.395362E-5
1.583500E+7,    -2.396293E-6,    -1.039868E-5
1.584125E+7,    -1.037912E-5,    2.456363E-6
1.584750E+7,    1.284759E-5,    7.892027E-6
1.585375E+7,    -5.300157E-6,    2.320670E-5
1.586000E+7,    1.957873E-6,    -3.213412E-6
1.586625E+7,    1.945766E-6,    -3.222143E-6
1.587250E+7,    -6.451737E-6,    -3.863126E-6
1.587875E+7,    3.842404E-6,    -6.469432E-6
1.588500E+7,    2.249610E-5,    -8.543022E-6
1.589125E+7,    4.587695E-6,    7.045921E-6
1.589750E+7,    -1.864322E-5,    2.182089E-6
1.590375E+7,    -1.114793E-5,    -1.073536E-5
1.591000E+7,    -1.119263E-5,    -1.071021E-5
1.591625E+7,    7.488765E-6,    1.718942E-5
1.592250E+7,    1.841807E-6,    -3.269641E-6
1.592875E+7,    -3.662659E-6,    6.540911E-6
1.593500E+7,    1.128577E-5,    1.056120E-5
1.594125E+7,    2.216641E-5,    -9.157695E-6
1.594750E+7,    -2.976973E-6,    -1.016213E-5
1.595375E+7,    1.015654E-5,    -2.997462E-6
1.596000E+7,    -1.191022E-5,    6.329268E-6
1.596625E+7,    4.857779E-6,    6.814022E-6
1.597250E+7,    -6.629154E-6,    -3.489200E-6
1.597875E+7,    1.500454E-5,    3.677793E-6
1.598500E+7,    2.682302E-5,    -2.909452E-6
1.599125E+7,    2.337806E-5,    3.727153E-6
1.599750E+7,    8.369796E-6,    9.499490E-8
1.600375E+7,    -2.295151E-5,    -9.739771E-5
1.601000E+7,    -1.033545E-4,    -4.574656E-5
1.601625E+7,    1.032725E-4,    5.732477E-5
1.602250E+7,    -2.294965E-5,    -2.581812E-5
1.602875E+7,    3.446266E-5,    -4.873425E-5
1.603500E+7,    4.593655E-5,    -2.838671E-6
1.604125E+7,    -5.731359E-6,    -3.158674E-5
1.604750E+7,    1.151673E-5,    -5.449727E-5
1.605375E+7,    -4.585460E-5,    -6.603450E-5
1.606000E+7,    -8.038431E-5,    8.021295E-5
1.606625E+7,    5.682930E-6,    4.016794E-5
1.607250E+7,    -4.599616E-5,    5.155429E-5
1.607875E+7,    4.021265E-5,    -2.289005E-5
1.608500E+7,    1.092069E-4,    -8.430332E-6
1.609125E+7,    -2.289563E-5,    -3.161840E-5
1.609750E+7,    -6.320700E-5,    2.857298E-5
1.610375E+7,    1.553893E-4,    -1.144260E-4
1.611000E+7,    1.949668E-4,    1.725405E-4
1.611625E+7,    -8.616224E-5,    1.698732E-5
1.612250E+7,    1.316518E-4,    1.210123E-4
1.612875E+7,    5.686656E-6,    2.010446E-5
1.613500E+7,    2.861209E-5,    2.020225E-5
1.614125E+7,    -1.715124E-5,    -2.015382E-5
1.614750E+7,    -3.445335E-5,    2.732500E-6
1.615375E+7,    -2.850592E-5,    -4.889444E-5
1.616000E+7,    1.135468E-5,    3.160723E-5
1.616625E+7,    -1.159962E-5,    2.292078E-5
1.617250E+7,    8.631870E-5,    -4.268065E-5
1.617875E+7,    4.052371E-5,    -7.446483E-5
1.618500E+7,    2.275221E-5,    4.031323E-5
1.619125E+7,    5.166791E-5,    -2.564862E-6
1.619750E+7,    -5.200319E-5,    6.003678E-5
1.620375E+7,    2.283044E-5,    2.598949E-5
1.621000E+7,    9.186566E-5,    1.482293E-5
1.621625E+7,    -5.654059E-6,    -1.725648E-5
1.622250E+7,    7.441640E-5,    4.064292E-5
1.622875E+7,    -2.289005E-5,    -1.448765E-5
1.623500E+7,    1.717266E-5,    1.157727E-5
1.624125E+7,    2.935901E-5,    -1.061261E-4
1.624750E+7,    5.141273E-5,    4.630908E-5
1.625375E+7,    2.881885E-5,    -1.417287E-5
1.626000E+7,    9.762868E-5,    5.997717E-7
1.626625E+7,    6.332994E-5,    -1.966581E-5
1.627250E+7,    -5.730614E-5,    -2.335757E-5
1.627875E+7,    2.938509E-5,    -9.739399E-5
1.628500E+7,    -7.485971E-5,    2.238154E-5
1.629125E+7,    -1.719687E-5,    -5.866401E-6
1.629750E+7,    1.834929E-4,    5.016476E-5
1.630375E+7,    -1.649931E-5,    -9.496137E-5
1.631000E+7,    2.338178E-5,    -5.441718E-5
1.631625E+7,    9.205937E-5,    -1.934916E-5
1.632250E+7,    -1.767278E-5,    5.730987E-5
1.632875E+7,    -1.551062E-4,    4.470348E-6
1.633500E+7,    -8.601323E-5,    -9.428710E-6
1.634125E+7,    6.897375E-5,    -2.317131E-6
1.634750E+7,    1.171790E-5,    -2.860650E-5
1.635375E+7,    -2.961606E-7,    3.731064E-5
1.636000E+7,    3.452040E-5,    -5.438924E-6
1.636625E+7,    -2.231821E-5,    -7.776543E-5
1.637250E+7,    8.506328E-5,    1.213476E-4
1.637875E+7,    2.304558E-5,    -8.399598E-6
1.638500E+7,    1.091100E-4,    9.797513E-7
1.639125E+7,    -8.697063E-5,    7.972121E-5
1.639750E+7,    -4.658848E-5,    6.278977E-5
1.640375E+7,    -1.188554E-5,    3.725477E-5
1.641000E+7,    -7.457659E-5,    -1.796708E-5
1.641625E+7,    2.430379E-5,    -1.406148E-4
1.642250E+7,    -1.146421E-4,    -2.989173E-5
1.642875E+7,    -4.568323E-5,    -2.920255E-5
1.643500E+7,    9.198487E-5,    -4.760921E-6
1.644125E+7,    2.238899E-5,    6.350502E-5
1.644750E+7,    3.426708E-5,    2.338178E-5
1.645375E+7,    6.642193E-6,    -8.619204E-5
1.646000E+7,    -3.467128E-5,    1.688115E-5
1.646625E+7,    4.585832E-5,    1.773983E-5
1.647250E+7,    -2.270937E-5,    -2.327561E-5
1.647875E+7,    4.611537E-5,    -8.149073E-6
1.648500E+7,    1.722015E-5,    3.051013E-6
1.649125E+7,    -2.816319E-5,    -5.206466E-5
1.649750E+7,    -4.947186E-6,    -6.912276E-5
1.650375E+7,    -9.725243E-5,    -5.579740E-5
1.651000E+7,    2.892036E-5,    -1.117308E-5
1.651625E+7,    -1.378283E-4,    -3.329664E-5
1.652250E+7,    6.248802E-5,    6.978959E-5
1.652875E+7,    -2.792850E-5,    -6.659329E-5
1.653500E+7,    -1.709815E-5,    -1.458731E-5
1.654125E+7,    -4.042685E-5,    1.104735E-5
1.654750E+7,    2.865493E-5,    1.187995E-5
1.655375E+7,    1.239404E-5,    -6.896257E-5
1.656000E+7,    2.322346E-5,    -1.409091E-5
1.656625E+7,    -6.314740E-5,    -1.810491E-5
1.657250E+7,    -3.455579E-5,    -4.265457E-7
1.657875E+7,    -8.641556E-5,    1.791865E-6
1.658500E+7,    1.285970E-5,    -1.007132E-4
1.659125E+7,    2.873689E-5,    6.154180E-6
1.659750E+7,    4.153699E-7,    -3.168918E-5
1.660375E+7,    -3.475510E-5,    1.388788E-5
1.661000E+7,    -2.233237E-4,    -9.815395E-5
1.661625E+7,    1.176167E-5,    -1.713820E-5
1.662250E+7,    7.925928E-5,    9.907037E-5
1.662875E+7,    8.642673E-7,    -6.052293E-5
1.663500E+7,    8.040294E-5,    2.419949E-5
1.664125E+7,    -4.626438E-5,    7.985160E-6
1.664750E+7,    -4.788861E-5,    1.204088E-4
1.665375E+7,    6.644055E-6,    -6.047264E-5
1.666000E+7,    -6.429479E-5,    5.960837E-5
1.666625E+7,    6.357208E-6,    -4.028529E-5
1.667250E+7,    -8.086115E-5,    4.518777E-6
1.667875E+7,    -1.910701E-4,    5.476177E-5
1.668500E+7,    4.131906E-5,    -5.992316E-5
1.669125E+7,    6.390363E-5,    -3.358349E-5
1.669750E+7,    3.868341E-5,    -2.532601E-4
1.670375E+7,    -1.263171E-4,    -3.951043E-5
1.671000E+7,    -1.378059E-4,    3.062934E-4
1.671625E+7,    -1.552999E-4,    3.294498E-4
1.672250E+7,    -1.138896E-4,    -9.422749E-5
1.672875E+7,    -9.206682E-5,    -2.465025E-5
1.673500E+7,    2.360344E-5,    -3.135391E-5
1.674125E+7,    3.422424E-5,    2.364628E-5
1.674750E+7,    -8.678436E-5,    1.010299E-5
1.675375E+7,    4.109368E-5,    -3.978424E-5
1.676000E+7,    4.439801E-5,    1.075640E-4
1.676625E+7,    -1.142919E-4,    -7.417053E-5
1.677250E+7,    -6.298348E-5,    -3.282353E-5
1.677875E+7,    -1.684017E-5,    -2.914481E-5
1.678500E+7,    -4.126318E-5,    4.547089E-5
1.679125E+7,    1.238659E-5,    -4.599616E-5
1.679750E+7,    1.041293E-4,    -6.791204E-6
1.680375E+7,    3.466010E-5,    6.053597E-7
1.681000E+7,    -6.939843E-5,    4.518777E-6
1.681625E+7,    4.658103E-5,    -1.940876E-5
1.682250E+7,    4.098378E-5,    -2.816506E-5
1.682875E+7,    -3.409386E-5,    -3.247708E-5
1.683500E+7,    -7.501617E-5,    -4.246831E-6
1.684125E+7,    1.097284E-5,    3.198162E-5
1.684750E+7,    5.848706E-7,    -3.178604E-5
1.685375E+7,    2.889894E-5,    5.373731E-7
1.686000E+7,    2.381578E-4,    -6.466359E-5
1.686625E+7,    -2.229586E-5,    -4.378334E-5
1.687250E+7,    9.265915E-5,    -6.880611E-6
1.687875E+7,    -1.817942E-6,    9.536371E-5
1.688500E+7,    -8.657947E-5,    -7.484108E-6
1.689125E+7,    3.308803E-5,    8.158758E-5
1.689750E+7,    1.186179E-5,    -1.421524E-5
1.690375E+7,    -2.360344E-5,    2.267305E-5
1.691000E+7,    4.818290E-5,    -9.452552E-5
1.691625E+7,    6.110221E-5,    -1.635849E-4
1.692250E+7,    3.177673E-5,    -1.411140E-4
1.692875E+7,    1.629442E-4,    -4.317611E-5
1.693500E+7,    4.556030E-6,    5.801022E-5
1.694125E+7,    2.868660E-5,    1.215376E-5
1.694750E+7,    -3.002398E-5,    5.149655E-5
1.695375E+7,    8.695573E-5,    -1.106411E-6
1.696000E+7,    -2.277642E-5,    -1.784787E-5
1.696625E+7,    -4.628301E-5,    -1.015142E-6
1.697250E+7,    -7.482618E-5,    -2.187118E-5
1.697875E+7,    8.850172E-5,    -7.629767E-5
1.698500E+7,    5.897507E-5,    -4.795194E-5
1.699125E+7,    5.713478E-5,    3.604218E-5
1.699750E+7,    -1.881272E-4,    1.231581E-4
1.700375E+7,    -3.203750E-5,    -1.223907E-4
1.701000E+7,    6.547198E-5,    -7.972121E-5
1.701625E+7,    4.241616E-5,    1.835227E-4
1.702250E+7,    1.207888E-4,    4.326552E-5
1.702875E+7,    -2.813712E-5,    -3.832951E-5
1.703500E+7,    4.629977E-5,    3.919005E-6
1.704125E+7,    -3.293902E-5,    -7.904321E-5
1.704750E+7,    1.739711E-5,    3.920868E-7
1.705375E+7,    6.203353E-5,    7.680804E-5
1.706000E+7,    -1.533702E-5,    -9.022653E-5
1.706625E+7,    1.219194E-5,    -2.580136E-5
1.707250E+7,    4.890561E-5,    -1.061596E-4
1.707875E+7,    7.566065E-6,    -7.519871E-5
1.708500E+7,    4.738942E-5,    -4.240870E-5
1.709125E+7,    1.418218E-5,    -1.098812E-4
1.709750E+7,    -5.879812E-5,    3.048219E-5
1.710375E+7,    -6.518885E-5,    5.642697E-5
1.711000E+7,    -2.495572E-5,    7.192791E-5
1.711625E+7,    8.709356E-5,    -8.121133E-7
1.712250E+7,    -9.968877E-5,    4.115701E-5
1.712875E+7,    -3.425963E-5,    -2.405234E-5
1.713500E+7,    1.125224E-5,    1.477636E-5
1.714125E+7,    -1.844019E-5,    4.305132E-5
1.714750E+7,    1.796708E-5,    -2.277829E-5
1.715375E+7,    5.367957E-5,    -5.672686E-5
1.716000E+7,    2.344046E-5,    -8.136965E-6
1.716625E+7,    -6.943196E-5,    -1.044571E-5
1.717250E+7,    -3.401190E-5,    -3.274158E-5
1.717875E+7,    -3.649294E-5,    6.582960E-5
1.718500E+7,    -3.363937E-5,    -4.734099E-5
1.719125E+7,    -8.011982E-5,    -4.566833E-5
1.719750E+7,    -2.369005E-5,    1.681503E-5
1.720375E+7,    6.489456E-6,    -2.598390E-5
1.721000E+7,    -7.504970E-5,    -1.939759E-5
1.721625E+7,    2.783164E-5,    4.721805E-5
1.722250E+7,    4.956499E-6,    3.208779E-5
1.722875E+7,    2.305023E-7,    -8.714851E-6
1.723500E+7,    -1.115240E-4,    4.062802E-5
1.724125E+7,    4.677102E-6,    4.371814E-5
1.724750E+7,    3.603101E-5,    -4.261173E-5
1.725375E+7,    -3.492646E-5,    1.959503E-6
1.726000E+7,    8.007139E-5,    4.873425E-5
1.726625E+7,    5.736016E-6,    3.064517E-6
1.727250E+7,    2.253242E-5,    2.679229E-5
1.727875E+7,    -1.614168E-5,    -4.697219E-5
1.728500E+7,    -1.751445E-5,    2.422370E-6
1.729125E+7,    -9.857863E-5,    -1.135468E-5
1.729750E+7,    -4.035793E-5,    -1.273304E-5
1.730375E+7,    -2.786890E-5,    -4.444271E-5
1.731000E+7,    -2.962723E-5,    1.955219E-5
1.731625E+7,    2.398640E-4,    -4.567206E-5
1.732250E+7,    -1.085475E-4,    -7.285923E-5
1.732875E+7,    -9.190291E-6,    1.190268E-4
1.733500E+7,    1.785066E-5,    -1.405180E-5
1.734125E+7,    5.696714E-5,    4.526973E-5
1.734750E+7,    -4.022382E-5,    -1.860596E-5
1.735375E+7,    4.022382E-5,    1.862459E-5
1.736000E+7,    2.445467E-5,    -4.004687E-5
1.736625E+7,    1.653656E-5,    3.250875E-5
1.737250E+7,    -6.801635E-5,    -6.312132E-5
1.737875E+7,    1.288392E-5,    -4.332699E-5
1.738500E+7,    1.812074E-5,    -2.278108E-5
1.739125E+7,    -3.434718E-6,    -8.171424E-5
1.739750E+7,    -4.578754E-5,    -2.762675E-5
1.740375E+7,    1.210570E-4,    4.147738E-5
1.741000E+7,    -4.869699E-5,    -1.296774E-4
1.741625E+7,    -3.862754E-5,    -7.111952E-5
1.742250E+7,    -1.415908E-4,    5.696714E-5
1.742875E+7,    -4.972145E-5,    1.034550E-4
1.743500E+7,    -1.998991E-4,    -1.313239E-4
1.744125E+7,    4.884973E-5,    -7.134303E-5
1.744750E+7,    -1.134053E-4,    -1.054332E-4
1.745375E+7,    1.320094E-4,    -1.213700E-4
1.746000E+7,    -4.194118E-5,    3.659166E-5
1.746625E+7,    -2.652407E-5,    -8.536130E-5
1.747250E+7,    2.312101E-5,    6.545335E-6
1.747875E+7,    -4.322082E-5,    7.737055E-5
1.748500E+7,    -1.488402E-4,    -9.193271E-5
1.749125E+7,    4.611909E-6,    3.805012E-5
1.749750E+7,    -7.328019E-5,    1.027212E-4
1.750375E+7,    -2.421252E-5,    2.841000E-5
1.751000E+7,    3.296882E-5,    6.524101E-5
1.751625E+7,    1.537427E-5,    6.762147E-5
1.752250E+7,    -3.869087E-5,    -6.835908E-5
1.752875E+7,    4.918501E-5,    -7.726252E-5
1.753500E+7,    -1.157494E-5,    -3.288500E-6
1.754125E+7,    5.642418E-6,    6.017741E-6
1.754750E+7,    -4.141778E-5,    1.618266E-5
1.755375E+7,    -2.496131E-5,    4.881807E-5
1.756000E+7,    -2.877042E-5,    -1.261197E-5
1.756625E+7,    -4.446507E-5,    -6.857142E-5
1.757250E+7,    -4.908442E-5,    7.130578E-5
1.757875E+7,    -9.615906E-8,    2.915971E-6
1.758500E+7,    -8.698553E-7,    2.627354E-5
1.759125E+7,    -4.074350E-5,    -4.280359E-6
1.759750E+7,    -4.104339E-5,    4.477799E-6
1.760375E+7,    -1.044460E-4,    -2.091005E-5
1.761000E+7,    3.383309E-5,    -1.361296E-4
1.761625E+7,    -1.221225E-4,    -1.582503E-5
1.762250E+7,    -1.828559E-5,    2.272427E-5
1.762875E+7,    -8.158013E-5,    -5.651265E-6
1.763500E+7,    1.298636E-5,    -3.753416E-5
1.764125E+7,    -2.345629E-5,    2.110377E-6
1.764750E+7,    2.484769E-6,    -7.297471E-5
1.765375E+7,    9.739399E-5,    5.890429E-5
1.766000E+7,    -2.786145E-5,    -3.895536E-5
1.766625E+7,    -3.012177E-5,    2.528075E-5
1.767250E+7,    -2.387725E-5,    1.377519E-5
1.767875E+7,    -3.682077E-5,    -1.183376E-4
1.768500E+7,    -2.250671E-4,    -8.411705E-5
1.769125E+7,    -2.347026E-5,    2.103858E-6
1.769750E+7,    1.853332E-6,    -5.260296E-5
1.770375E+7,    -6.058067E-5,    -1.075044E-4
1.771000E+7,    -1.699850E-5,    -1.522340E-5
1.771625E+7,    2.169609E-5,    4.756451E-5
1.772250E+7,    7.202849E-6,    -3.776886E-5
1.772875E+7,    -1.261458E-4,    9.207428E-5
1.773500E+7,    1.033694E-4,    5.637854E-5
1.774125E+7,    6.868690E-5,    4.342198E-5
1.774750E+7,    -2.254173E-5,    -2.420507E-5
1.775375E+7,    7.019937E-5,    2.533197E-6
1.776000E+7,    1.894124E-5,    -3.735349E-5
1.776625E+7,    -4.636869E-5,    -1.338869E-5
1.777250E+7,    7.448345E-5,    -1.143254E-4
1.777875E+7,    3.370270E-5,    3.927946E-5
1.778500E+7,    -1.364499E-4,    4.769862E-5
1.779125E+7,    5.348586E-5,    -2.143160E-5
1.779750E+7,    -1.349673E-4,    6.750226E-6
1.780375E+7,    1.895428E-5,    -3.737956E-5
1.781000E+7,    -1.640618E-5,    -1.879707E-4
1.781625E+7,    3.077276E-5,    -3.986619E-5
1.782250E+7,    5.780533E-5,    1.971424E-5
1.782875E+7,    2.427399E-5,    -2.249982E-5
1.783500E+7,    -5.961768E-5,    2.705120E-5
1.784125E+7,    2.948754E-5,    -4.760921E-6
1.784750E+7,    3.423542E-5,    -1.306236E-4
1.785375E+7,    -3.357604E-5,    -4.232675E-5
1.786000E+7,    -8.459762E-5,    6.413460E-5
1.786625E+7,    -3.244355E-5,    -7.160380E-5
1.787250E+7,    -4.042126E-5,    -1.618639E-5
1.787875E+7,    4.084595E-5,    4.505739E-6
1.788500E+7,    6.194692E-6,    -8.556992E-6
1.789125E+7,    1.024641E-5,    3.848411E-5
1.789750E+7,    -5.297363E-6,    -1.487974E-5
1.790375E+7,    -4.158542E-5,    1.305528E-5
1.791000E+7,    -5.295314E-5,    3.810972E-6
1.791625E+7,    -3.645569E-5,    -1.157671E-4
1.792250E+7,    -6.373972E-5,    -2.008304E-5
1.792875E+7,    -4.201755E-5,    2.473965E-5
1.793500E+7,    -1.474172E-4,    1.765043E-5
1.794125E+7,    5.391426E-5,    -2.727099E-5
1.794750E+7,    -3.715791E-5,    4.839711E-5
1.795375E+7,    -5.504582E-6,    -9.025447E-6
1.796000E+7,    -1.565591E-4,    2.432019E-4
1.796625E+7,    -7.715076E-6,    -1.001097E-4
1.797250E+7,    -1.208344E-5,    8.319039E-6
1.797875E+7,    1.448467E-4,    4.687160E-5
1.798500E+7,    5.140901E-6,    -1.289174E-4
1.799125E+7,    -5.396083E-5,    2.724119E-5
1.799750E+7,    -6.318092E-5,    -3.489479E-5
1.800375E+7,    -1.568720E-5,    -4.765019E-5
1.801000E+7,    4.429370E-6,    3.541820E-5
1.801625E+7,    1.497939E-5,    -8.160621E-5
1.802250E+7,    -1.503900E-5,    -6.226823E-5
1.802875E+7,    4.608557E-5,    2.245605E-5
1.803500E+7,    -8.436292E-5,    -8.864701E-5
1.804125E+7,    2.992339E-5,    -1.346972E-5
1.804750E+7,    -2.134964E-5,    -5.083531E-5
1.805375E+7,    2.642348E-5,    -7.235259E-5
1.806000E+7,    -2.347492E-5,    -9.723008E-7
1.806625E+7,    -5.990453E-5,    2.686679E-5
1.807250E+7,    -4.718080E-5,    3.905967E-6
1.807875E+7,    1.463592E-4,    -1.260862E-4
1.808500E+7,    -5.053729E-5,    8.301809E-5
1.809125E+7,    -7.461384E-5,    -4.430860E-5
1.809750E+7,    -3.680401E-5,    3.664568E-5
1.810375E+7,    8.567423E-5,    5.652755E-5
1.811000E+7,    -1.283213E-4,    -2.307445E-5
1.811625E+7,    3.712997E-5,    -4.248880E-5
1.812250E+7,    -9.643659E-5,    5.461648E-5
1.812875E+7,    -4.873425E-5,    -9.907037E-5
1.813500E+7,    4.107691E-5,    1.812354E-6
1.814125E+7,    -4.584342E-5,    -2.846494E-5
1.814750E+7,    -1.784116E-4,    -9.307265E-5
1.815375E+7,    6.020069E-6,    -1.379550E-4
1.816000E+7,    -6.423146E-5,    -1.159683E-5
1.816625E+7,    2.065301E-4,    1.236498E-4
1.817250E+7,    9.256601E-5,    1.688600E-4
1.817875E+7,    -3.812835E-6,    -4.719757E-5
1.818500E+7,    -5.010888E-5,    -6.384030E-5
1.819125E+7,    -1.628883E-5,    -3.016368E-5
1.819750E+7,    -4.772842E-5,    1.480132E-4
1.820375E+7,    -5.164742E-5,    -2.878532E-5
1.821000E+7,    -1.672469E-5,    -2.133101E-5
1.821625E+7,    -9.234995E-6,    -5.628169E-5
1.822250E+7,    -1.061559E-4,    -1.253933E-4
1.822875E+7,    -1.211539E-4,    -5.550683E-5
1.823500E+7,    -6.846339E-5,    -4.731119E-5
1.824125E+7,    -7.765740E-5,    -1.064911E-4
1.824750E+7,    -8.918718E-5,    1.953542E-5
1.825375E+7,    -2.218969E-5,    -3.045797E-5
1.826000E+7,    3.404915E-5,    2.807006E-5
1.826625E+7,    -1.937151E-6,    -8.551404E-5
1.827250E+7,    3.990717E-7,    -8.816831E-6
1.827875E+7,    2.963934E-5,    -4.524365E-6
1.828500E+7,    1.501292E-6,    -3.233925E-5
1.829125E+7,    -2.696365E-5,    -5.425885E-5
1.829750E+7,    9.514391E-6,    -7.907674E-5
1.830375E+7,    -2.010167E-5,    -7.459521E-5
1.831000E+7,    1.507029E-4,    -7.549673E-5
1.831625E+7,    6.866455E-5,    4.441664E-5
1.832250E+7,    -3.187731E-5,    5.151890E-5
1.832875E+7,    -2.706051E-5,    -5.134568E-5
1.833500E+7,    4.117191E-5,    -1.248494E-4
1.834125E+7,    2.461672E-5,    -2.240296E-5
1.834750E+7,    1.397170E-5,    -4.651397E-5
1.835375E+7,    5.472451E-6,    9.108800E-6
1.836000E+7,    4.186295E-7,    -8.827541E-6
1.836625E+7,    -1.205783E-5,    5.330890E-6
1.837250E+7,    4.776195E-5,    -1.250021E-5
1.837875E+7,    1.380686E-7,    -2.944027E-6
1.838500E+7,    3.408082E-5,    2.816133E-5
1.839125E+7,    -1.291633E-4,    -1.211464E-5
1.839750E+7,    -1.653954E-4,    3.926456E-6
1.840375E+7,    -1.007468E-4,    9.987503E-6
1.841000E+7,    -3.940240E-5,    -4.025176E-5
1.841625E+7,    -5.035475E-5,    6.541982E-5
1.842250E+7,    4.348531E-5,    -4.514307E-5
1.842875E+7,    -2.399832E-5,    7.688999E-6
1.843500E+7,    -1.006052E-4,    -1.169592E-4
1.844125E+7,    -4.895777E-5,    -8.502603E-5
1.844750E+7,    3.743917E-6,    4.442409E-5
1.845375E+7,    2.140924E-5,    4.533306E-5
1.846000E+7,    -4.754029E-5,    6.521121E-6
1.846625E+7,    5.216524E-5,    2.019480E-5
1.847250E+7,    -3.174879E-5,    4.564412E-5
1.847875E+7,    -9.093434E-6,    6.447732E-5
1.848500E+7,    -1.750886E-6,    3.530644E-5
1.849125E+7,    1.970679E-5,    -4.038215E-5
1.849750E+7,    -7.709488E-5,    7.927418E-6
1.850375E+7,    -1.004860E-4,    -1.172647E-4
1.851000E+7,    8.051470E-5,    4.239753E-5
1.851625E+7,    -1.692958E-5,    -1.560152E-5
1.852250E+7,    1.023971E-4,    -3.914163E-5
1.852875E+7,    -2.109632E-5,    6.683171E-5
1.853500E+7,    4.345626E-4,    6.027520E-5
1.854125E+7,    -1.373142E-5,    1.558214E-4
1.854750E+7,    -4.222989E-5,    -9.968132E-5
1.855375E+7,    2.669841E-4,    -1.594424E-5
1.856000E+7,    1.320913E-4,    7.461011E-5