SAVED BY: 
TITLE: 
COMMENTS: 
DATE: 10/27/2020
TIME: 1:15 PM

STIMULUS, REAL, IMAGINARY

8.560000E+6,    -1.619011E-5,    -1.343414E-4
8.566250E+6,    -1.740456E-5,    -1.656860E-4
8.572500E+6,    -2.656877E-5,    -1.606569E-4
8.578750E+6,    -2.390891E-5,    -1.543686E-4
8.585000E+6,    1.324713E-5,    -1.589805E-4
8.591250E+6,    4.135072E-6,    -1.459196E-4
8.597500E+6,    9.983778E-7,    -1.443997E-4
8.603750E+6,    3.919005E-6,    -1.381636E-4
8.610000E+6,    -2.555549E-5,    -1.542345E-4
8.616250E+6,    -1.350045E-5,    -1.609400E-4
8.622500E+6,    -7.629395E-6,    -1.643002E-4
8.628750E+6,    -1.767278E-5,    -1.668632E-4
8.635000E+6,    8.150935E-6,    -1.492724E-4
8.641250E+6,    -1.507252E-5,    -1.686364E-4
8.647500E+6,    4.798174E-6,    -1.397952E-4
8.653750E+6,    -1.049787E-5,    -1.312718E-4
8.660000E+6,    -9.745359E-6,    -1.641661E-4
8.666250E+6,    -1.159310E-5,    -1.390576E-4
8.672500E+6,    7.510185E-6,    -1.261011E-4
8.678750E+6,    -1.949817E-5,    -1.510829E-4
8.685000E+6,    -7.174909E-6,    -1.503974E-4
8.691250E+6,    -1.005828E-5,    -1.486093E-4
8.697500E+6,    -1.737475E-5,    -1.525953E-4
8.703750E+6,    -1.829863E-5,    -1.605004E-4
8.710000E+6,    -8.925796E-6,    -1.581162E-4
8.716250E+6,    6.094575E-6,    -1.592934E-4
8.722500E+6,    -2.917647E-5,    -1.628548E-4
8.728750E+6,    -7.949769E-6,    -1.676902E-4
8.735000E+6,    -1.406670E-5,    -1.640171E-4
8.741250E+6,    -1.088530E-5,    -1.580864E-4
8.747500E+6,    -2.466887E-5,    -1.662225E-4
8.753750E+6,    -1.575053E-5,    -1.716688E-4
8.760000E+6,    -5.111098E-6,    -1.538843E-4
8.766250E+6,    -5.632639E-6,    -1.537800E-4
8.772500E+6,    -4.097819E-6,    -1.382902E-4
8.778750E+6,    -9.968877E-6,    -1.597255E-4
8.785000E+6,    -1.839548E-5,    -1.792535E-4
8.791250E+6,    -2.693385E-5,    -1.660511E-4
8.797500E+6,    -1.813471E-5,    -1.636446E-4
8.803750E+6,    -2.850592E-5,    -1.736209E-4
8.810000E+6,    -1.485646E-5,    -1.577586E-4
8.816250E+6,    -1.833588E-5,    -1.557544E-4
8.822500E+6,    -3.692508E-5,    -1.521632E-4
8.828750E+6,    -4.351139E-6,    -1.655146E-4
8.835000E+6,    -1.409650E-5,    -1.421198E-4
8.841250E+6,    -1.453608E-5,    -1.419485E-4
8.847500E+6,    -4.209578E-6,    -1.576245E-4
8.853750E+6,    -2.806634E-5,    -1.672655E-4
8.860000E+6,    -5.677342E-6,    -1.653135E-4
8.866250E+6,    -2.355129E-5,    -1.787767E-4
8.872500E+6,    -1.248717E-5,    -1.612306E-4
8.878750E+6,    -1.817942E-5,    -1.747832E-4
8.885000E+6,    8.270144E-7,    -1.712814E-4
8.891250E+6,    -2.337247E-5,    -1.629144E-4
8.897500E+6,    -1.537800E-5,    -1.688749E-4
8.903750E+6,    -3.091991E-6,    -1.693442E-4
8.910000E+6,    -3.089756E-5,    -1.667887E-4
8.916250E+6,    -2.282858E-5,    -1.724586E-4
8.922500E+6,    -2.682209E-5,    -1.704469E-4
8.928750E+6,    3.628433E-6,    -1.752377E-4
8.935000E+6,    -1.418591E-5,    -1.885369E-4
8.941250E+6,    -1.474470E-5,    -1.885742E-4
8.947500E+6,    -2.346933E-5,    -1.824275E-4
8.953750E+6,    -1.819432E-5,    -1.686290E-4
8.960000E+6,    -1.627207E-5,    -1.530945E-4
8.966250E+6,    -9.723008E-6,    -1.671612E-4
8.972500E+6,    -3.349036E-5,    -1.757443E-4
8.978750E+6,    -1.757592E-5,    -1.530126E-4
8.985000E+6,    -1.785904E-5,    -1.706928E-4
8.991250E+6,    -1.645833E-5,    -1.629591E-4
8.997500E+6,    -1.014024E-5,    -1.592264E-4
9.003750E+6,    -4.842877E-7,    -1.578704E-4
9.010000E+6,    -1.887232E-5,    -1.702830E-4
9.016250E+6,    -2.355129E-5,    -1.760200E-4
9.022500E+6,    -2.426654E-5,    -1.760200E-4
9.028750E+6,    -1.611561E-5,    -1.650155E-4
9.035000E+6,    -3.095716E-5,    -1.891851E-4
9.041250E+6,    -2.142787E-5,    -1.703501E-4
9.047500E+6,    -2.445281E-5,    -1.857430E-4
9.053750E+6,    -9.290874E-6,    -1.887083E-4
9.060000E+6,    -3.803521E-5,    -1.842678E-4
9.066250E+6,    -2.079457E-5,    -1.624748E-4
9.072500E+6,    -4.211813E-5,    -1.819432E-4
9.078750E+6,    -1.832098E-5,    -1.919270E-4
9.085000E+6,    -1.997501E-5,    -1.821071E-4
9.091250E+6,    -2.828240E-5,    -2.031103E-4
9.097500E+6,    -2.381206E-5,    -1.797676E-4
9.103750E+6,    -4.548579E-5,    -1.892895E-4
9.110000E+6,    -3.141910E-5,    -1.830608E-4
9.116250E+6,    -5.070865E-5,    -1.947582E-4
9.122500E+6,    -2.963841E-5,    -1.849160E-4
9.128750E+6,    -2.027303E-5,    -1.839697E-4
9.135000E+6,    -4.322082E-5,    -1.836047E-4
9.141250E+6,    -5.355477E-5,    -1.844168E-4
9.147500E+6,    -3.194809E-5,    -1.748204E-4
9.153750E+6,    -2.665073E-5,    -1.792535E-4
9.160000E+6,    -3.850460E-5,    -1.701787E-4
9.166250E+6,    -1.746416E-5,    -1.882166E-4
9.172500E+6,    -1.568347E-5,    -1.807287E-4
9.178750E+6,    -2.520531E-5,    -1.913458E-4
9.185000E+6,    -2.824515E-5,    -1.888499E-4
9.191250E+6,    -2.378225E-5,    -1.934841E-4
9.197500E+6,    -1.581013E-5,    -1.729429E-4
9.203750E+6,    -2.735108E-5,    -1.811162E-4
9.210000E+6,    -2.807379E-5,    -1.812577E-4
9.216250E+6,    -1.055002E-5,    -1.972020E-4
9.222500E+6,    -3.559142E-5,    -1.565367E-4
9.228750E+6,    -3.083050E-5,    -1.985580E-4
9.235000E+6,    -5.683303E-5,    -1.849830E-4
9.241250E+6,    -1.951307E-5,    -1.902282E-4
9.247500E+6,    -3.868341E-5,    -2.111346E-4
9.253750E+6,    -2.041459E-5,    -1.901761E-4
9.260000E+6,    -3.500283E-5,    -1.959875E-4
9.266250E+6,    -2.557039E-5,    -2.052560E-4
9.272500E+6,    -3.255159E-5,    -1.807213E-4
9.278750E+6,    -3.410876E-5,    -2.079755E-4
9.285000E+6,    -2.274662E-5,    -1.899675E-4
9.291250E+6,    -2.600998E-5,    -1.777858E-4
9.297500E+6,    -2.615899E-5,    -1.874939E-4
9.303750E+6,    -1.940876E-5,    -1.850650E-4
9.310000E+6,    -1.732260E-5,    -1.673773E-4
9.316250E+6,    -3.990531E-5,    -1.755506E-4
9.322500E+6,    -2.768636E-5,    -1.774207E-4
9.328750E+6,    -4.537404E-5,    -1.903772E-4
9.335000E+6,    -1.581013E-5,    -1.895875E-4
9.341250E+6,    -4.102290E-5,    -1.948848E-4
9.347500E+6,    -1.691282E-5,    -1.895577E-4
9.353750E+6,    -9.529293E-6,    -1.868233E-4
9.360000E+6,    -2.986193E-5,    -2.073050E-4
9.366250E+6,    -2.786517E-5,    -2.095103E-4
9.372500E+6,    -2.821535E-5,    -1.895875E-4
9.378750E+6,    -3.118068E-5,    -1.770779E-4
9.385000E+6,    -2.405047E-5,    -1.943111E-4
9.391250E+6,    -1.700222E-5,    -2.016574E-4
9.397500E+6,    -3.729761E-5,    -2.016872E-4
9.403750E+6,    -2.044439E-5,    -2.094805E-4
9.410000E+6,    -2.840161E-5,    -2.115071E-4
9.416250E+6,    -4.116446E-5,    -1.891032E-4
9.422500E+6,    -1.136959E-5,    -1.892149E-4
9.428750E+6,    -3.196299E-5,    -1.990348E-4
9.435000E+6,    -9.894371E-6,    -1.919121E-4
9.441250E+6,    -4.550815E-5,    -2.161562E-4
9.447500E+6,    -2.542138E-5,    -1.863241E-4
9.453750E+6,    -2.086163E-5,    -1.914352E-4
9.460000E+6,    -1.995265E-5,    -2.038479E-4
9.466250E+6,    -3.935397E-5,    -1.834482E-4
9.472500E+6,    -2.002716E-5,    -1.938343E-4
9.478750E+6,    -4.833937E-5,    -2.053678E-4
9.485000E+6,    -4.321337E-5,    -1.907200E-4
9.491250E+6,    -2.607703E-5,    -1.886338E-4
9.497500E+6,    -3.439188E-5,    -2.008080E-4
9.503750E+6,    -3.561378E-5,    -2.203882E-4
9.510000E+6,    -2.500415E-5,    -1.912117E-4
9.516250E+6,    -4.121661E-5,    -2.154112E-4
9.522500E+6,    -4.455447E-5,    -2.126098E-4
9.528750E+6,    -2.434850E-5,    -2.135336E-4
9.535000E+6,    -5.719066E-5,    -2.097487E-4
9.541250E+6,    -4.324317E-5,    -2.152324E-4
9.547500E+6,    -2.637506E-5,    -2.132654E-4
9.553750E+6,    -1.364946E-5,    -2.065301E-4
9.560000E+6,    -1.861155E-5,    -2.013594E-4
9.566250E+6,    -5.710125E-5,    -2.116859E-4
9.572500E+6,    -4.175305E-5,    -1.975894E-4
9.578750E+6,    -3.483891E-5,    -2.051890E-4
9.585000E+6,    -5.254149E-5,    -1.967251E-4
9.591250E+6,    -5.725026E-5,    -2.236664E-4
9.597500E+6,    -2.920628E-5,    -2.028197E-4
9.603750E+6,    -4.369020E-5,    -2.194047E-4
9.610000E+6,    -4.747510E-5,    -2.041161E-4
9.616250E+6,    -2.920628E-5,    -2.254844E-4
9.622500E+6,    -4.070997E-5,    -2.018809E-4
9.628750E+6,    -3.531575E-5,    -2.201498E-4
9.635000E+6,    -5.164742E-5,    -2.011061E-4
9.641250E+6,    -4.556775E-5,    -2.087951E-4
9.647500E+6,    -5.248189E-5,    -2.005398E-4
9.653750E+6,    -5.245209E-5,    -2.232790E-4
9.660000E+6,    -4.971027E-5,    -2.160966E-4
9.666250E+6,    -3.749132E-5,    -2.195537E-4
9.672500E+6,    -3.474951E-5,    -2.123117E-4
9.678750E+6,    -6.729364E-5,    -2.291799E-4
9.685000E+6,    -2.950430E-5,    -2.203584E-4
9.691250E+6,    -4.675984E-5,    -2.437532E-4
9.697500E+6,    -6.222725E-5,    -2.143383E-4
9.703750E+6,    -2.403557E-5,    -2.056658E-4
9.710000E+6,    -5.608797E-5,    -2.225339E-4
9.716250E+6,    -2.920628E-5,    -2.228022E-4
9.722500E+6,    -3.650784E-5,    -2.144575E-4
9.728750E+6,    -2.181530E-5,    -2.336800E-4
9.735000E+6,    -4.526973E-5,    -2.160370E-4
9.741250E+6,    -5.003810E-5,    -2.330542E-4
9.747500E+6,    -6.857514E-5,    -2.331138E-4
9.753750E+6,    -5.730987E-5,    -2.016425E-4
9.760000E+6,    -4.491210E-5,    -2.183914E-4
9.766250E+6,    -4.309416E-5,    -2.210438E-4
9.772500E+6,    -3.328919E-5,    -2.224147E-4
9.778750E+6,    -7.370114E-5,    -2.398789E-4
9.785000E+6,    -5.397201E-5,    -2.320409E-4
9.791250E+6,    -5.742908E-5,    -2.392828E-4
9.797500E+6,    -3.135204E-5,    -2.277493E-4
9.803750E+6,    -6.622076E-5,    -2.404451E-4
9.810000E+6,    -6.693602E-5,    -2.050996E-4
9.816250E+6,    -4.065037E-5,    -2.289414E-4
9.822500E+6,    -3.413856E-5,    -2.022833E-4
9.828750E+6,    -3.746152E-5,    -2.345443E-4
9.835000E+6,    -4.422665E-5,    -2.258420E-4
9.841250E+6,    -5.593896E-5,    -2.343655E-4
9.847500E+6,    -4.103780E-5,    -2.190173E-4
9.853750E+6,    -5.069375E-5,    -2.425313E-4
9.860000E+6,    -8.526444E-5,    -2.319217E-4
9.866250E+6,    -6.121397E-5,    -2.536774E-4
9.872500E+6,    -5.191565E-5,    -2.549589E-4
9.878750E+6,    -5.480647E-5,    -2.394021E-4
9.885000E+6,    -5.903840E-5,    -2.335906E-4
9.891250E+6,    -5.471706E-5,    -2.291203E-4
9.897500E+6,    -6.303191E-5,    -2.175570E-4
9.903750E+6,    -5.236268E-5,    -2.577901E-4
9.910000E+6,    -5.307794E-5,    -2.445579E-4
9.916250E+6,    -6.562471E-5,    -2.653897E-4
9.922500E+6,    -6.562471E-5,    -2.525747E-4
9.928750E+6,    -5.626678E-5,    -2.418160E-4
9.935000E+6,    -4.369020E-5,    -2.366900E-4
9.941250E+6,    -6.982684E-5,    -2.364814E-4
9.947500E+6,    -4.440546E-5,    -2.365112E-4
9.953750E+6,    -6.052852E-5,    -2.381802E-4
9.960000E+6,    -4.571676E-5,    -2.363026E-4
9.966250E+6,    -4.583597E-5,    -2.359152E-4
9.972500E+6,    -7.048249E-5,    -2.388954E-4
9.978750E+6,    -5.918741E-5,    -2.565980E-4
9.985000E+6,    -8.076429E-5,    -2.367795E-4
9.991250E+6,    -6.204844E-5,    -2.278984E-4
9.997500E+6,    -4.491210E-5,    -2.410412E-4
1.000375E+7,    -7.471442E-5,    -2.607703E-4
1.001000E+7,    -5.915761E-5,    -2.461970E-4
1.001625E+7,    -6.327033E-5,    -2.401471E-4
1.002250E+7,    -6.473064E-5,    -2.525449E-4
1.002875E+7,    -7.095933E-5,    -2.435744E-4
1.003500E+7,    -9.289384E-5,    -2.361834E-4
1.004125E+7,    -6.192923E-5,    -2.456009E-4
1.004750E+7,    -7.596612E-5,    -2.373159E-4
1.005375E+7,    -6.332994E-5,    -2.578795E-4
1.006000E+7,    -5.722046E-5,    -2.285540E-4
1.006625E+7,    -5.644560E-5,    -2.442598E-4
1.007250E+7,    -6.970763E-5,    -2.771318E-4
1.007875E+7,    -7.727742E-5,    -2.651215E-4
1.008500E+7,    -8.291006E-5,    -2.434552E-4
1.009125E+7,    -4.467368E-5,    -2.521574E-4
1.009750E+7,    -6.872416E-5,    -2.540350E-4
1.010375E+7,    -8.717179E-5,    -2.651215E-4
1.011000E+7,    -7.408857E-5,    -2.605617E-4
1.011625E+7,    -7.432699E-5,    -2.478063E-4
1.012250E+7,    -6.407499E-5,    -2.785921E-4
1.012875E+7,    -5.233288E-5,    -2.583563E-4
1.013500E+7,    -7.301569E-5,    -2.659857E-4
1.014125E+7,    -6.470084E-5,    -2.814531E-4
1.014750E+7,    -6.878376E-5,    -2.462566E-4
1.015375E+7,    -5.996227E-5,    -2.770424E-4
1.016000E+7,    -6.917119E-5,    -2.618730E-4
1.016625E+7,    -8.118153E-5,    -2.688169E-4
1.017250E+7,    -5.763769E-5,    -2.545118E-4
1.017875E+7,    -7.790327E-5,    -2.778471E-4
1.018500E+7,    -8.198619E-5,    -2.711415E-4
1.019125E+7,    -8.460879E-5,    -2.812147E-4
1.019750E+7,    -6.884336E-5,    -2.668798E-4
1.020375E+7,    -7.367134E-5,    -2.737045E-4
1.021000E+7,    -7.581711E-5,    -2.704859E-4
1.021625E+7,    -8.028746E-5,    -2.640486E-4
1.022250E+7,    -9.039044E-5,    -2.609789E-4
1.022875E+7,    -6.970763E-5,    -2.852976E-4
1.023500E+7,    -9.578466E-5,    -2.673566E-4
1.024125E+7,    -5.331635E-5,    -2.719760E-4
1.024750E+7,    -7.939339E-5,    -2.692044E-4
1.025375E+7,    -7.510185E-5,    -2.632439E-4
1.026000E+7,    -7.805228E-5,    -2.598763E-4
1.026625E+7,    -8.723140E-5,    -2.882481E-4
1.027250E+7,    -8.356571E-5,    -2.814233E-4
1.027875E+7,    -9.652972E-5,    -2.721548E-4
1.028500E+7,    -7.006526E-5,    -2.779663E-4
1.029125E+7,    -6.160140E-5,    -2.803504E-4
1.029750E+7,    -9.912252E-5,    -2.711117E-4
1.030375E+7,    -8.639693E-5,    -2.806187E-4
1.031000E+7,    -9.325147E-5,    -2.836287E-4
1.031625E+7,    -5.653501E-5,    -2.767742E-4
1.032250E+7,    -7.042289E-5,    -2.832413E-4
1.032875E+7,    -9.638071E-5,    -2.798438E-4
1.033500E+7,    -1.019537E-4,    -3.021359E-4
1.034125E+7,    -1.005530E-4,    -3.051162E-4
1.034750E+7,    -7.405877E-5,    -2.952814E-4
1.035375E+7,    -1.033247E-4,    -3.176630E-4
1.036000E+7,    -9.632111E-5,    -2.851188E-4
1.036625E+7,    -7.680058E-5,    -2.948642E-4
1.037250E+7,    -8.720160E-5,    -2.883673E-4
1.037875E+7,    -7.227063E-5,    -3.043413E-4
1.038500E+7,    -9.241700E-5,    -3.131628E-4
1.039125E+7,    -9.334087E-5,    -3.129542E-4
1.039750E+7,    -9.700656E-5,    -2.909005E-4
1.040375E+7,    -9.474158E-5,    -2.966821E-4
1.041000E+7,    -8.374453E-5,    -3.033280E-4
1.041625E+7,    -9.432435E-5,    -2.994537E-4
1.042250E+7,    -9.432435E-5,    -2.995431E-4
1.042875E+7,    -8.404255E-5,    -2.901852E-4
1.043500E+7,    -7.253885E-5,    -3.157556E-4
1.044125E+7,    -8.898973E-5,    -3.151596E-4
1.044750E+7,    -9.575486E-5,    -3.018379E-4
1.045375E+7,    -1.015365E-4,    -3.080964E-4
1.046000E+7,    -9.390712E-5,    -3.080368E-4
1.046625E+7,    -1.047254E-4,    -3.042221E-4
1.047250E+7,    -1.078546E-4,    -2.980828E-4
1.047875E+7,    -8.556247E-5,    -3.144741E-4
1.048500E+7,    -1.237392E-4,    -3.156662E-4
1.049125E+7,    -9.223819E-5,    -3.011823E-4
1.049750E+7,    -8.609891E-5,    -3.174543E-4
1.050375E+7,    -8.654594E-5,    -3.170371E-4
1.051000E+7,    -9.971857E-5,    -3.064275E-4
1.051625E+7,    -9.298325E-5,    -3.229976E-4
1.052250E+7,    -9.897351E-5,    -3.095567E-4
1.052875E+7,    -1.025796E-4,    -3.026128E-4
1.053500E+7,    -7.569790E-5,    -3.136694E-4
1.054125E+7,    -8.749962E-5,    -3.227890E-4
1.054750E+7,    -7.373095E-5,    -3.200769E-4
1.055375E+7,    -1.020133E-4,    -3.279448E-4
1.056000E+7,    -1.135767E-4,    -3.205240E-4
1.056625E+7,    -1.022518E-4,    -3.114343E-4
1.057250E+7,    -1.114905E-4,    -3.105402E-4
1.057875E+7,    -1.120865E-4,    -3.296137E-4
1.058500E+7,    -8.851290E-5,    -3.121197E-4
1.059125E+7,    -9.691715E-5,    -3.307760E-4
1.059750E+7,    -1.292229E-4,    -3.275573E-4
1.060375E+7,    -1.196861E-4,    -3.347695E-4
1.061000E+7,    -1.111627E-4,    -3.192723E-4
1.061625E+7,    -1.142621E-4,    -3.316104E-4
1.062250E+7,    -9.745359E-5,    -3.197789E-4
1.062875E+7,    -1.016557E-4,    -3.482103E-4
1.063500E+7,    -1.023710E-4,    -3.476739E-4
1.064125E+7,    -9.459257E-5,    -3.298819E-4
1.064750E+7,    -1.186728E-4,    -3.275275E-4
1.065375E+7,    -1.310110E-4,    -3.605485E-4
1.066000E+7,    -9.816885E-5,    -3.261864E-4
1.066625E+7,    -1.252294E-4,    -3.356040E-4
1.067250E+7,    -1.151562E-4,    -3.238618E-4
1.067875E+7,    -9.524822E-5,    -3.418028E-4
1.068500E+7,    -1.141131E-4,    -3.489852E-4
1.069125E+7,    -1.275539E-4,    -3.573000E-4
1.069750E+7,    -1.056790E-4,    -3.370643E-4
1.070375E+7,    -1.410544E-4,    -3.454089E-4
1.071000E+7,    -1.188517E-4,    -3.450215E-4
1.071625E+7,    -1.320243E-4,    -3.527403E-4
1.072250E+7,    -1.167059E-4,    -3.321171E-4
1.072875E+7,    -1.219511E-4,    -3.600121E-4
1.073500E+7,    -1.086891E-4,    -3.391504E-4
1.074125E+7,    -1.075864E-4,    -3.455877E-4
1.074750E+7,    -1.204908E-4,    -3.502071E-4
1.075375E+7,    -1.297593E-4,    -3.491044E-4
1.076000E+7,    -1.125336E-4,    -3.576577E-4
1.076625E+7,    -1.098216E-4,    -3.671944E-4
1.077250E+7,    -1.329780E-4,    -3.446341E-4
1.077875E+7,    -1.351833E-4,    -3.638268E-4
1.078500E+7,    -1.094937E-4,    -3.509521E-4
1.079125E+7,    -1.197159E-4,    -3.460646E-4
1.079750E+7,    -1.314878E-4,    -3.568530E-4
1.080375E+7,    -1.423955E-4,    -3.712773E-4
1.081000E+7,    -1.287460E-4,    -3.927350E-4
1.081625E+7,    -1.522303E-4,    -3.691912E-4
1.082250E+7,    -1.370609E-4,    -3.491044E-4
1.082875E+7,    -1.473427E-4,    -3.664494E-4
1.083500E+7,    -1.252890E-4,    -3.672242E-4
1.084125E+7,    -1.589060E-4,    -3.808737E-4
1.084750E+7,    -1.464486E-4,    -3.729463E-4
1.085375E+7,    -1.181364E-4,    -3.707409E-4
1.086000E+7,    -1.492500E-4,    -3.717542E-4
1.086625E+7,    -1.454353E-4,    -3.853440E-4
1.087250E+7,    -1.705289E-4,    -3.808737E-4
1.087875E+7,    -1.170635E-4,    -3.611147E-4
1.088500E+7,    -1.424551E-4,    -3.756285E-4
1.089125E+7,    -1.379848E-4,    -3.733635E-4
1.089750E+7,    -1.343489E-4,    -3.870130E-4
1.090375E+7,    -1.628995E-4,    -3.944635E-4
1.091000E+7,    -1.313686E-4,    -3.712177E-4
1.091625E+7,    -1.637936E-4,    -3.935695E-4
1.092250E+7,    -1.420975E-4,    -3.715754E-4
1.092875E+7,    -1.533628E-4,    -3.825426E-4
1.093500E+7,    -1.247525E-4,    -3.817677E-4
1.094125E+7,    -1.571774E-4,    -4.009008E-4
1.094750E+7,    -1.322031E-4,    -3.896952E-4
1.095375E+7,    -1.530051E-4,    -3.978610E-4
1.096000E+7,    -1.422167E-4,    -3.842711E-4
1.096625E+7,    -1.320243E-4,    -3.697276E-4
1.097250E+7,    -1.407862E-4,    -3.941655E-4
1.097875E+7,    -1.654625E-4,    -4.180670E-4
1.098500E+7,    -1.446009E-4,    -3.899336E-4
1.099125E+7,    -1.693368E-4,    -4.106760E-4
1.099750E+7,    -1.697540E-4,    -4.133582E-4
1.100375E+7,    -1.613498E-4,    -4.182458E-4
1.101000E+7,    -1.611710E-4,    -4.211068E-4
1.101625E+7,    -1.391172E-4,    -4.264116E-4
1.102250E+7,    -1.693368E-4,    -3.963113E-4
1.102875E+7,    -1.505613E-4,    -4.171729E-4
1.103500E+7,    -1.537204E-4,    -4.066825E-4
1.104125E+7,    -1.729727E-4,    -4.215837E-4
1.104750E+7,    -1.640916E-4,    -4.007220E-4
1.105375E+7,    -1.505613E-4,    -4.295707E-4
1.106000E+7,    -1.619458E-4,    -4.167557E-4
1.106625E+7,    -1.530647E-4,    -4.287958E-4
1.107250E+7,    -1.566410E-4,    -4.148483E-4
1.107875E+7,    -1.575351E-4,    -4.150867E-4
1.108500E+7,    -1.713037E-4,    -4.246831E-4
1.109125E+7,    -1.915693E-4,    -4.357100E-4
1.109750E+7,    -1.768470E-4,    -4.426241E-4
1.110375E+7,    -1.491308E-4,    -4.368424E-4
1.111000E+7,    -1.665354E-4,    -4.290342E-4
1.111625E+7,    -1.964569E-4,    -4.272461E-4
1.112250E+7,    -1.584291E-4,    -4.410744E-4
1.112875E+7,    -1.757145E-4,    -4.367232E-4
1.113500E+7,    -1.751781E-4,    -4.404187E-4
1.114125E+7,    -1.675487E-4,    -4.493594E-4
1.114750E+7,    -1.746416E-4,    -4.536510E-4
1.115375E+7,    -1.711845E-4,    -4.480481E-4
1.116000E+7,    -1.878738E-4,    -4.421473E-4
1.116625E+7,    -1.935959E-4,    -4.618168E-4
1.117250E+7,    -1.956820E-4,    -4.578829E-4
1.117875E+7,    -1.856685E-4,    -4.668832E-4
1.118500E+7,    -1.905560E-4,    -4.494190E-4
1.119125E+7,    -2.114177E-4,    -4.575253E-4
1.119750E+7,    -1.911521E-4,    -4.818439E-4
1.120375E+7,    -2.086163E-4,    -4.818439E-4
1.121000E+7,    -2.009869E-4,    -4.934072E-4
1.121625E+7,    -1.922250E-4,    -5.002022E-4
1.122250E+7,    -2.363920E-4,    -5.100369E-4
1.122875E+7,    -2.591014E-4,    -5.707145E-4
1.123500E+7,    -2.346039E-4,    -6.301999E-4
1.124125E+7,    -2.478361E-4,    -6.218553E-4
1.124750E+7,    -2.539158E-4,    -6.282926E-4
1.125375E+7,    -2.158284E-4,    -6.110668E-4
1.126000E+7,    -2.161860E-4,    -6.163716E-4
1.126625E+7,    -2.326369E-4,    -5.944967E-4
1.127250E+7,    -2.738833E-4,    -6.230474E-4
1.127875E+7,    -2.462268E-4,    -5.938411E-4
1.128500E+7,    -2.730489E-4,    -5.897880E-4
1.129125E+7,    -2.534986E-4,    -5.717278E-4
1.129750E+7,    -2.556443E-4,    -5.365610E-4
1.130375E+7,    -2.482533E-4,    -5.679131E-4
1.131000E+7,    -2.586842E-4,    -5.751848E-4
1.131625E+7,    -2.416372E-4,    -5.702972E-4
1.132250E+7,    -2.689362E-4,    -6.040931E-4
1.132875E+7,    -2.651215E-4,    -5.552173E-4
1.133500E+7,    -2.269745E-4,    -6.027222E-4
1.134125E+7,    -2.577901E-4,    -5.945563E-4
1.134750E+7,    -2.253056E-4,    -5.781054E-4
1.135375E+7,    -2.517104E-4,    -5.675554E-4
1.136000E+7,    -2.588034E-4,    -5.417466E-4
1.136625E+7,    -2.536774E-4,    -5.794168E-4
1.137250E+7,    -2.674460E-4,    -5.788207E-4
1.137875E+7,    -2.792478E-4,    -5.906820E-4
1.138500E+7,    -2.658963E-4,    -5.877018E-4
1.139125E+7,    -2.483726E-4,    -5.907416E-4
1.139750E+7,    -2.647638E-4,    -5.809069E-4
1.140375E+7,    -2.672076E-4,    -5.903840E-4
1.141000E+7,    -2.710223E-4,    -5.749464E-4
1.141625E+7,    -2.478957E-4,    -5.697012E-4
1.142250E+7,    -2.779365E-4,    -6.052852E-4
1.142875E+7,    -2.990961E-4,    -6.409883E-4
1.143500E+7,    -2.604127E-4,    -5.982518E-4
1.144125E+7,    -2.841353E-4,    -5.672574E-4
1.144750E+7,    -2.892017E-4,    -6.521344E-4
1.145375E+7,    -3.040433E-4,    -6.598830E-4
1.146000E+7,    -3.152490E-4,    -6.310940E-4
1.146625E+7,    -3.087521E-4,    -6.809235E-4
1.147250E+7,    -2.728701E-4,    -6.747842E-4
1.147875E+7,    -3.208518E-4,    -6.524920E-4
1.148500E+7,    -2.751946E-4,    -6.516576E-4
1.149125E+7,    -3.057718E-4,    -7.215738E-4
1.149750E+7,    -3.308058E-4,    -7.416010E-4
1.150375E+7,    -3.156662E-4,    -7.187128E-4
1.151000E+7,    -3.520250E-4,    -7.441044E-4
1.151625E+7,    -3.153086E-4,    -7.336140E-4
1.152250E+7,    -3.165007E-4,    -7.339716E-4
1.152875E+7,    -3.218651E-4,    -7.174015E-4
1.153500E+7,    -3.113151E-4,    -6.412268E-4
1.154125E+7,    -3.638268E-4,    -7.395744E-4
1.154750E+7,    -3.529787E-4,    -7.458925E-4
1.155375E+7,    -3.330708E-4,    -7.152557E-4
1.156000E+7,    -3.169775E-4,    -8.524656E-4
1.156625E+7,    -3.261566E-4,    -8.709431E-4
1.157250E+7,    -3.285408E-4,    -8.399487E-4
1.157875E+7,    -4.156828E-4,    -8.132458E-4
1.158500E+7,    -4.072189E-4,    -9.337664E-4
1.159125E+7,    -3.370047E-4,    -8.289814E-4
1.159750E+7,    -3.097057E-4,    -8.416176E-4
1.160375E+7,    -3.907681E-4,    -8.609295E-4
1.161000E+7,    -3.708601E-4,    -8.603334E-4
1.161625E+7,    -4.296303E-4,    -9.297132E-4
1.162250E+7,    -4.217625E-4,    -1.001239E-3
1.162875E+7,    -3.658533E-4,    -1.186371E-3
1.163500E+7,    -3.533363E-4,    -1.343369E-3
1.164125E+7,    -1.472235E-4,    -1.503229E-3
1.164750E+7,    1.747608E-4,    -1.686931E-3
1.165375E+7,    4.625320E-5,    -1.610041E-3
1.166000E+7,    3.360510E-4,    -1.592994E-3
1.166625E+7,    6.742477E-4,    -1.618624E-3
1.167250E+7,    8.108616E-4,    -1.442909E-3
1.167875E+7,    8.864403E-4,    -1.439095E-3
1.168500E+7,    8.544922E-4,    -1.425624E-3
1.169125E+7,    8.428097E-4,    -1.497865E-3
1.169750E+7,    8.305311E-4,    -1.439571E-3
1.170375E+7,    8.819103E-4,    -1.437426E-3
1.171000E+7,    8.369684E-4,    -1.474500E-3
1.171625E+7,    8.492470E-4,    -1.522422E-3
1.172250E+7,    8.517504E-4,    -1.548409E-3
1.172875E+7,    8.866787E-4,    -1.523495E-3
1.173500E+7,    8.728504E-4,    -1.552105E-3
1.174125E+7,    9.287596E-4,    -1.535892E-3
1.174750E+7,    8.841753E-4,    -1.529813E-3
1.175375E+7,    9.146929E-4,    -1.637578E-3
1.176000E+7,    8.362532E-4,    -1.568913E-3
1.176625E+7,    8.900166E-4,    -1.571417E-3
1.177250E+7,    8.842945E-4,    -1.577258E-3
1.177875E+7,    8.895397E-4,    -1.640677E-3
1.178500E+7,    9.135008E-4,    -1.648545E-3
1.179125E+7,    9.318590E-4,    -1.690149E-3
1.179750E+7,    9.375811E-4,    -1.721382E-3
1.180375E+7,    8.770227E-4,    -1.621962E-3
1.181000E+7,    8.871555E-4,    -1.648545E-3
1.181625E+7,    8.695126E-4,    -1.639366E-3
1.182250E+7,    9.013414E-4,    -1.711130E-3
1.182875E+7,    9.138584E-4,    -1.741767E-3
1.183500E+7,    9.741783E-4,    -1.726747E-3
1.184125E+7,    9.191036E-4,    -1.750588E-3
1.184750E+7,    9.361506E-4,    -1.769900E-3
1.185375E+7,    9.829998E-4,    -1.811981E-3
1.186000E+7,    9.149313E-4,    -1.830816E-3
1.186625E+7,    9.871721E-4,    -1.803398E-3
1.187250E+7,    9.148121E-4,    -1.880050E-3
1.187875E+7,    9.992123E-4,    -1.849413E-3
1.188500E+7,    9.433031E-4,    -1.895547E-3
1.189125E+7,    9.627342E-4,    -1.910329E-3
1.189750E+7,    9.908676E-4,    -1.907825E-3
1.190375E+7,    1.001358E-3,    -1.929402E-3
1.191000E+7,    1.014113E-3,    -1.924157E-3
1.191625E+7,    1.045108E-3,    -1.903296E-3
1.192250E+7,    1.002908E-3,    -1.924634E-3
1.192875E+7,    1.064897E-3,    -1.947165E-3
1.193500E+7,    1.033545E-3,    -1.970768E-3
1.194125E+7,    1.030684E-3,    -2.020121E-3
1.194750E+7,    1.023769E-3,    -2.024412E-3
1.195375E+7,    1.021147E-3,    -2.048016E-3
1.196000E+7,    1.033783E-3,    -2.070904E-3
1.196625E+7,    1.028538E-3,    -2.048492E-3
1.197250E+7,    1.102209E-3,    -2.061605E-3
1.197875E+7,    1.035452E-3,    -2.129793E-3
1.198500E+7,    1.065254E-3,    -2.140522E-3
1.199125E+7,    1.053333E-3,    -2.121687E-3
1.199750E+7,    9.853840E-4,    -2.185345E-3
1.200375E+7,    1.041174E-3,    -2.187252E-3
1.201000E+7,    1.023769E-3,    -2.153158E-3
1.201625E+7,    1.083612E-3,    -2.235174E-3
1.202250E+7,    1.043797E-3,    -2.197266E-3
1.202875E+7,    1.047850E-3,    -2.283812E-3
1.203500E+7,    1.073360E-3,    -2.264500E-3
1.204125E+7,    1.035929E-3,    -2.234936E-3
1.204750E+7,    1.039505E-3,    -2.268553E-3
1.205375E+7,    1.089573E-3,    -2.299786E-3
1.206000E+7,    1.056671E-3,    -2.304316E-3
1.206625E+7,    1.098633E-3,    -2.379417E-3
1.207250E+7,    1.133680E-3,    -2.429724E-3
1.207875E+7,    1.065731E-3,    -2.349377E-3
1.208500E+7,    1.059055E-3,    -2.352953E-3
1.209125E+7,    1.090527E-3,    -2.324820E-3
1.209750E+7,    1.062155E-3,    -2.393723E-3
1.210375E+7,    1.097679E-3,    -2.394438E-3
1.211000E+7,    1.116991E-3,    -2.431631E-3
1.211625E+7,    1.094103E-3,    -2.438545E-3
1.212250E+7,    1.027584E-3,    -2.475500E-3
1.212875E+7,    1.094580E-3,    -2.529144E-3
1.213500E+7,    1.097679E-3,    -2.546549E-3
1.214125E+7,    1.113653E-3,    -2.560854E-3
1.214750E+7,    1.170635E-3,    -2.557993E-3
1.215375E+7,    1.149893E-3,    -2.584219E-3
1.216000E+7,    1.142740E-3,    -2.614260E-3
1.216625E+7,    1.228333E-3,    -2.594233E-3
1.217250E+7,    1.147509E-3,    -2.659559E-3
1.217875E+7,    1.178503E-3,    -2.690792E-3
1.218500E+7,    1.187563E-3,    -2.684832E-3
1.219125E+7,    1.144171E-3,    -2.754688E-3
1.219750E+7,    1.155615E-3,    -2.761841E-3
1.220375E+7,    1.168013E-3,    -2.849579E-3
1.221000E+7,    1.192570E-3,    -2.803564E-3
1.221625E+7,    1.210928E-3,    -2.847195E-3
1.222250E+7,    1.204967E-3,    -2.844334E-3
1.222875E+7,    1.214266E-3,    -2.891779E-3
1.223500E+7,    1.230001E-3,    -2.905369E-3
1.224125E+7,    1.250505E-3,    -2.922058E-3
1.224750E+7,    1.202106E-3,    -3.014088E-3
1.225375E+7,    1.259327E-3,    -3.005743E-3
1.226000E+7,    1.293421E-3,    -3.090382E-3
1.226625E+7,    1.274586E-3,    -3.081560E-3
1.227250E+7,    1.307249E-3,    -3.116846E-3
1.227875E+7,    1.290321E-3,    -3.155231E-3
1.228500E+7,    1.299858E-3,    -3.179312E-3
1.229125E+7,    1.309156E-3,    -3.223658E-3
1.229750E+7,    1.324177E-3,    -3.215075E-3
1.230375E+7,    1.320601E-3,    -3.304720E-3
1.231000E+7,    1.346588E-3,    -3.341675E-3
1.231625E+7,    1.385212E-3,    -3.308535E-3
1.232250E+7,    1.416445E-3,    -3.356934E-3
1.232875E+7,    1.408100E-3,    -3.403187E-3
1.233500E+7,    1.391649E-3,    -3.460169E-3
1.234125E+7,    1.426458E-3,    -3.558636E-3
1.234750E+7,    1.439810E-3,    -3.489494E-3
1.235375E+7,    1.423836E-3,    -3.582716E-3
1.236000E+7,    1.475811E-3,    -3.619671E-3
1.236625E+7,    1.472950E-3,    -3.652811E-3
1.237250E+7,    1.418352E-3,    -3.717184E-3
1.237875E+7,    1.515627E-3,    -3.716469E-3
1.238500E+7,    1.422405E-3,    -3.821373E-3
1.239125E+7,    1.549959E-3,    -3.858089E-3
1.239750E+7,    1.518965E-3,    -3.859997E-3
1.240375E+7,    1.536131E-3,    -3.914833E-3
1.241000E+7,    1.522541E-3,    -3.942966E-3
1.241625E+7,    1.597404E-3,    -4.025936E-3
1.242250E+7,    1.571178E-3,    -4.065990E-3
1.242875E+7,    1.597881E-3,    -4.130840E-3
1.243500E+7,    1.677513E-3,    -4.154205E-3
1.244125E+7,    1.595020E-3,    -4.314899E-3
1.244750E+7,    1.633167E-3,    -4.305363E-3
1.245375E+7,    1.734257E-3,    -4.334450E-3
1.246000E+7,    1.698971E-3,    -4.380226E-3
1.246625E+7,    1.679420E-3,    -4.471302E-3
1.247250E+7,    1.735210E-3,    -4.529476E-3
1.247875E+7,    1.762867E-3,    -4.529476E-3
1.248500E+7,    1.830578E-3,    -4.588127E-3
1.249125E+7,    1.787663E-3,    -4.717827E-3
1.249750E+7,    1.859665E-3,    -4.732132E-3
1.250375E+7,    1.869678E-3,    -4.909039E-3
1.251000E+7,    1.867771E-3,    -4.833221E-3
1.251625E+7,    1.883984E-3,    -4.950523E-3
1.252250E+7,    1.911163E-3,    -4.974842E-3
1.252875E+7,    1.956940E-3,    -5.116940E-3
1.253500E+7,    1.964569E-3,    -5.143166E-3
1.254125E+7,    1.981735E-3,    -5.239964E-3
1.254750E+7,    2.072334E-3,    -5.324364E-3
1.255375E+7,    2.074242E-3,    -5.369186E-3
1.256000E+7,    2.042294E-3,    -5.499840E-3
1.256625E+7,    2.098083E-3,    -5.528927E-3
1.257250E+7,    2.159595E-3,    -5.617142E-3
1.257875E+7,    2.157688E-3,    -5.736351E-3
1.258500E+7,    2.159119E-3,    -5.778313E-3
1.259125E+7,    2.209663E-3,    -5.888462E-3
1.259750E+7,    2.200603E-3,    -5.938530E-3
1.260375E+7,    2.222061E-3,    -6.076813E-3
1.261000E+7,    2.274990E-3,    -6.135464E-3
1.261625E+7,    2.299309E-3,    -6.323338E-3
1.262250E+7,    2.342701E-3,    -6.368160E-3
1.262875E+7,    2.162933E-3,    -6.690502E-3
1.263500E+7,    2.365112E-3,    -6.451130E-3
1.264125E+7,    2.432823E-3,    -6.678581E-3
1.264750E+7,    2.472401E-3,    -6.840229E-3
1.265375E+7,    2.574921E-3,    -6.837845E-3
1.266000E+7,    2.483845E-3,    -7.069588E-3
1.266625E+7,    2.526283E-3,    -7.109165E-3
1.267250E+7,    9.446144E-4,    -7.769585E-3
1.267875E+7,    1.691341E-3,    -7.812500E-3
1.268500E+7,    9.527206E-4,    -8.260727E-3
1.269125E+7,    1.997948E-3,    -8.152008E-3
1.269750E+7,    2.751827E-3,    -7.617474E-3
1.270375E+7,    1.525879E-4,    -8.033752E-3
1.271000E+7,    1.035690E-3,    -9.234428E-3
1.271625E+7,    2.933502E-3,    -8.111000E-3
1.272250E+7,    2.941132E-3,    -8.277893E-3
1.272875E+7,    2.994537E-3,    -8.421898E-3
1.273500E+7,    2.946854E-3,    -8.841515E-3
1.274125E+7,    3.046036E-3,    -8.847237E-3
1.274750E+7,    3.064632E-3,    -9.151936E-3
1.275375E+7,    3.220558E-3,    -9.106159E-3
1.276000E+7,    2.632618E-3,    -9.498119E-3
1.276625E+7,    1.536846E-3,    -9.904385E-3
1.277250E+7,    -1.673698E-3,    -7.248402E-3
1.277875E+7,    -2.648830E-3,    -9.129047E-3
1.278500E+7,    -1.234531E-3,    -1.080704E-2
1.279125E+7,    3.118515E-4,    -1.142406E-2
1.279750E+7,    2.619267E-3,    -1.071072E-2
1.280375E+7,    -1.088142E-3,    -1.049900E-2
1.281000E+7,    -3.834248E-3,    -9.097576E-3
1.281625E+7,    -3.061771E-3,    -1.217699E-2
1.282250E+7,    -3.295422E-3,    -1.204300E-2
1.282875E+7,    1.144886E-3,    -1.233816E-2
1.283500E+7,    -4.943848E-3,    -1.059198E-2
1.284125E+7,    3.469944E-3,    -1.337099E-2
1.284750E+7,    3.951550E-3,    -1.321411E-2
1.285375E+7,    3.023624E-3,    -1.405573E-2
1.286000E+7,    3.162384E-3,    -1.397276E-2
1.286625E+7,    3.092289E-3,    -1.479387E-2
1.287250E+7,    3.647804E-3,    -1.481295E-2
1.287875E+7,    4.378319E-3,    -1.453733E-2
1.288500E+7,    3.550053E-3,    -1.484060E-2
1.289125E+7,    2.531052E-3,    -1.632786E-2
1.289750E+7,    2.641678E-4,    -1.664066E-2
1.290375E+7,    3.192902E-3,    -1.626301E-2
1.291000E+7,    2.040863E-3,    -1.699257E-2
1.291625E+7,    1.208305E-3,    -1.824093E-2
1.292250E+7,    -8.535385E-4,    -1.618767E-2
1.292875E+7,    4.138947E-4,    -1.801586E-2
1.293500E+7,    -6.668091E-3,    -1.528835E-2
1.294125E+7,    -4.535675E-3,    -1.702309E-2
1.294750E+7,    -6.661415E-3,    -1.331902E-2
1.295375E+7,    -6.810665E-3,    -8.840084E-3
1.296000E+7,    -5.970478E-3,    -6.774902E-3
1.296625E+7,    -5.857468E-3,    -6.472588E-3
1.297250E+7,    -6.089687E-3,    -6.680489E-3
1.297875E+7,    -6.224632E-3,    -6.820679E-3
1.298500E+7,    -6.380558E-3,    -6.931305E-3
1.299125E+7,    -6.551743E-3,    -7.072449E-3
1.299750E+7,    -6.754875E-3,    -7.195950E-3
1.300375E+7,    -6.966591E-3,    -7.369518E-3
1.301000E+7,    -7.207394E-3,    -7.584572E-3
1.301625E+7,    -7.368565E-3,    -7.744312E-3
1.302250E+7,    -7.636070E-3,    -7.971287E-3
1.302875E+7,    -7.868767E-3,    -8.142471E-3
1.303500E+7,    -8.119583E-3,    -8.344650E-3
1.304125E+7,    -8.410454E-3,    -8.523941E-3
1.304750E+7,    -8.684158E-3,    -8.771896E-3
1.305375E+7,    -8.933067E-3,    -8.993149E-3
1.306000E+7,    -9.229660E-3,    -9.186745E-3
1.306625E+7,    -9.610176E-3,    -9.457588E-3
1.307250E+7,    -9.922028E-3,    -9.712219E-3
1.307875E+7,    -1.033783E-2,    -1.003456E-2
1.308500E+7,    -1.073360E-2,    -1.030350E-2
1.309125E+7,    -1.114368E-2,    -1.063824E-2
1.309750E+7,    -1.149464E-2,    -1.087856E-2
1.310375E+7,    -1.195526E-2,    -1.117516E-2
1.311000E+7,    -1.241112E-2,    -1.151943E-2
1.311625E+7,    -1.290417E-2,    -1.186657E-2
1.312250E+7,    -1.348114E-2,    -1.227856E-2
1.312875E+7,    -1.406765E-2,    -1.268101E-2
1.313500E+7,    -1.466274E-2,    -1.308155E-2
1.314125E+7,    -1.527500E-2,    -1.342297E-2
1.314750E+7,    -1.601601E-2,    -1.388359E-2
1.315375E+7,    -1.694965E-2,    -1.450825E-2
1.316000E+7,    -1.769257E-2,    -1.500130E-2
1.316625E+7,    -1.853371E-2,    -1.552773E-2
1.317250E+7,    -1.928329E-2,    -1.589966E-2
1.317875E+7,    -2.030373E-2,    -1.653290E-2
1.318500E+7,    -2.125359E-2,    -1.711655E-2
1.319125E+7,    -2.246857E-2,    -1.775360E-2
1.319750E+7,    -2.331543E-2,    -1.819420E-2
1.320375E+7,    -2.461243E-2,    -1.878357E-2
1.321000E+7,    -2.612305E-2,    -1.969337E-2
1.321625E+7,    -2.717972E-2,    -2.007484E-2
1.322250E+7,    -2.865028E-2,    -2.079391E-2
1.322875E+7,    -3.048134E-2,    -2.166939E-2
1.323500E+7,    -3.250694E-2,    -2.254486E-2
1.324125E+7,    -3.483200E-2,    -2.366257E-2
1.324750E+7,    -3.772354E-2,    -2.498245E-2
1.325375E+7,    -4.069519E-2,    -2.643204E-2
1.326000E+7,    -4.304886E-2,    -2.714539E-2
1.326625E+7,    -4.602432E-2,    -2.822113E-2
1.327250E+7,    -4.938126E-2,    -2.938080E-2
1.327875E+7,    -5.349350E-2,    -3.068161E-2
1.328500E+7,    -5.688858E-2,    -3.156662E-2
1.329125E+7,    -6.215286E-2,    -3.329468E-2
1.329750E+7,    -6.657791E-2,    -3.452301E-2
1.330375E+7,    -7.147598E-2,    -3.504181E-2
1.331000E+7,    -7.943344E-2,    -3.678513E-2
1.331625E+7,    -8.597946E-2,    -3.802490E-2
1.332250E+7,    -9.569550E-2,    -3.965759E-2
1.332875E+7,    -1.007462E-1,    -3.974152E-2
1.333500E+7,    -1.072617E-1,    -3.813171E-2
1.334125E+7,    -1.157074E-1,    -3.794098E-2
1.334750E+7,    -1.260681E-1,    -3.659821E-2
1.335375E+7,    -1.408691E-1,    -3.565979E-2
1.336000E+7,    -1.541977E-1,    -3.385162E-2
1.336625E+7,    -1.685333E-1,    -2.862549E-2
1.337250E+7,    -1.885529E-1,    -2.395630E-2
1.337875E+7,    -2.069855E-1,    -1.513672E-2
1.338500E+7,    -2.274857E-1,    -3.074646E-3
1.339125E+7,    -2.553711E-1,    1.359558E-2
1.339750E+7,    -2.793121E-1,    3.530884E-2
1.340375E+7,    -3.029938E-1,    6.527710E-2
1.341000E+7,    -3.275146E-1,    1.045380E-1
1.341625E+7,    -3.511658E-1,    1.557922E-1
1.342250E+7,    -3.624725E-1,    2.167816E-1
1.342875E+7,    -3.625641E-1,    2.897339E-1
1.343500E+7,    -3.435059E-1,    3.674774E-1
1.344125E+7,    -2.990265E-1,    4.348145E-1
1.344750E+7,    -2.392426E-1,    4.989014E-1
1.345375E+7,    -1.660156E-1,    5.426636E-1
1.346000E+7,    -8.541870E-2,    5.664978E-1
1.346625E+7,    -7.843018E-3,    5.762024E-1
1.347250E+7,    6.402588E-2,    5.757446E-1
1.347875E+7,    1.284790E-1,    5.562744E-1
1.348500E+7,    1.843872E-1,    5.285034E-1
1.349125E+7,    2.328186E-1,    5.024109E-1
1.349750E+7,    2.774353E-1,    4.761047E-1
1.350375E+7,    3.211670E-1,    4.505920E-1
1.351000E+7,    3.571777E-1,    4.188843E-1
1.351625E+7,    3.925781E-1,    3.861694E-1
1.352250E+7,    4.278259E-1,    3.523560E-1
1.352875E+7,    4.627686E-1,    3.164062E-1
1.353500E+7,    4.977112E-1,    2.756958E-1
1.354125E+7,    5.292969E-1,    2.279663E-1
1.354750E+7,    5.586853E-1,    1.751099E-1
1.355375E+7,    5.824585E-1,    1.144409E-1
1.356000E+7,    5.968323E-1,    4.617310E-2
1.356625E+7,    5.982666E-1,    -2.645874E-2
1.357250E+7,    5.863037E-1,    -1.018677E-1
1.357875E+7,    5.611572E-1,    -1.749878E-1
1.358500E+7,    5.198975E-1,    -2.400513E-1
1.359125E+7,    4.682922E-1,    -2.929687E-1
1.359750E+7,    4.089661E-1,    -3.319092E-1
1.360375E+7,    3.486023E-1,    -3.559265E-1
1.361000E+7,    2.897644E-1,    -3.680725E-1
1.361625E+7,    2.369995E-1,    -3.690186E-1
1.362250E+7,    1.898499E-1,    -3.627930E-1
1.362875E+7,    1.486206E-1,    -3.519287E-1
1.363500E+7,    1.154785E-1,    -3.381653E-1
1.364125E+7,    8.673096E-2,    -3.227234E-1
1.364750E+7,    6.292725E-2,    -3.058472E-1
1.365375E+7,    4.370117E-2,    -2.901917E-1
1.366000E+7,    2.755737E-2,    -2.753296E-1
1.366625E+7,    1.409912E-2,    -2.614441E-1
1.367250E+7,    3.219604E-3,    -2.483215E-1
1.367875E+7,    -6.332397E-3,    -2.357941E-1
1.368500E+7,    -1.361084E-2,    -2.247772E-1
1.369125E+7,    -2.049255E-2,    -2.139740E-1
1.369750E+7,    -2.604675E-2,    -2.044220E-1
1.370375E+7,    -3.096008E-2,    -1.956940E-1
1.371000E+7,    -3.552246E-2,    -1.884308E-1
1.371625E+7,    -3.895569E-2,    -1.817322E-1
1.372250E+7,    -4.286194E-2,    -1.754608E-1
1.372875E+7,    -4.635620E-2,    -1.699219E-1
1.373500E+7,    -4.937744E-2,    -1.656494E-1
1.374125E+7,    -5.250549E-2,    -1.611633E-1
1.374750E+7,    -5.580139E-2,    -1.576691E-1
1.375375E+7,    -5.926514E-2,    -1.544647E-1
1.376000E+7,    -6.253052E-2,    -1.519928E-1
1.376625E+7,    -6.613159E-2,    -1.494598E-1
1.377250E+7,    -7.002258E-2,    -1.479797E-1
1.377875E+7,    -7.438660E-2,    -1.466064E-1
1.378500E+7,    -7.965088E-2,    -1.459503E-1
1.379125E+7,    -8.509827E-2,    -1.451416E-1
1.379750E+7,    -9.208679E-2,    -1.449585E-1
1.380375E+7,    -9.960937E-2,    -1.449432E-1
1.381000E+7,    -1.089172E-1,    -1.449280E-1
1.381625E+7,    -1.202087E-1,    -1.451721E-1
1.382250E+7,    -1.334839E-1,    -1.445618E-1
1.382875E+7,    -1.502991E-1,    -1.430511E-1
1.383500E+7,    -1.700592E-1,    -1.395416E-1
1.384125E+7,    -1.942291E-1,    -1.317139E-1
1.384750E+7,    -2.228088E-1,    -1.165009E-1
1.385375E+7,    -2.536926E-1,    -9.051514E-2
1.386000E+7,    -2.812805E-1,    -4.899597E-2
1.386625E+7,    -2.961884E-1,    9.170532E-3
1.387250E+7,    -2.856445E-1,    7.507324E-2
1.387875E+7,    -2.471771E-1,    1.319122E-1
1.388500E+7,    -1.934357E-1,    1.649780E-1
1.389125E+7,    -1.398926E-1,    1.733704E-1
1.389750E+7,    -9.576416E-2,    1.658478E-1
1.390375E+7,    -6.408691E-2,    1.514740E-1
1.391000E+7,    -4.205322E-2,    1.350250E-1
1.391625E+7,    -2.655029E-2,    1.191559E-1
1.392250E+7,    -1.618195E-2,    1.050873E-1
1.392875E+7,    -9.277344E-3,    9.272003E-2
1.393500E+7,    -4.425049E-3,    8.222961E-2
1.394125E+7,    -9.536743E-4,    7.328796E-2
1.394750E+7,    1.205444E-3,    6.537628E-2
1.395375E+7,    2.826691E-3,    5.862808E-2
1.396000E+7,    3.990173E-3,    5.282974E-2
1.396625E+7,    4.711151E-3,    4.776001E-2
1.397250E+7,    5.249023E-3,    4.335403E-2
1.397875E+7,    5.512238E-3,    3.952026E-2
1.398500E+7,    5.672455E-3,    3.606033E-2
1.399125E+7,    5.775452E-3,    3.309631E-2
1.399750E+7,    5.744934E-3,    3.044510E-2
1.400375E+7,    5.649567E-3,    2.803802E-2
1.401000E+7,    5.611420E-3,    2.590942E-2
1.401625E+7,    5.462646E-3,    2.399063E-2
1.402250E+7,    5.336761E-3,    2.223969E-2
1.402875E+7,    5.208969E-3,    2.065468E-2
1.403500E+7,    5.022049E-3,    1.920509E-2
1.404125E+7,    4.850388E-3,    1.794624E-2
1.404750E+7,    4.684448E-3,    1.679611E-2
1.405375E+7,    4.531860E-3,    1.569176E-2
1.406000E+7,    4.381180E-3,    1.465797E-2
1.406625E+7,    4.209518E-3,    1.377487E-2
1.407250E+7,    4.060745E-3,    1.292992E-2
1.407875E+7,    3.911972E-3,    1.219177E-2
1.408500E+7,    3.778458E-3,    1.148224E-2
1.409125E+7,    3.607750E-3,    1.084232E-2
1.409750E+7,    3.470421E-3,    1.021004E-2
1.410375E+7,    3.336906E-3,    9.641647E-3
1.411000E+7,    3.244400E-3,    9.105682E-3
1.411625E+7,    3.105164E-3,    8.606911E-3
1.412250E+7,    3.006935E-3,    8.194923E-3
1.412875E+7,    2.863407E-3,    7.751465E-3
1.413500E+7,    2.776146E-3,    7.347107E-3
1.414125E+7,    2.661228E-3,    6.979465E-3
1.414750E+7,    2.580643E-3,    6.631374E-3
1.415375E+7,    2.450943E-3,    6.309986E-3
1.416000E+7,    2.382755E-3,    6.005764E-3
1.416625E+7,    2.295494E-3,    5.744934E-3
1.417250E+7,    2.226830E-3,    5.468130E-3
1.417875E+7,    2.127409E-3,    5.200148E-3
1.418500E+7,    2.078772E-3,    4.962683E-3
1.419125E+7,    2.000570E-3,    4.739523E-3
1.419750E+7,    1.918077E-3,    4.536867E-3
1.420375E+7,    1.842737E-3,    4.337311E-3
1.421000E+7,    1.786232E-3,    4.159212E-3
1.421625E+7,    1.729250E-3,    3.968954E-3
1.422250E+7,    1.686811E-3,    3.787994E-3
1.422875E+7,    1.588583E-3,    3.623247E-3
1.423500E+7,    1.564741E-3,    3.494740E-3
1.424125E+7,    1.508236E-3,    3.340960E-3
1.424750E+7,    1.475573E-3,    3.188848E-3
1.425375E+7,    1.414776E-3,    3.083229E-3
1.426000E+7,    1.360655E-3,    2.953529E-3
1.426625E+7,    1.320362E-3,    2.840042E-3
1.427250E+7,    1.297712E-3,    2.721786E-3
1.427875E+7,    1.255631E-3,    2.623200E-3
1.428500E+7,    1.183271E-3,    2.533793E-3
1.429125E+7,    1.164794E-3,    2.411604E-3
1.429750E+7,    1.130700E-3,    2.310872E-3
1.430375E+7,    1.100183E-3,    2.242088E-3
1.431000E+7,    1.061797E-3,    2.158999E-3
1.431625E+7,    1.006007E-3,    2.070308E-3
1.432250E+7,    9.930134E-4,    1.994371E-3
1.432875E+7,    9.542704E-4,    1.926541E-3
1.433500E+7,    9.483099E-4,    1.854658E-3
1.434125E+7,    8.845329E-4,    1.776218E-3
1.434750E+7,    8.776188E-4,    1.745939E-3
1.435375E+7,    8.623600E-4,    1.677036E-3
1.436000E+7,    8.461475E-4,    1.613379E-3
1.436625E+7,    7.901192E-4,    1.540780E-3
1.437250E+7,    7.826090E-4,    1.504660E-3
1.437875E+7,    7.666349E-4,    1.463294E-3
1.438500E+7,    7.416010E-4,    1.391888E-3
1.439125E+7,    7.073879E-4,    1.349568E-3
1.439750E+7,    7.088184E-4,    1.307607E-3
1.440375E+7,    6.641746E-4,    1.266718E-3
1.441000E+7,    6.653666E-4,    1.249433E-3
1.441625E+7,    6.431937E-4,    1.168191E-3
1.442250E+7,    6.115437E-4,    1.150191E-3
1.442875E+7,    5.893707E-4,    1.121640E-3
1.443500E+7,    6.049871E-4,    1.046002E-3
1.444125E+7,    5.357265E-4,    1.058280E-3
1.444750E+7,    5.514622E-4,    1.011193E-3
1.445375E+7,    5.327463E-4,    9.813905E-4
1.446000E+7,    5.242825E-4,    9.531379E-4
1.446625E+7,    5.060434E-4,    9.206533E-4
1.447250E+7,    4.934072E-4,    8.863807E-4
1.447875E+7,    4.778504E-4,    8.612871E-4
1.448500E+7,    4.740357E-4,    8.578897E-4
1.449125E+7,    4.554391E-4,    7.985830E-4
1.449750E+7,    4.575253E-4,    7.895231E-4
1.450375E+7,    4.325509E-4,    7.604361E-4
1.451000E+7,    4.274249E-4,    7.487535E-4
1.451625E+7,    4.125834E-4,    7.232428E-4
1.452250E+7,    4.001260E-4,    6.837845E-4
1.452875E+7,    3.986359E-4,    6.975532E-4
1.453500E+7,    3.824234E-4,    6.563067E-4
1.454125E+7,    3.606081E-4,    6.470680E-4
1.454750E+7,    3.593564E-4,    5.970597E-4
1.455375E+7,    3.460348E-4,    6.054640E-4
1.456000E+7,    3.501773E-4,    5.506575E-4
1.456625E+7,    3.415048E-4,    5.760789E-4
1.457250E+7,    3.289580E-4,    5.540252E-4
1.457875E+7,    3.281832E-4,    5.284250E-4
1.458500E+7,    3.060997E-4,    5.268455E-4
1.459125E+7,    2.961159E-4,    4.975796E-4
1.459750E+7,    2.832413E-4,    4.827678E-4
1.460375E+7,    2.813935E-4,    4.895031E-4
1.461000E+7,    2.935827E-4,    4.700720E-4
1.461625E+7,    2.640188E-4,    4.492402E-4
1.462250E+7,    2.771020E-4,    4.286766E-4
1.462875E+7,    2.470613E-4,    4.482269E-4
1.463500E+7,    2.425909E-4,    4.221201E-4
1.464125E+7,    2.538264E-4,    4.166067E-4
1.464750E+7,    2.661049E-4,    3.818572E-4
1.465375E+7,    2.512336E-4,    3.750026E-4
1.466000E+7,    2.487898E-4,    3.729165E-4
1.466625E+7,    2.398491E-4,    3.461242E-4
1.467250E+7,    2.421439E-4,    3.527999E-4
1.467875E+7,    2.118945E-4,    3.418922E-4
1.468500E+7,    2.045035E-4,    3.456473E-4
1.469125E+7,    2.070665E-4,    3.385246E-4
1.469750E+7,    2.065599E-4,    3.215671E-4
1.470375E+7,    2.039373E-4,    3.201663E-4
1.471000E+7,    1.957864E-4,    2.866834E-4
1.471625E+7,    1.842976E-4,    2.890676E-4
1.472250E+7,    2.124310E-4,    3.127456E-4
1.472875E+7,    1.786649E-4,    2.778769E-4
1.473500E+7,    1.808703E-4,    2.939254E-4
1.474125E+7,    1.601577E-4,    2.556741E-4
1.474750E+7,    1.838654E-4,    2.692491E-4
1.475375E+7,    1.540184E-4,    2.674311E-4
1.476000E+7,    1.545399E-4,    2.668202E-4
1.476625E+7,    1.446754E-4,    2.257228E-4
1.477250E+7,    1.703054E-4,    2.320856E-4
1.477875E+7,    1.586378E-4,    2.354532E-4
1.478500E+7,    1.430213E-4,    2.527386E-4
1.479125E+7,    1.571774E-4,    2.038926E-4
1.479750E+7,    1.373142E-4,    1.971871E-4
1.480375E+7,    1.228005E-4,    2.229214E-4
1.481000E+7,    1.220107E-4,    2.148002E-4
1.481625E+7,    1.333803E-4,    2.022535E-4
1.482250E+7,    1.414269E-4,    2.035797E-4
1.482875E+7,    1.200885E-4,    1.982898E-4
1.483500E+7,    1.356751E-4,    1.714677E-4
1.484125E+7,    1.100451E-4,    1.715124E-4
1.484750E+7,    1.193583E-4,    1.656562E-4
1.485375E+7,    1.021624E-4,    1.761615E-4
1.486000E+7,    1.291186E-4,    1.600087E-4
1.486625E+7,    1.138896E-4,    1.783818E-4
1.487250E+7,    9.681284E-5,    1.585335E-4
1.487875E+7,    1.195222E-4,    1.714379E-4
1.488500E+7,    1.063347E-4,    1.525879E-4
1.489125E+7,    9.619445E-5,    1.498684E-4
1.489750E+7,    1.141131E-4,    1.537204E-4
1.490375E+7,    9.852648E-5,    1.422688E-4
1.491000E+7,    9.875000E-5,    1.421645E-4
1.491625E+7,    9.423494E-5,    1.482666E-4
1.492250E+7,    8.586794E-5,    1.384169E-4
1.492875E+7,    8.432567E-5,    1.454577E-4
1.493500E+7,    9.411573E-5,    1.393259E-4
1.494125E+7,    7.265061E-5,    1.347065E-4
1.494750E+7,    9.749830E-5,    1.247525E-4
1.495375E+7,    6.800890E-5,    1.258776E-4
1.496000E+7,    6.696582E-5,    1.328960E-4
1.496625E+7,    8.465350E-5,    1.209676E-4
1.497250E+7,    9.855628E-5,    1.087636E-4
1.497875E+7,    7.712096E-5,    1.043826E-4
1.498500E+7,    8.603185E-5,    9.833276E-5
1.499125E+7,    8.130074E-5,    1.266226E-4
1.499750E+7,    9.655952E-5,    1.070127E-4
1.500375E+7,    8.456409E-5,    1.118183E-4
1.501000E+7,    8.741021E-5,    1.195446E-4
1.501625E+7,    7.332861E-5,    1.168698E-4
1.502250E+7,    5.799532E-5,    9.930134E-5
1.502875E+7,    6.695092E-5,    1.153797E-4
1.503500E+7,    7.696450E-5,    1.020879E-4
1.504125E+7,    6.002188E-5,    6.931275E-5
1.504750E+7,    5.947053E-5,    9.902567E-5
1.505375E+7,    5.978346E-5,    9.892881E-5
1.506000E+7,    6.438792E-5,    6.931275E-5
1.506625E+7,    5.536526E-5,    1.051426E-4
1.507250E+7,    6.316602E-5,    1.061633E-4
1.507875E+7,    4.590675E-5,    7.339567E-5
1.508500E+7,    7.870793E-5,    7.778406E-5
1.509125E+7,    2.750754E-5,    1.004189E-4
1.509750E+7,    8.287281E-5,    7.758290E-5
1.510375E+7,    3.191456E-5,    7.097051E-5
1.511000E+7,    5.396456E-5,    7.353723E-5
1.511625E+7,    6.165355E-5,    7.425994E-5
1.512250E+7,    4.433095E-5,    6.457418E-5
1.512875E+7,    5.162880E-5,    6.533414E-5
1.513500E+7,    5.364791E-5,    5.046651E-5
1.514125E+7,    4.048645E-5,    7.100031E-5
1.514750E+7,    3.323704E-5,    7.019192E-5
1.515375E+7,    5.776435E-5,    5.047396E-5
1.516000E+7,    4.548952E-5,    6.378442E-5
1.516625E+7,    2.281740E-5,    6.895512E-5
1.517250E+7,    6.575137E-5,    8.767098E-5
1.517875E+7,    4.755706E-5,    4.858896E-5
1.518500E+7,    5.940348E-5,    4.222989E-5
1.519125E+7,    4.410371E-5,    4.816428E-5
1.519750E+7,    7.186458E-5,    2.831966E-5
1.520375E+7,    3.333017E-5,    4.725158E-5
1.521000E+7,    5.206838E-5,    4.853308E-5
1.521625E+7,    5.301833E-5,    4.088506E-5
1.522250E+7,    5.292520E-5,    4.852191E-5
1.522875E+7,    4.938617E-5,    4.812703E-5
1.523500E+7,    3.765523E-5,    5.470216E-5
1.524125E+7,    3.507733E-5,    3.949553E-5
1.524750E+7,    3.781542E-5,    6.207079E-5
1.525375E+7,    3.928691E-5,    3.946573E-5
1.526000E+7,    3.816560E-5,    6.209314E-5
1.526625E+7,    3.900379E-5,    5.485490E-5
1.527250E+7,    4.276261E-5,    6.258115E-5
1.527875E+7,    5.088374E-5,    6.295368E-5
1.528500E+7,    3.715977E-5,    3.196672E-5
1.529125E+7,    4.881248E-5,    3.238022E-5
1.529750E+7,    3.996119E-5,    7.791445E-5
1.530375E+7,    3.747270E-5,    3.175065E-5
1.531000E+7,    4.489347E-5,    5.510077E-5
1.531625E+7,    1.878105E-5,    1.574121E-5
1.532250E+7,    2.260879E-5,    1.562014E-5
1.532875E+7,    1.098402E-5,    3.058650E-5
1.533500E+7,    3.835559E-5,    4.693121E-5
1.534125E+7,    3.504194E-5,    1.591630E-5
1.534750E+7,    1.950003E-5,    3.944337E-5
1.535375E+7,    3.392994E-5,    5.042180E-5
1.536000E+7,    1.230836E-5,    3.330410E-5
1.536625E+7,    2.512522E-5,    3.318861E-5
1.537250E+7,    2.073310E-5,    -1.685694E-7
1.537875E+7,    1.742318E-5,    5.843863E-5
1.538500E+7,    4.737079E-5,    2.480671E-5
1.539125E+7,    1.757964E-5,    5.071610E-5
1.539750E+7,    1.351908E-5,    4.238449E-5
1.540375E+7,    4.344620E-6,    1.577660E-5
1.541000E+7,    1.607090E-5,    1.526996E-5
1.541625E+7,    3.307499E-5,    2.301484E-5
1.542250E+7,    1.459196E-5,    5.019829E-5
1.542875E+7,    3.230572E-5,    -1.020730E-6
1.543500E+7,    3.657863E-5,    3.003329E-5
1.544125E+7,    1.586229E-5,    7.623434E-5
1.544750E+7,    3.514625E-5,    1.549907E-5
1.545375E+7,    1.415052E-5,    2.549402E-5
1.546000E+7,    3.725290E-5,    3.352761E-5
1.546625E+7,    1.147017E-5,    4.976243E-5
1.547250E+7,    2.758950E-5,    4.088506E-5
1.547875E+7,    3.066286E-5,    2.354011E-5
1.548500E+7,    2.040062E-5,    -1.314096E-6
1.549125E+7,    1.371559E-5,    1.609232E-5
1.549750E+7,    1.898594E-5,    1.623482E-5
1.550375E+7,    2.857111E-5,    2.575666E-5
1.551000E+7,    3.847852E-5,    3.324822E-5
1.551625E+7,    3.444031E-5,    4.986674E-5
1.552250E+7,    1.897663E-5,    3.179349E-5
1.552875E+7,    4.700199E-5,    5.543232E-5
1.553500E+7,    1.207413E-5,    -1.084059E-6
1.554125E+7,    1.049042E-5,    5.293638E-5
1.554750E+7,    2.982840E-5,    2.018362E-5
1.555375E+7,    1.792982E-5,    2.001040E-5
1.556000E+7,    2.282113E-5,    2.889894E-5
1.556625E+7,    1.918525E-5,    3.816560E-5
1.557250E+7,    2.494827E-5,    7.364899E-6
1.557875E+7,    2.605747E-5,    -1.213979E-5
1.558500E+7,    1.978315E-5,    3.069453E-5
1.559125E+7,    -1.179986E-6,    2.481975E-5
1.559750E+7,    2.303720E-5,    2.169237E-5
1.560375E+7,    2.952293E-6,    2.394710E-5
1.561000E+7,    2.412405E-5,    -3.089197E-6
1.561625E+7,    1.562759E-5,    5.589053E-5
1.562250E+7,    3.231131E-5,    2.816506E-5
1.562875E+7,    7.309020E-6,    2.379902E-5
1.563500E+7,    1.006946E-5,    1.464877E-5
1.564125E+7,    1.157727E-5,    -1.628883E-6
1.564750E+7,    -5.410053E-6,    1.634564E-5
1.565375E+7,    2.256967E-5,    2.011098E-5
1.566000E+7,    8.720439E-6,    6.409828E-6
1.566625E+7,    1.501106E-5,    2.109818E-5
1.567250E+7,    6.398652E-6,    -8.810312E-6
1.567875E+7,    3.685243E-6,    2.269913E-5
1.568500E+7,    1.505762E-5,    2.079830E-5
1.569125E+7,    1.887977E-5,    -3.166497E-6
1.569750E+7,    1.268089E-5,    2.883561E-5
1.570375E+7,    3.952533E-6,    2.253614E-5
1.571000E+7,    -2.638437E-6,    -1.494400E-5
1.571625E+7,    1.254119E-5,    5.451962E-6
1.572250E+7,    2.148375E-5,    1.154654E-5
1.572875E+7,    -9.331852E-7,    1.566298E-5
1.573500E+7,    2.006162E-5,    3.882684E-6
1.574125E+7,    -8.242205E-6,    1.704041E-5
1.574750E+7,    7.436844E-6,    -1.465902E-6
1.575375E+7,    9.637326E-6,    -9.677839E-6
1.576000E+7,    4.539266E-6,    2.226792E-5
1.576625E+7,    6.962568E-6,    5.281344E-5
1.577250E+7,    -1.560431E-6,    -7.422641E-6
1.577875E+7,    1.804344E-5,    1.162849E-5
1.578500E+7,    9.045936E-6,    5.775131E-6
1.579125E+7,    -9.257346E-7,    3.126077E-5
1.579750E+7,    1.274701E-5,    4.909001E-6
1.580375E+7,    1.106411E-5,    -2.512243E-6
1.581000E+7,    1.843087E-5,    -4.193746E-6
1.581625E+7,    3.924593E-6,    -1.639128E-5
1.582250E+7,    -1.578592E-6,    -2.288818E-5
1.582875E+7,    2.359599E-5,    1.752563E-5
1.583500E+7,    1.277402E-5,    4.633330E-6
1.584125E+7,    -3.656838E-6,    9.111827E-7
1.584750E+7,    1.826789E-6,    -8.236151E-6
1.585375E+7,    -1.095003E-5,    2.779532E-6
1.586000E+7,    3.641006E-6,    -9.365613E-7
1.586625E+7,    1.092814E-5,    -2.858695E-6
1.587250E+7,    -7.268973E-6,    1.921784E-6
1.587875E+7,    -1.790933E-5,    2.036151E-5
1.588500E+7,    2.735015E-5,    3.883615E-7
1.589125E+7,    -2.300274E-5,    2.974458E-5
1.589750E+7,    -5.223788E-6,    9.241980E-6
1.590375E+7,    8.800067E-6,    -1.028180E-5
1.591000E+7,    1.494586E-5,    1.135562E-5
1.591625E+7,    1.081871E-5,    -3.091525E-6
1.592250E+7,    1.502410E-5,    1.122430E-5
1.592875E+7,    1.718290E-5,    1.833960E-5
1.593500E+7,    1.579896E-5,    2.655573E-5
1.594125E+7,    -1.414213E-6,    8.252915E-6
1.594750E+7,    2.531335E-5,    3.134273E-5
1.595375E+7,    4.454516E-6,    1.429487E-5
1.596000E+7,    1.428556E-5,    -4.482456E-6
1.596625E+7,    1.296587E-5,    3.759749E-6
1.597250E+7,    -1.654588E-5,    -2.549030E-6
1.597875E+7,    -2.316665E-6,    -7.124618E-6
1.598500E+7,    -4.673377E-6,    -1.423340E-5
1.599125E+7,    -4.745089E-6,    9.460840E-6
1.599750E+7,    9.474810E-6,    4.722737E-6
1.600375E+7,    5.014241E-5,    2.833083E-5
1.601000E+7,    1.344085E-5,    1.217239E-5
1.601625E+7,    2.315268E-5,    -5.247816E-5
1.602250E+7,    -1.357347E-4,    9.112060E-6
1.602875E+7,    -8.851290E-6,    -5.096570E-5
1.603500E+7,    -1.985803E-4,    1.225993E-4
1.604125E+7,    3.322773E-5,    -4.172325E-6
1.604750E+7,    -3.605150E-5,    2.484955E-5
1.605375E+7,    1.310036E-4,    -5.508959E-5
1.606000E+7,    -1.228526E-4,    6.495416E-5
1.606625E+7,    5.315617E-5,    6.428361E-5
1.607250E+7,    6.803125E-5,    -2.241656E-4
1.607875E+7,    -1.600832E-4,    -2.059042E-4
1.608500E+7,    -1.069158E-4,    -1.133904E-4
1.609125E+7,    -8.225441E-5,    -2.705306E-5
1.609750E+7,    -2.688169E-5,    -5.276129E-5
1.610375E+7,    2.743304E-5,    1.221001E-4
1.611000E+7,    1.120046E-4,    2.514571E-6
1.611625E+7,    -1.462400E-4,    3.244728E-5
1.612250E+7,    6.416067E-5,    -3.119931E-5
1.612875E+7,    1.863949E-5,    -1.369603E-5
1.613500E+7,    1.270697E-4,    -3.134459E-5
1.614125E+7,    -3.963895E-5,    4.345551E-6
1.614750E+7,    -4.490279E-5,    3.025681E-5
1.615375E+7,    -2.906844E-5,    -4.749745E-5
1.616000E+7,    -7.012859E-6,    1.572073E-5
1.616625E+7,    1.579430E-5,    -2.127048E-5
1.617250E+7,    -1.010783E-4,    7.116422E-5
1.617875E+7,    5.888566E-5,    2.317876E-5
1.618500E+7,    -2.276711E-5,    8.685514E-6
1.619125E+7,    6.502494E-6,    -2.855156E-5
1.619750E+7,    1.673400E-4,    6.215274E-5
1.620375E+7,    -3.497303E-5,    -6.215647E-6
1.621000E+7,    -2.126396E-5,    -1.071393E-4
1.621625E+7,    -7.562339E-5,    -8.419901E-5
1.622250E+7,    -1.797453E-5,    -3.008358E-5
1.622875E+7,    -2.787262E-5,    -5.022436E-5
1.623500E+7,    2.396293E-5,    -1.131929E-5
1.624125E+7,    -2.781302E-5,    -5.025789E-5
1.624750E+7,    3.036670E-5,    -1.157168E-5
1.625375E+7,    1.882575E-5,    -4.194118E-5
1.626000E+7,    1.062155E-4,    -1.218170E-5
1.626625E+7,    -8.557737E-5,    -4.790723E-5
1.627250E+7,    5.861372E-5,    7.984042E-5
1.627875E+7,    3.954209E-5,    2.404489E-5
1.628500E+7,    -5.015917E-5,    -5.159527E-7
1.629125E+7,    8.868426E-5,    -1.087785E-6
1.629750E+7,    5.668402E-5,    2.522320E-4
1.630375E+7,    -1.361221E-5,    4.429370E-5
1.631000E+7,    -3.188103E-5,    -5.529821E-5
1.631625E+7,    9.085611E-5,    2.201647E-5
1.632250E+7,    -2.027303E-5,    1.011044E-4
1.632875E+7,    3.443658E-5,    1.194552E-4
1.633500E+7,    7.297844E-5,    -1.056530E-4
1.634125E+7,    1.007169E-4,    4.220754E-5
1.634750E+7,    -1.039356E-5,    -1.306608E-4
1.635375E+7,    -1.025461E-4,    -2.419576E-5
1.636000E+7,    1.300126E-5,    -1.265034E-4
1.636625E+7,    1.383275E-4,    -1.317263E-5
1.637250E+7,    -8.032471E-5,    1.498014E-4
1.637875E+7,    -9.953976E-5,    -2.121478E-4
1.638500E+7,    2.225488E-4,    3.749132E-5
1.639125E+7,    -5.874783E-6,    -8.470938E-5
1.639750E+7,    1.587570E-4,    8.125603E-5
1.640375E+7,    -7.895008E-5,    9.047240E-5
1.641000E+7,    -4.930422E-6,    3.880076E-5
1.641625E+7,    2.352055E-5,    -2.405606E-5
1.642250E+7,    1.125783E-5,    5.871430E-5
1.642875E+7,    -8.855015E-5,    1.397580E-4
1.643500E+7,    2.925284E-5,    -8.828938E-6
1.644125E+7,    -3.089011E-5,    -9.918213E-5
1.644750E+7,    7.215887E-5,    3.592297E-5
1.645375E+7,    -1.095086E-4,    -3.693998E-5
1.646000E+7,    -6.018020E-5,    7.413328E-6
1.646625E+7,    -7.587671E-5,    6.983429E-5
1.647250E+7,    2.045743E-5,    -3.333203E-6
1.647875E+7,    -5.687773E-5,    2.790429E-5
1.648500E+7,    -2.997927E-5,    2.427958E-5
1.649125E+7,    -3.450364E-5,    6.427988E-6
1.649750E+7,    5.665235E-5,    4.805624E-7
1.650375E+7,    8.596852E-5,    -8.355826E-6
1.651000E+7,    -6.239116E-5,    -1.578405E-5
1.651625E+7,    -4.384853E-5,    -9.946525E-7
1.652250E+7,    5.615130E-5,    5.719066E-5
1.652875E+7,    4.604459E-6,    -5.169027E-5
1.653500E+7,    -7.385388E-6,    4.407763E-5
1.654125E+7,    -7.333979E-5,    -3.337488E-5
1.654750E+7,    4.405156E-5,    4.224107E-5
1.655375E+7,    -3.511459E-5,    -1.173541E-4
1.656000E+7,    -2.142116E-4,    2.555549E-5
1.656625E+7,    6.631017E-5,    9.042770E-5
1.657250E+7,    2.982765E-4,    -5.722046E-5
1.657875E+7,    -6.825477E-5,    -7.236749E-5
1.658500E+7,    -3.550574E-5,    -1.938641E-5
1.659125E+7,    -2.251938E-6,    4.648603E-5
1.659750E+7,    -1.069903E-5,    1.344681E-4
1.660375E+7,    -5.234405E-5,    -2.395362E-5
1.661000E+7,    4.581548E-5,    -1.703203E-5
1.661625E+7,    -2.502277E-5,    -1.461059E-5
1.662250E+7,    6.894767E-5,    1.678318E-4
1.662875E+7,    3.770739E-5,    8.382276E-5
1.663500E+7,    -4.175305E-5,    -1.997054E-4
1.664125E+7,    7.535517E-5,    1.553819E-5
1.664750E+7,    -2.109855E-4,    -2.871603E-4
1.665375E+7,    9.962171E-5,    4.564971E-5
1.666000E+7,    4.041474E-6,    5.024951E-6
1.666625E+7,    -5.251542E-5,    -6.534159E-5
1.667250E+7,    3.146566E-5,    1.444481E-5
1.667875E+7,    -1.433939E-4,    -5.610287E-6
1.668500E+7,    7.935613E-5,    2.064928E-5
1.669125E+7,    1.225993E-5,    9.756908E-5
1.669750E+7,    -1.296401E-6,    -7.998198E-5
1.670375E+7,    1.369044E-4,    -7.678568E-5
1.671000E+7,    6.778538E-5,    1.010299E-4
1.671625E+7,    -3.822893E-5,    5.545653E-5
1.672250E+7,    7.892027E-5,    -7.482246E-5
1.672875E+7,    -9.257346E-6,    7.523224E-5
1.673500E+7,    -5.243113E-6,    -2.415618E-6
1.674125E+7,    -3.867224E-5,    4.250556E-5
1.674750E+7,    -8.393079E-5,    2.641231E-6
1.675375E+7,    2.571940E-5,    -8.357689E-5
1.676000E+7,    -5.618669E-6,    2.600998E-5
1.676625E+7,    -2.421625E-5,    -3.027543E-5
1.677250E+7,    7.827207E-5,    2.339855E-5
1.677875E+7,    -3.024284E-5,    2.420601E-5
1.678500E+7,    -6.848946E-6,    -1.272280E-5
1.679125E+7,    -4.396215E-5,    -4.260987E-5
1.679750E+7,    6.868504E-6,    -2.864096E-5
1.680375E+7,    -4.121475E-5,    4.777871E-5
1.681000E+7,    5.444139E-5,    6.088987E-6
1.681625E+7,    2.219062E-5,    7.084571E-6
1.682250E+7,    2.336130E-5,    4.580989E-5
1.682875E+7,    -3.512762E-5,    -6.733462E-6
1.683500E+7,    4.031695E-5,    9.128824E-6
1.684125E+7,    7.291324E-6,    -1.572445E-5
1.684750E+7,    2.505351E-5,    -2.663583E-5
1.685375E+7,    -1.618173E-5,    2.117176E-5
1.686000E+7,    -9.915233E-5,    6.233528E-5
1.686625E+7,    1.048576E-5,    4.866160E-6
1.687250E+7,    8.524396E-6,    -1.836102E-5
1.687875E+7,    -4.159287E-5,    -6.550923E-6
1.688500E+7,    6.424263E-5,    -1.478940E-5
1.689125E+7,    6.796792E-5,    -6.401539E-5
1.689750E+7,    -3.111549E-5,    -1.719221E-6
1.690375E+7,    -5.963072E-5,    -5.008653E-5
1.691000E+7,    1.551025E-5,    -4.706718E-5
1.691625E+7,    -2.441369E-5,    5.241856E-5
1.692250E+7,    -2.842583E-5,    4.736893E-5
1.692875E+7,    -5.680323E-5,    -8.385628E-5
1.693500E+7,    3.449619E-5,    1.725629E-4
1.694125E+7,    -1.717359E-5,    -5.904213E-5
1.694750E+7,    -1.173764E-4,    1.883879E-5
1.695375E+7,    1.423806E-5,    -1.403317E-4
1.696000E+7,    3.584102E-5,    -6.310642E-5
1.696625E+7,    5.505979E-5,    7.359684E-5
1.697250E+7,    5.388074E-5,    -1.957640E-5
1.697875E+7,    1.025125E-4,    5.424768E-5
1.698500E+7,    -6.585568E-5,    5.875528E-5
1.699125E+7,    -1.573842E-5,    -7.365830E-6
1.699750E+7,    -7.158145E-6,    -2.572872E-5
1.700375E+7,    -8.795783E-5,    1.059249E-4
1.701000E+7,    -5.305372E-5,    4.010275E-6
1.701625E+7,    -1.436099E-4,    6.083399E-5
1.702250E+7,    5.505979E-6,    -1.350716E-4
1.702875E+7,    -1.311377E-4,    -7.003546E-6
1.703500E+7,    5.294196E-5,    -5.850941E-5
1.704125E+7,    3.602356E-6,    -6.233901E-5
1.704750E+7,    8.826330E-5,    2.883375E-6
1.705375E+7,    -9.240955E-5,    -6.250292E-5
1.706000E+7,    -2.247654E-5,    3.428198E-5
1.706625E+7,    1.095198E-4,    -2.875924E-5
1.707250E+7,    7.074326E-6,    -2.872199E-5
1.707875E+7,    1.651049E-5,    -1.171231E-4
1.708500E+7,    -5.310960E-5,    3.917143E-6
1.709125E+7,    3.337860E-6,    -7.532910E-5
1.709750E+7,    -1.250505E-4,    3.414601E-5
1.710375E+7,    5.548820E-5,    -6.367266E-5
1.711000E+7,    3.768690E-5,    1.695007E-6
1.711625E+7,    -1.242384E-4,    -3.589690E-5
1.712250E+7,    6.675720E-5,    2.175197E-5
1.712875E+7,    6.211922E-7,    2.595223E-5
1.713500E+7,    -2.194196E-6,    -3.629923E-5
1.714125E+7,    -7.535145E-5,    -3.337860E-6
1.714750E+7,    4.972890E-5,    1.697615E-5
1.715375E+7,    2.656132E-5,    2.533756E-5
1.716000E+7,    -7.295236E-5,    -8.646399E-6
1.716625E+7,    -4.607998E-5,    2.962165E-5
1.717250E+7,    -6.698072E-5,    -3.477186E-5
1.717875E+7,    2.909079E-5,    7.468462E-5
1.718500E+7,    5.687773E-5,    4.286319E-5
1.719125E+7,    -7.849559E-5,    -2.417713E-5
1.719750E+7,    4.846230E-5,    7.432327E-5
1.720375E+7,    -1.079813E-4,    -2.801418E-6
1.721000E+7,    -5.388260E-5,    8.703396E-5
1.721625E+7,    -5.502626E-5,    -1.955032E-5
1.722250E+7,    -2.837554E-5,    -4.880503E-5
1.722875E+7,    8.181483E-5,    -6.419048E-5
1.723500E+7,    1.307763E-5,    -5.492941E-5
1.724125E+7,    -5.158037E-5,    -9.511411E-5
1.724750E+7,    -1.797453E-5,    1.079123E-5
1.725375E+7,    -3.805570E-5,    -1.478009E-5
1.726000E+7,    -7.200986E-5,    -1.467913E-4
1.726625E+7,    -4.991889E-5,    -8.481741E-5
1.727250E+7,    1.742318E-5,    -3.682077E-5
1.727875E+7,    -2.670754E-5,    2.914388E-5
1.728500E+7,    1.716800E-5,    -4.981644E-5
1.729125E+7,    -2.138689E-5,    -9.061024E-5
1.729750E+7,    8.834898E-5,    -6.434321E-5
1.730375E+7,    -4.918873E-5,    -1.135319E-4
1.731000E+7,    1.119729E-5,    -2.367608E-5
1.731625E+7,    1.247274E-6,    -2.631801E-6
1.732250E+7,    -2.989173E-5,    -5.928800E-5
1.732875E+7,    4.982576E-5,    1.720339E-5
1.733500E+7,    -6.840751E-5,    -3.242865E-5
1.734125E+7,    1.926720E-5,    -1.342315E-5
1.734750E+7,    -2.736598E-5,    -1.321882E-4
1.735375E+7,    -8.269213E-6,    -2.327096E-5
1.736000E+7,    4.905276E-5,    -2.179667E-5
1.736625E+7,    -5.457923E-5,    -6.144866E-5
1.737250E+7,    2.227351E-5,    -6.031990E-5
1.737875E+7,    9.193271E-5,    -3.052130E-5
1.738500E+7,    4.373491E-5,    -1.598448E-4
1.739125E+7,    -2.779625E-5,    4.484877E-5
1.739750E+7,    1.621693E-4,    -4.219264E-5
1.740375E+7,    1.108050E-4,    2.140552E-4
1.741000E+7,    -7.017702E-5,    7.959083E-5
1.741625E+7,    1.588315E-4,    -8.225441E-6
1.742250E+7,    1.183003E-4,    4.992634E-5
1.742875E+7,    9.307265E-5,    2.381057E-4
1.743500E+7,    -3.483891E-5,    1.890585E-5
1.744125E+7,    1.050085E-4,    1.859814E-4
1.744750E+7,    5.602837E-5,    -1.444519E-4
1.745375E+7,    9.511597E-6,    2.068840E-5
1.746000E+7,    5.079433E-5,    6.951392E-5
1.746625E+7,    -2.094731E-5,    -7.792935E-5
1.747250E+7,    2.058782E-5,    -1.601782E-5
1.747875E+7,    -3.822707E-5,    5.282648E-5
1.748500E+7,    8.013099E-6,    1.028366E-5
1.749125E+7,    -5.158782E-5,    -4.085153E-5
1.749750E+7,    9.794906E-5,    -1.721084E-6
1.750375E+7,    1.257984E-6,    -2.633082E-6
1.751000E+7,    -4.717521E-5,    -9.641051E-6
1.751625E+7,    -1.486856E-6,    -1.042103E-5
1.752250E+7,    -1.490116E-8,    -8.092448E-5
1.752875E+7,    -2.737902E-5,    3.069639E-6
1.753500E+7,    -4.406646E-5,    -5.675480E-5
1.754125E+7,    -1.113676E-5,    -4.423596E-5
1.754750E+7,    4.780293E-5,    -3.218651E-5
1.755375E+7,    -3.077835E-5,    -4.391372E-5
1.756000E+7,    -1.684390E-5,    8.108094E-6
1.756625E+7,    5.937368E-5,    3.818795E-5
1.757250E+7,    -6.529735E-6,    1.024455E-7
1.757875E+7,    -2.479181E-5,    -8.315220E-5
1.758500E+7,    4.280545E-5,    -2.159923E-5
1.759125E+7,    -1.854077E-5,    -1.539104E-5
1.759750E+7,    -5.118549E-5,    -1.484901E-5
1.760375E+7,    -7.075444E-5,    -1.454353E-5
1.761000E+7,    1.440570E-5,    -8.388609E-5
1.761625E+7,    -9.818375E-5,    -1.158938E-5
1.762250E+7,    -2.618507E-5,    -9.368733E-5
1.762875E+7,    -6.927177E-6,    -2.603419E-5
1.763500E+7,    -2.849195E-5,    1.872052E-5
1.764125E+7,    -1.617149E-5,    -3.376231E-5
1.764750E+7,    4.066899E-5,    9.866431E-6
1.765375E+7,    -3.190525E-5,    5.274825E-5
1.766000E+7,    7.366762E-5,    -5.857646E-5
1.766625E+7,    -4.343688E-5,    -1.769140E-5
1.767250E+7,    -1.449510E-5,    8.393452E-5
1.767875E+7,    -7.105246E-5,    -2.780929E-5
1.768500E+7,    -4.998595E-5,    7.652491E-5
1.769125E+7,    -1.617707E-5,    6.040186E-5
1.769750E+7,    9.071082E-7,    -2.880022E-5
1.770375E+7,    5.601719E-5,    -1.159534E-4
1.771000E+7,    7.050112E-5,    -1.136959E-5
1.771625E+7,    3.795326E-5,    2.099201E-6
1.772250E+7,    -7.019192E-5,    -6.976724E-5
1.772875E+7,    5.557388E-5,    4.635751E-5
1.773500E+7,    1.108460E-5,    -4.987977E-5
1.774125E+7,    -9.668618E-5,    1.175702E-5
1.774750E+7,    -1.469813E-5,    -2.335384E-5
1.775375E+7,    9.842217E-6,    1.544207E-4
1.776000E+7,    -6.030500E-5,    -9.767711E-6
1.776625E+7,    -4.372373E-5,    6.338581E-5
1.777250E+7,    -1.942664E-4,    -1.627654E-4
1.777875E+7,    1.166612E-4,    1.425296E-5
1.778500E+7,    4.695915E-5,    -1.630932E-5
1.779125E+7,    7.246062E-5,    -6.898493E-5
1.779750E+7,    5.754270E-5,    -1.115724E-5
1.780375E+7,    -2.713408E-6,    -7.825438E-6
1.781000E+7,    -9.428710E-6,    8.652359E-5
1.781625E+7,    -1.441315E-4,    1.624227E-6
1.782250E+7,    -4.430860E-5,    -9.644032E-5
1.782875E+7,    2.918206E-5,    3.371574E-5
1.783500E+7,    -1.080036E-4,    -4.597753E-5
1.784125E+7,    -4.281849E-5,    -7.293746E-5
1.784750E+7,    3.446639E-5,    3.632158E-5
1.785375E+7,    1.537241E-5,    -3.161840E-5
1.786000E+7,    3.946014E-5,    1.268648E-5
1.786625E+7,    8.475035E-5,    8.038431E-5
1.787250E+7,    5.767494E-5,    1.994893E-6
1.787875E+7,    -1.580734E-5,    -7.697381E-6
1.788500E+7,    -7.973984E-6,    -1.040474E-5
1.789125E+7,    -7.377565E-5,    -3.588945E-5
1.789750E+7,    -4.536286E-5,    -6.782636E-5
1.790375E+7,    8.899719E-5,    -2.188236E-5
1.791000E+7,    -1.079962E-5,    -3.139302E-5
1.791625E+7,    -6.918982E-5,    3.478676E-5
1.792250E+7,    -9.395182E-6,    -2.088863E-5
1.792875E+7,    -5.246885E-5,    4.768372E-7
1.793500E+7,    8.214265E-6,    3.664568E-5
1.794125E+7,    -1.260079E-5,    5.262531E-5
1.794750E+7,    -4.220568E-5,    -2.062880E-5
1.795375E+7,    5.045906E-6,    -2.367143E-5
1.796000E+7,    1.043500E-5,    -7.971656E-6
1.796625E+7,    -7.308275E-5,    -1.043603E-4
1.797250E+7,    -3.811717E-5,    -2.294779E-6
1.797875E+7,    5.765632E-5,    -1.098774E-5
1.798500E+7,    3.900379E-5,    1.072958E-4
1.799125E+7,    -3.516488E-5,    3.182702E-5
1.799750E+7,    6.566755E-6,    -5.448237E-8
1.800375E+7,    -4.656240E-5,    -7.851794E-5
1.801000E+7,    -3.958866E-5,    -2.593920E-5
1.801625E+7,    5.979463E-5,    -6.877258E-5
1.802250E+7,    8.791685E-6,    -5.783513E-5
1.802875E+7,    6.584823E-5,    2.575293E-5
1.803500E+7,    -1.733229E-4,    -6.623566E-6
1.804125E+7,    -1.109093E-4,    -8.064508E-5
1.804750E+7,    -7.951260E-5,    -1.044720E-4
1.805375E+7,    -2.794713E-5,    -4.971027E-5
1.806000E+7,    -2.026185E-5,    -7.868558E-5
1.806625E+7,    -7.453933E-5,    4.518405E-5
1.807250E+7,    9.573624E-5,    -2.173334E-5
1.807875E+7,    2.039224E-5,    -9.470806E-5
1.808500E+7,    7.864088E-6,    -2.676621E-6
1.809125E+7,    -2.545863E-5,    -6.825849E-5
1.809750E+7,    -4.000217E-5,    -9.166449E-5
1.810375E+7,    -3.420934E-5,    -1.030788E-5
1.811000E+7,    1.387671E-6,    1.050206E-5
1.811625E+7,    -6.418675E-6,    2.633687E-5
1.812250E+7,    -1.629442E-5,    -8.669868E-5
1.812875E+7,    -1.208112E-5,    -4.198588E-5
1.813500E+7,    4.614890E-5,    2.606586E-5
1.814125E+7,    5.925819E-5,    1.281500E-5
1.814750E+7,    -1.483485E-4,    6.136298E-5
1.815375E+7,    -1.744181E-5,    -5.777553E-5
1.816000E+7,    8.858740E-6,    -5.793758E-5
1.816625E+7,    1.223534E-4,    -8.553267E-6
1.817250E+7,    -6.574020E-5,    2.980232E-7
1.817875E+7,    7.898733E-5,    2.587214E-5
1.818500E+7,    -2.266467E-5,    -6.026775E-5
1.819125E+7,    1.592003E-5,    3.414042E-5
1.819750E+7,    1.940876E-5,    -7.906929E-5
1.820375E+7,    -6.866455E-5,    -7.336587E-5
1.821000E+7,    -6.868318E-5,    -4.704669E-5
1.821625E+7,    -9.729713E-5,    -2.283603E-6
1.822250E+7,    -6.300211E-5,    3.444403E-5
1.822875E+7,    4.191510E-5,    -5.815551E-5
1.823500E+7,    -4.622713E-5,    -3.933161E-5
1.824125E+7,    -2.269447E-4,    -1.121610E-4
1.824750E+7,    1.330748E-4,    6.262958E-5
1.825375E+7,    -1.014471E-4,    -7.562339E-6
1.826000E+7,    1.043640E-5,    -3.427267E-5
1.826625E+7,    -5.413964E-5,    -4.985929E-5
1.827250E+7,    -5.797297E-5,    -1.563877E-5
1.827875E+7,    -3.663450E-5,    7.380545E-5
1.828500E+7,    -2.628844E-5,    2.641231E-5
1.829125E+7,    3.659353E-5,    -8.704513E-5
1.829750E+7,    -1.606345E-5,    -8.691475E-5
1.830375E+7,    1.596287E-5,    6.052852E-5
1.831000E+7,    -7.113814E-5,    -1.563877E-5
1.831625E+7,    -4.092604E-5,    -4.995987E-5
1.832250E+7,    -2.772734E-5,    -2.366677E-5
1.832875E+7,    1.308881E-5,    -3.956072E-5
1.833500E+7,    9.078160E-5,    -7.663295E-5
1.834125E+7,    -7.504225E-5,    1.859665E-5
1.834750E+7,    -3.446639E-5,    -8.952618E-5
1.835375E+7,    -1.050066E-5,    2.111495E-5
1.836000E+7,    -6.584078E-5,    2.645701E-5
1.836625E+7,    -9.230152E-5,    -2.627820E-5
1.837250E+7,    7.953495E-6,    5.008839E-5
1.837875E+7,    -4.745089E-5,    1.589209E-5
1.838500E+7,    5.145185E-5,    -1.062080E-5
1.839125E+7,    4.742481E-5,    -1.583621E-5
1.839750E+7,    -7.250905E-5,    1.330301E-5
1.840375E+7,    -6.189570E-5,    5.807728E-5
1.841000E+7,    7.259846E-5,    1.317263E-5
1.841625E+7,    -1.449976E-5,    2.646819E-6
1.842250E+7,    6.597256E-6,    -7.450581E-9
1.842875E+7,    3.296696E-5,    -2.642348E-5
1.843500E+7,    -1.477152E-4,    -7.800758E-6
1.844125E+7,    7.450581E-9,    -2.638344E-5
1.844750E+7,    1.440570E-5,    -1.081601E-4
1.845375E+7,    -9.243190E-5,    -5.275011E-5
1.846000E+7,    3.032014E-5,    4.481524E-5
1.846625E+7,    -9.368360E-5,    -6.324798E-5
1.847250E+7,    3.696606E-5,    -6.066822E-5
1.847875E+7,    -8.970499E-5,    -8.448213E-5
1.848500E+7,    -2.645887E-6,    1.846813E-5
1.849125E+7,    -4.610419E-5,    -9.240955E-5
1.849750E+7,    -1.980644E-5,    1.315493E-5
1.850375E+7,    1.280159E-4,    3.445894E-5
1.851000E+7,    -4.887022E-5,    1.842529E-5
1.851625E+7,    2.617016E-6,    3.430434E-5
1.852250E+7,    5.282834E-5,    9.872019E-8
1.852875E+7,    -2.370775E-5,    -3.169850E-5
1.853500E+7,    5.232170E-6,    4.227087E-5
1.854125E+7,    -2.106279E-5,    -5.020574E-5
1.854750E+7,    -5.217269E-6,    -2.907962E-5
1.855375E+7,    4.914403E-5,    -1.240745E-4
1.856000E+7,    -9.513646E-5,    1.832470E-5