SAVED BY: 
TITLE: 
COMMENTS: 
DATE: 10/27/2020
TIME: 2:07 PM

STIMULUS, REAL, IMAGINARY

8.560000E+6,    -3.943592E-5,    -1.571178E-4
8.566250E+6,    9.387732E-7,    -1.496449E-4
8.572500E+6,    -1.319498E-5,    -1.668781E-4
8.578750E+6,    6.742775E-6,    -1.521483E-4
8.585000E+6,    -1.091510E-5,    -1.682416E-4
8.591250E+6,    -2.251565E-5,    -1.786947E-4
8.597500E+6,    -1.364201E-5,    -1.748055E-4
8.603750E+6,    2.197921E-6,    -1.508221E-4
8.610000E+6,    -1.345575E-5,    -1.525879E-4
8.616250E+6,    -3.874302E-6,    -1.562089E-4
8.622500E+6,    7.256866E-6,    -1.455694E-4
8.628750E+6,    -6.228685E-6,    -1.782477E-4
8.635000E+6,    -1.461804E-5,    -1.599640E-4
8.641250E+6,    4.358590E-6,    -1.600012E-4
8.647500E+6,    2.570450E-6,    -1.821741E-4
8.653750E+6,    3.717840E-6,    -1.600534E-4
8.660000E+6,    -2.443045E-5,    -1.715124E-4
8.666250E+6,    -1.636147E-5,    -1.600683E-4
8.672500E+6,    -2.804399E-5,    -1.701936E-4
8.678750E+6,    5.215406E-8,    -1.744404E-4
8.685000E+6,    -3.658235E-6,    -1.730248E-4
8.691250E+6,    -2.315640E-5,    -1.650304E-4
8.697500E+6,    -1.450628E-5,    -1.611933E-4
8.703750E+6,    1.959503E-6,    -1.757145E-4
8.710000E+6,    -8.657575E-6,    -1.638532E-4
8.716250E+6,    3.278255E-6,    -1.615956E-4
8.722500E+6,    -5.185604E-6,    -1.886934E-4
8.728750E+6,    -9.387732E-6,    -1.794174E-4
8.735000E+6,    -1.322478E-5,    -1.625121E-4
8.741250E+6,    -1.255423E-5,    -1.860037E-4
8.747500E+6,    -1.699477E-5,    -1.686588E-4
8.753750E+6,    2.339482E-6,    -1.850650E-4
8.760000E+6,    -2.457201E-5,    -1.579374E-4
8.766250E+6,    -1.741946E-5,    -1.842603E-4
8.772500E+6,    7.599592E-7,    -1.773536E-4
8.778750E+6,    -9.246171E-6,    -1.806989E-4
8.785000E+6,    -1.966208E-5,    -1.605451E-4
8.791250E+6,    -2.870709E-5,    -1.799464E-4
8.797500E+6,    -1.358986E-5,    -1.791269E-4
8.803750E+6,    -4.753470E-6,    -1.679286E-4
8.810000E+6,    -2.668053E-5,    -1.811758E-4
8.816250E+6,    -1.856685E-5,    -1.775846E-4
8.822500E+6,    -1.505762E-5,    -1.872182E-4
8.828750E+6,    -2.763420E-5,    -1.888275E-4
8.835000E+6,    -1.253933E-5,    -1.727119E-4
8.841250E+6,    -2.275407E-5,    -1.759231E-4
8.847500E+6,    -3.501773E-5,    -2.091080E-4
8.853750E+6,    -1.709163E-5,    -1.712218E-4
8.860000E+6,    -1.718849E-5,    -1.867339E-4
8.866250E+6,    -1.450628E-5,    -1.803413E-4
8.872500E+6,    -1.209229E-5,    -1.818240E-4
8.878750E+6,    -1.583248E-5,    -2.036765E-4
8.885000E+6,    -2.883375E-5,    -1.897067E-4
8.891250E+6,    -1.052767E-5,    -2.069920E-4
8.897500E+6,    -2.922118E-5,    -1.738891E-4
8.903750E+6,    -2.687424E-5,    -1.832843E-4
8.910000E+6,    -1.432002E-5,    -1.740903E-4
8.916250E+6,    -5.409122E-6,    -1.943484E-4
8.922500E+6,    -1.562387E-5,    -1.816377E-4
8.928750E+6,    -3.458560E-5,    -1.875758E-4
8.935000E+6,    -1.653284E-5,    -2.054051E-4
8.941250E+6,    -2.619624E-5,    -1.846626E-4
8.947500E+6,    -4.827976E-6,    -1.883134E-4
8.953750E+6,    -2.415478E-5,    -1.938343E-4
8.960000E+6,    -3.427267E-5,    -1.966432E-4
8.966250E+6,    -2.123415E-5,    -1.798943E-4
8.972500E+6,    -3.132969E-5,    -1.903847E-4
8.978750E+6,    -1.721829E-5,    -2.065077E-4
8.985000E+6,    -2.930313E-5,    -1.919419E-4
8.991250E+6,    -1.502037E-5,    -2.084300E-4
8.997500E+6,    -2.301484E-5,    -1.795515E-4
9.003750E+6,    -2.397597E-5,    -1.873747E-4
9.010000E+6,    -4.842877E-5,    -1.656935E-4
9.016250E+6,    -1.524389E-5,    -1.923665E-4
9.022500E+6,    -3.325939E-5,    -2.150834E-4
9.028750E+6,    -2.590567E-5,    -1.952723E-4
9.035000E+6,    -3.641844E-5,    -1.974478E-4
9.041250E+6,    -2.380461E-5,    -1.887903E-4
9.047500E+6,    -1.496077E-5,    -1.938641E-4
9.053750E+6,    -1.967698E-5,    -2.078936E-4
9.060000E+6,    -3.037602E-5,    -1.851097E-4
9.066250E+6,    -2.603978E-5,    -1.964048E-4
9.072500E+6,    -3.014505E-5,    -2.022833E-4
9.078750E+6,    -3.792346E-5,    -2.222806E-4
9.085000E+6,    -3.379583E-5,    -2.005100E-4
9.091250E+6,    -7.957220E-6,    -1.838207E-4
9.097500E+6,    -2.856553E-5,    -2.040640E-4
9.103750E+6,    -2.989173E-5,    -2.116561E-4
9.110000E+6,    -2.949685E-5,    -2.041161E-4
9.116250E+6,    -2.390891E-5,    -2.075955E-4
9.122500E+6,    -1.984835E-5,    -2.266616E-4
9.128750E+6,    -1.350045E-5,    -2.225637E-4
9.135000E+6,    -3.236532E-5,    -2.115667E-4
9.141250E+6,    -3.224611E-5,    -2.036318E-4
9.147500E+6,    -3.170967E-5,    -1.955479E-4
9.153750E+6,    -1.731515E-5,    -2.050176E-4
9.160000E+6,    -5.668402E-5,    -2.217591E-4
9.166250E+6,    -1.545995E-5,    -1.813844E-4
9.172500E+6,    -3.337115E-5,    -1.954138E-4
9.178750E+6,    -3.100932E-5,    -1.972616E-4
9.185000E+6,    -3.311038E-5,    -2.129376E-4
9.191250E+6,    -3.032386E-5,    -2.148002E-4
9.197500E+6,    -3.540516E-5,    -1.953989E-4
9.203750E+6,    -3.089011E-5,    -2.067238E-4
9.210000E+6,    -4.719198E-5,    -2.048314E-4
9.216250E+6,    -2.261996E-5,    -2.379119E-4
9.222500E+6,    -2.862513E-5,    -2.085567E-4
9.228750E+6,    -2.507865E-5,    -2.202541E-4
9.235000E+6,    -3.115833E-5,    -1.909062E-4
9.241250E+6,    -2.451241E-5,    -2.124608E-4
9.247500E+6,    -4.056096E-5,    -2.102852E-4
9.253750E+6,    -3.437698E-5,    -2.317429E-4
9.260000E+6,    -2.261996E-5,    -2.144426E-4
9.266250E+6,    -6.212294E-5,    -2.388656E-4
9.272500E+6,    -3.693998E-5,    -2.140999E-4
9.278750E+6,    -4.783273E-5,    -2.234876E-4
9.285000E+6,    -3.369153E-5,    -2.080947E-4
9.291250E+6,    -5.169213E-5,    -2.387464E-4
9.297500E+6,    -2.001226E-5,    -2.355874E-4
9.303750E+6,    -2.896786E-5,    -2.297163E-4
9.310000E+6,    -3.507733E-5,    -2.254397E-4
9.316250E+6,    -2.361834E-5,    -2.084076E-4
9.322500E+6,    -3.142655E-5,    -2.197623E-4
9.328750E+6,    -1.053512E-5,    -2.264529E-4
9.335000E+6,    -3.261864E-5,    -2.195388E-4
9.341250E+6,    -4.464388E-5,    -2.285838E-4
9.347500E+6,    -4.079938E-5,    -2.056360E-4
9.353750E+6,    -3.573298E-5,    -2.268702E-4
9.360000E+6,    -4.163384E-5,    -2.231598E-4
9.366250E+6,    -2.333522E-5,    -2.101809E-4
9.372500E+6,    -3.258139E-5,    -2.037138E-4
9.378750E+6,    -3.033876E-5,    -2.233833E-4
9.385000E+6,    -3.367662E-5,    -2.212822E-4
9.391250E+6,    -4.102290E-5,    -2.246201E-4
9.397500E+6,    -4.826486E-5,    -2.106279E-4
9.403750E+6,    -4.112720E-5,    -2.345145E-4
9.410000E+6,    -3.558397E-5,    -2.208054E-4
9.416250E+6,    -4.586577E-5,    -2.045631E-4
9.422500E+6,    -4.386902E-5,    -2.243221E-4
9.428750E+6,    -5.272031E-5,    -2.353191E-4
9.435000E+6,    -5.292892E-5,    -2.176166E-4
9.441250E+6,    -4.324317E-5,    -2.162755E-4
9.447500E+6,    -5.254149E-5,    -2.272725E-4
9.453750E+6,    -1.072884E-5,    -2.245605E-4
9.460000E+6,    -4.979968E-5,    -2.214909E-4
9.466250E+6,    -4.848838E-5,    -2.312362E-4
9.472500E+6,    -5.811453E-5,    -2.421737E-4
9.478750E+6,    -2.816319E-5,    -2.212226E-4
9.485000E+6,    -5.921721E-5,    -2.418458E-4
9.491250E+6,    -6.461143E-5,    -2.650321E-4
9.497500E+6,    -3.874302E-5,    -2.317727E-4
9.503750E+6,    -4.288554E-5,    -2.195239E-4
9.510000E+6,    -5.465746E-5,    -2.107322E-4
9.516250E+6,    -3.445148E-5,    -2.361536E-4
9.522500E+6,    -4.523993E-5,    -2.096295E-4
9.528750E+6,    -3.212690E-5,    -2.208948E-4
9.535000E+6,    -5.391240E-5,    -2.304614E-4
9.541250E+6,    -4.711747E-5,    -2.645850E-4
9.547500E+6,    -5.543232E-5,    -2.299249E-4
9.553750E+6,    -5.725026E-5,    -2.376735E-4
9.560000E+6,    -3.945827E-5,    -2.436638E-4
9.566250E+6,    -5.307794E-5,    -2.421439E-4
9.572500E+6,    -3.600121E-5,    -2.482533E-4
9.578750E+6,    -5.069375E-5,    -2.540350E-4
9.585000E+6,    -2.798438E-5,    -2.273619E-4
9.591250E+6,    -4.577637E-5,    -2.406240E-4
9.597500E+6,    -4.443526E-5,    -2.231002E-4
9.603750E+6,    -5.334616E-5,    -2.435446E-4
9.610000E+6,    -5.263090E-5,    -2.356470E-4
9.616250E+6,    -4.497170E-5,    -2.427995E-4
9.622500E+6,    -3.674626E-5,    -2.220869E-4
9.628750E+6,    -5.301833E-5,    -2.456903E-4
9.635000E+6,    -5.897880E-5,    -2.405643E-4
9.641250E+6,    -4.577637E-5,    -2.621412E-4
9.647500E+6,    -6.982684E-5,    -2.408922E-4
9.653750E+6,    -6.484985E-5,    -2.455711E-4
9.660000E+6,    -7.838011E-5,    -2.337098E-4
9.666250E+6,    -5.492568E-5,    -2.649724E-4
9.672500E+6,    -5.957484E-5,    -2.424717E-4
9.678750E+6,    -4.264712E-5,    -2.390742E-4
9.685000E+6,    -7.203221E-5,    -2.602041E-4
9.691250E+6,    -5.564094E-5,    -2.567470E-4
9.697500E+6,    -5.409122E-5,    -2.391338E-4
9.703750E+6,    -4.392862E-5,    -2.386868E-4
9.710000E+6,    -4.160404E-5,    -2.512932E-4
9.716250E+6,    -5.313754E-5,    -2.412796E-4
9.722500E+6,    -5.576015E-5,    -2.487600E-4
9.728750E+6,    -4.035234E-5,    -2.732575E-4
9.735000E+6,    -5.432963E-5,    -2.610385E-4
9.741250E+6,    -5.453825E-5,    -2.408624E-4
9.747500E+6,    -7.048249E-5,    -2.561808E-4
9.753750E+6,    -4.872680E-5,    -2.478957E-4
9.760000E+6,    -5.125999E-5,    -2.455115E-4
9.766250E+6,    -5.972385E-5,    -2.678931E-4
9.772500E+6,    -4.270673E-5,    -2.352297E-4
9.778750E+6,    -6.526709E-5,    -2.728999E-4
9.785000E+6,    -5.832314E-5,    -2.501309E-4
9.791250E+6,    -4.139543E-5,    -2.675056E-4
9.797500E+6,    -5.236268E-5,    -2.573729E-4
9.803750E+6,    -6.234646E-5,    -2.373755E-4
9.810000E+6,    -6.815791E-5,    -2.422929E-4
9.816250E+6,    -7.098913E-5,    -2.596378E-4
9.822500E+6,    -5.909801E-5,    -2.723336E-4
9.828750E+6,    -7.447600E-5,    -2.570152E-4
9.835000E+6,    -3.892183E-5,    -2.641976E-4
9.841250E+6,    -6.085634E-5,    -2.618134E-4
9.847500E+6,    -7.903576E-5,    -2.740324E-4
9.853750E+6,    -4.988909E-5,    -2.843440E-4
9.860000E+6,    -5.021691E-5,    -2.641678E-4
9.866250E+6,    -8.136034E-5,    -2.834499E-4
9.872500E+6,    -6.091595E-5,    -2.637506E-4
9.878750E+6,    -5.927682E-5,    -2.660453E-4
9.885000E+6,    -5.030632E-5,    -2.865791E-4
9.891250E+6,    -6.818771E-5,    -2.784431E-4
9.897500E+6,    -6.535649E-5,    -2.506971E-4
9.903750E+6,    -4.208088E-5,    -2.665520E-4
9.910000E+6,    -7.277727E-5,    -2.752244E-4
9.916250E+6,    -6.851554E-5,    -2.803802E-4
9.922500E+6,    -6.103516E-5,    -2.679527E-4
9.928750E+6,    -6.392598E-5,    -2.653897E-4
9.935000E+6,    -5.409122E-5,    -2.762377E-4
9.941250E+6,    -5.763769E-5,    -2.729595E-4
9.947500E+6,    -5.611777E-5,    -2.755523E-4
9.953750E+6,    -7.504225E-5,    -2.970994E-4
9.960000E+6,    -5.978346E-5,    -2.727211E-4
9.966250E+6,    -6.568432E-5,    -2.874136E-4
9.972500E+6,    -8.097291E-5,    -2.713799E-4
9.978750E+6,    -7.128716E-5,    -2.819598E-4
9.985000E+6,    -7.298589E-5,    -3.015101E-4
9.991250E+6,    -6.252527E-5,    -2.822876E-4
9.997500E+6,    -6.306171E-5,    -2.718568E-4
1.000375E+7,    -7.086992E-5,    -2.739727E-4
1.001000E+7,    -8.782744E-5,    -2.979934E-4
1.001625E+7,    -6.783009E-5,    -2.890229E-4
1.002250E+7,    -5.793571E-5,    -2.792776E-4
1.002875E+7,    -6.654859E-5,    -2.914965E-4
1.003500E+7,    -6.362796E-5,    -3.063083E-4
1.004125E+7,    -6.461143E-5,    -3.064275E-4
1.004750E+7,    -7.313490E-5,    -3.081262E-4
1.005375E+7,    -6.872416E-5,    -3.035069E-4
1.006000E+7,    -5.048513E-5,    -3.023744E-4
1.006625E+7,    -7.948279E-5,    -3.025234E-4
1.007250E+7,    -7.924438E-5,    -2.924204E-4
1.007875E+7,    -6.341934E-5,    -2.783239E-4
1.008500E+7,    -7.808208E-5,    -2.950132E-4
1.009125E+7,    -7.769465E-5,    -2.843738E-4
1.009750E+7,    -8.124113E-5,    -2.919734E-4
1.010375E+7,    -8.675456E-5,    -2.857745E-4
1.011000E+7,    -7.924438E-5,    -3.068447E-4
1.011625E+7,    -7.772446E-5,    -3.091991E-4
1.012250E+7,    -6.705523E-5,    -2.779663E-4
1.012875E+7,    -9.515882E-5,    -2.895892E-4
1.013500E+7,    -6.759167E-5,    -2.896786E-4
1.014125E+7,    -7.435679E-5,    -3.271401E-4
1.014750E+7,    -8.979440E-5,    -2.970695E-4
1.015375E+7,    -8.091331E-5,    -3.210902E-4
1.016000E+7,    -9.235740E-5,    -3.067255E-4
1.016625E+7,    -8.341670E-5,    -3.179014E-4
1.017250E+7,    -7.718801E-5,    -2.933443E-4
1.017875E+7,    -7.209182E-5,    -3.119111E-4
1.018500E+7,    -7.602572E-5,    -2.959371E-4
1.019125E+7,    -8.910894E-5,    -3.143549E-4
1.019750E+7,    -1.019537E-4,    -3.097057E-4
1.020375E+7,    -9.912252E-5,    -3.028214E-4
1.021000E+7,    -8.341670E-5,    -3.123283E-4
1.021625E+7,    -1.064241E-4,    -3.296137E-4
1.022250E+7,    -7.808208E-5,    -3.081262E-4
1.022875E+7,    -7.438660E-5,    -3.262460E-4
1.023500E+7,    -9.554625E-5,    -3.101826E-4
1.024125E+7,    -9.286404E-5,    -3.159046E-4
1.024750E+7,    -7.483363E-5,    -3.283620E-4
1.025375E+7,    -9.873509E-5,    -3.325641E-4
1.026000E+7,    -8.535385E-5,    -3.041923E-4
1.026625E+7,    -9.256601E-5,    -3.308356E-4
1.027250E+7,    -1.011491E-4,    -3.192723E-4
1.027875E+7,    -9.563565E-5,    -3.278255E-4
1.028500E+7,    -7.975101E-5,    -3.506243E-4
1.029125E+7,    -9.536743E-5,    -3.426373E-4
1.029750E+7,    -1.105964E-4,    -3.096163E-4
1.030375E+7,    -9.804964E-5,    -3.273189E-4
1.031000E+7,    -1.103282E-4,    -3.348291E-4
1.031625E+7,    -9.459257E-5,    -3.349483E-4
1.032250E+7,    -1.057684E-4,    -3.202558E-4
1.032875E+7,    -9.801984E-5,    -3.318489E-4
1.033500E+7,    -1.049638E-4,    -3.355742E-4
1.034125E+7,    -1.047552E-4,    -3.357828E-4
1.034750E+7,    -8.532405E-5,    -3.389120E-4
1.035375E+7,    -1.003146E-4,    -3.439188E-4
1.036000E+7,    -1.122653E-4,    -3.389418E-4
1.036625E+7,    -9.620190E-5,    -3.522933E-4
1.037250E+7,    -9.652972E-5,    -3.267229E-4
1.037875E+7,    -1.223385E-4,    -3.522933E-4
1.038500E+7,    -1.101196E-4,    -3.343821E-4
1.039125E+7,    -1.065433E-4,    -3.396869E-4
1.039750E+7,    -1.133084E-4,    -3.437400E-4
1.040375E+7,    -1.021028E-4,    -3.481507E-4
1.041000E+7,    -1.024902E-4,    -3.479719E-4
1.041625E+7,    -1.071095E-4,    -3.419220E-4
1.042250E+7,    -1.239479E-4,    -3.566742E-4
1.042875E+7,    -1.241267E-4,    -3.433824E-4
1.043500E+7,    -9.596348E-5,    -3.495812E-4
1.044125E+7,    -1.089573E-4,    -3.439784E-4
1.044750E+7,    -9.706616E-5,    -3.491044E-4
1.045375E+7,    -1.338124E-4,    -3.589392E-4
1.046000E+7,    -1.267791E-4,    -3.577173E-4
1.046625E+7,    -1.022220E-4,    -3.841519E-4
1.047250E+7,    -1.220107E-4,    -3.535450E-4
1.047875E+7,    -1.330078E-4,    -3.510118E-4
1.048500E+7,    -1.360178E-4,    -3.602505E-4
1.049125E+7,    -1.300871E-4,    -3.439188E-4
1.049750E+7,    -1.130402E-4,    -3.452599E-4
1.050375E+7,    -1.263022E-4,    -3.786683E-4
1.051000E+7,    -1.118183E-4,    -3.766418E-4
1.051625E+7,    -1.221895E-4,    -3.737807E-4
1.052250E+7,    -1.168549E-4,    -3.570318E-4
1.052875E+7,    -1.282096E-4,    -3.669858E-4
1.053500E+7,    -1.109242E-4,    -3.534257E-4
1.054125E+7,    -1.205802E-4,    -3.948808E-4
1.054750E+7,    -1.253188E-4,    -3.595650E-4
1.055375E+7,    -1.346469E-4,    -3.885031E-4
1.056000E+7,    -1.181960E-4,    -3.878474E-4
1.056625E+7,    -1.438260E-4,    -3.729463E-4
1.057250E+7,    -1.257062E-4,    -3.775358E-4
1.057875E+7,    -1.280904E-4,    -3.744364E-4
1.058500E+7,    -1.336336E-4,    -3.936887E-4
1.059125E+7,    -1.168847E-4,    -3.828406E-4
1.059750E+7,    -1.181960E-4,    -3.820658E-4
1.060375E+7,    -1.283884E-4,    -3.796220E-4
1.061000E+7,    -1.235008E-4,    -3.889203E-4
1.061625E+7,    -1.282096E-4,    -3.821254E-4
1.062250E+7,    -1.274943E-4,    -3.849268E-4
1.062875E+7,    -1.472235E-4,    -3.789663E-4
1.063500E+7,    -1.292229E-4,    -3.970265E-4
1.064125E+7,    -1.374483E-4,    -4.003644E-4
1.064750E+7,    -1.324415E-4,    -3.938675E-4
1.065375E+7,    -1.426339E-4,    -3.906488E-4
1.066000E+7,    -1.314878E-4,    -3.994107E-4
1.066625E+7,    -1.463294E-4,    -3.871918E-4
1.067250E+7,    -1.434088E-4,    -3.957748E-4
1.067875E+7,    -1.295805E-4,    -3.923178E-4
1.068500E+7,    -1.594424E-4,    -4.115105E-4
1.069125E+7,    -1.391768E-4,    -3.916621E-4
1.069750E+7,    -1.235008E-4,    -3.910065E-4
1.070375E+7,    -1.183152E-4,    -4.029870E-4
1.071000E+7,    -1.417398E-4,    -3.908277E-4
1.071625E+7,    -1.339912E-4,    -4.066229E-4
1.072250E+7,    -1.420379E-4,    -4.066229E-4
1.072875E+7,    -1.495481E-4,    -4.251003E-4
1.073500E+7,    -1.343489E-4,    -4.087687E-4
1.074125E+7,    -1.598001E-4,    -4.085898E-4
1.074750E+7,    -1.518726E-4,    -4.107952E-4
1.075375E+7,    -1.289248E-4,    -4.081726E-4
1.076000E+7,    -1.600981E-4,    -4.110336E-4
1.076625E+7,    -1.313090E-4,    -4.070401E-4
1.077250E+7,    -1.573563E-4,    -4.194975E-4
1.077875E+7,    -1.443028E-4,    -4.480481E-4
1.078500E+7,    -1.747608E-4,    -4.193187E-4
1.079125E+7,    -1.349449E-4,    -4.377365E-4
1.079750E+7,    -1.220703E-4,    -4.025698E-4
1.080375E+7,    -1.466870E-4,    -4.341006E-4
1.081000E+7,    -1.655221E-4,    -4.274249E-4
1.081625E+7,    -1.588464E-4,    -4.427433E-4
1.082250E+7,    -1.490116E-4,    -4.332066E-4
1.082875E+7,    -1.426935E-4,    -4.492998E-4
1.083500E+7,    -1.486540E-4,    -4.202724E-4
1.084125E+7,    -1.631379E-4,    -4.261136E-4
1.084750E+7,    -1.713037E-4,    -4.441738E-4
1.085375E+7,    -1.680255E-4,    -4.531741E-4
1.086000E+7,    -1.548529E-4,    -4.475117E-4
1.086625E+7,    -1.686215E-4,    -4.531145E-4
1.087250E+7,    -1.527071E-4,    -4.569292E-4
1.087875E+7,    -1.558065E-4,    -4.341602E-4
1.088500E+7,    -1.605153E-4,    -4.431605E-4
1.089125E+7,    -1.707077E-4,    -4.743934E-4
1.089750E+7,    -1.569390E-4,    -4.553795E-4
1.090375E+7,    -1.660585E-4,    -4.548430E-4
1.091000E+7,    -1.586676E-4,    -4.552603E-4
1.091625E+7,    -1.817942E-4,    -4.755855E-4
1.092250E+7,    -1.524091E-4,    -4.548430E-4
1.092875E+7,    -1.754761E-4,    -4.750490E-4
1.093500E+7,    -1.769066E-4,    -4.566312E-4
1.094125E+7,    -1.900196E-4,    -4.639030E-4
1.094750E+7,    -1.941323E-4,    -4.764795E-4
1.095375E+7,    -1.629591E-4,    -4.590154E-4
1.096000E+7,    -1.952648E-4,    -4.734993E-4
1.096625E+7,    -1.847744E-4,    -4.667640E-4
1.097250E+7,    -1.797676E-4,    -4.796386E-4
1.097875E+7,    -1.807213E-4,    -4.629493E-4
1.098500E+7,    -1.840591E-4,    -4.564524E-4
1.099125E+7,    -2.036095E-4,    -4.675984E-4
1.099750E+7,    -1.720786E-4,    -4.723072E-4
1.100375E+7,    -1.832247E-4,    -4.843473E-4
1.101000E+7,    -1.967549E-4,    -4.892945E-4
1.101625E+7,    -1.998544E-4,    -5.044937E-4
1.102250E+7,    -2.108216E-4,    -4.779100E-4
1.102875E+7,    -1.878142E-4,    -4.823804E-4
1.103500E+7,    -2.000332E-4,    -4.932284E-4
1.104125E+7,    -1.899004E-4,    -5.010962E-4
1.104750E+7,    -2.076626E-4,    -4.962683E-4
1.105375E+7,    -2.012253E-4,    -4.734993E-4
1.106000E+7,    -2.027154E-4,    -5.140305E-4
1.106625E+7,    -1.767874E-4,    -5.043745E-4
1.107250E+7,    -1.893640E-4,    -4.933476E-4
1.107875E+7,    -2.036691E-4,    -5.173087E-4
1.108500E+7,    -1.833439E-4,    -4.968047E-4
1.109125E+7,    -2.232790E-4,    -5.142689E-4
1.109750E+7,    -1.991987E-4,    -5.012155E-4
1.110375E+7,    -1.878738E-4,    -5.350113E-4
1.111000E+7,    -1.971722E-4,    -5.080104E-4
1.111625E+7,    -2.047420E-4,    -5.352497E-4
1.112250E+7,    -2.144575E-4,    -5.310178E-4
1.112875E+7,    -2.242923E-4,    -5.327463E-4
1.113500E+7,    -2.204180E-4,    -5.230904E-4
1.114125E+7,    -2.234578E-4,    -5.395412E-4
1.114750E+7,    -2.154708E-4,    -5.240440E-4
1.115375E+7,    -2.194047E-4,    -5.363822E-4
1.116000E+7,    -2.369881E-4,    -5.359054E-4
1.116625E+7,    -2.192259E-4,    -5.529523E-4
1.117250E+7,    -2.257824E-4,    -5.576015E-4
1.117875E+7,    -2.084970E-4,    -5.401373E-4
1.118500E+7,    -2.288222E-4,    -5.575418E-4
1.119125E+7,    -2.367496E-4,    -5.859137E-4
1.119750E+7,    -2.515316E-4,    -5.796552E-4
1.120375E+7,    -2.424717E-4,    -5.725622E-4
1.121000E+7,    -2.420545E-4,    -5.954504E-4
1.121625E+7,    -2.553463E-4,    -6.130338E-4
1.122250E+7,    -2.717972E-4,    -6.248355E-4
1.122875E+7,    -2.766252E-4,    -6.862879E-4
1.123500E+7,    -2.777576E-4,    -7.550716E-4
1.124125E+7,    -3.054142E-4,    -7.277727E-4
1.124750E+7,    -2.920628E-4,    -7.429123E-4
1.125375E+7,    -3.182888E-4,    -7.067919E-4
1.126000E+7,    -2.870560E-4,    -7.276535E-4
1.126625E+7,    -2.881289E-4,    -6.877780E-4
1.127250E+7,    -2.579689E-4,    -7.557869E-4
1.127875E+7,    -3.089905E-4,    -6.973743E-4
1.128500E+7,    -3.212690E-4,    -7.293224E-4
1.129125E+7,    -2.829432E-4,    -6.678104E-4
1.129750E+7,    -2.799630E-4,    -6.280541E-4
1.130375E+7,    -3.080368E-4,    -6.570816E-4
1.131000E+7,    -3.138781E-4,    -6.960630E-4
1.131625E+7,    -2.784729E-4,    -6.912351E-4
1.132250E+7,    -2.846718E-4,    -7.218122E-4
1.132875E+7,    -3.060102E-4,    -7.138252E-4
1.133500E+7,    -3.070831E-4,    -7.288456E-4
1.134125E+7,    -2.913475E-4,    -7.106066E-4
1.134750E+7,    -3.033876E-4,    -6.967783E-4
1.135375E+7,    -3.110170E-4,    -6.941557E-4
1.136000E+7,    -2.779961E-4,    -6.557703E-4
1.136625E+7,    -3.354549E-4,    -6.831884E-4
1.137250E+7,    -3.209114E-4,    -7.182360E-4
1.137875E+7,    -3.373623E-4,    -7.354021E-4
1.138500E+7,    -3.383160E-4,    -6.972551E-4
1.139125E+7,    -3.138781E-4,    -7.289648E-4
1.139750E+7,    -2.983809E-4,    -6.974936E-4
1.140375E+7,    -3.361702E-4,    -7.013083E-4
1.141000E+7,    -3.190041E-4,    -6.909370E-4
1.141625E+7,    -3.412962E-4,    -6.933212E-4
1.142250E+7,    -3.222227E-4,    -6.926060E-4
1.142875E+7,    -3.311634E-4,    -7.523298E-4
1.143500E+7,    -3.113747E-4,    -7.213354E-4
1.144125E+7,    -3.317595E-4,    -6.979704E-4
1.144750E+7,    -3.309250E-4,    -7.680655E-4
1.145375E+7,    -3.519058E-4,    -8.026361E-4
1.146000E+7,    -3.850460E-4,    -7.758141E-4
1.146625E+7,    -3.851652E-4,    -8.212328E-4
1.147250E+7,    -3.396273E-4,    -7.923841E-4
1.147875E+7,    -3.470182E-4,    -7.601976E-4
1.148500E+7,    -3.360510E-4,    -7.827282E-4
1.149125E+7,    -4.090071E-4,    -8.896589E-4
1.149750E+7,    -3.857613E-4,    -8.980036E-4
1.150375E+7,    -3.981590E-4,    -8.591413E-4
1.151000E+7,    -4.394054E-4,    -8.804798E-4
1.151625E+7,    -3.726482E-4,    -9.034872E-4
1.152250E+7,    -3.651381E-4,    -8.820295E-4
1.152875E+7,    -4.123449E-4,    -8.373260E-4
1.153500E+7,    -3.885031E-4,    -7.930994E-4
1.154125E+7,    -4.098415E-4,    -8.918047E-4
1.154750E+7,    -4.057884E-4,    -9.108782E-4
1.155375E+7,    -4.066229E-4,    -8.872747E-4
1.156000E+7,    -3.881454E-4,    -1.046777E-3
1.156625E+7,    -4.115105E-4,    -1.034617E-3
1.157250E+7,    -4.057884E-4,    -1.018882E-3
1.157875E+7,    -5.062819E-4,    -1.002550E-3
1.158500E+7,    -4.712343E-4,    -1.129389E-3
1.159125E+7,    -4.053116E-4,    -9.946823E-4
1.159750E+7,    -3.864765E-4,    -1.047611E-3
1.160375E+7,    -4.730225E-4,    -1.084447E-3
1.161000E+7,    -4.496574E-4,    -1.031637E-3
1.161625E+7,    -5.165339E-4,    -1.120090E-3
1.162250E+7,    -5.116463E-4,    -1.213670E-3
1.162875E+7,    -4.415512E-4,    -1.483440E-3
1.163500E+7,    -3.986359E-4,    -1.579285E-3
1.164125E+7,    -1.685619E-4,    -1.797438E-3
1.164750E+7,    2.338886E-4,    -2.014637E-3
1.165375E+7,    -1.192093E-6,    -1.990795E-3
1.166000E+7,    3.877878E-4,    -1.892328E-3
1.166625E+7,    8.356571E-4,    -1.890302E-3
1.167250E+7,    9.837151E-4,    -1.717091E-3
1.167875E+7,    1.028538E-3,    -1.757503E-3
1.168500E+7,    9.987354E-4,    -1.783490E-3
1.169125E+7,    1.019835E-3,    -1.817346E-3
1.169750E+7,    1.010060E-3,    -1.788735E-3
1.170375E+7,    1.030684E-3,    -1.803994E-3
1.171000E+7,    1.039743E-3,    -1.791000E-3
1.171625E+7,    1.032352E-3,    -1.820922E-3
1.172250E+7,    1.068592E-3,    -1.849651E-3
1.172875E+7,    1.066685E-3,    -1.842260E-3
1.173500E+7,    1.048446E-3,    -1.837730E-3
1.174125E+7,    1.049042E-3,    -1.862407E-3
1.174750E+7,    1.052380E-3,    -1.885295E-3
1.175375E+7,    1.056910E-3,    -1.912951E-3
1.176000E+7,    1.048565E-3,    -1.966476E-3
1.176625E+7,    1.115561E-3,    -1.967669E-3
1.177250E+7,    1.105905E-3,    -1.951337E-3
1.177875E+7,    1.085043E-3,    -1.985312E-3
1.178500E+7,    1.096249E-3,    -1.971483E-3
1.179125E+7,    1.088142E-3,    -1.931787E-3
1.179750E+7,    1.086235E-3,    -2.047300E-3
1.180375E+7,    1.030922E-3,    -2.023935E-3
1.181000E+7,    1.054287E-3,    -1.980543E-3
1.181625E+7,    1.054287E-3,    -2.009630E-3
1.182250E+7,    1.093149E-3,    -2.111435E-3
1.182875E+7,    1.118183E-3,    -2.103090E-3
1.183500E+7,    1.168013E-3,    -2.077103E-3
1.184125E+7,    1.116037E-3,    -2.094030E-3
1.184750E+7,    1.156092E-3,    -2.107859E-3
1.185375E+7,    1.200199E-3,    -2.160072E-3
1.186000E+7,    1.151800E-3,    -2.225399E-3
1.186625E+7,    1.176834E-3,    -2.193928E-3
1.187250E+7,    1.187801E-3,    -2.237320E-3
1.187875E+7,    1.213789E-3,    -2.264023E-3
1.188500E+7,    1.164198E-3,    -2.282381E-3
1.189125E+7,    1.206875E-3,    -2.238512E-3
1.189750E+7,    1.169205E-3,    -2.330780E-3
1.190375E+7,    1.214504E-3,    -2.339840E-3
1.191000E+7,    1.230001E-3,    -2.321243E-3
1.191625E+7,    1.165390E-3,    -2.386808E-3
1.192250E+7,    1.230240E-3,    -2.408028E-3
1.192875E+7,    1.280785E-3,    -2.405882E-3
1.193500E+7,    1.235723E-3,    -2.426386E-3
1.194125E+7,    1.258612E-3,    -2.391577E-3
1.194750E+7,    1.218557E-3,    -2.454758E-3
1.195375E+7,    1.207590E-3,    -2.473831E-3
1.196000E+7,    1.297235E-3,    -2.422810E-3
1.196625E+7,    1.244545E-3,    -2.506971E-3
1.197250E+7,    1.271963E-3,    -2.542734E-3
1.197875E+7,    1.230001E-3,    -2.615690E-3
1.198500E+7,    1.276016E-3,    -2.534389E-3
1.199125E+7,    1.218796E-3,    -2.674103E-3
1.199750E+7,    1.263380E-3,    -2.599001E-3
1.200375E+7,    1.356602E-3,    -2.639294E-3
1.201000E+7,    1.206636E-3,    -2.667189E-3
1.201625E+7,    1.262188E-3,    -2.715349E-3
1.202250E+7,    1.281977E-3,    -2.682447E-3
1.202875E+7,    1.241684E-3,    -2.735853E-3
1.203500E+7,    1.258373E-3,    -2.706051E-3
1.204125E+7,    1.287222E-3,    -2.701044E-3
1.204750E+7,    1.257658E-3,    -2.730131E-3
1.205375E+7,    1.280546E-3,    -2.792120E-3
1.206000E+7,    1.299620E-3,    -2.736330E-3
1.206625E+7,    1.338720E-3,    -2.884626E-3
1.207250E+7,    1.339197E-3,    -2.894402E-3
1.207875E+7,    1.311541E-3,    -2.838850E-3
1.208500E+7,    1.295805E-3,    -2.827406E-3
1.209125E+7,    1.265287E-3,    -2.853394E-3
1.209750E+7,    1.291990E-3,    -2.899170E-3
1.210375E+7,    1.349449E-3,    -2.948523E-3
1.211000E+7,    1.326323E-3,    -2.963781E-3
1.211625E+7,    1.314640E-3,    -2.986431E-3
1.212250E+7,    1.326799E-3,    -2.962828E-3
1.212875E+7,    1.346827E-3,    -3.023624E-3
1.213500E+7,    1.355410E-3,    -3.016949E-3
1.214125E+7,    1.355886E-3,    -3.070593E-3
1.214750E+7,    1.326323E-3,    -3.129005E-3
1.215375E+7,    1.387358E-3,    -3.124237E-3
1.216000E+7,    1.357794E-3,    -3.159285E-3
1.216625E+7,    1.388550E-3,    -3.158331E-3
1.217250E+7,    1.414776E-3,    -3.216267E-3
1.217875E+7,    1.405954E-3,    -3.234863E-3
1.218500E+7,    1.426935E-3,    -3.287315E-3
1.219125E+7,    1.400709E-3,    -3.298998E-3
1.219750E+7,    1.441240E-3,    -3.308058E-3
1.220375E+7,    1.449823E-3,    -3.294945E-3
1.221000E+7,    1.410961E-3,    -3.412962E-3
1.221625E+7,    1.442671E-3,    -3.433704E-3
1.222250E+7,    1.396656E-3,    -3.444910E-3
1.222875E+7,    1.442909E-3,    -3.494740E-3
1.223500E+7,    1.471281E-3,    -3.527164E-3
1.224125E+7,    1.478672E-3,    -3.576756E-3
1.224750E+7,    1.496315E-3,    -3.610849E-3
1.225375E+7,    1.540661E-3,    -3.641605E-3
1.226000E+7,    1.484871E-3,    -3.686666E-3
1.226625E+7,    1.559734E-3,    -3.707409E-3
1.227250E+7,    1.628876E-3,    -3.699780E-3
1.227875E+7,    1.597881E-3,    -3.815651E-3
1.228500E+7,    1.571417E-3,    -3.841877E-3
1.229125E+7,    1.602650E-3,    -3.897667E-3
1.229750E+7,    1.585245E-3,    -3.937483E-3
1.230375E+7,    1.620531E-3,    -3.906250E-3
1.231000E+7,    1.608372E-3,    -3.942966E-3
1.231625E+7,    1.640320E-3,    -3.977776E-3
1.232250E+7,    1.629829E-3,    -4.067898E-3
1.232875E+7,    1.710892E-3,    -4.096985E-3
1.233500E+7,    1.700401E-3,    -4.138947E-3
1.234125E+7,    1.672268E-3,    -4.234314E-3
1.234750E+7,    1.652718E-3,    -4.245281E-3
1.235375E+7,    1.744747E-3,    -4.289627E-3
1.236000E+7,    1.771450E-3,    -4.342079E-3
1.236625E+7,    1.795292E-3,    -4.387379E-3
1.237250E+7,    1.769066E-3,    -4.391193E-3
1.237875E+7,    1.777172E-3,    -4.502773E-3
1.238500E+7,    1.796722E-3,    -4.509449E-3
1.239125E+7,    1.806736E-3,    -4.617214E-3
1.239750E+7,    1.817703E-3,    -4.651070E-3
1.240375E+7,    1.829147E-3,    -4.699230E-3
1.241000E+7,    1.843929E-3,    -4.734993E-3
1.241625E+7,    1.881123E-3,    -4.783630E-3
1.242250E+7,    1.944065E-3,    -4.868984E-3
1.242875E+7,    1.916409E-3,    -4.925728E-3
1.243500E+7,    1.892090E-3,    -5.021095E-3
1.244125E+7,    1.940727E-3,    -5.037308E-3
1.244750E+7,    1.956463E-3,    -5.075455E-3
1.245375E+7,    2.039909E-3,    -5.216122E-3
1.246000E+7,    2.068520E-3,    -5.213261E-3
1.246625E+7,    2.114296E-3,    -5.313873E-3
1.247250E+7,    2.034664E-3,    -5.288601E-3
1.247875E+7,    2.099514E-3,    -5.419254E-3
1.248500E+7,    2.102375E-3,    -5.530834E-3
1.249125E+7,    2.130985E-3,    -5.583763E-3
1.249750E+7,    2.203465E-3,    -5.623341E-3
1.250375E+7,    2.221584E-3,    -5.822659E-3
1.251000E+7,    2.241611E-3,    -5.825043E-3
1.251625E+7,    2.229691E-3,    -5.911350E-3
1.252250E+7,    2.282619E-3,    -5.918503E-3
1.252875E+7,    2.326012E-3,    -5.970001E-3
1.253500E+7,    2.350330E-3,    -6.062031E-3
1.254125E+7,    2.366543E-3,    -6.173134E-3
1.254750E+7,    2.411842E-3,    -6.217480E-3
1.255375E+7,    2.444744E-3,    -6.380081E-3
1.256000E+7,    2.435684E-3,    -6.441593E-3
1.256625E+7,    2.480984E-3,    -6.564617E-3
1.257250E+7,    2.521515E-3,    -6.589413E-3
1.257875E+7,    2.573490E-3,    -6.737709E-3
1.258500E+7,    2.542973E-3,    -6.816387E-3
1.259125E+7,    2.671242E-3,    -6.929398E-3
1.259750E+7,    2.632141E-3,    -7.046700E-3
1.260375E+7,    2.641678E-3,    -7.153988E-3
1.261000E+7,    2.647400E-3,    -7.271767E-3
1.261625E+7,    2.693653E-3,    -7.454395E-3
1.262250E+7,    2.699852E-3,    -7.452011E-3
1.262875E+7,    2.550125E-3,    -7.846355E-3
1.263500E+7,    2.816677E-3,    -7.580757E-3
1.264125E+7,    2.880096E-3,    -7.825851E-3
1.264750E+7,    2.959251E-3,    -7.954597E-3
1.265375E+7,    2.949715E-3,    -8.042336E-3
1.266000E+7,    2.815247E-3,    -8.292198E-3
1.266625E+7,    2.963066E-3,    -8.315086E-3
1.267250E+7,    1.102448E-3,    -9.077072E-3
1.267875E+7,    1.941681E-3,    -9.112358E-3
1.268500E+7,    1.092911E-3,    -9.593964E-3
1.269125E+7,    2.271652E-3,    -9.461403E-3
1.269750E+7,    3.165245E-3,    -8.892059E-3
1.270375E+7,    9.727478E-5,    -9.301186E-3
1.271000E+7,    1.170158E-3,    -1.065731E-2
1.271625E+7,    3.396988E-3,    -9.386063E-3
1.272250E+7,    3.396034E-3,    -9.568214E-3
1.272875E+7,    3.466606E-3,    -9.765625E-3
1.273500E+7,    3.317833E-3,    -1.014328E-2
1.274125E+7,    3.526688E-3,    -1.025486E-2
1.274750E+7,    3.494263E-3,    -1.061630E-2
1.275375E+7,    3.674984E-3,    -1.048470E-2
1.276000E+7,    3.080368E-3,    -1.091814E-2
1.276625E+7,    1.730442E-3,    -1.131392E-2
1.277250E+7,    -1.978874E-3,    -8.346081E-3
1.277875E+7,    -3.088951E-3,    -1.044893E-2
1.278500E+7,    -1.414299E-3,    -1.247835E-2
1.279125E+7,    3.075600E-4,    -1.303959E-2
1.279750E+7,    2.979279E-3,    -1.227140E-2
1.280375E+7,    -1.192093E-3,    -1.198101E-2
1.281000E+7,    -4.359722E-3,    -1.031446E-2
1.281625E+7,    -3.449440E-3,    -1.384354E-2
1.282250E+7,    -3.777504E-3,    -1.371193E-2
1.282875E+7,    1.264572E-3,    -1.405859E-2
1.283500E+7,    -5.652428E-3,    -1.201534E-2
1.284125E+7,    4.028320E-3,    -1.517391E-2
1.284750E+7,    4.496574E-3,    -1.490974E-2
1.285375E+7,    3.482819E-3,    -1.584625E-2
1.286000E+7,    3.467560E-3,    -1.579666E-2
1.286625E+7,    3.433228E-3,    -1.665497E-2
1.287250E+7,    4.082680E-3,    -1.665974E-2
1.287875E+7,    4.908562E-3,    -1.632977E-2
1.288500E+7,    3.954887E-3,    -1.665306E-2
1.289125E+7,    2.758980E-3,    -1.832581E-2
1.289750E+7,    3.938675E-4,    -1.857281E-2
1.290375E+7,    3.556252E-3,    -1.816463E-2
1.291000E+7,    2.217293E-3,    -1.892662E-2
1.291625E+7,    1.312256E-3,    -2.024269E-2
1.292250E+7,    -9.403229E-4,    -1.787472E-2
1.292875E+7,    4.758835E-4,    -1.993179E-2
1.293500E+7,    -7.373810E-3,    -1.686001E-2
1.294125E+7,    -4.908562E-3,    -1.870632E-2
1.294750E+7,    -7.310867E-3,    -1.464176E-2
1.295375E+7,    -7.495880E-3,    -9.746552E-3
1.296000E+7,    -6.522179E-3,    -7.392883E-3
1.296625E+7,    -6.402016E-3,    -7.044315E-3
1.297250E+7,    -6.629944E-3,    -7.306576E-3
1.297875E+7,    -6.785393E-3,    -7.410526E-3
1.298500E+7,    -6.899357E-3,    -7.520676E-3
1.299125E+7,    -7.089615E-3,    -7.670879E-3
1.299750E+7,    -7.245541E-3,    -7.801056E-3
1.300375E+7,    -7.499695E-3,    -7.999897E-3
1.301000E+7,    -7.685661E-3,    -8.178711E-3
1.301625E+7,    -7.906914E-3,    -8.317947E-3
1.302250E+7,    -8.132935E-3,    -8.557320E-3
1.302875E+7,    -8.374214E-3,    -8.690834E-3
1.303500E+7,    -8.621216E-3,    -8.932114E-3
1.304125E+7,    -8.891106E-3,    -9.104729E-3
1.304750E+7,    -9.143829E-3,    -9.308815E-3
1.305375E+7,    -9.398460E-3,    -9.513855E-3
1.306000E+7,    -9.683609E-3,    -9.730339E-3
1.306625E+7,    -1.001167E-2,    -9.983063E-3
1.307250E+7,    -1.031971E-2,    -1.021194E-2
1.307875E+7,    -1.071167E-2,    -1.051140E-2
1.308500E+7,    -1.105690E-2,    -1.078701E-2
1.309125E+7,    -1.147938E-2,    -1.105118E-2
1.309750E+7,    -1.179504E-2,    -1.129532E-2
1.310375E+7,    -1.222897E-2,    -1.157475E-2
1.311000E+7,    -1.266861E-2,    -1.186657E-2
1.311625E+7,    -1.312065E-2,    -1.219463E-2
1.312250E+7,    -1.362610E-2,    -1.255131E-2
1.312875E+7,    -1.415443E-2,    -1.290798E-2
1.313500E+7,    -1.473141E-2,    -1.328087E-2
1.314125E+7,    -1.522541E-2,    -1.360989E-2
1.314750E+7,    -1.589680E-2,    -1.403522E-2
1.315375E+7,    -1.675510E-2,    -1.460171E-2
1.316000E+7,    -1.745224E-2,    -1.503944E-2
1.316625E+7,    -1.817513E-2,    -1.549721E-2
1.317250E+7,    -1.884651E-2,    -1.580048E-2
1.317875E+7,    -1.973534E-2,    -1.634979E-2
1.318500E+7,    -2.051926E-2,    -1.685333E-2
1.319125E+7,    -2.158165E-2,    -1.744652E-2
1.319750E+7,    -2.227211E-2,    -1.778984E-2
1.320375E+7,    -2.334595E-2,    -1.828194E-2
1.321000E+7,    -2.462959E-2,    -1.908302E-2
1.321625E+7,    -2.546692E-2,    -1.937485E-2
1.322250E+7,    -2.666664E-2,    -1.995087E-2
1.322875E+7,    -2.821922E-2,    -2.068710E-2
1.323500E+7,    -2.986717E-2,    -2.145004E-2
1.324125E+7,    -3.178787E-2,    -2.239990E-2
1.324750E+7,    -3.408432E-2,    -2.351952E-2
1.325375E+7,    -3.653717E-2,    -2.480125E-2
1.326000E+7,    -3.826332E-2,    -2.534676E-2
1.326625E+7,    -4.059982E-2,    -2.622604E-2
1.327250E+7,    -4.313278E-2,    -2.722168E-2
1.327875E+7,    -4.629517E-2,    -2.828979E-2
1.328500E+7,    -4.878998E-2,    -2.895355E-2
1.329125E+7,    -5.278397E-2,    -3.045273E-2
1.329750E+7,    -5.590820E-2,    -3.145218E-2
1.330375E+7,    -5.930710E-2,    -3.189468E-2
1.331000E+7,    -6.517410E-2,    -3.349686E-2
1.331625E+7,    -6.963730E-2,    -3.465652E-2
1.332250E+7,    -7.653427E-2,    -3.632736E-2
1.332875E+7,    -7.950592E-2,    -3.648376E-2
1.333500E+7,    -8.335495E-2,    -3.551483E-2
1.334125E+7,    -8.859253E-2,    -3.585815E-2
1.334750E+7,    -9.511566E-2,    -3.548431E-2
1.335375E+7,    -1.045532E-1,    -3.602600E-2
1.336000E+7,    -1.124191E-1,    -3.625488E-2
1.336625E+7,    -1.209183E-1,    -3.387451E-2
1.337250E+7,    -1.335754E-1,    -3.401184E-2
1.337875E+7,    -1.440506E-1,    -3.127289E-2
1.338500E+7,    -1.560745E-1,    -2.777863E-2
1.339125E+7,    -1.731415E-1,    -2.285004E-2
1.339750E+7,    -1.877213E-1,    -1.655579E-2
1.340375E+7,    -2.041397E-1,    -7.339478E-3
1.341000E+7,    -2.227631E-1,    4.043579E-3
1.341625E+7,    -2.467575E-1,    2.018738E-2
1.342250E+7,    -2.676239E-1,    4.104614E-2
1.342875E+7,    -2.924347E-1,    6.875610E-2
1.343500E+7,    -3.159790E-1,    1.044464E-1
1.344125E+7,    -3.317261E-1,    1.456909E-1
1.344750E+7,    -3.454590E-1,    1.987762E-1
1.345375E+7,    -3.491211E-1,    2.595215E-1
1.346000E+7,    -3.377380E-1,    3.263245E-1
1.346625E+7,    -3.140717E-1,    3.974152E-1
1.347250E+7,    -2.726898E-1,    4.675293E-1
1.347875E+7,    -2.119446E-1,    5.214233E-1
1.348500E+7,    -1.367493E-1,    5.604553E-1
1.349125E+7,    -5.804443E-2,    5.853577E-1
1.349750E+7,    2.325439E-2,    5.970459E-1
1.350375E+7,    1.026611E-1,    5.975037E-1
1.351000E+7,    1.764832E-1,    5.791321E-1
1.351625E+7,    2.460937E-1,    5.519104E-1
1.352250E+7,    3.096313E-1,    5.183716E-1
1.352875E+7,    3.681641E-1,    4.781494E-1
1.353500E+7,    4.230042E-1,    4.322205E-1
1.354125E+7,    4.705505E-1,    3.783875E-1
1.354750E+7,    5.137634E-1,    3.187256E-1
1.355375E+7,    5.481567E-1,    2.504883E-1
1.356000E+7,    5.712280E-1,    1.754761E-1
1.356625E+7,    5.805664E-1,    9.643555E-2
1.357250E+7,    5.739746E-1,    1.483154E-2
1.357875E+7,    5.535889E-1,    -6.304932E-2
1.358500E+7,    5.162048E-1,    -1.317444E-1
1.359125E+7,    4.675751E-1,    -1.894379E-1
1.359750E+7,    4.122620E-1,    -2.315063E-1
1.360375E+7,    3.544006E-1,    -2.586365E-1
1.361000E+7,    2.984467E-1,    -2.740173E-1
1.361625E+7,    2.475281E-1,    -2.778625E-1
1.362250E+7,    2.026367E-1,    -2.738647E-1
1.362875E+7,    1.640320E-1,    -2.657776E-1
1.363500E+7,    1.323853E-1,    -2.537231E-1
1.364125E+7,    1.053009E-1,    -2.404480E-1
1.364750E+7,    8.309937E-2,    -2.254791E-1
1.365375E+7,    6.530762E-2,    -2.115479E-1
1.366000E+7,    5.030823E-2,    -1.981506E-1
1.366625E+7,    3.854370E-2,    -1.854401E-1
1.367250E+7,    2.861023E-2,    -1.730042E-1
1.367875E+7,    2.055359E-2,    -1.619720E-1
1.368500E+7,    1.397705E-2,    -1.512299E-1
1.369125E+7,    8.850098E-3,    -1.414642E-1
1.369750E+7,    4.348755E-3,    -1.323700E-1
1.370375E+7,    9.613037E-4,    -1.242371E-1
1.371000E+7,    -2.159119E-3,    -1.168442E-1
1.371625E+7,    -4.585266E-3,    -1.102142E-1
1.372250E+7,    -6.874084E-3,    -1.035461E-1
1.372875E+7,    -8.049011E-3,    -9.819794E-2
1.373500E+7,    -9.384155E-3,    -9.298706E-2
1.374125E+7,    -1.064301E-2,    -8.787537E-2
1.374750E+7,    -1.139832E-2,    -8.347321E-2
1.375375E+7,    -1.236725E-2,    -7.945251E-2
1.376000E+7,    -1.259613E-2,    -7.551575E-2
1.376625E+7,    -1.330566E-2,    -7.199097E-2
1.377250E+7,    -1.367950E-2,    -6.874847E-2
1.377875E+7,    -1.399231E-2,    -6.579590E-2
1.378500E+7,    -1.420593E-2,    -6.292725E-2
1.379125E+7,    -1.433563E-2,    -6.037140E-2
1.379750E+7,    -1.452637E-2,    -5.791473E-2
1.380375E+7,    -1.458740E-2,    -5.561829E-2
1.381000E+7,    -1.458740E-2,    -5.340576E-2
1.381625E+7,    -1.461792E-2,    -5.153656E-2
1.382250E+7,    -1.459503E-2,    -4.960632E-2
1.382875E+7,    -1.461411E-2,    -4.790878E-2
1.383500E+7,    -1.455307E-2,    -4.629898E-2
1.384125E+7,    -1.453781E-2,    -4.471588E-2
1.384750E+7,    -1.449966E-2,    -4.327774E-2
1.385375E+7,    -1.439285E-2,    -4.196167E-2
1.386000E+7,    -1.437378E-2,    -4.065323E-2
1.386625E+7,    -1.429367E-2,    -3.951263E-2
1.387250E+7,    -1.420212E-2,    -3.839111E-2
1.387875E+7,    -1.411438E-2,    -3.725815E-2
1.388500E+7,    -1.405334E-2,    -3.635025E-2
1.389125E+7,    -1.398087E-2,    -3.540421E-2
1.389750E+7,    -1.388550E-2,    -3.451157E-2
1.390375E+7,    -1.379395E-2,    -3.366089E-2
1.391000E+7,    -1.374435E-2,    -3.285980E-2
1.391625E+7,    -1.367569E-2,    -3.211594E-2
1.392250E+7,    -1.365280E-2,    -3.141022E-2
1.392875E+7,    -1.358795E-2,    -3.079224E-2
1.393500E+7,    -1.346588E-2,    -3.015518E-2
1.394125E+7,    -1.351547E-2,    -2.955627E-2
1.394750E+7,    -1.343918E-2,    -2.902985E-2
1.395375E+7,    -1.340485E-2,    -2.851486E-2
1.396000E+7,    -1.342392E-2,    -2.803802E-2
1.396625E+7,    -1.340103E-2,    -2.755737E-2
1.397250E+7,    -1.343155E-2,    -2.715302E-2
1.397875E+7,    -1.338959E-2,    -2.672958E-2
1.398500E+7,    -1.341629E-2,    -2.636719E-2
1.399125E+7,    -1.345444E-2,    -2.604675E-2
1.399750E+7,    -1.349258E-2,    -2.572250E-2
1.400375E+7,    -1.350021E-2,    -2.544022E-2
1.401000E+7,    -1.356125E-2,    -2.518463E-2
1.401625E+7,    -1.364899E-2,    -2.492142E-2
1.402250E+7,    -1.367950E-2,    -2.469635E-2
1.402875E+7,    -1.379776E-2,    -2.450943E-2
1.403500E+7,    -1.392365E-2,    -2.430344E-2
1.404125E+7,    -1.403427E-2,    -2.421379E-2
1.404750E+7,    -1.415634E-2,    -2.406693E-2
1.405375E+7,    -1.432037E-2,    -2.394104E-2
1.406000E+7,    -1.450157E-2,    -2.386475E-2
1.406625E+7,    -1.468468E-2,    -2.383995E-2
1.407250E+7,    -1.493835E-2,    -2.382469E-2
1.407875E+7,    -1.518822E-2,    -2.380943E-2
1.408500E+7,    -1.545715E-2,    -2.385902E-2
1.409125E+7,    -1.580429E-2,    -2.394104E-2
1.409750E+7,    -1.614571E-2,    -2.399826E-2
1.410375E+7,    -1.650620E-2,    -2.410316E-2
1.411000E+7,    -1.698875E-2,    -2.424431E-2
1.411625E+7,    -1.743507E-2,    -2.440834E-2
1.412250E+7,    -1.798248E-2,    -2.466202E-2
1.412875E+7,    -1.862335E-2,    -2.488899E-2
1.413500E+7,    -1.934624E-2,    -2.519417E-2
1.414125E+7,    -2.012253E-2,    -2.549171E-2
1.414750E+7,    -2.097511E-2,    -2.588654E-2
1.415375E+7,    -2.205086E-2,    -2.635384E-2
1.416000E+7,    -2.319145E-2,    -2.685356E-2
1.416625E+7,    -2.462006E-2,    -2.736473E-2
1.417250E+7,    -2.617264E-2,    -2.787399E-2
1.417875E+7,    -2.797508E-2,    -2.847481E-2
1.418500E+7,    -3.021622E-2,    -2.904510E-2
1.419125E+7,    -3.284454E-2,    -2.973175E-2
1.419750E+7,    -3.594971E-2,    -3.031540E-2
1.420375E+7,    -3.980255E-2,    -3.064728E-2
1.421000E+7,    -4.446411E-2,    -3.075790E-2
1.421625E+7,    -5.027390E-2,    -3.027344E-2
1.422250E+7,    -5.719757E-2,    -2.872849E-2
1.422875E+7,    -6.555939E-2,    -2.541351E-2
1.423500E+7,    -7.522202E-2,    -1.892853E-2
1.424125E+7,    -8.464050E-2,    -7.698059E-3
1.424750E+7,    -9.139633E-2,    9.262085E-3
1.425375E+7,    -9.054947E-2,    3.082275E-2
1.426000E+7,    -7.941055E-2,    5.117035E-2
1.426625E+7,    -6.095886E-2,    6.360626E-2
1.427250E+7,    -4.154587E-2,    6.672668E-2
1.427875E+7,    -2.598953E-2,    6.336594E-2
1.428500E+7,    -1.499176E-2,    5.721092E-2
1.429125E+7,    -7.810593E-3,    5.063438E-2
1.429750E+7,    -3.076553E-3,    4.448509E-2
1.430375E+7,    -1.564026E-4,    3.910255E-2
1.431000E+7,    1.754761E-3,    3.456879E-2
1.431625E+7,    2.925873E-3,    3.069305E-2
1.432250E+7,    3.631592E-3,    2.736759E-2
1.432875E+7,    4.089355E-3,    2.456474E-2
1.433500E+7,    4.310608E-3,    2.217674E-2
1.434125E+7,    4.414558E-3,    2.007008E-2
1.434750E+7,    4.435539E-3,    1.827431E-2
1.435375E+7,    4.395485E-3,    1.674652E-2
1.436000E+7,    4.320145E-3,    1.534653E-2
1.436625E+7,    4.175186E-3,    1.414204E-2
1.437250E+7,    4.074097E-3,    1.305676E-2
1.437875E+7,    3.935814E-3,    1.211643E-2
1.438500E+7,    3.783226E-3,    1.126337E-2
1.439125E+7,    3.669262E-3,    1.046991E-2
1.439750E+7,    3.526688E-3,    9.772301E-3
1.440375E+7,    3.353119E-3,    9.128571E-3
1.441000E+7,    3.251076E-3,    8.578300E-3
1.441625E+7,    3.129482E-3,    8.040428E-3
1.442250E+7,    3.006458E-3,    7.570744E-3
1.442875E+7,    2.878666E-3,    7.135868E-3
1.443500E+7,    2.769470E-3,    6.699562E-3
1.444125E+7,    2.679825E-3,    6.349087E-3
1.444750E+7,    2.549648E-3,    5.980968E-3
1.445375E+7,    2.449512E-3,    5.676746E-3
1.446000E+7,    2.350330E-3,    5.398512E-3
1.446625E+7,    2.259731E-3,    5.131960E-3
1.447250E+7,    2.173662E-3,    4.830837E-3
1.447875E+7,    2.104759E-3,    4.632950E-3
1.448500E+7,    2.023458E-3,    4.404306E-3
1.449125E+7,    1.950979E-3,    4.158258E-3
1.449750E+7,    1.864433E-3,    3.993988E-3
1.450375E+7,    1.819611E-3,    3.793240E-3
1.451000E+7,    1.739979E-3,    3.626347E-3
1.451625E+7,    1.678944E-3,    3.474951E-3
1.452250E+7,    1.605988E-3,    3.281116E-3
1.452875E+7,    1.559973E-3,    3.165483E-3
1.453500E+7,    1.513958E-3,    3.042221E-3
1.454125E+7,    1.477957E-3,    2.909184E-3
1.454750E+7,    1.395226E-3,    2.772570E-3
1.455375E+7,    1.365423E-3,    2.671242E-3
1.456000E+7,    1.306891E-3,    2.555966E-3
1.456625E+7,    1.262784E-3,    2.452970E-3
1.457250E+7,    1.222730E-3,    2.361894E-3
1.457875E+7,    1.165390E-3,    2.263069E-3
1.458500E+7,    1.142502E-3,    2.169490E-3
1.459125E+7,    1.097202E-3,    2.096057E-3
1.459750E+7,    1.056790E-3,    1.991987E-3
1.460375E+7,    1.048923E-3,    1.933932E-3
1.461000E+7,    1.013875E-3,    1.850486E-3
1.461625E+7,    9.744167E-4,    1.776695E-3
1.462250E+7,    9.320974E-4,    1.718044E-3
1.462875E+7,    9.078979E-4,    1.652598E-3
1.463500E+7,    8.823872E-4,    1.605511E-3
1.464125E+7,    8.491278E-4,    1.550436E-3
1.464750E+7,    8.223057E-4,    1.481175E-3
1.465375E+7,    7.805824E-4,    1.454115E-3
1.466000E+7,    7.826090E-4,    1.376390E-3
1.466625E+7,    7.593632E-4,    1.322985E-3
1.467250E+7,    7.269382E-4,    1.293063E-3
1.467875E+7,    6.964207E-4,    1.227260E-3
1.468500E+7,    6.785989E-4,    1.210392E-3
1.469125E+7,    6.775260E-4,    1.151800E-3
1.469750E+7,    6.701350E-4,    1.126647E-3
1.470375E+7,    6.181598E-4,    1.097441E-3
1.471000E+7,    6.027222E-4,    1.071155E-3
1.471625E+7,    5.912185E-4,    1.023233E-3
1.472250E+7,    5.893111E-4,    1.011491E-3
1.472875E+7,    5.609393E-4,    9.595156E-4
1.473500E+7,    5.506873E-4,    9.225011E-4
1.474125E+7,    5.340576E-4,    8.875132E-4
1.474750E+7,    5.170703E-4,    8.672476E-4
1.475375E+7,    4.850030E-4,    8.262992E-4
1.476000E+7,    4.553199E-4,    8.087754E-4
1.476625E+7,    4.900098E-4,    7.735491E-4
1.477250E+7,    4.361272E-4,    7.807016E-4
1.477875E+7,    4.409552E-4,    7.148385E-4
1.478500E+7,    4.365444E-4,    7.054806E-4
1.479125E+7,    3.968477E-4,    6.920099E-4
1.479750E+7,    4.114509E-4,    6.643534E-4
1.480375E+7,    3.762245E-4,    6.474257E-4
1.481000E+7,    3.870130E-4,    6.351471E-4
1.481625E+7,    3.706813E-4,    6.022453E-4
1.482250E+7,    3.890097E-4,    5.924404E-4
1.482875E+7,    3.794134E-4,    5.795658E-4
1.483500E+7,    3.489256E-4,    5.636215E-4
1.484125E+7,    3.262758E-4,    5.368590E-4
1.484750E+7,    3.328025E-4,    5.058646E-4
1.485375E+7,    3.469884E-4,    5.017817E-4
1.486000E+7,    2.987683E-4,    4.975498E-4
1.486625E+7,    2.845824E-4,    4.758835E-4
1.487250E+7,    2.856255E-4,    4.758537E-4
1.487875E+7,    2.807677E-4,    4.626811E-4
1.488500E+7,    2.957582E-4,    4.442334E-4
1.489125E+7,    2.666116E-4,    4.320443E-4
1.489750E+7,    2.596378E-4,    4.353225E-4
1.490375E+7,    2.700984E-4,    4.302561E-4
1.491000E+7,    2.446771E-4,    3.965199E-4
1.491625E+7,    2.363920E-4,    3.693402E-4
1.492250E+7,    2.441108E-4,    3.857911E-4
1.492875E+7,    2.112091E-4,    3.492832E-4
1.493500E+7,    2.465546E-4,    3.613830E-4
1.494125E+7,    2.131164E-4,    3.482699E-4
1.494750E+7,    2.150834E-4,    3.244877E-4
1.495375E+7,    2.126694E-4,    3.231764E-4
1.496000E+7,    2.045333E-4,    3.266931E-4
1.496625E+7,    1.980662E-4,    3.240108E-4
1.497250E+7,    2.010763E-4,    3.086030E-4
1.497875E+7,    2.001971E-4,    3.002733E-4
1.498500E+7,    1.923144E-4,    3.042817E-4
1.499125E+7,    1.818687E-4,    2.686828E-4
1.499750E+7,    1.833737E-4,    2.681911E-4
1.500375E+7,    1.521707E-4,    2.660602E-4
1.501000E+7,    1.749396E-4,    2.722591E-4
1.501625E+7,    1.634210E-4,    2.520382E-4
1.502250E+7,    1.918823E-4,    2.374798E-4
1.502875E+7,    1.500249E-4,    2.241731E-4
1.503500E+7,    1.671612E-4,    2.213120E-4
1.504125E+7,    1.511574E-4,    2.390444E-4
1.504750E+7,    1.478791E-4,    2.290756E-4
1.505375E+7,    1.247376E-4,    2.301484E-4
1.506000E+7,    1.431555E-4,    2.195090E-4
1.506625E+7,    1.523793E-4,    1.903921E-4
1.507250E+7,    1.444221E-4,    1.800507E-4
1.507875E+7,    1.406521E-4,    1.937002E-4
1.508500E+7,    1.183897E-4,    1.789033E-4
1.509125E+7,    1.152456E-4,    1.774877E-4
1.509750E+7,    1.304150E-4,    1.654923E-4
1.510375E+7,    1.159906E-4,    1.919568E-4
1.511000E+7,    1.189262E-4,    1.540929E-4
1.511625E+7,    1.214445E-4,    1.616180E-4
1.512250E+7,    1.032948E-4,    1.720190E-4
1.512875E+7,    9.528548E-5,    1.461953E-4
1.513500E+7,    1.189858E-4,    1.443177E-4
1.514125E+7,    1.067072E-4,    1.638383E-4
1.514750E+7,    1.091212E-4,    1.407862E-4
1.515375E+7,    8.654594E-5,    1.577288E-4
1.516000E+7,    9.397417E-5,    1.443103E-4
1.516625E+7,    8.522719E-5,    1.344234E-4
1.517250E+7,    9.804964E-5,    1.141727E-4
1.517875E+7,    8.274615E-5,    1.327917E-4
1.518500E+7,    7.914007E-5,    1.167357E-4
1.519125E+7,    8.859485E-5,    1.261979E-4
1.519750E+7,    7.654727E-5,    1.155511E-4
1.520375E+7,    6.926060E-5,    9.842962E-5
1.521000E+7,    7.849187E-5,    9.267777E-5
1.521625E+7,    8.676946E-5,    1.095682E-4
1.522250E+7,    8.296221E-5,    7.826835E-5
1.522875E+7,    8.168817E-5,    8.535385E-5
1.523500E+7,    7.355958E-5,    1.063645E-4
1.524125E+7,    6.543845E-5,    1.119971E-4
1.524750E+7,    6.712973E-5,    1.047552E-4
1.525375E+7,    6.759167E-5,    1.047105E-4
1.526000E+7,    7.720292E-5,    7.580221E-5
1.526625E+7,    6.126612E-5,    1.038015E-4
1.527250E+7,    5.791336E-5,    1.031980E-4
1.527875E+7,    5.907565E-5,    1.031086E-4
1.528500E+7,    6.479770E-5,    7.349253E-5
1.529125E+7,    4.870445E-5,    1.018122E-4
1.529750E+7,    6.409734E-5,    8.094311E-5
1.530375E+7,    7.923692E-5,    8.320063E-5
1.531000E+7,    6.237626E-5,    7.250160E-5
1.531625E+7,    3.667176E-5,    6.025285E-5
1.532250E+7,    4.329532E-5,    9.174645E-5
1.532875E+7,    6.294623E-5,    4.057959E-5
1.533500E+7,    6.091222E-5,    6.408617E-5
1.534125E+7,    3.940240E-5,    5.323812E-5
1.534750E+7,    7.117540E-5,    5.791336E-5
1.535375E+7,    8.206815E-5,    5.359948E-5
1.536000E+7,    5.182624E-5,    4.929304E-5
1.536625E+7,    6.660819E-5,    6.763637E-5
1.537250E+7,    4.058704E-5,    7.234514E-5
1.537875E+7,    4.665926E-5,    6.495044E-5
1.538500E+7,    5.846843E-5,    4.995987E-5
1.539125E+7,    4.098192E-5,    4.788488E-5
1.539750E+7,    3.921241E-5,    6.494671E-5
1.540375E+7,    6.538257E-5,    5.558506E-5
1.541000E+7,    4.531443E-5,    5.239621E-5
1.541625E+7,    2.708286E-5,    5.133078E-5
1.542250E+7,    5.034730E-5,    4.755333E-5
1.542875E+7,    5.093217E-5,    5.434826E-5
1.543500E+7,    4.925951E-5,    2.067164E-5
1.544125E+7,    2.216548E-5,    3.641471E-5
1.544750E+7,    2.442673E-5,    6.258860E-5
1.545375E+7,    2.969429E-5,    5.517527E-5
1.546000E+7,    2.712756E-5,    4.676357E-5
1.546625E+7,    2.543256E-5,    5.247071E-5
1.547250E+7,    5.754083E-5,    2.187863E-5
1.547875E+7,    3.964826E-5,    2.858415E-5
1.548500E+7,    4.303083E-5,    2.778322E-5
1.549125E+7,    2.332032E-5,    2.727844E-5
1.549750E+7,    3.862195E-5,    2.000108E-5
1.550375E+7,    1.949258E-5,    3.805943E-5
1.551000E+7,    1.509115E-5,    4.596263E-5
1.551625E+7,    3.702939E-5,    3.722683E-5
1.552250E+7,    2.563745E-5,    5.142391E-5
1.552875E+7,    2.345443E-5,    3.512204E-5
1.553500E+7,    6.429851E-6,    3.265962E-5
1.554125E+7,    2.584793E-5,    3.658421E-5
1.554750E+7,    3.300980E-5,    1.317821E-5
1.555375E+7,    6.282702E-5,    3.518164E-5
1.556000E+7,    3.506988E-5,    1.225248E-5
1.556625E+7,    1.843646E-5,    5.057827E-5
1.557250E+7,    5.224347E-5,    2.178550E-5
1.557875E+7,    3.296882E-6,    4.553236E-5
1.558500E+7,    1.954846E-5,    3.317744E-5
1.559125E+7,    7.331371E-6,    4.098937E-5
1.559750E+7,    1.591630E-5,    1.649186E-5
1.560375E+7,    1.194328E-5,    8.212402E-6
1.561000E+7,    3.639050E-5,    8.611009E-6
1.561625E+7,    1.641270E-5,    1.424924E-7
1.562250E+7,    1.201406E-5,    3.230199E-5
1.562875E+7,    2.442673E-5,    2.471358E-5
1.563500E+7,    7.947907E-6,    2.383254E-5
1.564125E+7,    8.940697E-8,    3.118813E-5
1.564750E+7,    1.160242E-5,    1.534633E-5
1.565375E+7,    4.027039E-6,    1.543015E-5
1.566000E+7,    -1.896638E-5,    1.552794E-5
1.566625E+7,    3.990252E-6,    7.653143E-6
1.567250E+7,    -4.112720E-6,    -1.532771E-5
1.567875E+7,    -3.390014E-7,    -1.531839E-5
1.568500E+7,    2.276152E-5,    -8.226372E-6
1.569125E+7,    -3.396533E-6,    1.540594E-5
1.569750E+7,    4.538335E-6,    2.278574E-5
1.570375E+7,    1.170672E-5,    7.214025E-6
1.571000E+7,    2.304278E-5,    6.725080E-6
1.571625E+7,    1.545344E-5,    7.009134E-6
1.572250E+7,    8.584000E-6,    2.247188E-5
1.572875E+7,    1.936313E-5,    6.710179E-6
1.573500E+7,    8.371659E-6,    1.476333E-5
1.574125E+7,    1.927838E-5,    6.562099E-6
1.574750E+7,    8.414499E-6,    1.472235E-5
1.575375E+7,    -6.659888E-6,    1.557078E-5
1.576000E+7,    4.763715E-7,    7.554423E-6
1.576625E+7,    -6.584451E-6,    1.565460E-5
1.577250E+7,    1.619291E-5,    1.407228E-5
1.577875E+7,    -1.403503E-5,    1.622830E-5
1.578500E+7,    1.684390E-5,    2.153963E-5
1.579125E+7,    5.997717E-7,    7.560477E-6
1.579750E+7,    1.132349E-5,    -9.206124E-7
1.580375E+7,    2.389587E-5,    1.313351E-5
1.581000E+7,    -1.571421E-5,    -6.214716E-6
1.581625E+7,    3.754511E-6,    -3.372552E-7
1.582250E+7,    2.698135E-5,    4.992820E-6
1.582875E+7,    2.236106E-6,    2.246629E-5
1.583500E+7,    2.173614E-5,    -9.803101E-6
1.584125E+7,    -1.260452E-5,    2.407841E-5
1.584750E+7,    2.944842E-6,    -7.899478E-6
1.585375E+7,    4.558358E-6,    7.075723E-6
1.586000E+7,    2.894085E-6,    -7.898081E-6
1.586625E+7,    1.868326E-5,    -2.260320E-6
1.587250E+7,    1.210719E-5,    6.100163E-6
1.587875E+7,    -1.119776E-5,    1.379754E-6
1.588500E+7,    8.402392E-6,    6.513204E-6
1.589125E+7,    -5.531125E-6,    1.588464E-5
1.589750E+7,    1.859851E-5,    -2.476387E-6
1.590375E+7,    -1.012441E-5,    8.975621E-6
1.591000E+7,    2.073124E-6,    1.488533E-5
1.591625E+7,    -6.366987E-6,    8.481555E-6
1.592250E+7,    1.704972E-5,    1.261663E-5
1.592875E+7,    -5.952083E-6,    -1.427345E-5
1.593500E+7,    2.195872E-5,    1.934730E-5
1.594125E+7,    -9.915326E-6,    9.159092E-6
1.594750E+7,    1.606997E-5,    -1.778081E-5
1.595375E+7,    -9.865034E-6,    9.202398E-6
1.596000E+7,    -3.691996E-6,    6.228220E-7
1.596625E+7,    7.448718E-6,    2.151541E-5
1.597250E+7,    -1.346134E-5,    9.957235E-6
1.597875E+7,    -9.760726E-6,    9.330921E-6
1.598500E+7,    -7.366994E-6,    1.328299E-6
1.599125E+7,    -3.080815E-5,    -2.020970E-6
1.599750E+7,    2.346933E-5,    3.205612E-6
1.600375E+7,    7.823482E-5,    -9.849668E-6
1.601000E+7,    7.813796E-5,    2.851710E-5
1.601625E+7,    1.758337E-6,    -8.722767E-5
1.602250E+7,    5.010143E-5,    -1.512282E-5
1.602875E+7,    -4.236773E-5,    4.842877E-6
1.603500E+7,    -1.798850E-5,    2.463348E-6
1.604125E+7,    -9.785220E-5,    4.820526E-5
1.604750E+7,    4.854053E-6,    4.875660E-5
1.605375E+7,    -4.339591E-5,    -3.621727E-5
1.606000E+7,    -1.163185E-4,    -6.747991E-5
1.606625E+7,    -3.058463E-6,    7.184222E-5
1.607250E+7,    7.959455E-5,    -1.764521E-4
1.607875E+7,    -4.015304E-5,    4.847720E-5
1.608500E+7,    3.201887E-5,    1.307949E-5
1.609125E+7,    -1.809280E-5,    1.526438E-5
1.609750E+7,    -5.795248E-5,    2.522394E-5
1.610375E+7,    -5.442649E-6,    4.103221E-5
1.611000E+7,    -1.264364E-5,    -2.577156E-5
1.611625E+7,    -5.713478E-5,    7.914007E-5
1.612250E+7,    2.292357E-5,    2.073124E-5
1.612875E+7,    7.711723E-5,    -1.217797E-5
1.613500E+7,    -4.202500E-5,    -3.376603E-5
1.614125E+7,    8.667260E-5,    7.265061E-5
1.614750E+7,    -5.171448E-5,    3.800914E-5
1.615375E+7,    6.366894E-5,    5.190447E-5
1.616000E+7,    -2.199505E-5,    2.034660E-5
1.616625E+7,    1.699850E-5,    -3.066473E-5
1.617250E+7,    -1.392588E-4,    5.505234E-5
1.617875E+7,    2.931058E-5,    2.083369E-5
1.618500E+7,    -4.480407E-5,    -1.333095E-5
1.619125E+7,    3.570318E-5,    2.096035E-5
1.619750E+7,    -2.694596E-5,    -2.848916E-6
1.620375E+7,    2.514943E-5,    -6.648153E-5
1.621000E+7,    7.813051E-5,    -8.903071E-5
1.621625E+7,    1.144037E-5,    1.040008E-5
1.622250E+7,    8.776784E-6,    1.807138E-5
1.622875E+7,    1.645833E-5,    2.072006E-5
1.623500E+7,    -7.830188E-5,    -3.445894E-6
1.624125E+7,    6.264821E-5,    2.381578E-5
1.624750E+7,    -2.708286E-5,    -9.535998E-5
1.625375E+7,    -3.413111E-5,    -4.414096E-5
1.626000E+7,    1.440477E-5,    -2.294872E-5
1.626625E+7,    -3.760681E-5,    2.777576E-5
1.627250E+7,    3.005564E-5,    -4.328601E-5
1.627875E+7,    3.961474E-5,    1.587532E-5
1.628500E+7,    3.919937E-6,    -5.086185E-6
1.629125E+7,    -1.484826E-4,    -4.297495E-5
1.629750E+7,    2.346188E-5,    -1.230389E-4
1.630375E+7,    1.681224E-5,    8.757412E-5
1.631000E+7,    1.787022E-5,    1.050066E-5
1.631625E+7,    7.537752E-5,    -6.836653E-5
1.632250E+7,    -1.069158E-4,    -7.599592E-5
1.632875E+7,    -8.518249E-5,    1.273155E-4
1.633500E+7,    1.228452E-4,    -6.237626E-5
1.634125E+7,    2.284348E-5,    2.086908E-5
1.634750E+7,    -1.989305E-5,    2.357960E-4
1.635375E+7,    1.203343E-4,    2.474338E-5
1.636000E+7,    -4.510209E-5,    -8.030608E-5
1.636625E+7,    1.784228E-5,    1.052674E-5
1.637250E+7,    1.425445E-4,    1.768172E-4
1.637875E+7,    1.428183E-5,    -1.006620E-5
1.638500E+7,    5.401671E-6,    -1.078062E-4
1.639125E+7,    2.944283E-5,    8.132309E-6
1.639750E+7,    1.129471E-4,    9.436160E-6
1.640375E+7,    -1.184270E-5,    -6.445870E-5
1.641000E+7,    -1.380891E-4,    -4.839897E-5
1.641625E+7,    -3.469735E-5,    -8.533522E-5
1.642250E+7,    1.911074E-5,    9.287149E-5
1.642875E+7,    5.738065E-5,    -5.304441E-5
1.643500E+7,    -1.604548E-10,    4.560832E-10
1.644125E+7,    -4.310347E-5,    4.305318E-5
1.644750E+7,    1.784042E-5,    -6.918237E-5
1.645375E+7,    4.122779E-5,    -7.068738E-6
1.646000E+7,    1.161080E-5,    -2.386048E-6
1.646625E+7,    5.059130E-5,    -2.749078E-5
1.647250E+7,    5.229190E-5,    -5.055033E-5
1.647875E+7,    -9.608269E-5,    -2.729893E-5
1.648500E+7,    7.340312E-5,    -8.617714E-5
1.649125E+7,    -2.264231E-5,    4.591793E-5
1.649750E+7,    6.051734E-6,    -5.394779E-5
1.650375E+7,    -1.367927E-5,    -2.854690E-5
1.651000E+7,    5.372986E-5,    1.893938E-5
1.651625E+7,    -4.360266E-5,    -1.106970E-5
1.652250E+7,    -5.562790E-5,    1.703203E-5
1.652875E+7,    1.018196E-4,    -1.475736E-4
1.653500E+7,    -3.274530E-5,    -4.174933E-5
1.654125E+7,    -5.937926E-5,    9.262934E-6
1.654750E+7,    -5.871058E-5,    -2.939254E-5
1.655375E+7,    -3.254041E-6,    -3.354251E-5
1.656000E+7,    -8.138828E-6,    2.301484E-5
1.656625E+7,    -6.982312E-5,    1.413003E-5
1.657250E+7,    -7.238239E-5,    -5.792826E-5
1.657875E+7,    -3.880262E-5,    7.912889E-5
1.658500E+7,    -9.467825E-5,    2.912059E-5
1.659125E+7,    -4.657730E-5,    -5.763397E-5
1.659750E+7,    -1.731701E-5,    3.057159E-5
1.660375E+7,    -7.327273E-5,    -6.578863E-6
1.661000E+7,    -3.514439E-5,    -4.706159E-5
1.661625E+7,    -1.781806E-5,    5.637482E-5
1.662250E+7,    -7.398799E-5,    -3.495067E-5
1.662875E+7,    2.994016E-5,    4.955381E-5
1.663500E+7,    4.190952E-6,    4.908256E-5
1.664125E+7,    -3.341958E-5,    -7.032976E-5
1.664750E+7,    -5.403534E-6,    -5.169213E-5
1.665375E+7,    -1.928210E-4,    -9.681284E-5
1.666000E+7,    -9.295717E-5,    5.900860E-6
1.666625E+7,    6.569922E-5,    3.874302E-6
1.667250E+7,    -7.845089E-5,    4.990771E-5
1.667875E+7,    -6.100349E-5,    1.936033E-5
1.668500E+7,    -5.016848E-5,    -6.555021E-5
1.669125E+7,    8.104369E-6,    4.398078E-5
1.669750E+7,    -9.639189E-7,    -1.550186E-5
1.670375E+7,    -1.276955E-4,    -1.639128E-7
1.671000E+7,    2.035350E-4,    1.209229E-5
1.671625E+7,    -1.290143E-4,    -2.719462E-6
1.672250E+7,    -2.286956E-5,    -7.536635E-5
1.672875E+7,    5.297735E-5,    5.801395E-5
1.673500E+7,    8.935854E-5,    -1.352280E-5
1.674125E+7,    -5.174428E-5,    6.593391E-5
1.674750E+7,    -6.046146E-5,    4.773401E-5
1.675375E+7,    -3.919005E-5,    7.927418E-5
1.676000E+7,    -1.218766E-4,    7.981807E-5
1.676625E+7,    -2.307910E-5,    -8.265488E-6
1.677250E+7,    4.456192E-5,    -1.489073E-4
1.677875E+7,    -1.121126E-4,    4.656985E-5
1.678500E+7,    1.183525E-4,    2.090633E-5
1.679125E+7,    7.688999E-6,    2.764631E-6
1.679750E+7,    1.536869E-5,    5.532056E-6
1.680375E+7,    -2.856925E-5,    6.138161E-5
1.681000E+7,    6.230548E-7,    2.841838E-5
1.681625E+7,    -4.317611E-6,    -3.630109E-5
1.682250E+7,    7.655099E-5,    -6.798282E-5
1.682875E+7,    2.434105E-5,    -4.337542E-5
1.683500E+7,    -4.398264E-5,    1.544133E-6
1.684125E+7,    -2.890732E-5,    1.996383E-5
1.684750E+7,    1.251474E-4,    -4.620850E-5
1.685375E+7,    4.377216E-6,    -7.230043E-5
1.686000E+7,    4.685670E-5,    -6.351620E-5
1.686625E+7,    -1.354609E-5,    2.551451E-5
1.687250E+7,    5.114451E-5,    -8.152798E-5
1.687875E+7,    6.303191E-5,    1.189858E-5
1.688500E+7,    1.842156E-5,    3.924780E-5
1.689125E+7,    -3.294647E-5,    2.501905E-5
1.689750E+7,    1.046481E-5,    -4.910398E-6
1.690375E+7,    9.776652E-5,    7.233024E-5
1.691000E+7,    1.494214E-5,    7.285923E-5
1.691625E+7,    1.603458E-5,    -2.028141E-5
1.692250E+7,    1.973193E-5,    -1.241919E-5
1.692875E+7,    -4.156306E-5,    -4.761294E-5
1.693500E+7,    -5.972385E-5,    -1.413673E-4
1.694125E+7,    -6.185845E-5,    -9.391457E-6
1.694750E+7,    5.932525E-5,    5.853176E-5
1.695375E+7,    -5.281717E-5,    -5.842373E-5
1.696000E+7,    -2.110377E-5,    6.420538E-5
1.696625E+7,    2.081878E-5,    -5.125068E-5
1.697250E+7,    9.787083E-5,    1.823157E-5
1.697875E+7,    1.322925E-4,    -4.202127E-6
1.698500E+7,    -2.353415E-4,    2.976507E-5
1.699125E+7,    -6.827340E-5,    3.181398E-5
1.699750E+7,    4.862621E-5,    -1.152307E-4
1.700375E+7,    -4.443899E-5,    1.432188E-5
1.701000E+7,    1.575798E-5,    8.850172E-5
1.701625E+7,    -7.688627E-5,    1.345575E-5
1.702250E+7,    1.863018E-4,    1.548976E-5
1.702875E+7,    9.284914E-5,    -7.522106E-5
1.703500E+7,    -1.022778E-4,    4.127249E-5
1.704125E+7,    1.120567E-4,    -2.004579E-5
1.704750E+7,    7.564574E-5,    -1.600757E-5
1.705375E+7,    -5.467981E-5,    -1.312420E-4
1.706000E+7,    -3.436022E-5,    2.236292E-5
1.706625E+7,    1.598895E-5,    7.563457E-5
1.707250E+7,    -2.141856E-5,    2.272148E-5
1.707875E+7,    1.014546E-4,    -5.670637E-5
1.708500E+7,    -1.124628E-4,    3.304332E-5
1.709125E+7,    1.390427E-4,    7.938594E-5
1.709750E+7,    6.762147E-5,    -4.730746E-5
1.710375E+7,    1.542568E-4,    -8.114427E-5
1.711000E+7,    3.514066E-5,    -8.977205E-5
1.711625E+7,    -7.334352E-5,    2.117082E-5
1.712250E+7,    -2.844632E-5,    -4.758686E-5
1.712875E+7,    -8.920580E-5,    -1.304224E-5
1.713500E+7,    -5.588681E-5,    3.550202E-6
1.714125E+7,    5.914271E-5,    1.730397E-5
1.714750E+7,    1.340732E-4,    -5.564094E-5
1.715375E+7,    2.913177E-6,    7.540360E-5
1.716000E+7,    5.270122E-6,    -2.441229E-6
1.716625E+7,    -5.188584E-5,    -4.316121E-5
1.717250E+7,    3.480352E-5,    -3.529340E-5
1.717875E+7,    2.148375E-5,    -2.270471E-5
1.718500E+7,    -3.204495E-5,    -1.399033E-5
1.719125E+7,    -8.065253E-6,    -7.298216E-5
1.719750E+7,    2.758671E-5,    -9.529293E-6
1.720375E+7,    -1.534820E-6,    -1.976341E-4
1.721000E+7,    4.342198E-5,    6.633997E-5
1.721625E+7,    6.897748E-5,    -4.462153E-5
1.722250E+7,    -2.718251E-5,    -3.474765E-6
1.722875E+7,    -1.542550E-5,    -5.687587E-6
1.723500E+7,    8.120667E-6,    -1.014257E-5
1.724125E+7,    3.008917E-5,    -8.746982E-5
1.724750E+7,    1.894757E-4,    8.739531E-6
1.725375E+7,    -1.138002E-4,    1.003332E-4
1.726000E+7,    -1.584925E-5,    7.281080E-6
1.726625E+7,    -4.266202E-5,    3.238954E-5
1.727250E+7,    1.526400E-4,    -5.737692E-5
1.727875E+7,    -8.883327E-5,    -6.794184E-5
1.728500E+7,    -7.798895E-5,    -2.559274E-6
1.729125E+7,    -2.481975E-5,    4.344620E-5
1.729750E+7,    -4.925206E-5,    7.379428E-5
1.730375E+7,    3.215857E-6,    2.094544E-5
1.731000E+7,    2.107024E-5,    3.193319E-5
1.731625E+7,    3.287941E-5,    -1.655221E-4
1.732250E+7,    2.786517E-5,    1.024008E-4
1.732875E+7,    -3.080815E-6,    9.100139E-5
1.733500E+7,    -5.820394E-5,    -1.269430E-4
1.734125E+7,    -2.462044E-5,    -8.156896E-5
1.734750E+7,    -7.821247E-6,    3.878772E-5
1.735375E+7,    7.599592E-7,    1.565181E-5
1.736000E+7,    -1.408830E-4,    8.360296E-5
1.736625E+7,    4.927516E-4,    9.730458E-5
1.737250E+7,    2.234429E-5,    1.049042E-4
1.737875E+7,    -6.080419E-5,    6.302446E-5
1.738500E+7,    -2.423767E-6,    -5.294103E-6
1.739125E+7,    -6.372482E-5,    -4.134700E-5
1.739750E+7,    -5.903840E-5,    1.091138E-5
1.740375E+7,    -3.991276E-5,    -8.735061E-5
1.741000E+7,    -7.718801E-6,    -2.874527E-6
1.741625E+7,    -2.956763E-5,    6.150082E-5
1.742250E+7,    4.506670E-5,    1.461431E-5
1.742875E+7,    3.498048E-5,    -1.056716E-4
1.743500E+7,    -1.227409E-4,    -3.045052E-5
1.744125E+7,    -1.109131E-4,    3.766641E-5
1.744750E+7,    -6.373972E-5,    -4.138798E-5
1.745375E+7,    -4.298240E-5,    -3.802404E-5
1.746000E+7,    -4.570000E-6,    1.808535E-5
1.746625E+7,    2.672896E-6,    3.399514E-5
1.747250E+7,    -6.049871E-5,    4.997663E-5
1.747875E+7,    -6.334484E-5,    5.766004E-5
1.748500E+7,    -1.777522E-5,    5.936064E-5
1.749125E+7,    -2.413895E-5,    1.737289E-5
1.749750E+7,    4.924089E-5,    -6.080605E-5
1.750375E+7,    -7.068738E-5,    4.176795E-5
1.751000E+7,    -6.247312E-6,    -4.199147E-5
1.751625E+7,    -1.569092E-5,    -3.453158E-5
1.752250E+7,    2.414081E-5,    -1.736172E-5
1.752875E+7,    6.350502E-5,    1.281872E-5
1.753500E+7,    -7.901713E-5,    5.195290E-5
1.754125E+7,    -3.790669E-5,    1.160428E-6
1.754750E+7,    -2.678484E-6,    3.649853E-5
1.755375E+7,    -3.059581E-5,    -5.342811E-5
1.756000E+7,    9.737164E-5,    -5.376711E-5
1.756625E+7,    1.604408E-4,    8.717179E-7
1.757250E+7,    1.064464E-4,    5.108863E-5
1.757875E+7,    2.712384E-5,    7.416680E-5
1.758500E+7,    9.894744E-5,    -9.285659E-5
1.759125E+7,    4.077330E-5,    6.167591E-5
1.759750E+7,    -1.102537E-4,    -8.783489E-5
1.760375E+7,    -9.831041E-5,    9.264797E-6
1.761000E+7,    -3.176183E-5,    -5.609542E-5
1.761625E+7,    -1.064315E-5,    4.810281E-6
1.762250E+7,    -2.453849E-5,    -4.014745E-5
1.762875E+7,    2.191514E-4,    -3.937483E-4
1.763500E+7,    -2.273768E-4,    6.394088E-5
1.764125E+7,    7.010996E-5,    -8.609146E-5
1.764750E+7,    3.438443E-6,    7.854402E-5
1.765375E+7,    -1.028925E-5,    -3.701821E-5
1.766000E+7,    -5.023926E-5,    -8.306652E-5
1.766625E+7,    1.211390E-4,    1.265854E-5
1.767250E+7,    1.079775E-5,    2.397038E-5
1.767875E+7,    -2.784654E-6,    3.653020E-5
1.768500E+7,    8.877739E-5,    -5.914271E-5
1.769125E+7,    1.564845E-4,    -5.114824E-5
1.769750E+7,    1.397803E-4,    -5.961210E-5
1.770375E+7,    5.703047E-5,    1.280755E-5
1.771000E+7,    -4.498661E-5,    -1.143888E-4
1.771625E+7,    -4.796125E-5,    2.153404E-5
1.772250E+7,    5.813316E-5,    -1.327693E-5
1.772875E+7,    -9.681657E-5,    -1.352280E-6
1.773500E+7,    -1.124367E-4,    -3.603101E-5
1.774125E+7,    1.230016E-4,    3.118813E-5
1.774750E+7,    -7.335842E-5,    -2.202988E-4
1.775375E+7,    -8.934643E-6,    -5.612150E-6
1.776000E+7,    -2.944842E-6,    7.731374E-6
1.776625E+7,    3.375113E-6,    -4.963949E-5
1.777250E+7,    3.792718E-5,    -2.978742E-5
1.777875E+7,    7.812306E-5,    -8.310005E-5
1.778500E+7,    -8.571893E-6,    -7.637590E-5
1.779125E+7,    3.648922E-6,    3.680773E-5
1.779750E+7,    -1.322329E-4,    -6.582588E-5
1.780375E+7,    3.389455E-5,    4.043803E-6
1.781000E+7,    2.189167E-5,    -2.265442E-5
1.781625E+7,    1.587942E-4,    2.513826E-5
1.782250E+7,    -1.978502E-5,    -5.847216E-5
1.782875E+7,    8.409843E-6,    4.749931E-5
1.783500E+7,    1.401305E-4,    -5.955249E-5
1.784125E+7,    7.180125E-5,    -5.463883E-5
1.784750E+7,    2.988800E-5,    6.684288E-5
1.785375E+7,    2.668053E-5,    -4.079565E-5
1.786000E+7,    -4.703179E-6,    4.699081E-5
1.786625E+7,    -7.017329E-5,    1.529232E-5
1.787250E+7,    -3.690086E-5,    -2.519973E-5
1.787875E+7,    1.839735E-5,    -3.065355E-5
1.788500E+7,    -1.911074E-6,    -7.614121E-5
1.789125E+7,    1.080520E-5,    5.288236E-5
1.789750E+7,    2.572313E-5,    1.008473E-4
1.790375E+7,    1.905300E-5,    1.397170E-5
1.791000E+7,    -2.553128E-5,    4.347041E-5
1.791625E+7,    3.604218E-6,    3.689155E-5
1.792250E+7,    3.808178E-5,    -9.350479E-7
1.792875E+7,    1.722388E-5,    -3.333390E-5
1.793500E+7,    -4.642829E-5,    -1.783669E-5
1.794125E+7,    -4.708953E-5,    -4.697591E-6
1.794750E+7,    -6.072223E-5,    7.724389E-6
1.795375E+7,    1.011975E-5,    3.720447E-5
1.796000E+7,    7.089600E-5,    5.923212E-7
1.796625E+7,    -7.130206E-6,    -7.383153E-5
1.797250E+7,    2.385117E-5,    -3.305264E-5
1.797875E+7,    -3.090128E-5,    -6.969273E-5
1.798500E+7,    -9.106845E-5,    -7.503480E-5
1.799125E+7,    -4.887208E-5,    -2.322346E-5
1.799750E+7,    -7.621944E-5,    -8.495897E-5
1.800375E+7,    -3.393367E-5,    -3.313273E-5
1.801000E+7,    3.518537E-6,    3.693439E-5
1.801625E+7,    -6.547570E-5,    -6.074458E-5
1.802250E+7,    -1.664646E-5,    -3.756583E-5
1.802875E+7,    -4.883111E-5,    -2.332777E-5
1.803500E+7,    -2.615154E-5,    -3.012829E-5
1.804125E+7,    -3.919005E-5,    -1.463220E-4
1.804750E+7,    8.583441E-5,    -9.089708E-6
1.805375E+7,    1.274124E-4,    1.136959E-4
1.806000E+7,    1.383945E-5,    -7.029995E-5
1.806625E+7,    6.125122E-5,    6.595999E-5
1.807250E+7,    -4.123896E-5,    6.638095E-5
1.807875E+7,    -4.661083E-5,    3.978610E-5
1.808500E+7,    -4.345179E-5,    -2.574548E-5
1.809125E+7,    3.129989E-5,    -1.616776E-4
1.809750E+7,    -6.244332E-5,    -3.977120E-5
1.810375E+7,    -5.874038E-5,    -8.958578E-5
1.811000E+7,    -6.210059E-6,    1.022629E-4
1.811625E+7,    8.732080E-6,    6.354973E-5
1.812250E+7,    -2.083927E-4,    2.556145E-4
1.812875E+7,    1.440346E-4,    -1.243502E-4
1.813500E+7,    4.369766E-6,    -6.292760E-5
1.814125E+7,    -3.685802E-5,    -5.440414E-5
1.814750E+7,    -4.488975E-7,    -4.478730E-5
1.815375E+7,    1.276843E-6,    -2.625026E-5
1.816000E+7,    -9.666011E-5,    -1.522526E-5
1.816625E+7,    6.391853E-5,    -1.527742E-5
1.817250E+7,    -3.873371E-5,    -1.507066E-5
1.817875E+7,    2.977252E-5,    9.361655E-6
1.818500E+7,    -4.469603E-5,    4.656613E-7
1.819125E+7,    -2.587028E-5,    4.344620E-5
1.819750E+7,    -5.267560E-5,    2.633408E-5
1.820375E+7,    2.020970E-5,    1.679547E-5
1.821000E+7,    -9.123236E-5,    1.139417E-4
1.821625E+7,    -9.827316E-6,    6.530061E-5
1.822250E+7,    -2.256595E-5,    -2.219714E-5
1.822875E+7,    -5.441532E-5,    7.772818E-6
1.823500E+7,    -3.349036E-6,    6.568432E-5
1.824125E+7,    -4.965439E-5,    1.858547E-5
1.824750E+7,    -4.714169E-5,    -5.006790E-6
1.825375E+7,    -4.700571E-5,    -1.367852E-4
1.826000E+7,    -1.112558E-5,    -4.008412E-5
1.826625E+7,    -1.618359E-5,    7.068738E-6
1.827250E+7,    -9.057671E-5,    -3.104284E-5
1.827875E+7,    3.182516E-5,    -2.998486E-5
1.828500E+7,    -1.481548E-5,    -1.922250E-5
1.829125E+7,    -3.840961E-5,    2.964959E-5
1.829750E+7,    2.290122E-5,    -3.571063E-5
1.830375E+7,    2.121925E-5,    -5.425699E-5
1.831000E+7,    -6.685033E-5,    -6.124377E-6
1.831625E+7,    4.294701E-5,    1.015887E-5
1.832250E+7,    -2.324581E-5,    -9.128824E-6
1.832875E+7,    1.741946E-5,    -1.071170E-4
1.833500E+7,    9.685755E-5,    -8.722022E-5
1.834125E+7,    -6.888062E-6,    -4.518777E-5
1.834750E+7,    5.101785E-6,    -4.719757E-5
1.835375E+7,    -1.266645E-5,    1.516799E-5
1.836000E+7,    -6.508082E-6,    7.349998E-5
1.836625E+7,    2.019852E-5,    1.689233E-5
1.837250E+7,    2.912804E-5,    2.265163E-5
1.837875E+7,    -3.032014E-5,    -2.534315E-5
1.838500E+7,    -9.778887E-7,    -3.173016E-5
1.839125E+7,    -7.962435E-5,    -6.494671E-5
1.839750E+7,    -1.226440E-4,    -1.311302E-6
1.840375E+7,    1.047999E-4,    6.359071E-5
1.841000E+7,    -6.322190E-5,    4.678220E-5
1.841625E+7,    5.856156E-6,    -6.039254E-5
1.842250E+7,    1.118779E-4,    6.027520E-6
1.842875E+7,    -3.644824E-5,    -9.905547E-6
1.843500E+7,    -3.973208E-5,    2.688169E-5
1.844125E+7,    -1.545995E-5,    -1.539886E-4
1.844750E+7,    -7.121265E-5,    -1.188368E-6
1.845375E+7,    -2.937764E-5,    -6.761774E-5
1.846000E+7,    -5.472451E-5,    -3.730133E-5
1.846625E+7,    1.308620E-4,    -1.276582E-4
1.847250E+7,    -1.420006E-4,    1.333654E-5
1.847875E+7,    2.452359E-5,    -6.203726E-5
1.848500E+7,    -1.097657E-4,    2.828985E-5
1.849125E+7,    5.880184E-5,    -1.261942E-5
1.849750E+7,    1.301803E-5,    -4.416145E-5
1.850375E+7,    -2.954155E-6,    -6.623939E-5
1.851000E+7,    5.282089E-5,    -7.104129E-5
1.851625E+7,    -1.506228E-5,    9.715091E-6
1.852250E+7,    -1.214445E-5,    -4.296005E-5
1.852875E+7,    -1.493692E-4,    2.606958E-5
1.853500E+7,    -1.153648E-4,    3.061444E-5
1.854125E+7,    -6.780773E-5,    -1.571253E-4
1.854750E+7,    -2.959371E-5,    -8.365884E-5
1.855375E+7,    -6.672740E-5,    1.284629E-4
1.856000E+7,    -1.204461E-4,    -1.151189E-4