SAVED BY: 
TITLE: 
COMMENTS: 
DATE: 10/27/2020
TIME: 1:32 PM

STIMULUS, REAL, IMAGINARY

8.560000E+6,    -1.993775E-5,    -1.509041E-4
8.566250E+6,    -1.665205E-5,    -1.448914E-4
8.572500E+6,    -3.406405E-5,    -1.671240E-4
8.578750E+6,    -3.203750E-6,    -1.695380E-4
8.585000E+6,    -1.277775E-5,    -1.640990E-4
8.591250E+6,    3.635883E-6,    -1.495779E-4
8.597500E+6,    -5.587935E-6,    -1.442879E-4
8.603750E+6,    3.054738E-7,    -1.400039E-4
8.610000E+6,    -1.601875E-6,    -1.635402E-4
8.616250E+6,    -1.093745E-5,    -1.579672E-4
8.622500E+6,    1.084805E-5,    -1.627281E-4
8.628750E+6,    -1.285225E-5,    -1.733825E-4
8.635000E+6,    -1.693517E-5,    -1.793578E-4
8.641250E+6,    -1.743436E-6,    -1.806915E-4
8.647500E+6,    -5.528331E-6,    -1.458451E-4
8.653750E+6,    -8.307397E-6,    -1.440272E-4
8.660000E+6,    -1.103431E-5,    -1.672581E-4
8.666250E+6,    -8.061528E-6,    -1.694709E-4
8.672500E+6,    1.041591E-5,    -1.650527E-4
8.678750E+6,    5.185604E-6,    -1.534745E-4
8.685000E+6,    -1.761317E-5,    -1.808926E-4
8.691250E+6,    -1.893938E-5,    -1.633838E-4
8.697500E+6,    -3.844500E-6,    -1.652837E-4
8.703750E+6,    -4.872680E-6,    -1.730844E-4
8.710000E+6,    -1.571327E-5,    -1.828745E-4
8.716250E+6,    -1.059473E-5,    -1.866892E-4
8.722500E+6,    -1.678616E-5,    -1.828521E-4
8.728750E+6,    -2.178550E-5,    -1.710504E-4
8.735000E+6,    -2.247095E-5,    -1.711026E-4
8.741250E+6,    -3.291667E-5,    -1.728684E-4
8.747500E+6,    -9.514391E-6,    -1.632720E-4
8.753750E+6,    -9.514391E-6,    -1.633316E-4
8.760000E+6,    -4.224479E-6,    -1.672208E-4
8.766250E+6,    -1.629442E-5,    -1.844764E-4
8.772500E+6,    -3.430992E-5,    -1.725703E-4
8.778750E+6,    1.819432E-5,    -1.578480E-4
8.785000E+6,    -1.049787E-5,    -1.726598E-4
8.791250E+6,    -1.157820E-5,    -1.806468E-4
8.797500E+6,    -6.988645E-6,    -1.670793E-4
8.803750E+6,    -1.378357E-6,    -1.712367E-4
8.810000E+6,    -2.953410E-5,    -1.683533E-4
8.816250E+6,    -3.695488E-6,    -1.614019E-4
8.822500E+6,    -1.665205E-5,    -1.785606E-4
8.828750E+6,    -1.390278E-5,    -1.805201E-4
8.835000E+6,    -1.554936E-5,    -1.881942E-4
8.841250E+6,    -1.767278E-5,    -1.782924E-4
8.847500E+6,    -4.576147E-5,    -1.927167E-4
8.853750E+6,    -2.427399E-5,    -1.742095E-4
8.860000E+6,    -1.284480E-5,    -1.824126E-4
8.866250E+6,    -2.317131E-6,    -1.732036E-4
8.872500E+6,    2.741814E-6,    -1.773089E-4
8.878750E+6,    -2.164394E-5,    -1.681522E-4
8.885000E+6,    -2.340227E-5,    -1.935884E-4
8.891250E+6,    -1.490861E-5,    -1.647472E-4
8.897500E+6,    -6.899238E-6,    -1.709834E-4
8.903750E+6,    -1.048297E-5,    -1.864955E-4
8.910000E+6,    -2.203882E-5,    -1.779422E-4
8.916250E+6,    -2.260506E-5,    -1.954958E-4
8.922500E+6,    -3.416836E-5,    -1.867190E-4
8.928750E+6,    -1.379102E-5,    -1.764596E-4
8.935000E+6,    -2.980232E-5,    -1.908615E-4
8.941250E+6,    -2.966076E-5,    -1.735613E-4
8.947500E+6,    -1.078099E-5,    -1.885742E-4
8.953750E+6,    -2.638251E-5,    -1.853183E-4
8.960000E+6,    -4.866719E-5,    -1.949072E-4
8.966250E+6,    -4.105270E-6,    -1.676604E-4
8.972500E+6,    -1.240522E-5,    -1.884252E-4
8.978750E+6,    -2.257526E-5,    -1.894683E-4
8.985000E+6,    -2.840161E-5,    -1.850203E-4
8.991250E+6,    -8.136034E-6,    -1.928806E-4
8.997500E+6,    -1.851469E-5,    -1.936406E-4
9.003750E+6,    -2.385676E-5,    -1.989827E-4
9.010000E+6,    -8.940697E-6,    -1.751333E-4
9.016250E+6,    -1.706183E-5,    -1.959056E-4
9.022500E+6,    -1.216680E-5,    -1.728907E-4
9.028750E+6,    -1.982599E-5,    -1.763254E-4
9.035000E+6,    -2.134591E-5,    -1.935661E-4
9.041250E+6,    -2.566725E-5,    -1.988038E-4
9.047500E+6,    -8.657575E-6,    -2.047345E-4
9.053750E+6,    -2.729893E-5,    -1.988187E-4
9.060000E+6,    -3.814697E-6,    -1.818538E-4
9.066250E+6,    -2.653152E-5,    -1.810417E-4
9.072500E+6,    -4.865229E-6,    -1.819208E-4
9.078750E+6,    -2.671778E-5,    -1.908392E-4
9.085000E+6,    -3.193319E-5,    -1.960918E-4
9.091250E+6,    -5.066395E-6,    -1.920909E-4
9.097500E+6,    -2.033263E-5,    -1.977012E-4
9.103750E+6,    -2.602488E-5,    -1.930296E-4
9.110000E+6,    -4.023314E-6,    -1.942813E-4
9.116250E+6,    -9.372830E-6,    -1.895279E-4
9.122500E+6,    -3.555417E-5,    -1.758561E-4
9.128750E+6,    -2.095848E-5,    -1.899451E-4
9.135000E+6,    -2.630800E-5,    -1.853481E-4
9.141250E+6,    -3.014505E-5,    -2.101511E-4
9.147500E+6,    -5.616248E-5,    -1.963079E-4
9.153750E+6,    -2.829731E-5,    -2.027377E-4
9.160000E+6,    -4.196167E-5,    -2.005249E-4
9.166250E+6,    -1.310557E-5,    -1.891702E-4
9.172500E+6,    -3.302097E-5,    -1.998618E-4
9.178750E+6,    -1.886487E-5,    -1.942888E-4
9.185000E+6,    -4.698336E-5,    -1.876429E-4
9.191250E+6,    -2.682209E-5,    -2.069101E-4
9.197500E+6,    -3.455579E-5,    -1.997054E-4
9.203750E+6,    -1.793355E-5,    -1.966953E-4
9.210000E+6,    -1.801550E-5,    -2.067164E-4
9.216250E+6,    -4.073977E-5,    -2.046376E-4
9.222500E+6,    -4.090369E-5,    -2.242476E-4
9.228750E+6,    -2.738088E-5,    -1.991987E-4
9.235000E+6,    -2.273917E-5,    -2.140254E-4
9.241250E+6,    -4.512072E-5,    -2.117306E-4
9.247500E+6,    -3.331900E-5,    -2.040714E-4
9.253750E+6,    -3.099442E-5,    -2.064556E-4
9.260000E+6,    -2.675503E-5,    -1.915917E-4
9.266250E+6,    -2.512336E-5,    -2.236068E-4
9.272500E+6,    -3.497303E-5,    -2.039969E-4
9.278750E+6,    -2.299994E-5,    -1.962185E-4
9.285000E+6,    -2.352148E-5,    -1.963675E-4
9.291250E+6,    -4.917383E-5,    -2.210289E-4
9.297500E+6,    -5.136430E-5,    -2.086014E-4
9.303750E+6,    -4.234910E-5,    -2.086461E-4
9.310000E+6,    -1.035631E-5,    -2.013594E-4
9.316250E+6,    -3.367662E-5,    -2.186298E-4
9.322500E+6,    -2.627075E-5,    -2.159923E-4
9.328750E+6,    -4.652143E-5,    -1.956373E-4
9.335000E+6,    -4.254282E-5,    -2.106279E-4
9.341250E+6,    -6.534159E-5,    -2.272874E-4
9.347500E+6,    -6.279349E-5,    -2.101362E-4
9.353750E+6,    -3.065914E-5,    -2.033412E-4
9.360000E+6,    -2.881885E-5,    -2.160668E-4
9.366250E+6,    -2.413988E-5,    -2.209842E-4
9.372500E+6,    -4.503131E-5,    -2.101809E-4
9.378750E+6,    -3.053248E-5,    -2.055839E-4
9.385000E+6,    -5.131960E-5,    -2.245605E-4
9.391250E+6,    -4.141033E-5,    -2.149194E-4
9.397500E+6,    -3.892183E-5,    -2.075285E-4
9.403750E+6,    -3.430247E-5,    -2.029985E-4
9.410000E+6,    -4.261732E-5,    -2.148747E-4
9.416250E+6,    -3.133714E-5,    -2.278090E-4
9.422500E+6,    -4.625320E-5,    -2.120435E-4
9.428750E+6,    -6.559491E-5,    -2.333224E-4
9.435000E+6,    -3.820658E-5,    -1.900792E-4
9.441250E+6,    -3.060699E-5,    -2.301633E-4
9.447500E+6,    -1.321733E-5,    -2.187937E-4
9.453750E+6,    -3.999472E-5,    -2.321005E-4
9.460000E+6,    -4.070997E-5,    -2.318621E-4
9.466250E+6,    -2.995133E-5,    -2.225935E-4
9.472500E+6,    -3.743172E-5,    -2.144873E-4
9.478750E+6,    -3.451109E-5,    -2.071857E-4
9.485000E+6,    -5.075336E-5,    -2.109706E-4
9.491250E+6,    -5.212426E-5,    -2.208352E-4
9.497500E+6,    -5.424023E-5,    -2.080202E-4
9.503750E+6,    -4.401803E-5,    -2.313256E-4
9.510000E+6,    -3.468990E-5,    -2.096593E-4
9.516250E+6,    -2.172589E-5,    -2.256334E-4
9.522500E+6,    -3.179908E-5,    -2.249181E-4
9.528750E+6,    -4.434586E-5,    -2.213418E-4
9.535000E+6,    -4.768372E-5,    -2.512038E-4
9.541250E+6,    -6.425381E-5,    -2.320409E-4
9.547500E+6,    -3.385544E-5,    -2.245605E-4
9.553750E+6,    -3.767014E-5,    -2.318323E-4
9.560000E+6,    -5.900860E-5,    -2.394915E-4
9.566250E+6,    -4.756451E-5,    -2.210140E-4
9.572500E+6,    -3.370643E-5,    -2.498627E-4
9.578750E+6,    -6.434321E-5,    -2.238452E-4
9.585000E+6,    -4.896522E-5,    -2.204478E-4
9.591250E+6,    -4.321337E-5,    -2.513528E-4
9.597500E+6,    -4.452467E-5,    -2.382100E-4
9.603750E+6,    -5.203485E-5,    -2.524853E-4
9.610000E+6,    -3.993511E-5,    -2.339184E-4
9.616250E+6,    -5.379319E-5,    -2.621114E-4
9.622500E+6,    -5.850196E-5,    -2.338588E-4
9.628750E+6,    -5.993247E-5,    -2.217293E-4
9.635000E+6,    -3.820658E-5,    -2.263486E-4
9.641250E+6,    -4.091859E-5,    -2.359450E-4
9.647500E+6,    -4.976988E-5,    -2.247989E-4
9.653750E+6,    -4.634261E-5,    -2.403855E-4
9.660000E+6,    -7.623434E-5,    -2.487600E-4
9.666250E+6,    -7.539988E-5,    -2.389252E-4
9.672500E+6,    -4.458427E-5,    -2.456307E-4
9.678750E+6,    -4.145503E-5,    -2.511442E-4
9.685000E+6,    -7.244945E-5,    -2.214611E-4
9.691250E+6,    -4.747510E-5,    -2.552867E-4
9.697500E+6,    -5.459785E-5,    -2.340376E-4
9.703750E+6,    -4.401803E-5,    -2.609491E-4
9.710000E+6,    -3.543496E-5,    -2.495348E-4
9.716250E+6,    -4.434586E-5,    -2.380908E-4
9.722500E+6,    -5.537271E-5,    -2.237260E-4
9.728750E+6,    -5.045533E-5,    -2.547503E-4
9.735000E+6,    -6.321073E-5,    -2.502203E-4
9.741250E+6,    -6.479025E-5,    -2.728403E-4
9.747500E+6,    -4.705787E-5,    -2.378225E-4
9.753750E+6,    -5.093217E-5,    -2.571046E-4
9.760000E+6,    -7.146597E-5,    -2.409220E-4
9.766250E+6,    -6.714463E-5,    -2.595484E-4
9.772500E+6,    -5.394220E-5,    -2.542436E-4
9.778750E+6,    -4.273653E-5,    -2.841055E-4
9.785000E+6,    -4.798174E-5,    -2.398491E-4
9.791250E+6,    -6.565452E-5,    -2.520680E-4
9.797500E+6,    -4.482269E-5,    -2.457798E-4
9.803750E+6,    -6.696582E-5,    -2.644956E-4
9.810000E+6,    -4.178286E-5,    -2.388060E-4
9.816250E+6,    -5.975366E-5,    -2.633631E-4
9.822500E+6,    -6.681681E-5,    -2.417564E-4
9.828750E+6,    -6.121397E-5,    -2.503395E-4
9.835000E+6,    -6.151199E-5,    -2.630949E-4
9.841250E+6,    -5.093217E-5,    -2.550483E-4
9.847500E+6,    -7.060170E-5,    -2.513528E-4
9.853750E+6,    -7.292628E-5,    -2.607703E-4
9.860000E+6,    -6.192923E-5,    -2.654791E-4
9.866250E+6,    -7.078052E-5,    -2.663136E-4
9.872500E+6,    -6.344914E-5,    -2.526045E-4
9.878750E+6,    -6.172061E-5,    -2.554655E-4
9.885000E+6,    -7.861853E-5,    -2.827048E-4
9.891250E+6,    -4.941225E-5,    -2.760887E-4
9.897500E+6,    -5.984306E-5,    -2.737939E-4
9.903750E+6,    -5.775690E-5,    -2.640188E-4
9.910000E+6,    -5.453825E-5,    -2.570152E-4
9.916250E+6,    -5.570054E-5,    -2.827048E-4
9.922500E+6,    -4.974008E-5,    -2.530515E-4
9.928750E+6,    -5.796552E-5,    -2.667904E-4
9.935000E+6,    -6.157160E-5,    -3.021061E-4
9.941250E+6,    -5.617738E-5,    -2.849400E-4
9.947500E+6,    -7.036328E-5,    -2.639890E-4
9.953750E+6,    -6.839633E-5,    -2.799034E-4
9.960000E+6,    -5.170703E-5,    -2.685785E-4
9.966250E+6,    -7.551908E-5,    -2.704859E-4
9.972500E+6,    -6.774068E-5,    -2.568662E-4
9.978750E+6,    -6.160140E-5,    -2.942681E-4
9.985000E+6,    -6.017089E-5,    -2.843440E-4
9.991250E+6,    -6.839633E-5,    -2.722144E-4
9.997500E+6,    -5.510449E-5,    -2.804399E-4
1.000375E+7,    -6.964803E-5,    -2.848804E-4
1.001000E+7,    -7.352233E-5,    -2.786517E-4
1.001625E+7,    -7.438660E-5,    -2.785027E-4
1.002250E+7,    -8.597970E-5,    -2.592802E-4
1.002875E+7,    -6.166101E-5,    -2.737939E-4
1.003500E+7,    -6.425381E-5,    -2.707243E-4
1.004125E+7,    -5.710125E-5,    -2.829134E-4
1.004750E+7,    -7.057190E-5,    -2.899170E-4
1.005375E+7,    -7.712841E-5,    -2.931356E-4
1.006000E+7,    -7.185340E-5,    -2.739429E-4
1.006625E+7,    -5.280972E-5,    -2.948642E-4
1.007250E+7,    -5.891919E-5,    -2.849996E-4
1.007875E+7,    -7.241964E-5,    -2.764165E-4
1.008500E+7,    -5.546212E-5,    -2.787113E-4
1.009125E+7,    -6.452203E-5,    -2.917051E-4
1.009750E+7,    -7.504225E-5,    -2.886355E-4
1.010375E+7,    -6.982684E-5,    -2.847612E-4
1.011000E+7,    -8.898973E-5,    -2.951622E-4
1.011625E+7,    -6.315112E-5,    -2.847314E-4
1.012250E+7,    -8.207560E-5,    -2.947450E-4
1.012875E+7,    -8.478761E-5,    -2.911985E-4
1.013500E+7,    -8.490682E-5,    -2.911091E-4
1.014125E+7,    -6.768107E-5,    -3.096461E-4
1.014750E+7,    -8.955598E-5,    -2.999008E-4
1.015375E+7,    -6.994605E-5,    -2.928376E-4
1.016000E+7,    -6.061792E-5,    -2.960861E-4
1.016625E+7,    -6.997585E-5,    -3.086627E-4
1.017250E+7,    -8.410215E-5,    -2.993941E-4
1.017875E+7,    -9.661913E-5,    -2.927482E-4
1.018500E+7,    -7.921457E-5,    -2.797842E-4
1.019125E+7,    -7.456541E-5,    -2.892613E-4
1.019750E+7,    -8.174777E-5,    -3.078878E-4
1.020375E+7,    -9.366870E-5,    -2.860725E-4
1.021000E+7,    -8.764863E-5,    -2.985299E-4
1.021625E+7,    -1.028180E-4,    -3.013909E-4
1.022250E+7,    -8.597970E-5,    -2.883971E-4
1.022875E+7,    -8.216500E-5,    -3.136098E-4
1.023500E+7,    -8.279085E-5,    -3.294349E-4
1.024125E+7,    -8.484721E-5,    -3.105104E-4
1.024750E+7,    -8.034706E-5,    -3.035069E-4
1.025375E+7,    -7.688999E-5,    -3.134012E-4
1.026000E+7,    -9.465218E-5,    -3.096461E-4
1.026625E+7,    -8.559227E-5,    -3.124475E-4
1.027250E+7,    -8.559227E-5,    -2.968609E-4
1.027875E+7,    -9.816885E-5,    -3.377497E-4
1.028500E+7,    -8.642673E-5,    -3.156066E-4
1.029125E+7,    -1.065135E-4,    -3.399849E-4
1.029750E+7,    -8.770823E-5,    -3.150403E-4
1.030375E+7,    -9.259582E-5,    -3.054440E-4
1.031000E+7,    -9.182096E-5,    -3.083050E-4
1.031625E+7,    -1.025498E-4,    -3.362596E-4
1.032250E+7,    -9.578466E-5,    -3.204048E-4
1.032875E+7,    -9.351969E-5,    -3.266335E-4
1.033500E+7,    -9.208918E-5,    -3.302395E-4
1.034125E+7,    -1.092255E-4,    -3.287792E-4
1.034750E+7,    -1.003146E-4,    -3.161132E-4
1.035375E+7,    -9.915233E-5,    -3.196001E-4
1.036000E+7,    -9.545684E-5,    -3.100038E-4
1.036625E+7,    -1.013875E-4,    -3.158152E-4
1.037250E+7,    -1.227558E-4,    -3.401041E-4
1.037875E+7,    -9.250641E-5,    -3.229380E-4
1.038500E+7,    -1.058877E-4,    -3.280044E-4
1.039125E+7,    -1.099706E-4,    -3.374815E-4
1.039750E+7,    -1.053214E-4,    -3.147423E-4
1.040375E+7,    -1.069903E-4,    -3.278255E-4
1.041000E+7,    -9.298325E-5,    -3.281534E-4
1.041625E+7,    -7.477403E-5,    -3.165901E-4
1.042250E+7,    -1.006722E-4,    -3.306270E-4
1.042875E+7,    -1.162291E-4,    -3.324747E-4
1.043500E+7,    -8.636713E-5,    -3.314316E-4
1.044125E+7,    -1.013279E-4,    -3.335178E-4
1.044750E+7,    -1.221001E-4,    -3.411174E-4
1.045375E+7,    -8.925796E-5,    -3.470778E-4
1.046000E+7,    -9.253621E-5,    -3.590584E-4
1.046625E+7,    -1.066923E-4,    -3.449619E-4
1.047250E+7,    -1.072884E-4,    -3.454387E-4
1.047875E+7,    -1.256764E-4,    -3.400147E-4
1.048500E+7,    -1.029670E-4,    -3.611445E-4
1.049125E+7,    -1.205206E-4,    -3.750324E-4
1.049750E+7,    -1.114309E-4,    -3.438294E-4
1.050375E+7,    -1.251400E-4,    -3.488064E-4
1.051000E+7,    -1.126528E-4,    -3.435910E-4
1.051625E+7,    -1.185536E-4,    -3.683567E-4
1.052250E+7,    -9.506941E-5,    -3.543496E-4
1.052875E+7,    -9.918213E-5,    -3.830194E-4
1.053500E+7,    -1.248419E-4,    -3.549159E-4
1.054125E+7,    -1.316071E-4,    -3.598332E-4
1.054750E+7,    -1.117885E-4,    -3.523529E-4
1.055375E+7,    -1.102388E-4,    -3.615916E-4
1.056000E+7,    -1.221895E-4,    -3.512204E-4
1.056625E+7,    -1.351833E-4,    -3.588200E-4
1.057250E+7,    -1.142621E-4,    -3.356040E-4
1.057875E+7,    -9.253621E-5,    -3.539622E-4
1.058500E+7,    -8.440018E-5,    -3.577769E-4
1.059125E+7,    -1.115501E-4,    -3.484786E-4
1.059750E+7,    -1.195967E-4,    -3.470182E-4
1.060375E+7,    -1.064539E-4,    -3.872514E-4
1.061000E+7,    -1.206994E-4,    -3.916621E-4
1.061625E+7,    -1.365840E-4,    -3.478229E-4
1.062250E+7,    -1.116991E-4,    -3.570020E-4
1.062875E+7,    -1.365542E-4,    -3.731847E-4
1.063500E+7,    -1.205802E-4,    -4.001260E-4
1.064125E+7,    -1.189113E-4,    -3.881454E-4
1.064750E+7,    -1.425147E-4,    -3.846884E-4
1.065375E+7,    -1.317859E-4,    -3.730655E-4
1.066000E+7,    -1.171231E-4,    -3.978610E-4
1.066625E+7,    -1.435876E-4,    -3.871322E-4
1.067250E+7,    -1.415610E-4,    -3.712177E-4
1.067875E+7,    -1.307726E-4,    -3.889203E-4
1.068500E+7,    -1.210570E-4,    -3.742576E-4
1.069125E+7,    -1.037121E-4,    -3.836155E-4
1.069750E+7,    -1.385808E-4,    -3.677607E-4
1.070375E+7,    -1.292825E-4,    -4.009008E-4
1.071000E+7,    -1.374483E-4,    -3.773570E-4
1.071625E+7,    -1.353025E-4,    -3.868937E-4
1.072250E+7,    -1.569390E-4,    -3.898144E-4
1.072875E+7,    -1.286268E-4,    -3.848672E-4
1.073500E+7,    -1.307726E-4,    -3.810525E-4
1.074125E+7,    -1.467466E-4,    -4.067421E-4
1.074750E+7,    -1.279712E-4,    -3.974438E-4
1.075375E+7,    -1.459718E-4,    -4.141331E-4
1.076000E+7,    -1.298189E-4,    -3.972650E-4
1.076625E+7,    -1.341701E-4,    -4.088283E-4
1.077250E+7,    -1.203418E-4,    -3.821254E-4
1.077875E+7,    -1.356602E-4,    -4.121661E-4
1.078500E+7,    -1.593828E-4,    -3.815889E-4
1.079125E+7,    -1.513362E-4,    -4.119277E-4
1.079750E+7,    -1.546144E-4,    -4.044175E-4
1.080375E+7,    -1.545548E-4,    -4.071593E-4
1.081000E+7,    -1.337528E-4,    -4.054904E-4
1.081625E+7,    -1.549721E-4,    -4.106164E-4
1.082250E+7,    -1.454949E-4,    -4.221797E-4
1.082875E+7,    -1.654625E-4,    -4.049540E-4
1.083500E+7,    -1.454353E-4,    -3.992915E-4
1.084125E+7,    -1.403689E-4,    -4.231334E-4
1.084750E+7,    -1.595020E-4,    -4.352927E-4
1.085375E+7,    -1.699328E-4,    -4.324317E-4
1.086000E+7,    -1.502633E-4,    -4.240274E-4
1.086625E+7,    -1.612902E-4,    -4.142523E-4
1.087250E+7,    -1.607537E-4,    -4.183054E-4
1.087875E+7,    -1.657605E-4,    -4.268885E-4
1.088500E+7,    -1.392961E-4,    -4.228354E-4
1.089125E+7,    -1.721382E-4,    -4.413724E-4
1.089750E+7,    -1.571774E-4,    -4.153848E-4
1.090375E+7,    -1.668930E-4,    -4.395843E-4
1.091000E+7,    -1.795888E-4,    -4.492998E-4
1.091625E+7,    -1.516938E-4,    -4.425645E-4
1.092250E+7,    -1.748204E-4,    -4.466176E-4
1.092875E+7,    -1.831055E-4,    -4.507899E-4
1.093500E+7,    -1.828671E-4,    -4.541278E-4
1.094125E+7,    -1.843572E-4,    -4.503131E-4
1.094750E+7,    -1.565814E-4,    -4.473329E-4
1.095375E+7,    -1.822710E-4,    -4.635453E-4
1.096000E+7,    -1.859665E-4,    -4.527569E-4
1.096625E+7,    -1.677275E-4,    -4.441738E-4
1.097250E+7,    -1.650453E-4,    -4.614592E-4
1.097875E+7,    -1.718402E-4,    -4.661083E-4
1.098500E+7,    -1.643300E-4,    -4.747510E-4
1.099125E+7,    -1.688600E-4,    -4.539490E-4
1.099750E+7,    -1.613498E-4,    -4.624128E-4
1.100375E+7,    -1.806617E-4,    -4.770160E-4
1.101000E+7,    -1.705885E-4,    -4.594326E-4
1.101625E+7,    -1.851916E-4,    -4.654527E-4
1.102250E+7,    -1.869798E-4,    -4.611611E-4
1.102875E+7,    -1.701117E-4,    -4.826784E-4
1.103500E+7,    -1.863241E-4,    -4.713535E-4
1.104125E+7,    -1.940727E-4,    -4.756451E-4
1.104750E+7,    -1.798868E-4,    -4.835725E-4
1.105375E+7,    -1.941323E-4,    -4.818439E-4
1.106000E+7,    -1.870990E-4,    -4.935265E-4
1.106625E+7,    -1.783371E-4,    -4.664063E-4
1.107250E+7,    -1.996160E-4,    -4.735589E-4
1.107875E+7,    -2.130866E-4,    -4.863143E-4
1.108500E+7,    -1.745224E-4,    -5.084872E-4
1.109125E+7,    -2.039671E-4,    -5.022883E-4
1.109750E+7,    -1.711249E-4,    -4.987121E-4
1.110375E+7,    -1.941323E-4,    -4.955530E-4
1.111000E+7,    -1.921058E-4,    -5.100369E-4
1.111625E+7,    -1.978278E-4,    -5.310178E-4
1.112250E+7,    -1.877546E-4,    -5.081892E-4
1.112875E+7,    -2.186298E-4,    -5.082488E-4
1.113500E+7,    -2.329350E-4,    -5.134344E-4
1.114125E+7,    -2.183914E-4,    -5.289316E-4
1.114750E+7,    -2.065897E-4,    -5.128384E-4
1.115375E+7,    -2.184510E-4,    -5.329251E-4
1.116000E+7,    -2.205968E-4,    -5.407333E-4
1.116625E+7,    -2.112389E-4,    -5.151033E-4
1.117250E+7,    -2.263784E-4,    -5.232096E-4
1.117875E+7,    -2.283454E-4,    -5.629063E-4
1.118500E+7,    -2.333522E-4,    -5.487800E-4
1.119125E+7,    -2.332926E-4,    -5.373955E-4
1.119750E+7,    -2.175570E-4,    -5.440116E-4
1.120375E+7,    -2.202988E-4,    -5.487204E-4
1.121000E+7,    -2.399087E-4,    -5.892515E-4
1.121625E+7,    -2.499223E-4,    -5.815625E-4
1.122250E+7,    -2.610087E-4,    -6.237626E-4
1.122875E+7,    -2.816319E-4,    -6.526709E-4
1.123500E+7,    -2.932549E-4,    -7.249117E-4
1.124125E+7,    -2.958775E-4,    -7.256269E-4
1.124750E+7,    -2.758503E-4,    -7.129908E-4
1.125375E+7,    -2.763271E-4,    -6.806254E-4
1.126000E+7,    -2.737045E-4,    -7.162094E-4
1.126625E+7,    -2.614260E-4,    -6.987453E-4
1.127250E+7,    -2.756119E-4,    -7.314682E-4
1.127875E+7,    -2.791286E-4,    -6.821156E-4
1.128500E+7,    -2.697110E-4,    -6.834269E-4
1.129125E+7,    -2.708435E-4,    -6.333590E-4
1.129750E+7,    -2.532601E-4,    -6.114841E-4
1.130375E+7,    -2.997518E-4,    -6.187558E-4
1.131000E+7,    -2.818108E-4,    -6.622076E-4
1.131625E+7,    -2.963543E-4,    -6.770492E-4
1.132250E+7,    -2.741814E-4,    -7.058382E-4
1.132875E+7,    -3.196001E-4,    -6.783009E-4
1.133500E+7,    -2.880096E-4,    -6.806850E-4
1.134125E+7,    -3.010631E-4,    -6.802678E-4
1.134750E+7,    -2.812743E-4,    -6.791949E-4
1.135375E+7,    -2.920628E-4,    -6.678700E-4
1.136000E+7,    -2.842546E-4,    -6.133318E-4
1.136625E+7,    -3.021955E-4,    -7.028580E-4
1.137250E+7,    -2.947450E-4,    -6.806850E-4
1.137875E+7,    -3.144741E-4,    -6.901026E-4
1.138500E+7,    -3.414154E-4,    -6.728172E-4
1.139125E+7,    -3.069639E-4,    -6.690025E-4
1.139750E+7,    -2.999306E-4,    -6.828308E-4
1.140375E+7,    -2.934933E-4,    -6.756186E-4
1.141000E+7,    -2.921820E-4,    -6.415248E-4
1.141625E+7,    -2.829432E-4,    -6.496310E-4
1.142250E+7,    -3.067255E-4,    -6.825924E-4
1.142875E+7,    -3.033876E-4,    -7.109642E-4
1.143500E+7,    -3.049374E-4,    -6.800890E-4
1.144125E+7,    -3.354549E-4,    -7.065535E-4
1.144750E+7,    -3.451109E-4,    -7.450581E-4
1.145375E+7,    -3.457069E-4,    -7.723570E-4
1.146000E+7,    -3.409386E-4,    -7.632971E-4
1.146625E+7,    -3.544092E-4,    -7.755756E-4
1.147250E+7,    -3.402233E-4,    -7.566214E-4
1.147875E+7,    -3.552437E-4,    -7.559061E-4
1.148500E+7,    -3.299713E-4,    -7.758141E-4
1.149125E+7,    -3.772974E-4,    -8.399487E-4
1.149750E+7,    -3.618002E-4,    -8.695126E-4
1.150375E+7,    -3.582239E-4,    -8.507967E-4
1.151000E+7,    -4.076958E-4,    -8.374453E-4
1.151625E+7,    -3.936291E-4,    -8.605719E-4
1.152250E+7,    -3.585815E-4,    -8.382797E-4
1.152875E+7,    -3.936291E-4,    -8.462667E-4
1.153500E+7,    -3.641844E-4,    -7.709265E-4
1.154125E+7,    -4.225969E-4,    -8.680820E-4
1.154750E+7,    -3.994703E-4,    -8.778572E-4
1.155375E+7,    -3.951788E-4,    -8.606911E-4
1.156000E+7,    -4.192591E-4,    -9.961128E-4
1.156625E+7,    -3.949404E-4,    -9.992123E-4
1.157250E+7,    -4.261732E-4,    -1.024485E-3
1.157875E+7,    -5.025864E-4,    -9.820461E-4
1.158500E+7,    -4.382133E-4,    -1.087070E-3
1.159125E+7,    -4.060268E-4,    -9.505749E-4
1.159750E+7,    -3.545284E-4,    -9.897947E-4
1.160375E+7,    -4.571676E-4,    -9.860992E-4
1.161000E+7,    -4.117489E-4,    -1.014948E-3
1.161625E+7,    -5.191565E-4,    -1.114488E-3
1.162250E+7,    -4.725456E-4,    -1.135945E-3
1.162875E+7,    -4.881620E-4,    -1.416206E-3
1.163500E+7,    -3.707409E-4,    -1.549244E-3
1.164125E+7,    -1.916885E-4,    -1.774311E-3
1.164750E+7,    2.207756E-4,    -1.990557E-3
1.165375E+7,    -1.752377E-5,    -1.898050E-3
1.166000E+7,    3.494024E-4,    -1.801729E-3
1.166625E+7,    8.684397E-4,    -1.841187E-3
1.167250E+7,    9.980202E-4,    -1.636505E-3
1.167875E+7,    9.888411E-4,    -1.736403E-3
1.168500E+7,    9.942055E-4,    -1.647115E-3
1.169125E+7,    1.014471E-3,    -1.747847E-3
1.169750E+7,    9.620190E-4,    -1.696110E-3
1.170375E+7,    1.012325E-3,    -1.739979E-3
1.171000E+7,    9.828806E-4,    -1.724243E-3
1.171625E+7,    9.952784E-4,    -1.772881E-3
1.172250E+7,    1.040816E-3,    -1.775026E-3
1.172875E+7,    1.015544E-3,    -1.807570E-3
1.173500E+7,    1.011848E-3,    -1.805067E-3
1.174125E+7,    1.073360E-3,    -1.838684E-3
1.174750E+7,    1.040459E-3,    -1.841784E-3
1.175375E+7,    1.034975E-3,    -1.887441E-3
1.176000E+7,    1.021385E-3,    -1.905322E-3
1.176625E+7,    1.058936E-3,    -1.880169E-3
1.177250E+7,    1.054406E-3,    -1.901746E-3
1.177875E+7,    1.058221E-3,    -1.923323E-3
1.178500E+7,    1.106024E-3,    -1.953244E-3
1.179125E+7,    1.023531E-3,    -1.964808E-3
1.179750E+7,    1.062155E-3,    -1.978397E-3
1.180375E+7,    1.032114E-3,    -1.966000E-3
1.181000E+7,    1.038790E-3,    -1.960993E-3
1.181625E+7,    1.064062E-3,    -1.957655E-3
1.182250E+7,    1.075268E-3,    -2.019167E-3
1.182875E+7,    1.088142E-3,    -2.075434E-3
1.183500E+7,    1.082897E-3,    -2.047300E-3
1.184125E+7,    1.142979E-3,    -2.038240E-3
1.184750E+7,    1.103640E-3,    -2.082109E-3
1.185375E+7,    1.095295E-3,    -2.168894E-3
1.186000E+7,    1.124144E-3,    -2.151489E-3
1.186625E+7,    1.170874E-3,    -2.130747E-3
1.187250E+7,    1.121521E-3,    -2.168655E-3
1.187875E+7,    1.147509E-3,    -2.232313E-3
1.188500E+7,    1.138687E-3,    -2.270460E-3
1.189125E+7,    1.207113E-3,    -2.244234E-3
1.189750E+7,    1.124620E-3,    -2.248287E-3
1.190375E+7,    1.230717E-3,    -2.244711E-3
1.191000E+7,    1.199722E-3,    -2.275229E-3
1.191625E+7,    1.217604E-3,    -2.300262E-3
1.192250E+7,    1.217365E-3,    -2.322435E-3
1.192875E+7,    1.191616E-3,    -2.356052E-3
1.193500E+7,    1.225948E-3,    -2.382994E-3
1.194125E+7,    1.249790E-3,    -2.360344E-3
1.194750E+7,    1.232624E-3,    -2.397060E-3
1.195375E+7,    1.202345E-3,    -2.466917E-3
1.196000E+7,    1.248121E-3,    -2.485752E-3
1.196625E+7,    1.226425E-3,    -2.467155E-3
1.197250E+7,    1.198530E-3,    -2.461672E-3
1.197875E+7,    1.222610E-3,    -2.553701E-3
1.198500E+7,    1.251459E-3,    -2.551556E-3
1.199125E+7,    1.200438E-3,    -2.570629E-3
1.199750E+7,    1.235008E-3,    -2.599001E-3
1.200375E+7,    1.269341E-3,    -2.598524E-3
1.201000E+7,    1.213789E-3,    -2.616644E-3
1.201625E+7,    1.269341E-3,    -2.651453E-3
1.202250E+7,    1.241922E-3,    -2.668381E-3
1.202875E+7,    1.251936E-3,    -2.685070E-3
1.203500E+7,    1.261234E-3,    -2.720833E-3
1.204125E+7,    1.226425E-3,    -2.717257E-3
1.204750E+7,    1.243353E-3,    -2.714634E-3
1.205375E+7,    1.323223E-3,    -2.719402E-3
1.206000E+7,    1.222372E-3,    -2.705574E-3
1.206625E+7,    1.357317E-3,    -2.802849E-3
1.207250E+7,    1.360178E-3,    -2.850056E-3
1.207875E+7,    1.246691E-3,    -2.794504E-3
1.208500E+7,    1.247883E-3,    -2.810001E-3
1.209125E+7,    1.323700E-3,    -2.836466E-3
1.209750E+7,    1.286745E-3,    -2.841234E-3
1.210375E+7,    1.340151E-3,    -2.887011E-3
1.211000E+7,    1.291037E-3,    -2.921820E-3
1.211625E+7,    1.326799E-3,    -2.961874E-3
1.212250E+7,    1.319408E-3,    -2.988100E-3
1.212875E+7,    1.308918E-3,    -3.019094E-3
1.213500E+7,    1.318693E-3,    -3.047943E-3
1.214125E+7,    1.349211E-3,    -3.055334E-3
1.214750E+7,    1.390696E-3,    -3.080606E-3
1.215375E+7,    1.353264E-3,    -3.133059E-3
1.216000E+7,    1.353025E-3,    -3.092766E-3
1.216625E+7,    1.384974E-3,    -3.167152E-3
1.217250E+7,    1.400709E-3,    -3.170490E-3
1.217875E+7,    1.411915E-3,    -3.231287E-3
1.218500E+7,    1.406193E-3,    -3.245115E-3
1.219125E+7,    1.426220E-3,    -3.257990E-3
1.219750E+7,    1.396179E-3,    -3.353596E-3
1.220375E+7,    1.445532E-3,    -3.358603E-3
1.221000E+7,    1.425743E-3,    -3.412008E-3
1.221625E+7,    1.436472E-3,    -3.430128E-3
1.222250E+7,    1.466990E-3,    -3.439903E-3
1.222875E+7,    1.515150E-3,    -3.510952E-3
1.223500E+7,    1.480341E-3,    -3.578186E-3
1.224125E+7,    1.449585E-3,    -3.546953E-3
1.224750E+7,    1.520634E-3,    -3.595352E-3
1.225375E+7,    1.523018E-3,    -3.638506E-3
1.226000E+7,    1.536369E-3,    -3.677845E-3
1.226625E+7,    1.551628E-3,    -3.703833E-3
1.227250E+7,    1.573324E-3,    -3.760576E-3
1.227875E+7,    1.567602E-3,    -3.809214E-3
1.228500E+7,    1.626253E-3,    -3.820896E-3
1.229125E+7,    1.624346E-3,    -3.892183E-3
1.229750E+7,    1.613379E-3,    -3.896475E-3
1.230375E+7,    1.616478E-3,    -3.978252E-3
1.231000E+7,    1.667023E-3,    -3.972530E-3
1.231625E+7,    1.660824E-3,    -4.059315E-3
1.232250E+7,    1.696587E-3,    -4.076004E-3
1.232875E+7,    1.701832E-3,    -4.155159E-3
1.233500E+7,    1.675129E-3,    -4.187584E-3
1.234125E+7,    1.743793E-3,    -4.224300E-3
1.234750E+7,    1.731873E-3,    -4.261017E-3
1.235375E+7,    1.767635E-3,    -4.353046E-3
1.236000E+7,    1.754761E-3,    -4.394531E-3
1.236625E+7,    1.726151E-3,    -4.430771E-3
1.237250E+7,    1.741409E-3,    -4.483223E-3
1.237875E+7,    1.826763E-3,    -4.570961E-3
1.238500E+7,    1.781464E-3,    -4.589081E-3
1.239125E+7,    1.842022E-3,    -4.678726E-3
1.239750E+7,    1.825333E-3,    -4.712105E-3
1.240375E+7,    1.854897E-3,    -4.752636E-3
1.241000E+7,    1.879215E-3,    -4.816055E-3
1.241625E+7,    1.893997E-3,    -4.863262E-3
1.242250E+7,    1.926422E-3,    -4.922867E-3
1.242875E+7,    1.957417E-3,    -5.044937E-3
1.243500E+7,    2.009392E-3,    -5.112648E-3
1.244125E+7,    2.035141E-3,    -5.164623E-3
1.244750E+7,    2.039433E-3,    -5.184174E-3
1.245375E+7,    2.058506E-3,    -5.303383E-3
1.246000E+7,    2.072811E-3,    -5.323887E-3
1.246625E+7,    2.119541E-3,    -5.401134E-3
1.247250E+7,    2.137661E-3,    -5.414963E-3
1.247875E+7,    2.144337E-3,    -5.558968E-3
1.248500E+7,    2.202034E-3,    -5.614758E-3
1.249125E+7,    2.146244E-3,    -5.669594E-3
1.249750E+7,    2.294064E-3,    -5.733490E-3
1.250375E+7,    2.232075E-3,    -5.920887E-3
1.251000E+7,    2.311707E-3,    -5.917549E-3
1.251625E+7,    2.306938E-3,    -6.010056E-3
1.252250E+7,    2.337456E-3,    -6.071091E-3
1.252875E+7,    2.340794E-3,    -6.186008E-3
1.253500E+7,    2.426147E-3,    -6.274223E-3
1.254125E+7,    2.463341E-3,    -6.356716E-3
1.254750E+7,    2.468109E-3,    -6.462097E-3
1.255375E+7,    2.484798E-3,    -6.568432E-3
1.256000E+7,    2.506733E-3,    -6.618500E-3
1.256625E+7,    2.532959E-3,    -6.718636E-3
1.257250E+7,    2.577305E-3,    -6.844997E-3
1.257875E+7,    2.578735E-3,    -6.968021E-3
1.258500E+7,    2.616405E-3,    -7.040977E-3
1.259125E+7,    2.678871E-3,    -7.159710E-3
1.259750E+7,    2.730846E-3,    -7.263184E-3
1.260375E+7,    2.754211E-3,    -7.388115E-3
1.261000E+7,    2.722740E-3,    -7.509708E-3
1.261625E+7,    2.794266E-3,    -7.698059E-3
1.262250E+7,    2.868176E-3,    -7.716656E-3
1.262875E+7,    2.655983E-3,    -8.166313E-3
1.263500E+7,    2.892017E-3,    -7.902145E-3
1.264125E+7,    3.009796E-3,    -8.135796E-3
1.264750E+7,    3.033638E-3,    -8.316994E-3
1.265375E+7,    3.036499E-3,    -8.350372E-3
1.266000E+7,    2.970695E-3,    -8.614540E-3
1.266625E+7,    3.048897E-3,    -8.692741E-3
1.267250E+7,    1.154900E-3,    -9.438515E-3
1.267875E+7,    2.066612E-3,    -9.548187E-3
1.268500E+7,    1.180649E-3,    -1.005840E-2
1.269125E+7,    2.366066E-3,    -9.992599E-3
1.269750E+7,    3.319740E-3,    -9.329796E-3
1.270375E+7,    1.049042E-4,    -9.771347E-3
1.271000E+7,    1.222610E-3,    -1.120186E-2
1.271625E+7,    3.515244E-3,    -9.962082E-3
1.272250E+7,    3.599167E-3,    -1.018620E-2
1.272875E+7,    3.676414E-3,    -1.030064E-2
1.273500E+7,    3.553391E-3,    -1.076317E-2
1.274125E+7,    3.702164E-3,    -1.081181E-2
1.274750E+7,    3.658295E-3,    -1.119518E-2
1.275375E+7,    3.863811E-3,    -1.109123E-2
1.276000E+7,    3.237247E-3,    -1.160574E-2
1.276625E+7,    1.839161E-3,    -1.210403E-2
1.277250E+7,    -2.091885E-3,    -8.885384E-3
1.277875E+7,    -3.290653E-3,    -1.116228E-2
1.278500E+7,    -1.477718E-3,    -1.327658E-2
1.279125E+7,    3.337860E-4,    -1.396704E-2
1.279750E+7,    3.181458E-3,    -1.308060E-2
1.280375E+7,    -1.299858E-3,    -1.286125E-2
1.281000E+7,    -4.667282E-3,    -1.110935E-2
1.281625E+7,    -3.699303E-3,    -1.486206E-2
1.282250E+7,    -4.081726E-3,    -1.473522E-2
1.282875E+7,    1.412868E-3,    -1.511526E-2
1.283500E+7,    -6.070137E-3,    -1.292515E-2
1.284125E+7,    4.279137E-3,    -1.638794E-2
1.284750E+7,    4.818916E-3,    -1.611137E-2
1.285375E+7,    3.687859E-3,    -1.716805E-2
1.286000E+7,    3.709793E-3,    -1.720333E-2
1.286625E+7,    3.697395E-3,    -1.810741E-2
1.287250E+7,    4.346848E-3,    -1.810551E-2
1.287875E+7,    5.295753E-3,    -1.776695E-2
1.288500E+7,    4.232407E-3,    -1.810932E-2
1.289125E+7,    3.042221E-3,    -2.003670E-2
1.289750E+7,    3.347397E-4,    -2.031136E-2
1.290375E+7,    3.827095E-3,    -1.991844E-2
1.291000E+7,    2.386093E-3,    -2.077484E-2
1.291625E+7,    1.401901E-3,    -2.224541E-2
1.292250E+7,    -1.057625E-3,    -1.973152E-2
1.292875E+7,    4.777908E-4,    -2.202511E-2
1.293500E+7,    -8.159637E-3,    -1.866531E-2
1.294125E+7,    -5.593300E-3,    -2.075195E-2
1.294750E+7,    -8.129120E-3,    -1.622868E-2
1.295375E+7,    -8.345604E-3,    -1.082039E-2
1.296000E+7,    -7.246971E-3,    -8.257389E-3
1.296625E+7,    -7.180691E-3,    -7.880211E-3
1.297250E+7,    -7.435799E-3,    -8.166313E-3
1.297875E+7,    -7.608414E-3,    -8.299828E-3
1.298500E+7,    -7.761955E-3,    -8.402824E-3
1.299125E+7,    -8.014679E-3,    -8.618355E-3
1.299750E+7,    -8.203506E-3,    -8.773804E-3
1.300375E+7,    -8.489609E-3,    -9.016037E-3
1.301000E+7,    -8.773804E-3,    -9.240150E-3
1.301625E+7,    -9.001732E-3,    -9.392738E-3
1.302250E+7,    -9.318352E-3,    -9.689331E-3
1.302875E+7,    -9.605408E-3,    -9.911537E-3
1.303500E+7,    -9.913445E-3,    -1.017284E-2
1.304125E+7,    -1.024723E-2,    -1.038265E-2
1.304750E+7,    -1.058674E-2,    -1.062584E-2
1.305375E+7,    -1.090050E-2,    -1.088524E-2
1.306000E+7,    -1.126862E-2,    -1.116371E-2
1.306625E+7,    -1.168251E-2,    -1.147652E-2
1.307250E+7,    -1.209545E-2,    -1.179504E-2
1.307875E+7,    -1.257133E-2,    -1.218605E-2
1.308500E+7,    -1.302910E-2,    -1.251888E-2
1.309125E+7,    -1.354027E-2,    -1.288128E-2
1.309750E+7,    -1.399803E-2,    -1.319885E-2
1.310375E+7,    -1.452351E-2,    -1.353264E-2
1.311000E+7,    -1.510048E-2,    -1.393986E-2
1.311625E+7,    -1.572037E-2,    -1.436234E-2
1.312250E+7,    -1.638794E-2,    -1.481247E-2
1.312875E+7,    -1.710892E-2,    -1.527405E-2
1.313500E+7,    -1.780319E-2,    -1.574516E-2
1.314125E+7,    -1.853752E-2,    -1.621628E-2
1.314750E+7,    -1.939201E-2,    -1.674461E-2
1.315375E+7,    -2.054977E-2,    -1.745987E-2
1.316000E+7,    -2.151489E-2,    -1.804733E-2
1.316625E+7,    -2.246475E-2,    -1.870346E-2
1.317250E+7,    -2.334785E-2,    -1.907539E-2
1.317875E+7,    -2.461624E-2,    -1.984787E-2
1.318500E+7,    -2.570152E-2,    -2.048874E-2
1.319125E+7,    -2.725983E-2,    -2.125549E-2
1.319750E+7,    -2.821541E-2,    -2.177238E-2
1.320375E+7,    -2.972412E-2,    -2.246094E-2
1.321000E+7,    -3.153610E-2,    -2.354622E-2
1.321625E+7,    -3.278732E-2,    -2.392960E-2
1.322250E+7,    -3.454781E-2,    -2.476311E-2
1.322875E+7,    -3.674507E-2,    -2.572060E-2
1.323500E+7,    -3.917694E-2,    -2.681351E-2
1.324125E+7,    -4.192734E-2,    -2.805710E-2
1.324750E+7,    -4.537201E-2,    -2.959061E-2
1.325375E+7,    -4.900742E-2,    -3.125381E-2
1.326000E+7,    -5.167389E-2,    -3.206253E-2
1.326625E+7,    -5.535889E-2,    -3.329086E-2
1.327250E+7,    -5.926514E-2,    -3.456497E-2
1.327875E+7,    -6.416702E-2,    -3.596115E-2
1.328500E+7,    -6.824112E-2,    -3.692627E-2
1.329125E+7,    -7.445526E-2,    -3.875732E-2
1.329750E+7,    -7.967758E-2,    -4.003525E-2
1.330375E+7,    -8.557129E-2,    -4.042816E-2
1.331000E+7,    -9.503937E-2,    -4.225922E-2
1.331625E+7,    -1.027374E-1,    -4.345703E-2
1.332250E+7,    -1.141586E-1,    -4.513550E-2
1.332875E+7,    -1.200638E-1,    -4.483795E-2
1.333500E+7,    -1.278305E-1,    -4.293060E-2
1.334125E+7,    -1.375275E-1,    -4.178619E-2
1.334750E+7,    -1.494064E-1,    -3.942871E-2
1.335375E+7,    -1.669388E-1,    -3.733063E-2
1.336000E+7,    -1.819534E-1,    -3.444672E-2
1.336625E+7,    -1.981812E-1,    -2.719116E-2
1.337250E+7,    -2.213745E-1,    -2.047729E-2
1.337875E+7,    -2.414856E-1,    -8.323669E-3
1.338500E+7,    -2.636566E-1,    7.507324E-3
1.339125E+7,    -2.935181E-1,    2.934265E-2
1.339750E+7,    -3.178711E-1,    5.665588E-2
1.340375E+7,    -3.406219E-1,    9.346008E-2
1.341000E+7,    -3.621826E-1,    1.402283E-1
1.341625E+7,    -3.808289E-1,    1.991425E-1
1.342250E+7,    -3.840027E-1,    2.653046E-1
1.342875E+7,    -3.736572E-1,    3.408661E-1
1.343500E+7,    -3.447113E-1,    4.167786E-1
1.344125E+7,    -2.909088E-1,    4.787140E-1
1.344750E+7,    -2.262268E-1,    5.349731E-1
1.345375E+7,    -1.520691E-1,    5.705566E-1
1.346000E+7,    -7.327271E-2,    5.876770E-1
1.346625E+7,    1.770020E-3,    5.946655E-1
1.347250E+7,    7.025146E-2,    5.913086E-1
1.347875E+7,    1.315308E-1,    5.723267E-1
1.348500E+7,    1.853027E-1,    5.445557E-1
1.349125E+7,    2.322388E-1,    5.190430E-1
1.349750E+7,    2.773743E-1,    4.934692E-1
1.350375E+7,    3.213501E-1,    4.706116E-1
1.351000E+7,    3.566589E-1,    4.390564E-1
1.351625E+7,    3.928528E-1,    4.064636E-1
1.352250E+7,    4.284973E-1,    3.733826E-1
1.352875E+7,    4.644775E-1,    3.372803E-1
1.353500E+7,    4.994507E-1,    2.965393E-1
1.354125E+7,    5.318604E-1,    2.500000E-1
1.354750E+7,    5.612793E-1,    1.968689E-1
1.355375E+7,    5.854797E-1,    1.355286E-1
1.356000E+7,    5.990906E-1,    6.756592E-2
1.356625E+7,    6.024170E-1,    -5.126953E-3
1.357250E+7,    5.905151E-1,    -8.074951E-2
1.357875E+7,    5.645752E-1,    -1.531982E-1
1.358500E+7,    5.242920E-1,    -2.167358E-1
1.359125E+7,    4.721069E-1,    -2.693176E-1
1.359750E+7,    4.137573E-1,    -3.078003E-1
1.360375E+7,    3.544006E-1,    -3.318176E-1
1.361000E+7,    2.964478E-1,    -3.426514E-1
1.361625E+7,    2.441101E-1,    -3.432007E-1
1.362250E+7,    1.978455E-1,    -3.372192E-1
1.362875E+7,    1.577454E-1,    -3.257141E-1
1.363500E+7,    1.255493E-1,    -3.116150E-1
1.364125E+7,    9.725952E-2,    -2.963562E-1
1.364750E+7,    7.406616E-2,    -2.794189E-1
1.365375E+7,    5.551147E-2,    -2.631226E-1
1.366000E+7,    4.023743E-2,    -2.480927E-1
1.366625E+7,    2.752686E-2,    -2.336273E-1
1.367250E+7,    1.734924E-2,    -2.203369E-1
1.367875E+7,    8.895874E-3,    -2.075653E-1
1.368500E+7,    2.090454E-3,    -1.956177E-1
1.369125E+7,    -3.768921E-3,    -1.843719E-1
1.369750E+7,    -8.331299E-3,    -1.744537E-1
1.370375E+7,    -1.205444E-2,    -1.652222E-1
1.371000E+7,    -1.542664E-2,    -1.569977E-1
1.371625E+7,    -1.777649E-2,    -1.494904E-1
1.372250E+7,    -2.059937E-2,    -1.426239E-1
1.372875E+7,    -2.223206E-2,    -1.362305E-1
1.373500E+7,    -2.400208E-2,    -1.303864E-1
1.374125E+7,    -2.546692E-2,    -1.249542E-1
1.374750E+7,    -2.659607E-2,    -1.201172E-1
1.375375E+7,    -2.774048E-2,    -1.156311E-1
1.376000E+7,    -2.827454E-2,    -1.115265E-1
1.376625E+7,    -2.923584E-2,    -1.075897E-1
1.377250E+7,    -2.986145E-2,    -1.043091E-1
1.377875E+7,    -3.060913E-2,    -1.012115E-1
1.378500E+7,    -3.114319E-2,    -9.814453E-2
1.379125E+7,    -3.173828E-2,    -9.550476E-2
1.379750E+7,    -3.240204E-2,    -9.294128E-2
1.380375E+7,    -3.295898E-2,    -9.072876E-2
1.381000E+7,    -3.340149E-2,    -8.835602E-2
1.381625E+7,    -3.392029E-2,    -8.728790E-2
1.382250E+7,    -3.469086E-2,    -8.535004E-2
1.382875E+7,    -3.509521E-2,    -8.351898E-2
1.383500E+7,    -3.559113E-2,    -8.236694E-2
1.384125E+7,    -3.654480E-2,    -8.129120E-2
1.384750E+7,    -3.725433E-2,    -8.036041E-2
1.385375E+7,    -3.811646E-2,    -7.954407E-2
1.386000E+7,    -3.900146E-2,    -7.880402E-2
1.386625E+7,    -4.011536E-2,    -7.836151E-2
1.387250E+7,    -4.126740E-2,    -7.775879E-2
1.387875E+7,    -4.236603E-2,    -7.757568E-2
1.388500E+7,    -4.405975E-2,    -7.767487E-2
1.389125E+7,    -4.562378E-2,    -7.791901E-2
1.389750E+7,    -4.760742E-2,    -7.822418E-2
1.390375E+7,    -4.986572E-2,    -7.821655E-2
1.391000E+7,    -5.215454E-2,    -7.888794E-2
1.391625E+7,    -5.529022E-2,    -7.949066E-2
1.392250E+7,    -5.849457E-2,    -8.053589E-2
1.392875E+7,    -6.237030E-2,    -8.178711E-2
1.393500E+7,    -6.697845E-2,    -8.304596E-2
1.394125E+7,    -7.234192E-2,    -8.464813E-2
1.394750E+7,    -7.904816E-2,    -8.588409E-2
1.395375E+7,    -8.715057E-2,    -8.706665E-2
1.396000E+7,    -9.745026E-2,    -8.824921E-2
1.396625E+7,    -1.095123E-1,    -8.835602E-2
1.397250E+7,    -1.247177E-1,    -8.680725E-2
1.397875E+7,    -1.436539E-1,    -8.253479E-2
1.398500E+7,    -1.661301E-1,    -7.215118E-2
1.399125E+7,    -1.917801E-1,    -5.239105E-2
1.399750E+7,    -2.150803E-1,    -1.930237E-2
1.400375E+7,    -2.263107E-1,    2.876282E-2
1.401000E+7,    -2.143555E-1,    8.401489E-2
1.401625E+7,    -1.775360E-1,    1.277008E-1
1.402250E+7,    -1.294861E-1,    1.480713E-1
1.402875E+7,    -8.634949E-2,    1.475983E-1
1.403500E+7,    -5.407715E-2,    1.365204E-1
1.404125E+7,    -3.250122E-2,    1.217041E-1
1.404750E+7,    -1.768494E-2,    1.065903E-1
1.405375E+7,    -8.674622E-3,    9.352875E-2
1.406000E+7,    -2.853394E-3,    8.204651E-2
1.406625E+7,    1.022339E-3,    7.209778E-2
1.407250E+7,    3.517151E-3,    6.417084E-2
1.407875E+7,    5.214691E-3,    5.718231E-2
1.408500E+7,    6.233215E-3,    5.131912E-2
1.409125E+7,    6.820679E-3,    4.626465E-2
1.409750E+7,    7.205963E-3,    4.180145E-2
1.410375E+7,    7.362366E-3,    3.799820E-2
1.411000E+7,    7.335663E-3,    3.469086E-2
1.411625E+7,    7.247925E-3,    3.177261E-2
1.412250E+7,    7.080078E-3,    2.921677E-2
1.412875E+7,    6.969452E-3,    2.690506E-2
1.413500E+7,    6.759644E-3,    2.484131E-2
1.414125E+7,    6.536484E-3,    2.300835E-2
1.414750E+7,    6.341934E-3,    2.142715E-2
1.415375E+7,    6.111145E-3,    1.994991E-2
1.416000E+7,    5.887985E-3,    1.857185E-2
1.416625E+7,    5.679131E-3,    1.735973E-2
1.417250E+7,    5.462646E-3,    1.623535E-2
1.417875E+7,    5.219460E-3,    1.522541E-2
1.418500E+7,    5.023956E-3,    1.429081E-2
1.419125E+7,    4.846573E-3,    1.347637E-2
1.419750E+7,    4.662514E-3,    1.267815E-2
1.420375E+7,    4.484177E-3,    1.196289E-2
1.421000E+7,    4.288673E-3,    1.129770E-2
1.421625E+7,    4.130840E-3,    1.069975E-2
1.422250E+7,    3.962040E-3,    1.008606E-2
1.422875E+7,    3.820896E-3,    9.590149E-3
1.423500E+7,    3.681660E-3,    9.058952E-3
1.424125E+7,    3.527164E-3,    8.616924E-3
1.424750E+7,    3.394127E-3,    8.154392E-3
1.425375E+7,    3.252983E-3,    7.798195E-3
1.426000E+7,    3.149033E-3,    7.379532E-3
1.426625E+7,    3.046989E-3,    7.061958E-3
1.427250E+7,    2.912521E-3,    6.708622E-3
1.427875E+7,    2.829075E-3,    6.390095E-3
1.428500E+7,    2.733707E-3,    6.104469E-3
1.429125E+7,    2.634048E-3,    5.843163E-3
1.429750E+7,    2.524376E-3,    5.575180E-3
1.430375E+7,    2.436399E-3,    5.323172E-3
1.431000E+7,    2.344847E-3,    5.122423E-3
1.431625E+7,    2.263546E-3,    4.914045E-3
1.432250E+7,    2.192497E-3,    4.695892E-3
1.432875E+7,    2.111197E-3,    4.477739E-3
1.433500E+7,    2.051592E-3,    4.308701E-3
1.434125E+7,    1.968145E-3,    4.141331E-3
1.434750E+7,    1.913071E-3,    3.984451E-3
1.435375E+7,    1.840353E-3,    3.802061E-3
1.436000E+7,    1.789808E-3,    3.664970E-3
1.436625E+7,    1.730919E-3,    3.497124E-3
1.437250E+7,    1.690865E-3,    3.386021E-3
1.437875E+7,    1.610994E-3,    3.250360E-3
1.438500E+7,    1.574278E-3,    3.145695E-3
1.439125E+7,    1.530647E-3,    3.018379E-3
1.439750E+7,    1.473904E-3,    2.897501E-3
1.440375E+7,    1.420498E-3,    2.796412E-3
1.441000E+7,    1.385689E-3,    2.682209E-3
1.441625E+7,    1.356125E-3,    2.594233E-3
1.442250E+7,    1.308918E-3,    2.498150E-3
1.442875E+7,    1.250386E-3,    2.411604E-3
1.443500E+7,    1.242876E-3,    2.324104E-3
1.444125E+7,    1.195669E-3,    2.268791E-3
1.444750E+7,    1.180410E-3,    2.178431E-3
1.445375E+7,    1.116395E-3,    2.099395E-3
1.446000E+7,    1.067519E-3,    2.028346E-3
1.446625E+7,    1.049995E-3,    1.941204E-3
1.447250E+7,    1.021385E-3,    1.888871E-3
1.447875E+7,    9.841919E-4,    1.830101E-3
1.448500E+7,    9.564161E-4,    1.748085E-3
1.449125E+7,    9.355545E-4,    1.714826E-3
1.449750E+7,    9.289980E-4,    1.655936E-3
1.450375E+7,    8.925200E-4,    1.590014E-3
1.451000E+7,    8.859634E-4,    1.531243E-3
1.451625E+7,    8.283854E-4,    1.507998E-3
1.452250E+7,    8.066893E-4,    1.454592E-3
1.452875E+7,    7.936954E-4,    1.404047E-3
1.453500E+7,    7.650852E-4,    1.349807E-3
1.454125E+7,    7.414818E-4,    1.320362E-3
1.454750E+7,    7.470846E-4,    1.287222E-3
1.455375E+7,    6.983280E-4,    1.249969E-3
1.456000E+7,    6.879568E-4,    1.213431E-3
1.456625E+7,    6.652474E-4,    1.175523E-3
1.457250E+7,    6.389618E-4,    1.131356E-3
1.457875E+7,    6.226897E-4,    1.111150E-3
1.458500E+7,    6.232858E-4,    1.049399E-3
1.459125E+7,    5.934834E-4,    1.013815E-3
1.459750E+7,    5.819798E-4,    9.853244E-4
1.460375E+7,    5.536675E-4,    9.580851E-4
1.461000E+7,    5.714893E-4,    9.335876E-4
1.461625E+7,    5.202293E-4,    9.149909E-4
1.462250E+7,    5.434155E-4,    8.824468E-4
1.462875E+7,    5.188584E-4,    8.594394E-4
1.463500E+7,    5.344152E-4,    8.310676E-4
1.464125E+7,    5.127192E-4,    8.147955E-4
1.464750E+7,    4.795790E-4,    7.871985E-4
1.465375E+7,    4.653335E-4,    7.691383E-4
1.466000E+7,    4.428625E-4,    7.538199E-4
1.466625E+7,    4.558563E-4,    7.186532E-4
1.467250E+7,    4.205108E-4,    6.913543E-4
1.467875E+7,    4.193187E-4,    6.836057E-4
1.468500E+7,    4.267097E-4,    6.648898E-4
1.469125E+7,    3.899336E-4,    6.717443E-4
1.469750E+7,    3.809929E-4,    6.361008E-4
1.470375E+7,    3.899932E-4,    6.253719E-4
1.471000E+7,    3.853142E-4,    6.109178E-4
1.471625E+7,    3.530383E-4,    5.919933E-4
1.472250E+7,    3.600419E-4,    5.660057E-4
1.472875E+7,    3.447235E-4,    5.401373E-4
1.473500E+7,    3.325045E-4,    5.450547E-4
1.474125E+7,    3.214478E-4,    5.340576E-4
1.474750E+7,    3.311932E-4,    5.053878E-4
1.475375E+7,    3.201067E-4,    4.944205E-4
1.476000E+7,    3.056228E-4,    4.680753E-4
1.476625E+7,    3.008842E-4,    4.864931E-4
1.477250E+7,    3.006160E-4,    4.470646E-4
1.477875E+7,    2.703369E-4,    4.358292E-4
1.478500E+7,    2.968311E-4,    4.474819E-4
1.479125E+7,    2.715886E-4,    4.507899E-4
1.479750E+7,    2.671778E-4,    4.128218E-4
1.480375E+7,    2.787709E-4,    4.226267E-4
1.481000E+7,    2.520978E-4,    4.114807E-4
1.481625E+7,    2.647042E-4,    4.059374E-4
1.482250E+7,    2.441704E-4,    3.672242E-4
1.482875E+7,    2.452731E-4,    3.746450E-4
1.483500E+7,    2.442300E-4,    3.511310E-4
1.484125E+7,    2.245605E-4,    3.445446E-4
1.484750E+7,    2.160966E-4,    3.321767E-4
1.485375E+7,    2.245009E-4,    3.439784E-4
1.486000E+7,    2.287626E-4,    3.172457E-4
1.486625E+7,    2.235472E-4,    2.958477E-4
1.487250E+7,    2.186000E-4,    3.227890E-4
1.487875E+7,    1.921207E-4,    2.949387E-4
1.488500E+7,    2.122819E-4,    2.927184E-4
1.489125E+7,    1.841784E-4,    2.826452E-4
1.489750E+7,    1.849383E-4,    2.820492E-4
1.490375E+7,    1.920909E-4,    2.782643E-4
1.491000E+7,    1.804680E-4,    2.842844E-4
1.491625E+7,    1.854599E-4,    2.986938E-4
1.492250E+7,    1.669675E-4,    2.172589E-4
1.492875E+7,    1.689047E-4,    2.494603E-4
1.493500E+7,    1.717061E-4,    2.147257E-4
1.494125E+7,    1.708269E-4,    2.565980E-4
1.494750E+7,    1.641065E-4,    2.355576E-4
1.495375E+7,    1.518577E-4,    2.340674E-4
1.496000E+7,    1.399517E-4,    2.323687E-4
1.496625E+7,    1.486391E-4,    1.936257E-4
1.497250E+7,    1.564622E-4,    2.145469E-4
1.497875E+7,    1.437366E-4,    2.133399E-4
1.498500E+7,    1.304001E-4,    1.958460E-4
1.499125E+7,    1.112521E-4,    1.896918E-4
1.499750E+7,    1.516640E-4,    1.922399E-4
1.500375E+7,    1.251847E-4,    1.902133E-4
1.501000E+7,    1.181215E-4,    1.690537E-4
1.501625E+7,    1.263171E-4,    1.814812E-4
1.502250E+7,    1.028925E-4,    1.698881E-4
1.502875E+7,    1.126528E-4,    1.642406E-4
1.503500E+7,    1.306534E-4,    1.707375E-4
1.504125E+7,    1.175851E-4,    1.704544E-4
1.504750E+7,    1.178980E-4,    1.616329E-4
1.505375E+7,    1.157969E-4,    1.631379E-4
1.506000E+7,    8.118153E-5,    1.498014E-4
1.506625E+7,    1.293272E-4,    1.627058E-4
1.507250E+7,    1.173019E-4,    1.358241E-4
1.507875E+7,    1.141429E-4,    1.635998E-4
1.508500E+7,    1.086369E-4,    1.404062E-4
1.509125E+7,    1.059324E-4,    1.423061E-4
1.509750E+7,    1.247227E-4,    1.297891E-4
1.510375E+7,    1.119971E-4,    1.293793E-4
1.511000E+7,    1.022145E-4,    1.269057E-4
1.511625E+7,    1.004264E-4,    1.369119E-4
1.512250E+7,    1.055822E-4,    1.243129E-4
1.512875E+7,    8.748472E-5,    1.097322E-4
1.513500E+7,    9.593368E-5,    9.500235E-5
1.514125E+7,    9.052455E-5,    1.255870E-4
1.514750E+7,    8.866191E-5,    1.087561E-4
1.515375E+7,    7.402152E-5,    1.191646E-4
1.516000E+7,    6.157160E-5,    1.009330E-4
1.516625E+7,    7.404387E-5,    9.220093E-5
1.517250E+7,    7.800013E-5,    1.166388E-4
1.517875E+7,    8.803606E-5,    9.119511E-5
1.518500E+7,    9.692460E-5,    1.032650E-4
1.519125E+7,    6.751716E-5,    1.060963E-4
1.519750E+7,    7.419288E-5,    8.323789E-5
1.520375E+7,    7.459521E-5,    1.013502E-4
1.521000E+7,    7.212162E-5,    8.497387E-5
1.521625E+7,    4.852563E-5,    8.421391E-5
1.522250E+7,    8.818507E-5,    9.278953E-5
1.522875E+7,    5.995482E-5,    8.577853E-5
1.523500E+7,    7.515401E-5,    9.297580E-5
1.524125E+7,    4.239753E-5,    8.037314E-5
1.524750E+7,    4.880130E-5,    7.576495E-5
1.525375E+7,    6.286055E-5,    9.356439E-5
1.526000E+7,    4.637241E-5,    7.800013E-5
1.526625E+7,    5.296618E-5,    7.379800E-5
1.527250E+7,    5.826354E-5,    9.884685E-5
1.527875E+7,    7.405877E-5,    8.708239E-5
1.528500E+7,    5.856901E-5,    6.099418E-5
1.529125E+7,    4.868954E-5,    7.895380E-5
1.529750E+7,    5.313009E-5,    6.563962E-5
1.530375E+7,    6.090850E-5,    6.896257E-5
1.531000E+7,    6.756186E-5,    6.423891E-5
1.531625E+7,    5.039945E-5,    6.755069E-5
1.532250E+7,    4.573539E-5,    6.115437E-5
1.532875E+7,    3.313273E-5,    5.156919E-5
1.533500E+7,    3.590807E-5,    6.098300E-5
1.534125E+7,    6.042421E-5,    7.159263E-5
1.534750E+7,    3.400072E-5,    6.410480E-5
1.535375E+7,    6.302446E-5,    7.914007E-5
1.536000E+7,    2.965331E-5,    7.305294E-5
1.536625E+7,    4.287437E-5,    6.202608E-5
1.537250E+7,    3.649667E-5,    6.714463E-5
1.537875E+7,    5.225465E-5,    6.553531E-5
1.538500E+7,    4.231185E-5,    5.377829E-5
1.539125E+7,    7.196516E-5,    4.969537E-5
1.539750E+7,    3.399327E-5,    3.821403E-5
1.540375E+7,    2.598390E-5,    4.063547E-5
1.541000E+7,    2.395175E-5,    2.059527E-5
1.541625E+7,    3.316440E-5,    2.425350E-5
1.542250E+7,    3.749505E-5,    3.431365E-5
1.542875E+7,    2.265722E-5,    6.679446E-5
1.543500E+7,    5.102903E-5,    4.911423E-5
1.544125E+7,    3.992766E-5,    6.767735E-5
1.544750E+7,    4.440919E-5,    4.067644E-5
1.545375E+7,    7.765740E-5,    7.002056E-5
1.546000E+7,    3.942475E-5,    6.042421E-5
1.546625E+7,    3.199652E-5,    3.911927E-5
1.547250E+7,    2.012029E-5,    3.928132E-5
1.547875E+7,    4.925579E-5,    5.726144E-5
1.548500E+7,    1.966581E-5,    4.937127E-5
1.549125E+7,    3.539398E-5,    3.634021E-5
1.549750E+7,    4.383549E-5,    4.361570E-5
1.550375E+7,    2.438203E-5,    5.190074E-5
1.551000E+7,    5.066767E-5,    3.826991E-5
1.551625E+7,    3.404170E-5,    5.235523E-5
1.552250E+7,    2.959743E-6,    3.218465E-5
1.552875E+7,    1.839921E-5,    4.155561E-5
1.553500E+7,    8.912757E-6,    2.556667E-5
1.554125E+7,    3.939494E-5,    3.657490E-5
1.554750E+7,    1.198985E-5,    1.983158E-5
1.555375E+7,    3.860891E-5,    5.269796E-5
1.556000E+7,    2.528355E-5,    3.507361E-6
1.556625E+7,    1.155399E-5,    3.146939E-5
1.557250E+7,    1.746044E-5,    2.363697E-5
1.557875E+7,    2.354942E-5,    2.803653E-5
1.558500E+7,    2.391078E-5,    2.224185E-5
1.559125E+7,    2.466328E-5,    3.353506E-5
1.559750E+7,    3.536604E-5,    2.139993E-5
1.560375E+7,    1.837872E-5,    2.757274E-5
1.561000E+7,    1.920387E-5,    3.920309E-5
1.561625E+7,    1.018494E-5,    2.556294E-5
1.562250E+7,    3.551133E-5,    2.079643E-5
1.562875E+7,    4.761294E-5,    2.032518E-5
1.563500E+7,    3.577769E-5,    3.160536E-5
1.564125E+7,    2.736226E-5,    3.969297E-5
1.564750E+7,    2.325885E-5,    2.016686E-5
1.565375E+7,    3.765896E-5,    2.742559E-5
1.566000E+7,    3.231689E-5,    3.289804E-5
1.566625E+7,    2.603978E-6,    3.265589E-5
1.567250E+7,    -6.573275E-6,    1.966488E-5
1.567875E+7,    2.935529E-5,    2.463162E-5
1.568500E+7,    2.689846E-5,    2.750196E-5
1.569125E+7,    1.517870E-5,    1.763552E-5
1.569750E+7,    6.099299E-11,    6.401137E-10
1.570375E+7,    3.196299E-6,    3.221072E-5
1.571000E+7,    3.202632E-5,    -3.233552E-6
1.571625E+7,    4.640780E-6,    1.839269E-5
1.572250E+7,    2.142135E-5,    -2.285466E-6
1.572875E+7,    1.175143E-5,    3.391877E-5
1.573500E+7,    4.780479E-6,    1.835730E-5
1.574125E+7,    1.781806E-5,    1.405738E-5
1.574750E+7,    1.789071E-5,    1.405366E-5
1.575375E+7,    -2.333429E-6,    2.985122E-6
1.576000E+7,    8.702278E-6,    2.586469E-5
1.576625E+7,    2.774037E-5,    2.618507E-5
1.577250E+7,    -1.434796E-5,    -6.189570E-6
1.577875E+7,    2.184510E-5,    2.138875E-5
1.578500E+7,    6.043818E-6,    4.590023E-6
1.579125E+7,    2.583861E-5,    2.879091E-5
1.579750E+7,    9.873882E-6,    1.208857E-5
1.580375E+7,    9.893440E-6,    1.205225E-5
1.581000E+7,    -3.861263E-6,    -7.513911E-6
1.581625E+7,    1.218636E-5,    8.870848E-6
1.582250E+7,    1.496542E-5,    -7.773750E-6
1.582875E+7,    -6.597489E-6,    9.167939E-6
1.583500E+7,    8.321367E-6,    1.329463E-6
1.584125E+7,    -4.373956E-6,    6.142305E-6
1.584750E+7,    -9.760261E-6,    -2.537854E-5
1.585375E+7,    2.865680E-5,    2.465397E-5
1.586000E+7,    2.497807E-5,    3.575347E-6
1.586625E+7,    1.835264E-5,    2.640113E-5
1.587250E+7,    4.067551E-6,    7.352326E-6
1.587875E+7,    1.442432E-5,    1.890771E-5
1.588500E+7,    -2.113055E-6,    3.107474E-6
1.589125E+7,    -2.235174E-6,    3.019441E-5
1.589750E+7,    8.360017E-6,    -1.245691E-5
1.590375E+7,    1.044106E-5,    1.141056E-5
1.591000E+7,    1.273008E-10,    6.186553E-10
1.591625E+7,    2.508052E-5,    1.644902E-5
1.592250E+7,    1.239590E-5,    -5.375594E-6
1.592875E+7,    2.542511E-5,    2.971478E-5
1.593500E+7,    4.818663E-6,    3.421865E-5
1.594125E+7,    -1.368505E-10,    -6.147900E-10
1.594750E+7,    -6.332994E-6,    -3.991183E-6
1.595375E+7,    1.506880E-5,    1.824461E-5
1.596000E+7,    -8.328818E-6,    -7.636845E-7
1.596625E+7,    2.421439E-6,    1.030602E-5
1.597250E+7,    1.551583E-6,    4.046410E-5
1.597875E+7,    1.278054E-5,    7.810071E-6
1.598500E+7,    1.088623E-5,    1.093559E-5
1.599125E+7,    1.927954E-6,    -3.208756E-6
1.599750E+7,    1.556941E-10,    6.103846E-10
1.600375E+7,    -3.648922E-5,    -2.853572E-5
1.601000E+7,    -9.155832E-6,    2.124999E-5
1.601625E+7,    1.179762E-4,    -2.545491E-5
1.602250E+7,    2.544373E-6,    4.261546E-5
1.602875E+7,    8.268747E-6,    2.410263E-6
1.603500E+7,    -5.587749E-5,    3.756396E-5
1.604125E+7,    -5.171262E-5,    2.883375E-6
1.604750E+7,    3.487244E-5,    3.408268E-5
1.605375E+7,    1.424598E-5,    -7.814262E-6
1.606000E+7,    5.666167E-6,    1.032762E-4
1.606625E+7,    5.587935E-5,    -1.093335E-4
1.607250E+7,    1.934916E-5,    1.073405E-4
1.607875E+7,    -5.675852E-5,    -1.062080E-5
1.608500E+7,    1.031905E-6,    7.816777E-5
1.609125E+7,    3.502890E-5,    6.417930E-5
1.609750E+7,    1.691654E-5,    -1.088157E-4
1.610375E+7,    3.106147E-5,    -1.465827E-4
1.611000E+7,    5.809218E-5,    4.695728E-5
1.611625E+7,    2.072379E-5,    7.198006E-5
1.612250E+7,    1.183487E-4,    -9.692833E-5
1.612875E+7,    3.565103E-5,    -1.944602E-5
1.613500E+7,    9.970739E-5,    1.748651E-5
1.614125E+7,    3.131479E-5,    -1.165122E-4
1.614750E+7,    -2.054498E-5,    -4.199892E-5
1.615375E+7,    -2.477877E-5,    -7.297844E-6
1.616000E+7,    2.089795E-5,    1.657754E-7
1.616625E+7,    -3.207847E-5,    -3.347173E-5
1.617250E+7,    -4.336797E-5,    3.510714E-5
1.617875E+7,    5.560741E-5,    4.466623E-6
1.618500E+7,    -8.780509E-6,    9.377021E-6
1.619125E+7,    -1.393631E-5,    -6.406754E-5
1.619750E+7,    -7.613376E-5,    -4.660711E-5
1.620375E+7,    -1.062006E-4,    3.435835E-5
1.621000E+7,    5.707145E-5,    1.308694E-4
1.621625E+7,    -6.095320E-5,    5.385838E-5
1.622250E+7,    -2.130866E-5,    7.161498E-5
1.622875E+7,    -3.298372E-5,    2.017058E-5
1.623500E+7,    6.614998E-5,    4.965439E-5
1.624125E+7,    8.570030E-5,    -7.634982E-5
1.624750E+7,    8.802488E-5,    -6.370619E-5
1.625375E+7,    -3.752112E-5,    -6.520003E-5
1.626000E+7,    -7.326901E-5,    -4.582480E-5
1.626625E+7,    -2.035499E-5,    1.793448E-5
1.627250E+7,    -1.747161E-6,    -5.446374E-5
1.627875E+7,    -6.008893E-6,    4.017167E-5
1.628500E+7,    3.852509E-5,    -1.845695E-5
1.629125E+7,    -2.531335E-5,    3.444403E-5
1.629750E+7,    -8.873641E-6,    -8.061156E-5
1.630375E+7,    -1.375005E-5,    1.159683E-4
1.631000E+7,    -2.027303E-5,    1.079589E-4
1.631625E+7,    -3.466383E-5,    -3.440306E-5
1.632250E+7,    -5.667098E-5,    1.900271E-5
1.632875E+7,    -1.430698E-5,    3.772415E-5
1.633500E+7,    8.743256E-6,    8.063391E-5
1.634125E+7,    1.663268E-4,    -6.424636E-5
1.634750E+7,    1.034364E-4,    5.500764E-5
1.635375E+7,    5.557761E-5,    3.468618E-5
1.636000E+7,    1.101717E-4,    -2.700090E-5
1.636625E+7,    1.929142E-5,    -5.424581E-5
1.637250E+7,    -3.142841E-5,    4.455820E-5
1.637875E+7,    -8.437783E-5,    1.005977E-4
1.638500E+7,    -1.762286E-4,    1.869351E-4
1.639125E+7,    6.674230E-5,    -1.120456E-4
1.639750E+7,    7.759035E-5,    7.149577E-5
1.640375E+7,    -7.459521E-5,    -2.508759E-4
1.641000E+7,    6.642938E-5,    1.582429E-4
1.641625E+7,    -2.862699E-5,    -1.463853E-5
1.642250E+7,    -8.405000E-5,    -1.095757E-4
1.642875E+7,    6.227195E-5,    -1.725554E-5
1.643500E+7,    -1.689419E-5,    -8.316711E-5
1.644125E+7,    -1.416951E-4,    1.134723E-5
1.644750E+7,    6.146356E-5,    -8.363649E-5
1.645375E+7,    -1.030564E-4,    2.297387E-5
1.646000E+7,    4.319474E-5,    -8.307770E-5
1.646625E+7,    -3.139488E-5,    -1.549162E-5
1.647250E+7,    -5.299039E-5,    2.600253E-5
1.647875E+7,    -1.393445E-5,    5.592592E-5
1.648500E+7,    3.118068E-5,    7.561222E-5
1.649125E+7,    5.956553E-5,    -1.801364E-5
1.649750E+7,    -1.701340E-5,    -2.321228E-5
1.650375E+7,    2.825260E-5,    -3.356300E-5
1.651000E+7,    2.054498E-6,    4.276447E-5
1.651625E+7,    -7.672608E-5,    -5.297363E-6
1.652250E+7,    9.199604E-6,    3.889762E-5
1.652875E+7,    1.881644E-5,    -1.232699E-5
1.653500E+7,    1.085401E-4,    3.901124E-5
1.654125E+7,    -3.057346E-5,    5.090050E-5
1.654750E+7,    4.845858E-5,    -9.966642E-5
1.655375E+7,    -1.162570E-5,    8.505303E-6
1.656000E+7,    1.759827E-5,    1.139380E-5
1.656625E+7,    7.241964E-5,    -2.006069E-5
1.657250E+7,    5.397573E-5,    -9.805337E-5
1.657875E+7,    1.054630E-4,    -9.965152E-6
1.658500E+7,    -1.255237E-5,    -2.796389E-5
1.659125E+7,    4.109368E-5,    -3.568083E-5
1.659750E+7,    4.976802E-5,    -1.492351E-5
1.660375E+7,    -5.723163E-5,    -2.961978E-5
1.661000E+7,    -4.344434E-5,    -2.537668E-5
1.661625E+7,    3.494322E-6,    6.740168E-5
1.662250E+7,    4.891306E-5,    -5.130284E-5
1.662875E+7,    -4.472770E-5,    -1.652166E-6
1.663500E+7,    -1.330152E-4,    -2.873689E-5
1.664125E+7,    7.108226E-5,    3.388524E-5
1.664750E+7,    -4.792213E-5,    5.770102E-5
1.665375E+7,    5.769357E-5,    -3.056973E-5
1.666000E+7,    1.756102E-5,    -6.702170E-5
1.666625E+7,    -2.820045E-6,    -7.933751E-5
1.667250E+7,    -2.330169E-5,    -6.155297E-5
1.667875E+7,    -6.891042E-5,    -9.965897E-5
1.668500E+7,    4.098192E-5,    -8.398294E-5
1.669125E+7,    3.898889E-5,    3.010780E-5
1.669750E+7,    -1.719501E-5,    6.776303E-6
1.670375E+7,    4.582666E-5,    8.085743E-6
1.671000E+7,    -6.241351E-5,    6.528944E-5
1.671625E+7,    5.991012E-5,    -9.639561E-5
1.672250E+7,    1.257509E-4,    1.113713E-4
1.672875E+7,    5.837157E-5,    3.622845E-5
1.673500E+7,    -6.092340E-5,    1.383275E-4
1.674125E+7,    1.474842E-4,    -5.705655E-5
1.674750E+7,    1.406856E-5,    -2.589542E-5
1.675375E+7,    4.734844E-5,    3.274530E-5
1.676000E+7,    -2.257526E-5,    5.345605E-5
1.676625E+7,    -6.018579E-5,    -7.913262E-5
1.677250E+7,    3.484450E-5,    4.718080E-6
1.677875E+7,    1.012534E-5,    4.545413E-5
1.678500E+7,    1.058728E-4,    -9.492040E-6
1.679125E+7,    -5.133450E-6,    1.655426E-5
1.679750E+7,    -1.341943E-5,    1.398986E-5
1.680375E+7,    -3.513694E-5,    2.541207E-5
1.681000E+7,    -5.257875E-5,    -1.130626E-4
1.681625E+7,    -1.067109E-5,    1.484295E-5
1.682250E+7,    -2.969988E-5,    -2.134591E-5
1.682875E+7,    -2.383813E-5,    -9.842589E-5
1.683500E+7,    -3.177673E-6,    -6.753579E-5
1.684125E+7,    -3.521517E-5,    -7.151440E-5
1.684750E+7,    -1.209229E-5,    -9.810552E-6
1.685375E+7,    -2.491176E-4,    7.987022E-5
1.686000E+7,    4.001707E-5,    -6.021373E-5
1.686625E+7,    -2.965331E-5,    7.553771E-5
1.687250E+7,    2.035871E-5,    -3.608875E-5
1.687875E+7,    -1.824647E-5,    9.733438E-5
1.688500E+7,    6.388873E-7,    -6.037205E-5
1.689125E+7,    -6.829202E-5,    1.498684E-5
1.689750E+7,    -3.351085E-5,    1.982972E-5
1.690375E+7,    -1.899153E-5,    1.092777E-4
1.691000E+7,    -7.221475E-5,    7.722527E-6
1.691625E+7,    -2.415106E-5,    -1.968257E-5
1.692250E+7,    3.378093E-5,    4.694983E-5
1.692875E+7,    -3.973767E-5,    -1.849048E-5
1.693500E+7,    1.137331E-5,    2.177246E-5
1.694125E+7,    3.312901E-5,    5.886704E-5
1.694750E+7,    -2.807751E-5,    7.013232E-5
1.695375E+7,    4.108995E-6,    2.558064E-5
1.696000E+7,    -1.014993E-4,    -4.409254E-5
1.696625E+7,    -1.103953E-4,    -3.472716E-5
1.697250E+7,    -1.433641E-4,    -2.695620E-5
1.697875E+7,    -1.576170E-4,    -1.035631E-6
1.698500E+7,    1.093410E-4,    -3.844127E-5
1.699125E+7,    7.011741E-5,    2.816319E-5
1.699750E+7,    7.969514E-5,    -5.993992E-5
1.700375E+7,    1.817197E-5,    -6.717071E-5
1.701000E+7,    9.053946E-5,    4.063547E-5
1.701625E+7,    9.971857E-5,    -1.725182E-5
1.702250E+7,    -2.411380E-5,    9.578839E-5
1.702875E+7,    -9.135157E-5,    1.981109E-5
1.703500E+7,    -2.953783E-5,    4.542060E-5
1.704125E+7,    2.144650E-5,    -9.658560E-5
1.704750E+7,    2.512485E-4,    -5.811453E-6
1.705375E+7,    1.756325E-4,    -3.576279E-5
1.706000E+7,    -3.520772E-5,    -2.331659E-5
1.706625E+7,    -4.021078E-5,    1.271740E-4
1.707250E+7,    -3.393367E-5,    1.428649E-6
1.707875E+7,    -1.055226E-4,    -3.032386E-6
1.708500E+7,    -5.919486E-6,    9.552389E-5
1.709125E+7,    5.221367E-5,    -6.865337E-5
1.709750E+7,    4.676171E-5,    -3.430992E-6
1.710375E+7,    -3.556162E-5,    -1.086965E-4
1.711000E+7,    -3.949180E-5,    6.663427E-5
1.711625E+7,    -4.024059E-5,    1.158752E-5
1.712250E+7,    -5.314127E-6,    -5.041994E-5
1.712875E+7,    -1.313537E-4,    9.089708E-7
1.713500E+7,    -6.988272E-5,    -1.002848E-5
1.714125E+7,    -2.335012E-5,    3.519841E-5
1.714750E+7,    -1.065880E-4,    1.244619E-4
1.715375E+7,    -2.337992E-5,    -3.182888E-5
1.716000E+7,    1.953915E-5,    -1.096949E-4
1.716625E+7,    1.937337E-5,    6.172806E-6
1.717250E+7,    7.115677E-5,    -3.219023E-5
1.717875E+7,    2.819598E-4,    -2.150387E-4
1.718500E+7,    6.489083E-5,    4.510581E-5
1.719125E+7,    -1.048669E-4,    -1.524016E-5
1.719750E+7,    6.091595E-5,    1.953170E-5
1.720375E+7,    3.522821E-5,    2.347305E-5
1.721000E+7,    9.616837E-5,    -2.424791E-5
1.721625E+7,    -5.261227E-5,    -1.683086E-5
1.722250E+7,    -2.659485E-5,    8.306280E-5
1.722875E+7,    2.591684E-5,    1.440942E-5
1.723500E+7,    -1.357496E-4,    2.369285E-5
1.724125E+7,    3.000535E-5,    -2.703257E-5
1.724750E+7,    2.157688E-5,    3.744848E-5
1.725375E+7,    1.520291E-5,    -3.787689E-5
1.726000E+7,    -1.028925E-5,    -1.552328E-5
1.726625E+7,    -2.706982E-5,    4.626624E-5
1.727250E+7,    7.242709E-5,    5.984306E-5
1.727875E+7,    -1.045316E-5,    5.162507E-5
1.728500E+7,    -7.671118E-5,    4.867092E-5
1.729125E+7,    -8.883886E-6,    2.769474E-5
1.729750E+7,    1.779757E-5,    3.015809E-5
1.730375E+7,    -1.353845E-4,    -9.246916E-5
1.731000E+7,    -1.446530E-5,    -5.964190E-5
1.731625E+7,    -2.222508E-5,    7.846579E-5
1.732250E+7,    -5.619228E-5,    1.652986E-4
1.732875E+7,    2.473220E-5,    -1.038797E-5
1.733500E+7,    2.751034E-5,    -9.482726E-6
1.734125E+7,    1.098961E-4,    2.926588E-5
1.734750E+7,    -3.761798E-5,    9.796768E-5
1.735375E+7,    -2.136081E-5,    -1.912564E-5
1.736000E+7,    -6.078184E-5,    -1.053810E-4
1.736625E+7,    -4.351884E-5,    -2.622977E-5
1.737250E+7,    -4.761294E-5,    -7.041171E-5
1.737875E+7,    -1.277402E-5,    -8.367375E-5
1.738500E+7,    6.040186E-5,    -1.396686E-4
1.739125E+7,    -1.918077E-4,    -3.255904E-4
1.739750E+7,    1.343191E-4,    2.946258E-4
1.740375E+7,    8.882582E-5,    -5.696341E-5
1.741000E+7,    -4.405528E-5,    2.251379E-5
1.741625E+7,    9.717792E-5,    4.985929E-5
1.742250E+7,    -4.356354E-5,    -1.305044E-4
1.742875E+7,    4.883856E-6,    3.222004E-5
1.743500E+7,    6.490201E-5,    -5.862117E-5
1.744125E+7,    3.523007E-5,    -9.889528E-5
1.744750E+7,    9.191036E-5,    -3.764406E-5
1.745375E+7,    -7.764250E-5,    -2.520531E-5
1.746000E+7,    -6.753206E-5,    -2.805516E-5
1.746625E+7,    -5.160458E-5,    7.780269E-6
1.747250E+7,    -8.643046E-5,    3.939494E-5
1.747875E+7,    8.313917E-6,    2.704561E-6
1.748500E+7,    -1.973286E-5,    -4.317984E-5
1.749125E+7,    5.026162E-5,    -6.953254E-5
1.749750E+7,    8.324161E-6,    2.712943E-6
1.750375E+7,    -5.996041E-5,    5.094334E-6
1.751000E+7,    -3.365800E-5,    -6.625056E-5
1.751625E+7,    1.048706E-4,    -5.793944E-5
1.752250E+7,    1.432747E-5,    -6.284937E-5
1.752875E+7,    1.568627E-5,    -1.022592E-6
1.753500E+7,    3.308803E-5,    -2.607144E-5
1.754125E+7,    -6.858259E-5,    -5.317107E-5
1.754750E+7,    -4.433841E-5,    3.984198E-6
1.755375E+7,    -1.327768E-4,    3.033876E-5
1.756000E+7,    -8.220784E-6,    1.573283E-5
1.756625E+7,    1.259893E-4,    -5.709380E-5
1.757250E+7,    6.610528E-6,    2.673082E-5
1.757875E+7,    -4.591048E-5,    4.637055E-5
1.758500E+7,    -3.352761E-6,    6.652996E-5
1.759125E+7,    1.269951E-5,    -3.885664E-5
1.759750E+7,    4.871190E-5,    -4.546531E-5
1.760375E+7,    -2.038293E-5,    -1.281500E-5
1.761000E+7,    5.718321E-6,    3.876537E-5
1.761625E+7,    5.690008E-5,    -7.968768E-5
1.762250E+7,    2.836250E-5,    -5.827844E-5
1.762875E+7,    -1.036152E-4,    -4.017353E-5
1.763500E+7,    -1.621246E-5,    -1.283884E-4
1.764125E+7,    3.756955E-5,    -6.766617E-5
1.764750E+7,    -3.616884E-5,    -3.034621E-5
1.765375E+7,    4.529953E-5,    2.574176E-6
1.766000E+7,    -4.697032E-5,    3.990531E-5
1.766625E+7,    1.047179E-5,    7.113069E-5
1.767250E+7,    1.211464E-5,    2.861395E-5
1.767875E+7,    9.513646E-5,    -7.343292E-5
1.768500E+7,    -3.635511E-5,    -8.593127E-5
1.769125E+7,    -9.430572E-5,    5.882233E-6
1.769750E+7,    3.327802E-5,    -7.510185E-6
1.770375E+7,    -3.972836E-5,    1.769140E-5
1.771000E+7,    6.690621E-6,    8.224323E-5
1.771625E+7,    -5.834550E-5,    -3.769249E-5
1.772250E+7,    -1.027584E-4,    -3.394485E-5
1.772875E+7,    5.822070E-5,    -1.775473E-5
1.773500E+7,    9.457581E-7,    6.472226E-6
1.774125E+7,    7.862225E-5,    -2.338365E-5
1.774750E+7,    1.666509E-5,    5.495735E-6
1.775375E+7,    4.719943E-6,    5.091168E-5
1.776000E+7,    -5.262718E-5,    5.654059E-5
1.776625E+7,    -5.177222E-5,    2.603233E-5
1.777250E+7,    -1.083910E-4,    -1.285523E-4
1.777875E+7,    -4.269928E-5,    -5.731732E-5
1.778500E+7,    3.409013E-5,    -7.507950E-5
1.779125E+7,    -5.467236E-5,    -4.895404E-5
1.779750E+7,    1.306310E-4,    -3.082305E-5
1.780375E+7,    1.403317E-5,    9.720773E-5
1.781000E+7,    3.521517E-5,    2.399832E-5
1.781625E+7,    -1.026951E-4,    3.996491E-5
1.782250E+7,    -5.923212E-5,    1.117401E-5
1.782875E+7,    -8.042529E-5,    8.425489E-5
1.783500E+7,    -2.133846E-5,    -3.797188E-5
1.784125E+7,    6.283820E-5,    -9.648874E-5
1.784750E+7,    -4.540198E-5,    1.579337E-5
1.785375E+7,    1.017563E-5,    -3.985874E-5
1.786000E+7,    -4.076958E-5,    -6.305054E-5
1.786625E+7,    -7.975847E-5,    -7.607043E-5
1.787250E+7,    -9.638444E-5,    1.114607E-5
1.787875E+7,    2.409332E-5,    2.038106E-5
1.788500E+7,    -1.186654E-4,    2.219155E-5
1.789125E+7,    -4.538894E-5,    -5.834922E-5
1.789750E+7,    -5.288422E-5,    -7.326156E-5
1.790375E+7,    -2.966076E-5,    -4.082918E-5
1.791000E+7,    -3.151596E-5,    -5.382672E-5
1.791625E+7,    7.697940E-5,    5.660206E-5
1.792250E+7,    -3.336370E-5,    -2.969429E-5
1.792875E+7,    -6.391108E-5,    -2.139434E-5
1.793500E+7,    -1.107156E-5,    -7.785112E-5
1.794125E+7,    9.281561E-6,    9.293668E-6
1.794750E+7,    -3.429875E-5,    -1.767650E-5
1.795375E+7,    -8.067116E-5,    -4.560873E-5
1.796000E+7,    -3.894046E-5,    -3.163144E-5
1.796625E+7,    -3.898516E-5,    5.494803E-6
1.797250E+7,    5.865470E-5,    -7.328391E-5
1.797875E+7,    1.488812E-5,    -2.595317E-5
1.798500E+7,    -3.532693E-5,    3.149360E-5
1.799125E+7,    -4.824996E-5,    -5.947798E-5
1.799750E+7,    5.014241E-5,    -1.747161E-6
1.800375E+7,    -4.068017E-5,    -8.185208E-5
1.801000E+7,    -8.203089E-6,    -5.851313E-5
1.801625E+7,    1.123361E-5,    -5.195476E-5
1.802250E+7,    -5.473942E-5,    -1.222268E-5
1.802875E+7,    -2.980232E-5,    3.333762E-5
1.803500E+7,    3.067218E-5,    -8.251518E-6
1.804125E+7,    -5.939603E-5,    -7.595867E-6
1.804750E+7,    -3.629364E-6,    -2.600346E-5
1.805375E+7,    6.527174E-6,    -1.019752E-5
1.806000E+7,    4.659640E-6,    -4.631933E-6
1.806625E+7,    -1.050942E-4,    4.519895E-5
1.807250E+7,    -4.821643E-5,    -2.246350E-5
1.807875E+7,    -4.851073E-5,    5.184114E-5
1.808500E+7,    7.160008E-6,    7.059798E-5
1.809125E+7,    2.273172E-5,    -1.040362E-4
1.809750E+7,    2.789125E-5,    -9.180047E-6
1.810375E+7,    2.039596E-6,    -4.272349E-5
1.811000E+7,    4.781410E-6,    -4.178472E-5
1.811625E+7,    -6.292015E-6,    -4.555099E-5
1.812250E+7,    9.049848E-5,    -7.491186E-5
1.812875E+7,    5.538762E-5,    7.459521E-5
1.813500E+7,    6.977096E-5,    -1.351908E-5
1.814125E+7,    4.243106E-5,    7.646158E-5
1.814750E+7,    -4.521012E-5,    -2.700537E-4
1.815375E+7,    -4.057214E-5,    -6.341934E-5
1.816000E+7,    -4.388206E-5,    2.861023E-5
1.816625E+7,    3.220886E-5,    7.922947E-5
1.817250E+7,    8.316711E-5,    -7.111952E-5
1.817875E+7,    -3.896467E-5,    -1.322106E-5
1.818500E+7,    -7.643551E-5,    -1.498759E-4
1.819125E+7,    2.073869E-5,    -4.264154E-5
1.819750E+7,    6.922334E-5,    -5.730614E-5
1.820375E+7,    -4.796684E-5,    -5.983561E-5
1.821000E+7,    -1.503620E-5,    2.597831E-5
1.821625E+7,    5.109794E-5,    4.950911E-6
1.822250E+7,    -6.300956E-5,    -3.388897E-5
1.822875E+7,    -8.914620E-6,    -6.521866E-5
1.823500E+7,    -9.080768E-5,    7.472932E-5
1.824125E+7,    -7.270277E-5,    -1.427531E-4
1.824750E+7,    2.579764E-5,    -1.030825E-4
1.825375E+7,    2.026372E-5,    3.177859E-5
1.826000E+7,    4.233792E-5,    -6.013550E-5
1.826625E+7,    -6.543845E-5,    -9.077042E-5
1.827250E+7,    9.509735E-6,    -2.783164E-5
1.827875E+7,    -1.532212E-5,    -7.364154E-5
1.828500E+7,    4.908070E-5,    2.922118E-5
1.829125E+7,    -2.583675E-5,    -3.371760E-5
1.829750E+7,    4.760548E-5,    -2.107769E-5
1.830375E+7,    -2.010912E-5,    -5.045906E-5
1.831000E+7,    -7.329509E-7,    -2.513081E-5
1.831625E+7,    2.058223E-6,    -2.418086E-5
1.832250E+7,    -3.446452E-5,    6.351620E-7
1.832875E+7,    -1.011416E-5,    -1.590885E-5
1.833500E+7,    -2.126582E-5,    -1.974031E-5
1.834125E+7,    -4.839338E-5,    -4.138798E-6
1.834750E+7,    -7.056445E-5,    -3.042072E-5
1.835375E+7,    -8.786470E-5,    1.381114E-4
1.836000E+7,    5.454198E-5,    4.989654E-5
1.836625E+7,    5.486608E-5,    -8.707866E-5
1.837250E+7,    6.798655E-6,    -2.883002E-5
1.837875E+7,    -3.589690E-5,    -4.971772E-5
1.838500E+7,    -7.860363E-5,    2.913922E-5
1.839125E+7,    -1.045689E-5,    -7.839873E-5
1.839750E+7,    2.369843E-5,    -4.172325E-5
1.840375E+7,    3.883615E-5,    3.205612E-5
1.841000E+7,    -2.089515E-5,    -5.711988E-5
1.841625E+7,    -7.627904E-5,    -1.375377E-5
1.842250E+7,    1.604017E-5,    -1.942832E-5
1.842875E+7,    -1.016334E-4,    -3.755093E-6
1.843500E+7,    3.657117E-5,    7.492304E-5
1.844125E+7,    5.576015E-5,    1.920760E-5
1.844750E+7,    1.951400E-5,    6.725080E-6
1.845375E+7,    7.315539E-6,    1.499895E-5
1.846000E+7,    -2.583861E-5,    -1.149848E-4
1.846625E+7,    -2.457574E-5,    3.520958E-5
1.847250E+7,    5.079061E-5,    4.253909E-5
1.847875E+7,    -8.281693E-5,    -2.232566E-5
1.848500E+7,    5.422905E-5,    -9.361282E-5
1.849125E+7,    -9.028241E-5,    6.244704E-5
1.849750E+7,    -2.593920E-5,    -1.522340E-5
1.850375E+7,    -1.094118E-5,    -2.252869E-5
1.851000E+7,    -7.927418E-6,    -4.021823E-5
1.851625E+7,    1.012236E-4,    4.131347E-5
1.852250E+7,    -6.521866E-5,    -1.010671E-5
1.852875E+7,    -2.015755E-5,    4.920550E-5
1.853500E+7,    3.132597E-5,    3.584474E-5
1.854125E+7,    -3.423542E-6,    -2.616737E-5
1.854750E+7,    -2.401508E-5,    -2.084672E-5
1.855375E+7,    5.758740E-5,    -4.881620E-5
1.856000E+7,    -3.285334E-5,    1.361221E-5