SAVED BY: 
TITLE: 
COMMENTS: 
DATE: 10/27/2020
TIME: 1:45 PM

STIMULUS, REAL, IMAGINARY

8.560000E+6,    -1.195818E-5,    -1.569763E-4
8.566250E+6,    9.983778E-6,    -1.534522E-4
8.572500E+6,    -1.478940E-5,    -1.820847E-4
8.578750E+6,    4.470348E-8,    -1.662895E-4
8.585000E+6,    -1.718849E-5,    -1.791418E-4
8.591250E+6,    8.948147E-6,    -1.691431E-4
8.597500E+6,    -1.780689E-5,    -1.632199E-4
8.603750E+6,    2.056360E-6,    -1.723990E-4
8.610000E+6,    -3.574789E-5,    -1.603216E-4
8.616250E+6,    6.109476E-6,    -1.504123E-4
8.622500E+6,    1.102686E-6,    -1.721904E-4
8.628750E+6,    -1.171976E-5,    -1.631230E-4
8.635000E+6,    -1.482666E-6,    -1.534969E-4
8.641250E+6,    2.235174E-8,    -1.566485E-4
8.647500E+6,    -1.276284E-5,    -1.629293E-4
8.653750E+6,    5.476177E-6,    -1.535788E-4
8.660000E+6,    -2.928078E-6,    -1.691952E-4
8.666250E+6,    1.565367E-5,    -1.600981E-4
8.672500E+6,    -1.281500E-6,    -1.567826E-4
8.678750E+6,    7.078052E-7,    -1.788512E-4
8.685000E+6,    -2.011657E-5,    -1.689866E-4
8.691250E+6,    -2.861023E-6,    -1.724884E-4
8.697500E+6,    -6.005168E-6,    -1.660287E-4
8.703750E+6,    5.856156E-6,    -1.756996E-4
8.710000E+6,    -2.503395E-6,    -1.756325E-4
8.716250E+6,    -2.043694E-5,    -1.720861E-4
8.722500E+6,    -6.735325E-6,    -1.693219E-4
8.728750E+6,    -5.312264E-6,    -1.723841E-4
8.735000E+6,    -1.690537E-5,    -1.816154E-4
8.741250E+6,    -1.245737E-5,    -1.753569E-4
8.747500E+6,    3.948808E-7,    -1.692995E-4
8.753750E+6,    -1.840293E-6,    -1.661330E-4
8.760000E+6,    -1.356006E-5,    -1.752302E-4
8.766250E+6,    -1.884997E-5,    -1.812354E-4
8.772500E+6,    -1.113862E-5,    -1.658797E-4
8.778750E+6,    -1.967698E-5,    -1.811609E-4
8.785000E+6,    -2.890080E-5,    -1.774952E-4
8.791250E+6,    1.981854E-6,    -1.979321E-4
8.797500E+6,    -9.678304E-6,    -1.721084E-4
8.803750E+6,    -1.139939E-6,    -1.759380E-4
8.810000E+6,    -1.751631E-5,    -1.906008E-4
8.816250E+6,    -1.696497E-5,    -1.748204E-4
8.822500E+6,    -8.314848E-6,    -1.786426E-4
8.828750E+6,    -2.855062E-5,    -1.867265E-4
8.835000E+6,    -9.275973E-6,    -1.597106E-4
8.841250E+6,    -1.340359E-5,    -1.686662E-4
8.847500E+6,    -1.303107E-5,    -1.719669E-4
8.853750E+6,    -2.260506E-5,    -1.870394E-4
8.860000E+6,    -1.610816E-5,    -1.841784E-4
8.866250E+6,    -1.765788E-5,    -1.997426E-4
8.872500E+6,    -1.032650E-5,    -1.815408E-4
8.878750E+6,    -1.066923E-5,    -1.815110E-4
8.885000E+6,    -4.887581E-6,    -1.601651E-4
8.891250E+6,    -4.625320E-5,    -1.909882E-4
8.897500E+6,    1.087785E-6,    -1.765415E-4
8.903750E+6,    -3.491342E-5,    -2.015829E-4
8.910000E+6,    -8.508563E-6,    -1.536310E-4
8.916250E+6,    -2.008677E-5,    -2.029091E-4
8.922500E+6,    -1.765043E-5,    -1.716465E-4
8.928750E+6,    -1.654029E-5,    -1.749024E-4
8.935000E+6,    -3.200024E-5,    -1.954362E-4
8.941250E+6,    -3.457069E-5,    -2.109110E-4
8.947500E+6,    -3.261864E-5,    -1.954511E-4
8.953750E+6,    -6.891787E-6,    -1.855046E-4
8.960000E+6,    -2.679229E-5,    -1.736954E-4
8.966250E+6,    -1.424551E-5,    -1.878813E-4
8.972500E+6,    -1.157075E-5,    -1.757219E-4
8.978750E+6,    -1.838058E-5,    -2.001002E-4
8.985000E+6,    -7.532537E-6,    -1.888201E-4
8.991250E+6,    -3.577769E-5,    -1.948848E-4
8.997500E+6,    -7.390976E-6,    -1.918375E-4
9.003750E+6,    -3.868341E-5,    -1.879558E-4
9.010000E+6,    -1.925975E-5,    -1.809746E-4
9.016250E+6,    -1.314282E-5,    -2.009571E-4
9.022500E+6,    -6.079674E-6,    -1.799017E-4
9.028750E+6,    -4.090369E-5,    -1.878589E-4
9.035000E+6,    -1.669675E-5,    -1.942217E-4
9.041250E+6,    -2.053380E-5,    -2.063513E-4
9.047500E+6,    -2.590567E-5,    -1.929030E-4
9.053750E+6,    -1.925230E-5,    -1.908690E-4
9.060000E+6,    -1.695007E-5,    -1.751035E-4
9.066250E+6,    -3.595650E-5,    -1.851693E-4
9.072500E+6,    -3.017485E-5,    -1.826212E-4
9.078750E+6,    -1.616776E-5,    -2.041236E-4
9.085000E+6,    -3.033131E-5,    -1.857877E-4
9.091250E+6,    -2.773106E-5,    -1.961142E-4
9.097500E+6,    -2.088398E-5,    -1.938269E-4
9.103750E+6,    -3.389269E-5,    -2.011582E-4
9.110000E+6,    -3.494322E-5,    -1.979470E-4
9.116250E+6,    -1.560152E-5,    -1.916215E-4
9.122500E+6,    -4.844368E-5,    -2.050847E-4
9.128750E+6,    -2.816319E-5,    -2.023429E-4
9.135000E+6,    -7.465482E-6,    -1.998395E-4
9.141250E+6,    -9.544194E-6,    -1.930892E-4
9.147500E+6,    -2.932549E-5,    -2.023131E-4
9.153750E+6,    -1.813471E-5,    -1.915097E-4
9.160000E+6,    -3.122538E-5,    -1.987889E-4
9.166250E+6,    -3.673136E-5,    -2.070963E-4
9.172500E+6,    -2.883375E-5,    -1.832470E-4
9.178750E+6,    -3.743172E-5,    -2.072453E-4
9.185000E+6,    -3.295392E-5,    -1.983792E-4
9.191250E+6,    -3.179908E-5,    -2.049506E-4
9.197500E+6,    -4.051626E-5,    -2.003163E-4
9.203750E+6,    -2.396107E-5,    -2.099946E-4
9.210000E+6,    -1.153350E-5,    -2.031922E-4
9.216250E+6,    -3.385544E-5,    -2.304316E-4
9.222500E+6,    -2.031773E-5,    -2.012849E-4
9.228750E+6,    -3.607571E-5,    -2.269447E-4
9.235000E+6,    -2.005696E-5,    -2.047196E-4
9.241250E+6,    -1.126528E-5,    -2.132207E-4
9.247500E+6,    -3.559887E-5,    -2.047420E-4
9.253750E+6,    -3.573298E-5,    -2.046227E-4
9.260000E+6,    -2.424419E-5,    -1.945347E-4
9.266250E+6,    -4.717708E-5,    -2.213717E-4
9.272500E+6,    -4.690886E-5,    -1.959205E-4
9.278750E+6,    -2.861023E-5,    -2.129376E-4
9.285000E+6,    -3.212690E-5,    -1.992434E-4
9.291250E+6,    -4.307926E-5,    -2.162755E-4
9.297500E+6,    -4.246831E-5,    -2.195388E-4
9.303750E+6,    -2.378970E-5,    -2.115145E-4
9.310000E+6,    -2.537668E-5,    -2.044216E-4
9.316250E+6,    -3.243983E-5,    -2.095103E-4
9.322500E+6,    -2.182275E-5,    -1.925752E-4
9.328750E+6,    -3.235042E-5,    -2.090931E-4
9.335000E+6,    -1.825392E-5,    -2.127886E-4
9.341250E+6,    -2.272427E-5,    -2.282113E-4
9.347500E+6,    -2.776086E-5,    -2.042502E-4
9.353750E+6,    -4.033744E-5,    -2.172142E-4
9.360000E+6,    -2.834201E-5,    -2.076626E-4
9.366250E+6,    -3.975630E-5,    -2.240539E-4
9.372500E+6,    -3.893673E-5,    -2.308041E-4
9.378750E+6,    -5.456805E-5,    -2.266169E-4
9.385000E+6,    -2.750754E-5,    -2.211332E-4
9.391250E+6,    -4.410744E-5,    -2.096593E-4
9.397500E+6,    -2.871454E-5,    -2.173036E-4
9.403750E+6,    -7.897615E-6,    -2.171993E-4
9.410000E+6,    -3.400445E-5,    -2.326071E-4
9.416250E+6,    -1.852214E-5,    -2.436638E-4
9.422500E+6,    -6.115437E-5,    -2.086759E-4
9.428750E+6,    -4.300475E-5,    -2.301931E-4
9.435000E+6,    -1.600385E-5,    -2.251565E-4
9.441250E+6,    -5.364418E-5,    -2.174377E-4
9.447500E+6,    -4.297495E-5,    -2.401769E-4
9.453750E+6,    -2.294779E-5,    -2.331734E-4
9.460000E+6,    -3.004074E-5,    -2.378225E-4
9.466250E+6,    -7.688999E-6,    -2.443790E-4
9.472500E+6,    -3.203750E-5,    -2.307296E-4
9.478750E+6,    -2.099574E-5,    -2.143979E-4
9.485000E+6,    -3.799796E-5,    -2.028048E-4
9.491250E+6,    -4.369020E-5,    -2.143085E-4
9.497500E+6,    -5.692244E-5,    -2.231002E-4
9.503750E+6,    -4.273653E-5,    -2.242923E-4
9.510000E+6,    -4.369020E-5,    -2.243221E-4
9.516250E+6,    -2.023578E-5,    -2.351999E-4
9.522500E+6,    -4.184246E-5,    -2.382994E-4
9.528750E+6,    -4.366040E-5,    -2.311468E-4
9.535000E+6,    -4.452467E-5,    -2.313256E-4
9.541250E+6,    -5.173683E-5,    -2.323985E-4
9.547500E+6,    -4.407763E-5,    -2.379715E-4
9.553750E+6,    -3.769994E-5,    -2.404153E-4
9.560000E+6,    -3.856421E-5,    -2.333522E-4
9.566250E+6,    -3.868341E-5,    -2.369583E-4
9.572500E+6,    -7.382035E-5,    -2.451837E-4
9.578750E+6,    -7.012486E-5,    -2.227128E-4
9.585000E+6,    -6.195903E-5,    -2.357662E-4
9.591250E+6,    -6.970763E-5,    -2.330542E-4
9.597500E+6,    -5.674362E-5,    -2.240837E-4
9.603750E+6,    -7.650256E-5,    -2.406836E-4
9.610000E+6,    -4.747510E-5,    -2.477169E-4
9.616250E+6,    -3.504753E-5,    -2.421141E-4
9.622500E+6,    -3.662705E-5,    -2.352595E-4
9.628750E+6,    -2.884865E-5,    -2.485812E-4
9.635000E+6,    -2.771616E-5,    -2.517998E-4
9.641250E+6,    -4.297495E-5,    -2.496541E-4
9.647500E+6,    -5.152822E-5,    -2.433360E-4
9.653750E+6,    -5.170703E-5,    -2.536476E-4
9.660000E+6,    -5.346537E-5,    -2.330244E-4
9.666250E+6,    -2.554059E-5,    -2.334118E-4
9.672500E+6,    -5.409122E-5,    -2.359748E-4
9.678750E+6,    -6.157160E-5,    -2.400875E-4
9.685000E+6,    -4.160404E-5,    -2.342761E-4
9.691250E+6,    -6.288290E-5,    -2.399981E-4
9.697500E+6,    -5.069375E-5,    -2.208948E-4
9.703750E+6,    -4.109740E-5,    -2.551079E-4
9.710000E+6,    -2.816319E-5,    -2.401173E-4
9.716250E+6,    -2.819300E-5,    -2.434850E-4
9.722500E+6,    -6.595254E-5,    -2.286434E-4
9.728750E+6,    -4.267693E-5,    -2.585053E-4
9.735000E+6,    -3.013015E-5,    -2.503395E-4
9.741250E+6,    -6.559491E-5,    -2.462864E-4
9.747500E+6,    -5.879998E-5,    -2.455115E-4
9.753750E+6,    -5.361438E-5,    -2.375841E-4
9.760000E+6,    -6.663799E-5,    -2.597570E-4
9.766250E+6,    -5.412102E-5,    -2.480447E-4
9.772500E+6,    -5.358458E-5,    -2.515316E-4
9.778750E+6,    -6.723404E-5,    -2.733767E-4
9.785000E+6,    -4.845858E-5,    -2.541542E-4
9.791250E+6,    -5.546212E-5,    -2.546906E-4
9.797500E+6,    -5.543232E-5,    -2.650619E-4
9.803750E+6,    -4.878640E-5,    -2.610385E-4
9.810000E+6,    -4.979968E-5,    -2.506971E-4
9.816250E+6,    -7.140636E-5,    -2.617836E-4
9.822500E+6,    -6.559491E-5,    -2.473295E-4
9.828750E+6,    -5.763769E-5,    -2.684593E-4
9.835000E+6,    -4.553795E-5,    -2.425015E-4
9.841250E+6,    -4.535913E-5,    -2.565980E-4
9.847500E+6,    -4.661083E-5,    -2.428591E-4
9.853750E+6,    -6.034970E-5,    -2.642572E-4
9.860000E+6,    -6.797910E-5,    -2.608001E-4
9.866250E+6,    -4.887581E-5,    -2.493858E-4
9.872500E+6,    -5.501509E-5,    -2.636909E-4
9.878750E+6,    -7.718801E-5,    -2.430379E-4
9.885000E+6,    -4.196167E-5,    -2.667904E-4
9.891250E+6,    -4.896522E-5,    -2.669096E-4
9.897500E+6,    -6.422400E-5,    -2.633333E-4
9.903750E+6,    -5.036592E-5,    -2.771318E-4
9.910000E+6,    -5.766749E-5,    -2.809763E-4
9.916250E+6,    -6.616116E-5,    -2.771914E-4
9.922500E+6,    -5.960464E-5,    -2.698004E-4
9.928750E+6,    -6.708503E-5,    -2.526045E-4
9.935000E+6,    -6.705523E-5,    -2.668798E-4
9.941250E+6,    -8.881092E-5,    -2.841949E-4
9.947500E+6,    -6.860495E-5,    -2.628565E-4
9.953750E+6,    -8.320808E-5,    -2.803802E-4
9.960000E+6,    -6.279349E-5,    -2.730489E-4
9.966250E+6,    -7.021427E-5,    -2.799928E-4
9.972500E+6,    -6.413460E-5,    -2.726614E-4
9.978750E+6,    -8.574128E-5,    -2.972782E-4
9.985000E+6,    -8.621812E-5,    -2.756715E-4
9.991250E+6,    -7.998943E-5,    -2.793670E-4
9.997500E+6,    -4.443526E-5,    -2.753139E-4
1.000375E+7,    -6.014109E-5,    -2.900064E-4
1.001000E+7,    -5.316734E-5,    -2.828836E-4
1.001625E+7,    -7.534027E-5,    -2.859235E-4
1.002250E+7,    -5.421042E-5,    -2.963245E-4
1.002875E+7,    -6.213784E-5,    -2.857447E-4
1.003500E+7,    -7.715821E-5,    -2.959371E-4
1.004125E+7,    -4.935265E-5,    -2.893806E-4
1.004750E+7,    -9.179115E-5,    -2.741516E-4
1.005375E+7,    -7.125735E-5,    -2.779663E-4
1.006000E+7,    -6.559491E-5,    -2.922714E-4
1.006625E+7,    -8.735061E-5,    -2.985597E-4
1.007250E+7,    -7.310510E-5,    -2.774894E-4
1.007875E+7,    -8.785725E-5,    -2.767444E-4
1.008500E+7,    -7.462502E-5,    -2.883077E-4
1.009125E+7,    -8.916855E-5,    -2.982914E-4
1.009750E+7,    -7.545948E-5,    -2.914667E-4
1.010375E+7,    -9.801984E-5,    -2.864003E-4
1.011000E+7,    -9.185076E-5,    -2.864599E-4
1.011625E+7,    -6.523728E-5,    -3.198981E-4
1.012250E+7,    -7.134676E-5,    -2.944767E-4
1.012875E+7,    -7.966161E-5,    -2.973974E-4
1.013500E+7,    -5.742908E-5,    -2.844930E-4
1.014125E+7,    -9.435415E-5,    -2.931356E-4
1.014750E+7,    -8.818507E-5,    -2.999902E-4
1.015375E+7,    -7.566810E-5,    -3.007948E-4
1.016000E+7,    -1.035035E-4,    -2.919137E-4
1.016625E+7,    -8.320808E-5,    -3.036261E-4
1.017250E+7,    -6.973743E-5,    -3.114939E-4
1.017875E+7,    -8.502603E-5,    -3.032982E-4
1.018500E+7,    -8.502603E-5,    -2.923608E-4
1.019125E+7,    -9.524822E-5,    -3.237724E-4
1.019750E+7,    -9.366870E-5,    -3.020763E-4
1.020375E+7,    -7.355213E-5,    -3.072023E-4
1.021000E+7,    -9.489059E-5,    -3.055632E-4
1.021625E+7,    -8.845329E-5,    -3.060997E-4
1.022250E+7,    -8.898973E-5,    -3.019571E-4
1.022875E+7,    -9.998679E-5,    -3.260076E-4
1.023500E+7,    -7.709861E-5,    -3.062487E-4
1.024125E+7,    -1.002848E-4,    -3.150403E-4
1.024750E+7,    -9.372830E-5,    -3.188848E-4
1.025375E+7,    -9.521842E-5,    -3.259778E-4
1.026000E+7,    -7.376075E-5,    -3.210306E-4
1.026625E+7,    -9.453297E-5,    -3.114343E-4
1.027250E+7,    -9.000301E-5,    -3.185570E-4
1.027875E+7,    -9.107590E-5,    -3.259778E-4
1.028500E+7,    -7.477403E-5,    -3.131330E-4
1.029125E+7,    -9.351969E-5,    -3.359318E-4
1.029750E+7,    -1.133382E-4,    -3.124774E-4
1.030375E+7,    -8.428097E-5,    -3.049076E-4
1.031000E+7,    -7.838011E-5,    -3.164113E-4
1.031625E+7,    -1.079142E-4,    -3.197193E-4
1.032250E+7,    -1.183450E-4,    -3.325939E-4
1.032875E+7,    -8.964539E-5,    -3.286600E-4
1.033500E+7,    -9.620190E-5,    -3.172159E-4
1.034125E+7,    -9.843707E-5,    -3.312528E-4
1.034750E+7,    -1.117587E-4,    -3.218055E-4
1.035375E+7,    -1.192987E-4,    -3.178418E-4
1.036000E+7,    -1.144707E-4,    -3.286302E-4
1.036625E+7,    -1.005530E-4,    -3.269911E-4
1.037250E+7,    -1.156628E-4,    -3.280342E-4
1.037875E+7,    -1.193285E-4,    -3.454983E-4
1.038500E+7,    -8.207560E-5,    -3.292561E-4
1.039125E+7,    -9.119511E-5,    -3.421605E-4
1.039750E+7,    -9.840727E-5,    -3.341734E-4
1.040375E+7,    -1.069605E-4,    -3.397465E-4
1.041000E+7,    -9.486079E-5,    -3.485978E-4
1.041625E+7,    -1.142621E-4,    -3.309846E-4
1.042250E+7,    -1.108050E-4,    -3.496110E-4
1.042875E+7,    -9.435415E-5,    -3.374815E-4
1.043500E+7,    -9.024143E-5,    -3.491044E-4
1.044125E+7,    -1.007318E-4,    -3.655553E-4
1.044750E+7,    -1.089871E-4,    -3.601909E-4
1.045375E+7,    -1.024902E-4,    -3.613234E-4
1.046000E+7,    -9.351969E-5,    -3.484488E-4
1.046625E+7,    -1.094341E-4,    -3.490746E-4
1.047250E+7,    -1.018047E-4,    -3.468096E-4
1.047875E+7,    -1.255572E-4,    -3.498793E-4
1.048500E+7,    -1.243651E-4,    -3.389716E-4
1.049125E+7,    -1.196861E-4,    -3.542602E-4
1.049750E+7,    -1.148582E-4,    -3.623664E-4
1.050375E+7,    -1.184940E-4,    -3.722906E-4
1.051000E+7,    -1.071990E-4,    -3.488064E-4
1.051625E+7,    -1.149476E-4,    -3.511310E-4
1.052250E+7,    -1.215935E-4,    -3.750920E-4
1.052875E+7,    -1.181364E-4,    -3.541410E-4
1.053500E+7,    -1.318157E-4,    -3.514290E-4
1.054125E+7,    -1.250803E-4,    -3.488958E-4
1.054750E+7,    -1.251101E-4,    -3.772378E-4
1.055375E+7,    -1.281500E-4,    -3.880858E-4
1.056000E+7,    -1.253486E-4,    -3.703833E-4
1.056625E+7,    -1.146197E-4,    -3.864765E-4
1.057250E+7,    -1.232624E-4,    -3.558695E-4
1.057875E+7,    -1.336336E-4,    -3.647804E-4
1.058500E+7,    -1.283288E-4,    -3.691912E-4
1.059125E+7,    -1.193285E-4,    -3.893971E-4
1.059750E+7,    -1.292229E-4,    -3.687739E-4
1.060375E+7,    -1.282096E-4,    -3.907084E-4
1.061000E+7,    -1.174808E-4,    -3.713369E-4
1.061625E+7,    -1.052022E-4,    -3.776550E-4
1.062250E+7,    -1.358986E-4,    -3.851056E-4
1.062875E+7,    -1.056790E-4,    -3.735125E-4
1.063500E+7,    -1.353621E-4,    -3.737807E-4
1.064125E+7,    -1.426935E-4,    -4.016161E-4
1.064750E+7,    -1.041293E-4,    -3.854632E-4
1.065375E+7,    -1.447201E-4,    -4.011393E-4
1.066000E+7,    -1.350045E-4,    -3.857017E-4
1.066625E+7,    -1.310110E-4,    -3.964305E-4
1.067250E+7,    -1.399517E-4,    -4.023314E-4
1.067875E+7,    -1.098514E-4,    -3.948808E-4
1.068500E+7,    -1.388788E-4,    -3.945231E-4
1.069125E+7,    -1.399517E-4,    -3.871918E-4
1.069750E+7,    -1.345277E-4,    -3.920197E-4
1.070375E+7,    -1.326799E-4,    -3.816485E-4
1.071000E+7,    -1.300573E-4,    -4.003644E-4
1.071625E+7,    -1.503229E-4,    -4.172921E-4
1.072250E+7,    -1.251698E-4,    -3.979206E-4
1.072875E+7,    -1.278520E-4,    -4.081130E-4
1.073500E+7,    -1.509786E-4,    -4.090667E-4
1.074125E+7,    -1.333356E-4,    -3.919005E-4
1.074750E+7,    -1.276731E-4,    -3.969073E-4
1.075375E+7,    -1.490712E-4,    -4.211068E-4
1.076000E+7,    -1.494884E-4,    -4.170537E-4
1.076625E+7,    -1.537204E-4,    -4.267097E-4
1.077250E+7,    -1.517534E-4,    -4.160404E-4
1.077875E+7,    -1.578927E-4,    -4.107952E-4
1.078500E+7,    -1.537204E-4,    -4.193783E-4
1.079125E+7,    -1.550913E-4,    -4.190207E-4
1.079750E+7,    -1.570582E-4,    -4.209876E-4
1.080375E+7,    -1.524687E-4,    -4.265308E-4
1.081000E+7,    -1.589656E-4,    -4.212856E-4
1.081625E+7,    -1.665950E-4,    -4.153848E-4
1.082250E+7,    -1.560450E-4,    -4.256964E-4
1.082875E+7,    -1.733899E-4,    -4.353523E-4
1.083500E+7,    -1.716018E-4,    -4.248619E-4
1.084125E+7,    -1.724958E-4,    -4.242659E-4
1.084750E+7,    -1.528263E-4,    -4.298687E-4
1.085375E+7,    -1.577139E-4,    -4.398227E-4
1.086000E+7,    -1.503825E-4,    -4.419684E-4
1.086625E+7,    -1.504421E-4,    -4.378557E-4
1.087250E+7,    -1.585484E-4,    -4.355907E-4
1.087875E+7,    -1.628399E-4,    -4.457235E-4
1.088500E+7,    -1.617670E-4,    -4.388094E-4
1.089125E+7,    -1.533031E-4,    -4.563332E-4
1.089750E+7,    -1.574159E-4,    -4.433990E-4
1.090375E+7,    -1.673102E-4,    -4.445910E-4
1.091000E+7,    -1.590252E-4,    -4.395247E-4
1.091625E+7,    -1.733899E-4,    -4.607439E-4
1.092250E+7,    -1.586080E-4,    -4.317164E-4
1.092875E+7,    -1.912713E-4,    -4.587770E-4
1.093500E+7,    -1.766682E-4,    -4.560351E-4
1.094125E+7,    -1.676083E-4,    -4.735589E-4
1.094750E+7,    -1.741648E-4,    -4.677773E-4
1.095375E+7,    -1.763105E-4,    -4.668832E-4
1.096000E+7,    -1.717806E-4,    -4.537702E-4
1.096625E+7,    -1.944900E-4,    -4.494190E-4
1.097250E+7,    -1.722574E-4,    -4.498363E-4
1.097875E+7,    -1.867414E-4,    -4.820824E-4
1.098500E+7,    -1.795888E-4,    -4.588962E-4
1.099125E+7,    -2.037287E-4,    -4.615188E-4
1.099750E+7,    -1.839399E-4,    -4.877448E-4
1.100375E+7,    -1.822114E-4,    -4.808903E-4
1.101000E+7,    -1.927614E-4,    -4.648566E-4
1.101625E+7,    -1.966357E-4,    -4.904866E-4
1.102250E+7,    -1.930594E-4,    -4.799366E-4
1.102875E+7,    -1.969337E-4,    -4.866123E-4
1.103500E+7,    -1.997948E-4,    -4.891157E-4
1.104125E+7,    -2.053380E-4,    -4.829764E-4
1.104750E+7,    -1.981258E-4,    -5.015731E-4
1.105375E+7,    -2.027154E-4,    -4.875064E-4
1.106000E+7,    -1.838803E-4,    -5.136132E-4
1.106625E+7,    -1.957417E-4,    -5.056262E-4
1.107250E+7,    -2.025366E-4,    -4.993081E-4
1.107875E+7,    -2.059340E-4,    -5.214214E-4
1.108500E+7,    -1.991987E-4,    -5.204678E-4
1.109125E+7,    -2.122521E-4,    -5.114675E-4
1.109750E+7,    -1.997948E-4,    -5.012155E-4
1.110375E+7,    -1.985431E-4,    -5.099177E-4
1.111000E+7,    -1.922250E-4,    -4.895926E-4
1.111625E+7,    -2.162457E-4,    -5.101562E-4
1.112250E+7,    -2.067089E-4,    -5.223751E-4
1.112875E+7,    -2.062321E-4,    -5.155802E-4
1.113500E+7,    -1.934767E-4,    -5.409718E-4
1.114125E+7,    -2.000332E-4,    -5.341172E-4
1.114750E+7,    -2.427101E-4,    -5.394220E-4
1.115375E+7,    -2.034307E-4,    -5.334616E-4
1.116000E+7,    -2.083182E-4,    -5.606413E-4
1.116625E+7,    -2.260208E-4,    -5.474687E-4
1.117250E+7,    -2.281070E-4,    -5.462766E-4
1.117875E+7,    -2.242923E-4,    -5.349517E-4
1.118500E+7,    -2.198219E-4,    -5.542040E-4
1.119125E+7,    -2.171397E-4,    -5.657673E-4
1.119750E+7,    -2.365112E-4,    -5.828142E-4
1.120375E+7,    -2.323389E-4,    -5.673170E-4
1.121000E+7,    -2.505183E-4,    -5.794168E-4
1.121625E+7,    -2.704263E-4,    -5.977750E-4
1.122250E+7,    -2.634525E-4,    -6.130934E-4
1.122875E+7,    -2.878308E-4,    -6.877184E-4
1.123500E+7,    -2.707243E-4,    -7.135868E-4
1.124125E+7,    -2.914667E-4,    -7.153749E-4
1.124750E+7,    -3.025532E-4,    -7.344484E-4
1.125375E+7,    -2.667904E-4,    -6.877184E-4
1.126000E+7,    -3.060102E-4,    -7.303953E-4
1.126625E+7,    -2.791286E-4,    -6.911755E-4
1.127250E+7,    -2.927780E-4,    -7.754564E-4
1.127875E+7,    -3.029108E-4,    -6.865263E-4
1.128500E+7,    -3.027916E-4,    -7.230043E-4
1.129125E+7,    -3.014803E-4,    -6.808043E-4
1.129750E+7,    -2.436042E-4,    -6.276369E-4
1.130375E+7,    -2.866983E-4,    -6.728768E-4
1.131000E+7,    -3.257990E-4,    -6.760359E-4
1.131625E+7,    -2.806783E-4,    -6.762147E-4
1.132250E+7,    -2.721548E-4,    -7.276535E-4
1.132875E+7,    -3.178120E-4,    -7.032156E-4
1.133500E+7,    -3.068447E-4,    -7.226467E-4
1.134125E+7,    -3.215075E-4,    -6.881952E-4
1.134750E+7,    -3.138185E-4,    -6.677508E-4
1.135375E+7,    -3.123283E-4,    -6.980896E-4
1.136000E+7,    -2.934933E-4,    -6.514192E-4
1.136625E+7,    -2.976656E-4,    -6.866455E-4
1.137250E+7,    -3.120899E-4,    -6.853342E-4
1.137875E+7,    -3.117323E-4,    -7.330179E-4
1.138500E+7,    -3.370047E-4,    -7.188320E-4
1.139125E+7,    -2.918243E-4,    -7.077456E-4
1.139750E+7,    -3.049374E-4,    -7.038116E-4
1.140375E+7,    -3.279448E-4,    -6.668568E-4
1.141000E+7,    -3.283024E-4,    -6.744862E-4
1.141625E+7,    -3.275871E-4,    -6.726980E-4
1.142250E+7,    -2.987385E-4,    -6.972551E-4
1.142875E+7,    -3.106594E-4,    -7.634163E-4
1.143500E+7,    -3.346205E-4,    -7.221699E-4
1.144125E+7,    -3.347397E-4,    -7.216930E-4
1.144750E+7,    -3.792048E-4,    -7.773638E-4
1.145375E+7,    -3.547668E-4,    -7.978678E-4
1.146000E+7,    -3.606081E-4,    -7.719994E-4
1.146625E+7,    -3.731251E-4,    -8.248091E-4
1.147250E+7,    -3.553629E-4,    -8.237362E-4
1.147875E+7,    -3.650188E-4,    -7.494688E-4
1.148500E+7,    -3.584623E-4,    -7.851124E-4
1.149125E+7,    -3.838539E-4,    -8.517504E-4
1.149750E+7,    -3.507137E-4,    -9.230375E-4
1.150375E+7,    -3.725290E-4,    -8.563995E-4
1.151000E+7,    -3.887415E-4,    -8.841753E-4
1.151625E+7,    -3.947020E-4,    -8.943081E-4
1.152250E+7,    -3.786087E-4,    -8.811951E-4
1.152875E+7,    -3.859997E-4,    -8.268356E-4
1.153500E+7,    -3.805161E-4,    -7.859468E-4
1.154125E+7,    -4.109144E-4,    -9.104013E-4
1.154750E+7,    -4.043579E-4,    -9.071827E-4
1.155375E+7,    -4.113913E-4,    -8.714199E-4
1.156000E+7,    -4.116297E-4,    -1.021504E-3
1.156625E+7,    -4.091263E-4,    -1.055121E-3
1.157250E+7,    -4.225969E-4,    -1.011372E-3
1.157875E+7,    -5.239248E-4,    -1.019239E-3
1.158500E+7,    -4.945993E-4,    -1.138210E-3
1.159125E+7,    -4.532337E-4,    -9.934902E-4
1.159750E+7,    -3.803968E-4,    -1.014233E-3
1.160375E+7,    -4.816055E-4,    -1.040101E-3
1.161000E+7,    -4.426241E-4,    -1.055479E-3
1.161625E+7,    -5.232096E-4,    -1.141667E-3
1.162250E+7,    -5.025864E-4,    -1.214147E-3
1.162875E+7,    -4.754066E-4,    -1.470566E-3
1.163500E+7,    -4.286766E-4,    -1.572132E-3
1.164125E+7,    -1.990795E-4,    -1.790285E-3
1.164750E+7,    1.726151E-4,    -2.048492E-3
1.165375E+7,    2.074242E-5,    -1.977682E-3
1.166000E+7,    3.658533E-4,    -1.865268E-3
1.166625E+7,    8.177757E-4,    -1.879096E-3
1.167250E+7,    1.018405E-3,    -1.698852E-3
1.167875E+7,    1.027822E-3,    -1.738191E-3
1.168500E+7,    9.953976E-4,    -1.779437E-3
1.169125E+7,    1.029015E-3,    -1.793265E-3
1.169750E+7,    1.044631E-3,    -1.813054E-3
1.170375E+7,    1.080275E-3,    -1.776218E-3
1.171000E+7,    1.067519E-3,    -1.759648E-3
1.171625E+7,    1.050949E-3,    -1.858234E-3
1.172250E+7,    1.018643E-3,    -1.831651E-3
1.172875E+7,    1.050234E-3,    -1.883745E-3
1.173500E+7,    1.086950E-3,    -1.858354E-3
1.174125E+7,    1.055598E-3,    -1.880288E-3
1.174750E+7,    1.004934E-3,    -1.900673E-3
1.175375E+7,    1.111627E-3,    -1.912713E-3
1.176000E+7,    1.132011E-3,    -1.933336E-3
1.176625E+7,    1.095533E-3,    -1.898766E-3
1.177250E+7,    1.146555E-3,    -1.959562E-3
1.177875E+7,    1.115322E-3,    -1.973629E-3
1.178500E+7,    1.176119E-3,    -2.018690E-3
1.179125E+7,    1.085997E-3,    -1.992226E-3
1.179750E+7,    1.094818E-3,    -2.013206E-3
1.180375E+7,    1.104116E-3,    -2.038479E-3
1.181000E+7,    1.077175E-3,    -2.030373E-3
1.181625E+7,    1.093864E-3,    -2.051115E-3
1.182250E+7,    1.091242E-3,    -2.118111E-3
1.182875E+7,    1.133919E-3,    -2.151251E-3
1.183500E+7,    1.194477E-3,    -2.149343E-3
1.184125E+7,    1.189947E-3,    -2.155542E-3
1.184750E+7,    1.168489E-3,    -2.147913E-3
1.185375E+7,    1.183271E-3,    -2.214193E-3
1.186000E+7,    1.178026E-3,    -2.194166E-3
1.186625E+7,    1.132727E-3,    -2.243519E-3
1.187250E+7,    1.183748E-3,    -2.263308E-3
1.187875E+7,    1.211166E-3,    -2.323866E-3
1.188500E+7,    1.225233E-3,    -2.326488E-3
1.189125E+7,    1.195908E-3,    -2.304077E-3
1.189750E+7,    1.194477E-3,    -2.269506E-3
1.190375E+7,    1.243830E-3,    -2.343655E-3
1.191000E+7,    1.220226E-3,    -2.346516E-3
1.191625E+7,    1.272678E-3,    -2.385855E-3
1.192250E+7,    1.207590E-3,    -2.425432E-3
1.192875E+7,    1.197815E-3,    -2.391577E-3
1.193500E+7,    1.271725E-3,    -2.409220E-3
1.194125E+7,    1.248837E-3,    -2.467632E-3
1.194750E+7,    1.314163E-3,    -2.431393E-3
1.195375E+7,    1.303196E-3,    -2.480030E-3
1.196000E+7,    1.267910E-3,    -2.561808E-3
1.196625E+7,    1.259327E-3,    -2.567291E-3
1.197250E+7,    1.253605E-3,    -2.542973E-3
1.197875E+7,    1.288652E-3,    -2.604723E-3
1.198500E+7,    1.208544E-3,    -2.605677E-3
1.199125E+7,    1.248598E-3,    -2.612829E-3
1.199750E+7,    1.283169E-3,    -2.646685E-3
1.200375E+7,    1.256227E-3,    -2.688885E-3
1.201000E+7,    1.332998E-3,    -2.704144E-3
1.201625E+7,    1.284838E-3,    -2.699852E-3
1.202250E+7,    1.252890E-3,    -2.704620E-3
1.202875E+7,    1.260042E-3,    -2.798796E-3
1.203500E+7,    1.308680E-3,    -2.807379E-3
1.204125E+7,    1.245022E-3,    -2.774715E-3
1.204750E+7,    1.262188E-3,    -2.748728E-3
1.205375E+7,    1.335621E-3,    -2.793074E-3
1.206000E+7,    1.282454E-3,    -2.835751E-3
1.206625E+7,    1.308441E-3,    -2.892494E-3
1.207250E+7,    1.398325E-3,    -2.943277E-3
1.207875E+7,    1.310825E-3,    -2.921104E-3
1.208500E+7,    1.353502E-3,    -2.915382E-3
1.209125E+7,    1.328707E-3,    -2.974033E-3
1.209750E+7,    1.283646E-3,    -2.952814E-3
1.210375E+7,    1.313210E-3,    -2.992630E-3
1.211000E+7,    1.323223E-3,    -2.991676E-3
1.211625E+7,    1.376867E-3,    -3.051043E-3
1.212250E+7,    1.356602E-3,    -3.048897E-3
1.212875E+7,    1.374960E-3,    -3.093481E-3
1.213500E+7,    1.342535E-3,    -3.109217E-3
1.214125E+7,    1.393318E-3,    -3.130913E-3
1.214750E+7,    1.361132E-3,    -3.170729E-3
1.215375E+7,    1.384497E-3,    -3.211737E-3
1.216000E+7,    1.378298E-3,    -3.219604E-3
1.216625E+7,    1.402855E-3,    -3.285408E-3
1.217250E+7,    1.408100E-3,    -3.291845E-3
1.217875E+7,    1.400471E-3,    -3.327847E-3
1.218500E+7,    1.427889E-3,    -3.371477E-3
1.219125E+7,    1.470566E-3,    -3.361940E-3
1.219750E+7,    1.435757E-3,    -3.431797E-3
1.220375E+7,    1.497746E-3,    -3.429651E-3
1.221000E+7,    1.486540E-3,    -3.480434E-3
1.221625E+7,    1.506090E-3,    -3.582478E-3
1.222250E+7,    1.479864E-3,    -3.592014E-3
1.222875E+7,    1.485348E-3,    -3.625154E-3
1.223500E+7,    1.535416E-3,    -3.650665E-3
1.224125E+7,    1.528263E-3,    -3.651142E-3
1.224750E+7,    1.588345E-3,    -3.668785E-3
1.225375E+7,    1.526833E-3,    -3.735781E-3
1.226000E+7,    1.559973E-3,    -3.777504E-3
1.226625E+7,    1.580954E-3,    -3.836870E-3
1.227250E+7,    1.569748E-3,    -3.860474E-3
1.227875E+7,    1.593828E-3,    -3.895283E-3
1.228500E+7,    1.620293E-3,    -3.936529E-3
1.229125E+7,    1.664639E-3,    -4.025936E-3
1.229750E+7,    1.679420E-3,    -4.034996E-3
1.230375E+7,    1.660347E-3,    -4.098415E-3
1.231000E+7,    1.658916E-3,    -4.148960E-3
1.231625E+7,    1.701355E-3,    -4.169941E-3
1.232250E+7,    1.719952E-3,    -4.209518E-3
1.232875E+7,    1.698017E-3,    -4.278660E-3
1.233500E+7,    1.745701E-3,    -4.273415E-3
1.234125E+7,    1.723766E-3,    -4.318237E-3
1.234750E+7,    1.711845E-3,    -4.372597E-3
1.235375E+7,    1.775742E-3,    -4.529953E-3
1.236000E+7,    1.805305E-3,    -4.562378E-3
1.236625E+7,    1.837730E-3,    -4.596710E-3
1.237250E+7,    1.833439E-3,    -4.617691E-3
1.237875E+7,    1.840115E-3,    -4.652977E-3
1.238500E+7,    1.892567E-3,    -4.734039E-3
1.239125E+7,    1.839161E-3,    -4.734039E-3
1.239750E+7,    1.861572E-3,    -4.806995E-3
1.240375E+7,    1.940250E-3,    -4.865646E-3
1.241000E+7,    1.998425E-3,    -4.999638E-3
1.241625E+7,    1.921654E-3,    -5.018234E-3
1.242250E+7,    2.000809E-3,    -5.091667E-3
1.242875E+7,    1.998425E-3,    -5.201340E-3
1.243500E+7,    2.048016E-3,    -5.274296E-3
1.244125E+7,    2.026081E-3,    -5.347729E-3
1.244750E+7,    2.073765E-3,    -5.331039E-3
1.245375E+7,    2.089500E-3,    -5.405426E-3
1.246000E+7,    2.120972E-3,    -5.527496E-3
1.246625E+7,    2.149582E-3,    -5.548000E-3
1.247250E+7,    2.192497E-3,    -5.629539E-3
1.247875E+7,    2.169609E-3,    -5.687714E-3
1.248500E+7,    2.214432E-3,    -5.763531E-3
1.249125E+7,    2.273560E-3,    -5.879879E-3
1.249750E+7,    2.236843E-3,    -5.922794E-3
1.250375E+7,    2.261639E-3,    -6.088734E-3
1.251000E+7,    2.335072E-3,    -6.130695E-3
1.251625E+7,    2.339363E-3,    -6.200790E-3
1.252250E+7,    2.367973E-3,    -6.277561E-3
1.252875E+7,    2.359867E-3,    -6.361961E-3
1.253500E+7,    2.448082E-3,    -6.438732E-3
1.254125E+7,    2.534389E-3,    -6.556511E-3
1.254750E+7,    2.476215E-3,    -6.620407E-3
1.255375E+7,    2.506733E-3,    -6.798267E-3
1.256000E+7,    2.595425E-3,    -6.832600E-3
1.256625E+7,    2.564430E-3,    -6.950378E-3
1.257250E+7,    2.612591E-3,    -7.084846E-3
1.257875E+7,    2.654076E-3,    -7.149220E-3
1.258500E+7,    2.678871E-3,    -7.265091E-3
1.259125E+7,    2.755165E-3,    -7.380009E-3
1.259750E+7,    2.729893E-3,    -7.440567E-3
1.260375E+7,    2.790451E-3,    -7.592678E-3
1.261000E+7,    2.778053E-3,    -7.717133E-3
1.261625E+7,    2.828121E-3,    -7.914543E-3
1.262250E+7,    2.898693E-3,    -7.931709E-3
1.262875E+7,    2.673149E-3,    -8.400917E-3
1.263500E+7,    2.943993E-3,    -8.108139E-3
1.264125E+7,    3.055573E-3,    -8.362770E-3
1.264750E+7,    3.011703E-3,    -8.556366E-3
1.265375E+7,    3.097534E-3,    -8.648872E-3
1.266000E+7,    3.029823E-3,    -8.916855E-3
1.266625E+7,    3.134727E-3,    -8.903503E-3
1.267250E+7,    1.157761E-3,    -9.731293E-3
1.267875E+7,    2.068520E-3,    -9.811401E-3
1.268500E+7,    1.152992E-3,    -1.032352E-2
1.269125E+7,    2.441406E-3,    -1.018429E-2
1.269750E+7,    3.357887E-3,    -9.552956E-3
1.270375E+7,    1.382828E-4,    -1.006699E-2
1.271000E+7,    1.302719E-3,    -1.152134E-2
1.271625E+7,    3.634453E-3,    -1.019382E-2
1.272250E+7,    3.664970E-3,    -1.039600E-2
1.272875E+7,    3.689766E-3,    -1.058769E-2
1.273500E+7,    3.639221E-3,    -1.099873E-2
1.274125E+7,    3.813744E-3,    -1.109695E-2
1.274750E+7,    3.829956E-3,    -1.145554E-2
1.275375E+7,    3.949165E-3,    -1.143122E-2
1.276000E+7,    3.300190E-3,    -1.192093E-2
1.276625E+7,    1.887321E-3,    -1.237679E-2
1.277250E+7,    -2.141476E-3,    -9.083748E-3
1.277875E+7,    -3.416061E-3,    -1.144409E-2
1.278500E+7,    -1.561165E-3,    -1.355886E-2
1.279125E+7,    2.703667E-4,    -1.426268E-2
1.279750E+7,    3.211021E-3,    -1.346397E-2
1.280375E+7,    -1.372337E-3,    -1.322651E-2
1.281000E+7,    -4.826546E-3,    -1.136589E-2
1.281625E+7,    -3.877640E-3,    -1.517391E-2
1.282250E+7,    -4.199028E-3,    -1.510239E-2
1.282875E+7,    1.362801E-3,    -1.550913E-2
1.283500E+7,    -6.202698E-3,    -1.326275E-2
1.284125E+7,    4.354477E-3,    -1.680565E-2
1.284750E+7,    4.939079E-3,    -1.649857E-2
1.285375E+7,    3.822327E-3,    -1.760864E-2
1.286000E+7,    3.877640E-3,    -1.761246E-2
1.286625E+7,    3.771782E-3,    -1.846504E-2
1.287250E+7,    4.482269E-3,    -1.863003E-2
1.287875E+7,    5.459785E-3,    -1.822567E-2
1.288500E+7,    4.346848E-3,    -1.852989E-2
1.289125E+7,    3.161430E-3,    -2.046967E-2
1.289750E+7,    3.709793E-4,    -2.079678E-2
1.290375E+7,    3.955841E-3,    -2.029800E-2
1.291000E+7,    2.532005E-3,    -2.128792E-2
1.291625E+7,    1.482964E-3,    -2.274323E-2
1.292250E+7,    -1.141548E-3,    -2.023315E-2
1.292875E+7,    4.901886E-4,    -2.250385E-2
1.293500E+7,    -8.394241E-3,    -1.906395E-2
1.294125E+7,    -5.634308E-3,    -2.117062E-2
1.294750E+7,    -8.296967E-3,    -1.656437E-2
1.295375E+7,    -8.539200E-3,    -1.103401E-2
1.296000E+7,    -7.469177E-3,    -8.399963E-3
1.296625E+7,    -7.336140E-3,    -8.036137E-3
1.297250E+7,    -7.606983E-3,    -8.326054E-3
1.297875E+7,    -7.786751E-3,    -8.454323E-3
1.298500E+7,    -7.941246E-3,    -8.609772E-3
1.299125E+7,    -8.185387E-3,    -8.782387E-3
1.299750E+7,    -8.400917E-3,    -8.940697E-3
1.300375E+7,    -8.662224E-3,    -9.175301E-3
1.301000E+7,    -8.929253E-3,    -9.371758E-3
1.301625E+7,    -9.184837E-3,    -9.587288E-3
1.302250E+7,    -9.509087E-3,    -9.890556E-3
1.302875E+7,    -9.811401E-3,    -1.009083E-2
1.303500E+7,    -1.010609E-2,    -1.037407E-2
1.304125E+7,    -1.045036E-2,    -1.056194E-2
1.304750E+7,    -1.076603E-2,    -1.083946E-2
1.305375E+7,    -1.108074E-2,    -1.109505E-2
1.306000E+7,    -1.146317E-2,    -1.135349E-2
1.306625E+7,    -1.187611E-2,    -1.167297E-2
1.307250E+7,    -1.229668E-2,    -1.196384E-2
1.307875E+7,    -1.277733E-2,    -1.235294E-2
1.308500E+7,    -1.327324E-2,    -1.269436E-2
1.309125E+7,    -1.376724E-2,    -1.304817E-2
1.309750E+7,    -1.422405E-2,    -1.338482E-2
1.310375E+7,    -1.478291E-2,    -1.372433E-2
1.311000E+7,    -1.532936E-2,    -1.413250E-2
1.311625E+7,    -1.594353E-2,    -1.453304E-2
1.312250E+7,    -1.665688E-2,    -1.500893E-2
1.312875E+7,    -1.735687E-2,    -1.546669E-2
1.313500E+7,    -1.807976E-2,    -1.594543E-2
1.314125E+7,    -1.880646E-2,    -1.636505E-2
1.314750E+7,    -1.968765E-2,    -1.695633E-2
1.315375E+7,    -2.083778E-2,    -1.765633E-2
1.316000E+7,    -2.176476E-2,    -1.827240E-2
1.316625E+7,    -2.272415E-2,    -1.889801E-2
1.317250E+7,    -2.365875E-2,    -1.930809E-2
1.317875E+7,    -2.489662E-2,    -2.003098E-2
1.318500E+7,    -2.602577E-2,    -2.066422E-2
1.319125E+7,    -2.754784E-2,    -2.143478E-2
1.319750E+7,    -2.851486E-2,    -2.198410E-2
1.320375E+7,    -3.005981E-2,    -2.266121E-2
1.321000E+7,    -3.184128E-2,    -2.368355E-2
1.321625E+7,    -3.306389E-2,    -2.412033E-2
1.322250E+7,    -3.484154E-2,    -2.492714E-2
1.322875E+7,    -3.704643E-2,    -2.593422E-2
1.323500E+7,    -3.944397E-2,    -2.692032E-2
1.324125E+7,    -4.217148E-2,    -2.821732E-2
1.324750E+7,    -4.561996E-2,    -2.975845E-2
1.325375E+7,    -4.920578E-2,    -3.137970E-2
1.326000E+7,    -5.193329E-2,    -3.216934E-2
1.326625E+7,    -5.548477E-2,    -3.334045E-2
1.327250E+7,    -5.939102E-2,    -3.466034E-2
1.327875E+7,    -6.426620E-2,    -3.600311E-2
1.328500E+7,    -6.825256E-2,    -3.692627E-2
1.329125E+7,    -7.447433E-2,    -3.878403E-2
1.329750E+7,    -7.960892E-2,    -4.004288E-2
1.330375E+7,    -8.520889E-2,    -4.039383E-2
1.331000E+7,    -9.464264E-2,    -4.213715E-2
1.331625E+7,    -1.021500E-1,    -4.344177E-2
1.332250E+7,    -1.133957E-1,    -4.501343E-2
1.332875E+7,    -1.191330E-1,    -4.467773E-2
1.333500E+7,    -1.264191E-1,    -4.231262E-2
1.334125E+7,    -1.359329E-1,    -4.165649E-2
1.334750E+7,    -1.475830E-1,    -3.974152E-2
1.335375E+7,    -1.643753E-1,    -3.753662E-2
1.336000E+7,    -1.792831E-1,    -3.506470E-2
1.336625E+7,    -1.949844E-1,    -2.846527E-2
1.337250E+7,    -2.172699E-1,    -2.190399E-2
1.337875E+7,    -2.368622E-1,    -1.030731E-2
1.338500E+7,    -2.583008E-1,    4.516602E-3
1.339125E+7,    -2.871246E-1,    2.464294E-2
1.339750E+7,    -3.114319E-1,    5.015564E-2
1.340375E+7,    -3.339081E-1,    8.425903E-2
1.341000E+7,    -3.562469E-1,    1.275482E-1
1.341625E+7,    -3.765259E-1,    1.824341E-1
1.342250E+7,    -3.829651E-1,    2.452698E-1
1.342875E+7,    -3.780823E-1,    3.184662E-1
1.343500E+7,    -3.549652E-1,    3.941956E-1
1.344125E+7,    -3.082275E-1,    4.586639E-1
1.344750E+7,    -2.485962E-1,    5.187683E-1
1.345375E+7,    -1.776428E-1,    5.610046E-1
1.346000E+7,    -9.982300E-2,    5.845032E-1
1.346625E+7,    -2.487183E-2,    5.972290E-1
1.347250E+7,    4.614258E-2,    5.988159E-1
1.347875E+7,    1.104736E-1,    5.822754E-1
1.348500E+7,    1.679687E-1,    5.572510E-1
1.349125E+7,    2.189331E-1,    5.332031E-1
1.349750E+7,    2.656860E-1,    5.073242E-1
1.350375E+7,    3.110962E-1,    4.846191E-1
1.351000E+7,    3.493347E-1,    4.527588E-1
1.351625E+7,    3.865967E-1,    4.194031E-1
1.352250E+7,    4.237366E-1,    3.858643E-1
1.352875E+7,    4.607849E-1,    3.495483E-1
1.353500E+7,    4.967346E-1,    3.087769E-1
1.354125E+7,    5.296021E-1,    2.612915E-1
1.354750E+7,    5.606079E-1,    2.074890E-1
1.355375E+7,    5.846252E-1,    1.457825E-1
1.356000E+7,    6.000671E-1,    7.723999E-2
1.356625E+7,    6.028442E-1,    5.310059E-3
1.357250E+7,    5.917358E-1,    -7.092285E-2
1.357875E+7,    5.666504E-1,    -1.439819E-1
1.358500E+7,    5.263062E-1,    -2.086792E-1
1.359125E+7,    4.741516E-1,    -2.619629E-1
1.359750E+7,    4.165039E-1,    -3.010559E-1
1.360375E+7,    3.565063E-1,    -3.251648E-1
1.361000E+7,    2.986450E-1,    -3.367310E-1
1.361625E+7,    2.461548E-1,    -3.378906E-1
1.362250E+7,    1.992493E-1,    -3.314514E-1
1.362875E+7,    1.602173E-1,    -3.201599E-1
1.363500E+7,    1.270752E-1,    -3.060913E-1
1.364125E+7,    9.930420E-2,    -2.906494E-1
1.364750E+7,    7.589722E-2,    -2.741394E-1
1.365375E+7,    5.770874E-2,    -2.578735E-1
1.366000E+7,    4.238892E-2,    -2.427673E-1
1.366625E+7,    2.975464E-2,    -2.283325E-1
1.367250E+7,    1.930237E-2,    -2.152100E-1
1.367875E+7,    1.104736E-2,    -2.022705E-1
1.368500E+7,    4.287720E-3,    -1.902008E-1
1.369125E+7,    -1.342773E-3,    -1.791840E-1
1.369750E+7,    -6.408691E-3,    -1.692047E-1
1.370375E+7,    -9.979248E-3,    -1.602020E-1
1.371000E+7,    -1.330566E-2,    -1.517487E-1
1.371625E+7,    -1.564026E-2,    -1.441803E-1
1.372250E+7,    -1.800537E-2,    -1.371155E-1
1.372875E+7,    -1.980591E-2,    -1.308594E-1
1.373500E+7,    -2.156067E-2,    -1.250305E-1
1.374125E+7,    -2.244568E-2,    -1.194458E-1
1.374750E+7,    -2.369690E-2,    -1.146545E-1
1.375375E+7,    -2.474976E-2,    -1.102448E-1
1.376000E+7,    -2.549744E-2,    -1.059113E-1
1.376625E+7,    -2.604675E-2,    -1.020508E-1
1.377250E+7,    -2.667236E-2,    -9.843445E-2
1.377875E+7,    -2.729034E-2,    -9.545898E-2
1.378500E+7,    -2.803802E-2,    -9.201050E-2
1.379125E+7,    -2.799225E-2,    -8.934784E-2
1.379750E+7,    -2.877808E-2,    -8.664703E-2
1.380375E+7,    -2.905273E-2,    -8.395386E-2
1.381000E+7,    -2.942657E-2,    -8.210754E-2
1.381625E+7,    -2.967072E-2,    -7.986450E-2
1.382250E+7,    -3.004456E-2,    -7.826996E-2
1.382875E+7,    -3.031158E-2,    -7.654572E-2
1.383500E+7,    -3.070831E-2,    -7.522583E-2
1.384125E+7,    -3.121185E-2,    -7.366943E-2
1.384750E+7,    -3.160095E-2,    -7.247162E-2
1.385375E+7,    -3.189087E-2,    -7.131958E-2
1.386000E+7,    -3.256226E-2,    -7.017517E-2
1.386625E+7,    -3.327942E-2,    -6.929779E-2
1.387250E+7,    -3.366089E-2,    -6.856537E-2
1.387875E+7,    -3.413391E-2,    -6.798553E-2
1.388500E+7,    -3.480530E-2,    -6.755066E-2
1.389125E+7,    -3.567505E-2,    -6.716156E-2
1.389750E+7,    -3.651428E-2,    -6.682587E-2
1.390375E+7,    -3.762054E-2,    -6.661224E-2
1.391000E+7,    -3.862000E-2,    -6.655884E-2
1.391625E+7,    -3.994751E-2,    -6.667328E-2
1.392250E+7,    -4.137421E-2,    -6.684113E-2
1.392875E+7,    -4.309845E-2,    -6.716919E-2
1.393500E+7,    -4.493332E-2,    -6.766510E-2
1.394125E+7,    -4.710770E-2,    -6.830597E-2
1.394750E+7,    -4.960251E-2,    -6.909561E-2
1.395375E+7,    -5.252075E-2,    -6.998062E-2
1.396000E+7,    -5.596161E-2,    -7.102203E-2
1.396625E+7,    -5.992126E-2,    -7.212067E-2
1.397250E+7,    -6.478119E-2,    -7.340240E-2
1.397875E+7,    -7.048035E-2,    -7.462311E-2
1.398500E+7,    -7.735443E-2,    -7.588196E-2
1.399125E+7,    -8.596802E-2,    -7.689667E-2
1.399750E+7,    -9.629822E-2,    -7.720184E-2
1.400375E+7,    -1.093826E-1,    -7.623291E-2
1.401000E+7,    -1.254807E-1,    -7.273865E-2
1.401625E+7,    -1.448517E-1,    -6.507111E-2
1.402250E+7,    -1.669769E-1,    -5.009460E-2
1.402875E+7,    -1.885300E-1,    -2.386475E-2
1.403500E+7,    -2.023697E-1,    1.598358E-2
1.404125E+7,    -1.974792E-1,    6.441498E-2
1.404750E+7,    -1.701813E-1,    1.079712E-1
1.405375E+7,    -1.287079E-1,    1.325836E-1
1.406000E+7,    -8.737183E-2,    1.365814E-1
1.406625E+7,    -5.592346E-2,    1.280518E-1
1.407250E+7,    -3.343964E-2,    1.148911E-1
1.407875E+7,    -1.908112E-2,    1.014023E-1
1.408500E+7,    -9.399414E-3,    8.913422E-2
1.409125E+7,    -3.433228E-3,    7.827759E-2
1.409750E+7,    6.103516E-4,    6.893158E-2
1.410375E+7,    3.227234E-3,    6.103516E-2
1.411000E+7,    4.886627E-3,    5.441284E-2
1.411625E+7,    5.893707E-3,    4.874039E-2
1.412250E+7,    6.538391E-3,    4.391098E-2
1.412875E+7,    6.908417E-3,    3.968811E-2
1.413500E+7,    7.038116E-3,    3.610992E-2
1.414125E+7,    7.076263E-3,    3.290558E-2
1.414750E+7,    7.022858E-3,    3.015137E-2
1.415375E+7,    6.896973E-3,    2.775764E-2
1.416000E+7,    6.702423E-3,    2.554703E-2
1.416625E+7,    6.561279E-3,    2.363968E-2
1.417250E+7,    6.324768E-3,    2.186775E-2
1.417875E+7,    6.106377E-3,    2.034760E-2
1.418500E+7,    5.901337E-3,    1.891613E-2
1.419125E+7,    5.703926E-3,    1.766014E-2
1.419750E+7,    5.506516E-3,    1.651192E-2
1.420375E+7,    5.241394E-3,    1.545715E-2
1.421000E+7,    5.059242E-3,    1.451778E-2
1.421625E+7,    4.867554E-3,    1.358318E-2
1.422250E+7,    4.703522E-3,    1.282406E-2
1.422875E+7,    4.510880E-3,    1.203918E-2
1.423500E+7,    4.325867E-3,    1.136303E-2
1.424125E+7,    4.162312E-3,    1.074028E-2
1.424750E+7,    4.014969E-3,    1.018572E-2
1.425375E+7,    3.852844E-3,    9.657860E-3
1.426000E+7,    3.718853E-3,    9.090900E-3
1.426625E+7,    3.559589E-3,    8.657932E-3
1.427250E+7,    3.442764E-3,    8.193016E-3
1.427875E+7,    3.299236E-3,    7.784367E-3
1.428500E+7,    3.188133E-3,    7.385254E-3
1.429125E+7,    3.063202E-3,    7.045269E-3
1.429750E+7,    2.954483E-3,    6.742001E-3
1.430375E+7,    2.806664E-3,    6.401539E-3
1.431000E+7,    2.706528E-3,    6.111622E-3
1.431625E+7,    2.622128E-3,    5.855083E-3
1.432250E+7,    2.538204E-3,    5.563259E-3
1.432875E+7,    2.455711E-3,    5.319834E-3
1.433500E+7,    2.364874E-3,    5.094767E-3
1.434125E+7,    2.297163E-3,    4.884720E-3
1.434750E+7,    2.241373E-3,    4.691124E-3
1.435375E+7,    2.131224E-3,    4.487514E-3
1.436000E+7,    2.064228E-3,    4.315615E-3
1.436625E+7,    1.981974E-3,    4.127741E-3
1.437250E+7,    1.918077E-3,    3.929853E-3
1.437875E+7,    1.852274E-3,    3.795385E-3
1.438500E+7,    1.799107E-3,    3.674269E-3
1.439125E+7,    1.724482E-3,    3.508806E-3
1.439750E+7,    1.696110E-3,    3.347874E-3
1.440375E+7,    1.624823E-3,    3.237963E-3
1.441000E+7,    1.573086E-3,    3.118753E-3
1.441625E+7,    1.521349E-3,    2.993822E-3
1.442250E+7,    1.464605E-3,    2.902746E-3
1.442875E+7,    1.436710E-3,    2.769947E-3
1.443500E+7,    1.370907E-3,    2.681255E-3
1.444125E+7,    1.333714E-3,    2.568841E-3
1.444750E+7,    1.298785E-3,    2.487302E-3
1.445375E+7,    1.234412E-3,    2.423048E-3
1.446000E+7,    1.224399E-3,    2.306223E-3
1.446625E+7,    1.166344E-3,    2.254367E-3
1.447250E+7,    1.147628E-3,    2.145052E-3
1.447875E+7,    1.109004E-3,    2.068043E-3
1.448500E+7,    1.078606E-3,    1.997948E-3
1.449125E+7,    1.033783E-3,    1.960754E-3
1.449750E+7,    1.006484E-3,    1.873732E-3
1.450375E+7,    9.993315E-4,    1.813054E-3
1.451000E+7,    9.615421E-4,    1.746655E-3
1.451625E+7,    9.422302E-4,    1.702785E-3
1.452250E+7,    9.337664E-4,    1.652956E-3
1.452875E+7,    8.912086E-4,    1.586437E-3
1.453500E+7,    8.628368E-4,    1.534343E-3
1.454125E+7,    8.271933E-4,    1.500607E-3
1.454750E+7,    8.201599E-4,    1.447082E-3
1.455375E+7,    7.998943E-4,    1.397252E-3
1.456000E+7,    7.809401E-4,    1.346946E-3
1.456625E+7,    7.498264E-4,    1.323938E-3
1.457250E+7,    7.205606E-4,    1.247466E-3
1.457875E+7,    6.999373E-4,    1.228690E-3
1.458500E+7,    6.879568E-4,    1.170456E-3
1.459125E+7,    6.727576E-4,    1.173079E-3
1.459750E+7,    6.436110E-4,    1.132548E-3
1.460375E+7,    6.372929E-4,    1.088977E-3
1.461000E+7,    6.275773E-4,    1.046360E-3
1.461625E+7,    6.000400E-4,    1.021028E-3
1.462250E+7,    5.775094E-4,    9.812117E-4
1.462875E+7,    5.640388E-4,    9.754300E-4
1.463500E+7,    5.464554E-4,    9.355545E-4
1.464125E+7,    5.424023E-4,    8.898377E-4
1.464750E+7,    5.418658E-4,    8.891225E-4
1.465375E+7,    5.161762E-4,    8.572936E-4
1.466000E+7,    5.146861E-4,    8.339286E-4
1.466625E+7,    4.990697E-4,    8.096099E-4
1.467250E+7,    4.668832E-4,    7.846951E-4
1.467875E+7,    4.552007E-4,    7.792115E-4
1.468500E+7,    4.556775E-4,    7.492304E-4
1.469125E+7,    4.525781E-4,    7.121563E-4
1.469750E+7,    4.533529E-4,    7.190108E-4
1.470375E+7,    4.187226E-4,    6.979108E-4
1.471000E+7,    4.182458E-4,    6.751418E-4
1.471625E+7,    4.017353E-4,    6.480217E-4
1.472250E+7,    4.119277E-4,    6.148219E-4
1.472875E+7,    3.856421E-4,    5.983710E-4
1.473500E+7,    3.938675E-4,    6.189346E-4
1.474125E+7,    3.552437E-4,    5.917847E-4
1.474750E+7,    3.545880E-4,    5.760491E-4
1.475375E+7,    3.519356E-4,    5.616844E-4
1.476000E+7,    3.558695E-4,    5.288422E-4
1.476625E+7,    3.236830E-4,    5.087256E-4
1.477250E+7,    3.283918E-4,    4.913807E-4
1.477875E+7,    2.943277E-4,    4.710257E-4
1.478500E+7,    3.107786E-4,    4.957914E-4
1.479125E+7,    2.930164E-4,    4.935861E-4
1.479750E+7,    2.983510E-4,    4.681945E-4
1.480375E+7,    2.691150E-4,    4.470050E-4
1.481000E+7,    2.883971E-4,    4.404485E-4
1.481625E+7,    2.756715E-4,    4.214048E-4
1.482250E+7,    2.748072E-4,    4.214942E-4
1.482875E+7,    2.591014E-4,    4.196465E-4
1.483500E+7,    2.525151E-4,    3.828108E-4
1.484125E+7,    2.464652E-4,    3.850460E-4
1.484750E+7,    2.649426E-4,    3.774762E-4
1.485375E+7,    2.430379E-4,    3.850758E-4
1.486000E+7,    2.372861E-4,    3.485978E-4
1.486625E+7,    2.513230E-4,    3.818572E-4
1.487250E+7,    2.442598E-4,    3.378987E-4
1.487875E+7,    2.129972E-4,    3.332198E-4
1.488500E+7,    2.085567E-4,    3.186762E-4
1.489125E+7,    2.072155E-4,    3.119409E-4
1.489750E+7,    2.154410E-4,    3.083348E-4
1.490375E+7,    1.928955E-4,    3.017634E-4
1.491000E+7,    2.110302E-4,    2.942085E-4
1.491625E+7,    1.834929E-4,    2.890676E-4
1.492250E+7,    1.808405E-4,    2.979487E-4
1.492875E+7,    1.735836E-4,    2.769530E-4
1.493500E+7,    1.798868E-4,    2.509654E-4
1.494125E+7,    1.674891E-4,    2.794117E-4
1.494750E+7,    1.846254E-4,    2.488047E-4
1.495375E+7,    1.747161E-4,    2.606660E-4
1.496000E+7,    1.840591E-4,    2.406389E-4
1.496625E+7,    1.486689E-4,    2.315193E-4
1.497250E+7,    1.534820E-4,    2.217889E-4
1.497875E+7,    1.469851E-4,    2.402067E-4
1.498500E+7,    1.453608E-4,    2.169162E-4
1.499125E+7,    1.413375E-4,    2.347827E-4
1.499750E+7,    1.516044E-4,    1.902580E-4
1.500375E+7,    1.208782E-4,    2.114028E-4
1.501000E+7,    1.516789E-4,    2.059042E-4
1.501625E+7,    1.331866E-4,    2.062321E-4
1.502250E+7,    1.314133E-4,    1.748353E-4
1.502875E+7,    1.414418E-4,    1.863241E-4
1.503500E+7,    1.456141E-4,    1.928955E-4
1.504125E+7,    1.339763E-4,    1.576990E-4
1.504750E+7,    1.276135E-4,    1.686811E-4
1.505375E+7,    1.252741E-4,    1.700073E-4
1.506000E+7,    1.423210E-4,    1.532137E-4
1.506625E+7,    1.151413E-4,    1.825094E-4
1.507250E+7,    1.104251E-4,    1.355633E-4
1.507875E+7,    1.074523E-4,    1.448840E-4
1.508500E+7,    1.238883E-4,    1.527667E-4
1.509125E+7,    9.808689E-5,    1.489595E-4
1.509750E+7,    9.546429E-5,    1.336262E-4
1.510375E+7,    9.602308E-5,    1.417324E-4
1.511000E+7,    8.621067E-5,    1.464859E-4
1.511625E+7,    1.063272E-4,    1.445487E-4
1.512250E+7,    8.673966E-5,    1.129955E-4
1.512875E+7,    1.102760E-4,    1.338571E-4
1.513500E+7,    9.748340E-5,    1.235828E-4
1.514125E+7,    8.808076E-5,    1.286119E-4
1.514750E+7,    9.162724E-5,    1.264662E-4
1.515375E+7,    7.238239E-5,    1.201704E-4
1.516000E+7,    7.900596E-5,    1.166463E-4
1.516625E+7,    9.943545E-5,    1.139790E-4
1.517250E+7,    7.931888E-5,    9.973347E-5
1.517875E+7,    9.366125E-5,    1.168996E-4
1.518500E+7,    6.917864E-5,    7.992983E-5
1.519125E+7,    6.301701E-5,    8.324534E-5
1.519750E+7,    8.543581E-5,    1.301691E-4
1.520375E+7,    7.070601E-5,    8.767098E-5
1.521000E+7,    7.574260E-5,    1.103431E-4
1.521625E+7,    7.209182E-5,    9.570271E-5
1.522250E+7,    8.304417E-5,    9.880960E-5
1.522875E+7,    6.377697E-5,    1.100078E-4
1.523500E+7,    8.260459E-5,    9.012967E-5
1.524125E+7,    6.262958E-5,    8.452684E-5
1.524750E+7,    5.540997E-5,    7.160753E-5
1.525375E+7,    5.767494E-5,    9.648502E-5
1.526000E+7,    8.365512E-5,    8.103251E-5
1.526625E+7,    6.458908E-5,    8.463115E-5
1.527250E+7,    4.429743E-5,    7.959083E-5
1.527875E+7,    6.733090E-5,    6.584823E-5
1.528500E+7,    6.549060E-5,    7.633865E-5
1.529125E+7,    5.537271E-5,    7.400662E-5
1.529750E+7,    5.870312E-5,    7.183105E-5
1.530375E+7,    5.628914E-5,    8.235127E-5
1.531000E+7,    7.493049E-5,    5.257875E-5
1.531625E+7,    4.751980E-5,    6.049871E-5
1.532250E+7,    5.095825E-5,    5.786866E-5
1.532875E+7,    6.055087E-5,    5.141273E-5
1.533500E+7,    5.662069E-5,    6.483123E-5
1.534125E+7,    4.193187E-5,    5.653873E-5
1.534750E+7,    6.961077E-5,    7.667392E-5
1.535375E+7,    5.076081E-5,    6.742030E-5
1.536000E+7,    4.278123E-5,    7.142872E-5
1.536625E+7,    5.141646E-5,    7.579476E-5
1.537250E+7,    1.768768E-5,    4.812703E-5
1.537875E+7,    3.245100E-5,    6.924197E-5
1.538500E+7,    4.191697E-5,    7.484108E-5
1.539125E+7,    6.482005E-5,    7.900596E-5
1.539750E+7,    5.357713E-5,    7.701665E-5
1.540375E+7,    2.626702E-5,    7.856265E-5
1.541000E+7,    5.359203E-5,    4.845113E-5
1.541625E+7,    3.109500E-5,    5.702674E-5
1.542250E+7,    4.654750E-5,    4.974008E-5
1.542875E+7,    1.584738E-5,    7.804856E-5
1.543500E+7,    4.346296E-5,    4.610419E-5
1.544125E+7,    6.595999E-5,    4.681200E-5
1.544750E+7,    4.103780E-5,    3.375113E-5
1.545375E+7,    3.945082E-5,    4.653633E-5
1.546000E+7,    6.740168E-5,    3.805384E-5
1.546625E+7,    3.740937E-5,    5.597249E-5
1.547250E+7,    3.728643E-5,    3.546104E-5
1.547875E+7,    1.691654E-5,    5.022064E-5
1.548500E+7,    1.989305E-5,    2.600439E-5
1.549125E+7,    4.762411E-5,    2.748892E-5
1.549750E+7,    3.435835E-5,    2.915040E-5
1.550375E+7,    4.892424E-5,    4.266202E-5
1.551000E+7,    5.246326E-5,    1.605228E-5
1.551625E+7,    5.690008E-5,    4.398823E-5
1.552250E+7,    2.044253E-5,    2.604164E-5
1.552875E+7,    7.854775E-6,    3.696233E-5
1.553500E+7,    3.046170E-5,    3.768876E-5
1.554125E+7,    9.439886E-6,    3.896095E-5
1.554750E+7,    6.025285E-5,    6.701052E-5
1.555375E+7,    1.195818E-5,    3.179722E-5
1.556000E+7,    2.940185E-5,    2.881512E-5
1.556625E+7,    2.311170E-5,    1.976267E-5
1.557250E+7,    -4.619360E-7,    3.775209E-5
1.557875E+7,    1.549534E-5,    4.640035E-5
1.558500E+7,    2.734549E-5,    1.963601E-5
1.559125E+7,    1.507811E-5,    3.011152E-5
1.559750E+7,    3.876165E-5,    2.010353E-5
1.560375E+7,    5.850568E-6,    3.748015E-5
1.561000E+7,    6.794930E-6,    2.633035E-5
1.561625E+7,    1.083408E-5,    1.233350E-5
1.562250E+7,    2.143905E-5,    2.408959E-5
1.562875E+7,    1.484342E-5,    4.156120E-5
1.563500E+7,    2.415478E-5,    2.102740E-5
1.564125E+7,    2.079830E-5,    2.321228E-5
1.564750E+7,    1.032930E-5,    1.142453E-5
1.565375E+7,    3.987923E-5,    2.650172E-5
1.566000E+7,    2.909265E-5,    1.489371E-5
1.566625E+7,    2.609938E-5,    2.843142E-5
1.567250E+7,    1.934357E-5,    -7.443130E-6
1.567875E+7,    2.856180E-5,    3.623217E-5
1.568500E+7,    2.163928E-5,    6.966293E-7
1.569125E+7,    2.908148E-5,    2.518110E-5
1.569750E+7,    2.385862E-5,    1.950562E-5
1.570375E+7,    7.513911E-6,    2.446212E-5
1.571000E+7,    1.854263E-5,    1.373701E-5
1.571625E+7,    1.056772E-5,    1.089554E-5
1.572250E+7,    5.315058E-6,    5.452428E-6
1.572875E+7,    2.611894E-6,    8.096918E-6
1.573500E+7,    1.065712E-5,    1.079962E-5
1.574125E+7,    2.397411E-5,    1.883879E-5
1.574750E+7,    2.145581E-5,    1.070462E-5
1.575375E+7,    4.563481E-8,    2.143253E-5
1.576000E+7,    2.685376E-5,    1.589023E-5
1.576625E+7,    -6.082246E-12,    -6.385790E-10
1.577250E+7,    8.201227E-6,    1.331512E-5
1.577875E+7,    1.392700E-5,    2.927892E-5
1.578500E+7,    3.521517E-5,    1.815893E-5
1.579125E+7,    1.881924E-5,    2.261251E-6
1.579750E+7,    7.254072E-6,    -2.966542E-5
1.580375E+7,    1.421943E-5,    2.900697E-5
1.581000E+7,    1.392886E-5,    1.827255E-5
1.581625E+7,    1.978502E-5,    3.403239E-5
1.582250E+7,    4.051253E-5,    1.182035E-5
1.582875E+7,    3.440306E-6,    1.850724E-5
1.583500E+7,    1.876056E-5,    1.807697E-6
1.584125E+7,    4.009530E-5,    6.742775E-7
1.584750E+7,    9.832904E-6,    3.420375E-5
1.585375E+7,    1.181290E-5,    2.066977E-5
1.586000E+7,    -8.126721E-6,    -2.210494E-6
1.586625E+7,    -1.563970E-5,    6.248243E-6
1.587250E+7,    -6.788410E-6,    1.908094E-5
1.587875E+7,    1.698546E-5,    1.483597E-5
1.588500E+7,    1.136027E-5,    9.849668E-6
1.589125E+7,    5.697366E-6,    4.914589E-6
1.589750E+7,    -4.062429E-6,    1.629628E-5
1.590375E+7,    2.931338E-5,    2.477318E-7
1.591000E+7,    5.085021E-6,    2.888031E-5
1.591625E+7,    -1.488253E-6,    1.344597E-5
1.592250E+7,    -3.383961E-6,    -7.673632E-6
1.592875E+7,    -1.405366E-6,    1.344737E-5
1.593500E+7,    1.633540E-5,    3.749505E-6
1.594125E+7,    1.710467E-5,    3.823824E-5
1.594750E+7,    -6.007031E-6,    1.925603E-5
1.595375E+7,    2.568588E-5,    1.585670E-5
1.596000E+7,    9.359792E-6,    -1.168996E-5
1.596625E+7,    -3.496185E-6,    1.638010E-5
1.597250E+7,    -1.392886E-5,    1.763739E-5
1.597875E+7,    1.766067E-5,    1.390930E-5
1.598500E+7,    -1.640059E-5,    -3.335997E-6
1.599125E+7,    -2.231728E-5,    -7.857569E-6
1.599750E+7,    8.219558E-11,    6.241123E-10
1.600375E+7,    8.389354E-5,    -4.539639E-5
1.601000E+7,    -2.755038E-5,    -1.643598E-5
1.601625E+7,    -6.884336E-5,    -2.335757E-6
1.602250E+7,    -8.925796E-6,    -1.100563E-4
1.602875E+7,    2.687983E-5,    2.507679E-5
1.603500E+7,    9.228289E-5,    -1.598150E-6
1.604125E+7,    -8.172542E-5,    -6.089360E-5
1.604750E+7,    -7.870793E-5,    5.152822E-5
1.605375E+7,    -5.136430E-5,    -8.159876E-5
1.606000E+7,    -2.849847E-6,    3.719889E-5
1.606625E+7,    4.778244E-5,    -2.225302E-5
1.607250E+7,    -1.444221E-4,    6.020069E-6
1.607875E+7,    2.086163E-7,    -7.775798E-5
1.608500E+7,    -8.925796E-5,    3.629550E-5
1.609125E+7,    6.433204E-5,    -1.230836E-5
1.609750E+7,    -4.822761E-5,    2.792850E-5
1.610375E+7,    -7.521361E-6,    2.246816E-5
1.611000E+7,    1.583062E-5,    1.849979E-5
1.611625E+7,    2.000183E-4,    9.332597E-5
1.612250E+7,    -2.199598E-5,    -1.324713E-5
1.612875E+7,    1.844466E-4,    -2.764165E-6
1.613500E+7,    -8.244812E-5,    2.223626E-5
1.614125E+7,    9.252131E-5,    -7.623062E-5
1.614750E+7,    -4.817732E-6,    -1.190603E-5
1.615375E+7,    -3.177673E-5,    3.778003E-5
1.616000E+7,    -1.514144E-5,    -2.711266E-5
1.616625E+7,    2.933107E-5,    -6.309710E-6
1.617250E+7,    1.652539E-5,    -6.201863E-5
1.617875E+7,    1.122011E-5,    3.786292E-6
1.618500E+7,    8.805841E-5,    5.033612E-5
1.619125E+7,    7.737428E-6,    -9.440258E-5
1.619750E+7,    -3.008172E-6,    3.721379E-5
1.620375E+7,    -7.013232E-5,    1.159310E-5
1.621000E+7,    -9.479374E-5,    1.018271E-4
1.621625E+7,    4.815497E-5,    -2.493709E-5
1.622250E+7,    -6.473437E-5,    -5.426258E-5
1.622875E+7,    -3.901310E-5,    5.443022E-5
1.623500E+7,    6.891415E-5,    2.704561E-6
1.624125E+7,    4.813634E-5,    -2.486631E-5
1.624750E+7,    -1.459382E-5,    -3.292225E-5
1.625375E+7,    6.075948E-5,    -1.074299E-4
1.626000E+7,    6.753206E-5,    1.995265E-5
1.626625E+7,    1.238808E-4,    3.618002E-5
1.627250E+7,    -9.438954E-7,    1.144549E-5
1.627875E+7,    -6.280094E-5,    -1.463592E-4
1.628500E+7,    1.837686E-5,    5.628541E-5
1.629125E+7,    1.149997E-4,    3.773719E-6
1.629750E+7,    6.465986E-5,    -1.483038E-5
1.630375E+7,    3.912859E-5,    1.476519E-5
1.631000E+7,    1.097843E-5,    6.678514E-6
1.631625E+7,    1.147538E-4,    -6.252527E-5
1.632250E+7,    -8.544326E-5,    1.254678E-4
1.632875E+7,    1.410022E-6,    5.196035E-5
1.633500E+7,    -2.422370E-6,    2.859160E-5
1.634125E+7,    -2.603047E-5,    3.530085E-5
1.634750E+7,    1.392514E-4,    5.774200E-5
1.635375E+7,    -1.908839E-5,    2.144463E-5
1.636000E+7,    -1.181923E-4,    1.024492E-4
1.636625E+7,    -5.485490E-6,    -3.346242E-6
1.637250E+7,    4.845206E-7,    -5.724840E-6
1.637875E+7,    6.734580E-5,    8.926541E-5
1.638500E+7,    1.912285E-5,    -2.144091E-5
1.639125E+7,    -4.757196E-6,    -1.193769E-5
1.639750E+7,    -4.908070E-5,    -3.308430E-5
1.640375E+7,    8.120388E-5,    -4.619360E-6
1.641000E+7,    1.063384E-4,    -2.841651E-5
1.641625E+7,    -7.371418E-7,    8.591451E-6
1.642250E+7,    1.107827E-4,    -1.356378E-5
1.642875E+7,    -5.907938E-5,    -5.123392E-5
1.643500E+7,    -1.825392E-7,    6.924570E-5
1.644125E+7,    -5.682930E-5,    -1.064688E-5
1.644750E+7,    3.041234E-5,    -1.757219E-5
1.645375E+7,    -2.543256E-5,    -3.970042E-5
1.646000E+7,    6.720424E-5,    -4.325062E-5
1.646625E+7,    -5.898997E-5,    8.150190E-5
1.647250E+7,    1.170114E-5,    -1.861714E-6
1.647875E+7,    3.514066E-5,    -5.627051E-6
1.648500E+7,    -8.589029E-5,    5.885959E-5
1.649125E+7,    4.010275E-5,    -6.290525E-5
1.649750E+7,    -2.666563E-5,    -2.543256E-5
1.650375E+7,    -5.063042E-5,    -1.592934E-5
1.651000E+7,    -3.763661E-5,    -3.219396E-5
1.651625E+7,    5.231705E-6,    6.244052E-6
1.652250E+7,    4.409254E-5,    2.408773E-5
1.652875E+7,    -4.919805E-5,    3.321655E-5
1.653500E+7,    9.308755E-5,    -6.299466E-6
1.654125E+7,    1.971424E-5,    -2.718531E-5
1.654750E+7,    6.867945E-5,    -5.754456E-5
1.655375E+7,    -5.161203E-5,    -4.559755E-6
1.656000E+7,    -8.650497E-5,    -1.896173E-6
1.656625E+7,    1.644343E-5,    1.014303E-5
1.657250E+7,    -6.120279E-5,    3.797933E-5
1.657875E+7,    -7.853284E-5,    -2.724677E-5
1.658500E+7,    4.892051E-5,    9.977818E-5
1.659125E+7,    4.353374E-5,    -3.373064E-5
1.659750E+7,    1.819357E-4,    3.638864E-5
1.660375E+7,    5.993061E-5,    -2.354570E-5
1.661000E+7,    3.936701E-5,    1.220591E-5
1.661625E+7,    -8.061528E-6,    2.532080E-5
1.662250E+7,    1.559034E-4,    -6.110966E-5
1.662875E+7,    -3.657863E-5,    -4.379824E-5
1.663500E+7,    -2.168864E-5,    -1.643412E-5
1.664125E+7,    2.199635E-4,    -1.277179E-4
1.664750E+7,    6.739423E-5,    -4.023314E-5
1.665375E+7,    1.764819E-4,    -1.577437E-4
1.666000E+7,    6.658211E-5,    3.206357E-5
1.666625E+7,    -5.508959E-5,    3.262609E-5
1.667250E+7,    -3.732368E-5,    -3.527477E-5
1.667875E+7,    8.532777E-5,    1.642480E-5
1.668500E+7,    8.226931E-5,    -1.272187E-5
1.669125E+7,    5.060062E-5,    1.616776E-5
1.669750E+7,    4.854426E-5,    3.919005E-5
1.670375E+7,    1.019984E-5,    -1.757666E-4
1.671000E+7,    -6.741285E-5,    4.014373E-5
1.671625E+7,    -3.185868E-5,    -3.191456E-5
1.672250E+7,    7.333234E-6,    -1.670606E-5
1.672875E+7,    4.938990E-5,    3.065541E-5
1.673500E+7,    -8.045882E-5,    -7.424504E-6
1.674125E+7,    -8.857250E-5,    -1.066700E-4
1.674750E+7,    2.618320E-5,    -3.237091E-5
1.675375E+7,    -5.884096E-5,    9.119511E-6
1.676000E+7,    -4.507601E-7,    -5.802885E-5
1.676625E+7,    7.293001E-5,    2.704933E-5
1.677250E+7,    6.926805E-5,    3.505498E-6
1.677875E+7,    6.607920E-5,    3.797561E-5
1.678500E+7,    7.450581E-6,    4.421920E-5
1.679125E+7,    6.129593E-5,    -3.489107E-5
1.679750E+7,    -1.455285E-5,    -3.038347E-5
1.680375E+7,    5.166791E-5,    -5.612522E-5
1.681000E+7,    -4.069135E-5,    6.284565E-5
1.681625E+7,    -6.502494E-5,    -4.963204E-5
1.682250E+7,    5.308539E-6,    6.721541E-5
1.682875E+7,    3.782287E-5,    -3.128499E-5
1.683500E+7,    4.580244E-5,    6.817281E-5
1.684125E+7,    1.205504E-5,    -4.658010E-6
1.684750E+7,    7.118657E-5,    -1.653656E-5
1.685375E+7,    -5.839206E-5,    3.194436E-6
1.686000E+7,    -2.204329E-4,    1.792759E-4
1.686625E+7,    -5.919859E-5,    1.178309E-5
1.687250E+7,    -6.197020E-5,    4.059076E-5
1.687875E+7,    -6.086379E-5,    -3.193319E-5
1.688500E+7,    -2.438203E-5,    -4.877150E-5
1.689125E+7,    3.124215E-5,    -2.314523E-5
1.689750E+7,    -4.909933E-5,    2.720393E-5
1.690375E+7,    -1.608729E-4,    -7.934868E-5
1.691000E+7,    -2.627820E-5,    -1.507774E-4
1.691625E+7,    3.209710E-5,    -3.175251E-5
1.692250E+7,    6.341189E-5,    -5.492195E-5
1.692875E+7,    -1.103133E-4,    -1.810491E-6
1.693500E+7,    -1.839474E-4,    3.746152E-5
1.694125E+7,    -1.050346E-4,    4.421920E-6
1.694750E+7,    -7.149298E-6,    1.385901E-5
1.695375E+7,    9.580702E-5,    3.247708E-5
1.696000E+7,    2.702698E-5,    -9.913370E-5
1.696625E+7,    5.195849E-5,    -5.600974E-5
1.697250E+7,    2.231076E-5,    6.912276E-5
1.697875E+7,    -1.274422E-4,    -1.259670E-4
1.698500E+7,    -2.739727E-4,    -1.753569E-4
1.699125E+7,    1.410488E-6,    -1.441129E-5
1.699750E+7,    7.704645E-5,    4.536659E-5
1.700375E+7,    7.465109E-5,    1.022965E-5
1.701000E+7,    3.710389E-5,    -2.257526E-5
1.701625E+7,    -9.742379E-5,    4.287437E-5
1.702250E+7,    -2.290681E-5,    -6.338954E-5
1.702875E+7,    2.296716E-4,    3.421307E-5
1.703500E+7,    4.095584E-5,    1.758412E-4
1.704125E+7,    -2.622902E-4,    1.779050E-4
1.704750E+7,    -2.304018E-4,    -8.684397E-5
1.705375E+7,    -1.397803E-4,    -6.037205E-5
1.706000E+7,    -2.754852E-5,    1.021177E-4
1.706625E+7,    -1.024231E-4,    -2.474338E-5
1.707250E+7,    -8.893758E-5,    -4.381686E-5
1.707875E+7,    -1.061782E-4,    -4.553050E-5
1.708500E+7,    5.359948E-5,    -7.047504E-5
1.709125E+7,    -1.137257E-4,    -8.714199E-5
1.709750E+7,    -1.539215E-4,    2.247840E-5
1.710375E+7,    4.844740E-5,    -7.682294E-5
1.711000E+7,    -1.111478E-4,    6.167218E-5
1.711625E+7,    4.906952E-5,    -8.259714E-5
1.712250E+7,    -2.106838E-5,    -2.253987E-5
1.712875E+7,    -5.518273E-5,    2.655573E-5
1.713500E+7,    1.444109E-5,    3.058650E-5
1.714125E+7,    -2.568774E-5,    -3.462471E-5
1.714750E+7,    -4.323199E-6,    -1.502503E-5
1.715375E+7,    -4.993193E-5,    3.289431E-5
1.716000E+7,    1.646485E-5,    1.041219E-5
1.716625E+7,    -3.779307E-6,    3.754534E-5
1.717250E+7,    7.618964E-5,    -3.993511E-6
1.717875E+7,    -7.856637E-6,    7.795915E-5
1.718500E+7,    2.860464E-5,    5.828217E-6
1.719125E+7,    -1.544505E-5,    -7.742271E-5
1.719750E+7,    1.164712E-4,    3.132969E-6
1.720375E+7,    -8.589029E-5,    -1.313910E-4
1.721000E+7,    -2.548099E-6,    -3.238954E-5
1.721625E+7,    -2.597831E-5,    -3.185123E-5
1.722250E+7,    -6.092340E-5,    -3.252551E-5
1.722875E+7,    -1.661479E-6,    -4.108436E-5
1.723500E+7,    -1.024716E-4,    3.042445E-5
1.724125E+7,    -1.676381E-5,    -7.557683E-6
1.724750E+7,    -4.120171E-5,    -5.389750E-5
1.725375E+7,    1.043603E-4,    7.811934E-6
1.726000E+7,    -3.109500E-5,    -3.828108E-5
1.726625E+7,    6.676652E-6,    -8.085743E-6
1.727250E+7,    -1.719892E-4,    -3.232807E-5
1.727875E+7,    1.052096E-4,    1.132265E-4
1.728500E+7,    -1.862645E-5,    -4.576892E-5
1.729125E+7,    -1.885183E-5,    1.266785E-5
1.729750E+7,    2.673641E-5,    -3.230944E-5
1.730375E+7,    -1.805276E-5,    -5.160272E-5
1.731000E+7,    -1.342744E-4,    -2.093613E-6
1.731625E+7,    -1.632422E-5,    1.006313E-4
1.732250E+7,    -6.744266E-5,    8.656457E-5
1.732875E+7,    7.086992E-5,    -6.274879E-5
1.733500E+7,    6.909296E-5,    -1.010187E-4
1.734125E+7,    1.645833E-5,    1.049694E-5
1.734750E+7,    1.396518E-5,    -2.195686E-5
1.735375E+7,    4.871935E-5,    9.286404E-5
1.736000E+7,    1.735240E-5,    1.686439E-4
1.736625E+7,    -2.956297E-5,    2.773479E-6
1.737250E+7,    -2.039410E-5,    -2.847612E-5
1.737875E+7,    -5.092844E-5,    -7.267669E-5
1.738500E+7,    -3.815815E-5,    -8.305535E-5
1.739125E+7,    7.835776E-5,    -7.671118E-5
1.739750E+7,    8.744746E-5,    1.146719E-4
1.740375E+7,    3.081560E-5,    -1.255795E-4
1.741000E+7,    1.760572E-5,    1.102239E-4
1.741625E+7,    -7.376447E-5,    -2.247468E-5
1.742250E+7,    -1.478940E-4,    1.359731E-5
1.742875E+7,    7.016119E-6,    -1.098029E-5
1.743500E+7,    1.345202E-5,    -7.181242E-5
1.744125E+7,    3.021862E-5,    -8.503906E-6
1.744750E+7,    -1.009554E-5,    3.993325E-5
1.745375E+7,    6.836280E-5,    -3.667176E-5
1.746000E+7,    6.242841E-5,    7.404387E-5
1.746625E+7,    -3.262796E-5,    -2.400205E-5
1.747250E+7,    9.836629E-6,    -3.705733E-5
1.747875E+7,    -2.318155E-5,    -2.475455E-6
1.748500E+7,    -3.637746E-5,    6.646663E-5
1.749125E+7,    -3.966689E-5,    -1.307949E-5
1.749750E+7,    -7.792935E-5,    1.512468E-5
1.750375E+7,    6.844476E-5,    -3.667548E-5
1.751000E+7,    2.443977E-5,    -9.118579E-6
1.751625E+7,    -2.807006E-5,    -1.183338E-5
1.752250E+7,    1.615006E-5,    1.347624E-5
1.752875E+7,    2.259016E-5,    8.316711E-6
1.753500E+7,    3.561005E-5,    5.082041E-5
1.754125E+7,    -1.709629E-5,    -4.791655E-6
1.754750E+7,    2.354477E-5,    -3.995374E-7
1.755375E+7,    -8.142367E-5,    4.692376E-5
1.756000E+7,    -3.702193E-5,    1.652725E-5
1.756625E+7,    -5.375966E-5,    8.823350E-6
1.757250E+7,    -5.644560E-5,    -2.080575E-5
1.757875E+7,    -2.812222E-5,    -6.472319E-5
1.758500E+7,    -3.821775E-5,    -8.053333E-5
1.759125E+7,    -1.426041E-5,    -3.095903E-5
1.759750E+7,    2.824143E-5,    -4.391372E-5
1.760375E+7,    -1.551956E-5,    -1.930073E-5
1.761000E+7,    -7.959455E-5,    2.943352E-5
1.761625E+7,    2.903305E-5,    3.185123E-6
1.762250E+7,    -6.902590E-5,    -1.348555E-5
1.762875E+7,    -1.931936E-5,    1.550280E-5
1.763500E+7,    -4.420057E-5,    -7.836893E-5
1.764125E+7,    -6.001629E-5,    1.101941E-5
1.764750E+7,    4.208647E-6,    1.516473E-5
1.765375E+7,    -7.068366E-5,    -5.188584E-5
1.766000E+7,    -9.813905E-5,    -6.967038E-5
1.766625E+7,    2.756715E-7,    -5.584955E-5
1.767250E+7,    -5.326793E-5,    2.920628E-6
1.767875E+7,    5.748123E-5,    -9.373575E-5
1.768500E+7,    5.619228E-5,    2.394617E-5
1.769125E+7,    -2.809614E-5,    -1.194328E-5
1.769750E+7,    -3.390014E-5,    -1.261756E-5
1.770375E+7,    -2.484396E-5,    -4.107878E-5
1.771000E+7,    8.318573E-6,    8.327514E-5
1.771625E+7,    4.066527E-5,    -4.841201E-5
1.772250E+7,    3.714487E-5,    -1.642853E-5
1.772875E+7,    -1.729056E-4,    -3.402680E-5
1.773500E+7,    -2.131239E-5,    -2.002716E-5
1.774125E+7,    -1.639724E-4,    -5.947798E-5
1.774750E+7,    -4.222617E-6,    3.779493E-5
1.775375E+7,    4.850328E-5,    -1.221150E-5
1.776000E+7,    -1.249276E-5,    -4.561432E-5
1.776625E+7,    9.283423E-5,    -9.261817E-5
1.777250E+7,    -2.698228E-5,    -7.377565E-5
1.777875E+7,    -7.181242E-5,    9.585172E-6
1.778500E+7,    -2.603978E-5,    7.368252E-5
1.779125E+7,    2.525840E-5,    -1.480803E-5
1.779750E+7,    7.644296E-5,    -5.035847E-5
1.780375E+7,    -5.785748E-5,    -9.451061E-6
1.781000E+7,    8.001924E-6,    3.331713E-5
1.781625E+7,    4.636496E-5,    -4.484318E-5
1.782250E+7,    -8.995831E-5,    -8.984655E-5
1.782875E+7,    -8.314848E-6,    -3.037415E-5
1.783500E+7,    -4.373491E-5,    2.154708E-5
1.784125E+7,    -7.410720E-5,    -2.314150E-5
1.784750E+7,    -7.809140E-6,    1.681130E-5
1.785375E+7,    3.821217E-6,    1.814030E-5
1.786000E+7,    4.177727E-5,    -4.062429E-6
1.786625E+7,    -1.003500E-6,    8.738600E-6
1.787250E+7,    2.595223E-5,    -2.061576E-5
1.787875E+7,    9.633601E-5,    3.465265E-5
1.788500E+7,    -9.083375E-5,    -3.109872E-5
1.789125E+7,    -8.718669E-5,    -6.308407E-5
1.789750E+7,    -1.883321E-5,    9.649433E-6
1.790375E+7,    -7.756054E-5,    -4.439801E-5
1.791000E+7,    3.520586E-5,    -4.913099E-5
1.791625E+7,    1.636706E-5,    -3.943406E-5
1.792250E+7,    4.864112E-5,    -1.210719E-5
1.792875E+7,    1.940727E-4,    -1.457483E-4
1.793500E+7,    -8.664653E-5,    3.426895E-5
1.794125E+7,    -1.147687E-4,    -8.119643E-5
1.794750E+7,    -5.079061E-5,    -2.066419E-5
1.795375E+7,    -3.056601E-6,    2.623349E-5
1.796000E+7,    4.875660E-5,    8.843094E-5
1.796625E+7,    -1.025498E-4,    -3.261864E-5
1.797250E+7,    -7.536262E-6,    1.390651E-5
1.797875E+7,    5.525351E-5,    8.323789E-5
1.798500E+7,    1.200568E-5,    -1.561362E-6
1.799125E+7,    2.373941E-6,    -2.041645E-5
1.799750E+7,    -9.746850E-5,    -2.618879E-5
1.800375E+7,    -5.937368E-5,    -8.026510E-5
1.801000E+7,    3.385544E-5,    2.603605E-5
1.801625E+7,    -1.674145E-5,    5.620904E-5
1.802250E+7,    -1.693144E-5,    -9.690970E-5
1.802875E+7,    6.703660E-6,    5.345047E-5
1.803500E+7,    -1.744181E-5,    -2.359599E-5
1.804125E+7,    -4.304573E-5,    -6.309524E-5
1.804750E+7,    1.148507E-5,    3.528409E-5
1.805375E+7,    1.396239E-5,    1.886301E-5
1.806000E+7,    -2.002437E-5,    7.496215E-6
1.806625E+7,    -1.979433E-5,    -2.185069E-5
1.807250E+7,    -9.076670E-5,    4.512817E-5
1.807875E+7,    6.102771E-5,    -1.545399E-4
1.808500E+7,    -5.677715E-5,    5.650334E-5
1.809125E+7,    -2.026930E-5,    3.687665E-5
1.809750E+7,    -1.371652E-4,    -2.269447E-5
1.810375E+7,    -2.650172E-5,    7.789209E-5
1.811000E+7,    -1.663491E-4,    -6.707758E-5
1.811625E+7,    6.110966E-5,    -1.399741E-4
1.812250E+7,    1.542121E-4,    1.053661E-4
1.812875E+7,    7.382408E-5,    -1.126975E-4
1.813500E+7,    4.659593E-5,    -8.537248E-5
1.814125E+7,    3.387220E-5,    2.615340E-5
1.814750E+7,    2.342649E-5,    1.197122E-5
1.815375E+7,    2.464931E-5,    3.745779E-6
1.816000E+7,    -2.864003E-4,    -5.193055E-5
1.816625E+7,    4.398078E-5,    -5.429611E-5
1.817250E+7,    1.405552E-5,    -1.198053E-4
1.817875E+7,    -1.530815E-5,    3.963709E-6
1.818500E+7,    -5.085021E-6,    -9.100139E-5
1.819125E+7,    8.507073E-5,    7.610768E-5
1.819750E+7,    -4.520267E-5,    -7.633120E-5
1.820375E+7,    -5.546212E-5,    -9.043515E-5
1.821000E+7,    -3.900379E-6,    3.936514E-5
1.821625E+7,    -9.343028E-5,    -1.720041E-4
1.822250E+7,    7.692724E-6,    -6.400049E-5
1.822875E+7,    -6.316230E-5,    -4.122779E-5
1.823500E+7,    4.506670E-5,    -3.303215E-5
1.824125E+7,    -1.002066E-4,    2.251193E-5
1.824750E+7,    1.084395E-4,    -2.118200E-5
1.825375E+7,    -7.954985E-5,    6.560236E-5
1.826000E+7,    3.398955E-5,    1.156516E-5
1.826625E+7,    6.780028E-5,    3.781915E-5
1.827250E+7,    7.687509E-5,    -3.442541E-5
1.827875E+7,    -1.390837E-5,    -1.896918E-5
1.828500E+7,    2.321787E-5,    2.673641E-5
1.829125E+7,    2.452917E-5,    1.851469E-5
1.829750E+7,    -6.799400E-5,    -2.313033E-5
1.830375E+7,    -1.546368E-5,    -9.084865E-5
1.831000E+7,    -2.102368E-5,    -1.377799E-5
1.831625E+7,    6.590039E-6,    3.891997E-5
1.832250E+7,    -9.329058E-6,    -7.764436E-6
1.832875E+7,    -3.034994E-5,    -2.156012E-5
1.833500E+7,    4.189089E-6,    -5.414523E-5
1.834125E+7,    -6.747991E-5,    -6.730855E-5
1.834750E+7,    3.617257E-5,    -7.021800E-5
1.835375E+7,    2.488028E-5,    -1.089368E-5
1.836000E+7,    -1.170486E-5,    -6.038696E-6
1.836625E+7,    4.231930E-6,    -5.417131E-5
1.837250E+7,    5.275011E-6,    4.719011E-5
1.837875E+7,    8.106604E-5,    2.104416E-5
1.838500E+7,    1.976639E-5,    -7.285923E-5
1.839125E+7,    -6.287917E-5,    -5.622953E-5
1.839750E+7,    2.946705E-5,    3.697351E-7
1.840375E+7,    -4.689395E-5,    -1.043901E-4
1.841000E+7,    1.046769E-4,    1.851097E-5
1.841625E+7,    -1.109466E-4,    -7.224083E-5
1.842250E+7,    -1.713559E-4,    -6.478280E-5
1.842875E+7,    -7.227063E-5,    -6.409734E-5
1.843500E+7,    -1.566485E-5,    -6.154925E-5
1.844125E+7,    -2.926588E-5,    -1.515821E-5
1.844750E+7,    4.654005E-5,    -4.120730E-5
1.845375E+7,    -2.667867E-5,    -3.161281E-5
1.846000E+7,    -4.201382E-5,    5.245768E-5
1.846625E+7,    -7.668883E-5,    4.880130E-6
1.847250E+7,    -2.317503E-5,    5.328469E-5
1.847875E+7,    -4.034862E-5,    -6.549433E-5
1.848500E+7,    -1.968443E-5,    1.382902E-4
1.849125E+7,    -1.798570E-5,    -1.400560E-4
1.849750E+7,    6.204098E-5,    -4.503503E-5
1.850375E+7,    9.144098E-5,    1.158267E-4
1.851000E+7,    -1.272336E-4,    -8.982420E-5
1.851625E+7,    9.389967E-5,    -1.265481E-4
1.852250E+7,    -1.564436E-5,    1.863576E-5
1.852875E+7,    7.454306E-5,    6.248802E-5
1.853500E+7,    -4.200637E-5,    1.984164E-4
1.854125E+7,    5.660951E-5,    2.663583E-6
1.854750E+7,    4.739687E-5,    -8.543953E-5
1.855375E+7,    -9.977818E-5,    -3.702939E-5
1.856000E+7,    1.051277E-5,    -1.462176E-4