SAVED BY: 
TITLE: 
COMMENTS: 
DATE: 10/27/2020
TIME: 1:05 PM

STIMULUS, REAL, IMAGINARY

8.560000E+6,    -2.001971E-5,    -1.448765E-4
8.566250E+6,    1.371652E-5,    -1.296252E-4
8.572500E+6,    -5.073845E-6,    -1.287013E-4
8.578750E+6,    7.376075E-6,    -1.424104E-4
8.585000E+6,    -2.050400E-5,    -1.605004E-4
8.591250E+6,    7.450581E-7,    -1.472756E-4
8.597500E+6,    -1.531839E-5,    -1.320913E-4
8.603750E+6,    9.164214E-6,    -1.361445E-4
8.610000E+6,    -2.178550E-5,    -1.524314E-4
8.616250E+6,    2.585351E-6,    -1.331791E-4
8.622500E+6,    -9.991229E-6,    -1.503527E-4
8.628750E+6,    -9.834766E-7,    -1.394153E-4
8.635000E+6,    -1.214445E-6,    -1.705363E-4
8.641250E+6,    1.594424E-6,    -1.566187E-4
8.647500E+6,    -1.123548E-5,    -1.504496E-4
8.653750E+6,    -8.530915E-6,    -1.520962E-4
8.660000E+6,    6.884336E-6,    -1.440272E-4
8.666250E+6,    -2.489239E-5,    -1.442879E-4
8.672500E+6,    -6.332994E-6,    -1.456812E-4
8.678750E+6,    -1.925975E-5,    -1.473352E-4
8.685000E+6,    5.334616E-6,    -1.363531E-4
8.691250E+6,    -7.435679E-6,    -1.457259E-4
8.697500E+6,    -2.333522E-5,    -1.455694E-4
8.703750E+6,    -1.748651E-5,    -1.565069E-4
8.710000E+6,    -2.080947E-5,    -1.392961E-4
8.716250E+6,    -2.458692E-6,    -1.567379E-4
8.722500E+6,    -1.181662E-5,    -1.520291E-4
8.728750E+6,    -5.610287E-6,    -1.315325E-4
8.735000E+6,    -9.506941E-6,    -1.377985E-4
8.741250E+6,    -6.720424E-6,    -1.394823E-4
8.747500E+6,    -1.661479E-5,    -1.580045E-4
8.753750E+6,    -2.335757E-5,    -1.624152E-4
8.760000E+6,    -1.097471E-5,    -1.533553E-4
8.766250E+6,    -1.798570E-5,    -1.578033E-4
8.772500E+6,    -2.689660E-5,    -1.371577E-4
8.778750E+6,    -1.595169E-5,    -1.672208E-4
8.785000E+6,    -1.300871E-5,    -1.609772E-4
8.791250E+6,    -1.539290E-5,    -1.359507E-4
8.797500E+6,    2.071261E-6,    -1.694933E-4
8.803750E+6,    5.006790E-6,    -1.634583E-4
8.810000E+6,    -1.315027E-5,    -1.375079E-4
8.816250E+6,    -1.785159E-5,    -1.591444E-4
8.822500E+6,    -3.076345E-5,    -1.602098E-4
8.828750E+6,    1.691282E-6,    -1.382977E-4
8.835000E+6,    -1.566112E-5,    -1.608804E-4
8.841250E+6,    -2.278388E-5,    -1.650080E-4
8.847500E+6,    -2.804399E-5,    -1.458824E-4
8.853750E+6,    2.734363E-6,    -1.479313E-4
8.860000E+6,    -1.721084E-5,    -1.608059E-4
8.866250E+6,    -1.385808E-5,    -1.544580E-4
8.872500E+6,    -2.292544E-5,    -1.413226E-4
8.878750E+6,    -3.831834E-5,    -1.730025E-4
8.885000E+6,    -1.945347E-5,    -1.684725E-4
8.891250E+6,    -2.807379E-5,    -1.549423E-4
8.897500E+6,    -4.170090E-5,    -1.633391E-4
8.903750E+6,    -1.358986E-5,    -1.639947E-4
8.910000E+6,    -4.455447E-6,    -1.617372E-4
8.916250E+6,    -2.279878E-5,    -1.506954E-4
8.922500E+6,    -2.742559E-5,    -1.643822E-4
8.928750E+6,    -7.808208E-6,    -1.520440E-4
8.935000E+6,    -1.125783E-5,    -1.502782E-4
8.941250E+6,    -1.017749E-5,    -1.678169E-4
8.947500E+6,    2.957880E-6,    -1.596510E-4
8.953750E+6,    -1.434982E-5,    -1.734719E-4
8.960000E+6,    -6.750226E-6,    -1.537502E-4
8.966250E+6,    -3.486872E-5,    -1.776367E-4
8.972500E+6,    -1.326203E-6,    -1.576394E-4
8.978750E+6,    -1.262128E-5,    -1.674071E-4
8.985000E+6,    -2.148002E-5,    -1.617149E-4
8.991250E+6,    -4.237890E-5,    -1.736283E-4
8.997500E+6,    -1.434237E-5,    -1.750439E-4
9.003750E+6,    -3.642589E-5,    -1.441091E-4
9.010000E+6,    -3.688037E-6,    -1.575202E-4
9.016250E+6,    -1.274794E-5,    -1.771599E-4
9.022500E+6,    -6.303191E-6,    -1.732484E-4
9.028750E+6,    -5.491078E-6,    -1.657233E-4
9.035000E+6,    -1.676381E-5,    -1.496971E-4
9.041250E+6,    -4.477799E-6,    -1.751110E-4
9.047500E+6,    -3.018975E-5,    -1.495034E-4
9.053750E+6,    -2.215803E-5,    -1.808330E-4
9.060000E+6,    -3.158301E-5,    -1.570880E-4
9.066250E+6,    -1.496822E-5,    -1.692176E-4
9.072500E+6,    -1.714379E-5,    -1.593083E-4
9.078750E+6,    -2.112985E-5,    -1.650155E-4
9.085000E+6,    -2.869219E-5,    -1.687407E-4
9.091250E+6,    -9.961426E-6,    -1.478940E-4
9.097500E+6,    -2.126396E-5,    -1.571327E-4
9.103750E+6,    -2.560765E-5,    -1.627952E-4
9.110000E+6,    -1.338869E-5,    -1.633167E-4
9.116250E+6,    -3.615022E-5,    -1.643524E-4
9.122500E+6,    -1.125783E-5,    -1.650602E-4
9.128750E+6,    -1.623482E-5,    -1.709014E-4
9.135000E+6,    -2.893806E-5,    -1.704097E-4
9.141250E+6,    -1.392514E-5,    -1.730919E-4
9.147500E+6,    -3.219396E-5,    -1.682118E-4
9.153750E+6,    -1.145899E-5,    -1.748800E-4
9.160000E+6,    -1.493841E-5,    -1.728535E-4
9.166250E+6,    -1.942366E-5,    -1.607239E-4
9.172500E+6,    -9.961426E-6,    -1.771376E-4
9.178750E+6,    -7.845461E-6,    -1.614243E-4
9.185000E+6,    -1.079589E-5,    -1.769066E-4
9.191250E+6,    -9.857118E-6,    -1.691729E-4
9.197500E+6,    -2.393872E-5,    -1.761541E-4
9.203750E+6,    -2.441555E-5,    -1.759753E-4
9.210000E+6,    -1.688302E-5,    -1.649410E-4
9.216250E+6,    -3.541261E-5,    -1.771376E-4
9.222500E+6,    -3.107637E-5,    -1.716912E-4
9.228750E+6,    -3.347546E-5,    -1.792386E-4
9.235000E+6,    -1.421571E-5,    -1.768917E-4
9.241250E+6,    -4.372001E-5,    -1.627430E-4
9.247500E+6,    -1.373887E-5,    -1.593456E-4
9.253750E+6,    -3.751367E-5,    -1.768172E-4
9.260000E+6,    -2.700090E-5,    -1.857504E-4
9.266250E+6,    -4.826486E-5,    -1.778752E-4
9.272500E+6,    -2.031028E-5,    -1.646429E-4
9.278750E+6,    -3.980100E-5,    -1.940504E-4
9.285000E+6,    -1.961738E-5,    -1.747757E-4
9.291250E+6,    -1.254678E-5,    -1.987889E-4
9.297500E+6,    -9.037554E-6,    -1.657009E-4
9.303750E+6,    -4.628301E-5,    -1.994371E-4
9.310000E+6,    -3.762543E-5,    -1.882836E-4
9.316250E+6,    -4.345179E-5,    -1.840591E-4
9.322500E+6,    -3.178418E-5,    -1.752079E-4
9.328750E+6,    -2.883375E-5,    -1.874864E-4
9.335000E+6,    -9.454787E-6,    -1.856983E-4
9.341250E+6,    -2.454221E-5,    -1.818389E-4
9.347500E+6,    -2.878904E-5,    -1.697242E-4
9.353750E+6,    -3.634393E-5,    -2.002120E-4
9.360000E+6,    -2.504885E-5,    -1.642108E-4
9.366250E+6,    -2.755225E-5,    -1.993179E-4
9.372500E+6,    -3.172457E-5,    -1.870319E-4
9.378750E+6,    -4.541874E-5,    -1.753867E-4
9.385000E+6,    -1.390278E-5,    -1.656115E-4
9.391250E+6,    -2.764910E-5,    -1.912937E-4
9.397500E+6,    -1.718849E-5,    -1.633018E-4
9.403750E+6,    -1.451373E-5,    -1.757145E-4
9.410000E+6,    -2.197921E-5,    -1.783222E-4
9.416250E+6,    -2.433360E-5,    -1.859814E-4
9.422500E+6,    -2.773106E-5,    -1.835674E-4
9.428750E+6,    -2.440810E-5,    -1.959056E-4
9.435000E+6,    -2.874434E-5,    -1.735687E-4
9.441250E+6,    -3.437698E-5,    -1.685619E-4
9.447500E+6,    -3.890693E-5,    -1.935810E-4
9.453750E+6,    -2.467632E-5,    -1.879334E-4
9.460000E+6,    -4.500151E-5,    -1.788735E-4
9.466250E+6,    -2.430379E-5,    -2.077967E-4
9.472500E+6,    -3.296137E-5,    -1.807511E-4
9.478750E+6,    -2.819300E-5,    -1.953989E-4
9.485000E+6,    -1.657009E-5,    -1.775324E-4
9.491250E+6,    -3.974140E-5,    -1.756549E-4
9.497500E+6,    -5.488098E-5,    -1.808703E-4
9.503750E+6,    -4.005432E-5,    -1.952797E-4
9.510000E+6,    -2.810359E-5,    -1.875907E-4
9.516250E+6,    -4.343688E-5,    -1.829267E-4
9.522500E+6,    -8.866191E-6,    -1.771748E-4
9.528750E+6,    -1.688302E-5,    -1.997054E-4
9.535000E+6,    -3.674626E-5,    -2.003014E-4
9.541250E+6,    -4.723668E-6,    -1.822263E-4
9.547500E+6,    -4.036725E-5,    -1.873970E-4
9.553750E+6,    -4.057586E-5,    -1.973212E-4
9.560000E+6,    -2.358854E-5,    -1.846701E-4
9.566250E+6,    -9.238720E-6,    -1.897365E-4
9.572500E+6,    -3.686547E-5,    -1.921058E-4
9.578750E+6,    -1.744926E-5,    -2.020150E-4
9.585000E+6,    -4.509091E-5,    -1.845956E-4
9.591250E+6,    -2.314150E-5,    -1.769364E-4
9.597500E+6,    -4.366040E-5,    -1.966059E-4
9.603750E+6,    -2.899766E-5,    -1.917332E-4
9.610000E+6,    -5.191565E-5,    -1.990497E-4
9.616250E+6,    -4.968047E-5,    -2.014637E-4
9.622500E+6,    -5.322695E-5,    -1.985431E-4
9.628750E+6,    -5.304813E-5,    -1.889169E-4
9.635000E+6,    -3.844500E-5,    -1.939982E-4
9.641250E+6,    -2.703071E-5,    -2.063513E-4
9.647500E+6,    -3.945827E-5,    -2.037883E-4
9.653750E+6,    -4.732609E-5,    -1.858622E-4
9.660000E+6,    -3.823638E-5,    -2.061129E-4
9.666250E+6,    -3.349781E-5,    -2.012998E-4
9.672500E+6,    -3.913045E-5,    -2.160370E-4
9.678750E+6,    -3.637373E-5,    -1.986474E-4
9.685000E+6,    -4.717708E-5,    -2.081096E-4
9.691250E+6,    -3.725290E-5,    -2.084970E-4
9.697500E+6,    -5.555153E-5,    -1.999438E-4
9.703750E+6,    -2.907217E-5,    -2.084821E-4
9.710000E+6,    -5.748868E-5,    -1.775473E-4
9.716250E+6,    -3.489852E-5,    -2.233088E-4
9.722500E+6,    -7.742643E-5,    -1.984835E-4
9.728750E+6,    -4.255772E-5,    -2.052486E-4
9.735000E+6,    -5.114079E-5,    -2.074540E-4
9.741250E+6,    -3.553927E-5,    -1.931638E-4
9.747500E+6,    -4.482269E-5,    -2.150536E-4
9.753750E+6,    -6.568432E-5,    -2.236962E-4
9.760000E+6,    -5.620718E-5,    -2.240241E-4
9.766250E+6,    -4.714727E-5,    -2.347231E-4
9.772500E+6,    -5.087256E-5,    -2.094209E-4
9.778750E+6,    -4.017353E-5,    -2.226532E-4
9.785000E+6,    -3.883243E-5,    -2.026856E-4
9.791250E+6,    -5.257130E-5,    -2.090931E-4
9.797500E+6,    -4.848838E-5,    -2.143085E-4
9.803750E+6,    -4.535913E-5,    -2.071261E-4
9.810000E+6,    -2.697110E-5,    -2.184808E-4
9.816250E+6,    -3.638864E-5,    -2.076626E-4
9.822500E+6,    -6.100535E-5,    -2.230704E-4
9.828750E+6,    -3.042817E-5,    -2.157092E-4
9.835000E+6,    -4.211068E-5,    -1.918375E-4
9.841250E+6,    -3.835559E-5,    -2.075136E-4
9.847500E+6,    -4.887581E-5,    -2.066195E-4
9.853750E+6,    -3.172457E-5,    -2.055019E-4
9.860000E+6,    -4.726648E-5,    -2.090037E-4
9.866250E+6,    -3.212690E-5,    -2.279878E-4
9.872500E+6,    -3.743172E-5,    -1.997054E-4
9.878750E+6,    -4.300475E-5,    -2.268553E-4
9.885000E+6,    -3.120303E-5,    -2.080798E-4
9.891250E+6,    -3.755093E-5,    -2.123713E-4
9.897500E+6,    -5.906820E-5,    -2.198517E-4
9.903750E+6,    -4.792213E-5,    -2.114475E-4
9.910000E+6,    -6.940961E-5,    -2.187490E-4
9.916250E+6,    -5.587935E-5,    -2.250671E-4
9.922500E+6,    -4.908442E-5,    -2.109110E-4
9.928750E+6,    -5.888939E-5,    -2.225339E-4
9.935000E+6,    -4.541874E-5,    -2.293289E-4
9.941250E+6,    -5.325675E-5,    -2.305508E-4
9.947500E+6,    -6.943941E-5,    -2.108216E-4
9.953750E+6,    -4.646182E-5,    -2.060831E-4
9.960000E+6,    -7.086992E-5,    -2.332032E-4
9.966250E+6,    -4.377961E-5,    -2.216697E-4
9.972500E+6,    -7.414818E-5,    -2.174675E-4
9.978750E+6,    -3.740191E-5,    -2.197921E-4
9.985000E+6,    -3.930926E-5,    -2.295971E-4
9.991250E+6,    -5.754828E-5,    -2.297461E-4
9.997500E+6,    -3.954768E-5,    -2.065003E-4
1.000375E+7,    -3.400445E-5,    -2.380311E-4
1.001000E+7,    -6.735325E-5,    -2.408326E-4
1.001625E+7,    -5.391240E-5,    -2.477765E-4
1.002250E+7,    -3.796816E-5,    -2.344847E-4
1.002875E+7,    -5.766749E-5,    -2.316833E-4
1.003500E+7,    -5.337596E-5,    -2.503991E-4
1.004125E+7,    -5.275011E-5,    -2.275109E-4
1.004750E+7,    -4.830956E-5,    -2.231598E-4
1.005375E+7,    -6.160140E-5,    -2.411604E-4
1.006000E+7,    -6.344914E-5,    -2.153814E-4
1.006625E+7,    -6.830692E-5,    -2.452433E-4
1.007250E+7,    -7.331371E-5,    -2.263784E-4
1.007875E+7,    -5.528331E-5,    -2.521873E-4
1.008500E+7,    -5.200505E-5,    -2.326369E-4
1.009125E+7,    -8.070469E-5,    -2.301335E-4
1.009750E+7,    -6.926060E-5,    -2.216995E-4
1.010375E+7,    -6.136298E-5,    -2.587736E-4
1.011000E+7,    -8.034706E-5,    -2.197921E-4
1.011625E+7,    -4.902482E-5,    -2.409220E-4
1.012250E+7,    -7.113814E-5,    -2.087355E-4
1.012875E+7,    -4.985929E-5,    -2.277493E-4
1.013500E+7,    -8.735061E-5,    -2.613962E-4
1.014125E+7,    -4.893541E-5,    -2.431870E-4
1.014750E+7,    -7.924438E-5,    -2.372861E-4
1.015375E+7,    -6.183982E-5,    -2.381504E-4
1.016000E+7,    -5.626678E-5,    -2.343059E-4
1.016625E+7,    -8.848310E-5,    -2.633631E-4
1.017250E+7,    -5.319715E-5,    -2.270937E-4
1.017875E+7,    -5.775690E-5,    -2.595186E-4
1.018500E+7,    -8.195639E-5,    -2.236068E-4
1.019125E+7,    -8.249283E-5,    -2.491772E-4
1.019750E+7,    -6.338954E-5,    -2.400577E-4
1.020375E+7,    -5.644560E-5,    -2.520084E-4
1.021000E+7,    -7.262826E-5,    -2.536178E-4
1.021625E+7,    -7.894635E-5,    -2.573729E-4
1.022250E+7,    -6.726384E-5,    -2.365708E-4
1.022875E+7,    -7.566810E-5,    -2.502203E-4
1.023500E+7,    -6.660819E-5,    -2.522171E-4
1.024125E+7,    -6.151199E-5,    -2.484620E-4
1.024750E+7,    -8.976460E-5,    -2.701581E-4
1.025375E+7,    -6.091595E-5,    -2.641678E-4
1.026000E+7,    -6.142259E-5,    -2.509654E-4
1.026625E+7,    -6.401539E-5,    -2.735257E-4
1.027250E+7,    -5.936623E-5,    -2.413392E-4
1.027875E+7,    -7.995963E-5,    -2.493560E-4
1.028500E+7,    -5.123019E-5,    -2.560616E-4
1.029125E+7,    -6.368756E-5,    -2.632737E-4
1.029750E+7,    -8.010864E-5,    -2.515316E-4
1.030375E+7,    -7.593632E-5,    -2.322495E-4
1.031000E+7,    -6.577373E-5,    -2.627969E-4
1.031625E+7,    -8.267164E-5,    -2.638102E-4
1.032250E+7,    -6.777048E-5,    -2.624989E-4
1.032875E+7,    -7.399917E-5,    -2.788007E-4
1.033500E+7,    -8.222461E-5,    -2.382696E-4
1.034125E+7,    -8.013844E-5,    -2.566874E-4
1.034750E+7,    -6.887317E-5,    -2.490282E-4
1.035375E+7,    -6.285310E-5,    -2.742708E-4
1.036000E+7,    -7.802248E-5,    -2.622604E-4
1.036625E+7,    -1.132488E-4,    -2.736151E-4
1.037250E+7,    -1.078844E-4,    -2.828836E-4
1.037875E+7,    -5.596876E-5,    -2.607107E-4
1.038500E+7,    -8.860230E-5,    -2.619922E-4
1.039125E+7,    -8.162856E-5,    -2.743602E-4
1.039750E+7,    -9.050965E-5,    -2.746284E-4
1.040375E+7,    -7.301569E-5,    -2.770126E-4
1.041000E+7,    -7.313490E-5,    -2.637804E-4
1.041625E+7,    -7.197261E-5,    -2.507865E-4
1.042250E+7,    -9.456277E-5,    -2.707243E-4
1.042875E+7,    -8.016825E-5,    -2.826452E-4
1.043500E+7,    -6.595254E-5,    -2.502203E-4
1.044125E+7,    -6.759167E-5,    -2.787113E-4
1.044750E+7,    -8.311868E-5,    -2.659559E-4
1.045375E+7,    -9.697676E-5,    -2.855659E-4
1.046000E+7,    -9.393692E-5,    -2.758205E-4
1.046625E+7,    -9.649992E-5,    -2.725422E-4
1.047250E+7,    -8.475780E-5,    -2.815127E-4
1.047875E+7,    -9.965897E-5,    -2.847910E-4
1.048500E+7,    -8.144975E-5,    -2.587140E-4
1.049125E+7,    -7.542968E-5,    -2.871156E-4
1.049750E+7,    -8.982420E-5,    -2.905726E-4
1.050375E+7,    -8.818507E-5,    -2.934635E-4
1.051000E+7,    -1.045465E-4,    -2.802014E-4
1.051625E+7,    -7.623434E-5,    -2.896190E-4
1.052250E+7,    -9.539723E-5,    -2.833605E-4
1.052875E+7,    -9.280443E-5,    -2.897382E-4
1.053500E+7,    -8.538365E-5,    -2.732575E-4
1.054125E+7,    -1.025200E-4,    -2.730787E-4
1.054750E+7,    -8.216500E-5,    -2.825856E-4
1.055375E+7,    -8.913875E-5,    -2.855957E-4
1.056000E+7,    -8.428097E-5,    -2.794862E-4
1.056625E+7,    -9.188056E-5,    -2.820790E-4
1.057250E+7,    -1.002848E-4,    -2.817512E-4
1.057875E+7,    -1.025200E-4,    -2.943873E-4
1.058500E+7,    -9.322166E-5,    -2.816021E-4
1.059125E+7,    -9.837747E-5,    -3.064573E-4
1.059750E+7,    -8.597970E-5,    -3.001988E-4
1.060375E+7,    -8.291006E-5,    -2.748370E-4
1.061000E+7,    -8.356571E-5,    -2.907515E-4
1.061625E+7,    -9.119511E-5,    -2.935231E-4
1.062250E+7,    -9.468198E-5,    -3.026128E-4
1.062875E+7,    -1.009703E-4,    -2.894998E-4
1.063500E+7,    -8.398294E-5,    -2.931356E-4
1.064125E+7,    -8.565187E-5,    -2.928376E-4
1.064750E+7,    -1.091063E-4,    -2.953410E-4
1.065375E+7,    -1.046658E-4,    -3.048182E-4
1.066000E+7,    -9.793043E-5,    -2.861023E-4
1.066625E+7,    -1.236796E-4,    -3.163517E-4
1.067250E+7,    -9.348989E-5,    -2.983510E-4
1.067875E+7,    -9.518862E-5,    -3.139675E-4
1.068500E+7,    -8.440018E-5,    -2.858043E-4
1.069125E+7,    -1.117289E-4,    -3.132820E-4
1.069750E+7,    -1.076460E-4,    -3.068447E-4
1.070375E+7,    -1.089275E-4,    -3.224611E-4
1.071000E+7,    -9.819865E-5,    -3.135204E-4
1.071625E+7,    -1.153052E-4,    -3.280938E-4
1.072250E+7,    -1.057088E-4,    -3.153980E-4
1.072875E+7,    -9.304285E-5,    -3.097653E-4
1.073500E+7,    -1.059175E-4,    -3.183186E-4
1.074125E+7,    -1.146495E-4,    -3.366768E-4
1.074750E+7,    -1.074076E-4,    -2.987683E-4
1.075375E+7,    -8.594990E-5,    -3.323853E-4
1.076000E+7,    -1.132190E-4,    -3.072321E-4
1.076625E+7,    -1.123250E-4,    -3.295541E-4
1.077250E+7,    -1.063347E-4,    -3.075302E-4
1.077875E+7,    -1.007915E-4,    -3.018081E-4
1.078500E+7,    -1.001060E-4,    -3.049672E-4
1.079125E+7,    -1.204014E-4,    -3.126562E-4
1.079750E+7,    -1.271665E-4,    -2.985299E-4
1.080375E+7,    -1.071692E-4,    -3.320277E-4
1.081000E+7,    -1.193285E-4,    -3.217459E-4
1.081625E+7,    -1.191199E-4,    -3.215969E-4
1.082250E+7,    -1.150966E-4,    -3.153682E-4
1.082875E+7,    -1.263022E-4,    -3.076196E-4
1.083500E+7,    -1.287758E-4,    -3.231168E-4
1.084125E+7,    -1.138747E-4,    -3.249645E-4
1.084750E+7,    -1.286268E-4,    -3.260076E-4
1.085375E+7,    -1.180470E-4,    -3.365278E-4
1.086000E+7,    -1.194179E-4,    -3.332794E-4
1.086625E+7,    -1.340508E-4,    -3.377497E-4
1.087250E+7,    -1.321435E-4,    -3.250837E-4
1.087875E+7,    -1.179576E-4,    -3.231466E-4
1.088500E+7,    -9.846687E-5,    -3.156066E-4
1.089125E+7,    -1.344979E-4,    -3.208816E-4
1.089750E+7,    -1.146495E-4,    -3.361702E-4
1.090375E+7,    -1.387000E-4,    -3.362596E-4
1.091000E+7,    -1.103878E-4,    -3.300011E-4
1.091625E+7,    -1.377463E-4,    -3.615618E-4
1.092250E+7,    -1.302958E-4,    -3.426373E-4
1.092875E+7,    -1.091361E-4,    -3.618300E-4
1.093500E+7,    -1.274049E-4,    -3.334284E-4
1.094125E+7,    -1.331568E-4,    -3.422499E-4
1.094750E+7,    -1.325011E-4,    -3.452003E-4
1.095375E+7,    -1.307130E-4,    -3.744364E-4
1.096000E+7,    -1.233220E-4,    -3.305078E-4
1.096625E+7,    -1.140535E-4,    -3.377497E-4
1.097250E+7,    -1.338720E-4,    -3.475547E-4
1.097875E+7,    -1.453459E-4,    -3.392100E-4
1.098500E+7,    -1.444817E-4,    -3.654957E-4
1.099125E+7,    -1.522899E-4,    -3.670454E-4
1.099750E+7,    -1.460016E-4,    -3.419518E-4
1.100375E+7,    -1.224279E-4,    -3.716350E-4
1.101000E+7,    -1.195073E-4,    -3.587306E-4
1.101625E+7,    -1.285076E-4,    -3.798008E-4
1.102250E+7,    -1.505613E-4,    -3.593564E-4
1.102875E+7,    -1.246035E-4,    -3.510118E-4
1.103500E+7,    -1.316965E-4,    -3.530979E-4
1.104125E+7,    -1.356602E-4,    -3.651977E-4
1.104750E+7,    -1.492500E-4,    -3.495216E-4
1.105375E+7,    -1.596808E-4,    -3.928542E-4
1.106000E+7,    -1.443028E-4,    -3.692508E-4
1.106625E+7,    -1.590848E-4,    -3.698468E-4
1.107250E+7,    -1.646876E-4,    -3.817677E-4
1.107875E+7,    -1.485348E-4,    -3.622770E-4
1.108500E+7,    -1.568794E-4,    -3.637671E-4
1.109125E+7,    -1.546741E-4,    -3.736615E-4
1.109750E+7,    -1.261234E-4,    -3.463328E-4
1.110375E+7,    -1.269579E-4,    -3.724098E-4
1.111000E+7,    -1.738667E-4,    -3.925562E-4
1.111625E+7,    -1.474619E-4,    -3.840327E-4
1.112250E+7,    -1.682043E-4,    -3.935099E-4
1.112875E+7,    -1.733303E-4,    -4.024506E-4
1.113500E+7,    -1.267195E-4,    -3.854632E-4
1.114125E+7,    -1.688600E-4,    -3.998280E-4
1.114750E+7,    -1.502037E-4,    -3.910065E-4
1.115375E+7,    -1.645088E-4,    -3.978014E-4
1.116000E+7,    -1.828074E-4,    -3.889799E-4
1.116625E+7,    -1.598001E-4,    -4.016161E-4
1.117250E+7,    -1.747012E-4,    -4.044771E-4
1.117875E+7,    -1.784563E-4,    -3.895164E-4
1.118500E+7,    -1.846552E-4,    -3.990531E-4
1.119125E+7,    -1.658201E-4,    -4.060864E-4
1.119750E+7,    -1.550317E-4,    -4.201531E-4
1.120375E+7,    -1.602173E-4,    -4.105568E-4
1.121000E+7,    -1.719594E-4,    -4.274249E-4
1.121625E+7,    -2.011657E-4,    -4.370809E-4
1.122250E+7,    -2.107620E-4,    -4.588366E-4
1.122875E+7,    -2.093315E-4,    -4.903078E-4
1.123500E+7,    -2.028942E-4,    -5.355477E-4
1.124125E+7,    -2.063513E-4,    -5.286932E-4
1.124750E+7,    -2.028346E-4,    -5.403757E-4
1.125375E+7,    -2.128482E-4,    -5.370378E-4
1.126000E+7,    -2.079010E-4,    -5.400181E-4
1.126625E+7,    -1.857281E-4,    -5.035996E-4
1.127250E+7,    -2.228022E-4,    -5.314350E-4
1.127875E+7,    -1.986027E-4,    -5.277395E-4
1.128500E+7,    -2.180338E-4,    -5.217791E-4
1.129125E+7,    -2.115965E-4,    -5.005598E-4
1.129750E+7,    -1.766682E-4,    -4.618168E-4
1.130375E+7,    -1.858473E-4,    -5.071759E-4
1.131000E+7,    -2.030730E-4,    -4.765391E-4
1.131625E+7,    -2.200007E-4,    -5.121231E-4
1.132250E+7,    -2.085567E-4,    -5.176663E-4
1.132875E+7,    -2.260804E-4,    -5.059838E-4
1.133500E+7,    -2.229810E-4,    -5.236864E-4
1.134125E+7,    -2.182126E-4,    -4.946589E-4
1.134750E+7,    -2.300739E-4,    -4.673004E-4
1.135375E+7,    -2.106428E-4,    -4.811287E-4
1.136000E+7,    -2.092123E-4,    -4.692078E-4
1.136625E+7,    -2.513528E-4,    -4.894137E-4
1.137250E+7,    -2.523065E-4,    -5.185604E-4
1.137875E+7,    -2.129674E-4,    -5.226135E-4
1.138500E+7,    -2.157092E-4,    -5.257726E-4
1.139125E+7,    -2.248883E-4,    -4.942417E-4
1.139750E+7,    -2.356172E-4,    -5.016327E-4
1.140375E+7,    -2.353191E-4,    -5.139709E-4
1.141000E+7,    -2.306700E-4,    -4.780293E-4
1.141625E+7,    -2.077818E-4,    -4.687309E-4
1.142250E+7,    -2.468228E-4,    -5.182624E-4
1.142875E+7,    -2.215505E-4,    -5.289316E-4
1.143500E+7,    -2.158880E-4,    -5.065203E-4
1.144125E+7,    -2.480149E-4,    -5.181432E-4
1.144750E+7,    -2.600551E-4,    -5.820990E-4
1.145375E+7,    -2.384782E-4,    -5.533695E-4
1.146000E+7,    -2.720356E-4,    -5.626678E-4
1.146625E+7,    -2.704263E-4,    -5.993247E-4
1.147250E+7,    -1.991391E-4,    -5.653501E-4
1.147875E+7,    -2.519488E-4,    -5.565286E-4
1.148500E+7,    -2.406240E-4,    -5.607009E-4
1.149125E+7,    -2.783537E-4,    -6.168485E-4
1.149750E+7,    -2.418756E-4,    -6.663203E-4
1.150375E+7,    -2.715588E-4,    -6.203651E-4
1.151000E+7,    -2.760291E-4,    -6.237626E-4
1.151625E+7,    -2.693534E-4,    -6.131530E-4
1.152250E+7,    -2.587438E-4,    -6.357431E-4
1.152875E+7,    -2.695322E-4,    -5.985498E-4
1.153500E+7,    -2.726316E-4,    -5.631447E-4
1.154125E+7,    -3.043413E-4,    -6.290674E-4
1.154750E+7,    -2.735257E-4,    -6.582737E-4
1.155375E+7,    -3.186464E-4,    -6.163716E-4
1.156000E+7,    -2.771616E-4,    -7.423162E-4
1.156625E+7,    -2.897978E-4,    -7.051229E-4
1.157250E+7,    -2.865791E-4,    -7.264614E-4
1.157875E+7,    -3.247261E-4,    -7.060766E-4
1.158500E+7,    -3.471375E-4,    -8.015633E-4
1.159125E+7,    -3.154278E-4,    -7.007122E-4
1.159750E+7,    -2.480745E-4,    -6.970167E-4
1.160375E+7,    -3.429651E-4,    -7.537603E-4
1.161000E+7,    -3.224611E-4,    -7.456541E-4
1.161625E+7,    -3.786087E-4,    -8.003712E-4
1.162250E+7,    -3.479719E-4,    -8.523464E-4
1.162875E+7,    -3.186464E-4,    -1.035690E-3
1.163500E+7,    -2.557039E-4,    -1.167178E-3
1.164125E+7,    -1.133680E-4,    -1.279831E-3
1.164750E+7,    1.056194E-4,    -1.406431E-3
1.165375E+7,    -6.079674E-6,    -1.406670E-3
1.166000E+7,    2.317429E-4,    -1.322389E-3
1.166625E+7,    5.899668E-4,    -1.396060E-3
1.167250E+7,    6.980896E-4,    -1.222014E-3
1.167875E+7,    7.201433E-4,    -1.257896E-3
1.168500E+7,    7.085800E-4,    -1.198292E-3
1.169125E+7,    6.783009E-4,    -1.181126E-3
1.169750E+7,    6.412268E-4,    -1.223803E-3
1.170375E+7,    7.394552E-4,    -1.247168E-3
1.171000E+7,    6.942749E-4,    -1.244068E-3
1.171625E+7,    7.399321E-4,    -1.289725E-3
1.172250E+7,    7.300377E-4,    -1.271963E-3
1.172875E+7,    7.499456E-4,    -1.287818E-3
1.173500E+7,    7.289648E-4,    -1.296759E-3
1.174125E+7,    7.040501E-4,    -1.286387E-3
1.174750E+7,    7.599592E-4,    -1.267314E-3
1.175375E+7,    7.762909E-4,    -1.320601E-3
1.176000E+7,    7.365942E-4,    -1.303196E-3
1.176625E+7,    7.306337E-4,    -1.358390E-3
1.177250E+7,    8.182526E-4,    -1.339793E-3
1.177875E+7,    7.636547E-4,    -1.381874E-3
1.178500E+7,    7.518530E-4,    -1.383543E-3
1.179125E+7,    7.923841E-4,    -1.343250E-3
1.179750E+7,    7.629395E-4,    -1.378655E-3
1.180375E+7,    7.960796E-4,    -1.332283E-3
1.181000E+7,    7.374287E-4,    -1.431465E-3
1.181625E+7,    7.572174E-4,    -1.387358E-3
1.182250E+7,    7.499456E-4,    -1.439691E-3
1.182875E+7,    7.756948E-4,    -1.476526E-3
1.183500E+7,    8.370876E-4,    -1.477480E-3
1.184125E+7,    7.982254E-4,    -1.474500E-3
1.184750E+7,    8.624792E-4,    -1.466393E-3
1.185375E+7,    8.133650E-4,    -1.458764E-3
1.186000E+7,    8.149147E-4,    -1.487732E-3
1.186625E+7,    7.790327E-4,    -1.480579E-3
1.187250E+7,    7.935762E-4,    -1.532078E-3
1.187875E+7,    8.391142E-4,    -1.533031E-3
1.188500E+7,    8.239746E-4,    -1.528025E-3
1.189125E+7,    8.202791E-4,    -1.570940E-3
1.189750E+7,    8.201599E-4,    -1.578450E-3
1.190375E+7,    8.054972E-4,    -1.623511E-3
1.191000E+7,    8.934736E-4,    -1.591444E-3
1.191625E+7,    8.046627E-4,    -1.598835E-3
1.192250E+7,    8.542538E-4,    -1.610994E-3
1.192875E+7,    8.554459E-4,    -1.660466E-3
1.193500E+7,    8.491278E-4,    -1.623154E-3
1.194125E+7,    8.693933E-4,    -1.660824E-3
1.194750E+7,    9.163618E-4,    -1.647115E-3
1.195375E+7,    8.172989E-4,    -1.740098E-3
1.196000E+7,    8.810759E-4,    -1.674533E-3
1.196625E+7,    8.748770E-4,    -1.734257E-3
1.197250E+7,    8.931160E-4,    -1.730919E-3
1.197875E+7,    8.217096E-4,    -1.759171E-3
1.198500E+7,    8.474588E-4,    -1.758575E-3
1.199125E+7,    8.635521E-4,    -1.808763E-3
1.199750E+7,    8.766651E-4,    -1.766562E-3
1.200375E+7,    8.577108E-4,    -1.797318E-3
1.201000E+7,    8.265972E-4,    -1.845121E-3
1.201625E+7,    8.723736E-4,    -1.841545E-3
1.202250E+7,    8.449554E-4,    -1.832724E-3
1.202875E+7,    8.614063E-4,    -1.841545E-3
1.203500E+7,    8.578300E-4,    -1.916885E-3
1.204125E+7,    8.673668E-4,    -1.763821E-3
1.204750E+7,    8.701086E-4,    -1.813293E-3
1.205375E+7,    9.049177E-4,    -1.876116E-3
1.206000E+7,    8.803606E-4,    -1.882672E-3
1.206625E+7,    9.472370E-4,    -1.951337E-3
1.207250E+7,    9.397268E-4,    -1.936674E-3
1.207875E+7,    8.503199E-4,    -1.949906E-3
1.208500E+7,    9.025335E-4,    -1.944065E-3
1.209125E+7,    9.164810E-4,    -1.966000E-3
1.209750E+7,    8.870363E-4,    -1.924038E-3
1.210375E+7,    8.804798E-4,    -2.007723E-3
1.211000E+7,    8.983612E-4,    -2.015352E-3
1.211625E+7,    8.795261E-4,    -1.997709E-3
1.212250E+7,    8.727312E-4,    -1.961708E-3
1.212875E+7,    8.909702E-4,    -2.048254E-3
1.213500E+7,    8.997917E-4,    -2.002239E-3
1.214125E+7,    8.971691E-4,    -2.077818E-3
1.214750E+7,    9.143353E-4,    -2.082109E-3
1.215375E+7,    9.322166E-4,    -2.109528E-3
1.216000E+7,    9.040833E-4,    -2.107143E-3
1.216625E+7,    9.543896E-4,    -2.139091E-3
1.217250E+7,    9.796619E-4,    -2.125025E-3
1.217875E+7,    9.505749E-4,    -2.186537E-3
1.218500E+7,    9.028912E-4,    -2.201557E-3
1.219125E+7,    9.422302E-4,    -2.206087E-3
1.219750E+7,    9.672642E-4,    -2.221584E-3
1.220375E+7,    9.729862E-4,    -2.285719E-3
1.221000E+7,    9.870529E-4,    -2.265453E-3
1.221625E+7,    9.982586E-4,    -2.287865E-3
1.222250E+7,    9.827614E-4,    -2.340555E-3
1.222875E+7,    9.753704E-4,    -2.381086E-3
1.223500E+7,    1.043320E-3,    -2.389431E-3
1.224125E+7,    1.022100E-3,    -2.424717E-3
1.224750E+7,    1.066923E-3,    -2.406836E-3
1.225375E+7,    1.043558E-3,    -2.431393E-3
1.226000E+7,    1.003504E-3,    -2.481937E-3
1.226625E+7,    1.044273E-3,    -2.521038E-3
1.227250E+7,    1.042604E-3,    -2.463818E-3
1.227875E+7,    1.033545E-3,    -2.504110E-3
1.228500E+7,    1.075268E-3,    -2.529621E-3
1.229125E+7,    1.065731E-3,    -2.578020E-3
1.229750E+7,    1.096010E-3,    -2.662182E-3
1.230375E+7,    1.111507E-3,    -2.661228E-3
1.231000E+7,    1.079321E-3,    -2.682924E-3
1.231625E+7,    1.127005E-3,    -2.695560E-3
1.232250E+7,    1.118898E-3,    -2.744436E-3
1.232875E+7,    1.117229E-3,    -2.743483E-3
1.233500E+7,    1.080513E-3,    -2.824783E-3
1.234125E+7,    1.102924E-3,    -2.815485E-3
1.234750E+7,    1.140833E-3,    -2.841234E-3
1.235375E+7,    1.160383E-3,    -2.845049E-3
1.236000E+7,    1.196146E-3,    -2.896309E-3
1.236625E+7,    1.187325E-3,    -2.948046E-3
1.237250E+7,    1.139164E-3,    -2.944231E-3
1.237875E+7,    1.209259E-3,    -3.058195E-3
1.238500E+7,    1.199961E-3,    -3.046751E-3
1.239125E+7,    1.223326E-3,    -3.084660E-3
1.239750E+7,    1.243591E-3,    -3.071547E-3
1.240375E+7,    1.241446E-3,    -3.128767E-3
1.241000E+7,    1.255989E-3,    -3.178358E-3
1.241625E+7,    1.266718E-3,    -3.196478E-3
1.242250E+7,    1.269102E-3,    -3.234386E-3
1.242875E+7,    1.326799E-3,    -3.293991E-3
1.243500E+7,    1.302004E-3,    -3.336906E-3
1.244125E+7,    1.306057E-3,    -3.316164E-3
1.244750E+7,    1.324892E-3,    -3.380775E-3
1.245375E+7,    1.351833E-3,    -3.444433E-3
1.246000E+7,    1.368999E-3,    -3.495216E-3
1.246625E+7,    1.418114E-3,    -3.562927E-3
1.247250E+7,    1.338959E-3,    -3.597260E-3
1.247875E+7,    1.440048E-3,    -3.573418E-3
1.248500E+7,    1.458883E-3,    -3.700972E-3
1.249125E+7,    1.396179E-3,    -3.700972E-3
1.249750E+7,    1.456261E-3,    -3.719807E-3
1.250375E+7,    1.433134E-3,    -3.848314E-3
1.251000E+7,    1.458168E-3,    -3.823280E-3
1.251625E+7,    1.454353E-3,    -3.928185E-3
1.252250E+7,    1.525879E-3,    -3.970146E-3
1.252875E+7,    1.531124E-3,    -3.999710E-3
1.253500E+7,    1.526356E-3,    -4.063129E-3
1.254125E+7,    1.529217E-3,    -4.098415E-3
1.254750E+7,    1.585007E-3,    -4.140377E-3
1.255375E+7,    1.597404E-3,    -4.226208E-3
1.256000E+7,    1.656055E-3,    -4.254341E-3
1.256625E+7,    1.633644E-3,    -4.327297E-3
1.257250E+7,    1.662254E-3,    -4.395485E-3
1.257875E+7,    1.667500E-3,    -4.432201E-3
1.258500E+7,    1.696587E-3,    -4.513741E-3
1.259125E+7,    1.725197E-3,    -4.599094E-3
1.259750E+7,    1.707077E-3,    -4.683495E-3
1.260375E+7,    1.785755E-3,    -4.737854E-3
1.261000E+7,    1.728535E-3,    -4.792690E-3
1.261625E+7,    1.749039E-3,    -4.964828E-3
1.262250E+7,    1.851082E-3,    -4.892826E-3
1.262875E+7,    1.697063E-3,    -5.170822E-3
1.263500E+7,    1.821041E-3,    -5.033493E-3
1.264125E+7,    1.931667E-3,    -5.192757E-3
1.264750E+7,    1.912594E-3,    -5.325794E-3
1.265375E+7,    2.019882E-3,    -5.373955E-3
1.266000E+7,    1.890182E-3,    -5.486488E-3
1.266625E+7,    1.975060E-3,    -5.494118E-3
1.267250E+7,    7.667542E-4,    -6.031990E-3
1.267875E+7,    1.285076E-3,    -6.074429E-3
1.268500E+7,    7.376671E-4,    -6.384373E-3
1.269125E+7,    1.577854E-3,    -6.374359E-3
1.269750E+7,    2.131939E-3,    -5.920410E-3
1.270375E+7,    1.277924E-4,    -6.219387E-3
1.271000E+7,    7.991791E-4,    -7.102966E-3
1.271625E+7,    2.245426E-3,    -6.261826E-3
1.272250E+7,    2.289772E-3,    -6.413460E-3
1.272875E+7,    2.285004E-3,    -6.557465E-3
1.273500E+7,    2.294064E-3,    -6.754398E-3
1.274125E+7,    2.373219E-3,    -6.788254E-3
1.274750E+7,    2.334356E-3,    -7.065058E-3
1.275375E+7,    2.537966E-3,    -6.989241E-3
1.276000E+7,    2.093554E-3,    -7.320166E-3
1.276625E+7,    1.191616E-3,    -7.573128E-3
1.277250E+7,    -1.325369E-3,    -5.594254E-3
1.277875E+7,    -2.095699E-3,    -7.062435E-3
1.278500E+7,    -9.055138E-4,    -8.333206E-3
1.279125E+7,    2.055168E-4,    -8.778572E-3
1.279750E+7,    2.037048E-3,    -8.199215E-3
1.280375E+7,    -7.724762E-4,    -8.125305E-3
1.281000E+7,    -2.923012E-3,    -6.978989E-3
1.281625E+7,    -2.321243E-3,    -9.278774E-3
1.282250E+7,    -2.505302E-3,    -9.251118E-3
1.282875E+7,    9.188652E-4,    -9.461880E-3
1.283500E+7,    -3.733158E-3,    -8.115768E-3
1.284125E+7,    2.727985E-3,    -1.024294E-2
1.284750E+7,    3.062725E-3,    -1.005030E-2
1.285375E+7,    2.346039E-3,    -1.069021E-2
1.286000E+7,    2.383232E-3,    -1.061869E-2
1.286625E+7,    2.377510E-3,    -1.125050E-2
1.287250E+7,    2.801418E-3,    -1.128149E-2
1.287875E+7,    3.394604E-3,    -1.106358E-2
1.288500E+7,    2.710819E-3,    -1.125431E-2
1.289125E+7,    1.968384E-3,    -1.243877E-2
1.289750E+7,    2.589226E-4,    -1.264858E-2
1.290375E+7,    2.417088E-3,    -1.230717E-2
1.291000E+7,    1.551628E-3,    -1.286125E-2
1.291625E+7,    9.737015E-4,    -1.385069E-2
1.292250E+7,    -6.399155E-4,    -1.223135E-2
1.292875E+7,    3.981590E-4,    -1.362085E-2
1.293500E+7,    -5.112648E-3,    -1.156425E-2
1.294125E+7,    -3.322601E-3,    -1.281548E-2
1.294750E+7,    -4.987717E-3,    -1.006317E-2
1.295375E+7,    -5.116940E-3,    -6.703854E-3
1.296000E+7,    -4.476547E-3,    -5.103588E-3
1.296625E+7,    -4.407406E-3,    -4.871368E-3
1.297250E+7,    -4.572868E-3,    -5.044937E-3
1.297875E+7,    -4.666805E-3,    -5.124092E-3
1.298500E+7,    -4.763126E-3,    -5.195618E-3
1.299125E+7,    -4.900932E-3,    -5.314350E-3
1.299750E+7,    -5.025387E-3,    -5.439758E-3
1.300375E+7,    -5.184650E-3,    -5.542278E-3
1.301000E+7,    -5.348206E-3,    -5.697727E-3
1.301625E+7,    -5.509377E-3,    -5.813122E-3
1.302250E+7,    -5.698204E-3,    -5.945206E-3
1.302875E+7,    -5.853653E-3,    -6.116867E-3
1.303500E+7,    -6.047726E-3,    -6.269932E-3
1.304125E+7,    -6.252289E-3,    -6.405830E-3
1.304750E+7,    -6.438255E-3,    -6.572723E-3
1.305375E+7,    -6.627560E-3,    -6.735802E-3
1.306000E+7,    -6.858349E-3,    -6.878376E-3
1.306625E+7,    -7.091522E-3,    -7.102966E-3
1.307250E+7,    -7.340431E-3,    -7.250309E-3
1.307875E+7,    -7.647991E-3,    -7.491112E-3
1.308500E+7,    -7.910728E-3,    -7.701874E-3
1.309125E+7,    -8.194923E-3,    -7.927895E-3
1.309750E+7,    -8.481026E-3,    -8.107185E-3
1.310375E+7,    -8.799553E-3,    -8.349419E-3
1.311000E+7,    -9.130478E-3,    -8.572578E-3
1.311625E+7,    -9.532928E-3,    -8.823395E-3
1.312250E+7,    -9.892464E-3,    -9.111404E-3
1.312875E+7,    -1.034641E-2,    -9.429932E-3
1.313500E+7,    -1.077175E-2,    -9.721756E-3
1.314125E+7,    -1.119709E-2,    -9.985924E-3
1.314750E+7,    -1.173878E-2,    -1.031017E-2
1.315375E+7,    -1.240158E-2,    -1.078510E-2
1.316000E+7,    -1.296139E-2,    -1.114655E-2
1.316625E+7,    -1.353550E-2,    -1.154232E-2
1.317250E+7,    -1.407528E-2,    -1.177883E-2
1.317875E+7,    -1.483631E-2,    -1.227093E-2
1.318500E+7,    -1.549339E-2,    -1.270199E-2
1.319125E+7,    -1.636887E-2,    -1.317883E-2
1.319750E+7,    -1.696491E-2,    -1.348305E-2
1.320375E+7,    -1.785374E-2,    -1.392078E-2
1.321000E+7,    -1.895714E-2,    -1.462173E-2
1.321625E+7,    -1.963997E-2,    -1.489258E-2
1.322250E+7,    -2.070618E-2,    -1.539421E-2
1.322875E+7,    -2.202034E-2,    -1.606369E-2
1.323500E+7,    -2.343750E-2,    -1.673889E-2
1.324125E+7,    -2.509117E-2,    -1.754189E-2
1.324750E+7,    -2.709961E-2,    -1.857376E-2
1.325375E+7,    -2.926636E-2,    -1.968956E-2
1.326000E+7,    -3.083992E-2,    -2.022362E-2
1.326625E+7,    -3.297424E-2,    -2.105713E-2
1.327250E+7,    -3.532028E-2,    -2.192116E-2
1.327875E+7,    -3.813934E-2,    -2.292442E-2
1.328500E+7,    -4.056931E-2,    -2.360916E-2
1.329125E+7,    -4.423523E-2,    -2.498245E-2
1.329750E+7,    -4.721069E-2,    -2.592087E-2
1.330375E+7,    -5.052185E-2,    -2.643967E-2
1.331000E+7,    -5.617905E-2,    -2.792740E-2
1.331625E+7,    -6.062698E-2,    -2.903366E-2
1.332250E+7,    -6.729889E-2,    -3.061295E-2
1.332875E+7,    -7.063675E-2,    -3.099442E-2
1.333500E+7,    -7.504654E-2,    -3.012085E-2
1.334125E+7,    -8.074951E-2,    -3.052139E-2
1.334750E+7,    -8.778381E-2,    -3.020477E-2
1.335375E+7,    -9.793854E-2,    -3.054047E-2
1.336000E+7,    -1.068497E-1,    -3.044128E-2
1.336625E+7,    -1.167755E-1,    -2.829742E-2
1.337250E+7,    -1.308517E-1,    -2.717590E-2
1.337875E+7,    -1.433411E-1,    -2.327728E-2
1.338500E+7,    -1.581192E-1,    -1.798248E-2
1.339125E+7,    -1.785812E-1,    -1.029205E-2
1.339750E+7,    -1.971436E-1,    -5.874634E-4
1.340375E+7,    -2.177429E-1,    1.442719E-2
1.341000E+7,    -2.410583E-1,    3.453827E-2
1.341625E+7,    -2.682190E-1,    6.265259E-2
1.342250E+7,    -2.912445E-1,    9.950256E-2
1.342875E+7,    -3.135223E-1,    1.487579E-1
1.343500E+7,    -3.264465E-1,    2.096558E-1
1.344125E+7,    -3.209686E-1,    2.764282E-1
1.344750E+7,    -3.005676E-1,    3.523560E-1
1.345375E+7,    -2.576294E-1,    4.234467E-1
1.346000E+7,    -1.920929E-1,    4.820099E-1
1.346625E+7,    -1.155396E-1,    5.250549E-1
1.347250E+7,    -3.311157E-2,    5.503235E-1
1.347875E+7,    4.571533E-2,    5.486450E-1
1.348500E+7,    1.187134E-1,    5.310059E-1
1.349125E+7,    1.814880E-1,    5.080566E-1
1.349750E+7,    2.384338E-1,    4.819031E-1
1.350375E+7,    2.898865E-1,    4.542236E-1
1.351000E+7,    3.323059E-1,    4.195557E-1
1.351625E+7,    3.721313E-1,    3.828430E-1
1.352250E+7,    4.105530E-1,    3.459473E-1
1.352875E+7,    4.466858E-1,    3.054810E-1
1.353500E+7,    4.824524E-1,    2.622375E-1
1.354125E+7,    5.142517E-1,    2.124634E-1
1.354750E+7,    5.434875E-1,    1.566467E-1
1.355375E+7,    5.651855E-1,    9.359741E-2
1.356000E+7,    5.781250E-1,    2.368164E-2
1.356625E+7,    5.791931E-1,    -4.962158E-2
1.357250E+7,    5.646973E-1,    -1.257935E-1
1.357875E+7,    5.371704E-1,    -1.979980E-1
1.358500E+7,    4.952698E-1,    -2.628784E-1
1.359125E+7,    4.420776E-1,    -3.150024E-1
1.359750E+7,    3.831787E-1,    -3.541870E-1
1.360375E+7,    3.223877E-1,    -3.782043E-1
1.361000E+7,    2.633362E-1,    -3.902283E-1
1.361625E+7,    2.106628E-1,    -3.923340E-1
1.362250E+7,    1.626282E-1,    -3.867798E-1
1.362875E+7,    1.209717E-1,    -3.775330E-1
1.363500E+7,    8.666992E-2,    -3.657227E-1
1.364125E+7,    5.670166E-2,    -3.517761E-1
1.364750E+7,    3.121948E-2,    -3.371887E-1
1.365375E+7,    9.552002E-3,    -3.232727E-1
1.366000E+7,    -9.216309E-3,    -3.105774E-1
1.366625E+7,    -2.560425E-2,    -2.991638E-1
1.367250E+7,    -4.031372E-2,    -2.885132E-1
1.367875E+7,    -5.413818E-2,    -2.785950E-1
1.368500E+7,    -6.719971E-2,    -2.693787E-1
1.369125E+7,    -7.974243E-2,    -2.611084E-1
1.369750E+7,    -9.237671E-2,    -2.541504E-1
1.370375E+7,    -1.064453E-1,    -2.479248E-1
1.371000E+7,    -1.214905E-1,    -2.422791E-1
1.371625E+7,    -1.380005E-1,    -2.369385E-1
1.372250E+7,    -1.574402E-1,    -2.305908E-1
1.372875E+7,    -1.801453E-1,    -2.232666E-1
1.373500E+7,    -2.058716E-1,    -2.129211E-1
1.374125E+7,    -2.359924E-1,    -1.970215E-1
1.374750E+7,    -2.687073E-1,    -1.723022E-1
1.375375E+7,    -3.018799E-1,    -1.344910E-1
1.376000E+7,    -3.283081E-1,    -8.169556E-2
1.376625E+7,    -3.375549E-1,    -1.531982E-2
1.377250E+7,    -3.215332E-1,    5.545044E-2
1.377875E+7,    -2.803955E-1,    1.140442E-1
1.378500E+7,    -2.253113E-1,    1.489563E-1
1.379125E+7,    -1.709900E-1,    1.619263E-1
1.379750E+7,    -1.246033E-1,    1.593475E-1
1.380375E+7,    -8.927917E-2,    1.479034E-1
1.381000E+7,    -6.336975E-2,    1.336365E-1
1.381625E+7,    -4.495239E-2,    1.192780E-1
1.382250E+7,    -3.160858E-2,    1.054840E-1
1.382875E+7,    -2.211761E-2,    9.362793E-2
1.383500E+7,    -1.522064E-2,    8.284760E-2
1.384125E+7,    -1.017761E-2,    7.356262E-2
1.384750E+7,    -6.507874E-3,    6.536865E-2
1.385375E+7,    -3.906250E-3,    5.843735E-2
1.386000E+7,    -1.922607E-3,    5.228043E-2
1.386625E+7,    -4.386902E-4,    4.704285E-2
1.387250E+7,    6.256104E-4,    4.243851E-2
1.387875E+7,    1.396179E-3,    3.841782E-2
1.388500E+7,    1.979828E-3,    3.488159E-2
1.389125E+7,    2.365112E-3,    3.173828E-2
1.389750E+7,    2.693176E-3,    2.893829E-2
1.390375E+7,    2.912521E-3,    2.646065E-2
1.391000E+7,    3.021240E-3,    2.425957E-2
1.391625E+7,    3.101349E-3,    2.230263E-2
1.392250E+7,    3.154755E-3,    2.054214E-2
1.392875E+7,    3.112793E-3,    1.892090E-2
1.393500E+7,    3.124237E-3,    1.747894E-2
1.394125E+7,    3.076553E-3,    1.619148E-2
1.394750E+7,    2.985001E-3,    1.502991E-2
1.395375E+7,    2.925873E-3,    1.393127E-2
1.396000E+7,    2.834320E-3,    1.298141E-2
1.396625E+7,    2.764702E-3,    1.210499E-2
1.397250E+7,    2.679825E-3,    1.128864E-2
1.397875E+7,    2.590179E-3,    1.055431E-2
1.398500E+7,    2.507210E-3,    9.841919E-3
1.399125E+7,    2.428055E-3,    9.244919E-3
1.399750E+7,    2.323151E-3,    8.643150E-3
1.400375E+7,    2.265930E-3,    8.138657E-3
1.401000E+7,    2.168655E-3,    7.634163E-3
1.401625E+7,    2.071381E-3,    7.194519E-3
1.402250E+7,    2.016068E-3,    6.754875E-3
1.402875E+7,    1.938820E-3,    6.371498E-3
1.403500E+7,    1.892567E-3,    6.004810E-3
1.404125E+7,    1.773834E-3,    5.647659E-3
1.404750E+7,    1.737118E-3,    5.322456E-3
1.405375E+7,    1.671314E-3,    5.062580E-3
1.406000E+7,    1.587868E-3,    4.799366E-3
1.406625E+7,    1.510620E-3,    4.533768E-3
1.407250E+7,    1.466751E-3,    4.280567E-3
1.407875E+7,    1.429558E-3,    4.066467E-3
1.408500E+7,    1.374245E-3,    3.848553E-3
1.409125E+7,    1.324892E-3,    3.679276E-3
1.409750E+7,    1.267910E-3,    3.495693E-3
1.410375E+7,    1.244068E-3,    3.327370E-3
1.411000E+7,    1.198292E-3,    3.145456E-3
1.411625E+7,    1.139641E-3,    2.969265E-3
1.412250E+7,    1.096129E-3,    2.860427E-3
1.412875E+7,    1.065016E-3,    2.724290E-3
1.413500E+7,    1.016140E-3,    2.603292E-3
1.414125E+7,    9.524822E-4,    2.467990E-3
1.414750E+7,    9.367466E-4,    2.335906E-3
1.415375E+7,    8.984804E-4,    2.253294E-3
1.416000E+7,    8.834600E-4,    2.124310E-3
1.416625E+7,    8.426905E-4,    2.008915E-3
1.417250E+7,    8.335114E-4,    1.945019E-3
1.417875E+7,    7.841587E-4,    1.856923E-3
1.418500E+7,    7.611513E-4,    1.794815E-3
1.419125E+7,    7.414818E-4,    1.716375E-3
1.419750E+7,    7.350445E-4,    1.614928E-3
1.420375E+7,    6.608963E-4,    1.573801E-3
1.421000E+7,    6.724596E-4,    1.498699E-3
1.421625E+7,    6.287098E-4,    1.432896E-3
1.422250E+7,    6.265640E-4,    1.381993E-3
1.422875E+7,    5.920529E-4,    1.308560E-3
1.423500E+7,    5.782843E-4,    1.246750E-3
1.424125E+7,    5.731583E-4,    1.213193E-3
1.424750E+7,    5.086660E-4,    1.175106E-3
1.425375E+7,    5.317926E-4,    1.112938E-3
1.426000E+7,    4.832745E-4,    1.087368E-3
1.426625E+7,    4.685521E-4,    1.040876E-3
1.427250E+7,    4.718304E-4,    9.860396E-4
1.427875E+7,    4.594326E-4,    9.605885E-4
1.428500E+7,    4.509091E-4,    9.247661E-4
1.429125E+7,    4.152656E-4,    8.974671E-4
1.429750E+7,    3.945231E-4,    8.718371E-4
1.430375E+7,    3.848076E-4,    8.375049E-4
1.431000E+7,    3.819466E-4,    7.920861E-4
1.431625E+7,    3.666878E-4,    7.553697E-4
1.432250E+7,    3.768206E-4,    7.082820E-4
1.432875E+7,    3.413558E-4,    6.987453E-4
1.433500E+7,    3.338456E-4,    6.741881E-4
1.434125E+7,    3.348291E-4,    6.397069E-4
1.434750E+7,    3.111660E-4,    6.156862E-4
1.435375E+7,    3.066361E-4,    6.198883E-4
1.436000E+7,    2.889037E-4,    5.965829E-4
1.436625E+7,    2.730191E-4,    5.691350E-4
1.437250E+7,    2.845228E-4,    5.476177E-4
1.437875E+7,    2.631545E-4,    5.262196E-4
1.438500E+7,    2.635419E-4,    5.265176E-4
1.439125E+7,    2.580583E-4,    4.954934E-4
1.439750E+7,    2.577603E-4,    4.922748E-4
1.440375E+7,    2.570152E-4,    4.740357E-4
1.441000E+7,    2.391338E-4,    4.544258E-4
1.441625E+7,    2.211034E-4,    4.427731E-4
1.442250E+7,    2.215207E-4,    4.084110E-4
1.442875E+7,    2.132952E-4,    4.018247E-4
1.443500E+7,    2.052784E-4,    3.966093E-4
1.444125E+7,    2.137423E-4,    3.831089E-4
1.444750E+7,    2.258420E-4,    3.551543E-4
1.445375E+7,    1.777411E-4,    3.449619E-4
1.446000E+7,    1.925826E-4,    3.435016E-4
1.446625E+7,    1.798272E-4,    3.438890E-4
1.447250E+7,    1.494884E-4,    3.261566E-4
1.447875E+7,    1.602620E-4,    3.067106E-4
1.448500E+7,    1.869202E-4,    3.117323E-4
1.449125E+7,    1.630783E-4,    2.655238E-4
1.449750E+7,    1.732856E-4,    2.941787E-4
1.450375E+7,    1.615584E-4,    2.628714E-4
1.451000E+7,    1.294166E-4,    2.705008E-4
1.451625E+7,    1.234263E-4,    2.588034E-4
1.452250E+7,    1.478046E-4,    2.452582E-4
1.452875E+7,    1.481324E-4,    2.288818E-4
1.453500E+7,    1.393855E-4,    2.231896E-4
1.454125E+7,    1.434833E-4,    2.246499E-4
1.454750E+7,    1.245439E-4,    2.063364E-4
1.455375E+7,    1.184940E-4,    2.194196E-4
1.456000E+7,    1.160055E-4,    2.006739E-4
1.456625E+7,    1.198649E-4,    1.940727E-4
1.457250E+7,    1.104176E-4,    1.975000E-4
1.457875E+7,    1.269281E-4,    1.886636E-4
1.458500E+7,    1.080632E-4,    1.707375E-4
1.459125E+7,    9.889901E-5,    1.823902E-4
1.459750E+7,    1.225024E-4,    1.924932E-4
1.460375E+7,    1.069009E-4,    1.845360E-4
1.461000E+7,    1.059324E-4,    1.522452E-4
1.461625E+7,    9.338558E-5,    1.455843E-4
1.462250E+7,    8.849800E-5,    1.581609E-4
1.462875E+7,    6.584823E-5,    1.642853E-4
1.463500E+7,    8.878112E-5,    1.582503E-4
1.464125E+7,    8.462369E-5,    1.322404E-4
1.464750E+7,    6.986409E-5,    1.487359E-4
1.465375E+7,    6.317347E-5,    1.377091E-4
1.466000E+7,    7.682294E-5,    1.431555E-4
1.466625E+7,    8.019805E-5,    1.364723E-4
1.467250E+7,    7.997453E-5,    1.279339E-4
1.467875E+7,    7.257611E-5,    1.086742E-4
1.468500E+7,    7.245690E-5,    1.003817E-4
1.469125E+7,    6.163865E-5,    1.272336E-4
1.469750E+7,    6.482005E-5,    1.203045E-4
1.470375E+7,    5.987287E-5,    9.452552E-5
1.471000E+7,    7.060170E-5,    1.066178E-4
1.471625E+7,    5.411357E-5,    9.957701E-5
1.472250E+7,    6.573647E-5,    1.114756E-4
1.472875E+7,    4.639477E-5,    1.114383E-4
1.473500E+7,    3.771484E-5,    1.237243E-4
1.474125E+7,    7.147342E-5,    9.763241E-5
1.474750E+7,    5.415082E-5,    1.137480E-4
1.475375E+7,    5.089492E-5,    8.128583E-5
1.476000E+7,    6.334484E-5,    1.007915E-4
1.476625E+7,    5.736947E-5,    7.537752E-5
1.477250E+7,    6.885082E-5,    8.700788E-5
1.477875E+7,    5.700067E-5,    6.689504E-5
1.478500E+7,    4.788116E-5,    7.119030E-5
1.479125E+7,    5.711988E-5,    6.669387E-5
1.479750E+7,    4.725531E-5,    6.284937E-5
1.480375E+7,    4.540384E-5,    4.655123E-5
1.481000E+7,    3.598258E-5,    7.398799E-5
1.481625E+7,    5.584955E-5,    7.280707E-5
1.482250E+7,    3.544614E-5,    6.571412E-5
1.482875E+7,    3.316253E-5,    4.963577E-5
1.483500E+7,    3.689900E-5,    7.370859E-5
1.484125E+7,    4.987046E-5,    4.683807E-5
1.484750E+7,    4.306436E-5,    4.449487E-5
1.485375E+7,    2.741441E-5,    6.998330E-5
1.486000E+7,    2.964213E-5,    6.297976E-5
1.486625E+7,    2.862141E-5,    5.487353E-5
1.487250E+7,    5.447865E-5,    7.052720E-5
1.487875E+7,    1.583993E-5,    3.535300E-5
1.488500E+7,    3.947690E-5,    5.782396E-5
1.489125E+7,    5.507097E-5,    7.005408E-5
1.489750E+7,    2.171285E-5,    2.931431E-5
1.490375E+7,    3.451109E-5,    6.348267E-5
1.491000E+7,    4.519895E-5,    6.644428E-5
1.491625E+7,    1.755450E-5,    5.050562E-6
1.492250E+7,    4.523993E-5,    2.806261E-5
1.492875E+7,    2.635643E-5,    6.823614E-5
1.493500E+7,    3.135018E-5,    2.389215E-5
1.494125E+7,    3.570691E-5,    6.296858E-5
1.494750E+7,    2.230331E-5,    4.389882E-5
1.495375E+7,    3.259256E-5,    6.190315E-5
1.496000E+7,    3.329292E-5,    3.162399E-5
1.496625E+7,    1.214072E-5,    2.589449E-5
1.497250E+7,    1.582690E-5,    2.677552E-5
1.497875E+7,    2.304278E-5,    2.851523E-5
1.498500E+7,    3.556348E-5,    8.961186E-6
1.499125E+7,    1.246762E-5,    1.065526E-5
1.499750E+7,    1.977943E-5,    4.269741E-5
1.500375E+7,    1.983717E-5,    4.256517E-5
1.501000E+7,    1.456216E-5,    3.369525E-5
1.501625E+7,    1.831725E-5,    3.452785E-5
1.502250E+7,    2.387911E-5,    4.336610E-5
1.502875E+7,    1.846813E-5,    3.449060E-5
1.503500E+7,    2.383441E-5,    2.812967E-5
1.504125E+7,    3.876910E-5,    4.647672E-5
1.504750E+7,    1.847185E-5,    1.916662E-5
1.505375E+7,    2.067536E-5,    2.714247E-5
1.506000E+7,    3.765151E-5,    5.340949E-5
1.506625E+7,    1.912937E-5,    3.424659E-5
1.507250E+7,    2.446398E-5,    2.774969E-5
1.507875E+7,    1.148600E-5,    1.744647E-5
1.508500E+7,    1.732819E-5,    2.603605E-5
1.509125E+7,    2.322160E-5,    3.462471E-5
1.509750E+7,    2.479181E-5,    2.728030E-5
1.510375E+7,    8.052215E-6,    1.658872E-5
1.511000E+7,    2.987124E-5,    2.062321E-5
1.511625E+7,    2.625957E-5,    1.988932E-5
1.512250E+7,    1.780130E-5,    2.568588E-5
1.512875E+7,    1.420267E-5,    2.498552E-5
1.513500E+7,    4.690140E-6,    1.575705E-5
1.514125E+7,    1.800619E-5,    2.553500E-5
1.514750E+7,    3.147312E-5,    -9.652227E-6
1.515375E+7,    -4.802831E-6,    2.910383E-5
1.516000E+7,    2.551451E-5,    2.663583E-5
1.516625E+7,    2.630055E-6,    5.275197E-5
1.517250E+7,    4.256144E-5,    1.423247E-5
1.517875E+7,    3.051385E-5,    1.969375E-5
1.518500E+7,    3.175624E-5,    1.223758E-5
1.519125E+7,    1.248159E-5,    1.674052E-5
1.519750E+7,    1.981482E-5,    1.783483E-5
1.520375E+7,    -6.806105E-6,    2.145674E-5
1.521000E+7,    2.207235E-6,    3.772974E-5
1.521625E+7,    2.009794E-5,    1.768395E-5
1.522250E+7,    1.290347E-5,    1.673773E-5
1.522875E+7,    1.474656E-5,    3.201142E-5
1.523500E+7,    -3.700377E-6,    -4.637986E-7
1.524125E+7,    1.894310E-6,    1.527555E-5
1.524750E+7,    1.375657E-5,    -2.101436E-5
1.525375E+7,    2.061389E-5,    1.744367E-5
1.526000E+7,    2.089888E-6,    1.533143E-5
1.526625E+7,    5.050562E-6,    2.337340E-5
1.527250E+7,    9.669922E-6,    1.628138E-5
1.527875E+7,    3.331155E-5,    1.103990E-5
1.528500E+7,    1.067389E-5,    8.733943E-6
1.529125E+7,    8.698553E-7,    3.090128E-5
1.529750E+7,    2.763793E-5,    3.347173E-5
1.530375E+7,    1.719221E-6,    2.325419E-5
1.531000E+7,    3.254786E-5,    2.598949E-5
1.531625E+7,    4.926335E-10,    -4.147580E-10
1.532250E+7,    1.393910E-5,    1.644343E-5
1.532875E+7,    1.718476E-5,    2.421252E-5
1.533500E+7,    9.888783E-6,    2.406165E-5
1.534125E+7,    1.057610E-5,    1.640990E-5
1.534750E+7,    1.177983E-5,    7.641502E-7
1.535375E+7,    1.362525E-5,    -1.606531E-5
1.536000E+7,    1.299335E-5,    -7.462688E-6
1.536625E+7,    2.349354E-5,    2.634712E-5
1.537250E+7,    6.381422E-6,    3.357232E-5
1.537875E+7,    1.671910E-5,    8.316711E-7
1.538500E+7,    7.396564E-6,    2.596527E-5
1.539125E+7,    1.144223E-5,    2.604723E-5
1.539750E+7,    -3.720634E-7,    8.514151E-6
1.540375E+7,    -2.042390E-5,    1.507439E-5
1.541000E+7,    2.289377E-5,    1.652725E-5
1.541625E+7,    1.633633E-5,    -7.595867E-6
1.542250E+7,    7.718801E-6,    2.557412E-5
1.542875E+7,    -5.532056E-7,    1.614820E-5
1.543500E+7,    1.160055E-5,    8.128583E-6
1.544125E+7,    2.149772E-5,    -8.084811E-6
1.544750E+7,    4.028901E-6,    1.724716E-5
1.545375E+7,    3.998168E-6,    1.746137E-5
1.546000E+7,    8.863397E-6,    9.406358E-8
1.546625E+7,    -1.681503E-5,    8.339062E-6
1.547250E+7,    4.163943E-6,    8.488074E-6
1.547875E+7,    1.257984E-5,    8.661300E-8
1.548500E+7,    4.091300E-6,    -1.164153E-9
1.549125E+7,    -1.271814E-5,    1.689512E-5
1.549750E+7,    3.136694E-5,    2.590194E-5
1.550375E+7,    -1.094304E-7,    9.064097E-6
1.551000E+7,    1.768395E-5,    -2.713315E-5
1.551625E+7,    8.722302E-6,    -1.220033E-7
1.552250E+7,    2.465770E-5,    -1.684017E-5
1.552875E+7,    1.319498E-5,    2.505817E-5
1.553500E+7,    -4.267786E-6,    -7.952098E-6
1.554125E+7,    1.961179E-5,    3.496557E-5
1.554750E+7,    1.853332E-7,    1.123501E-5
1.555375E+7,    1.073489E-5,    -2.947636E-7
1.556000E+7,    1.040474E-5,    1.002941E-5
1.556625E+7,    9.987969E-6,    -4.153699E-7
1.557250E+7,    2.470985E-5,    1.861714E-5
1.557875E+7,    1.080148E-5,    3.585592E-5
1.558500E+7,    -4.623928E-10,    5.082939E-10
1.559125E+7,    -3.630295E-6,    8.374453E-6
1.559750E+7,    -1.258962E-5,    -7.414259E-6
1.560375E+7,    9.044074E-6,    1.554098E-5
1.561000E+7,    -1.618732E-5,    1.042150E-6
1.561625E+7,    -3.543217E-6,    8.464325E-6
1.562250E+7,    1.608208E-5,    -1.180917E-6
1.562875E+7,    3.795139E-5,    1.367554E-5
1.563500E+7,    -4.369554E-10,    5.068159E-10
1.564125E+7,    1.105806E-5,    -8.673873E-6
1.564750E+7,    1.595914E-5,    6.427988E-6
1.565375E+7,    1.156563E-5,    -1.012348E-6
1.566000E+7,    6.963499E-6,    -8.292031E-6
1.566625E+7,    4.142180E-10,    -5.001652E-10
1.567250E+7,    6.941613E-6,    -8.385628E-6
1.567875E+7,    -1.679268E-5,    2.474431E-5
1.568500E+7,    2.664980E-5,    -2.676621E-6
1.569125E+7,    7.614493E-6,    -7.972121E-7
1.569750E+7,    2.278108E-5,    -2.451241E-6
1.570375E+7,    -8.307397E-7,    -7.581431E-6
1.571000E+7,    4.610978E-6,    7.119495E-6
1.571625E+7,    2.058595E-5,    1.286902E-5
1.572250E+7,    1.043780E-5,    -8.909963E-6
1.572875E+7,    -9.685755E-8,    3.067404E-5
1.573500E+7,    1.787301E-5,    -9.903684E-6
1.574125E+7,    -8.325092E-6,    2.397876E-5
1.574750E+7,    1.979247E-5,    5.039386E-6
1.575375E+7,    2.026558E-6,    1.501758E-5
1.576000E+7,    3.747642E-6,    -5.215406E-7
1.576625E+7,    1.451001E-5,    2.092682E-5
1.577250E+7,    2.627261E-5,    -3.862195E-6
1.577875E+7,    4.109927E-6,    -2.363324E-5
1.578500E+7,    2.600718E-6,    -8.072238E-6
1.579125E+7,    -1.467206E-5,    -2.076104E-5
1.579750E+7,    7.475959E-6,    -1.187669E-6
1.580375E+7,    1.744740E-5,    -1.048297E-5
1.581000E+7,    -9.949319E-6,    9.300187E-6
1.581625E+7,    2.516434E-6,    1.486763E-5
1.582250E+7,    9.876676E-6,    -9.346753E-6
1.582875E+7,    -4.993752E-6,    -6.766990E-6
1.583500E+7,    1.616683E-5,    4.783273E-6
1.584125E+7,    1.885556E-5,    1.955032E-5
1.584750E+7,    1.620222E-5,    4.653819E-6
1.585375E+7,    6.509945E-6,    1.407880E-5
1.586000E+7,    -7.391442E-6,    1.412118E-6
1.586625E+7,    1.477543E-5,    -2.908055E-6
1.587250E+7,    1.842249E-5,    -3.696419E-6
1.587875E+7,    -6.671064E-6,    -1.399219E-5
1.588500E+7,    6.524846E-6,    -2.434943E-5
1.589125E+7,    -3.678841E-6,    7.665949E-7
1.589750E+7,    1.312140E-5,    -1.043780E-5
1.590375E+7,    -2.614874E-5,    2.103113E-5
1.591000E+7,    2.567284E-5,    -5.626120E-6
1.591625E+7,    -1.466321E-5,    3.206544E-6
1.592250E+7,    1.097145E-5,    -2.474990E-6
1.592875E+7,    -1.292070E-5,    1.065573E-5
1.593500E+7,    3.650901E-6,    -8.419156E-7
1.594125E+7,    5.375128E-6,    6.416347E-6
1.594750E+7,    3.639609E-6,    -8.728821E-7
1.595375E+7,    -3.715977E-6,    1.631398E-5
1.596000E+7,    -1.841690E-6,    8.157454E-6
1.596625E+7,    1.632515E-5,    3.650784E-6
1.597250E+7,    1.266226E-5,    -1.094444E-5
1.597875E+7,    9.209849E-6,    2.083369E-5
1.598500E+7,    1.810677E-5,    -4.714355E-6
1.599125E+7,    -9.330921E-6,    -2.075732E-5
1.599750E+7,    -2.219342E-6,    -2.267025E-5
1.600375E+7,    -1.660176E-5,    -3.662705E-5
1.601000E+7,    -4.283898E-5,    2.323836E-5
1.601625E+7,    8.817762E-6,    -4.388392E-5
1.602250E+7,    -6.010383E-5,    -3.270805E-5
1.602875E+7,    1.031347E-4,    1.590326E-5
1.603500E+7,    1.044795E-4,    5.444139E-5
1.604125E+7,    4.982390E-5,    -4.656985E-5
1.604750E+7,    -1.336932E-4,    -5.997717E-6
1.605375E+7,    -3.260933E-5,    2.412684E-5
1.606000E+7,    3.086478E-4,    2.875924E-5
1.606625E+7,    -9.366125E-5,    2.069771E-4
1.607250E+7,    -1.529455E-4,    -2.173334E-4
1.607875E+7,    -5.460158E-5,    6.207824E-5
1.608500E+7,    -1.350716E-4,    -4.475564E-5
1.609125E+7,    -2.833456E-5,    8.047000E-5
1.609750E+7,    -7.332116E-5,    -4.526600E-5
1.610375E+7,    9.364635E-5,    1.255572E-4
1.611000E+7,    -5.703419E-5,    -9.975582E-5
1.611625E+7,    1.131892E-4,    2.650172E-4
1.612250E+7,    3.151968E-5,    -6.258860E-5
1.612875E+7,    -2.841651E-5,    8.041412E-5
1.613500E+7,    4.013255E-5,    5.660951E-5
1.614125E+7,    5.638413E-5,    -4.205853E-6
1.614750E+7,    6.596744E-5,    1.534149E-4
1.615375E+7,    5.066767E-5,    6.401166E-5
1.616000E+7,    4.711747E-5,    -5.788170E-5
1.616625E+7,    -2.621114E-5,    -1.852401E-5
1.617250E+7,    -5.593523E-6,    -1.654401E-5
1.617875E+7,    1.106411E-5,    -6.454438E-5
1.618500E+7,    -1.099892E-5,    -2.667308E-5
1.619125E+7,    4.881620E-5,    9.759516E-5
1.619750E+7,    -2.025347E-5,    1.082756E-5
1.620375E+7,    -3.545359E-5,    1.891144E-5
1.621000E+7,    -2.620183E-5,    -1.857057E-5
1.621625E+7,    4.393235E-5,    9.071082E-6
1.622250E+7,    9.492040E-5,    9.250641E-5
1.622875E+7,    -1.010075E-4,    -3.072619E-5
1.623500E+7,    4.291348E-5,    -2.939440E-5
1.624125E+7,    -5.354732E-5,    1.553819E-5
1.624750E+7,    7.860363E-5,    -4.186854E-5
1.625375E+7,    -6.008893E-5,    1.621768E-4
1.626000E+7,    6.703660E-5,    9.778887E-6
1.626625E+7,    3.515556E-5,    -3.172830E-5
1.627250E+7,    9.546056E-5,    1.423061E-5
1.627875E+7,    6.043725E-5,    -4.519336E-5
1.628500E+7,    6.912649E-5,    9.334832E-5
1.629125E+7,    9.780377E-5,    6.522983E-6
1.629750E+7,    -3.295578E-5,    1.752749E-5
1.630375E+7,    -1.709163E-5,    3.512949E-5
1.631000E+7,    -2.924353E-5,    1.652092E-4
1.631625E+7,    1.029782E-4,    -9.362400E-5
1.632250E+7,    -1.073182E-4,    2.452731E-5
1.632875E+7,    1.706183E-5,    -1.391545E-4
1.633500E+7,    7.669628E-5,    -1.460314E-5
1.634125E+7,    2.074242E-5,    1.125857E-4
1.634750E+7,    2.288446E-4,    1.502037E-5
1.635375E+7,    6.920099E-5,    9.977072E-5
1.636000E+7,    2.609938E-5,    1.291484E-4
1.636625E+7,    7.357076E-5,    -3.901124E-5
1.637250E+7,    7.528067E-5,    3.161281E-5
1.637875E+7,    7.928908E-5,    -1.597032E-5
1.638500E+7,    6.464124E-5,    -9.274110E-5
1.639125E+7,    9.625405E-5,    -1.745299E-4
1.639750E+7,    1.414567E-4,    -3.270805E-6
1.640375E+7,    -1.807977E-5,    -3.441237E-6
1.641000E+7,    2.039745E-4,    3.533065E-5
1.641625E+7,    -1.685694E-6,    3.988110E-5
1.642250E+7,    -1.033396E-5,    -1.180097E-4
1.642875E+7,    -2.497807E-5,    3.269315E-5
1.643500E+7,    -2.728030E-5,    -7.008389E-5
1.644125E+7,    -4.222989E-5,    -1.598820E-4
1.644750E+7,    9.731948E-5,    9.828061E-5
1.645375E+7,    -2.090447E-5,    -1.495890E-5
1.646000E+7,    1.085699E-4,    2.714992E-5
1.646625E+7,    6.445870E-5,    4.969537E-6
1.647250E+7,    -2.906844E-5,    -3.668666E-5
1.647875E+7,    2.400484E-6,    -7.769559E-6
1.648500E+7,    6.385520E-5,    -2.071634E-5
1.649125E+7,    -3.389083E-5,    -2.114847E-5
1.649750E+7,    4.966930E-5,    3.881380E-5
1.650375E+7,    2.276897E-5,    -1.852959E-5
1.651000E+7,    -1.109876E-4,    -1.313165E-5
1.651625E+7,    -2.678484E-5,    -5.096197E-5
1.652250E+7,    -1.501013E-5,    2.087187E-5
1.652875E+7,    -1.694635E-5,    5.443208E-5
1.653500E+7,    1.235306E-5,    9.757280E-5
1.654125E+7,    -6.778911E-5,    -4.240870E-5
1.654750E+7,    -2.191216E-5,    6.352738E-5
1.655375E+7,    -6.045401E-5,    -5.933642E-5
1.656000E+7,    5.517155E-5,    -7.444993E-5
1.656625E+7,    -2.920255E-5,    8.687750E-5
1.657250E+7,    -6.928295E-5,    -1.132935E-4
1.657875E+7,    8.184463E-5,    -2.998486E-5
1.658500E+7,    1.645088E-5,    4.995242E-5
1.659125E+7,    -3.024936E-6,    1.121759E-4
1.659750E+7,    6.590039E-6,    7.461756E-5
1.660375E+7,    9.413064E-5,    -6.228313E-5
1.661000E+7,    1.808815E-5,    3.530644E-6
1.661625E+7,    7.187203E-5,    -1.809001E-5
1.662250E+7,    1.176186E-4,    -4.857406E-5
1.662875E+7,    -6.986409E-5,    -1.548603E-5
1.663500E+7,    -4.726648E-5,    -4.680082E-5
1.664125E+7,    1.974963E-5,    -4.936382E-5
1.664750E+7,    1.660809E-4,    -8.671731E-5
1.665375E+7,    -4.288927E-5,    5.492754E-5
1.666000E+7,    4.436448E-5,    2.886727E-5
1.666625E+7,    -5.794689E-6,    -3.598817E-5
1.667250E+7,    8.914620E-6,    -8.272752E-5
1.667875E+7,    5.244091E-5,    -9.889528E-5
1.668500E+7,    -5.785748E-5,    -6.744638E-5
1.669125E+7,    -5.941838E-5,    -1.574531E-4
1.669750E+7,    -4.808232E-5,    5.752034E-5
1.670375E+7,    3.057718E-5,    -2.244115E-5
1.671000E+7,    -7.052347E-5,    1.017787E-4
1.671625E+7,    2.058502E-5,    -4.218891E-6
1.672250E+7,    -6.803125E-5,    1.003668E-4
1.672875E+7,    -3.987551E-5,    -7.044896E-5
1.673500E+7,    5.329493E-6,    1.023663E-5
1.674125E+7,    -4.082732E-5,    2.772175E-5
1.674750E+7,    1.167208E-4,    -1.257509E-4
1.675375E+7,    1.525134E-5,    1.417696E-4
1.676000E+7,    2.450123E-5,    7.829070E-5
1.676625E+7,    2.265349E-5,    -3.780238E-5
1.677250E+7,    -1.526903E-5,    1.444854E-5
1.677875E+7,    1.331232E-5,    2.560019E-5
1.678500E+7,    -2.289936E-5,    2.489425E-5
1.679125E+7,    -5.490333E-5,    -4.311278E-5
1.679750E+7,    -2.660323E-6,    -5.127862E-6
1.680375E+7,    -4.892424E-5,    1.235120E-5
1.681000E+7,    -2.343953E-5,    -1.386367E-5
1.681625E+7,    -4.161336E-5,    -1.747534E-5
1.682250E+7,    -1.475215E-5,    5.321205E-5
1.682875E+7,    -8.297712E-5,    -1.571327E-5
1.683500E+7,    -1.868233E-5,    -4.237890E-5
1.684125E+7,    6.075948E-5,    -8.994341E-5
1.684750E+7,    -1.730397E-6,    5.949102E-5
1.685375E+7,    2.008863E-5,    -4.293770E-5
1.686000E+7,    -4.256517E-5,    -9.507686E-5
1.686625E+7,    -1.985580E-6,    4.654936E-5
1.687250E+7,    -3.065914E-5,    2.885796E-5
1.687875E+7,    -4.716590E-5,    -4.721433E-5
1.688500E+7,    4.443526E-5,    3.559515E-5
1.689125E+7,    -2.991408E-6,    -3.096089E-5
1.689750E+7,    4.363805E-5,    -2.897531E-5
1.690375E+7,    2.516061E-5,    -5.206466E-5
1.691000E+7,    1.838431E-6,    -5.958974E-5
1.691625E+7,    -2.538785E-5,    3.909878E-5
1.692250E+7,    -3.857724E-5,    1.987256E-5
1.692875E+7,    -7.493794E-5,    1.258776E-5
1.693500E+7,    -5.525351E-5,    -7.572025E-5
1.694125E+7,    1.174808E-4,    8.914620E-5
1.694750E+7,    9.600073E-6,    -6.355345E-5
1.695375E+7,    7.050112E-5,    4.836544E-5
1.696000E+7,    5.389564E-5,    -4.073791E-5
1.696625E+7,    -1.580119E-4,    -1.634657E-5
1.697250E+7,    4.781783E-5,    1.120716E-4
1.697875E+7,    -8.032843E-5,    2.149493E-6
1.698500E+7,    -6.756559E-5,    -2.385303E-5
1.699125E+7,    1.498535E-4,    -4.429370E-5
1.699750E+7,    -2.916530E-5,    -6.316230E-5
1.700375E+7,    -6.378442E-5,    9.128451E-5
1.701000E+7,    6.913394E-5,    1.597777E-4
1.701625E+7,    -1.677871E-5,    -1.152381E-4
1.702250E+7,    2.693385E-5,    -1.505911E-4
1.702875E+7,    5.681068E-6,    4.917197E-5
1.703500E+7,    -6.165355E-6,    -9.453297E-5
1.704125E+7,    -1.043156E-4,    -7.031858E-5
1.704750E+7,    5.920231E-5,    -4.337728E-5
1.705375E+7,    8.580834E-5,    2.766401E-5
1.706000E+7,    -7.985905E-5,    5.390495E-5
1.706625E+7,    5.386397E-5,    -6.010570E-5
1.707250E+7,    -1.460314E-6,    1.244843E-4
1.707875E+7,    2.023578E-5,    2.369285E-4
1.708500E+7,    8.918345E-6,    1.192465E-4
1.709125E+7,    -1.083314E-5,    -3.393888E-4
1.709750E+7,    -1.627877E-4,    8.315593E-5
1.710375E+7,    6.055087E-5,    1.057684E-4
1.711000E+7,    -7.495284E-6,    3.637187E-5
1.711625E+7,    1.572631E-5,    1.802668E-5
1.712250E+7,    -3.655814E-5,    -2.697296E-5
1.712875E+7,    4.961342E-5,    3.983453E-5
1.713500E+7,    6.823242E-5,    9.538978E-5
1.714125E+7,    -7.503107E-5,    1.882017E-5
1.714750E+7,    -2.326444E-6,    3.375113E-5
1.715375E+7,    1.795590E-6,    -1.051351E-4
1.716000E+7,    -1.336075E-5,    -4.535168E-5
1.716625E+7,    2.237037E-6,    -4.672818E-5
1.717250E+7,    7.647090E-6,    -1.692213E-5
1.717875E+7,    -5.962327E-5,    1.080520E-5
1.718500E+7,    -3.203750E-5,    -1.205802E-4
1.719125E+7,    -6.498024E-5,    -1.256540E-5
1.719750E+7,    -8.828565E-5,    5.744398E-6
1.720375E+7,    4.968792E-5,    4.645437E-5
1.721000E+7,    5.140528E-5,    -7.831305E-5
1.721625E+7,    5.625188E-6,    6.230921E-5
1.722250E+7,    -1.816824E-5,    2.710149E-6
1.722875E+7,    4.926324E-5,    -1.849793E-5
1.723500E+7,    -6.777793E-5,    -3.729761E-5
1.724125E+7,    -2.623349E-5,    -3.883243E-5
1.724750E+7,    2.810732E-6,    3.764778E-5
1.725375E+7,    4.706904E-5,    6.075203E-5
1.726000E+7,    3.390014E-5,    2.190471E-5
1.726625E+7,    -5.477667E-5,    -3.087521E-5
1.727250E+7,    3.571063E-5,    -1.158714E-4
1.727875E+7,    -1.106411E-5,    -1.313016E-4
1.728500E+7,    -1.060963E-5,    -4.673377E-5
1.729125E+7,    4.160777E-5,    -1.516193E-6
1.729750E+7,    2.296641E-5,    -7.678941E-5
1.730375E+7,    -4.694611E-5,    -1.539662E-5
1.731000E+7,    -4.988909E-5,    -9.852648E-5
1.731625E+7,    4.614890E-5,    -1.407489E-4
1.732250E+7,    -5.528331E-6,    -7.541105E-5
1.732875E+7,    -6.496161E-5,    6.765127E-6
1.733500E+7,    -2.357736E-5,    -4.023314E-5
1.734125E+7,    -5.722605E-5,    2.864748E-6
1.734750E+7,    -8.295476E-5,    7.452071E-5
1.735375E+7,    -2.808869E-6,    -5.720370E-5
1.736000E+7,    6.765872E-5,    4.980713E-6
1.736625E+7,    3.128313E-5,    1.026317E-5
1.737250E+7,    -5.058944E-6,    4.164502E-5
1.737875E+7,    -1.746193E-4,    -2.276152E-5
1.738500E+7,    2.398342E-5,    1.379251E-4
1.739125E+7,    1.224503E-4,    1.650304E-5
1.739750E+7,    2.894700E-4,    1.672655E-4
1.740375E+7,    2.052858E-4,    -1.488104E-4
1.741000E+7,    1.253709E-4,    8.041412E-5
1.741625E+7,    -1.329631E-4,    -9.606034E-5
1.742250E+7,    6.490946E-5,    -7.179379E-5
1.742875E+7,    -8.061156E-5,    5.367771E-5
1.743500E+7,    -9.122491E-5,    -1.281127E-5
1.744125E+7,    -3.120303E-5,    2.870150E-5
1.744750E+7,    1.171827E-4,    1.274049E-5
1.745375E+7,    -2.321601E-5,    9.642541E-5
1.746000E+7,    -3.919750E-5,    -5.206838E-5
1.746625E+7,    2.676621E-6,    4.431233E-5
1.747250E+7,    -4.953705E-5,    -1.218170E-6
1.747875E+7,    -1.304746E-4,    -1.366735E-4
1.748500E+7,    1.044720E-4,    9.749085E-5
1.749125E+7,    1.567788E-5,    3.780611E-5
1.749750E+7,    -7.560849E-5,    5.267560E-6
1.750375E+7,    1.017712E-4,    2.062693E-5
1.751000E+7,    -3.394857E-5,    -2.865493E-5
1.751625E+7,    1.044013E-5,    7.816590E-6
1.752250E+7,    -5.219504E-5,    -2.606213E-5
1.752875E+7,    -3.392994E-5,    -5.475432E-5
1.753500E+7,    -7.833913E-5,    -3.257766E-5
1.754125E+7,    -4.694611E-5,    -7.433072E-5
1.754750E+7,    -1.332238E-4,    -4.427880E-5
1.755375E+7,    -2.872758E-5,    -3.133155E-5
1.756000E+7,    2.087466E-5,    -4.957430E-5
1.756625E+7,    1.827255E-5,    6.261095E-5
1.757250E+7,    -4.962459E-5,    4.434772E-5
1.757875E+7,    -1.570024E-5,    4.041940E-5
1.758500E+7,    -3.393739E-5,    -2.637506E-6
1.759125E+7,    -3.352761E-8,    6.525591E-5
1.759750E+7,    6.262958E-5,    8.613616E-5
1.760375E+7,    -8.612126E-5,    -1.526549E-4
1.761000E+7,    -2.878904E-5,    4.042126E-5
1.761625E+7,    -8.353218E-5,    -1.708046E-5
1.762250E+7,    1.048855E-5,    -3.783405E-5
1.762875E+7,    1.051649E-5,    -1.031272E-4
1.763500E+7,    -6.530806E-5,    2.595782E-5
1.764125E+7,    9.399280E-5,    1.843646E-5
1.764750E+7,    -3.654137E-5,    -1.441501E-5
1.765375E+7,    -8.341670E-5,    -1.151040E-4
1.766000E+7,    5.223602E-5,    1.315027E-5
1.766625E+7,    -6.005168E-5,    -3.539771E-5
1.767250E+7,    1.321733E-5,    -8.492172E-5
1.767875E+7,    -4.225224E-5,    1.580343E-4
1.768500E+7,    5.245209E-5,    -7.176027E-5
1.769125E+7,    1.091510E-5,    -1.751706E-4
1.769750E+7,    -1.669973E-4,    -1.128614E-4
1.770375E+7,    -3.128499E-5,    -4.323199E-5
1.771000E+7,    -3.908575E-5,    -3.278628E-5
1.771625E+7,    4.710630E-5,    -2.339296E-5
1.772250E+7,    -7.345155E-5,    9.515509E-5
1.772875E+7,    3.874302E-7,    -1.241714E-4
1.773500E+7,    5.508214E-5,    -5.999394E-5
1.774125E+7,    -1.072586E-4,    -5.595386E-6
1.774750E+7,    2.744496E-4,    7.897615E-7
1.775375E+7,    -5.510636E-5,    4.037097E-5
1.776000E+7,    1.227781E-4,    5.024672E-5
1.776625E+7,    5.909801E-5,    3.037453E-4
1.777250E+7,    1.402646E-4,    2.113879E-4
1.777875E+7,    -4.193559E-5,    2.077036E-5
1.778500E+7,    -1.127496E-4,    3.615767E-5
1.779125E+7,    6.520003E-5,    4.605204E-5
1.779750E+7,    2.612919E-5,    1.318753E-5
1.780375E+7,    9.754300E-5,    -1.461729E-4
1.781000E+7,    7.290393E-5,    8.135289E-5
1.781625E+7,    -1.832098E-4,    -8.940697E-7
1.782250E+7,    -9.081513E-5,    -1.573786E-4
1.782875E+7,    -1.200885E-4,    -5.164742E-5
1.783500E+7,    -6.036647E-5,    2.983026E-5
1.784125E+7,    9.775162E-6,    1.651272E-4
1.784750E+7,    -5.493313E-5,    -1.860410E-5
1.785375E+7,    3.663264E-5,    8.039176E-6
1.786000E+7,    1.887977E-5,    -9.419769E-5
1.786625E+7,    2.899952E-5,    -3.389642E-5
1.787250E+7,    -8.659065E-5,    2.305955E-5
1.787875E+7,    -1.231655E-4,    8.389354E-6
1.788500E+7,    -3.940985E-5,    1.939945E-5
1.789125E+7,    9.144843E-5,    3.980100E-5
1.789750E+7,    2.339855E-5,    3.422610E-5
1.790375E+7,    3.073364E-7,    -4.586205E-5
1.791000E+7,    -5.258014E-6,    2.589310E-6
1.791625E+7,    -1.099706E-4,    -1.774728E-5
1.792250E+7,    1.091138E-5,    -7.066503E-5
1.792875E+7,    2.643652E-5,    -3.255159E-5
1.793500E+7,    -5.175173E-5,    -9.863824E-5
1.794125E+7,    2.097804E-5,    2.749264E-6
1.794750E+7,    -3.938191E-5,    6.277114E-6
1.795375E+7,    -8.326769E-5,    -8.983910E-5
1.796000E+7,    1.905113E-5,    -8.774549E-5
1.796625E+7,    -3.755838E-5,    1.098774E-4
1.797250E+7,    -3.176741E-5,    3.518164E-5
1.797875E+7,    -4.171580E-5,    -3.182143E-5
1.798500E+7,    -1.579896E-5,    7.746741E-6
1.799125E+7,    -2.911314E-5,    3.390945E-5
1.799750E+7,    -4.493073E-5,    3.507920E-5
1.800375E+7,    -1.010299E-5,    -4.736334E-5
1.801000E+7,    -9.461492E-5,    1.362711E-5
1.801625E+7,    -1.315773E-4,    5.801022E-5
1.802250E+7,    -1.259223E-4,    -1.025945E-5
1.802875E+7,    -1.267716E-5,    -5.262345E-5
1.803500E+7,    -8.329749E-5,    -7.686019E-5
1.804125E+7,    -7.502735E-5,    -1.266077E-4
1.804750E+7,    -1.045763E-4,    -4.032254E-5
1.805375E+7,    -8.967146E-5,    5.700439E-5
1.806000E+7,    -5.429238E-5,    -9.769946E-5
1.806625E+7,    -7.393211E-5,    4.916638E-5
1.807250E+7,    4.709326E-5,    1.618080E-5
1.807875E+7,    -3.218651E-6,    6.037951E-5
1.808500E+7,    1.155958E-5,    -1.101717E-4
1.809125E+7,    -1.546554E-5,    -3.168546E-5
1.809750E+7,    -9.784102E-5,    7.385015E-5
1.810375E+7,    -6.259605E-5,    -4.128739E-5
1.811000E+7,    8.460879E-5,    -6.088987E-5
1.811625E+7,    3.258511E-5,    -1.008213E-4
1.812250E+7,    -5.562603E-5,    -2.081692E-4
1.812875E+7,    9.474531E-5,    -2.005324E-5
1.813500E+7,    -7.225946E-5,    1.200438E-4
1.814125E+7,    -2.677739E-5,    4.571676E-5
1.814750E+7,    -8.152053E-5,    4.246831E-7
1.815375E+7,    -1.181215E-4,    -1.439452E-5
1.816000E+7,    1.578778E-5,    -1.156703E-6
1.816625E+7,    1.843274E-5,    -2.427027E-6
1.817250E+7,    1.336168E-5,    -1.957361E-5
1.817875E+7,    3.353134E-5,    5.552918E-5
1.818500E+7,    -2.382044E-5,    1.811329E-5
1.819125E+7,    -2.399087E-6,    -1.842901E-5
1.819750E+7,    -8.766726E-5,    7.523596E-5
1.820375E+7,    -5.801022E-5,    1.504831E-5
1.821000E+7,    -3.352761E-6,    -1.617596E-4
1.821625E+7,    -4.829094E-5,    8.215755E-5
1.822250E+7,    6.067567E-5,    -1.631491E-5
1.822875E+7,    1.956895E-5,    -9.453297E-5
1.823500E+7,    -8.501112E-6,    -1.526475E-4
1.824125E+7,    -1.931563E-6,    -5.790219E-5
1.824750E+7,    -3.628433E-6,    8.016080E-5
1.825375E+7,    -5.774200E-5,    -1.129508E-5
1.826000E+7,    -4.174933E-5,    -2.555177E-5
1.826625E+7,    5.208421E-6,    4.016794E-6
1.827250E+7,    -1.015291E-4,    -8.160621E-5
1.827875E+7,    1.579709E-5,    -1.111068E-6
1.828500E+7,    8.468702E-5,    -3.436208E-5
1.829125E+7,    -6.588176E-5,    5.684793E-6
1.829750E+7,    3.476627E-5,    -4.296564E-5
1.830375E+7,    3.109872E-5,    3.725663E-5
1.831000E+7,    -5.817972E-5,    2.153963E-5
1.831625E+7,    -1.589768E-5,    7.669441E-6
1.832250E+7,    -3.807992E-5,    -9.932369E-5
1.832875E+7,    8.139759E-7,    -5.922467E-5
1.833500E+7,    -1.592487E-4,    -9.968877E-5
1.834125E+7,    -6.355345E-6,    -1.080669E-4
1.834750E+7,    -3.560260E-5,    -8.742139E-5
1.835375E+7,    -3.211945E-5,    3.509782E-5
1.836000E+7,    2.642628E-5,    -6.203540E-6
1.836625E+7,    6.410852E-5,    -5.697459E-5
1.837250E+7,    -4.674234E-10,    -1.637943E-10
1.837875E+7,    -7.072464E-6,    -5.544163E-5
1.838500E+7,    -2.114102E-5,    3.647059E-6
1.839125E+7,    4.195422E-5,    1.251139E-5
1.839750E+7,    8.064322E-6,    -1.042057E-5
1.840375E+7,    -5.619228E-5,    -1.167357E-4
1.841000E+7,    3.360957E-5,    4.270300E-5
1.841625E+7,    2.357736E-5,    8.264557E-6
1.842250E+7,    -3.136694E-5,    -1.762807E-5
1.842875E+7,    1.543574E-5,    2.529845E-5
1.843500E+7,    3.134832E-5,    1.762994E-5
1.844125E+7,    -3.910810E-5,    -2.699718E-5
1.844750E+7,    6.661564E-5,    -4.511327E-5
1.845375E+7,    -3.666990E-5,    -1.510233E-5
1.846000E+7,    -1.022220E-4,    -3.594905E-5
1.846625E+7,    -7.364899E-5,    -1.032650E-5
1.847250E+7,    -3.568456E-5,    -7.440150E-5
1.847875E+7,    4.873611E-6,    2.382044E-5
1.848500E+7,    -1.535937E-4,    4.089624E-5
1.849125E+7,    -2.225488E-4,    5.424768E-5
1.849750E+7,    -1.906604E-5,    -1.150519E-4
1.850375E+7,    -1.024604E-4,    -1.798421E-4
1.851000E+7,    1.133978E-5,    1.057312E-4
1.851625E+7,    -4.475005E-5,    -4.721805E-6
1.852250E+7,    1.095161E-4,    -7.189065E-5
1.852875E+7,    8.097384E-6,    -1.040939E-5
1.853500E+7,    -3.014691E-6,    2.106000E-5
1.854125E+7,    -2.178550E-4,    -6.596744E-5
1.854750E+7,    -8.233637E-5,    1.700744E-4
1.855375E+7,    -1.439825E-5,    -7.817522E-5
1.856000E+7,    -1.776218E-5,    -1.811609E-4