SAVED BY: 
TITLE: 
COMMENTS: 
DATE: 10/27/2020
TIME: 2:42 PM

STIMULUS, REAL, IMAGINARY

8.560000E+6,    -3.803521E-5,    -1.667514E-4
8.566250E+6,    1.558661E-5,    -1.678318E-4
8.572500E+6,    -1.740456E-5,    -1.619980E-4
8.578750E+6,    -1.080334E-5,    -1.782626E-4
8.585000E+6,    -1.665950E-5,    -1.653582E-4
8.591250E+6,    3.635883E-6,    -1.606792E-4
8.597500E+6,    -3.805757E-5,    -1.697615E-4
8.603750E+6,    -1.080334E-5,    -1.626015E-4
8.610000E+6,    4.015863E-6,    -1.450479E-4
8.616250E+6,    -6.482005E-6,    -1.567304E-4
8.622500E+6,    -3.697723E-5,    -1.757443E-4
8.628750E+6,    1.242757E-5,    -1.679957E-4
8.635000E+6,    -1.557916E-5,    -1.745746E-4
8.641250E+6,    -2.764165E-6,    -1.698509E-4
8.647500E+6,    -1.087040E-5,    -1.688600E-4
8.653750E+6,    -2.361834E-6,    -1.730174E-4
8.660000E+6,    -1.595169E-5,    -1.778975E-4
8.666250E+6,    4.857779E-6,    -1.551360E-4
8.672500E+6,    -9.022653E-6,    -1.787990E-4
8.678750E+6,    -2.212077E-5,    -1.647472E-4
8.685000E+6,    -3.717840E-6,    -1.541525E-4
8.691250E+6,    -2.701581E-5,    -1.735687E-4
8.697500E+6,    -1.309067E-5,    -1.719445E-4
8.703750E+6,    2.287328E-6,    -1.739189E-4
8.710000E+6,    -2.600998E-5,    -1.578927E-4
8.716250E+6,    1.233071E-5,    -1.627728E-4
8.722500E+6,    -1.788139E-6,    -1.864880E-4
8.728750E+6,    -1.815706E-5,    -1.620650E-4
8.735000E+6,    -7.733703E-6,    -1.731291E-4
8.741250E+6,    -3.457814E-5,    -1.821667E-4
8.747500E+6,    -1.016259E-5,    -1.883805E-4
8.753750E+6,    3.390014E-6,    -1.651868E-4
8.760000E+6,    -3.197789E-5,    -1.916885E-4
8.766250E+6,    -2.358854E-5,    -1.739189E-4
8.772500E+6,    -1.460314E-5,    -1.816526E-4
8.778750E+6,    6.482005E-7,    -1.840070E-4
8.785000E+6,    -1.395494E-5,    -1.848713E-4
8.791250E+6,    -1.093745E-5,    -1.730025E-4
8.797500E+6,    -4.827976E-6,    -1.705810E-4
8.803750E+6,    -1.545995E-5,    -1.849085E-4
8.810000E+6,    -2.916902E-5,    -1.890287E-4
8.816250E+6,    -2.022833E-5,    -1.715198E-4
8.822500E+6,    -3.392249E-5,    -1.757517E-4
8.828750E+6,    -3.042817E-5,    -1.888648E-4
8.835000E+6,    -1.625717E-5,    -1.880899E-4
8.841250E+6,    -1.038611E-5,    -1.859292E-4
8.847500E+6,    -2.422929E-5,    -1.646802E-4
8.853750E+6,    -2.471358E-5,    -1.899749E-4
8.860000E+6,    -2.648681E-5,    -1.832172E-4
8.866250E+6,    -2.134591E-5,    -1.776814E-4
8.872500E+6,    -1.676381E-6,    -1.718998E-4
8.878750E+6,    -9.872019E-6,    -1.959279E-4
8.885000E+6,    -1.822412E-5,    -1.944602E-4
8.891250E+6,    -3.119558E-5,    -2.015457E-4
8.897500E+6,    -2.554804E-5,    -1.706928E-4
8.903750E+6,    -9.700656E-6,    -1.772866E-4
8.910000E+6,    -2.316386E-5,    -1.808330E-4
8.916250E+6,    -4.482269E-5,    -1.829341E-4
8.922500E+6,    -2.063066E-5,    -1.942515E-4
8.928750E+6,    -8.307397E-6,    -1.872852E-4
8.935000E+6,    -1.117587E-5,    -1.772493E-4
8.941250E+6,    -1.268089E-5,    -2.028123E-4
8.947500E+6,    -1.133978E-5,    -1.807809E-4
8.953750E+6,    -1.991540E-5,    -2.041236E-4
8.960000E+6,    -2.382696E-5,    -1.906827E-4
8.966250E+6,    -8.046627E-6,    -1.973659E-4
8.972500E+6,    -4.015863E-5,    -1.871809E-4
8.978750E+6,    -2.350658E-5,    -1.973137E-4
8.985000E+6,    -2.372265E-5,    -1.973435E-4
8.991250E+6,    -1.099706E-5,    -1.940057E-4
8.997500E+6,    -1.903623E-5,    -1.919493E-4
9.003750E+6,    -2.698600E-5,    -1.902729E-4
9.010000E+6,    -2.504885E-5,    -2.002940E-4
9.016250E+6,    -1.854450E-5,    -1.698807E-4
9.022500E+6,    -1.641363E-5,    -1.802593E-4
9.028750E+6,    -2.170354E-5,    -1.888052E-4
9.035000E+6,    -3.614277E-5,    -1.913309E-4
9.041250E+6,    -3.108382E-5,    -2.154112E-4
9.047500E+6,    -4.151464E-5,    -2.031922E-4
9.053750E+6,    -9.886920E-6,    -1.852438E-4
9.060000E+6,    -1.544505E-5,    -1.935437E-4
9.066250E+6,    -2.224743E-5,    -1.984984E-4
9.072500E+6,    -1.821667E-5,    -1.864880E-4
9.078750E+6,    -2.914667E-5,    -2.033710E-4
9.085000E+6,    -2.706796E-5,    -1.813024E-4
9.091250E+6,    -1.399964E-5,    -2.142861E-4
9.097500E+6,    -2.939999E-5,    -1.742765E-4
9.103750E+6,    -3.595650E-5,    -2.146810E-4
9.110000E+6,    -1.203269E-5,    -1.921356E-4
9.116250E+6,    -2.554059E-5,    -1.980513E-4
9.122500E+6,    -4.093349E-5,    -1.971275E-4
9.128750E+6,    -2.428889E-5,    -2.120435E-4
9.135000E+6,    -2.606213E-5,    -2.017096E-4
9.141250E+6,    -2.674013E-5,    -2.013966E-4
9.147500E+6,    -1.439452E-5,    -1.954585E-4
9.153750E+6,    -2.097338E-5,    -2.000183E-4
9.160000E+6,    6.705523E-8,    -1.999885E-4
9.166250E+6,    -1.914054E-5,    -2.138317E-4
9.172500E+6,    -3.065914E-5,    -1.910478E-4
9.178750E+6,    -1.628697E-5,    -1.985133E-4
9.185000E+6,    -2.939999E-5,    -2.080053E-4
9.191250E+6,    -2.907217E-5,    -2.078712E-4
9.197500E+6,    -2.565980E-5,    -1.895279E-4
9.203750E+6,    -2.698600E-5,    -2.285242E-4
9.210000E+6,    -1.090765E-5,    -2.010092E-4
9.216250E+6,    -3.106892E-5,    -2.077967E-4
9.222500E+6,    -2.503395E-5,    -2.030507E-4
9.228750E+6,    -1.625717E-5,    -2.193749E-4
9.235000E+6,    -3.294647E-5,    -2.043545E-4
9.241250E+6,    -3.450364E-5,    -1.971424E-4
9.247500E+6,    -4.045665E-5,    -2.084821E-4
9.253750E+6,    -4.552305E-5,    -2.267808E-4
9.260000E+6,    -2.241880E-5,    -1.914799E-4
9.266250E+6,    -4.160404E-5,    -2.115220E-4
9.272500E+6,    -4.173815E-5,    -2.152324E-4
9.278750E+6,    -2.989173E-5,    -1.990795E-4
9.285000E+6,    -3.111362E-5,    -1.924261E-4
9.291250E+6,    -1.268089E-5,    -2.252162E-4
9.297500E+6,    -2.281368E-5,    -2.088100E-4
9.303750E+6,    -5.067885E-5,    -2.158433E-4
9.310000E+6,    -4.352629E-5,    -2.182424E-4
9.316250E+6,    -2.948940E-5,    -2.235025E-4
9.322500E+6,    -3.802776E-5,    -2.137423E-4
9.328750E+6,    -4.549325E-5,    -2.146065E-4
9.335000E+6,    -4.580617E-5,    -2.176464E-4
9.341250E+6,    -3.933907E-5,    -2.170354E-4
9.347500E+6,    -3.227592E-5,    -2.164245E-4
9.353750E+6,    -1.145899E-5,    -2.207905E-4
9.360000E+6,    -4.240870E-5,    -1.995265E-4
9.366250E+6,    -3.260374E-5,    -2.264380E-4
9.372500E+6,    -3.357232E-5,    -2.228618E-4
9.378750E+6,    -4.100800E-5,    -2.271235E-4
9.385000E+6,    -2.703071E-5,    -2.290308E-4
9.391250E+6,    -4.269183E-5,    -2.162904E-4
9.397500E+6,    -2.779067E-5,    -2.289563E-4
9.403750E+6,    -2.875924E-5,    -2.255738E-4
9.410000E+6,    -5.045533E-5,    -2.237856E-4
9.416250E+6,    -5.941093E-5,    -2.102405E-4
9.422500E+6,    -3.105402E-5,    -2.113879E-4
9.428750E+6,    -6.535649E-5,    -2.351105E-4
9.435000E+6,    -9.506941E-6,    -2.305210E-4
9.441250E+6,    -4.643202E-5,    -2.157688E-4
9.447500E+6,    -3.325939E-5,    -2.108514E-4
9.453750E+6,    -3.212690E-5,    -2.284050E-4
9.460000E+6,    -3.376603E-5,    -2.179742E-4
9.466250E+6,    -4.738569E-5,    -2.292097E-4
9.472500E+6,    -4.187226E-5,    -2.183914E-4
9.478750E+6,    -4.044175E-5,    -2.358258E-4
9.485000E+6,    -4.115701E-5,    -2.392530E-4
9.491250E+6,    -5.599856E-5,    -2.399087E-4
9.497500E+6,    -4.330277E-5,    -2.319813E-4
9.503750E+6,    -4.231930E-5,    -2.493560E-4
9.510000E+6,    -5.075336E-5,    -2.322197E-4
9.516250E+6,    -3.665686E-5,    -2.384484E-4
9.522500E+6,    -9.059906E-6,    -2.299249E-4
9.528750E+6,    -6.574392E-5,    -2.432466E-4
9.535000E+6,    -3.859401E-5,    -2.244413E-4
9.541250E+6,    -5.245209E-5,    -2.459288E-4
9.547500E+6,    -2.610683E-5,    -2.126098E-4
9.553750E+6,    -3.936887E-5,    -2.556443E-4
9.560000E+6,    -2.563000E-5,    -2.340376E-4
9.566250E+6,    -4.822016E-5,    -2.275407E-4
9.572500E+6,    -4.222989E-5,    -2.272725E-4
9.578750E+6,    -4.878640E-5,    -2.377927E-4
9.585000E+6,    -4.950166E-5,    -2.204180E-4
9.591250E+6,    -4.243851E-5,    -2.481341E-4
9.597500E+6,    -4.354119E-5,    -2.161562E-4
9.603750E+6,    -6.532669E-5,    -2.237558E-4
9.610000E+6,    -6.595254E-5,    -2.376437E-4
9.616250E+6,    -4.544854E-5,    -2.440512E-4
9.622500E+6,    -4.544854E-5,    -2.370477E-4
9.628750E+6,    -4.559755E-5,    -2.475977E-4
9.635000E+6,    -3.930926E-5,    -2.368987E-4
9.641250E+6,    -6.827712E-5,    -2.370477E-4
9.647500E+6,    -4.720688E-5,    -2.366304E-4
9.653750E+6,    -5.492568E-5,    -2.434254E-4
9.660000E+6,    -4.869699E-5,    -2.436638E-4
9.666250E+6,    -5.602837E-5,    -2.472699E-4
9.672500E+6,    -4.217029E-5,    -2.365112E-4
9.678750E+6,    -4.997849E-5,    -2.576411E-4
9.685000E+6,    -4.369020E-5,    -2.502203E-4
9.691250E+6,    -7.191300E-5,    -2.606809E-4
9.697500E+6,    -5.835295E-5,    -2.430081E-4
9.703750E+6,    -5.200505E-5,    -2.464354E-4
9.710000E+6,    -7.385015E-5,    -2.390444E-4
9.716250E+6,    -3.921986E-5,    -2.571642E-4
9.722500E+6,    -5.421042E-5,    -2.638996E-4
9.728750E+6,    -5.388260E-5,    -2.424121E-4
9.735000E+6,    -6.216764E-5,    -2.598763E-4
9.741250E+6,    -5.552173E-5,    -2.495050E-4
9.747500E+6,    -6.291270E-5,    -2.315938E-4
9.753750E+6,    -7.036328E-5,    -2.591908E-4
9.760000E+6,    -5.698204E-5,    -2.598464E-4
9.766250E+6,    -5.114079E-5,    -2.667308E-4
9.772500E+6,    -5.084276E-5,    -2.597868E-4
9.778750E+6,    -5.787611E-5,    -2.347529E-4
9.785000E+6,    -5.847216E-5,    -2.347529E-4
9.791250E+6,    -8.755922E-5,    -2.509058E-4
9.797500E+6,    -5.975366E-5,    -2.519190E-4
9.803750E+6,    -5.349517E-5,    -2.594888E-4
9.810000E+6,    -6.848574E-5,    -2.585948E-4
9.816250E+6,    -6.997585E-5,    -2.653301E-4
9.822500E+6,    -6.279349E-5,    -2.693832E-4
9.828750E+6,    -5.653501E-5,    -2.660155E-4
9.835000E+6,    -5.045533E-5,    -2.660155E-4
9.841250E+6,    -4.297495E-5,    -2.525747E-4
9.847500E+6,    -6.523728E-5,    -2.619624E-4
9.853750E+6,    -8.046627E-5,    -2.712309E-4
9.860000E+6,    -4.467368E-5,    -2.591908E-4
9.866250E+6,    -5.334616E-5,    -2.728999E-4
9.872500E+6,    -6.648898E-5,    -2.650023E-4
9.878750E+6,    -6.717443E-5,    -2.613366E-4
9.885000E+6,    -6.139278E-5,    -2.614856E-4
9.891250E+6,    -5.015731E-5,    -2.873540E-4
9.897500E+6,    -5.683303E-5,    -2.830327E-4
9.903750E+6,    -4.884601E-5,    -2.589226E-4
9.910000E+6,    -6.359816E-5,    -2.610385E-4
9.916250E+6,    -5.078316E-5,    -2.728701E-4
9.922500E+6,    -5.844235E-5,    -2.718270E-4
9.928750E+6,    -7.438660E-5,    -2.850890E-4
9.935000E+6,    -7.340312E-5,    -2.673566E-4
9.941250E+6,    -8.073449E-5,    -2.664924E-4
9.947500E+6,    -5.376339E-5,    -2.726316E-4
9.953750E+6,    -7.042289E-5,    -2.920926E-4
9.960000E+6,    -8.544326E-5,    -2.905428E-4
9.966250E+6,    -6.255507E-5,    -2.748966E-4
9.972500E+6,    -4.884601E-5,    -2.692044E-4
9.978750E+6,    -7.778406E-5,    -2.731979E-4
9.985000E+6,    -6.493926E-5,    -2.815127E-4
9.991250E+6,    -5.927682E-5,    -2.858639E-4
9.997500E+6,    -8.702278E-5,    -2.713799E-4
1.000375E+7,    -6.720424E-5,    -2.848506E-4
1.001000E+7,    -5.403161E-5,    -2.860129E-4
1.001625E+7,    -5.957484E-5,    -2.713203E-4
1.002250E+7,    -6.672740E-5,    -2.665520E-4
1.002875E+7,    -8.478761E-5,    -2.965927E-4
1.003500E+7,    -6.929040E-5,    -2.768636E-4
1.004125E+7,    -7.975101E-5,    -3.007650E-4
1.004750E+7,    -7.331371E-5,    -2.980828E-4
1.005375E+7,    -7.215142E-5,    -2.871454E-4
1.006000E+7,    -8.490682E-5,    -2.709925E-4
1.006625E+7,    -7.560849E-5,    -3.010035E-4
1.007250E+7,    -7.322431E-5,    -2.795160E-4
1.007875E+7,    -8.180737E-5,    -2.892315E-4
1.008500E+7,    -6.970763E-5,    -2.946854E-4
1.009125E+7,    -6.783009E-5,    -2.766252E-4
1.009750E+7,    -8.973479E-5,    -2.734661E-4
1.010375E+7,    -8.609891E-5,    -2.987683E-4
1.011000E+7,    -8.526444E-5,    -2.882779E-4
1.011625E+7,    -8.085370E-5,    -3.032088E-4
1.012250E+7,    -7.075071E-5,    -2.798736E-4
1.012875E+7,    -6.935000E-5,    -3.084242E-4
1.013500E+7,    -8.398294E-5,    -3.094971E-4
1.014125E+7,    -7.054210E-5,    -3.118217E-4
1.014750E+7,    -7.253885E-5,    -3.183186E-4
1.015375E+7,    -7.686019E-5,    -2.926886E-4
1.016000E+7,    -7.954240E-5,    -3.067255E-4
1.016625E+7,    -9.083748E-5,    -2.900958E-4
1.017250E+7,    -8.738041E-5,    -3.014207E-4
1.017875E+7,    -8.937716E-5,    -3.084540E-4
1.018500E+7,    -5.894899E-5,    -2.991855E-4
1.019125E+7,    -6.741285E-5,    -3.050566E-4
1.019750E+7,    -9.417534E-5,    -2.892315E-4
1.020375E+7,    -9.936094E-5,    -3.099144E-4
1.021000E+7,    -1.076758E-4,    -3.151894E-4
1.021625E+7,    -7.838011E-5,    -3.100038E-4
1.022250E+7,    -9.870529E-5,    -2.988279E-4
1.022875E+7,    -1.024008E-4,    -3.127158E-4
1.023500E+7,    -8.052588E-5,    -3.055930E-4
1.024125E+7,    -9.956956E-5,    -3.273785E-4
1.024750E+7,    -8.368492E-5,    -3.160536E-4
1.025375E+7,    -8.454919E-5,    -3.196299E-4
1.026000E+7,    -1.202524E-4,    -3.124475E-4
1.026625E+7,    -8.252263E-5,    -3.380775E-4
1.027250E+7,    -9.834766E-5,    -3.022850E-4
1.027875E+7,    -8.180737E-5,    -3.275573E-4
1.028500E+7,    -1.092255E-4,    -3.142655E-4
1.029125E+7,    -8.580089E-5,    -3.044605E-4
1.029750E+7,    -1.118183E-4,    -3.206134E-4
1.030375E+7,    -7.772446E-5,    -3.282726E-4
1.031000E+7,    -7.587671E-5,    -3.138483E-4
1.031625E+7,    -8.156896E-5,    -3.378391E-4
1.032250E+7,    -8.100271E-5,    -3.310740E-4
1.032875E+7,    -8.672476E-5,    -3.258586E-4
1.033500E+7,    -8.577108E-5,    -3.153086E-4
1.034125E+7,    -1.036823E-4,    -3.258288E-4
1.034750E+7,    -1.031458E-4,    -3.183782E-4
1.035375E+7,    -1.201034E-4,    -3.297925E-4
1.036000E+7,    -1.035929E-4,    -3.182888E-4
1.036625E+7,    -1.029074E-4,    -3.402829E-4
1.037250E+7,    -1.134574E-4,    -3.231466E-4
1.037875E+7,    -9.849668E-5,    -3.486574E-4
1.038500E+7,    -9.873509E-5,    -3.455579E-4
1.039125E+7,    -1.035035E-4,    -3.328621E-4
1.039750E+7,    -1.031160E-4,    -3.256202E-4
1.040375E+7,    -1.041591E-4,    -3.290176E-4
1.041000E+7,    -9.569526E-5,    -3.495216E-4
1.041625E+7,    -1.209080E-4,    -3.317297E-4
1.042250E+7,    -1.280606E-4,    -3.261864E-4
1.042875E+7,    -1.029670E-4,    -3.401637E-4
1.043500E+7,    -9.125471E-5,    -3.470480E-4
1.044125E+7,    -1.105070E-4,    -3.639758E-4
1.044750E+7,    -1.079142E-4,    -3.495812E-4
1.045375E+7,    -1.001060E-4,    -3.483891E-4
1.046000E+7,    -1.050234E-4,    -3.612638E-4
1.046625E+7,    -1.183152E-4,    -3.509223E-4
1.047250E+7,    -1.104176E-4,    -3.494322E-4
1.047875E+7,    -1.026988E-4,    -3.439188E-4
1.048500E+7,    -1.052022E-4,    -3.508627E-4
1.049125E+7,    -1.218021E-4,    -3.532469E-4
1.049750E+7,    -1.074672E-4,    -3.537238E-4
1.050375E+7,    -1.110435E-4,    -3.601909E-4
1.051000E+7,    -1.057386E-4,    -3.393888E-4
1.051625E+7,    -1.041889E-4,    -3.587008E-4
1.052250E+7,    -1.257956E-4,    -3.557801E-4
1.052875E+7,    -1.063347E-4,    -3.615022E-4
1.053500E+7,    -1.191795E-4,    -3.501177E-4
1.054125E+7,    -1.208782E-4,    -3.787875E-4
1.054750E+7,    -1.336932E-4,    -3.680587E-4
1.055375E+7,    -1.292825E-4,    -3.733635E-4
1.056000E+7,    -1.087785E-4,    -3.761649E-4
1.056625E+7,    -1.406074E-4,    -3.581643E-4
1.057250E+7,    -1.132190E-4,    -3.631413E-4
1.057875E+7,    -1.434684E-4,    -3.871918E-4
1.058500E+7,    -1.143515E-4,    -3.625751E-4
1.059125E+7,    -1.363158E-4,    -3.783703E-4
1.059750E+7,    -1.263022E-4,    -3.704429E-4
1.060375E+7,    -1.192689E-4,    -3.687143E-4
1.061000E+7,    -1.247525E-4,    -3.826022E-4
1.061625E+7,    -1.227856E-4,    -3.718138E-4
1.062250E+7,    -1.391768E-4,    -3.774166E-4
1.062875E+7,    -1.378655E-4,    -3.700852E-4
1.063500E+7,    -1.179576E-4,    -3.952980E-4
1.064125E+7,    -1.252294E-4,    -3.708005E-4
1.064750E+7,    -1.387596E-4,    -3.626347E-4
1.065375E+7,    -1.504421E-4,    -3.733635E-4
1.066000E+7,    -1.210570E-4,    -3.956556E-4
1.066625E+7,    -1.233220E-4,    -3.789663E-4
1.067250E+7,    -1.019537E-4,    -3.601909E-4
1.067875E+7,    -1.335144E-4,    -3.796816E-4
1.068500E+7,    -1.332164E-4,    -3.982186E-4
1.069125E+7,    -1.138449E-4,    -3.826618E-4
1.069750E+7,    -1.399517E-4,    -3.887415E-4
1.070375E+7,    -1.333356E-4,    -3.902912E-4
1.071000E+7,    -1.310706E-4,    -4.031062E-4
1.071625E+7,    -1.519322E-4,    -3.952384E-4
1.072250E+7,    -1.361966E-4,    -3.902912E-4
1.072875E+7,    -1.361966E-4,    -4.088283E-4
1.073500E+7,    -1.504421E-4,    -4.039407E-4
1.074125E+7,    -1.462102E-4,    -3.900528E-4
1.074750E+7,    -1.159906E-4,    -4.090071E-4
1.075375E+7,    -1.563430E-4,    -4.128218E-4
1.076000E+7,    -1.274943E-4,    -3.935099E-4
1.076625E+7,    -1.352429E-4,    -3.901720E-4
1.077250E+7,    -1.418591E-4,    -4.066229E-4
1.077875E+7,    -1.379848E-4,    -4.124045E-4
1.078500E+7,    -1.479983E-4,    -4.165173E-4
1.079125E+7,    -1.517534E-4,    -4.032254E-4
1.079750E+7,    -1.550913E-4,    -4.092455E-4
1.080375E+7,    -1.478791E-4,    -4.241467E-4
1.081000E+7,    -1.613498E-4,    -4.228354E-4
1.081625E+7,    -1.623631E-4,    -4.222393E-4
1.082250E+7,    -1.489520E-4,    -4.239082E-4
1.082875E+7,    -1.531243E-4,    -4.298687E-4
1.083500E+7,    -1.491904E-4,    -4.358292E-4
1.084125E+7,    -1.767874E-4,    -4.089475E-4
1.084750E+7,    -1.599789E-4,    -4.392266E-4
1.085375E+7,    -1.599789E-4,    -4.349351E-4
1.086000E+7,    -1.532435E-4,    -3.995299E-4
1.086625E+7,    -1.740456E-4,    -4.442930E-4
1.087250E+7,    -1.580715E-4,    -4.248023E-4
1.087875E+7,    -1.742840E-4,    -4.408956E-4
1.088500E+7,    -1.648664E-4,    -4.335642E-4
1.089125E+7,    -1.747012E-4,    -4.368424E-4
1.089750E+7,    -1.507998E-4,    -4.320741E-4
1.090375E+7,    -1.695752E-4,    -4.396439E-4
1.091000E+7,    -1.521707E-4,    -4.705787E-4
1.091625E+7,    -1.692176E-4,    -4.706979E-4
1.092250E+7,    -1.577139E-4,    -4.405975E-4
1.092875E+7,    -1.900792E-4,    -4.420280E-4
1.093500E+7,    -1.639128E-4,    -4.469752E-4
1.094125E+7,    -1.551509E-4,    -4.458427E-4
1.094750E+7,    -1.868010E-4,    -4.401207E-4
1.095375E+7,    -1.550317E-4,    -4.734993E-4
1.096000E+7,    -1.736283E-4,    -4.426241E-4
1.096625E+7,    -1.709461E-4,    -4.515648E-4
1.097250E+7,    -1.553297E-4,    -4.663467E-4
1.097875E+7,    -1.738667E-4,    -4.697442E-4
1.098500E+7,    -1.757145E-4,    -4.536510E-4
1.099125E+7,    -1.841784E-4,    -4.692674E-4
1.099750E+7,    -1.907945E-4,    -4.789233E-4
1.100375E+7,    -1.938939E-4,    -4.655123E-4
1.101000E+7,    -1.805425E-4,    -4.878044E-4
1.101625E+7,    -1.932383E-4,    -4.803538E-4
1.102250E+7,    -1.809001E-4,    -4.671812E-4
1.102875E+7,    -1.824498E-4,    -4.987121E-4
1.103500E+7,    -2.138019E-4,    -4.792809E-4
1.104125E+7,    -1.956224E-4,    -4.724264E-4
1.104750E+7,    -1.978278E-4,    -4.757643E-4
1.105375E+7,    -1.994371E-4,    -4.742742E-4
1.106000E+7,    -2.037883E-4,    -4.644990E-4
1.106625E+7,    -2.053380E-4,    -4.960895E-4
1.107250E+7,    -1.989603E-4,    -4.832745E-4
1.107875E+7,    -1.994967E-4,    -4.797578E-4
1.108500E+7,    -1.787543E-4,    -5.026460E-4
1.109125E+7,    -1.946092E-4,    -4.985929E-4
1.109750E+7,    -2.073646E-4,    -4.881620E-4
1.110375E+7,    -2.106428E-4,    -4.912019E-4
1.111000E+7,    -1.904368E-4,    -4.817843E-4
1.111625E+7,    -2.039075E-4,    -4.903674E-4
1.112250E+7,    -1.863241E-4,    -5.007982E-4
1.112875E+7,    -2.137423E-4,    -5.187988E-4
1.113500E+7,    -2.091527E-4,    -5.056262E-4
1.114125E+7,    -1.927018E-4,    -5.189776E-4
1.114750E+7,    -2.058744E-4,    -5.254149E-4
1.115375E+7,    -2.230406E-4,    -5.243421E-4
1.116000E+7,    -2.301931E-4,    -5.348921E-4
1.116625E+7,    -2.083778E-4,    -5.244017E-4
1.117250E+7,    -1.956820E-4,    -5.276203E-4
1.117875E+7,    -2.136230E-4,    -5.324483E-4
1.118500E+7,    -2.309084E-4,    -5.122423E-4
1.119125E+7,    -2.331734E-4,    -5.471110E-4
1.119750E+7,    -2.348423E-4,    -5.434155E-4
1.120375E+7,    -2.382398E-4,    -5.446076E-4
1.121000E+7,    -2.359152E-4,    -5.615354E-4
1.121625E+7,    -2.408028E-4,    -6.002188E-4
1.122250E+7,    -2.539754E-4,    -6.196499E-4
1.122875E+7,    -2.931356E-4,    -6.666780E-4
1.123500E+7,    -2.549291E-4,    -7.022619E-4
1.124125E+7,    -2.983809E-4,    -6.983280E-4
1.124750E+7,    -2.939701E-4,    -7.077456E-4
1.125375E+7,    -2.893806E-4,    -6.850362E-4
1.126000E+7,    -2.547503E-4,    -6.941557E-4
1.126625E+7,    -2.480745E-4,    -6.568432E-4
1.127250E+7,    -3.098249E-4,    -7.082224E-4
1.127875E+7,    -2.794266E-4,    -6.527901E-4
1.128500E+7,    -2.977848E-4,    -6.833076E-4
1.129125E+7,    -2.771616E-4,    -6.536841E-4
1.129750E+7,    -2.397895E-4,    -6.265640E-4
1.130375E+7,    -2.714396E-4,    -6.346703E-4
1.131000E+7,    -2.840161E-4,    -6.717443E-4
1.131625E+7,    -2.939701E-4,    -6.492734E-4
1.132250E+7,    -2.861619E-4,    -6.823540E-4
1.132875E+7,    -3.004074E-4,    -6.738305E-4
1.133500E+7,    -2.936125E-4,    -7.003546E-4
1.134125E+7,    -2.954006E-4,    -6.558299E-4
1.134750E+7,    -2.737045E-4,    -6.652474E-4
1.135375E+7,    -2.856255E-4,    -6.636977E-4
1.136000E+7,    -2.561212E-4,    -6.303191E-4
1.136625E+7,    -3.075600E-4,    -6.679893E-4
1.137250E+7,    -2.840757E-4,    -6.986856E-4
1.137875E+7,    -3.230572E-4,    -6.645918E-4
1.138500E+7,    -2.952814E-4,    -6.905794E-4
1.139125E+7,    -3.048182E-4,    -6.743670E-4
1.139750E+7,    -2.948642E-4,    -6.688833E-4
1.140375E+7,    -3.126860E-4,    -6.513000E-4
1.141000E+7,    -2.582073E-4,    -6.391406E-4
1.141625E+7,    -2.858043E-4,    -6.811619E-4
1.142250E+7,    -2.767444E-4,    -6.929040E-4
1.142875E+7,    -3.057718E-4,    -7.129908E-4
1.143500E+7,    -2.972484E-4,    -6.639957E-4
1.144125E+7,    -3.368855E-4,    -6.843805E-4
1.144750E+7,    -3.225803E-4,    -7.348061E-4
1.145375E+7,    -3.329515E-4,    -7.592440E-4
1.146000E+7,    -3.402233E-4,    -7.435083E-4
1.146625E+7,    -3.733635E-4,    -7.646084E-4
1.147250E+7,    -3.491640E-4,    -7.458925E-4
1.147875E+7,    -3.833771E-4,    -7.157326E-4
1.148500E+7,    -3.255606E-4,    -7.606745E-4
1.149125E+7,    -3.703833E-4,    -8.273125E-4
1.149750E+7,    -3.594160E-4,    -8.599758E-4
1.150375E+7,    -3.105402E-4,    -8.376837E-4
1.151000E+7,    -3.858805E-4,    -8.558035E-4
1.151625E+7,    -3.669262E-4,    -8.428097E-4
1.152250E+7,    -3.571510E-4,    -8.224249E-4
1.152875E+7,    -3.874302E-4,    -8.146763E-4
1.153500E+7,    -3.781319E-4,    -7.740259E-4
1.154125E+7,    -3.911257E-4,    -8.347034E-4
1.154750E+7,    -3.764629E-4,    -8.509159E-4
1.155375E+7,    -3.952980E-4,    -8.307695E-4
1.156000E+7,    -3.844500E-4,    -9.570122E-4
1.156625E+7,    -3.772974E-4,    -9.825230E-4
1.157250E+7,    -3.902912E-4,    -9.585619E-4
1.157875E+7,    -4.730225E-4,    -9.828806E-4
1.158500E+7,    -4.780293E-4,    -1.060963E-3
1.159125E+7,    -3.900528E-4,    -9.534359E-4
1.159750E+7,    -3.671646E-4,    -9.620190E-4
1.160375E+7,    -4.545450E-4,    -1.011252E-3
1.161000E+7,    -4.394054E-4,    -9.900331E-4
1.161625E+7,    -5.090237E-4,    -1.071334E-3
1.162250E+7,    -4.608631E-4,    -1.122236E-3
1.162875E+7,    -4.481077E-4,    -1.373768E-3
1.163500E+7,    -3.571510E-4,    -1.498580E-3
1.164125E+7,    -1.701117E-4,    -1.707077E-3
1.164750E+7,    1.766682E-4,    -1.904726E-3
1.165375E+7,    7.033348E-6,    -1.865506E-3
1.166000E+7,    3.702641E-4,    -1.718283E-3
1.166625E+7,    8.375645E-4,    -1.787186E-3
1.167250E+7,    9.427071E-4,    -1.626968E-3
1.167875E+7,    9.731054E-4,    -1.625538E-3
1.168500E+7,    9.648800E-4,    -1.654863E-3
1.169125E+7,    9.549856E-4,    -1.651287E-3
1.169750E+7,    9.248257E-4,    -1.647234E-3
1.170375E+7,    9.436607E-4,    -1.703143E-3
1.171000E+7,    1.009941E-3,    -1.711726E-3
1.171625E+7,    9.181499E-4,    -1.744986E-3
1.172250E+7,    9.850264E-4,    -1.711965E-3
1.172875E+7,    1.005530E-3,    -1.752853E-3
1.173500E+7,    9.667873E-4,    -1.744390E-3
1.174125E+7,    9.897947E-4,    -1.770139E-3
1.174750E+7,    1.019716E-3,    -1.800895E-3
1.175375E+7,    1.033425E-3,    -1.781106E-3
1.176000E+7,    9.807348E-4,    -1.789808E-3
1.176625E+7,    9.955168E-4,    -1.835227E-3
1.177250E+7,    1.012087E-3,    -1.836419E-3
1.177875E+7,    1.017094E-3,    -1.846552E-3
1.178500E+7,    1.028180E-3,    -1.849771E-3
1.179125E+7,    1.025915E-3,    -1.927137E-3
1.179750E+7,    9.826422E-4,    -1.862526E-3
1.180375E+7,    1.055002E-3,    -1.872182E-3
1.181000E+7,    9.816885E-4,    -1.845717E-3
1.181625E+7,    1.005769E-3,    -1.852512E-3
1.182250E+7,    9.911060E-4,    -1.922369E-3
1.182875E+7,    1.029968E-3,    -1.975298E-3
1.183500E+7,    1.044273E-3,    -1.984596E-3
1.184125E+7,    1.032829E-3,    -2.002478E-3
1.184750E+7,    1.085758E-3,    -1.997948E-3
1.185375E+7,    1.060486E-3,    -2.030134E-3
1.186000E+7,    1.060247E-3,    -2.049923E-3
1.186625E+7,    1.041174E-3,    -2.064943E-3
1.187250E+7,    1.104355E-3,    -2.059221E-3
1.187875E+7,    1.071215E-3,    -2.101660E-3
1.188500E+7,    1.082659E-3,    -2.107143E-3
1.189125E+7,    1.087427E-3,    -2.148628E-3
1.189750E+7,    1.082659E-3,    -2.160788E-3
1.190375E+7,    1.083374E-3,    -2.136946E-3
1.191000E+7,    1.148701E-3,    -2.167463E-3
1.191625E+7,    1.117706E-3,    -2.225876E-3
1.192250E+7,    1.130581E-3,    -2.205133E-3
1.192875E+7,    1.152992E-3,    -2.258539E-3
1.193500E+7,    1.169443E-3,    -2.225637E-3
1.194125E+7,    1.148701E-3,    -2.249479E-3
1.194750E+7,    1.132488E-3,    -2.303839E-3
1.195375E+7,    1.128912E-3,    -2.299309E-3
1.196000E+7,    1.206160E-3,    -2.321005E-3
1.196625E+7,    1.159430E-3,    -2.349138E-3
1.197250E+7,    1.220465E-3,    -2.315760E-3
1.197875E+7,    1.158237E-3,    -2.362728E-3
1.198500E+7,    1.188278E-3,    -2.392530E-3
1.199125E+7,    1.145840E-3,    -2.435684E-3
1.199750E+7,    1.217604E-3,    -2.410412E-3
1.200375E+7,    1.170635E-3,    -2.426624E-3
1.201000E+7,    1.189947E-3,    -2.462626E-3
1.201625E+7,    1.185179E-3,    -2.490997E-3
1.202250E+7,    1.219988E-3,    -2.462149E-3
1.202875E+7,    1.134157E-3,    -2.536297E-3
1.203500E+7,    1.203775E-3,    -2.528191E-3
1.204125E+7,    1.173735E-3,    -2.502680E-3
1.204750E+7,    1.171827E-3,    -2.550840E-3
1.205375E+7,    1.244307E-3,    -2.579927E-3
1.206000E+7,    1.155138E-3,    -2.502441E-3
1.206625E+7,    1.238823E-3,    -2.614498E-3
1.207250E+7,    1.267910E-3,    -2.689838E-3
1.207875E+7,    1.166105E-3,    -2.651930E-3
1.208500E+7,    1.187086E-3,    -2.595901E-3
1.209125E+7,    1.154184E-3,    -2.639055E-3
1.209750E+7,    1.197100E-3,    -2.629519E-3
1.210375E+7,    1.203060E-3,    -2.725124E-3
1.211000E+7,    1.228094E-3,    -2.700329E-3
1.211625E+7,    1.203775E-3,    -2.722025E-3
1.212250E+7,    1.209021E-3,    -2.705812E-3
1.212875E+7,    1.228094E-3,    -2.818823E-3
1.213500E+7,    1.219988E-3,    -2.820969E-3
1.214125E+7,    1.192570E-3,    -2.857208E-3
1.214750E+7,    1.261234E-3,    -2.788782E-3
1.215375E+7,    1.274824E-3,    -2.891541E-3
1.216000E+7,    1.276731E-3,    -2.868652E-3
1.216625E+7,    1.303196E-3,    -2.901554E-3
1.217250E+7,    1.320124E-3,    -2.929687E-3
1.217875E+7,    1.294136E-3,    -2.926826E-3
1.218500E+7,    1.305580E-3,    -2.958298E-3
1.219125E+7,    1.290321E-3,    -3.039837E-3
1.219750E+7,    1.306534E-3,    -3.046989E-3
1.220375E+7,    1.294851E-3,    -3.006458E-3
1.221000E+7,    1.314163E-3,    -3.082514E-3
1.221625E+7,    1.293421E-3,    -3.129244E-3
1.222250E+7,    1.302481E-3,    -3.139257E-3
1.222875E+7,    1.343966E-3,    -3.195763E-3
1.223500E+7,    1.368999E-3,    -3.255367E-3
1.224125E+7,    1.408100E-3,    -3.255129E-3
1.224750E+7,    1.372099E-3,    -3.284454E-3
1.225375E+7,    1.347065E-3,    -3.317118E-3
1.226000E+7,    1.394510E-3,    -3.318548E-3
1.226625E+7,    1.426220E-3,    -3.366709E-3
1.227250E+7,    1.413345E-3,    -3.410816E-3
1.227875E+7,    1.390696E-3,    -3.491640E-3
1.228500E+7,    1.434326E-3,    -3.496885E-3
1.229125E+7,    1.378298E-3,    -3.495455E-3
1.229750E+7,    1.464128E-3,    -3.503084E-3
1.230375E+7,    1.534224E-3,    -3.611326E-3
1.231000E+7,    1.462698E-3,    -3.622770E-3
1.231625E+7,    1.494646E-3,    -3.654003E-3
1.232250E+7,    1.518965E-3,    -3.670931E-3
1.232875E+7,    1.508951E-3,    -3.729820E-3
1.233500E+7,    1.522779E-3,    -3.782272E-3
1.234125E+7,    1.540184E-3,    -3.803492E-3
1.234750E+7,    1.515388E-3,    -3.866911E-3
1.235375E+7,    1.545668E-3,    -3.854036E-3
1.236000E+7,    1.584291E-3,    -3.946543E-3
1.236625E+7,    1.587868E-3,    -3.963470E-3
1.237250E+7,    1.546383E-3,    -4.012585E-3
1.237875E+7,    1.586914E-3,    -4.074574E-3
1.238500E+7,    1.625061E-3,    -4.067898E-3
1.239125E+7,    1.640797E-3,    -4.158020E-3
1.239750E+7,    1.652241E-3,    -4.153252E-3
1.240375E+7,    1.684189E-3,    -4.226208E-3
1.241000E+7,    1.737595E-3,    -4.237175E-3
1.241625E+7,    1.688480E-3,    -4.339695E-3
1.242250E+7,    1.699448E-3,    -4.338741E-3
1.242875E+7,    1.695633E-3,    -4.386902E-3
1.243500E+7,    1.785755E-3,    -4.482269E-3
1.244125E+7,    1.748562E-3,    -4.546642E-3
1.244750E+7,    1.786709E-3,    -4.570961E-3
1.245375E+7,    1.779079E-3,    -4.590034E-3
1.246000E+7,    1.816750E-3,    -4.654884E-3
1.246625E+7,    1.824379E-3,    -4.766464E-3
1.247250E+7,    1.853466E-3,    -4.796982E-3
1.247875E+7,    1.865864E-3,    -4.892349E-3
1.248500E+7,    1.867771E-3,    -4.911900E-3
1.249125E+7,    1.874924E-3,    -4.951954E-3
1.249750E+7,    1.967907E-3,    -5.039215E-3
1.250375E+7,    1.937866E-3,    -5.125999E-3
1.251000E+7,    1.993656E-3,    -5.147934E-3
1.251625E+7,    1.993656E-3,    -5.232334E-3
1.252250E+7,    2.004147E-3,    -5.278587E-3
1.252875E+7,    1.978397E-3,    -5.341530E-3
1.253500E+7,    2.091885E-3,    -5.418777E-3
1.254125E+7,    2.095699E-3,    -5.448341E-3
1.254750E+7,    2.065659E-3,    -5.570889E-3
1.255375E+7,    2.133846E-3,    -5.678654E-3
1.256000E+7,    2.156734E-3,    -5.668163E-3
1.256625E+7,    2.221584E-3,    -5.794048E-3
1.257250E+7,    2.185822E-3,    -5.891800E-3
1.257875E+7,    2.192020E-3,    -5.918026E-3
1.258500E+7,    2.241611E-3,    -6.017208E-3
1.259125E+7,    2.274990E-3,    -6.103039E-3
1.259750E+7,    2.253532E-3,    -6.221294E-3
1.260375E+7,    2.301216E-3,    -6.293297E-3
1.261000E+7,    2.268314E-3,    -6.352901E-3
1.261625E+7,    2.368927E-3,    -6.554127E-3
1.262250E+7,    2.454758E-3,    -6.538391E-3
1.262875E+7,    2.266407E-3,    -6.863117E-3
1.263500E+7,    2.419472E-3,    -6.672382E-3
1.264125E+7,    2.491951E-3,    -6.891727E-3
1.264750E+7,    2.509117E-3,    -7.004738E-3
1.265375E+7,    2.569199E-3,    -7.000446E-3
1.266000E+7,    2.561092E-3,    -7.225990E-3
1.266625E+7,    2.602100E-3,    -7.226944E-3
1.267250E+7,    9.489059E-4,    -7.937908E-3
1.267875E+7,    1.699448E-3,    -7.981300E-3
1.268500E+7,    9.527206E-4,    -8.346558E-3
1.269125E+7,    1.988411E-3,    -8.280754E-3
1.269750E+7,    2.760887E-3,    -7.701874E-3
1.270375E+7,    1.459122E-4,    -8.061409E-3
1.271000E+7,    1.129150E-3,    -9.263992E-3
1.271625E+7,    2.916336E-3,    -8.201599E-3
1.272250E+7,    2.957344E-3,    -8.294106E-3
1.272875E+7,    3.016472E-3,    -8.452415E-3
1.273500E+7,    2.999306E-3,    -8.789062E-3
1.274125E+7,    3.092766E-3,    -8.790016E-3
1.274750E+7,    3.067970E-3,    -9.101391E-3
1.275375E+7,    3.167629E-3,    -9.067059E-3
1.276000E+7,    2.697945E-3,    -9.438992E-3
1.276625E+7,    1.445293E-3,    -9.756565E-3
1.277250E+7,    -1.677036E-3,    -7.177353E-3
1.277875E+7,    -2.663136E-3,    -9.043694E-3
1.278500E+7,    -1.195431E-3,    -1.064205E-2
1.279125E+7,    2.937317E-4,    -1.121044E-2
1.279750E+7,    2.566814E-3,    -1.044989E-2
1.280375E+7,    -1.007080E-3,    -1.027679E-2
1.281000E+7,    -3.729343E-3,    -8.874416E-3
1.281625E+7,    -2.956867E-3,    -1.180553E-2
1.282250E+7,    -3.188133E-3,    -1.173019E-2
1.282875E+7,    1.136303E-3,    -1.197910E-2
1.283500E+7,    -4.727840E-3,    -1.027536E-2
1.284125E+7,    3.428459E-3,    -1.285267E-2
1.284750E+7,    3.899097E-3,    -1.265717E-2
1.285375E+7,    2.936840E-3,    -1.340723E-2
1.286000E+7,    3.051281E-3,    -1.339579E-2
1.286625E+7,    2.992153E-3,    -1.409626E-2
1.287250E+7,    3.481865E-3,    -1.413631E-2
1.287875E+7,    4.240513E-3,    -1.377010E-2
1.288500E+7,    3.411770E-3,    -1.400995E-2
1.289125E+7,    2.481937E-3,    -1.546812E-2
1.289750E+7,    3.633499E-4,    -1.563168E-2
1.290375E+7,    3.089428E-3,    -1.523399E-2
1.291000E+7,    1.959801E-3,    -1.583672E-2
1.291625E+7,    1.202583E-3,    -1.703644E-2
1.292250E+7,    -6.914139E-4,    -1.502514E-2
1.292875E+7,    4.482269E-4,    -1.662445E-2
1.293500E+7,    -6.097794E-3,    -1.413155E-2
1.294125E+7,    -4.045486E-3,    -1.565266E-2
1.294750E+7,    -6.001472E-3,    -1.222610E-2
1.295375E+7,    -6.176949E-3,    -8.098125E-3
1.296000E+7,    -5.339622E-3,    -6.193638E-3
1.296625E+7,    -5.266190E-3,    -5.883694E-3
1.297250E+7,    -5.455494E-3,    -6.092072E-3
1.297875E+7,    -5.559444E-3,    -6.151676E-3
1.298500E+7,    -5.663395E-3,    -6.229877E-3
1.299125E+7,    -5.803108E-3,    -6.364822E-3
1.299750E+7,    -5.935192E-3,    -6.474495E-3
1.300375E+7,    -6.115437E-3,    -6.594181E-3
1.301000E+7,    -6.264210E-3,    -6.737709E-3
1.301625E+7,    -6.409168E-3,    -6.849766E-3
1.302250E+7,    -6.618500E-3,    -7.024765E-3
1.302875E+7,    -6.793499E-3,    -7.145882E-3
1.303500E+7,    -6.956577E-3,    -7.339954E-3
1.304125E+7,    -7.175446E-3,    -7.447720E-3
1.304750E+7,    -7.352829E-3,    -7.596016E-3
1.305375E+7,    -7.564068E-3,    -7.780075E-3
1.306000E+7,    -7.786274E-3,    -7.940769E-3
1.306625E+7,    -8.025169E-3,    -8.091927E-3
1.307250E+7,    -8.251190E-3,    -8.275032E-3
1.307875E+7,    -8.529663E-3,    -8.526802E-3
1.308500E+7,    -8.807182E-3,    -8.727074E-3
1.309125E+7,    -9.093285E-3,    -8.939743E-3
1.309750E+7,    -9.352684E-3,    -9.144783E-3
1.310375E+7,    -9.645462E-3,    -9.311676E-3
1.311000E+7,    -9.952545E-3,    -9.532928E-3
1.311625E+7,    -1.031494E-2,    -9.778976E-3
1.312250E+7,    -1.069641E-2,    -1.006126E-2
1.312875E+7,    -1.108551E-2,    -1.035118E-2
1.313500E+7,    -1.147366E-2,    -1.059914E-2
1.314125E+7,    -1.186466E-2,    -1.086521E-2
1.314750E+7,    -1.235008E-2,    -1.114655E-2
1.315375E+7,    -1.294994E-2,    -1.157856E-2
1.316000E+7,    -1.347733E-2,    -1.190376E-2
1.316625E+7,    -1.398563E-2,    -1.225567E-2
1.317250E+7,    -1.443481E-2,    -1.246166E-2
1.317875E+7,    -1.507759E-2,    -1.287651E-2
1.318500E+7,    -1.563454E-2,    -1.323414E-2
1.319125E+7,    -1.642895E-2,    -1.367474E-2
1.319750E+7,    -1.688576E-2,    -1.392937E-2
1.320375E+7,    -1.762676E-2,    -1.426220E-2
1.321000E+7,    -1.853752E-2,    -1.488113E-2
1.321625E+7,    -1.907539E-2,    -1.506996E-2
1.322250E+7,    -1.987457E-2,    -1.550102E-2
1.322875E+7,    -2.096367E-2,    -1.604652E-2
1.323500E+7,    -2.208900E-2,    -1.659966E-2
1.324125E+7,    -2.342606E-2,    -1.730347E-2
1.324750E+7,    -2.503204E-2,    -1.813126E-2
1.325375E+7,    -2.670097E-2,    -1.909637E-2
1.326000E+7,    -2.785301E-2,    -1.947784E-2
1.326625E+7,    -2.940941E-2,    -2.012253E-2
1.327250E+7,    -3.108978E-2,    -2.083015E-2
1.327875E+7,    -3.320694E-2,    -2.165031E-2
1.328500E+7,    -3.479195E-2,    -2.218056E-2
1.329125E+7,    -3.741264E-2,    -2.325058E-2
1.329750E+7,    -3.941345E-2,    -2.399826E-2
1.330375E+7,    -4.156876E-2,    -2.438736E-2
1.331000E+7,    -4.540634E-2,    -2.561569E-2
1.331625E+7,    -4.816437E-2,    -2.656174E-2
1.332250E+7,    -5.262375E-2,    -2.793884E-2
1.332875E+7,    -5.421066E-2,    -2.814484E-2
1.333500E+7,    -5.651093E-2,    -2.761841E-2
1.334125E+7,    -5.950928E-2,    -2.812195E-2
1.334750E+7,    -6.339645E-2,    -2.819443E-2
1.335375E+7,    -6.917191E-2,    -2.908325E-2
1.336000E+7,    -7.380295E-2,    -2.969360E-2
1.336625E+7,    -7.872772E-2,    -2.917862E-2
1.337250E+7,    -8.583832E-2,    -2.989197E-2
1.337875E+7,    -9.194946E-2,    -2.917862E-2
1.338500E+7,    -9.879684E-2,    -2.824783E-2
1.339125E+7,    -1.086731E-1,    -2.736664E-2
1.339750E+7,    -1.171646E-1,    -2.568817E-2
1.340375E+7,    -1.266861E-1,    -2.268219E-2
1.341000E+7,    -1.378250E-1,    -1.902771E-2
1.341625E+7,    -1.522751E-1,    -1.432037E-2
1.342250E+7,    -1.662521E-1,    -7.759094E-3
1.342875E+7,    -1.832657E-1,    1.335144E-3
1.343500E+7,    -2.015076E-1,    1.311493E-2
1.344125E+7,    -2.182693E-1,    2.806091E-2
1.344750E+7,    -2.387772E-1,    4.852295E-2
1.345375E+7,    -2.585449E-1,    7.415771E-2
1.346000E+7,    -2.753754E-1,    1.067810E-1
1.346625E+7,    -2.923126E-1,    1.481323E-1
1.347250E+7,    -3.048401E-1,    1.990967E-1
1.347875E+7,    -3.042755E-1,    2.544708E-1
1.348500E+7,    -2.887421E-1,    3.153381E-1
1.349125E+7,    -2.614136E-1,    3.795013E-1
1.349750E+7,    -2.169189E-1,    4.424591E-1
1.350375E+7,    -1.563873E-1,    4.997101E-1
1.351000E+7,    -8.093262E-2,    5.369873E-1
1.351625E+7,    3.845215E-3,    5.581665E-1
1.352250E+7,    9.115601E-2,    5.635986E-1
1.352875E+7,    1.779480E-1,    5.498047E-1
1.353500E+7,    2.614746E-1,    5.210876E-1
1.354125E+7,    3.367310E-1,    4.768677E-1
1.354750E+7,    4.031372E-1,    4.210205E-1
1.355375E+7,    4.582520E-1,    3.532715E-1
1.356000E+7,    4.987183E-1,    2.760620E-1
1.356625E+7,    5.227051E-1,    1.923828E-1
1.357250E+7,    5.287476E-1,    1.054077E-1
1.357875E+7,    5.176392E-1,    2.203369E-2
1.358500E+7,    4.888000E-1,    -5.265808E-2
1.359125E+7,    4.463501E-1,    -1.153564E-1
1.359750E+7,    3.967285E-1,    -1.629181E-1
1.360375E+7,    3.423767E-1,    -1.951599E-1
1.361000E+7,    2.898102E-1,    -2.141724E-1
1.361625E+7,    2.416153E-1,    -2.221222E-1
1.362250E+7,    1.989136E-1,    -2.226334E-1
1.362875E+7,    1.617889E-1,    -2.175598E-1
1.363500E+7,    1.313629E-1,    -2.084045E-1
1.364125E+7,    1.053619E-1,    -1.975403E-1
1.364750E+7,    8.430481E-2,    -1.856384E-1
1.365375E+7,    6.721497E-2,    -1.735992E-1
1.366000E+7,    5.361938E-2,    -1.620941E-1
1.366625E+7,    4.173279E-2,    -1.510925E-1
1.367250E+7,    3.225708E-2,    -1.408386E-1
1.367875E+7,    2.456665E-2,    -1.309814E-1
1.368500E+7,    1.831055E-2,    -1.217194E-1
1.369125E+7,    1.322174E-2,    -1.132889E-1
1.369750E+7,    9.239197E-3,    -1.054687E-1
1.370375E+7,    5.592346E-3,    -9.878540E-2
1.371000E+7,    2.799988E-3,    -9.206390E-2
1.371625E+7,    5.416870E-4,    -8.622742E-2
1.372250E+7,    -1.548767E-3,    -8.117676E-2
1.372875E+7,    -2.761841E-3,    -7.600403E-2
1.373500E+7,    -4.219055E-3,    -7.154083E-2
1.374125E+7,    -5.134583E-3,    -6.747437E-2
1.374750E+7,    -6.034851E-3,    -6.369781E-2
1.375375E+7,    -6.721497E-3,    -6.015778E-2
1.376000E+7,    -7.263184E-3,    -5.696869E-2
1.376625E+7,    -7.698059E-3,    -5.396271E-2
1.377250E+7,    -8.014679E-3,    -5.121231E-2
1.377875E+7,    -8.289337E-3,    -4.869843E-2
1.378500E+7,    -8.495331E-3,    -4.629898E-2
1.379125E+7,    -8.644104E-3,    -4.414368E-2
1.379750E+7,    -8.796692E-3,    -4.207993E-2
1.380375E+7,    -8.892059E-3,    -4.018784E-2
1.381000E+7,    -8.876801E-3,    -3.836441E-2
1.381625E+7,    -8.903503E-3,    -3.676224E-2
1.382250E+7,    -8.872986E-3,    -3.517532E-2
1.382875E+7,    -8.846283E-3,    -3.372955E-2
1.383500E+7,    -8.808136E-3,    -3.240204E-2
1.384125E+7,    -8.743286E-3,    -3.115082E-2
1.384750E+7,    -8.689880E-3,    -2.990723E-2
1.385375E+7,    -8.628845E-3,    -2.876282E-2
1.386000E+7,    -8.514404E-3,    -2.768707E-2
1.386625E+7,    -8.464813E-3,    -2.672195E-2
1.387250E+7,    -8.361816E-3,    -2.579880E-2
1.387875E+7,    -8.251190E-3,    -2.488327E-2
1.388500E+7,    -8.148193E-3,    -2.402115E-2
1.389125E+7,    -8.064270E-3,    -2.325821E-2
1.389750E+7,    -7.942200E-3,    -2.249336E-2
1.390375E+7,    -7.862091E-3,    -2.176285E-2
1.391000E+7,    -7.736206E-3,    -2.112198E-2
1.391625E+7,    -7.661819E-3,    -2.043724E-2
1.392250E+7,    -7.570267E-3,    -1.984978E-2
1.392875E+7,    -7.459641E-3,    -1.926041E-2
1.393500E+7,    -7.362366E-3,    -1.870346E-2
1.394125E+7,    -7.278442E-3,    -1.822662E-2
1.394750E+7,    -7.194519E-3,    -1.769257E-2
1.395375E+7,    -7.102966E-3,    -1.721001E-2
1.396000E+7,    -7.007599E-3,    -1.676559E-2
1.396625E+7,    -6.944656E-3,    -1.630592E-2
1.397250E+7,    -6.868362E-3,    -1.590538E-2
1.397875E+7,    -6.792068E-3,    -1.550293E-2
1.398500E+7,    -6.656647E-3,    -1.514435E-2
1.399125E+7,    -6.589890E-3,    -1.478386E-2
1.399750E+7,    -6.515503E-3,    -1.444435E-2
1.400375E+7,    -6.460190E-3,    -1.412201E-2
1.401000E+7,    -6.374359E-3,    -1.382446E-2
1.401625E+7,    -6.298065E-3,    -1.350975E-2
1.402250E+7,    -6.258011E-3,    -1.321030E-2
1.402875E+7,    -6.208420E-3,    -1.292419E-2
1.403500E+7,    -6.147385E-3,    -1.265717E-2
1.404125E+7,    -6.053925E-3,    -1.242638E-2
1.404750E+7,    -5.992889E-3,    -1.219368E-2
1.405375E+7,    -5.964279E-3,    -1.194477E-2
1.406000E+7,    -5.891800E-3,    -1.174355E-2
1.406625E+7,    -5.819321E-3,    -1.150322E-2
1.407250E+7,    -5.772591E-3,    -1.132679E-2
1.407875E+7,    -5.748749E-3,    -1.111507E-2
1.408500E+7,    -5.706787E-3,    -1.097488E-2
1.409125E+7,    -5.681992E-3,    -1.076508E-2
1.409750E+7,    -5.621910E-3,    -1.060200E-2
1.410375E+7,    -5.593300E-3,    -1.040173E-2
1.411000E+7,    -5.565643E-3,    -1.027584E-2
1.411625E+7,    -5.516052E-3,    -1.009130E-2
1.412250E+7,    -5.486965E-3,    -9.988308E-3
1.412875E+7,    -5.464554E-3,    -9.852409E-3
1.413500E+7,    -5.402088E-3,    -9.749889E-3
1.414125E+7,    -5.434036E-3,    -9.590626E-3
1.414750E+7,    -5.398750E-3,    -9.500027E-3
1.415375E+7,    -5.347729E-3,    -9.367466E-3
1.416000E+7,    -5.355835E-3,    -9.257317E-3
1.416625E+7,    -5.335808E-3,    -9.134293E-3
1.417250E+7,    -5.339622E-3,    -9.070873E-3
1.417875E+7,    -5.325317E-3,    -8.987904E-3
1.418500E+7,    -5.331516E-3,    -8.883476E-3
1.419125E+7,    -5.335808E-3,    -8.817196E-3
1.419750E+7,    -5.310535E-3,    -8.752346E-3
1.420375E+7,    -5.304337E-3,    -8.667469E-3
1.421000E+7,    -5.330086E-3,    -8.624554E-3
1.421625E+7,    -5.327702E-3,    -8.534908E-3
1.422250E+7,    -5.359173E-3,    -8.511543E-3
1.422875E+7,    -5.371094E-3,    -8.440018E-3
1.423500E+7,    -5.373955E-3,    -8.410454E-3
1.424125E+7,    -5.380154E-3,    -8.363247E-3
1.424750E+7,    -5.431175E-3,    -8.374691E-3
1.425375E+7,    -5.465508E-3,    -8.304119E-3
1.426000E+7,    -5.480289E-3,    -8.306980E-3
1.426625E+7,    -5.538464E-3,    -8.268833E-3
1.427250E+7,    -5.578518E-3,    -8.251667E-3
1.427875E+7,    -5.626202E-3,    -8.263588E-3
1.428500E+7,    -5.699158E-3,    -8.271694E-3
1.429125E+7,    -5.774021E-3,    -8.277893E-3
1.429750E+7,    -5.805969E-3,    -8.285999E-3
1.430375E+7,    -5.891800E-3,    -8.266926E-3
1.431000E+7,    -5.987644E-3,    -8.317471E-3
1.431625E+7,    -6.088734E-3,    -8.337498E-3
1.432250E+7,    -6.168365E-3,    -8.405209E-3
1.432875E+7,    -6.309509E-3,    -8.401871E-3
1.433500E+7,    -6.425381E-3,    -8.490086E-3
1.434125E+7,    -6.547451E-3,    -8.550167E-3
1.434750E+7,    -6.707191E-3,    -8.623123E-3
1.435375E+7,    -6.904125E-3,    -8.702278E-3
1.436000E+7,    -7.079124E-3,    -8.823395E-3
1.436625E+7,    -7.293701E-3,    -8.926392E-3
1.437250E+7,    -7.529259E-3,    -9.019852E-3
1.437875E+7,    -7.799149E-3,    -9.151459E-3
1.438500E+7,    -8.068085E-3,    -9.322166E-3
1.439125E+7,    -8.411407E-3,    -9.468079E-3
1.439750E+7,    -8.783340E-3,    -9.665489E-3
1.440375E+7,    -9.220123E-3,    -9.838104E-3
1.441000E+7,    -9.685516E-3,    -1.003075E-2
1.441625E+7,    -1.025200E-2,    -1.024437E-2
1.442250E+7,    -1.087093E-2,    -1.050091E-2
1.442875E+7,    -1.160145E-2,    -1.072025E-2
1.443500E+7,    -1.250172E-2,    -1.098728E-2
1.444125E+7,    -1.353550E-2,    -1.122284E-2
1.444750E+7,    -1.474094E-2,    -1.146030E-2
1.445375E+7,    -1.626396E-2,    -1.164818E-2
1.446000E+7,    -1.809025E-2,    -1.171780E-2
1.446625E+7,    -2.028084E-2,    -1.156616E-2
1.447250E+7,    -2.301216E-2,    -1.112175E-2
1.447875E+7,    -2.628517E-2,    -9.994507E-3
1.448500E+7,    -3.012466E-2,    -7.820129E-3
1.449125E+7,    -3.418350E-2,    -3.963470E-3
1.449750E+7,    -3.758430E-2,    2.256393E-3
1.450375E+7,    -3.860664E-2,    1.089096E-2
1.451000E+7,    -3.546524E-2,    2.007866E-2
1.451625E+7,    -2.831078E-2,    2.691841E-2
1.452250E+7,    -1.972389E-2,    2.954578E-2
1.452875E+7,    -1.229572E-2,    2.874756E-2
1.453500E+7,    -6.838799E-3,    2.621365E-2
1.454125E+7,    -3.290176E-3,    2.324295E-2
1.454750E+7,    -1.008034E-3,    2.037811E-2
1.455375E+7,    4.005432E-4,    1.784992E-2
1.456000E+7,    1.265526E-3,    1.571941E-2
1.456625E+7,    1.781464E-3,    1.392651E-2
1.457250E+7,    2.094746E-3,    1.238012E-2
1.457875E+7,    2.262592E-3,    1.109457E-2
1.458500E+7,    2.325058E-3,    9.967327E-3
1.459125E+7,    2.400875E-3,    9.024620E-3
1.459750E+7,    2.334595E-3,    8.222580E-3
1.460375E+7,    2.285480E-3,    7.538795E-3
1.461000E+7,    2.234936E-3,    6.910801E-3
1.461625E+7,    2.164841E-3,    6.354809E-3
1.462250E+7,    2.083778E-3,    5.872726E-3
1.462875E+7,    1.995325E-3,    5.437851E-3
1.463500E+7,    1.922846E-3,    5.081177E-3
1.464125E+7,    1.847982E-3,    4.714251E-3
1.464750E+7,    1.779318E-3,    4.372597E-3
1.465375E+7,    1.688242E-3,    4.107237E-3
1.466000E+7,    1.631498E-3,    3.855944E-3
1.466625E+7,    1.562119E-3,    3.615618E-3
1.467250E+7,    1.512766E-3,    3.404617E-3
1.467875E+7,    1.446962E-3,    3.205061E-3
1.468500E+7,    1.390934E-3,    3.010988E-3
1.469125E+7,    1.339197E-3,    2.868652E-3
1.469750E+7,    1.277685E-3,    2.705336E-3
1.470375E+7,    1.234889E-3,    2.581358E-3
1.471000E+7,    1.169682E-3,    2.451062E-3
1.471625E+7,    1.135230E-3,    2.319336E-3
1.472250E+7,    1.089334E-3,    2.209544E-3
1.472875E+7,    1.037478E-3,    2.103209E-3
1.473500E+7,    9.999275E-4,    1.969218E-3
1.474125E+7,    9.868145E-4,    1.897693E-3
1.474750E+7,    9.129047E-4,    1.791239E-3
1.475375E+7,    9.076595E-4,    1.715779E-3
1.476000E+7,    8.735657E-4,    1.633525E-3
1.476625E+7,    8.349419E-4,    1.586437E-3
1.477250E+7,    7.975101E-4,    1.500249E-3
1.477875E+7,    7.810593E-4,    1.442552E-3
1.478500E+7,    7.464886E-4,    1.371145E-3
1.479125E+7,    6.989837E-4,    1.303375E-3
1.479750E+7,    6.866455E-4,    1.262128E-3
1.480375E+7,    6.621480E-4,    1.223564E-3
1.481000E+7,    6.301999E-4,    1.143813E-3
1.481625E+7,    6.196499E-4,    1.141012E-3
1.482250E+7,    5.726814E-4,    1.050055E-3
1.482875E+7,    5.778074E-4,    1.009107E-3
1.483500E+7,    5.594492E-4,    9.772778E-4
1.484125E+7,    5.227923E-4,    9.458065E-4
1.484750E+7,    5.204678E-4,    9.057522E-4
1.485375E+7,    4.962683E-4,    8.860826E-4
1.486000E+7,    4.796386E-4,    8.684397E-4
1.486625E+7,    4.768372E-4,    8.302331E-4
1.487250E+7,    4.604459E-4,    7.910132E-4
1.487875E+7,    4.459620E-4,    7.476807E-4
1.488500E+7,    4.293919E-4,    7.390380E-4
1.489125E+7,    4.084706E-4,    6.775856E-4
1.489750E+7,    3.982782E-4,    6.735921E-4
1.490375E+7,    3.862381E-4,    6.802082E-4
1.491000E+7,    3.956556E-4,    6.180406E-4
1.491625E+7,    3.644824E-4,    6.182790E-4
1.492250E+7,    3.706515E-4,    5.901456E-4
1.492875E+7,    3.523529E-4,    5.745292E-4
1.493500E+7,    3.216565E-4,    5.419552E-4
1.494125E+7,    3.349185E-4,    5.347133E-4
1.494750E+7,    3.009737E-4,    5.033612E-4
1.495375E+7,    2.987683E-4,    4.968047E-4
1.496000E+7,    2.829731E-4,    4.719794E-4
1.496625E+7,    2.916157E-4,    4.584789E-4
1.497250E+7,    2.794564E-4,    4.325211E-4
1.497875E+7,    2.874434E-4,    4.532933E-4
1.498500E+7,    2.603531E-4,    4.096031E-4
1.499125E+7,    2.618730E-4,    4.082322E-4
1.499750E+7,    2.628565E-4,    3.919899E-4
1.500375E+7,    2.268553E-4,    3.778338E-4
1.501000E+7,    2.400577E-4,    3.533959E-4
1.501625E+7,    2.250075E-4,    3.537536E-4
1.502250E+7,    2.188683E-4,    3.412962E-4
1.502875E+7,    1.987815E-4,    3.187060E-4
1.503500E+7,    2.052784E-4,    3.156066E-4
1.504125E+7,    1.969934E-4,    3.125072E-4
1.504750E+7,    2.146065E-4,    3.022254E-4
1.505375E+7,    1.900792E-4,    3.087223E-4
1.506000E+7,    1.787692E-4,    2.892762E-4
1.506625E+7,    1.926273E-4,    2.890229E-4
1.507250E+7,    1.792759E-4,    2.716780E-4
1.507875E+7,    1.730770E-4,    2.661198E-4
1.508500E+7,    1.541823E-4,    2.689809E-4
1.509125E+7,    1.539439E-4,    2.605617E-4
1.509750E+7,    1.424551E-4,    2.326518E-4
1.510375E+7,    1.452863E-4,    2.221167E-4
1.511000E+7,    1.351684E-4,    2.198666E-4
1.511625E+7,    1.547039E-4,    2.074838E-4
1.512250E+7,    1.359433E-4,    2.105683E-4
1.512875E+7,    1.388639E-4,    1.995265E-4
1.513500E+7,    1.393259E-4,    1.990050E-4
1.514125E+7,    1.195371E-4,    1.949072E-4
1.514750E+7,    1.178682E-4,    1.780242E-4
1.515375E+7,    1.044422E-4,    1.960397E-4
1.516000E+7,    1.223087E-4,    1.487881E-4
1.516625E+7,    1.066327E-4,    1.772791E-4
1.517250E+7,    1.212955E-4,    1.583099E-4
1.517875E+7,    1.012534E-4,    1.542270E-4
1.518500E+7,    1.119524E-4,    1.561493E-4
1.519125E+7,    1.022369E-4,    1.539141E-4
1.519750E+7,    9.149313E-5,    1.434535E-4
1.520375E+7,    8.797646E-5,    1.191199E-4
1.521000E+7,    1.111999E-4,    1.118332E-4
1.521625E+7,    9.960681E-5,    1.390427E-4
1.522250E+7,    8.725375E-5,    1.215711E-4
1.522875E+7,    9.191036E-5,    1.089647E-4
1.523500E+7,    7.604063E-5,    1.108795E-4
1.524125E+7,    8.352846E-5,    1.332238E-4
1.524750E+7,    8.469820E-5,    9.568036E-5
1.525375E+7,    6.811321E-5,    1.361072E-4
1.526000E+7,    7.477403E-5,    9.407848E-5
1.526625E+7,    5.157292E-5,    9.360909E-5
1.527250E+7,    5.950034E-5,    9.755045E-5
1.527875E+7,    7.536262E-5,    1.052171E-4
1.528500E+7,    5.962700E-5,    1.086295E-4
1.529125E+7,    6.731600E-5,    9.341538E-5
1.529750E+7,    6.271154E-5,    8.736551E-5
1.530375E+7,    5.199015E-5,    8.572638E-5
1.531000E+7,    6.690621E-5,    8.457154E-5
1.531625E+7,    5.073845E-5,    7.691234E-5
1.532250E+7,    4.673004E-5,    8.936971E-5
1.532875E+7,    5.120039E-5,    7.598102E-5
1.533500E+7,    3.001466E-5,    5.552173E-5
1.534125E+7,    5.471706E-5,    8.638948E-5
1.534750E+7,    6.682426E-5,    8.775294E-5
1.535375E+7,    5.828589E-5,    8.299947E-5
1.536000E+7,    8.589029E-5,    5.858392E-5
1.536625E+7,    3.749132E-5,    7.724389E-5
1.537250E+7,    4.797429E-5,    5.717948E-5
1.537875E+7,    4.989654E-5,    7.838011E-5
1.538500E+7,    5.556270E-5,    6.483123E-5
1.539125E+7,    6.906688E-5,    7.494539E-5
1.539750E+7,    3.232062E-5,    5.087629E-5
1.540375E+7,    4.213303E-5,    7.895380E-5
1.541000E+7,    6.641448E-5,    4.608929E-5
1.541625E+7,    3.066286E-5,    5.896017E-5
1.542250E+7,    4.244596E-5,    4.142895E-5
1.542875E+7,    4.040077E-5,    3.980845E-5
1.543500E+7,    2.618320E-5,    2.927706E-5
1.544125E+7,    3.931671E-5,    5.641952E-5
1.544750E+7,    2.879277E-5,    3.184937E-5
1.545375E+7,    3.420189E-5,    5.098805E-5
1.546000E+7,    5.828589E-5,    3.065169E-5
1.546625E+7,    2.602302E-5,    2.160296E-5
1.547250E+7,    4.586577E-5,    4.968047E-5
1.547875E+7,    2.744794E-5,    5.446002E-5
1.548500E+7,    3.395602E-5,    2.419390E-5
1.549125E+7,    1.320988E-5,    5.722418E-5
1.549750E+7,    2.145022E-5,    2.838299E-5
1.550375E+7,    4.624203E-5,    4.372001E-5
1.551000E+7,    5.500391E-6,    4.453771E-5
1.551625E+7,    3.028847E-5,    3.137998E-5
1.552250E+7,    3.438070E-5,    3.580377E-5
1.552875E+7,    3.544241E-5,    3.617629E-5
1.553500E+7,    2.839230E-5,    2.872571E-5
1.554125E+7,    1.953542E-5,    3.134459E-5
1.554750E+7,    4.342943E-5,    2.047792E-5
1.555375E+7,    4.915521E-5,    5.717576E-5
1.556000E+7,    2.485141E-5,    3.279746E-5
1.556625E+7,    7.815659E-6,    6.354973E-5
1.557250E+7,    6.701797E-6,    4.786439E-5
1.557875E+7,    2.660975E-5,    5.089119E-5
1.558500E+7,    3.200583E-5,    1.387671E-5
1.559125E+7,    2.390146E-5,    3.409386E-5
1.559750E+7,    2.998859E-7,    1.145015E-5
1.560375E+7,    3.229082E-5,    3.608689E-5
1.561000E+7,    -2.766959E-6,    2.961489E-6
1.561625E+7,    1.619011E-5,    4.292279E-5
1.562250E+7,    2.051145E-5,    1.343712E-5
1.562875E+7,    1.526438E-5,    1.967326E-5
1.563500E+7,    9.022653E-6,    1.368765E-5
1.564125E+7,    1.516007E-5,    2.964959E-5
1.564750E+7,    6.263144E-6,    1.603272E-5
1.565375E+7,    1.756474E-6,    3.278069E-5
1.566000E+7,    1.201592E-5,    2.101995E-5
1.566625E+7,    1.601316E-5,    -6.447546E-6
1.567250E+7,    2.495106E-5,    6.624497E-6
1.567875E+7,    1.730025E-5,    1.516007E-5
1.568500E+7,    8.283183E-6,    2.129003E-6
1.569125E+7,    1.657940E-5,    4.258938E-6
1.569750E+7,    9.073876E-6,    1.288485E-5
1.570375E+7,    1.739711E-5,    1.487136E-5
1.571000E+7,    2.067536E-5,    2.257712E-5
1.571625E+7,    -2.445071E-6,    2.901303E-6
1.572250E+7,    1.263060E-5,    2.050772E-5
1.572875E+7,    -9.272248E-6,    -1.265854E-5
1.573500E+7,    4.841480E-6,    -5.853595E-6
1.574125E+7,    -2.404908E-6,    2.921093E-6
1.574750E+7,    2.590939E-5,    1.621805E-5
1.575375E+7,    -4.787929E-6,    5.876413E-6
1.576000E+7,    6.775736E-11,    6.332641E-10
1.576625E+7,    5.926937E-6,    4.744623E-6
1.577250E+7,    7.253220E-11,    6.338610E-10
1.577875E+7,    7.217750E-6,    1.534540E-5
1.578500E+7,    2.257805E-5,    8.125789E-6
1.579125E+7,    -3.642868E-6,    -7.659663E-6
1.579750E+7,    -4.639151E-6,    5.987007E-6
1.580375E+7,    1.338311E-5,    1.979992E-5
1.581000E+7,    1.660269E-5,    3.173947E-6
1.581625E+7,    1.428649E-6,    1.056446E-5
1.582250E+7,    -1.283875E-5,    4.482921E-6
1.582875E+7,    -3.022142E-6,    1.656543E-5
1.583500E+7,    -5.342998E-6,    -1.807790E-5
1.584125E+7,    1.144037E-5,    2.254546E-5
1.584750E+7,    6.221235E-7,    -1.358241E-5
1.585375E+7,    1.991540E-5,    2.379715E-5
1.586000E+7,    1.673121E-6,    1.050858E-5
1.586625E+7,    5.153939E-5,    1.860410E-5
1.587250E+7,    1.222827E-5,    8.751638E-6
1.587875E+7,    -1.069509E-10,    -6.234586E-10
1.588500E+7,    3.606081E-6,    2.094544E-5
1.589125E+7,    -4.326692E-6,    6.147195E-6
1.589750E+7,    -5.599111E-6,    -3.135204E-5
1.590375E+7,    1.234561E-5,    8.527189E-6
1.591000E+7,    1.532026E-7,    -1.353957E-5
1.591625E+7,    7.985160E-6,    2.817996E-5
1.592250E+7,    1.261383E-5,    -1.862831E-5
1.592875E+7,    1.248484E-5,    -5.147886E-6
1.593500E+7,    -4.162313E-6,    6.234506E-6
1.594125E+7,    -6.208662E-6,    9.354204E-6
1.594750E+7,    6.176066E-6,    -9.371899E-6
1.595375E+7,    -8.187722E-6,    1.252582E-5
1.596000E+7,    4.077796E-6,    -6.276183E-6
1.596625E+7,    6.284565E-6,    4.059169E-6
1.597250E+7,    -6.598420E-6,    -1.751911E-5
1.597875E+7,    1.707114E-6,    -1.665764E-5
1.598500E+7,    -3.993278E-6,    6.331597E-6
1.599125E+7,    1.706555E-5,    1.507811E-5
1.599750E+7,    -2.435409E-6,    -1.030508E-5
1.600375E+7,    -2.557039E-5,    1.104847E-4
1.601000E+7,    -1.900047E-4,    -7.972121E-7
1.601625E+7,    -1.166388E-5,    8.550286E-5
1.602250E+7,    -5.455688E-6,    -4.904531E-5
1.602875E+7,    -1.179576E-4,    -5.941838E-5
1.603500E+7,    4.253536E-5,    1.356378E-4
1.604125E+7,    -4.289672E-6,    3.705919E-5
1.604750E+7,    1.238883E-4,    -6.879866E-5
1.605375E+7,    -5.858019E-5,    9.878725E-5
1.606000E+7,    -2.169982E-5,    -8.449331E-5
1.606625E+7,    -9.161606E-5,    3.418326E-5
1.607250E+7,    -3.301352E-5,    9.988248E-5
1.607875E+7,    3.320724E-5,    5.812570E-5
1.608500E+7,    1.153685E-4,    -9.994581E-5
1.609125E+7,    2.911314E-5,    3.611669E-5
1.609750E+7,    -3.520772E-5,    9.208918E-5
1.610375E+7,    6.852299E-5,    1.873076E-5
1.611000E+7,    -2.968870E-5,    2.944190E-5
1.611625E+7,    -2.186745E-6,    -6.050617E-5
1.612250E+7,    -3.158301E-5,    -3.757700E-5
1.612875E+7,    4.152209E-5,    -6.221607E-5
1.613500E+7,    6.869435E-6,    1.704879E-5
1.614125E+7,    -6.534159E-5,    -8.293241E-5
1.614750E+7,    -6.818026E-5,    -2.524257E-5
1.615375E+7,    -6.942078E-5,    4.172325E-7
1.616000E+7,    -2.183020E-5,    -7.821992E-5
1.616625E+7,    6.947666E-5,    -3.613532E-7
1.617250E+7,    5.163439E-5,    -3.812835E-6
1.617875E+7,    8.579344E-6,    -6.771088E-5
1.618500E+7,    3.166124E-5,    8.388236E-5
1.619125E+7,    -9.088963E-5,    -3.172457E-5
1.619750E+7,    4.674681E-5,    -5.936436E-5
1.620375E+7,    -1.083128E-5,    -3.914908E-5
1.621000E+7,    2.383534E-5,    -1.293607E-5
1.621625E+7,    1.132209E-5,    -1.999922E-5
1.622250E+7,    -5.643815E-6,    1.090243E-4
1.622875E+7,    5.877018E-5,    -9.213760E-5
1.623500E+7,    5.713478E-5,    -6.008707E-5
1.624125E+7,    3.398396E-5,    -5.992688E-5
1.624750E+7,    -8.795410E-5,    1.549348E-4
1.625375E+7,    9.661168E-5,    2.177060E-5
1.626000E+7,    -3.827736E-5,    -5.471706E-5
1.626625E+7,    -1.896918E-5,    -3.059581E-5
1.627250E+7,    3.050268E-5,    -4.212745E-5
1.627875E+7,    4.732981E-5,    -1.935288E-5
1.628500E+7,    8.642673E-7,    -1.118407E-4
1.629125E+7,    3.916956E-5,    -1.077168E-5
1.629750E+7,    -1.097620E-4,    3.019348E-5
1.630375E+7,    4.440919E-5,    -6.065704E-5
1.631000E+7,    6.243959E-5,    3.549829E-5
1.631625E+7,    5.047396E-5,    -7.699803E-5
1.632250E+7,    -9.641983E-6,    -1.209695E-5
1.632875E+7,    -5.340576E-5,    3.570318E-5
1.633500E+7,    2.416596E-5,    -1.118071E-4
1.634125E+7,    4.916266E-5,    -5.101785E-6
1.634750E+7,    1.313314E-4,    -5.078316E-5
1.635375E+7,    -9.268522E-5,    -4.618615E-5
1.636000E+7,    5.417876E-5,    -4.849397E-5
1.636625E+7,    2.279133E-5,    1.916513E-4
1.637250E+7,    -2.104789E-5,    -3.847852E-5
1.637875E+7,    7.804483E-6,    -9.476766E-5
1.638500E+7,    2.881698E-5,    -5.631894E-5
1.639125E+7,    -9.600073E-6,    3.422983E-5
1.639750E+7,    4.245900E-5,    -2.210401E-5
1.640375E+7,    -3.745593E-5,    -2.139993E-5
1.641000E+7,    1.697913E-4,    -8.840114E-5
1.641625E+7,    9.272248E-5,    -1.390353E-4
1.642250E+7,    9.978563E-5,    5.706400E-5
1.642875E+7,    8.421391E-5,    -7.766113E-5
1.643500E+7,    4.529953E-5,    -2.706237E-5
1.644125E+7,    1.070509E-5,    -7.133000E-6
1.644750E+7,    -2.939254E-6,    5.138293E-5
1.645375E+7,    4.207529E-5,    -1.565367E-5
1.646000E+7,    2.384558E-5,    3.352761E-5
1.646625E+7,    -4.668906E-5,    -4.000217E-5
1.647250E+7,    2.890080E-5,    -9.917654E-6
1.647875E+7,    1.502037E-5,    -3.781356E-5
1.648500E+7,    3.314950E-5,    5.744398E-6
1.649125E+7,    3.815070E-5,    8.629635E-6
1.649750E+7,    -1.752749E-6,    -1.427345E-5
1.650375E+7,    4.625879E-6,    9.289477E-6
1.651000E+7,    6.623566E-6,    6.353483E-5
1.651625E+7,    -3.851950E-6,    -1.550689E-4
1.652250E+7,    1.646020E-5,    -1.709163E-5
1.652875E+7,    -8.061156E-5,    -3.309175E-5
1.653500E+7,    -2.579764E-5,    4.491955E-5
1.654125E+7,    1.987442E-5,    5.790219E-5
1.654750E+7,    -7.600337E-5,    -2.381206E-5
1.655375E+7,    -1.186319E-5,    2.639554E-5
1.656000E+7,    -2.477318E-5,    -6.076321E-5
1.656625E+7,    6.001070E-5,    -1.196563E-5
1.657250E+7,    4.253350E-5,    -2.204254E-5
1.657875E+7,    -2.283696E-5,    -6.522983E-6
1.658500E+7,    -9.484217E-5,    3.177673E-5
1.659125E+7,    -3.931671E-5,    -1.624972E-4
1.659750E+7,    6.005168E-5,    -9.834766E-5
1.660375E+7,    -4.334375E-5,    -5.166233E-5
1.661000E+7,    2.743304E-5,    1.583062E-5
1.661625E+7,    3.649294E-5,    8.088723E-5
1.662250E+7,    5.164556E-5,    -4.336797E-5
1.662875E+7,    7.950515E-5,    -3.395230E-5
1.663500E+7,    8.190423E-5,    1.405254E-4
1.664125E+7,    -8.838624E-5,    8.851290E-6
1.664750E+7,    2.637804E-4,    3.939867E-5
1.665375E+7,    1.521558E-4,    4.800409E-5
1.666000E+7,    -5.711056E-5,    4.693866E-5
1.666625E+7,    -2.288073E-5,    -1.331642E-4
1.667250E+7,    4.291907E-5,    5.816668E-5
1.667875E+7,    -1.222268E-5,    -5.367771E-5
1.668500E+7,    1.316331E-5,    -4.571863E-5
1.669125E+7,    3.005564E-5,    5.733967E-5
1.669750E+7,    5.189329E-6,    -8.367747E-5
1.670375E+7,    -2.626143E-5,    -3.523938E-5
1.671000E+7,    -1.463443E-4,    -5.816668E-5
1.671625E+7,    4.770979E-5,    -1.905113E-5
1.672250E+7,    9.980053E-6,    5.788170E-6
1.672875E+7,    1.381636E-4,    6.693602E-5
1.673500E+7,    -1.586415E-5,    -3.590249E-5
1.674125E+7,    -2.082810E-5,    -3.876723E-5
1.674750E+7,    -9.141117E-5,    1.363829E-5
1.675375E+7,    -1.356676E-4,    1.484901E-5
1.676000E+7,    -1.160800E-4,    -4.741549E-5
1.676625E+7,    -5.694851E-5,    4.041381E-5
1.677250E+7,    1.304597E-5,    8.103251E-5
1.677875E+7,    9.823591E-6,    -7.441267E-5
1.678500E+7,    1.413655E-5,    -1.851842E-5
1.679125E+7,    2.282113E-5,    -1.137666E-4
1.679750E+7,    -7.614121E-5,    -2.433360E-5
1.680375E+7,    -3.204308E-5,    -2.533942E-5
1.681000E+7,    -2.038106E-5,    -4.528090E-5
1.681625E+7,    4.202500E-5,    3.115833E-5
1.682250E+7,    -3.163144E-5,    -3.182143E-5
1.682875E+7,    4.208274E-5,    -4.911795E-5
1.683500E+7,    -1.461804E-5,    -9.540096E-5
1.684125E+7,    4.741549E-5,    -1.244619E-5
1.684750E+7,    6.576255E-5,    2.494827E-5
1.685375E+7,    2.705771E-5,    -1.767743E-5
1.686000E+7,    5.781651E-6,    3.017485E-5
1.686625E+7,    -2.448261E-5,    -6.119162E-5
1.687250E+7,    -1.019537E-4,    -2.615154E-5
1.687875E+7,    -5.645305E-5,    -1.267865E-4
1.688500E+7,    1.420081E-5,    -5.865656E-5
1.689125E+7,    -1.143664E-6,    -6.096438E-5
1.689750E+7,    -1.789536E-5,    -3.781170E-6
1.690375E+7,    -2.624374E-5,    4.758127E-6
1.691000E+7,    3.674068E-5,    -4.557334E-5
1.691625E+7,    -1.372769E-6,    5.953200E-5
1.692250E+7,    6.116927E-6,    6.388873E-5
1.692875E+7,    1.320466E-4,    4.358590E-5
1.693500E+7,    2.548285E-5,    -3.202818E-5
1.694125E+7,    -3.742985E-5,    -2.194010E-5
1.694750E+7,    -4.731119E-5,    -1.082569E-4
1.695375E+7,    3.426522E-5,    -2.417862E-4
1.696000E+7,    3.721751E-5,    -5.198829E-5
1.696625E+7,    -7.645786E-5,    -5.839765E-5
1.697250E+7,    -2.700835E-5,    -2.259389E-5
1.697875E+7,    1.237169E-4,    -1.020133E-4
1.698500E+7,    6.058812E-5,    2.909303E-4
1.699125E+7,    -3.172830E-5,    8.217990E-6
1.699750E+7,    1.525879E-5,    -7.167831E-5
1.700375E+7,    1.405180E-5,    -9.245053E-5
1.701000E+7,    1.184456E-5,    -6.020628E-5
1.701625E+7,    -3.024936E-6,    -1.093522E-4
1.702250E+7,    -6.697699E-5,    -4.616007E-5
1.702875E+7,    -6.382167E-5,    9.699538E-5
1.703500E+7,    9.849668E-6,    -6.816164E-5
1.704125E+7,    2.617389E-5,    1.096651E-4
1.704750E+7,    -7.747486E-5,    6.872416E-5
1.705375E+7,    -3.246218E-5,    -1.912378E-5
1.706000E+7,    -2.843514E-5,    -7.735565E-5
1.706625E+7,    9.081513E-5,    4.008412E-5
1.707250E+7,    2.305955E-6,    4.174560E-5
1.707875E+7,    1.002848E-5,    7.995591E-5
1.708500E+7,    -1.230836E-5,    1.408905E-4
1.709125E+7,    -7.309392E-5,    4.000962E-6
1.709750E+7,    -6.379560E-5,    5.665794E-5
1.710375E+7,    1.069754E-4,    -4.246831E-6
1.711000E+7,    -3.684685E-5,    7.933006E-5
1.711625E+7,    -8.514151E-5,    -9.909272E-6
1.712250E+7,    -3.024563E-5,    9.669736E-5
1.712875E+7,    -6.218255E-5,    -7.724762E-5
1.713500E+7,    -1.053140E-4,    1.857057E-5
1.714125E+7,    4.540198E-5,    -5.404092E-5
1.714750E+7,    1.803041E-6,    4.823506E-5
1.715375E+7,    8.562952E-5,    -7.075444E-5
1.716000E+7,    -9.596348E-6,    1.360103E-4
1.716625E+7,    1.643077E-4,    -1.861751E-4
1.717250E+7,    -8.928776E-5,    4.829839E-5
1.717875E+7,    5.799532E-5,    -4.660338E-5
1.718500E+7,    7.252023E-5,    -3.128499E-5
1.719125E+7,    3.834814E-5,    9.283423E-6
1.719750E+7,    4.658476E-5,    -6.698072E-5
1.720375E+7,    7.651746E-5,    -1.573041E-4
1.721000E+7,    1.155213E-5,    2.037175E-5
1.721625E+7,    -5.312264E-6,    -7.074326E-5
1.722250E+7,    6.417930E-5,    -2.268702E-5
1.722875E+7,    5.358458E-5,    -1.642182E-4
1.723500E+7,    2.530683E-5,    -2.550241E-5
1.724125E+7,    -1.639780E-5,    1.053978E-5
1.724750E+7,    5.407631E-5,    7.948279E-5
1.725375E+7,    1.113787E-4,    -6.222725E-5
1.726000E+7,    5.466864E-5,    -6.897375E-5
1.726625E+7,    5.595386E-6,    3.039092E-5
1.727250E+7,    -1.095142E-5,    7.014256E-6
1.727875E+7,    -3.562309E-6,    -2.242625E-5
1.728500E+7,    -4.880130E-5,    2.509356E-5
1.729125E+7,    4.880689E-5,    -2.511032E-5
1.729750E+7,    1.400858E-4,    8.977950E-6
1.730375E+7,    2.018642E-6,    7.976778E-6
1.731000E+7,    -2.049953E-4,    -1.558512E-4
1.731625E+7,    -2.797693E-5,    -9.914860E-6
1.732250E+7,    2.747774E-5,    -1.597479E-4
1.732875E+7,    7.935613E-5,    2.028793E-5
1.733500E+7,    1.797546E-5,    3.943220E-6
1.734125E+7,    1.086295E-5,    -4.095025E-5
1.734750E+7,    7.536262E-5,    4.291534E-6
1.735375E+7,    1.084656E-4,    -1.589432E-4
1.736000E+7,    -7.931143E-5,    1.353398E-5
1.736625E+7,    -2.562255E-5,    -7.630140E-5
1.737250E+7,    -6.783009E-5,    3.401563E-5
1.737875E+7,    -3.311783E-5,    -1.148880E-4
1.738500E+7,    2.428889E-5,    -8.044764E-5
1.739125E+7,    1.453310E-4,    -5.571544E-5
1.739750E+7,    -2.272800E-4,    -3.650784E-7
1.740375E+7,    -5.950034E-5,    -7.627904E-5
1.741000E+7,    -1.738593E-5,    5.746260E-5
1.741625E+7,    4.452467E-5,    1.013502E-4
1.742250E+7,    -3.200024E-5,    -2.595782E-5
1.742875E+7,    1.032837E-6,    2.097711E-5
1.743500E+7,    -2.263486E-4,    -1.492202E-4
1.744125E+7,    9.094179E-5,    7.498264E-5
1.744750E+7,    4.581362E-5,    -1.559108E-4
1.745375E+7,    -5.398691E-5,    -1.139566E-4
1.746000E+7,    2.796948E-5,    -5.795062E-5
1.746625E+7,    -1.429692E-4,    -1.098216E-5
1.747250E+7,    -1.299568E-5,    -3.500655E-5
1.747875E+7,    4.599057E-5,    1.398288E-5
1.748500E+7,    7.497147E-5,    -2.305582E-5
1.749125E+7,    -8.757412E-5,    8.341670E-5
1.749750E+7,    -6.612763E-5,    7.598102E-5
1.750375E+7,    -1.350557E-5,    5.501322E-6
1.751000E+7,    2.204813E-5,    -4.798919E-5
1.751625E+7,    -1.055859E-4,    1.142919E-5
1.752250E+7,    -1.425818E-4,    -1.774728E-5
1.752875E+7,    -3.097579E-5,    -3.907457E-5
1.753500E+7,    -1.658872E-5,    7.857755E-5
1.754125E+7,    1.191348E-5,    4.805811E-5
1.754750E+7,    -2.397224E-5,    -6.214157E-5
1.755375E+7,    6.755814E-5,    6.560236E-6
1.756000E+7,    -3.754906E-5,    1.143105E-5
1.756625E+7,    -8.456409E-7,    -8.900464E-5
1.757250E+7,    -8.717924E-5,    4.289672E-5
1.757875E+7,    2.160668E-5,    -4.146993E-5
1.758500E+7,    7.249415E-5,    4.377589E-5
1.759125E+7,    1.057982E-5,    -3.451481E-5
1.759750E+7,    1.658872E-5,    -4.452653E-5
1.760375E+7,    3.696606E-5,    2.910197E-5
1.761000E+7,    1.472384E-4,    1.230687E-4
1.761625E+7,    1.758412E-4,    -2.950430E-6
1.762250E+7,    2.112798E-5,    -3.497675E-5
1.762875E+7,    -4.111789E-5,    2.291240E-5
1.763500E+7,    -3.615022E-5,    -1.038089E-4
1.764125E+7,    -9.601004E-6,    2.150424E-5
1.764750E+7,    3.751367E-6,    8.419529E-5
1.765375E+7,    -5.653128E-5,    1.160055E-4
1.766000E+7,    1.557395E-4,    1.901388E-5
1.766625E+7,    2.628192E-5,    -6.608292E-5
1.767250E+7,    -1.551732E-4,    -5.979836E-5
1.767875E+7,    -6.680936E-5,    -1.156554E-4
1.768500E+7,    7.968396E-6,    -9.770691E-5
1.769125E+7,    -2.348796E-6,    -3.561750E-5
1.769750E+7,    -5.785376E-6,    7.167459E-5
1.770375E+7,    -2.303813E-5,    -7.134862E-6
1.771000E+7,    8.904934E-5,    -6.216392E-5
1.771625E+7,    -2.656505E-5,    -9.133294E-5
1.772250E+7,    3.448501E-5,    -6.802753E-5
1.772875E+7,    1.553446E-5,    2.576970E-6
1.773500E+7,    -3.343448E-5,    -4.079938E-5
1.774125E+7,    -8.786470E-5,    1.513958E-5
1.774750E+7,    1.691282E-6,    -1.493469E-4
1.775375E+7,    -3.197603E-5,    -2.626702E-5
1.776000E+7,    -6.073155E-5,    4.118308E-6
1.776625E+7,    -1.368970E-4,    -2.833456E-5
1.777250E+7,    -1.680553E-4,    1.578629E-4
1.777875E+7,    2.464838E-5,    -1.242757E-5
1.778500E+7,    -1.008585E-4,    7.569417E-5
1.779125E+7,    -1.281127E-5,    -3.518723E-5
1.779750E+7,    -1.736879E-4,    6.577373E-5
1.780375E+7,    3.663450E-5,    1.719221E-6
1.781000E+7,    5.304813E-5,    2.541766E-5
1.781625E+7,    1.564249E-4,    -4.866719E-5
1.782250E+7,    1.556650E-4,    5.380064E-5
1.782875E+7,    4.525855E-5,    5.494803E-5
1.783500E+7,    5.757436E-6,    -3.763102E-5
1.784125E+7,    -2.502650E-5,    -1.523085E-5
1.784750E+7,    2.938509E-5,    -3.698841E-5
1.785375E+7,    -2.504885E-5,    2.042651E-4
1.786000E+7,    -7.282197E-5,    -1.955777E-4
1.786625E+7,    1.739115E-4,    5.823374E-5
1.787250E+7,    -1.469813E-5,    1.846813E-5
1.787875E+7,    -8.611009E-5,    -3.881380E-5
1.788500E+7,    7.743947E-6,    -2.959371E-5
1.789125E+7,    -3.805757E-5,    -1.636706E-5
1.789750E+7,    1.081452E-5,    -3.463216E-5
1.790375E+7,    5.563721E-5,    -9.662285E-5
1.791000E+7,    -2.307817E-5,    -6.908178E-5
1.791625E+7,    5.416572E-5,    7.436424E-5
1.792250E+7,    2.526864E-5,    -1.889188E-5
1.792875E+7,    -1.635030E-5,    -8.555502E-5
1.793500E+7,    -1.278054E-5,    2.653245E-5
1.794125E+7,    7.245690E-6,    3.879704E-5
1.794750E+7,    1.807325E-5,    4.185364E-6
1.795375E+7,    -1.222715E-4,    -4.746020E-5
1.796000E+7,    -2.856925E-5,    -6.567314E-5
1.796625E+7,    -4.690140E-6,    -3.725104E-5
1.797250E+7,    -1.573563E-5,    -9.227917E-5
1.797875E+7,    1.133978E-4,    2.820790E-5
1.798500E+7,    -5.646143E-7,    6.534625E-6
1.799125E+7,    -1.224875E-5,    2.002157E-5
1.799750E+7,    -3.819168E-5,    4.544109E-5
1.800375E+7,    8.990616E-5,    -1.239479E-4
1.801000E+7,    9.234250E-5,    2.916157E-5
1.801625E+7,    1.992881E-4,    -1.736060E-4
1.802250E+7,    1.092814E-5,    -3.461540E-5
1.802875E+7,    -6.176159E-5,    -1.727790E-5
1.803500E+7,    9.935349E-5,    -2.155825E-5
1.804125E+7,    1.685694E-5,    -7.233396E-5
1.804750E+7,    9.421259E-6,    -7.691979E-5
1.805375E+7,    8.891523E-5,    6.833673E-5
1.806000E+7,    -2.438203E-5,    6.772950E-5
1.806625E+7,    5.576294E-6,    -3.464054E-6
1.807250E+7,    5.616248E-5,    -6.880239E-5
1.807875E+7,    5.132705E-5,    4.539266E-5
1.808500E+7,    -7.422268E-5,    1.541376E-4
1.809125E+7,    -3.331527E-5,    -4.122779E-5
1.809750E+7,    4.473329E-5,    1.791492E-4
1.810375E+7,    3.328919E-5,    1.584888E-4
1.811000E+7,    -4.614890E-5,    7.503480E-5
1.811625E+7,    7.617846E-5,    3.316626E-5
1.812250E+7,    9.758025E-5,    -2.951175E-5
1.812875E+7,    -1.811385E-4,    -8.240342E-6
1.813500E+7,    4.802272E-5,    -9.462982E-5
1.814125E+7,    2.000481E-5,    -1.948178E-4
1.814750E+7,    8.248538E-5,    -6.655604E-5
1.815375E+7,    -1.227856E-4,    -1.366436E-5
1.816000E+7,    -1.593679E-5,    -5.817413E-5
1.816625E+7,    3.007799E-5,    1.360029E-4
1.817250E+7,    -5.679205E-5,    -1.436472E-5
1.817875E+7,    -3.011152E-5,    -4.621595E-5
1.818500E+7,    -7.914752E-5,    8.911267E-5
1.819125E+7,    1.517907E-4,    -7.193536E-5
1.819750E+7,    -7.988140E-5,    -2.174824E-5
1.820375E+7,    -4.865974E-5,    -1.631305E-5
1.821000E+7,    6.762147E-5,    -7.580221E-5
1.821625E+7,    8.275732E-5,    -1.095980E-5
1.822250E+7,    -2.142042E-6,    -6.356463E-5
1.822875E+7,    2.311636E-5,    7.389113E-6
1.823500E+7,    -3.289804E-5,    4.190207E-5
1.824125E+7,    4.739687E-5,    1.663342E-6
1.824750E+7,    -7.167086E-5,    4.000962E-6
1.825375E+7,    5.999580E-5,    3.718212E-5
1.826000E+7,    1.018569E-4,    7.023662E-5
1.826625E+7,    -1.318939E-5,    -2.894737E-5
1.827250E+7,    2.415851E-6,    -2.619065E-5
1.827875E+7,    2.298504E-6,    -5.394965E-5
1.828500E+7,    -4.049391E-6,    1.013689E-4
1.829125E+7,    3.183261E-5,    -1.059845E-6
1.829750E+7,    -5.171634E-5,    1.638941E-5
1.830375E+7,    -1.430884E-5,    1.190417E-5
1.831000E+7,    -3.695861E-5,    -5.760789E-5
1.831625E+7,    -9.266660E-6,    4.276074E-5
1.832250E+7,    -5.667284E-5,    6.875768E-5
1.832875E+7,    -1.229718E-5,    7.553026E-5
1.833500E+7,    1.861528E-5,    -5.781278E-5
1.834125E+7,    2.719462E-5,    -9.400025E-5
1.834750E+7,    -4.239008E-5,    2.909638E-5
1.835375E+7,    -6.791577E-5,    7.573143E-5
1.836000E+7,    2.367049E-5,    -2.687331E-5
1.836625E+7,    2.503395E-5,    4.335120E-5
1.837250E+7,    3.379211E-5,    6.268173E-5
1.837875E+7,    -2.118666E-5,    2.845190E-5
1.838500E+7,    2.062973E-5,    5.898997E-6
1.839125E+7,    3.048778E-5,    -9.900704E-5
1.839750E+7,    -1.574755E-4,    -4.253536E-5
1.840375E+7,    1.572073E-5,    8.612126E-5
1.841000E+7,    8.742325E-6,    -8.450355E-6
1.841625E+7,    -4.989281E-5,    1.077652E-4
1.842250E+7,    -7.536262E-6,    -6.034225E-5
1.842875E+7,    -5.321950E-5,    -1.097098E-4
1.843500E+7,    -7.992610E-5,    6.124750E-5
1.844125E+7,    -1.124805E-5,    6.870832E-6
1.844750E+7,    -7.123128E-5,    -2.775341E-6
1.845375E+7,    1.031458E-4,    -2.598763E-5
1.846000E+7,    -9.121746E-5,    -7.090718E-5
1.846625E+7,    -6.501377E-5,    -4.054606E-5
1.847250E+7,    -4.998595E-5,    2.437271E-5
1.847875E+7,    6.869435E-6,    1.125596E-5
1.848500E+7,    2.123881E-5,    -6.211922E-7
1.849125E+7,    2.439879E-5,    -3.343634E-5
1.849750E+7,    -1.125922E-5,    6.856397E-6
1.850375E+7,    -6.375089E-5,    -2.602115E-5
1.851000E+7,    -6.628782E-5,    8.372590E-5
1.851625E+7,    -2.311822E-5,    2.029538E-5
1.852250E+7,    -2.200156E-5,    6.279349E-5
1.852875E+7,    1.559481E-4,    -2.434254E-4
1.853500E+7,    -5.140528E-5,    6.536394E-5
1.854125E+7,    -1.633242E-4,    9.953976E-5
1.854750E+7,    -4.128180E-5,    -1.194514E-5
1.855375E+7,    2.197549E-5,    -3.501214E-5
1.856000E+7,    9.531155E-5,    -1.074933E-4