SAVED BY: 
TITLE: 
COMMENTS: 
DATE: 10/27/2020
TIME: 3:02 PM

STIMULUS, REAL, IMAGINARY

8.560000E+6,    -2.423674E-5,    -1.314729E-4
8.566250E+6,    -9.864569E-6,    -1.513585E-4
8.572500E+6,    -1.331419E-5,    -1.231730E-4
8.578750E+6,    1.148134E-5,    -1.220256E-4
8.585000E+6,    2.622604E-6,    -1.459345E-4
8.591250E+6,    -1.148134E-5,    -1.386777E-4
8.597500E+6,    -3.091991E-6,    -1.499727E-4
8.603750E+6,    -6.295741E-6,    -1.344681E-4
8.610000E+6,    -1.536310E-5,    -1.581237E-4
8.616250E+6,    -1.624227E-5,    -1.454875E-4
8.622500E+6,    4.172325E-7,    -1.330003E-4
8.628750E+6,    -5.550683E-6,    -1.371428E-4
8.635000E+6,    -1.953542E-5,    -1.422390E-4
8.641250E+6,    3.792346E-6,    -1.513734E-4
8.647500E+6,    3.166497E-6,    -1.262277E-4
8.653750E+6,    -8.560717E-6,    -1.342222E-4
8.660000E+6,    -1.108646E-5,    -1.313463E-4
8.666250E+6,    4.671514E-6,    -1.545772E-4
8.672500E+6,    -1.148880E-5,    -1.312867E-4
8.678750E+6,    -1.391023E-5,    -1.410693E-4
8.685000E+6,    9.171665E-6,    -1.377836E-4
8.691250E+6,    -1.210719E-5,    -1.313239E-4
8.697500E+6,    -1.454353E-5,    -1.409128E-4
8.703750E+6,    2.428889E-6,    -1.292452E-4
8.710000E+6,    -7.458031E-6,    -1.273602E-4
8.716250E+6,    8.195639E-8,    -1.390055E-4
8.722500E+6,    -1.266599E-7,    -1.390800E-4
8.728750E+6,    -8.285046E-6,    -1.525730E-4
8.735000E+6,    -1.873821E-5,    -1.631752E-4
8.741250E+6,    -7.010996E-6,    -1.303926E-4
8.747500E+6,    -9.380281E-6,    -1.398996E-4
8.753750E+6,    -1.680106E-6,    -1.136437E-4
8.760000E+6,    -8.001924E-6,    -1.426786E-4
8.766250E+6,    3.241003E-6,    -1.351610E-4
8.772500E+6,    6.854534E-6,    -1.411960E-4
8.778750E+6,    -1.906604E-5,    -1.531914E-4
8.785000E+6,    -4.416704E-5,    -1.399368E-4
8.791250E+6,    6.131828E-6,    -1.287013E-4
8.797500E+6,    -4.082918E-6,    -1.389682E-4
8.803750E+6,    5.617738E-6,    -1.286343E-4
8.810000E+6,    -1.837313E-5,    -1.433417E-4
8.816250E+6,    -2.067536E-5,    -1.403317E-4
8.822500E+6,    -1.258403E-5,    -1.270249E-4
8.828750E+6,    4.164875E-6,    -1.413450E-4
8.835000E+6,    1.095235E-5,    -1.532882E-4
8.841250E+6,    -1.243502E-5,    -1.424551E-4
8.847500E+6,    -1.188368E-5,    -1.299679E-4
8.853750E+6,    -2.187490E-5,    -1.275763E-4
8.860000E+6,    -2.361834E-5,    -1.525879E-4
8.866250E+6,    -6.660819E-6,    -1.261234E-4
8.872500E+6,    -1.270324E-5,    -1.171380E-4
8.878750E+6,    -2.709776E-5,    -1.620203E-4
8.885000E+6,    -1.817197E-5,    -1.362413E-4
8.891250E+6,    -3.407896E-5,    -1.371279E-4
8.897500E+6,    -3.276765E-5,    -1.399964E-4
8.903750E+6,    -4.276633E-6,    -1.479089E-4
8.910000E+6,    -1.401454E-5,    -1.453981E-4
8.916250E+6,    -9.573996E-6,    -1.387969E-4
8.922500E+6,    -1.107901E-5,    -1.230538E-4
8.928750E+6,    -1.545995E-5,    -1.451597E-4
8.935000E+6,    -1.182407E-5,    -1.513511E-4
8.941250E+6,    -6.854534E-6,    -1.323298E-4
8.947500E+6,    -7.562339E-6,    -1.605377E-4
8.953750E+6,    -2.367795E-5,    -1.609921E-4
8.960000E+6,    -3.656000E-5,    -1.675710E-4
8.966250E+6,    -1.040846E-5,    -1.573414E-4
8.972500E+6,    -1.719594E-5,    -1.449436E-4
8.978750E+6,    1.676381E-6,    -1.662821E-4
8.985000E+6,    -1.937151E-5,    -1.418665E-4
8.991250E+6,    -1.347810E-5,    -1.541823E-4
8.997500E+6,    5.058944E-6,    -1.598150E-4
9.003750E+6,    -2.861023E-6,    -1.601502E-4
9.010000E+6,    5.505979E-6,    -1.316071E-4
9.016250E+6,    -2.706796E-5,    -1.448318E-4
9.022500E+6,    -2.719462E-6,    -1.632348E-4
9.028750E+6,    -1.756102E-5,    -1.509488E-4
9.035000E+6,    2.622604E-6,    -1.600161E-4
9.041250E+6,    -1.788139E-5,    -1.508147E-4
9.047500E+6,    -3.493577E-5,    -1.634136E-4
9.053750E+6,    -2.185255E-5,    -1.600310E-4
9.060000E+6,    -9.432435E-6,    -1.379400E-4
9.066250E+6,    -2.555549E-5,    -1.380146E-4
9.072500E+6,    -2.145767E-5,    -1.630485E-4
9.078750E+6,    -2.278388E-5,    -1.442507E-4
9.085000E+6,    -2.326816E-5,    -1.443252E-4
9.091250E+6,    -1.730770E-5,    -1.568571E-4
9.097500E+6,    -2.744049E-5,    -1.532659E-4
9.103750E+6,    -2.402812E-5,    -1.598448E-4
9.110000E+6,    -5.662441E-6,    -1.348555E-4
9.116250E+6,    -3.629923E-5,    -1.531094E-4
9.122500E+6,    -1.451373E-5,    -1.502633E-4
9.128750E+6,    -4.614145E-5,    -1.495555E-4
9.135000E+6,    -3.703684E-5,    -1.530126E-4
9.141250E+6,    1.119822E-5,    -1.574382E-4
9.147500E+6,    -1.884252E-5,    -1.439080E-4
9.153750E+6,    -1.152605E-5,    -1.597628E-4
9.160000E+6,    -2.136081E-5,    -1.563579E-4
9.166250E+6,    -2.472103E-5,    -1.496598E-4
9.172500E+6,    1.616776E-6,    -1.572743E-4
9.178750E+6,    -9.164214E-7,    -1.350269E-4
9.185000E+6,    -3.191084E-5,    -1.526475E-4
9.191250E+6,    -2.095103E-5,    -1.436844E-4
9.197500E+6,    -3.248453E-5,    -1.524985E-4
9.203750E+6,    -8.054078E-6,    -1.568422E-4
9.210000E+6,    -1.775473E-5,    -1.533106E-4
9.216250E+6,    -3.888458E-5,    -1.582131E-4
9.222500E+6,    -2.620369E-5,    -1.525730E-4
9.228750E+6,    -1.867861E-5,    -1.531094E-4
9.235000E+6,    -2.502650E-5,    -1.747534E-4
9.241250E+6,    -3.123283E-5,    -1.428723E-4
9.247500E+6,    -1.849979E-5,    -1.562312E-4
9.253750E+6,    -2.760440E-5,    -1.713485E-4
9.260000E+6,    -1.788139E-7,    -1.638606E-4
9.266250E+6,    -1.541525E-5,    -1.659319E-4
9.272500E+6,    -3.547966E-5,    -1.550242E-4
9.278750E+6,    -2.252311E-5,    -1.686141E-4
9.285000E+6,    -4.775822E-6,    -1.573190E-4
9.291250E+6,    -1.317263E-5,    -1.568049E-4
9.297500E+6,    -3.015995E-5,    -1.521632E-4
9.303750E+6,    -2.445281E-5,    -1.684129E-4
9.310000E+6,    -1.520663E-5,    -1.725033E-4
9.316250E+6,    -4.768372E-6,    -1.417920E-4
9.322500E+6,    -4.310161E-5,    -1.604334E-4
9.328750E+6,    -3.990531E-5,    -1.889318E-4
9.335000E+6,    -1.253933E-5,    -1.632720E-4
9.341250E+6,    -1.139939E-5,    -1.473948E-4
9.347500E+6,    -2.256036E-5,    -1.590848E-4
9.353750E+6,    -3.194809E-5,    -1.549050E-4
9.360000E+6,    -3.604591E-5,    -1.641810E-4
9.366250E+6,    -4.111230E-5,    -1.728386E-4
9.372500E+6,    -2.976507E-5,    -1.647919E-4
9.378750E+6,    -1.761317E-5,    -1.563728E-4
9.385000E+6,    -2.475083E-5,    -1.587868E-4
9.391250E+6,    -1.447648E-5,    -1.662448E-4
9.397500E+6,    -3.828853E-5,    -1.635253E-4
9.403750E+6,    -2.884865E-5,    -1.710802E-4
9.410000E+6,    -1.920760E-5,    -1.783967E-4
9.416250E+6,    -3.394485E-5,    -1.797453E-4
9.422500E+6,    -4.428625E-5,    -1.722276E-4
9.428750E+6,    -3.156066E-5,    -1.673251E-4
9.435000E+6,    -2.513826E-5,    -1.651496E-4
9.441250E+6,    -9.760261E-6,    -1.670867E-4
9.447500E+6,    -3.755093E-5,    -1.728386E-4
9.453750E+6,    -2.269447E-5,    -1.750141E-4
9.460000E+6,    -2.080202E-5,    -1.815706E-4
9.466250E+6,    -1.902878E-5,    -1.659542E-4
9.472500E+6,    -2.841651E-5,    -1.835972E-4
9.478750E+6,    -3.091991E-5,    -1.769066E-4
9.485000E+6,    -4.231930E-5,    -1.658350E-4
9.491250E+6,    -2.686679E-5,    -1.456887E-4
9.497500E+6,    -3.299117E-5,    -1.734495E-4
9.503750E+6,    -3.927946E-5,    -1.787692E-4
9.510000E+6,    -3.127754E-5,    -1.577884E-4
9.516250E+6,    -1.655519E-5,    -1.826137E-4
9.522500E+6,    -1.324713E-5,    -1.702607E-4
9.528750E+6,    -2.969801E-5,    -1.900494E-4
9.535000E+6,    -2.400577E-5,    -1.622438E-4
9.541250E+6,    -5.036592E-5,    -1.739860E-4
9.547500E+6,    -5.155802E-5,    -1.702458E-4
9.553750E+6,    -3.026426E-5,    -1.932532E-4
9.560000E+6,    -2.317131E-5,    -1.688153E-4
9.566250E+6,    -2.567470E-5,    -1.621246E-4
9.572500E+6,    -3.887713E-5,    -1.951307E-4
9.578750E+6,    -2.449751E-5,    -1.686811E-4
9.585000E+6,    -3.987551E-5,    -1.914650E-4
9.591250E+6,    -4.090369E-5,    -1.912713E-4
9.597500E+6,    -2.461672E-5,    -1.717955E-4
9.603750E+6,    -4.833937E-5,    -1.929998E-4
9.610000E+6,    -2.436340E-5,    -1.752526E-4
9.616250E+6,    -2.607703E-5,    -1.717359E-4
9.622500E+6,    -3.987551E-5,    -1.752824E-4
9.628750E+6,    -4.151464E-5,    -1.978278E-4
9.635000E+6,    -2.315640E-5,    -1.852810E-4
9.641250E+6,    -1.963973E-5,    -1.988560E-4
9.647500E+6,    -4.473329E-5,    -1.872331E-4
9.653750E+6,    -4.467368E-5,    -1.904070E-4
9.660000E+6,    -5.067885E-5,    -1.697987E-4
9.666250E+6,    -5.215406E-5,    -1.920462E-4
9.672500E+6,    -2.485514E-5,    -1.593083E-4
9.678750E+6,    -4.975498E-5,    -1.764148E-4
9.685000E+6,    -4.659593E-5,    -1.901090E-4
9.691250E+6,    -3.850460E-5,    -1.661330E-4
9.697500E+6,    -4.579127E-5,    -1.676679E-4
9.703750E+6,    -3.495812E-5,    -1.831204E-4
9.710000E+6,    -4.287064E-5,    -1.811981E-4
9.716250E+6,    -2.561510E-5,    -1.949370E-4
9.722500E+6,    -4.483759E-5,    -1.777112E-4
9.728750E+6,    -3.229082E-5,    -1.707524E-4
9.735000E+6,    -2.427399E-5,    -1.760125E-4
9.741250E+6,    -3.084540E-5,    -1.776069E-4
9.747500E+6,    -4.599988E-5,    -1.775920E-4
9.753750E+6,    -3.519654E-5,    -1.961440E-4
9.760000E+6,    -4.275143E-5,    -1.652092E-4
9.766250E+6,    -5.002320E-5,    -1.665652E-4
9.772500E+6,    -4.823506E-5,    -1.734942E-4
9.778750E+6,    -3.884733E-5,    -1.858175E-4
9.785000E+6,    -4.015863E-5,    -1.820028E-4
9.791250E+6,    -5.140901E-5,    -1.987219E-4
9.797500E+6,    -6.484985E-5,    -1.725703E-4
9.803750E+6,    -1.813471E-5,    -1.880378E-4
9.810000E+6,    -3.752112E-5,    -2.026558E-4
9.816250E+6,    -4.744530E-5,    -1.902282E-4
9.822500E+6,    -2.548099E-5,    -1.928061E-4
9.828750E+6,    -4.395843E-5,    -2.109408E-4
9.835000E+6,    -6.866455E-5,    -1.975000E-4
9.841250E+6,    -3.448129E-5,    -1.904368E-4
9.847500E+6,    -3.084540E-5,    -1.753569E-4
9.853750E+6,    -6.161630E-5,    -1.666993E-4
9.860000E+6,    -5.453825E-5,    -2.048016E-4
9.866250E+6,    -6.255507E-5,    -2.025068E-4
9.872500E+6,    -5.291402E-5,    -1.790375E-4
9.878750E+6,    -3.452599E-5,    -2.007037E-4
9.885000E+6,    -4.430115E-5,    -1.916140E-4
9.891250E+6,    -5.021691E-5,    -1.995862E-4
9.897500E+6,    -5.432963E-5,    -1.818389E-4
9.903750E+6,    -4.523993E-5,    -1.947582E-4
9.910000E+6,    -4.597008E-5,    -1.910627E-4
9.916250E+6,    -3.474951E-5,    -2.178252E-4
9.922500E+6,    -4.157424E-5,    -1.793653E-4
9.928750E+6,    -3.211200E-5,    -1.956522E-4
9.935000E+6,    -3.954768E-5,    -1.968294E-4
9.941250E+6,    -5.167723E-5,    -2.128184E-4
9.947500E+6,    -4.850328E-5,    -1.874566E-4
9.953750E+6,    -6.708503E-5,    -2.081394E-4
9.960000E+6,    -2.864003E-5,    -1.838058E-4
9.966250E+6,    -5.638599E-5,    -1.948476E-4
9.972500E+6,    -3.485382E-5,    -1.988858E-4
9.978750E+6,    -4.711747E-5,    -2.145171E-4
9.985000E+6,    -5.194545E-5,    -1.829863E-4
9.991250E+6,    -4.908442E-5,    -2.040863E-4
9.997500E+6,    -5.060434E-5,    -1.966655E-4
1.000375E+7,    -4.187226E-5,    -2.100170E-4
1.001000E+7,    -5.665421E-5,    -2.083480E-4
1.001625E+7,    -5.853176E-5,    -1.976490E-4
1.002250E+7,    -5.906820E-5,    -1.973212E-4
1.002875E+7,    -5.081296E-5,    -2.070069E-4
1.003500E+7,    -4.526973E-5,    -1.988709E-4
1.004125E+7,    -2.537668E-5,    -1.926422E-4
1.004750E+7,    -6.031990E-5,    -2.006590E-4
1.005375E+7,    -4.559755E-5,    -2.090335E-4
1.006000E+7,    -6.076694E-5,    -2.038479E-4
1.006625E+7,    -8.079410E-5,    -2.168715E-4
1.007250E+7,    -5.707145E-5,    -1.848042E-4
1.007875E+7,    -6.234646E-5,    -1.999438E-4
1.008500E+7,    -4.242361E-5,    -1.904964E-4
1.009125E+7,    -3.138185E-5,    -2.247095E-4
1.009750E+7,    -7.772446E-5,    -2.008975E-4
1.010375E+7,    -6.452203E-5,    -1.956522E-4
1.011000E+7,    -4.962087E-5,    -2.047718E-4
1.011625E+7,    -5.207956E-5,    -1.837462E-4
1.012250E+7,    -4.872680E-5,    -2.190173E-4
1.012875E+7,    -6.452203E-5,    -2.092719E-4
1.013500E+7,    -5.894899E-5,    -2.012849E-4
1.014125E+7,    -3.606081E-5,    -2.241731E-4
1.014750E+7,    -6.619096E-5,    -2.087355E-4
1.015375E+7,    -6.565452E-5,    -2.194047E-4
1.016000E+7,    -3.190339E-5,    -2.021641E-4
1.016625E+7,    -7.903576E-5,    -2.345443E-4
1.017250E+7,    -7.465482E-5,    -2.090633E-4
1.017875E+7,    -3.269315E-5,    -2.126992E-4
1.018500E+7,    -6.046891E-5,    -2.216101E-4
1.019125E+7,    -5.373359E-5,    -2.209842E-4
1.019750E+7,    -3.466010E-5,    -1.980513E-4
1.020375E+7,    -5.561113E-5,    -2.103746E-4
1.021000E+7,    -5.429983E-5,    -2.278388E-4
1.021625E+7,    -4.217029E-5,    -2.056658E-4
1.022250E+7,    -5.605817E-5,    -2.273023E-4
1.022875E+7,    -6.332994E-5,    -2.279580E-4
1.023500E+7,    -7.176399E-5,    -2.173781E-4
1.024125E+7,    -8.541346E-5,    -2.394319E-4
1.024750E+7,    -7.891655E-5,    -2.246797E-4
1.025375E+7,    -4.404783E-5,    -2.226532E-4
1.026000E+7,    -4.488230E-5,    -2.192259E-4
1.026625E+7,    -7.966161E-5,    -2.422035E-4
1.027250E+7,    -3.904104E-5,    -2.149642E-4
1.027875E+7,    -7.522106E-5,    -2.097487E-4
1.028500E+7,    -5.358458E-5,    -2.264380E-4
1.029125E+7,    -6.097555E-5,    -2.331734E-4
1.029750E+7,    -5.415082E-5,    -2.295077E-4
1.030375E+7,    -6.973743E-5,    -2.124012E-4
1.031000E+7,    -6.309152E-5,    -2.223551E-4
1.031625E+7,    -7.739663E-5,    -2.157986E-4
1.032250E+7,    -4.246831E-5,    -2.251267E-4
1.032875E+7,    -5.623698E-5,    -2.466142E-4
1.033500E+7,    -7.206202E-5,    -2.079606E-4
1.034125E+7,    -6.532669E-5,    -2.216101E-4
1.034750E+7,    -5.152822E-5,    -2.318323E-4
1.035375E+7,    -6.544590E-5,    -2.323985E-4
1.036000E+7,    -5.954504E-5,    -2.247393E-4
1.036625E+7,    -7.411838E-5,    -2.249777E-4
1.037250E+7,    -6.705523E-5,    -2.282858E-4
1.037875E+7,    -7.459521E-5,    -2.390742E-4
1.038500E+7,    -7.531047E-5,    -2.031624E-4
1.039125E+7,    -6.854534E-5,    -2.208650E-4
1.039750E+7,    -6.231666E-5,    -2.313256E-4
1.040375E+7,    -5.570054E-5,    -2.346337E-4
1.041000E+7,    -8.493662E-5,    -2.415180E-4
1.041625E+7,    -7.033348E-5,    -2.309084E-4
1.042250E+7,    -7.113814E-5,    -2.199709E-4
1.042875E+7,    -8.565187E-5,    -2.411902E-4
1.043500E+7,    -1.008511E-4,    -2.411008E-4
1.044125E+7,    -6.571412E-5,    -2.339482E-4
1.044750E+7,    -5.924702E-5,    -2.267361E-4
1.045375E+7,    -8.097291E-5,    -2.407730E-4
1.046000E+7,    -8.809566E-5,    -2.298057E-4
1.046625E+7,    -6.097555E-5,    -2.407432E-4
1.047250E+7,    -6.079674E-5,    -2.228022E-4
1.047875E+7,    -8.270144E-5,    -2.400875E-4
1.048500E+7,    -6.911159E-5,    -2.438426E-4
1.049125E+7,    -6.297231E-5,    -2.507567E-4
1.049750E+7,    -9.146333E-5,    -2.395213E-4
1.050375E+7,    -7.775426E-5,    -2.504587E-4
1.051000E+7,    -6.428361E-5,    -2.433360E-4
1.051625E+7,    -7.152557E-5,    -2.395809E-4
1.052250E+7,    -5.087256E-5,    -2.328455E-4
1.052875E+7,    -8.007884E-5,    -2.353191E-4
1.053500E+7,    -5.868077E-5,    -2.360642E-4
1.054125E+7,    -5.948544E-5,    -2.464950E-4
1.054750E+7,    -8.821487E-5,    -2.453327E-4
1.055375E+7,    -6.023049E-5,    -2.285838E-4
1.056000E+7,    -5.453825E-5,    -2.433062E-4
1.056625E+7,    -9.009242E-5,    -2.409220E-4
1.057250E+7,    -9.772182E-5,    -2.370179E-4
1.057875E+7,    -7.659197E-5,    -2.272129E-4
1.058500E+7,    -9.882450E-5,    -2.474785E-4
1.059125E+7,    -8.681417E-5,    -2.691746E-4
1.059750E+7,    -1.000762E-4,    -2.431571E-4
1.060375E+7,    -6.473064E-5,    -2.417862E-4
1.061000E+7,    -6.502867E-5,    -2.417862E-4
1.061625E+7,    -7.349253E-5,    -2.447367E-4
1.062250E+7,    -8.198619E-5,    -2.616346E-4
1.062875E+7,    -8.174777E-5,    -2.509058E-4
1.063500E+7,    -6.768107E-5,    -2.483130E-4
1.064125E+7,    -9.793043E-5,    -2.640188E-4
1.064750E+7,    -1.040399E-4,    -2.417564E-4
1.065375E+7,    -9.113550E-5,    -2.495646E-4
1.066000E+7,    -6.318092E-5,    -2.521574E-4
1.066625E+7,    -8.583069E-5,    -2.605617E-4
1.067250E+7,    -6.529689E-5,    -2.622902E-4
1.067875E+7,    -7.858872E-5,    -2.505779E-4
1.068500E+7,    -1.022518E-4,    -2.694428E-4
1.069125E+7,    -9.566545E-5,    -2.593696E-4
1.069750E+7,    -8.034706E-5,    -2.502501E-4
1.070375E+7,    -1.101196E-4,    -2.538264E-4
1.071000E+7,    -9.080768E-5,    -2.700388E-4
1.071625E+7,    -1.040697E-4,    -2.615154E-4
1.072250E+7,    -9.676814E-5,    -2.474487E-4
1.072875E+7,    -7.113814E-5,    -2.718270E-4
1.073500E+7,    -7.736683E-5,    -2.602339E-4
1.074125E+7,    -7.748604E-5,    -2.565086E-4
1.074750E+7,    -8.434057E-5,    -2.483726E-4
1.075375E+7,    -9.220839E-5,    -2.477467E-4
1.076000E+7,    -8.758903E-5,    -2.659261E-4
1.076625E+7,    -1.152456E-4,    -2.515614E-4
1.077250E+7,    -1.023114E-4,    -2.562404E-4
1.077875E+7,    -1.182258E-4,    -2.653897E-4
1.078500E+7,    -8.323789E-5,    -2.692640E-4
1.079125E+7,    -8.985400E-5,    -2.579391E-4
1.079750E+7,    -9.262562E-5,    -2.751946E-4
1.080375E+7,    -1.136661E-4,    -2.688169E-4
1.081000E+7,    -9.232759E-5,    -2.679825E-4
1.081625E+7,    -1.052320E-4,    -2.515614E-4
1.082250E+7,    -1.090467E-4,    -2.725422E-4
1.082875E+7,    -9.581447E-5,    -2.780855E-4
1.083500E+7,    -9.584427E-5,    -2.704263E-4
1.084125E+7,    -1.470745E-4,    -2.705455E-4
1.084750E+7,    -9.116530E-5,    -2.816319E-4
1.085375E+7,    -1.037419E-4,    -2.690554E-4
1.086000E+7,    -9.256601E-5,    -2.849102E-4
1.086625E+7,    -1.071393E-4,    -2.790093E-4
1.087250E+7,    -7.328391E-5,    -2.915561E-4
1.087875E+7,    -1.070797E-4,    -2.717376E-4
1.088500E+7,    -7.072091E-5,    -2.628565E-4
1.089125E+7,    -9.891391E-5,    -3.016889E-4
1.089750E+7,    -1.030564E-4,    -2.795756E-4
1.090375E+7,    -8.979440E-5,    -2.851486E-4
1.091000E+7,    -1.129508E-4,    -2.848506E-4
1.091625E+7,    -1.118779E-4,    -2.774894E-4
1.092250E+7,    -1.058578E-4,    -2.783537E-4
1.092875E+7,    -1.060069E-4,    -2.781451E-4
1.093500E+7,    -1.166463E-4,    -2.946854E-4
1.094125E+7,    -1.100600E-4,    -2.955496E-4
1.094750E+7,    -1.153946E-4,    -2.799332E-4
1.095375E+7,    -1.186728E-4,    -2.934337E-4
1.096000E+7,    -1.048148E-4,    -2.925992E-4
1.096625E+7,    -8.964539E-5,    -2.842546E-4
1.097250E+7,    -9.727478E-5,    -2.864003E-4
1.097875E+7,    -1.145303E-4,    -2.937913E-4
1.098500E+7,    -9.629130E-5,    -3.085136E-4
1.099125E+7,    -1.074970E-4,    -2.881885E-4
1.099750E+7,    -1.119971E-4,    -3.050268E-4
1.100375E+7,    -9.831786E-5,    -3.077984E-4
1.101000E+7,    -1.220405E-4,    -2.809763E-4
1.101625E+7,    -1.261234E-4,    -2.943873E-4
1.102250E+7,    -1.246333E-4,    -2.876520E-4
1.102875E+7,    -1.277924E-4,    -2.975762E-4
1.103500E+7,    -1.260936E-4,    -2.828836E-4
1.104125E+7,    -1.132488E-4,    -2.894998E-4
1.104750E+7,    -1.047552E-4,    -3.167391E-4
1.105375E+7,    -1.270473E-4,    -3.116727E-4
1.106000E+7,    -9.703636E-5,    -3.071129E-4
1.106625E+7,    -1.282394E-4,    -3.111959E-4
1.107250E+7,    -1.208782E-4,    -3.094971E-4
1.107875E+7,    -1.071990E-4,    -3.123581E-4
1.108500E+7,    -1.307130E-4,    -2.816617E-4
1.109125E+7,    -1.201034E-4,    -2.985001E-4
1.109750E+7,    -1.246631E-4,    -3.117323E-4
1.110375E+7,    -1.304746E-4,    -3.326535E-4
1.111000E+7,    -1.380742E-4,    -3.016591E-4
1.111625E+7,    -1.184642E-4,    -3.058314E-4
1.112250E+7,    -1.161098E-4,    -3.249347E-4
1.112875E+7,    -1.203418E-4,    -3.094375E-4
1.113500E+7,    -1.159906E-4,    -3.179610E-4
1.114125E+7,    -1.338422E-4,    -3.284216E-4
1.114750E+7,    -1.322031E-4,    -3.176928E-4
1.115375E+7,    -1.403093E-4,    -3.156364E-4
1.116000E+7,    -1.413822E-4,    -3.167689E-4
1.116625E+7,    -1.428425E-4,    -3.208518E-4
1.117250E+7,    -1.645982E-4,    -3.149211E-4
1.117875E+7,    -1.536012E-4,    -3.282428E-4
1.118500E+7,    -1.205504E-4,    -3.080666E-4
1.119125E+7,    -1.329780E-4,    -3.233850E-4
1.119750E+7,    -1.097918E-4,    -3.446639E-4
1.120375E+7,    -1.442134E-4,    -3.250837E-4
1.121000E+7,    -1.475811E-4,    -3.612638E-4
1.121625E+7,    -1.431108E-4,    -3.383160E-4
1.122250E+7,    -1.512766E-4,    -3.490448E-4
1.122875E+7,    -1.769066E-4,    -3.820658E-4
1.123500E+7,    -1.688004E-4,    -4.429817E-4
1.124125E+7,    -1.562834E-4,    -4.318357E-4
1.124750E+7,    -1.544356E-4,    -4.487038E-4
1.125375E+7,    -1.736879E-4,    -4.090071E-4
1.126000E+7,    -1.456738E-4,    -4.273057E-4
1.126625E+7,    -1.463890E-4,    -4.052520E-4
1.127250E+7,    -1.834631E-4,    -4.268885E-4
1.127875E+7,    -1.711845E-4,    -3.985763E-4
1.128500E+7,    -1.744032E-4,    -4.042387E-4
1.129125E+7,    -1.952648E-4,    -3.668666E-4
1.129750E+7,    -1.550913E-4,    -3.511310E-4
1.130375E+7,    -1.689792E-4,    -4.008412E-4
1.131000E+7,    -1.753569E-4,    -4.035830E-4
1.131625E+7,    -1.652241E-4,    -3.933907E-4
1.132250E+7,    -1.722574E-4,    -4.149675E-4
1.132875E+7,    -1.908541E-4,    -3.955364E-4
1.133500E+7,    -1.912713E-4,    -4.132390E-4
1.134125E+7,    -1.790524E-4,    -3.935099E-4
1.134750E+7,    -1.763105E-4,    -3.917217E-4
1.135375E+7,    -1.522899E-4,    -4.038811E-4
1.136000E+7,    -1.840591E-4,    -3.788471E-4
1.136625E+7,    -1.617670E-4,    -3.921390E-4
1.137250E+7,    -1.870394E-4,    -4.131198E-4
1.137875E+7,    -1.662970E-4,    -4.017949E-4
1.138500E+7,    -1.757741E-4,    -4.176497E-4
1.139125E+7,    -1.865625E-4,    -4.082918E-4
1.139750E+7,    -1.691580E-4,    -4.074574E-4
1.140375E+7,    -1.758337E-4,    -3.849268E-4
1.141000E+7,    -1.631379E-4,    -3.884435E-4
1.141625E+7,    -1.643896E-4,    -3.700256E-4
1.142250E+7,    -1.630783E-4,    -4.063249E-4
1.142875E+7,    -1.805425E-4,    -4.186630E-4
1.143500E+7,    -1.637936E-4,    -3.899336E-4
1.144125E+7,    -1.918077E-4,    -3.967881E-4
1.144750E+7,    -2.114773E-4,    -4.315376E-4
1.145375E+7,    -2.034307E-4,    -4.407763E-4
1.146000E+7,    -2.228022E-4,    -4.168153E-4
1.146625E+7,    -1.808405E-4,    -4.435182E-4
1.147250E+7,    -1.769662E-4,    -4.471540E-4
1.147875E+7,    -1.753569E-4,    -4.173517E-4
1.148500E+7,    -1.811385E-4,    -4.203916E-4
1.149125E+7,    -2.142787E-4,    -4.910231E-4
1.149750E+7,    -2.219081E-4,    -5.001426E-4
1.150375E+7,    -2.221465E-4,    -4.882813E-4
1.151000E+7,    -2.241731E-4,    -4.707575E-4
1.151625E+7,    -1.842380E-4,    -4.698038E-4
1.152250E+7,    -2.235174E-4,    -4.770756E-4
1.152875E+7,    -2.263188E-4,    -4.425049E-4
1.153500E+7,    -2.011657E-4,    -4.103184E-4
1.154125E+7,    -2.175570E-4,    -4.820228E-4
1.154750E+7,    -2.195835E-4,    -5.167723E-4
1.155375E+7,    -2.411604E-4,    -4.826784E-4
1.156000E+7,    -2.030730E-4,    -5.463362E-4
1.156625E+7,    -2.251267E-4,    -5.518198E-4
1.157250E+7,    -1.999140E-4,    -5.586743E-4
1.157875E+7,    -2.796650E-4,    -5.607605E-4
1.158500E+7,    -2.343059E-4,    -5.968213E-4
1.159125E+7,    -2.234578E-4,    -5.475879E-4
1.159750E+7,    -1.959801E-4,    -5.605817E-4
1.160375E+7,    -2.451539E-4,    -5.880594E-4
1.161000E+7,    -2.453327E-4,    -5.559921E-4
1.161625E+7,    -3.082156E-4,    -5.977154E-4
1.162250E+7,    -2.611279E-4,    -6.176233E-4
1.162875E+7,    -2.464056E-4,    -7.942915E-4
1.163500E+7,    -1.827478E-4,    -8.364916E-4
1.164125E+7,    -9.191036E-5,    -9.406805E-4
1.164750E+7,    1.256466E-4,    -1.069903E-3
1.165375E+7,    -1.931190E-5,    -1.026154E-3
1.166000E+7,    1.753569E-4,    -1.008630E-3
1.166625E+7,    4.343987E-4,    -1.017690E-3
1.167250E+7,    5.199909E-4,    -9.020567E-4
1.167875E+7,    5.391240E-4,    -9.365678E-4
1.168500E+7,    5.260706E-4,    -8.893609E-4
1.169125E+7,    5.673766E-4,    -9.295344E-4
1.169750E+7,    5.862713E-4,    -9.091496E-4
1.170375E+7,    5.182028E-4,    -9.227395E-4
1.171000E+7,    5.380511E-4,    -9.309053E-4
1.171625E+7,    5.186796E-4,    -9.611249E-4
1.172250E+7,    5.792379E-4,    -9.437799E-4
1.172875E+7,    5.341768E-4,    -1.000285E-3
1.173500E+7,    5.804896E-4,    -9.573102E-4
1.174125E+7,    5.595684E-4,    -9.968281E-4
1.174750E+7,    5.760193E-4,    -1.026392E-3
1.175375E+7,    5.576611E-4,    -1.001596E-3
1.176000E+7,    5.822182E-4,    -1.015544E-3
1.176625E+7,    6.068945E-4,    -9.639263E-4
1.177250E+7,    5.723834E-4,    -9.763241E-4
1.177875E+7,    6.297827E-4,    -9.816885E-4
1.178500E+7,    6.005764E-4,    -1.001120E-3
1.179125E+7,    5.711317E-4,    -1.026988E-3
1.179750E+7,    6.097555E-4,    -9.988546E-4
1.180375E+7,    5.314350E-4,    -1.030445E-3
1.181000E+7,    5.542040E-4,    -9.980202E-4
1.181625E+7,    5.819201E-4,    -9.717941E-4
1.182250E+7,    5.375147E-4,    -1.116037E-3
1.182875E+7,    5.517006E-4,    -1.062870E-3
1.183500E+7,    5.691051E-4,    -9.890795E-4
1.184125E+7,    5.811453E-4,    -1.122355E-3
1.184750E+7,    5.886555E-4,    -1.038194E-3
1.185375E+7,    5.635023E-4,    -1.097441E-3
1.186000E+7,    6.020069E-4,    -1.068950E-3
1.186625E+7,    6.152391E-4,    -1.107812E-3
1.187250E+7,    5.749464E-4,    -1.111984E-3
1.187875E+7,    5.968809E-4,    -1.081109E-3
1.188500E+7,    5.631447E-4,    -1.100302E-3
1.189125E+7,    6.245375E-4,    -1.116037E-3
1.189750E+7,    6.176233E-4,    -1.110911E-3
1.190375E+7,    6.334782E-4,    -1.140237E-3
1.191000E+7,    6.493330E-4,    -1.143456E-3
1.191625E+7,    5.680323E-4,    -1.209497E-3
1.192250E+7,    5.993843E-4,    -1.129746E-3
1.192875E+7,    6.028414E-4,    -1.183033E-3
1.193500E+7,    5.996227E-4,    -1.147985E-3
1.194125E+7,    5.989075E-4,    -1.149178E-3
1.194750E+7,    5.916357E-4,    -1.188874E-3
1.195375E+7,    6.220341E-4,    -1.183867E-3
1.196000E+7,    5.791187E-4,    -1.223087E-3
1.196625E+7,    6.874800E-4,    -1.263022E-3
1.197250E+7,    6.544590E-4,    -1.241803E-3
1.197875E+7,    6.148815E-4,    -1.224637E-3
1.198500E+7,    6.244183E-4,    -1.226664E-3
1.199125E+7,    6.040335E-4,    -1.225948E-3
1.199750E+7,    5.842447E-4,    -1.246810E-3
1.200375E+7,    6.372929E-4,    -1.255274E-3
1.201000E+7,    6.449223E-4,    -1.242518E-3
1.201625E+7,    6.669760E-4,    -1.331329E-3
1.202250E+7,    6.275177E-4,    -1.234055E-3
1.202875E+7,    6.132126E-4,    -1.276970E-3
1.203500E+7,    6.099939E-4,    -1.304150E-3
1.204125E+7,    6.291866E-4,    -1.325727E-3
1.204750E+7,    5.763769E-4,    -1.280546E-3
1.205375E+7,    6.242990E-4,    -1.276851E-3
1.206000E+7,    5.818605E-4,    -1.309395E-3
1.206625E+7,    6.341934E-4,    -1.310229E-3
1.207250E+7,    6.392002E-4,    -1.323342E-3
1.207875E+7,    6.068945E-4,    -1.359940E-3
1.208500E+7,    6.175041E-4,    -1.310825E-3
1.209125E+7,    6.082058E-4,    -1.339078E-3
1.209750E+7,    6.492138E-4,    -1.382232E-3
1.210375E+7,    6.144047E-4,    -1.351833E-3
1.211000E+7,    6.570816E-4,    -1.339674E-3
1.211625E+7,    5.836487E-4,    -1.377225E-3
1.212250E+7,    6.237030E-4,    -1.371264E-3
1.212875E+7,    6.203651E-4,    -1.374006E-3
1.213500E+7,    6.179810E-4,    -1.378179E-3
1.214125E+7,    5.835295E-4,    -1.429439E-3
1.214750E+7,    6.918907E-4,    -1.425505E-3
1.215375E+7,    5.900860E-4,    -1.417875E-3
1.216000E+7,    6.361008E-4,    -1.416802E-3
1.216625E+7,    5.542040E-4,    -1.429200E-3
1.217250E+7,    7.174015E-4,    -1.439691E-3
1.217875E+7,    6.107092E-4,    -1.474500E-3
1.218500E+7,    6.983280E-4,    -1.454473E-3
1.219125E+7,    6.521940E-4,    -1.478791E-3
1.219750E+7,    6.606579E-4,    -1.478672E-3
1.220375E+7,    6.715059E-4,    -1.525402E-3
1.221000E+7,    6.543398E-4,    -1.530170E-3
1.221625E+7,    6.489754E-4,    -1.525879E-3
1.222250E+7,    6.630421E-4,    -1.575828E-3
1.222875E+7,    6.397963E-4,    -1.567364E-3
1.223500E+7,    6.365776E-4,    -1.583695E-3
1.224125E+7,    6.840229E-4,    -1.578808E-3
1.224750E+7,    6.940365E-4,    -1.570702E-3
1.225375E+7,    6.738901E-4,    -1.583338E-3
1.226000E+7,    7.090569E-4,    -1.659989E-3
1.226625E+7,    7.245541E-4,    -1.598835E-3
1.227250E+7,    7.208586E-4,    -1.605511E-3
1.227875E+7,    6.691217E-4,    -1.660943E-3
1.228500E+7,    6.476641E-4,    -1.654625E-3
1.229125E+7,    6.767511E-4,    -1.712799E-3
1.229750E+7,    7.500648E-4,    -1.649380E-3
1.230375E+7,    7.283688E-4,    -1.709342E-3
1.231000E+7,    6.997585E-4,    -1.726270E-3
1.231625E+7,    7.468462E-4,    -1.728058E-3
1.232250E+7,    7.206202E-4,    -1.788139E-3
1.232875E+7,    7.094145E-4,    -1.771450E-3
1.233500E+7,    7.567406E-4,    -1.768947E-3
1.234125E+7,    7.531643E-4,    -1.820326E-3
1.234750E+7,    7.225275E-4,    -1.795769E-3
1.235375E+7,    7.438660E-4,    -1.810670E-3
1.236000E+7,    7.753372E-4,    -1.816630E-3
1.236625E+7,    7.758141E-4,    -1.831532E-3
1.237250E+7,    7.436275E-4,    -1.872897E-3
1.237875E+7,    7.854700E-4,    -1.865029E-3
1.238500E+7,    7.580519E-4,    -1.914978E-3
1.239125E+7,    7.482767E-4,    -1.948237E-3
1.239750E+7,    7.655621E-4,    -1.893044E-3
1.240375E+7,    7.998943E-4,    -1.984596E-3
1.241000E+7,    8.221865E-4,    -1.964569E-3
1.241625E+7,    7.774830E-4,    -1.981497E-3
1.242250E+7,    7.970333E-4,    -1.990557E-3
1.242875E+7,    7.848740E-4,    -2.033234E-3
1.243500E+7,    8.041859E-4,    -2.035379E-3
1.244125E+7,    7.979870E-4,    -2.114773E-3
1.244750E+7,    8.323193E-4,    -2.105236E-3
1.245375E+7,    8.296967E-4,    -2.118587E-3
1.246000E+7,    8.172989E-4,    -2.114534E-3
1.246625E+7,    8.504391E-4,    -2.150774E-3
1.247250E+7,    8.289814E-4,    -2.135515E-3
1.247875E+7,    8.351803E-4,    -2.253294E-3
1.248500E+7,    8.389950E-4,    -2.187729E-3
1.249125E+7,    8.740425E-4,    -2.247810E-3
1.249750E+7,    8.668900E-4,    -2.180338E-3
1.250375E+7,    8.831024E-4,    -2.291203E-3
1.251000E+7,    9.219646E-4,    -2.270937E-3
1.251625E+7,    9.012222E-4,    -2.298117E-3
1.252250E+7,    9.572506E-4,    -2.286196E-3
1.252875E+7,    9.777546E-4,    -2.377272E-3
1.253500E+7,    9.036064E-4,    -2.352953E-3
1.254125E+7,    9.429455E-4,    -2.404928E-3
1.254750E+7,    9.622574E-4,    -2.430201E-3
1.255375E+7,    9.326935E-4,    -2.489328E-3
1.256000E+7,    9.810925E-4,    -2.494097E-3
1.256625E+7,    9.942055E-4,    -2.560854E-3
1.257250E+7,    9.460449E-4,    -2.515554E-3
1.257875E+7,    9.660721E-4,    -2.577305E-3
1.258500E+7,    1.013756E-3,    -2.584934E-3
1.259125E+7,    1.058102E-3,    -2.678871E-3
1.259750E+7,    1.019239E-3,    -2.669573E-3
1.260375E+7,    1.025200E-3,    -2.753019E-3
1.261000E+7,    1.008034E-3,    -2.773046E-3
1.261625E+7,    1.082182E-3,    -2.819061E-3
1.262250E+7,    1.036882E-3,    -2.791166E-3
1.262875E+7,    9.565353E-4,    -2.944469E-3
1.263500E+7,    1.047134E-3,    -2.825022E-3
1.264125E+7,    1.094580E-3,    -2.898932E-3
1.264750E+7,    1.114368E-3,    -2.949476E-3
1.265375E+7,    1.116753E-3,    -2.977133E-3
1.266000E+7,    1.113176E-3,    -3.052711E-3
1.266625E+7,    1.086235E-3,    -3.078699E-3
1.267250E+7,    4.656315E-4,    -3.326178E-3
1.267875E+7,    7.748604E-4,    -3.380775E-3
1.268500E+7,    4.637241E-4,    -3.488779E-3
1.269125E+7,    8.709431E-4,    -3.505230E-3
1.269750E+7,    1.171112E-3,    -3.230572E-3
1.270375E+7,    1.404285E-4,    -3.395557E-3
1.271000E+7,    5.061626E-4,    -3.898859E-3
1.271625E+7,    1.189947E-3,    -3.442287E-3
1.272250E+7,    1.300573E-3,    -3.442049E-3
1.272875E+7,    1.279116E-3,    -3.518820E-3
1.273500E+7,    1.250267E-3,    -3.564835E-3
1.274125E+7,    1.337290E-3,    -3.621578E-3
1.274750E+7,    1.255393E-3,    -3.722906E-3
1.275375E+7,    1.317978E-3,    -3.682137E-3
1.276000E+7,    1.141071E-3,    -3.831387E-3
1.276625E+7,    6.067753E-4,    -3.967524E-3
1.277250E+7,    -6.377697E-4,    -2.930641E-3
1.277875E+7,    -1.028776E-3,    -3.726721E-3
1.278500E+7,    -4.436970E-4,    -4.282236E-3
1.279125E+7,    1.361370E-4,    -4.533529E-3
1.279750E+7,    1.073122E-3,    -4.227877E-3
1.280375E+7,    -3.991127E-4,    -4.135609E-3
1.281000E+7,    -1.447916E-3,    -3.600836E-3
1.281625E+7,    -1.133204E-3,    -4.777908E-3
1.282250E+7,    -1.153708E-3,    -4.691124E-3
1.282875E+7,    4.792213E-4,    -4.750252E-3
1.283500E+7,    -1.827002E-3,    -4.078627E-3
1.284125E+7,    1.395226E-3,    -5.100965E-3
1.284750E+7,    1.594305E-3,    -4.981995E-3
1.285375E+7,    1.253366E-3,    -5.320072E-3
1.286000E+7,    1.245260E-3,    -5.328417E-3
1.286625E+7,    1.186848E-3,    -5.511761E-3
1.287250E+7,    1.458406E-3,    -5.482197E-3
1.287875E+7,    1.706362E-3,    -5.342245E-3
1.288500E+7,    1.429796E-3,    -5.403996E-3
1.289125E+7,    1.007557E-3,    -5.970240E-3
1.289750E+7,    2.603531E-4,    -6.075859E-3
1.290375E+7,    1.209021E-3,    -5.826473E-3
1.291000E+7,    8.454323E-4,    -6.111145E-3
1.291625E+7,    5.512238E-4,    -6.529570E-3
1.292250E+7,    -2.396107E-4,    -5.760431E-3
1.292875E+7,    2.493858E-4,    -6.368399E-3
1.293500E+7,    -2.243996E-3,    -5.438089E-3
1.294125E+7,    -1.475573E-3,    -6.007195E-3
1.294750E+7,    -2.244711E-3,    -4.702330E-3
1.295375E+7,    -2.341747E-3,    -3.107548E-3
1.296000E+7,    -2.014160E-3,    -2.364159E-3
1.296625E+7,    -1.965523E-3,    -2.240896E-3
1.297250E+7,    -2.040386E-3,    -2.316952E-3
1.297875E+7,    -2.056122E-3,    -2.330303E-3
1.298500E+7,    -2.093792E-3,    -2.349615E-3
1.299125E+7,    -2.134085E-3,    -2.413273E-3
1.299750E+7,    -2.182961E-3,    -2.430916E-3
1.300375E+7,    -2.239227E-3,    -2.456188E-3
1.301000E+7,    -2.297878E-3,    -2.523184E-3
1.301625E+7,    -2.331972E-3,    -2.538204E-3
1.302250E+7,    -2.398014E-3,    -2.600908E-3
1.302875E+7,    -2.484083E-3,    -2.652645E-3
1.303500E+7,    -2.518654E-3,    -2.698898E-3
1.304125E+7,    -2.581596E-3,    -2.757788E-3
1.304750E+7,    -2.665520E-3,    -2.796412E-3
1.305375E+7,    -2.698898E-3,    -2.842188E-3
1.306000E+7,    -2.779484E-3,    -2.908945E-3
1.306625E+7,    -2.878904E-3,    -2.952576E-3
1.307250E+7,    -2.913475E-3,    -2.998590E-3
1.307875E+7,    -3.048420E-3,    -3.086090E-3
1.308500E+7,    -3.105402E-3,    -3.171444E-3
1.309125E+7,    -3.193140E-3,    -3.250599E-3
1.309750E+7,    -3.299236E-3,    -3.280640E-3
1.310375E+7,    -3.401041E-3,    -3.340721E-3
1.311000E+7,    -3.480673E-3,    -3.407955E-3
1.311625E+7,    -3.591299E-3,    -3.485918E-3
1.312250E+7,    -3.724337E-3,    -3.590107E-3
1.312875E+7,    -3.835440E-3,    -3.666878E-3
1.313500E+7,    -3.968477E-3,    -3.751755E-3
1.314125E+7,    -4.088879E-3,    -3.834248E-3
1.314750E+7,    -4.232883E-3,    -3.939152E-3
1.315375E+7,    -4.462242E-3,    -4.083157E-3
1.316000E+7,    -4.603863E-3,    -4.194736E-3
1.316625E+7,    -4.786968E-3,    -4.294872E-3
1.317250E+7,    -4.911900E-3,    -4.356861E-3
1.317875E+7,    -5.115986E-3,    -4.475594E-3
1.318500E+7,    -5.305767E-3,    -4.591942E-3
1.319125E+7,    -5.539894E-3,    -4.748344E-3
1.319750E+7,    -5.660534E-3,    -4.804134E-3
1.320375E+7,    -5.919933E-3,    -4.919529E-3
1.321000E+7,    -6.200790E-3,    -5.093575E-3
1.321625E+7,    -6.352425E-3,    -5.166054E-3
1.322250E+7,    -6.598473E-3,    -5.312920E-3
1.322875E+7,    -6.939411E-3,    -5.467892E-3
1.323500E+7,    -7.294655E-3,    -5.660057E-3
1.324125E+7,    -7.740021E-3,    -5.868912E-3
1.324750E+7,    -8.220673E-3,    -6.168365E-3
1.325375E+7,    -8.761883E-3,    -6.459713E-3
1.326000E+7,    -9.119511E-3,    -6.607533E-3
1.326625E+7,    -9.584427E-3,    -6.808281E-3
1.327250E+7,    -1.009750E-2,    -7.022858E-3
1.327875E+7,    -1.076698E-2,    -7.315636E-3
1.328500E+7,    -1.124001E-2,    -7.472038E-3
1.329125E+7,    -1.206017E-2,    -7.832527E-3
1.329750E+7,    -1.267815E-2,    -8.075714E-3
1.330375E+7,    -1.333332E-2,    -8.188248E-3
1.331000E+7,    -1.454735E-2,    -8.604050E-3
1.331625E+7,    -1.542282E-2,    -8.896828E-3
1.332250E+7,    -1.675892E-2,    -9.366989E-3
1.332875E+7,    -1.721001E-2,    -9.478569E-3
1.333500E+7,    -1.795006E-2,    -9.279251E-3
1.334125E+7,    -1.887798E-2,    -9.482384E-3
1.334750E+7,    -2.005386E-2,    -9.525299E-3
1.335375E+7,    -2.184486E-2,    -9.843826E-3
1.336000E+7,    -2.326012E-2,    -1.008797E-2
1.336625E+7,    -2.480316E-2,    -9.973526E-3
1.337250E+7,    -2.701569E-2,    -1.032257E-2
1.337875E+7,    -2.889633E-2,    -1.017380E-2
1.338500E+7,    -3.104210E-2,    -9.994507E-3
1.339125E+7,    -3.419304E-2,    -9.883881E-3
1.339750E+7,    -3.686523E-2,    -9.574890E-3
1.340375E+7,    -3.986359E-2,    -8.823395E-3
1.341000E+7,    -4.354858E-2,    -8.018494E-3
1.341625E+7,    -4.811859E-2,    -6.902695E-3
1.342250E+7,    -5.282402E-2,    -5.189896E-3
1.342875E+7,    -5.857277E-2,    -2.826691E-3
1.343500E+7,    -6.498718E-2,    3.433228E-4
1.344125E+7,    -7.101440E-2,    4.562378E-3
1.344750E+7,    -7.867050E-2,    1.048279E-2
1.345375E+7,    -8.659744E-2,    1.811218E-2
1.346000E+7,    -9.455872E-2,    2.840805E-2
1.346625E+7,    -1.031837E-1,    4.213333E-2
1.347250E+7,    -1.112862E-1,    5.993271E-2
1.347875E+7,    -1.150169E-1,    8.145142E-2
1.348500E+7,    -1.139145E-1,    1.069832E-1
1.349125E+7,    -1.070862E-1,    1.368027E-1
1.349750E+7,    -9.076691E-2,    1.691589E-1
1.350375E+7,    -6.444550E-2,    1.999969E-1
1.351000E+7,    -2.671814E-2,    2.227249E-1
1.351625E+7,    1.898193E-2,    2.341003E-1
1.352250E+7,    6.803894E-2,    2.332306E-1
1.352875E+7,    1.158752E-1,    2.189789E-1
1.353500E+7,    1.595001E-1,    1.930695E-1
1.354125E+7,    1.941223E-1,    1.568909E-1
1.354750E+7,    2.194061E-1,    1.134796E-1
1.355375E+7,    2.336121E-1,    6.480408E-2
1.356000E+7,    2.343597E-1,    1.459503E-2
1.356625E+7,    2.218857E-1,    -3.383636E-2
1.357250E+7,    1.961288E-1,    -7.617950E-2
1.357875E+7,    1.612854E-1,    -1.083832E-1
1.358500E+7,    1.202164E-1,    -1.265106E-1
1.359125E+7,    7.995605E-2,    -1.295700E-1
1.359750E+7,    4.544067E-2,    -1.218300E-1
1.360375E+7,    2.015686E-2,    -1.059036E-1
1.361000E+7,    4.116058E-3,    -8.778381E-2
1.361625E+7,    -4.398346E-3,    -7.076263E-2
1.362250E+7,    -7.511139E-3,    -5.671310E-2
1.362875E+7,    -7.879257E-3,    -4.594231E-2
1.363500E+7,    -6.786346E-3,    -3.812981E-2
1.364125E+7,    -5.321503E-3,    -3.242493E-2
1.364750E+7,    -3.984451E-3,    -2.828217E-2
1.365375E+7,    -2.891541E-3,    -2.528954E-2
1.366000E+7,    -2.054214E-3,    -2.301788E-2
1.366625E+7,    -1.529694E-3,    -2.122116E-2
1.367250E+7,    -1.161575E-3,    -1.970863E-2
1.367875E+7,    -9.880066E-4,    -1.844788E-2
1.368500E+7,    -8.449554E-4,    -1.727676E-2
1.369125E+7,    -8.087158E-4,    -1.623535E-2
1.369750E+7,    -8.354187E-4,    -1.530457E-2
1.370375E+7,    -8.792877E-4,    -1.441669E-2
1.371000E+7,    -9.613037E-4,    -1.361465E-2
1.371625E+7,    -1.014709E-3,    -1.285458E-2
1.372250E+7,    -1.086235E-3,    -1.219177E-2
1.372875E+7,    -1.140594E-3,    -1.154232E-2
1.373500E+7,    -1.182556E-3,    -1.097393E-2
1.374125E+7,    -1.235962E-3,    -1.036549E-2
1.374750E+7,    -1.276016E-3,    -9.823799E-3
1.375375E+7,    -1.323700E-3,    -9.321213E-3
1.376000E+7,    -1.339912E-3,    -8.890152E-3
1.376625E+7,    -1.360893E-3,    -8.408546E-3
1.377250E+7,    -1.388550E-3,    -8.024216E-3
1.377875E+7,    -1.394272E-3,    -7.646561E-3
1.378500E+7,    -1.390457E-3,    -7.259369E-3
1.379125E+7,    -1.383781E-3,    -6.905556E-3
1.379750E+7,    -1.402855E-3,    -6.601334E-3
1.380375E+7,    -1.391888E-3,    -6.300926E-3
1.381000E+7,    -1.358509E-3,    -6.008148E-3
1.381625E+7,    -1.339912E-3,    -5.753517E-3
1.382250E+7,    -1.338005E-3,    -5.482197E-3
1.382875E+7,    -1.317978E-3,    -5.280018E-3
1.383500E+7,    -1.315117E-3,    -5.018711E-3
1.384125E+7,    -1.298428E-3,    -4.805088E-3
1.384750E+7,    -1.270294E-3,    -4.612446E-3
1.385375E+7,    -1.233578E-3,    -4.407883E-3
1.386000E+7,    -1.211643E-3,    -4.245281E-3
1.386625E+7,    -1.189709E-3,    -4.056454E-3
1.387250E+7,    -1.170158E-3,    -3.901005E-3
1.387875E+7,    -1.149654E-3,    -3.735542E-3
1.388500E+7,    -1.138210E-3,    -3.610611E-3
1.389125E+7,    -1.121044E-3,    -3.479958E-3
1.389750E+7,    -1.073837E-3,    -3.336906E-3
1.390375E+7,    -1.056194E-3,    -3.206253E-3
1.391000E+7,    -1.045227E-3,    -3.076553E-3
1.391625E+7,    -1.018047E-3,    -2.976894E-3
1.392250E+7,    -1.033068E-3,    -2.866030E-3
1.392875E+7,    -9.872913E-4,    -2.760172E-3
1.393500E+7,    -9.496212E-4,    -2.672911E-3
1.394125E+7,    -9.350777E-4,    -2.573252E-3
1.394750E+7,    -9.164810E-4,    -2.470493E-3
1.395375E+7,    -9.312630E-4,    -2.381325E-3
1.396000E+7,    -8.733273E-4,    -2.288103E-3
1.396625E+7,    -8.790493E-4,    -2.234697E-3
1.397250E+7,    -8.409023E-4,    -2.186775E-3
1.397875E+7,    -8.344650E-4,    -2.098560E-3
1.398500E+7,    -8.106232E-4,    -2.019167E-3
1.399125E+7,    -7.958412E-4,    -1.968145E-3
1.399750E+7,    -7.636547E-4,    -1.911402E-3
1.400375E+7,    -7.588863E-4,    -1.829624E-3
1.401000E+7,    -7.507801E-4,    -1.774549E-3
1.401625E+7,    -7.381439E-4,    -1.705647E-3
1.402250E+7,    -7.035732E-4,    -1.662970E-3
1.402875E+7,    -6.713867E-4,    -1.617670E-3
1.403500E+7,    -6.771088E-4,    -1.572371E-3
1.404125E+7,    -6.687641E-4,    -1.519203E-3
1.404750E+7,    -6.597042E-4,    -1.462698E-3
1.405375E+7,    -6.384850E-4,    -1.446724E-3
1.406000E+7,    -6.277561E-4,    -1.384258E-3
1.406625E+7,    -6.085634E-4,    -1.354575E-3
1.407250E+7,    -6.051660E-4,    -1.311958E-3
1.407875E+7,    -5.866289E-4,    -1.267552E-3
1.408500E+7,    -5.648136E-4,    -1.227736E-3
1.409125E+7,    -5.664229E-4,    -1.190901E-3
1.409750E+7,    -5.376935E-4,    -1.181126E-3
1.410375E+7,    -5.242825E-4,    -1.140773E-3
1.411000E+7,    -5.115271E-4,    -1.107454E-3
1.411625E+7,    -5.145073E-4,    -1.086473E-3
1.412250E+7,    -5.109906E-4,    -1.045346E-3
1.412875E+7,    -5.081296E-4,    -1.013994E-3
1.413500E+7,    -5.085468E-4,    -9.833574E-4
1.414125E+7,    -4.920363E-4,    -9.641051E-4
1.414750E+7,    -4.584193E-4,    -9.574294E-4
1.415375E+7,    -4.665852E-4,    -9.007454E-4
1.416000E+7,    -4.526973E-4,    -8.879900E-4
1.416625E+7,    -4.536510E-4,    -8.596778E-4
1.417250E+7,    -4.318953E-4,    -8.696318E-4
1.417875E+7,    -4.413128E-4,    -8.255839E-4
1.418500E+7,    -4.041195E-4,    -8.184314E-4
1.419125E+7,    -4.181862E-4,    -7.906556E-4
1.419750E+7,    -3.862381E-4,    -7.643104E-4
1.420375E+7,    -3.824830E-4,    -7.476211E-4
1.421000E+7,    -3.643036E-4,    -7.441640E-4
1.421625E+7,    -3.581643E-4,    -7.210374E-4
1.422250E+7,    -3.470778E-4,    -7.266998E-4
1.422875E+7,    -3.688931E-4,    -6.830692E-4
1.423500E+7,    -3.516078E-4,    -6.650686E-4
1.424125E+7,    -3.503561E-4,    -6.498098E-4
1.424750E+7,    -3.409684E-4,    -6.055832E-4
1.425375E+7,    -3.361404E-4,    -5.742311E-4
1.426000E+7,    -3.174841E-4,    -5.928874E-4
1.426625E+7,    -3.377795E-4,    -5.862713E-4
1.427250E+7,    -3.157258E-4,    -5.686581E-4
1.427875E+7,    -3.065765E-4,    -5.531013E-4
1.428500E+7,    -2.951920E-4,    -5.505681E-4
1.429125E+7,    -3.028214E-4,    -5.144179E-4
1.429750E+7,    -2.914965E-4,    -5.275905E-4
1.430375E+7,    -3.041625E-4,    -5.201101E-4
1.431000E+7,    -2.660751E-4,    -5.175173E-4
1.431625E+7,    -2.710521E-4,    -4.663765E-4
1.432250E+7,    -2.655089E-4,    -4.577041E-4
1.432875E+7,    -2.641380E-4,    -4.808903E-4
1.433500E+7,    -2.540350E-4,    -4.625320E-4
1.434125E+7,    -2.613664E-4,    -4.493892E-4
1.434750E+7,    -2.617836E-4,    -4.324913E-4
1.435375E+7,    -2.537370E-4,    -4.376769E-4
1.436000E+7,    -2.471805E-4,    -4.157722E-4
1.436625E+7,    -2.311170E-4,    -4.348159E-4
1.437250E+7,    -2.243221E-4,    -4.139841E-4
1.437875E+7,    -2.316833E-4,    -3.839731E-4
1.438500E+7,    -2.410412E-4,    -4.042387E-4
1.439125E+7,    -2.235770E-4,    -3.804862E-4
1.439750E+7,    -2.209246E-4,    -3.654659E-4
1.440375E+7,    -2.180636E-4,    -3.587902E-4
1.441000E+7,    -2.091229E-4,    -3.640056E-4
1.441625E+7,    -2.117157E-4,    -3.366470E-4
1.442250E+7,    -2.093017E-4,    -3.385842E-4
1.442875E+7,    -1.920164E-4,    -3.235340E-4
1.443500E+7,    -2.017915E-4,    -3.429651E-4
1.444125E+7,    -1.923144E-4,    -3.068745E-4
1.444750E+7,    -1.861155E-4,    -3.274083E-4
1.445375E+7,    -1.861006E-4,    -2.930760E-4
1.446000E+7,    -1.818091E-4,    -3.051460E-4
1.446625E+7,    -1.813173E-4,    -2.968162E-4
1.447250E+7,    -1.768619E-4,    -2.995282E-4
1.447875E+7,    -1.690835E-4,    -2.611279E-4
1.448500E+7,    -1.678616E-4,    -2.972037E-4
1.449125E+7,    -1.585633E-4,    -2.688468E-4
1.449750E+7,    -1.555234E-4,    -2.619922E-4
1.450375E+7,    -1.537800E-4,    -2.636760E-4
1.451000E+7,    -1.439899E-4,    -2.618283E-4
1.451625E+7,    -1.367778E-4,    -2.493858E-4
1.452250E+7,    -1.432449E-4,    -2.447963E-4
1.452875E+7,    -1.524389E-4,    -2.379715E-4
1.453500E+7,    -1.572818E-4,    -2.433360E-4
1.454125E+7,    -1.341701E-4,    -2.160221E-4
1.454750E+7,    -1.097471E-4,    -2.249032E-4
1.455375E+7,    -1.467913E-4,    -2.068877E-4
1.456000E+7,    -1.433939E-4,    -2.363026E-4
1.456625E+7,    -1.454353E-4,    -2.080202E-4
1.457250E+7,    -1.375675E-4,    -1.960546E-4
1.457875E+7,    -1.435429E-4,    -2.094358E-4
1.458500E+7,    -1.214743E-4,    -2.261698E-4
1.459125E+7,    -1.375228E-4,    -1.869798E-4
1.459750E+7,    -1.306832E-4,    -1.830608E-4
1.460375E+7,    -1.255423E-4,    -1.869351E-4
1.461000E+7,    -1.017451E-4,    -1.965910E-4
1.461625E+7,    -1.310408E-4,    -1.919270E-4
1.462250E+7,    -1.405180E-4,    -1.845062E-4
1.462875E+7,    -1.014024E-4,    -1.695305E-4
1.463500E+7,    -1.225024E-4,    -1.898855E-4
1.464125E+7,    -1.182109E-4,    -1.655817E-4
1.464750E+7,    -1.177043E-4,    -1.753122E-4
1.465375E+7,    -1.194179E-4,    -1.647770E-4
1.466000E+7,    -1.087338E-4,    -1.733899E-4
1.466625E+7,    -8.660555E-5,    -1.636744E-4
1.467250E+7,    -8.306652E-5,    -1.289994E-4
1.467875E+7,    -1.007318E-4,    -1.615286E-4
1.468500E+7,    -9.375811E-5,    -1.579225E-4
1.469125E+7,    -8.514524E-5,    -1.464933E-4
1.469750E+7,    -1.100302E-4,    -1.637042E-4
1.470375E+7,    -8.016825E-5,    -1.224354E-4
1.471000E+7,    -8.709729E-5,    -1.357719E-4
1.471625E+7,    -9.135157E-5,    -1.511797E-4
1.472250E+7,    -1.001433E-4,    -1.438931E-4
1.472875E+7,    -9.353459E-5,    -1.399443E-4
1.473500E+7,    -8.548796E-5,    -1.085773E-4
1.474125E+7,    -9.457767E-5,    -1.298264E-4
1.474750E+7,    -8.132309E-5,    -1.027435E-4
1.475375E+7,    -9.056181E-5,    -1.236796E-4
1.476000E+7,    -7.583201E-5,    -1.171827E-4
1.476625E+7,    -7.133931E-5,    -1.117736E-4
1.477250E+7,    -7.181615E-5,    -1.114458E-4
1.477875E+7,    -7.149577E-5,    -1.216680E-4
1.478500E+7,    -7.227808E-5,    -1.112595E-4
1.479125E+7,    -8.001179E-5,    -1.239777E-4
1.479750E+7,    -6.461143E-5,    -1.284182E-4
1.480375E+7,    -7.373840E-5,    -1.001507E-4
1.481000E+7,    -6.588548E-5,    -1.176596E-4
1.481625E+7,    -8.220226E-5,    -1.023561E-4
1.482250E+7,    -6.707758E-5,    -1.071244E-4
1.482875E+7,    -7.243454E-5,    -1.019612E-4
1.483500E+7,    -7.827580E-5,    -8.641928E-5
1.484125E+7,    -6.054342E-5,    -8.335710E-5
1.484750E+7,    -6.333739E-5,    -8.060783E-5
1.485375E+7,    -5.830079E-5,    -9.591132E-5
1.486000E+7,    -5.596876E-5,    -9.828806E-5
1.486625E+7,    -5.897880E-5,    -1.058504E-4
1.487250E+7,    -4.902482E-5,    -8.523464E-5
1.487875E+7,    -6.727129E-5,    -8.738041E-5
1.488500E+7,    -5.710125E-5,    -9.760261E-5
1.489125E+7,    -4.195049E-5,    -7.186458E-5
1.489750E+7,    -4.207715E-5,    -7.178634E-5
1.490375E+7,    -6.848574E-5,    -9.705126E-5
1.491000E+7,    -4.769489E-5,    -7.661059E-5
1.491625E+7,    -4.489720E-5,    -4.814938E-5
1.492250E+7,    -5.088374E-5,    -7.377192E-5
1.492875E+7,    -6.410480E-5,    -8.120388E-5
1.493500E+7,    -6.179512E-5,    -7.316470E-5
1.494125E+7,    -5.950779E-5,    -7.561594E-5
1.494750E+7,    -4.372746E-5,    -6.050989E-5
1.495375E+7,    -1.358613E-5,    -8.240715E-5
1.496000E+7,    -3.441423E-5,    -8.156523E-5
1.496625E+7,    -6.030500E-5,    -7.519126E-5
1.497250E+7,    -4.188716E-5,    -6.292388E-5
1.497875E+7,    -4.521012E-5,    -7.032603E-5
1.498500E+7,    -4.730746E-5,    -5.722791E-5
1.499125E+7,    -4.256144E-5,    -6.255507E-5
1.499750E+7,    -3.492460E-5,    -6.034598E-5
1.500375E+7,    -5.019829E-5,    -5.409122E-5
1.501000E+7,    -4.081428E-5,    -6.495044E-5
1.501625E+7,    -5.942583E-5,    -6.619841E-5
1.502250E+7,    -4.050136E-5,    -5.447119E-5
1.502875E+7,    -4.309416E-5,    -8.551031E-5
1.503500E+7,    -2.977252E-5,    -4.466623E-5
1.504125E+7,    -5.477294E-5,    -6.105751E-5
1.504750E+7,    -4.045665E-5,    -4.379079E-5
1.505375E+7,    -4.020706E-5,    -6.744638E-5
1.506000E+7,    -4.828349E-5,    -6.910786E-5
1.506625E+7,    -5.230308E-6,    -2.837740E-5
1.507250E+7,    -5.202740E-5,    -7.634610E-5
1.507875E+7,    -3.666803E-5,    -2.520159E-5
1.508500E+7,    -2.269447E-5,    -4.220754E-5
1.509125E+7,    -2.055243E-5,    -4.499033E-5
1.509750E+7,    -3.682449E-5,    -4.832819E-5
1.510375E+7,    -2.430379E-5,    -5.235896E-5
1.511000E+7,    -2.892502E-5,    -2.291612E-5
1.511625E+7,    -1.653656E-5,    -5.058199E-5
1.512250E+7,    -3.504008E-5,    -5.095452E-5
1.512875E+7,    -2.124161E-5,    -4.462525E-5
1.513500E+7,    -2.500042E-5,    -5.192682E-5
1.514125E+7,    -3.780425E-5,    -4.759058E-5
1.514750E+7,    3.781170E-7,    -3.683940E-5
1.515375E+7,    -3.800541E-5,    -4.744530E-5
1.516000E+7,    -2.422184E-5,    -4.135817E-5
1.516625E+7,    -4.940853E-5,    -3.246963E-5
1.517250E+7,    -2.535433E-5,    -6.480888E-5
1.517875E+7,    -9.009615E-6,    -2.502464E-5
1.518500E+7,    -1.821667E-5,    -5.000457E-5
1.519125E+7,    -3.581867E-5,    -2.607331E-5
1.519750E+7,    -1.631118E-5,    -2.701767E-6
1.520375E+7,    -1.365691E-5,    -1.900829E-5
1.521000E+7,    -2.370402E-5,    -3.054924E-5
1.521625E+7,    -3.418699E-5,    -2.885982E-5
1.522250E+7,    -5.100295E-5,    -3.138557E-5
1.522875E+7,    -3.674999E-5,    -2.571940E-5
1.523500E+7,    -7.372350E-6,    -4.156679E-5
1.524125E+7,    -2.646819E-5,    -2.735294E-5
1.524750E+7,    -1.831725E-5,    -2.620928E-5
1.525375E+7,    -2.898276E-5,    -1.070090E-5
1.526000E+7,    -5.854294E-6,    -4.480220E-5
1.526625E+7,    -1.033768E-5,    -3.882311E-5
1.527250E+7,    -2.725422E-5,    -2.739020E-5
1.527875E+7,    -2.166256E-6,    -2.426561E-5
1.528500E+7,    4.075468E-6,    -2.018362E-5
1.529125E+7,    -4.559755E-6,    -3.506988E-5
1.529750E+7,    1.033954E-5,    -2.991874E-5
1.530375E+7,    -4.062988E-5,    -2.183951E-5
1.531000E+7,    -4.076026E-5,    -7.836148E-6
1.531625E+7,    -5.105510E-6,    -4.871562E-5
1.532250E+7,    -2.811477E-5,    -2.680533E-5
1.532875E+7,    -3.217533E-5,    -2.027303E-5
1.533500E+7,    -3.582239E-5,    -4.514307E-5
1.534125E+7,    -1.532026E-5,    -4.912727E-6
1.534750E+7,    -3.416836E-5,    -3.469363E-5
1.535375E+7,    -2.885610E-5,    -1.745299E-5
1.536000E+7,    3.780238E-6,    -2.204999E-5
1.536625E+7,    7.972121E-7,    -3.356487E-5
1.537250E+7,    -1.210999E-5,    -1.205690E-5
1.537875E+7,    -1.947209E-5,    -1.640432E-5
1.538500E+7,    -4.209578E-5,    -2.943724E-5
1.539125E+7,    -2.796575E-5,    -3.612414E-5
1.539750E+7,    -2.724491E-5,    -2.095103E-5
1.540375E+7,    -1.459941E-5,    -2.225861E-5
1.541000E+7,    1.989305E-6,    -3.500469E-5
1.541625E+7,    -1.798477E-5,    -8.763745E-7
1.542250E+7,    -1.269672E-5,    -1.193490E-5
1.542875E+7,    -1.714192E-5,    -1.896545E-5
1.543500E+7,    -1.559034E-6,    -4.581921E-5
1.544125E+7,    -4.263222E-5,    -2.864003E-5
1.544750E+7,    -1.508743E-5,    -8.226372E-6
1.545375E+7,    -2.071075E-5,    -1.640804E-5
1.546000E+7,    -7.199124E-6,    -2.399459E-5
1.546625E+7,    -6.998889E-6,    -2.268516E-5
1.547250E+7,    -1.441687E-6,    -1.517683E-5
1.547875E+7,    3.429130E-6,    1.133606E-5
1.548500E+7,    -1.260452E-5,    -1.121219E-5
1.549125E+7,    -3.153458E-5,    -3.088638E-5
1.549750E+7,    -2.167001E-5,    -1.589768E-5
1.550375E+7,    -5.838461E-6,    -8.285046E-6
1.551000E+7,    -7.843599E-6,    -2.417713E-5
1.551625E+7,    -1.160987E-5,    -1.565088E-5
1.552250E+7,    -1.096260E-5,    -1.492631E-5
1.552875E+7,    -1.511164E-5,    -7.571653E-6
1.553500E+7,    1.260871E-5,    -7.305760E-6
1.554125E+7,    7.533468E-6,    -1.626089E-5
1.554750E+7,    -5.047768E-6,    1.005130E-5
1.555375E+7,    2.146512E-5,    -1.939386E-5
1.556000E+7,    -2.732500E-5,    -3.657117E-5
1.556625E+7,    -2.498925E-5,    -1.736172E-5
1.557250E+7,    -4.420988E-6,    -1.293421E-5
1.557875E+7,    1.906184E-6,    -4.123431E-6
1.558500E+7,    -1.878850E-5,    -1.771189E-5
1.559125E+7,    8.508563E-6,    -1.856219E-5
1.559750E+7,    -1.712143E-5,    -2.112240E-5
1.560375E+7,    -9.670854E-6,    -1.762062E-5
1.561000E+7,    3.311783E-6,    -7.397495E-6
1.561625E+7,    -7.513911E-6,    -3.314577E-6
1.562250E+7,    -9.946525E-6,    -1.754705E-5
1.562875E+7,    -1.335330E-5,    -1.031999E-5
1.563500E+7,    -6.738119E-6,    -2.455618E-5
1.564125E+7,    -1.022592E-6,    -1.740735E-5
1.564750E+7,    -2.275780E-5,    -5.553477E-6
1.565375E+7,    -2.023671E-5,    8.279458E-6
1.566000E+7,    -1.263712E-5,    -9.449199E-6
1.566625E+7,    -2.730452E-5,    5.455688E-6
1.567250E+7,    -7.120427E-6,    -2.930872E-6
1.567875E+7,    -1.272094E-5,    -9.353273E-6
1.568500E+7,    -5.580485E-6,    -2.702512E-5
1.569125E+7,    2.987124E-5,    7.735565E-6
1.569750E+7,    -4.261732E-5,    -1.686439E-5
1.570375E+7,    -5.817041E-6,    -2.688728E-5
1.571000E+7,    9.825453E-6,    -4.306901E-6
1.571625E+7,    -2.727378E-6,    7.078983E-6
1.572250E+7,    4.061498E-6,    -1.067715E-5
1.572875E+7,    9.810086E-6,    -4.430767E-6
1.573500E+7,    1.241220E-5,    -1.157075E-5
1.574125E+7,    -7.094815E-6,    -2.620276E-6
1.574750E+7,    5.217269E-6,    -1.423014E-5
1.575375E+7,    -5.831942E-6,    -6.141607E-6
1.576000E+7,    7.118098E-6,    2.569053E-6
1.576625E+7,    -2.143253E-5,    -7.690862E-6
1.577250E+7,    -1.261244E-6,    3.578258E-6
1.577875E+7,    5.005393E-6,    -1.432188E-5
1.578500E+7,    -5.931128E-6,    -6.058719E-6
1.579125E+7,    -3.117509E-5,    -2.605841E-6
1.579750E+7,    -7.181428E-6,    -2.419110E-6
1.580375E+7,    -3.537163E-6,    -1.316145E-5
1.581000E+7,    -2.428889E-6,    -1.672097E-5
1.581625E+7,    -1.432654E-5,    -4.698522E-6
1.582250E+7,    -4.859176E-6,    -9.493902E-6
1.582875E+7,    4.861038E-6,    9.472948E-6
1.583500E+7,    -7.185619E-6,    -2.281740E-6
1.584125E+7,    4.535541E-7,    2.384372E-5
1.584750E+7,    -2.496690E-5,    4.038215E-6
1.585375E+7,    -1.216866E-5,    -1.163036E-5
1.586000E+7,    -1.113396E-5,    -1.515914E-5
1.586625E+7,    -2.157874E-6,    7.212628E-6
1.587250E+7,    -1.867581E-5,    1.016632E-5
1.587875E+7,    -2.271775E-5,    -2.728775E-6
1.588500E+7,    -6.167218E-6,    -5.708076E-6
1.589125E+7,    2.374500E-5,    -1.015142E-6
1.589750E+7,    3.038440E-6,    -1.083827E-5
1.590375E+7,    -7.413328E-6,    -2.931617E-5
1.591000E+7,    8.907169E-6,    -3.258884E-5
1.591625E+7,    -1.979060E-6,    7.230090E-6
1.592250E+7,    -1.307763E-5,    -3.838912E-5
1.592875E+7,    -1.162570E-5,    -1.469627E-5
1.593500E+7,    1.735054E-5,    -7.064082E-6
1.594125E+7,    -8.175615E-6,    1.761131E-6
1.594750E+7,    -1.746230E-6,    -2.359226E-5
1.595375E+7,    1.360010E-5,    7.271767E-6
1.596000E+7,    1.543295E-5,    -2.793968E-9
1.596625E+7,    -1.777662E-6,    7.264316E-6
1.597250E+7,    -1.193397E-5,    -1.440942E-5
1.597875E+7,    9.017065E-6,    -5.561858E-6
1.598500E+7,    -1.849234E-5,    -1.966394E-5
1.599125E+7,    -1.544319E-5,    2.570450E-7
1.599750E+7,    -8.116942E-6,    2.012122E-6
1.600375E+7,    -3.886968E-5,    4.555285E-5
1.601000E+7,    5.851313E-5,    -6.204471E-5
1.601625E+7,    4.058704E-5,    -6.363913E-5
1.602250E+7,    9.191781E-5,    -1.162514E-4
1.602875E+7,    5.664304E-5,    5.635619E-5
1.603500E+7,    -1.012795E-4,    8.706748E-5
1.604125E+7,    1.061298E-4,    1.539662E-5
1.604750E+7,    -6.943941E-6,    1.574121E-5
1.605375E+7,    2.472103E-5,    -2.044439E-5
1.606000E+7,    2.825074E-5,    -6.984919E-8
1.606625E+7,    1.615658E-4,    -6.035715E-5
1.607250E+7,    5.877391E-5,    -6.182864E-5
1.607875E+7,    3.019813E-7,    6.407732E-6
1.608500E+7,    -7.202849E-5,    -5.103648E-7
1.609125E+7,    5.107373E-5,    1.042858E-4
1.609750E+7,    4.107133E-6,    3.320165E-5
1.610375E+7,    -7.141382E-5,    6.883591E-5
1.611000E+7,    2.333242E-5,    4.055910E-6
1.611625E+7,    -1.661479E-5,    -2.621487E-5
1.612250E+7,    -5.423091E-5,    -5.241483E-6
1.612875E+7,    -1.456123E-5,    1.864322E-5
1.613500E+7,    -3.576279E-6,    9.267777E-5
1.614125E+7,    6.351620E-6,    8.450449E-5
1.614750E+7,    -6.702170E-5,    -4.705042E-6
1.615375E+7,    -7.458404E-5,    -1.784414E-6
1.616000E+7,    -8.971244E-5,    -5.248934E-5
1.616625E+7,    2.108514E-5,    -4.720502E-5
1.617250E+7,    2.687983E-5,    -3.202073E-5
1.617875E+7,    -1.227483E-6,    3.089756E-5
1.618500E+7,    -8.326024E-6,    -7.287785E-5
1.619125E+7,    1.358166E-4,    -7.133186E-5
1.619750E+7,    6.290898E-5,    2.812967E-5
1.620375E+7,    4.301220E-5,    4.444644E-5
1.621000E+7,    2.648681E-5,    1.817755E-5
1.621625E+7,    -2.166815E-5,    3.434531E-5
1.622250E+7,    7.383525E-6,    1.166537E-4
1.622875E+7,    1.155958E-5,    3.032759E-5
1.623500E+7,    -5.845726E-5,    -4.503503E-5
1.624125E+7,    3.816560E-5,    -7.100403E-5
1.624750E+7,    -2.599880E-5,    -6.832555E-5
1.625375E+7,    -4.034489E-6,    -9.624287E-5
1.626000E+7,    -5.993992E-6,    4.138984E-5
1.626625E+7,    1.518428E-5,    -6.879866E-5
1.627250E+7,    -1.625717E-5,    -1.988932E-5
1.627875E+7,    1.752935E-5,    -1.101103E-5
1.628500E+7,    -3.920868E-6,    -3.325567E-5
1.629125E+7,    -7.127225E-5,    -4.465878E-5
1.629750E+7,    -1.150258E-4,    1.754239E-5
1.630375E+7,    -1.233146E-4,    6.420165E-5
1.631000E+7,    -8.539483E-5,    -1.322478E-5
1.631625E+7,    2.433732E-5,    -3.311411E-5
1.632250E+7,    -4.685670E-5,    -1.407787E-4
1.632875E+7,    -1.226440E-4,    2.093166E-4
1.633500E+7,    7.744879E-5,    -1.224875E-4
1.634125E+7,    -1.936592E-5,    -3.395230E-5
1.634750E+7,    -1.182258E-4,    -6.592274E-5
1.635375E+7,    3.239512E-5,    1.027361E-4
1.636000E+7,    -4.573911E-5,    -5.217642E-5
1.636625E+7,    2.306327E-5,    -2.205372E-6
1.637250E+7,    -3.045052E-5,    -1.209974E-4
1.637875E+7,    7.213652E-5,    -6.196275E-5
1.638500E+7,    -8.834153E-5,    -1.532733E-4
1.639125E+7,    1.149438E-5,    3.041141E-5
1.639750E+7,    -1.192726E-4,    1.100712E-4
1.640375E+7,    1.933426E-5,    3.399700E-5
1.641000E+7,    -1.880899E-5,    -2.115034E-5
1.641625E+7,    -3.713369E-5,    -2.944842E-5
1.642250E+7,    -5.996972E-5,    -2.086535E-5
1.642875E+7,    -3.476441E-5,    -3.468245E-5
1.643500E+7,    -3.018510E-5,    1.787022E-5
1.644125E+7,    -2.931803E-5,    -2.590939E-5
1.644750E+7,    -1.357868E-5,    -1.880527E-5
1.645375E+7,    -1.022639E-5,    1.676846E-6
1.646000E+7,    2.616318E-6,    1.186389E-6
1.646625E+7,    -9.502284E-6,    2.095662E-5
1.647250E+7,    4.209578E-5,    9.490550E-5
1.647875E+7,    7.804483E-5,    -4.674494E-5
1.648500E+7,    3.876537E-5,    4.986301E-6
1.649125E+7,    2.353452E-5,    1.070648E-5
1.649750E+7,    -2.212636E-5,    2.783351E-5
1.650375E+7,    3.291294E-6,    -4.904903E-5
1.651000E+7,    -3.957003E-5,    4.522316E-5
1.651625E+7,    -1.071300E-5,    -1.121685E-5
1.652250E+7,    -5.140156E-5,    1.858920E-6
1.652875E+7,    -7.741153E-6,    -7.316098E-5
1.653500E+7,    4.310347E-5,    -1.835078E-5
1.654125E+7,    -1.594424E-5,    -1.360383E-5
1.654750E+7,    7.028133E-5,    1.937896E-5
1.655375E+7,    -3.281236E-5,    -5.297735E-5
1.656000E+7,    1.411699E-5,    -3.783591E-5
1.656625E+7,    -4.300848E-5,    -5.135313E-5
1.657250E+7,    3.844500E-6,    -3.623404E-5
1.657875E+7,    -1.684949E-5,    -3.934279E-5
1.658500E+7,    5.540252E-5,    -3.804825E-5
1.659125E+7,    6.982684E-5,    6.604940E-6
1.659750E+7,    1.413822E-4,    6.460398E-5
1.660375E+7,    2.790242E-6,    -6.838143E-5
1.661000E+7,    1.784414E-5,    -8.050352E-5
1.661625E+7,    3.733113E-5,    3.609434E-5
1.662250E+7,    4.713982E-5,    9.763986E-5
1.662875E+7,    4.386902E-5,    1.532137E-4
1.663500E+7,    4.277378E-5,    1.211166E-4
1.664125E+7,    -4.324503E-5,    1.822412E-5
1.664750E+7,    -2.329051E-5,    -1.566932E-4
1.665375E+7,    3.796071E-5,    -1.728982E-4
1.666000E+7,    3.188103E-5,    2.730079E-5
1.666625E+7,    5.022855E-6,    -4.038448E-6
1.667250E+7,    4.307367E-5,    -2.462976E-5
1.667875E+7,    -2.754573E-5,    2.541672E-5
1.668500E+7,    1.716241E-5,    5.234778E-5
1.669125E+7,    -1.356378E-5,    5.714782E-5
1.669750E+7,    6.967038E-5,    3.241003E-7
1.670375E+7,    7.175282E-5,    -9.398907E-5
1.671000E+7,    2.595186E-4,    4.979968E-5
1.671625E+7,    -6.937981E-5,    -7.003546E-5
1.672250E+7,    5.584210E-6,    -6.727874E-5
1.672875E+7,    1.048669E-5,    4.838221E-6
1.673500E+7,    4.828442E-6,    -1.048064E-5
1.674125E+7,    -1.673959E-5,    -3.945827E-5
1.674750E+7,    1.775101E-5,    7.177517E-5
1.675375E+7,    -5.122833E-5,    1.457892E-5
1.676000E+7,    -4.353374E-5,    1.168996E-5
1.676625E+7,    -4.177354E-5,    -1.293421E-5
1.677250E+7,    1.123138E-4,    -4.366040E-5
1.677875E+7,    -2.802629E-5,    1.252070E-5
1.678500E+7,    -5.466118E-5,    -1.251698E-5
1.679125E+7,    -2.236571E-6,    1.169741E-5
1.679750E+7,    -6.475300E-5,    -4.529953E-6
1.680375E+7,    4.195608E-5,    1.939572E-5
1.681000E+7,    2.266467E-5,    -1.039915E-4
1.681625E+7,    -2.827309E-5,    6.013550E-6
1.682250E+7,    -5.972013E-5,    -8.530915E-6
1.682875E+7,    2.694689E-5,    -5.125068E-5
1.683500E+7,    8.998439E-6,    4.238822E-5
1.684125E+7,    -3.930368E-5,    -1.822226E-5
1.684750E+7,    5.893782E-5,    -1.730211E-5
1.685375E+7,    -1.948327E-5,    4.194863E-5
1.686000E+7,    -2.620183E-5,    -1.218915E-5
1.686625E+7,    5.225465E-5,    -7.130578E-5
1.687250E+7,    1.252666E-4,    -5.021691E-5
1.687875E+7,    -1.254398E-5,    1.329836E-5
1.688500E+7,    7.304363E-6,    -1.572352E-5
1.689125E+7,    -5.745888E-5,    -2.035499E-5
1.689750E+7,    -1.187287E-4,    8.512288E-6
1.690375E+7,    3.970414E-5,    3.119931E-5
1.691000E+7,    -5.267188E-5,    -3.090128E-5
1.691625E+7,    -5.610287E-6,    -1.535658E-5
1.692250E+7,    5.551241E-5,    -5.071610E-5
1.692875E+7,    4.521199E-5,    -4.920363E-5
1.693500E+7,    -7.569790E-6,    9.859726E-5
1.694125E+7,    2.986751E-5,    -4.353933E-5
1.694750E+7,    7.952377E-5,    -2.682954E-5
1.695375E+7,    -3.243983E-5,    -1.429245E-4
1.696000E+7,    5.775131E-6,    2.185348E-5
1.696625E+7,    -2.828613E-5,    -8.983910E-5
1.697250E+7,    -1.100004E-4,    -4.498661E-5
1.697875E+7,    -4.158914E-5,    -2.942383E-4
1.698500E+7,    -6.524846E-5,    -1.775846E-5
1.699125E+7,    1.819711E-5,    2.115034E-6
1.699750E+7,    -8.112565E-5,    -3.155321E-5
1.700375E+7,    2.815574E-5,    -1.238566E-5
1.701000E+7,    -4.900247E-5,    9.087846E-6
1.701625E+7,    2.678856E-5,    -6.425381E-5
1.702250E+7,    2.859905E-5,    -9.540841E-5
1.702875E+7,    -9.433180E-5,    -3.769994E-5
1.703500E+7,    -1.608580E-5,    -2.031587E-5
1.704125E+7,    -1.438707E-4,    -1.571625E-4
1.704750E+7,    -3.140569E-4,    8.971989E-5
1.705375E+7,    3.271736E-6,    2.714898E-5
1.706000E+7,    1.360290E-5,    2.558343E-5
1.706625E+7,    -4.296005E-5,    -5.853921E-5
1.707250E+7,    -4.843809E-5,    3.492460E-5
1.707875E+7,    -1.489744E-5,    -7.742643E-5
1.708500E+7,    -6.463379E-5,    8.095056E-6
1.709125E+7,    -9.723939E-6,    2.747122E-5
1.709750E+7,    -1.710802E-4,    1.182929E-4
1.710375E+7,    -3.764778E-5,    5.283765E-5
1.711000E+7,    -3.013760E-5,    4.350394E-5
1.711625E+7,    -4.770607E-5,    6.733090E-5
1.712250E+7,    -9.426475E-5,    -3.150105E-5
1.712875E+7,    -3.426708E-5,    -2.256036E-5
1.713500E+7,    8.087978E-5,    1.877919E-5
1.714125E+7,    -4.874542E-5,    2.194010E-5
1.714750E+7,    -3.181957E-5,    -2.778880E-5
1.715375E+7,    2.873689E-5,    7.102266E-6
1.716000E+7,    2.920069E-5,    2.656318E-5
1.716625E+7,    -1.353621E-4,    -1.896173E-5
1.717250E+7,    2.884865E-5,    1.358800E-5
1.717875E+7,    -5.852431E-6,    -2.842769E-5
1.718500E+7,    4.973263E-5,    -9.859353E-5
1.719125E+7,    7.872004E-6,    3.720168E-6
1.719750E+7,    5.398877E-5,    -2.591871E-5
1.720375E+7,    -6.758422E-5,    1.750886E-7
1.721000E+7,    4.450232E-5,    1.458451E-5
1.721625E+7,    -1.502596E-5,    2.503768E-5
1.722250E+7,    -1.111962E-4,    2.452359E-5
1.722875E+7,    -2.662465E-5,    9.028614E-5
1.723500E+7,    -4.614145E-5,    2.956577E-5
1.724125E+7,    -1.384318E-5,    -3.867038E-5
1.724750E+7,    -2.692267E-5,    7.723644E-5
1.725375E+7,    -1.442060E-5,    -6.468594E-5
1.726000E+7,    1.605228E-5,    -1.016855E-4
1.726625E+7,    -3.649294E-5,    -4.416332E-6
1.727250E+7,    2.337247E-5,    -1.805834E-6
1.727875E+7,    5.712174E-5,    -5.071983E-6
1.728500E+7,    -6.486848E-5,    7.826835E-6
1.729125E+7,    -5.354173E-5,    5.189143E-5
1.729750E+7,    4.811212E-5,    -6.080419E-5
1.730375E+7,    5.265325E-5,    -9.742007E-5
1.731000E+7,    -1.579970E-4,    3.456324E-5
1.731625E+7,    -3.736466E-5,    -4.349649E-5
1.732250E+7,    -8.302554E-5,    1.218542E-5
1.732875E+7,    1.787487E-5,    -1.727417E-5
1.733500E+7,    7.320568E-5,    1.543760E-5
1.734125E+7,    -7.730722E-5,    4.066899E-5
1.734750E+7,    7.937849E-5,    -6.540865E-5
1.735375E+7,    -1.390576E-4,    7.569045E-5
1.736000E+7,    -5.564466E-5,    -5.229935E-5
1.736625E+7,    -8.855760E-5,    -1.388639E-4
1.737250E+7,    1.207963E-4,    5.750358E-5
1.737875E+7,    -1.399592E-5,    8.365512E-5
1.738500E+7,    -1.579523E-5,    -2.654791E-4
1.739125E+7,    1.334250E-4,    2.476573E-5
1.739750E+7,    4.842132E-5,    8.121878E-5
1.740375E+7,    1.068786E-4,    -1.362115E-4
1.741000E+7,    2.276152E-6,    1.172833E-4
1.741625E+7,    -5.965121E-5,    1.674891E-5
1.742250E+7,    -4.974194E-5,    -1.079589E-5
1.742875E+7,    -5.513057E-5,    -1.980737E-5
1.743500E+7,    -1.011938E-4,    2.272800E-5
1.744125E+7,    -9.829178E-6,    3.406405E-5
1.744750E+7,    -9.112805E-5,    8.154660E-6
1.745375E+7,    8.466095E-5,    6.623566E-5
1.746000E+7,    -6.147102E-5,    6.103516E-5
1.746625E+7,    -2.427399E-5,    -4.391372E-5
1.747250E+7,    -1.189485E-5,    6.541982E-5
1.747875E+7,    -6.664544E-5,    -8.357316E-5
1.748500E+7,    -1.111254E-5,    -3.761798E-5
1.749125E+7,    5.150214E-6,    -4.002592E-6
1.749750E+7,    1.007505E-5,    -2.105534E-5
1.750375E+7,    -9.583309E-6,    4.716218E-5
1.751000E+7,    -1.195446E-5,    6.543845E-5
1.751625E+7,    7.434189E-5,    7.439405E-5
1.752250E+7,    -4.144013E-5,    1.893938E-5
1.752875E+7,    -2.252311E-5,    6.044097E-5
1.753500E+7,    -3.390945E-5,    3.181398E-6
1.754125E+7,    7.161871E-6,    -4.190393E-5
1.754750E+7,    -1.481175E-5,    5.118176E-5
1.755375E+7,    3.061444E-5,    -4.361197E-5
1.756000E+7,    -3.147870E-5,    -8.624047E-6
1.756625E+7,    1.352951E-4,    -2.563000E-5
1.757250E+7,    -3.147312E-5,    -8.644536E-6
1.757875E+7,    -6.371737E-5,    1.053885E-4
1.758500E+7,    -6.834790E-5,    -2.634525E-5
1.759125E+7,    4.444830E-5,    1.924112E-6
1.759750E+7,    1.762249E-5,    -4.338287E-5
1.760375E+7,    -8.906052E-5,    -1.686811E-5
1.761000E+7,    -4.880130E-5,    -1.208335E-4
1.761625E+7,    -1.862086E-5,    -2.193637E-5
1.762250E+7,    -1.554042E-4,    8.714199E-5
1.762875E+7,    -6.906688E-6,    6.149337E-5
1.763500E+7,    9.406358E-6,    -7.328019E-5
1.764125E+7,    -4.438497E-5,    4.544854E-6
1.764750E+7,    -3.883615E-7,    -2.613198E-5
1.765375E+7,    -1.501814E-4,    -7.887930E-5
1.766000E+7,    -9.318069E-5,    6.538630E-5
1.766625E+7,    -3.886223E-5,    2.671592E-5
1.767250E+7,    -1.327097E-4,    4.625320E-5
1.767875E+7,    -7.736683E-5,    -1.089200E-4
1.768500E+7,    3.007799E-5,    9.898841E-5
1.769125E+7,    -1.061801E-5,    -1.162942E-5
1.769750E+7,    2.159178E-5,    4.940107E-5
1.770375E+7,    -1.174361E-4,    2.119318E-5
1.771000E+7,    -4.227459E-5,    -3.348291E-5
1.771625E+7,    3.436953E-5,    2.962723E-5
1.772250E+7,    -1.169369E-4,    6.033108E-5
1.772875E+7,    1.205131E-5,    -7.865578E-5
1.773500E+7,    -5.096197E-6,    1.053978E-5
1.774125E+7,    -3.712624E-5,    -3.746524E-5
1.774750E+7,    -7.516891E-5,    -1.468137E-4
1.775375E+7,    -1.384765E-4,    2.396852E-5
1.776000E+7,    -1.618639E-5,    -4.040077E-5
1.776625E+7,    -6.289408E-5,    -4.436821E-6
1.777250E+7,    2.669543E-5,    4.550070E-5
1.777875E+7,    -4.629046E-5,    6.861612E-5
1.778500E+7,    -7.863343E-5,    -5.602837E-6
1.779125E+7,    -8.931383E-5,    -2.380461E-5
1.779750E+7,    -1.586974E-6,    8.384511E-5
1.780375E+7,    -7.646531E-5,    -4.361197E-5
1.781000E+7,    -1.269579E-5,    3.286824E-5
1.781625E+7,    -7.711351E-7,    -6.546825E-5
1.782250E+7,    -7.019937E-5,    4.397705E-5
1.782875E+7,    -1.102313E-5,    -5.092472E-5
1.783500E+7,    3.899820E-5,    -2.664328E-5
1.784125E+7,    -1.182333E-4,    -1.827627E-5
1.784750E+7,    1.515821E-5,    -5.127117E-5
1.785375E+7,    -8.415803E-5,    -2.792105E-5
1.786000E+7,    -5.755760E-5,    1.107901E-5
1.786625E+7,    -5.476177E-6,    -2.223253E-5
1.787250E+7,    -4.139356E-5,    5.150586E-5
1.787875E+7,    -6.514043E-5,    3.997236E-5
1.788500E+7,    -4.453771E-5,    4.379079E-6
1.789125E+7,    -3.376044E-5,    2.917089E-5
1.789750E+7,    -3.394298E-5,    1.610443E-5
1.790375E+7,    -3.720447E-5,    -5.082786E-5
1.791000E+7,    -1.633167E-5,    -6.020069E-5
1.791625E+7,    1.516938E-5,    -5.786121E-5
1.792250E+7,    8.156523E-6,    3.007054E-5
1.792875E+7,    4.941970E-5,    -4.108436E-5
1.793500E+7,    -3.125891E-5,    2.389029E-5
1.794125E+7,    5.729496E-6,    4.850887E-5
1.794750E+7,    -7.353351E-5,    -3.252178E-6
1.795375E+7,    4.429184E-5,    -3.712997E-5
1.796000E+7,    5.434081E-5,    -9.757280E-5
1.796625E+7,    -9.706616E-5,    4.734844E-6
1.797250E+7,    -3.170967E-5,    -2.206676E-5
1.797875E+7,    -6.824359E-5,    -7.525086E-7
1.798500E+7,    5.692989E-5,    -9.623542E-5
1.799125E+7,    -5.623326E-6,    -4.195236E-5
1.799750E+7,    1.070090E-5,    2.485141E-5
1.800375E+7,    -1.178533E-4,    5.344674E-5
1.801000E+7,    1.017191E-5,    -4.076958E-5
1.801625E+7,    1.140684E-5,    -1.967996E-4
1.802250E+7,    -4.232302E-5,    -4.697219E-5
1.802875E+7,    -3.945827E-5,    -6.277114E-6
1.803500E+7,    -1.269579E-5,    5.915575E-5
1.804125E+7,    5.755946E-5,    -3.065728E-5
1.804750E+7,    2.669170E-5,    6.547943E-5
1.805375E+7,    2.626888E-5,    -2.002344E-7
1.806000E+7,    -9.955466E-5,    4.277378E-5
1.806625E+7,    -8.409843E-5,    -8.616596E-6
1.807250E+7,    1.589581E-5,    2.090447E-5
1.807875E+7,    7.063150E-5,    -4.385412E-5
1.808500E+7,    -4.458614E-5,    1.077913E-5
1.809125E+7,    5.199760E-5,    -9.240210E-5
1.809750E+7,    -7.146597E-5,    -8.749962E-5
1.810375E+7,    -1.787245E-4,    -3.565848E-5
1.811000E+7,    -5.533919E-5,    -2.722815E-5
1.811625E+7,    -5.786680E-5,    -2.324581E-6
1.812250E+7,    -8.057803E-6,    -3.019348E-5
1.812875E+7,    -2.186745E-6,    7.750466E-5
1.813500E+7,    -2.363883E-5,    1.439825E-6
1.814125E+7,    -6.310269E-5,    1.639128E-6
1.814750E+7,    4.146248E-5,    -1.172535E-4
1.815375E+7,    -2.559274E-6,    1.184177E-5
1.816000E+7,    -6.637722E-5,    -1.113862E-4
1.816625E+7,    -8.169562E-5,    -3.379956E-5
1.817250E+7,    -6.863475E-5,    -6.017089E-5
1.817875E+7,    -3.937818E-5,    1.332909E-5
1.818500E+7,    9.894371E-6,    -1.064129E-4
1.819125E+7,    2.363976E-5,    -7.972121E-6
1.819750E+7,    2.372265E-5,    1.173466E-5
1.820375E+7,    -3.180280E-5,    -6.819516E-5
1.821000E+7,    -4.435331E-5,    8.969009E-5
1.821625E+7,    -1.416653E-4,    8.071959E-5
1.822250E+7,    -2.643093E-5,    -3.277510E-5
1.822875E+7,    2.523884E-6,    -2.502184E-5
1.823500E+7,    4.968792E-5,    -1.002215E-4
1.824125E+7,    6.556883E-5,    -5.289912E-5
1.824750E+7,    -9.211898E-5,    3.576279E-7
1.825375E+7,    4.974753E-5,    -7.390603E-5
1.826000E+7,    -7.897243E-5,    -1.293421E-5
1.826625E+7,    -4.474632E-5,    4.069880E-6
1.827250E+7,    2.899580E-5,    2.096035E-5
1.827875E+7,    7.817522E-6,    -2.240483E-5
1.828500E+7,    2.626330E-5,    -2.639089E-5
1.829125E+7,    -2.110284E-5,    -1.047831E-5
1.829750E+7,    -8.156151E-5,    1.203641E-5
1.830375E+7,    2.752990E-6,    4.081056E-5
1.831000E+7,    -8.434802E-5,    -4.848838E-5
1.831625E+7,    -2.374314E-5,    -2.494641E-5
1.832250E+7,    -5.265512E-5,    1.984276E-5
1.832875E+7,    -2.393872E-5,    -1.105368E-4
1.833500E+7,    -3.169477E-5,    -2.891384E-5
1.834125E+7,    -1.309626E-5,    3.293157E-5
1.834750E+7,    3.677979E-5,    -8.702278E-5
1.835375E+7,    -7.994473E-6,    -5.663931E-5
1.836000E+7,    -8.694828E-5,    -3.848225E-6
1.836625E+7,    -5.319715E-6,    -4.214793E-5
1.837250E+7,    -5.531684E-5,    5.323440E-6
1.837875E+7,    -4.237890E-5,    -1.132563E-4
1.838500E+7,    3.673881E-5,    -1.200587E-4
1.839125E+7,    -1.583062E-5,    -2.105348E-5
1.839750E+7,    -5.269796E-5,    4.620105E-5
1.840375E+7,    -5.802140E-5,    -2.237782E-5
1.841000E+7,    4.222058E-5,    -1.849607E-5
1.841625E+7,    -7.908419E-5,    6.597489E-6
1.842250E+7,    -2.110749E-5,    2.639368E-6
1.842875E+7,    -1.108423E-4,    -2.893806E-5
1.843500E+7,    2.899766E-5,    -1.306012E-4
1.844125E+7,    2.111122E-5,    -1.582317E-5
1.844750E+7,    1.582503E-5,    -9.761751E-5
1.845375E+7,    -4.487112E-5,    -2.899766E-5
1.846000E+7,    1.582224E-5,    7.909723E-6
1.846625E+7,    1.056679E-5,    3.164262E-5
1.847250E+7,    5.800650E-5,    -1.051463E-5
1.847875E+7,    5.364418E-6,    -8.315220E-5
1.848500E+7,    -4.487671E-5,    4.346855E-5
1.849125E+7,    -2.607703E-6,    -2.772268E-5
1.849750E+7,    -9.239465E-5,    7.242709E-5
1.850375E+7,    -6.861612E-5,    1.176447E-5
1.851000E+7,    -1.055561E-4,    -6.724149E-6
1.851625E+7,    4.221871E-5,    -1.182780E-5
1.852250E+7,    -6.863102E-5,    -8.050352E-6
1.852875E+7,    -2.897158E-5,    -4.095957E-5
1.853500E+7,    -1.853518E-5,    4.355609E-5
1.854125E+7,    -1.664311E-4,    8.816272E-5
1.854750E+7,    -9.231269E-5,    -7.285178E-5
1.855375E+7,    -2.605841E-6,    -1.453422E-5
1.856000E+7,    -9.751320E-5,    -1.150370E-4