SAVED BY: 
TITLE: 
COMMENTS: 
DATE: 10/27/2020
TIME: 1:25 PM

STIMULUS, REAL, IMAGINARY

8.560000E+6,    -1.577288E-5,    -1.715496E-4
8.566250E+6,    -8.285046E-6,    -1.598075E-4
8.572500E+6,    -1.442432E-5,    -1.559183E-4
8.578750E+6,    -9.022653E-6,    -1.266748E-4
8.585000E+6,    1.099706E-5,    -1.475736E-4
8.591250E+6,    2.332032E-6,    -1.671612E-4
8.597500E+6,    -2.498925E-5,    -1.832768E-4
8.603750E+6,    5.319715E-6,    -1.612008E-4
8.610000E+6,    -1.277775E-5,    -1.499206E-4
8.616250E+6,    9.678304E-6,    -1.728609E-4
8.622500E+6,    -2.601743E-5,    -1.498833E-4
8.628750E+6,    -2.138317E-6,    -1.574308E-4
8.635000E+6,    -1.005083E-5,    -1.437366E-4
8.641250E+6,    -1.534820E-5,    -1.574233E-4
8.647500E+6,    -2.152473E-5,    -1.535714E-4
8.653750E+6,    3.717840E-6,    -1.534671E-4
8.660000E+6,    -3.360212E-6,    -1.574010E-4
8.666250E+6,    -6.780028E-6,    -1.555979E-4
8.672500E+6,    7.480383E-6,    -1.653582E-4
8.678750E+6,    -7.539988E-6,    -1.555756E-4
8.685000E+6,    -1.068413E-5,    -1.787394E-4
8.691250E+6,    -1.491606E-5,    -1.592636E-4
8.697500E+6,    2.808869E-6,    -1.633540E-4
8.703750E+6,    -1.461804E-5,    -1.514927E-4
8.710000E+6,    -1.223385E-5,    -1.534969E-4
8.716250E+6,    -1.171231E-5,    -1.709163E-4
8.722500E+6,    -3.737211E-5,    -1.705438E-4
8.728750E+6,    -1.826882E-5,    -1.668707E-4
8.735000E+6,    -2.479553E-5,    -1.628846E-4
8.741250E+6,    -3.509223E-5,    -1.898110E-4
8.747500E+6,    -1.612306E-5,    -1.861826E-4
8.753750E+6,    -2.737343E-5,    -1.529381E-4
8.760000E+6,    -2.077967E-5,    -1.743659E-4
8.766250E+6,    -2.177060E-5,    -1.743808E-4
8.772500E+6,    -1.382828E-5,    -1.805276E-4
8.778750E+6,    -1.272559E-5,    -1.726598E-4
8.785000E+6,    -2.145767E-5,    -1.663789E-4
8.791250E+6,    -3.329664E-5,    -1.582727E-4
8.797500E+6,    -4.045665E-6,    -1.711026E-4
8.803750E+6,    -1.446903E-5,    -1.725107E-4
8.810000E+6,    -1.338869E-5,    -1.823828E-4
8.816250E+6,    -2.783537E-5,    -1.718700E-4
8.822500E+6,    -1.517683E-5,    -1.728013E-4
8.828750E+6,    -1.005083E-5,    -1.593232E-4
8.835000E+6,    -9.074807E-6,    -1.514256E-4
8.841250E+6,    -2.399832E-5,    -1.757294E-4
8.847500E+6,    8.173287E-6,    -1.741424E-4
8.853750E+6,    -2.895296E-5,    -1.813471E-4
8.860000E+6,    -6.556511E-6,    -1.809299E-4
8.866250E+6,    -4.477799E-6,    -1.829267E-4
8.872500E+6,    -1.864135E-5,    -1.896173E-4
8.878750E+6,    -7.599592E-6,    -1.631379E-4
8.885000E+6,    -9.991229E-6,    -1.709610E-4
8.891250E+6,    -2.978742E-5,    -1.732185E-4
8.897500E+6,    -7.525086E-6,    -1.729503E-4
8.903750E+6,    -2.433360E-5,    -1.874864E-4
8.910000E+6,    -1.095235E-5,    -1.709685E-4
8.916250E+6,    -1.555681E-5,    -1.764596E-4
8.922500E+6,    -1.203269E-5,    -1.883358E-4
8.928750E+6,    -6.936491E-6,    -1.752228E-4
8.935000E+6,    -7.137656E-6,    -1.753792E-4
8.941250E+6,    -1.560897E-5,    -1.962855E-4
8.947500E+6,    -2.036989E-5,    -1.740530E-4
8.953750E+6,    -1.221895E-5,    -1.904219E-4
8.960000E+6,    -1.576543E-5,    -1.783445E-4
8.966250E+6,    -4.049391E-5,    -1.856685E-4
8.972500E+6,    -1.339614E-5,    -1.904219E-4
8.978750E+6,    -2.063066E-5,    -2.032742E-4
8.985000E+6,    -1.230091E-5,    -1.827404E-4
8.991250E+6,    -2.643466E-5,    -1.714155E-4
8.997500E+6,    -3.022701E-5,    -1.863837E-4
9.003750E+6,    -1.161546E-5,    -1.750290E-4
9.010000E+6,    1.609325E-6,    -1.962855E-4
9.016250E+6,    -2.436340E-6,    -1.743361E-4
9.022500E+6,    -1.873821E-5,    -1.604632E-4
9.028750E+6,    -2.194196E-5,    -1.858398E-4
9.035000E+6,    -1.379102E-5,    -1.748875E-4
9.041250E+6,    -2.064556E-5,    -1.877621E-4
9.047500E+6,    -9.439886E-6,    -1.695603E-4
9.053750E+6,    -9.812415E-6,    -1.696646E-4
9.060000E+6,    -2.406538E-5,    -1.949072E-4
9.066250E+6,    -1.639128E-5,    -2.120733E-4
9.072500E+6,    -3.536046E-5,    -1.856461E-4
9.078750E+6,    -2.639741E-5,    -1.752824E-4
9.085000E+6,    -3.124774E-5,    -1.802891E-4
9.091250E+6,    -1.978129E-5,    -1.724437E-4
9.097500E+6,    -1.700968E-5,    -1.944080E-4
9.103750E+6,    -1.531094E-5,    -1.868829E-4
9.110000E+6,    -3.014505E-5,    -1.924783E-4
9.116250E+6,    -3.488362E-5,    -1.976565E-4
9.122500E+6,    -2.603233E-5,    -1.870245E-4
9.128750E+6,    -2.381206E-5,    -1.894906E-4
9.135000E+6,    -1.692027E-5,    -1.870245E-4
9.141250E+6,    -2.431870E-5,    -2.092421E-4
9.147500E+6,    -3.539771E-5,    -1.797229E-4
9.153750E+6,    -1.788139E-5,    -2.064407E-4
9.160000E+6,    -2.370030E-5,    -1.918077E-4
9.166250E+6,    -4.635751E-5,    -1.894608E-4
9.172500E+6,    -1.195818E-5,    -1.940280E-4
9.178750E+6,    -3.214926E-5,    -1.940355E-4
9.185000E+6,    -2.490729E-5,    -2.014413E-4
9.191250E+6,    -1.314282E-5,    -2.037510E-4
9.197500E+6,    -2.370030E-5,    -1.940206E-4
9.203750E+6,    -2.442300E-5,    -2.035946E-4
9.210000E+6,    -2.706051E-5,    -2.014562E-4
9.216250E+6,    -3.433228E-5,    -1.937300E-4
9.222500E+6,    -3.006309E-5,    -1.787245E-4
9.228750E+6,    -3.317744E-5,    -1.863018E-4
9.235000E+6,    -3.594905E-5,    -1.937076E-4
9.241250E+6,    -1.936406E-5,    -1.912862E-4
9.247500E+6,    -3.477931E-5,    -2.059191E-4
9.253750E+6,    -2.999604E-5,    -2.009943E-4
9.260000E+6,    -3.284216E-5,    -1.985282E-4
9.266250E+6,    -4.312396E-5,    -1.981854E-4
9.272500E+6,    -3.698468E-5,    -2.157092E-4
9.278750E+6,    -2.460182E-5,    -1.983941E-4
9.285000E+6,    -1.504272E-5,    -1.986250E-4
9.291250E+6,    -1.294911E-5,    -2.113134E-4
9.297500E+6,    -3.023446E-5,    -1.932457E-4
9.303750E+6,    -2.941489E-5,    -2.157986E-4
9.310000E+6,    -4.909933E-5,    -2.152026E-4
9.316250E+6,    -4.433095E-5,    -2.001971E-4
9.322500E+6,    -2.422929E-5,    -1.906306E-4
9.328750E+6,    -3.047287E-5,    -2.056360E-4
9.335000E+6,    -3.774464E-5,    -1.876950E-4
9.341250E+6,    -3.098696E-5,    -1.953840E-4
9.347500E+6,    -4.693866E-5,    -2.098083E-4
9.353750E+6,    -3.765523E-5,    -2.100021E-4
9.360000E+6,    -1.455843E-5,    -1.938343E-4
9.366250E+6,    -4.115701E-5,    -2.173185E-4
9.372500E+6,    -4.391372E-5,    -2.146512E-4
9.378750E+6,    -4.799664E-5,    -1.894832E-4
9.385000E+6,    -3.969669E-5,    -2.097487E-4
9.391250E+6,    -3.542006E-5,    -2.246797E-4
9.397500E+6,    -4.418194E-5,    -1.842529E-4
9.403750E+6,    -4.199147E-5,    -2.297163E-4
9.410000E+6,    -3.015995E-5,    -1.900643E-4
9.416250E+6,    -3.536046E-5,    -2.170801E-4
9.422500E+6,    -4.482269E-5,    -2.065897E-4
9.428750E+6,    -4.026294E-5,    -2.342463E-4
9.435000E+6,    -4.544854E-5,    -2.064407E-4
9.441250E+6,    -1.819432E-5,    -2.057999E-4
9.447500E+6,    -5.495548E-5,    -2.180636E-4
9.453750E+6,    -4.857779E-5,    -2.258420E-4
9.460000E+6,    -2.780557E-5,    -2.077371E-4
9.466250E+6,    -5.424023E-5,    -2.202690E-4
9.472500E+6,    -2.902746E-5,    -2.176464E-4
9.478750E+6,    -5.453825E-5,    -2.202094E-4
9.485000E+6,    -4.705787E-5,    -2.082586E-4
9.491250E+6,    -2.068281E-5,    -2.182424E-4
9.497500E+6,    -3.996491E-5,    -2.062321E-4
9.503750E+6,    -3.269315E-5,    -2.270341E-4
9.510000E+6,    -4.968047E-5,    -2.178252E-4
9.516250E+6,    -3.600121E-5,    -2.242625E-4
9.522500E+6,    -4.667044E-5,    -2.229214E-4
9.528750E+6,    -5.307794E-5,    -2.375841E-4
9.535000E+6,    -4.795194E-5,    -2.105534E-4
9.541250E+6,    -4.336238E-5,    -2.285540E-4
9.547500E+6,    -4.050136E-5,    -2.210736E-4
9.553750E+6,    -5.203485E-5,    -2.299845E-4
9.560000E+6,    -4.944205E-5,    -2.224743E-4
9.566250E+6,    -5.418062E-5,    -2.397597E-4
9.572500E+6,    -1.764297E-5,    -2.417564E-4
9.578750E+6,    -4.300475E-5,    -2.208352E-4
9.585000E+6,    -5.000830E-5,    -2.350509E-4
9.591250E+6,    -5.137920E-5,    -2.222657E-4
9.597500E+6,    -4.976988E-5,    -2.247691E-4
9.603750E+6,    -4.363060E-5,    -2.104938E-4
9.610000E+6,    -4.345179E-5,    -2.231896E-4
9.616250E+6,    -8.019805E-5,    -2.329648E-4
9.622500E+6,    -4.243851E-5,    -2.130866E-4
9.628750E+6,    -5.751848E-5,    -2.412200E-4
9.635000E+6,    -3.901124E-5,    -2.311170E-4
9.641250E+6,    -7.402897E-5,    -2.435446E-4
9.647500E+6,    -5.939603E-5,    -2.279878E-4
9.653750E+6,    -2.285838E-5,    -2.310574E-4
9.660000E+6,    -3.767014E-5,    -2.112985E-4
9.666250E+6,    -4.476309E-5,    -2.380311E-4
9.672500E+6,    -5.489588E-5,    -2.488494E-4
9.678750E+6,    -4.199147E-5,    -2.306998E-4
9.685000E+6,    -3.695488E-5,    -2.264678E-4
9.691250E+6,    -5.003810E-5,    -2.446175E-4
9.697500E+6,    -5.158782E-5,    -2.316236E-4
9.703750E+6,    -5.584955E-5,    -2.384782E-4
9.710000E+6,    -7.191300E-5,    -2.410412E-4
9.716250E+6,    -1.764297E-5,    -2.326071E-4
9.722500E+6,    -3.024936E-5,    -2.404451E-4
9.728750E+6,    -5.447865E-5,    -2.058148E-4
9.735000E+6,    -5.593896E-5,    -2.285838E-4
9.741250E+6,    -5.203485E-5,    -2.595186E-4
9.747500E+6,    -5.090237E-5,    -2.621710E-4
9.753750E+6,    -6.175041E-5,    -2.346635E-4
9.760000E+6,    -6.246567E-5,    -2.472997E-4
9.766250E+6,    -2.551079E-5,    -2.393723E-4
9.772500E+6,    -8.073449E-5,    -2.465248E-4
9.778750E+6,    -4.240870E-5,    -2.413988E-4
9.785000E+6,    -4.872680E-5,    -2.450645E-4
9.791250E+6,    -6.029010E-5,    -2.402067E-4
9.797500E+6,    -6.920099E-5,    -2.408922E-4
9.803750E+6,    -6.011128E-5,    -2.554953E-4
9.810000E+6,    -5.289912E-5,    -2.546608E-4
9.816250E+6,    -3.924966E-5,    -2.368987E-4
9.822500E+6,    -6.306171E-5,    -2.397299E-4
9.828750E+6,    -4.756451E-5,    -2.505481E-4
9.835000E+6,    -5.459785E-5,    -2.411604E-4
9.841250E+6,    -5.328655E-5,    -2.442896E-4
9.847500E+6,    -7.408857E-5,    -2.525151E-4
9.853750E+6,    -6.109476E-5,    -2.731979E-4
9.860000E+6,    -5.039573E-5,    -2.372861E-4
9.866250E+6,    -5.936623E-5,    -2.636313E-4
9.872500E+6,    -5.203485E-5,    -2.498329E-4
9.878750E+6,    -5.277991E-5,    -2.623200E-4
9.885000E+6,    -5.498528E-5,    -2.596378E-4
9.891250E+6,    -7.298589E-5,    -2.579987E-4
9.897500E+6,    -6.249547E-5,    -2.628565E-4
9.903750E+6,    -6.079674E-5,    -2.659261E-4
9.910000E+6,    -8.389354E-5,    -2.835691E-4
9.916250E+6,    -4.208088E-5,    -2.577305E-4
9.922500E+6,    -6.505847E-5,    -2.340972E-4
9.928750E+6,    -7.680058E-5,    -2.701581E-4
9.935000E+6,    -6.076694E-5,    -2.430975E-4
9.941250E+6,    -7.769465E-5,    -2.567470E-4
9.947500E+6,    -6.696582E-5,    -2.622604E-4
9.953750E+6,    -4.956126E-5,    -2.638698E-4
9.960000E+6,    -7.688999E-5,    -2.466142E-4
9.966250E+6,    -5.587935E-5,    -2.546012E-4
9.972500E+6,    -5.701184E-5,    -2.675354E-4
9.978750E+6,    -8.219481E-5,    -2.814233E-4
9.985000E+6,    -6.738305E-5,    -2.514720E-4
9.991250E+6,    -5.957484E-5,    -2.668202E-4
9.997500E+6,    -7.933378E-5,    -2.893209E-4
1.000375E+7,    -6.347895E-5,    -2.761483E-4
1.001000E+7,    -5.707145E-5,    -2.729297E-4
1.001625E+7,    -5.602837E-5,    -2.756417E-4
1.002250E+7,    -6.502867E-5,    -2.600253E-4
1.002875E+7,    -7.966161E-5,    -2.638698E-4
1.003500E+7,    -6.449223E-5,    -2.629459E-4
1.004125E+7,    -6.023049E-5,    -2.720058E-4
1.004750E+7,    -6.785989E-5,    -2.884269E-4
1.005375E+7,    -7.408857E-5,    -2.785325E-4
1.006000E+7,    -6.723404E-5,    -2.622902E-4
1.006625E+7,    -5.897880E-5,    -2.622008E-4
1.007250E+7,    -7.393956E-5,    -2.656281E-4
1.007875E+7,    -6.812811E-5,    -2.777874E-4
1.008500E+7,    -7.325411E-5,    -2.845526E-4
1.009125E+7,    -6.484985E-5,    -2.711713E-4
1.009750E+7,    -8.541346E-5,    -2.647042E-4
1.010375E+7,    -7.921457E-5,    -2.899468E-4
1.011000E+7,    -7.539988E-5,    -2.836287E-4
1.011625E+7,    -7.662177E-5,    -2.833307E-4
1.012250E+7,    -7.206202E-5,    -2.924502E-4
1.012875E+7,    -8.046627E-5,    -2.767444E-4
1.013500E+7,    -6.836653E-5,    -2.697408E-4
1.014125E+7,    -8.842349E-5,    -2.796650E-4
1.014750E+7,    -7.432699E-5,    -2.760589E-4
1.015375E+7,    -7.319450E-5,    -2.950430E-4
1.016000E+7,    -7.444620E-5,    -2.790093E-4
1.016625E+7,    -6.389618E-5,    -3.009737E-4
1.017250E+7,    -7.033348E-5,    -2.882183E-4
1.017875E+7,    -7.846951E-5,    -2.883375E-4
1.018500E+7,    -7.468462E-5,    -2.971888E-4
1.019125E+7,    -8.672476E-5,    -2.909005E-4
1.019750E+7,    -7.325411E-5,    -2.873540E-4
1.020375E+7,    -8.937716E-5,    -2.716184E-4
1.021000E+7,    -8.505583E-5,    -2.809763E-4
1.021625E+7,    -8.419156E-5,    -2.999306E-4
1.022250E+7,    -8.797646E-5,    -2.929568E-4
1.022875E+7,    -6.532669E-5,    -3.095269E-4
1.023500E+7,    -7.495284E-5,    -2.898872E-4
1.024125E+7,    -1.049340E-4,    -2.953112E-4
1.024750E+7,    -9.915233E-5,    -3.077090E-4
1.025375E+7,    -6.523728E-5,    -2.994835E-4
1.026000E+7,    -6.794930E-5,    -2.932250E-4
1.026625E+7,    -6.860495E-5,    -2.927780E-4
1.027250E+7,    -9.322166E-5,    -2.918541E-4
1.027875E+7,    -1.201332E-4,    -3.189743E-4
1.028500E+7,    -7.334352E-5,    -3.240407E-4
1.029125E+7,    -8.898973E-5,    -2.882779E-4
1.029750E+7,    -7.700920E-5,    -2.983510E-4
1.030375E+7,    -9.149313E-5,    -3.198981E-4
1.031000E+7,    -7.078052E-5,    -2.982020E-4
1.031625E+7,    -6.896257E-5,    -3.203154E-4
1.032250E+7,    -8.237362E-5,    -3.100932E-4
1.032875E+7,    -1.035631E-4,    -3.150702E-4
1.033500E+7,    -9.968877E-5,    -3.254712E-4
1.034125E+7,    -1.065135E-4,    -3.116727E-4
1.034750E+7,    -7.694960E-5,    -2.908409E-4
1.035375E+7,    -9.563565E-5,    -3.218651E-4
1.036000E+7,    -9.360909E-5,    -3.086329E-4
1.036625E+7,    -9.030104E-5,    -3.182590E-4
1.037250E+7,    -1.001954E-4,    -3.142953E-4
1.037875E+7,    -9.617209E-5,    -3.079772E-4
1.038500E+7,    -7.644296E-5,    -3.000200E-4
1.039125E+7,    -1.066327E-4,    -3.198385E-4
1.039750E+7,    -8.055568E-5,    -3.121793E-4
1.040375E+7,    -1.001954E-4,    -3.425181E-4
1.041000E+7,    -8.961558E-5,    -3.302991E-4
1.041625E+7,    -1.138747E-4,    -3.280938E-4
1.042250E+7,    -8.481741E-5,    -3.273189E-4
1.042875E+7,    -7.495284E-5,    -3.152788E-4
1.043500E+7,    -9.843707E-5,    -3.353953E-4
1.044125E+7,    -1.029074E-4,    -3.033578E-4
1.044750E+7,    -1.063347E-4,    -3.343821E-4
1.045375E+7,    -9.980798E-5,    -3.350377E-4
1.046000E+7,    -1.114607E-4,    -3.270507E-4
1.046625E+7,    -1.161993E-4,    -3.364086E-4
1.047250E+7,    -1.082122E-4,    -3.178418E-4
1.047875E+7,    -1.396239E-4,    -3.396869E-4
1.048500E+7,    -9.241700E-5,    -3.225803E-4
1.049125E+7,    -1.160502E-4,    -3.423989E-4
1.049750E+7,    -1.088679E-4,    -3.432333E-4
1.050375E+7,    -1.015365E-4,    -3.246367E-4
1.051000E+7,    -1.108348E-4,    -3.423691E-4
1.051625E+7,    -1.000464E-4,    -3.307164E-4
1.052250E+7,    -1.256764E-4,    -3.244281E-4
1.052875E+7,    -1.198351E-4,    -3.439486E-4
1.053500E+7,    -1.115501E-4,    -3.450215E-4
1.054125E+7,    -9.289384E-5,    -3.374219E-4
1.054750E+7,    -1.032948E-4,    -3.296733E-4
1.055375E+7,    -1.074374E-4,    -3.645122E-4
1.056000E+7,    -1.082122E-4,    -3.417134E-4
1.056625E+7,    -9.873509E-5,    -3.522933E-4
1.057250E+7,    -1.249611E-4,    -3.419518E-4
1.057875E+7,    -1.188517E-4,    -3.399551E-4
1.058500E+7,    -1.276135E-4,    -3.384948E-4
1.059125E+7,    -1.257360E-4,    -3.452599E-4
1.059750E+7,    -1.192987E-4,    -3.427565E-4
1.060375E+7,    -1.166463E-4,    -3.524423E-4
1.061000E+7,    -1.077056E-4,    -3.601909E-4
1.061625E+7,    -1.144707E-4,    -3.657639E-4
1.062250E+7,    -1.272559E-4,    -3.506839E-4
1.062875E+7,    -1.228452E-4,    -3.672242E-4
1.063500E+7,    -1.291633E-4,    -3.718734E-4
1.064125E+7,    -1.210570E-4,    -3.737211E-4
1.064750E+7,    -1.205206E-4,    -3.547370E-4
1.065375E+7,    -1.184940E-4,    -3.640950E-4
1.066000E+7,    -1.258254E-4,    -3.664494E-4
1.066625E+7,    -1.172423E-4,    -3.738999E-4
1.067250E+7,    -1.186132E-4,    -3.705025E-4
1.067875E+7,    -1.240969E-4,    -3.562868E-4
1.068500E+7,    -1.279712E-4,    -3.715158E-4
1.069125E+7,    -1.266897E-4,    -3.526807E-4
1.069750E+7,    -1.304150E-4,    -3.644228E-4
1.070375E+7,    -1.236200E-4,    -3.686547E-4
1.071000E+7,    -1.308322E-4,    -3.709793E-4
1.071625E+7,    -1.291037E-4,    -3.776550E-4
1.072250E+7,    -1.298785E-4,    -3.510416E-4
1.072875E+7,    -1.507401E-4,    -3.858209E-4
1.073500E+7,    -1.375675E-4,    -3.786683E-4
1.074125E+7,    -1.341105E-4,    -3.697276E-4
1.074750E+7,    -1.435876E-4,    -3.899336E-4
1.075375E+7,    -1.241565E-4,    -3.845692E-4
1.076000E+7,    -1.398921E-4,    -3.843307E-4
1.076625E+7,    -1.248121E-4,    -3.869534E-4
1.077250E+7,    -1.367927E-4,    -3.721118E-4
1.077875E+7,    -1.454949E-4,    -3.960729E-4
1.078500E+7,    -1.607537E-4,    -3.990531E-4
1.079125E+7,    -1.474023E-4,    -3.952384E-4
1.079750E+7,    -1.494884E-4,    -3.942251E-4
1.080375E+7,    -1.356602E-4,    -3.938079E-4
1.081000E+7,    -1.367927E-4,    -3.908277E-4
1.081625E+7,    -1.417994E-4,    -4.025102E-4
1.082250E+7,    -1.513958E-4,    -3.969669E-4
1.082875E+7,    -1.373887E-4,    -4.000664E-4
1.083500E+7,    -1.416206E-4,    -3.861189E-4
1.084125E+7,    -1.564622E-4,    -4.187226E-4
1.084750E+7,    -1.452565E-4,    -4.041791E-4
1.085375E+7,    -1.476407E-4,    -3.973842E-4
1.086000E+7,    -1.668930E-4,    -4.158020E-4
1.086625E+7,    -1.497269E-4,    -4.257560E-4
1.087250E+7,    -1.571774E-4,    -3.978610E-4
1.087875E+7,    -1.559854E-4,    -4.079342E-4
1.088500E+7,    -1.571178E-4,    -4.078746E-4
1.089125E+7,    -1.497865E-4,    -4.093647E-4
1.089750E+7,    -1.681447E-4,    -3.984571E-4
1.090375E+7,    -1.695752E-4,    -4.274845E-4
1.091000E+7,    -1.555681E-4,    -4.278421E-4
1.091625E+7,    -1.459718E-4,    -4.099607E-4
1.092250E+7,    -1.671314E-4,    -4.177094E-4
1.092875E+7,    -1.828671E-4,    -4.163980E-4
1.093500E+7,    -1.723170E-4,    -4.027486E-4
1.094125E+7,    -1.636147E-4,    -4.149675E-4
1.094750E+7,    -1.572967E-4,    -4.138350E-4
1.095375E+7,    -1.538992E-4,    -4.305243E-4
1.096000E+7,    -1.658201E-4,    -4.476309E-4
1.096625E+7,    -1.804233E-4,    -4.533529E-4
1.097250E+7,    -1.866221E-4,    -4.244447E-4
1.097875E+7,    -1.677275E-4,    -4.532337E-4
1.098500E+7,    -1.660585E-4,    -4.301667E-4
1.099125E+7,    -1.850128E-4,    -4.547834E-4
1.099750E+7,    -2.032518E-4,    -4.398823E-4
1.100375E+7,    -1.795292E-4,    -4.463792E-4
1.101000E+7,    -1.817346E-4,    -4.419684E-4
1.101625E+7,    -1.558065E-4,    -4.332066E-4
1.102250E+7,    -1.619458E-4,    -4.379749E-4
1.102875E+7,    -1.608729E-4,    -4.549623E-4
1.103500E+7,    -2.000928E-4,    -4.428625E-4
1.104125E+7,    -1.699328E-4,    -4.484653E-4
1.104750E+7,    -1.917481E-4,    -4.618764E-4
1.105375E+7,    -1.723766E-4,    -4.543662E-4
1.106000E+7,    -1.876354E-4,    -4.526973E-4
1.106625E+7,    -1.786351E-4,    -4.621148E-4
1.107250E+7,    -1.742840E-4,    -4.569292E-4
1.107875E+7,    -1.949072E-4,    -4.709363E-4
1.108500E+7,    -1.825094E-4,    -4.649162E-4
1.109125E+7,    -1.714826E-4,    -4.953742E-4
1.109750E+7,    -1.775622E-4,    -4.632473E-4
1.110375E+7,    -1.972318E-4,    -4.869103E-4
1.111000E+7,    -2.006888E-4,    -4.659295E-4
1.111625E+7,    -1.931190E-4,    -4.680157E-4
1.112250E+7,    -1.869202E-4,    -4.706979E-4
1.112875E+7,    -2.303123E-4,    -4.833937E-4
1.113500E+7,    -1.950264E-4,    -4.845858E-4
1.114125E+7,    -2.261400E-4,    -4.781485E-4
1.114750E+7,    -2.041459E-4,    -4.859567E-4
1.115375E+7,    -1.896620E-4,    -4.979372E-4
1.116000E+7,    -2.207160E-4,    -4.954934E-4
1.116625E+7,    -2.068281E-4,    -5.095601E-4
1.117250E+7,    -2.083182E-4,    -5.045533E-4
1.117875E+7,    -2.117753E-4,    -4.820228E-4
1.118500E+7,    -2.127290E-4,    -4.969835E-4
1.119125E+7,    -2.298951E-4,    -5.276203E-4
1.119750E+7,    -1.986027E-4,    -5.325675E-4
1.120375E+7,    -2.245903E-4,    -5.362630E-4
1.121000E+7,    -2.189279E-4,    -5.162358E-4
1.121625E+7,    -2.292395E-4,    -5.775094E-4
1.122250E+7,    -2.435446E-4,    -5.758405E-4
1.122875E+7,    -2.425313E-4,    -6.292462E-4
1.123500E+7,    -2.590418E-4,    -6.583333E-4
1.124125E+7,    -2.521873E-4,    -6.767511E-4
1.124750E+7,    -2.589822E-4,    -6.659627E-4
1.125375E+7,    -2.824068E-4,    -6.565452E-4
1.126000E+7,    -2.655983E-4,    -6.691813E-4
1.126625E+7,    -2.729893E-4,    -6.293058E-4
1.127250E+7,    -2.920628E-4,    -7.125139E-4
1.127875E+7,    -2.685785E-4,    -6.565452E-4
1.128500E+7,    -2.908707E-4,    -6.712079E-4
1.129125E+7,    -2.577901E-4,    -6.263256E-4
1.129750E+7,    -2.436638E-4,    -5.927086E-4
1.130375E+7,    -2.864003E-4,    -6.119013E-4
1.131000E+7,    -2.706051E-4,    -6.542206E-4
1.131625E+7,    -2.948046E-4,    -6.412864E-4
1.132250E+7,    -2.663732E-4,    -6.599426E-4
1.132875E+7,    -2.922416E-4,    -6.409287E-4
1.133500E+7,    -2.746582E-4,    -6.657243E-4
1.134125E+7,    -2.751350E-4,    -6.357431E-4
1.134750E+7,    -2.725720E-4,    -6.398559E-4
1.135375E+7,    -2.669692E-4,    -6.252527E-4
1.136000E+7,    -2.881289E-4,    -6.144643E-4
1.136625E+7,    -3.038049E-4,    -6.352067E-4
1.137250E+7,    -3.081560E-4,    -6.593466E-4
1.137875E+7,    -3.193617E-4,    -6.628036E-4
1.138500E+7,    -3.058314E-4,    -6.518960E-4
1.139125E+7,    -2.893209E-4,    -6.569624E-4
1.139750E+7,    -2.653003E-4,    -6.401539E-4
1.140375E+7,    -2.997518E-4,    -6.462932E-4
1.141000E+7,    -2.886057E-4,    -6.161332E-4
1.141625E+7,    -2.824664E-4,    -6.173849E-4
1.142250E+7,    -2.825856E-4,    -6.365776E-4
1.142875E+7,    -2.799034E-4,    -6.785393E-4
1.143500E+7,    -2.887249E-4,    -6.459355E-4
1.144125E+7,    -3.089905E-4,    -6.655455E-4
1.144750E+7,    -3.012419E-4,    -7.033348E-4
1.145375E+7,    -3.247261E-4,    -7.358789E-4
1.146000E+7,    -3.463030E-4,    -7.226467E-4
1.146625E+7,    -3.324747E-4,    -7.603168E-4
1.147250E+7,    -3.217459E-4,    -7.276535E-4
1.147875E+7,    -3.468990E-4,    -7.116795E-4
1.148500E+7,    -3.038645E-4,    -7.121563E-4
1.149125E+7,    -3.682375E-4,    -8.002520E-4
1.149750E+7,    -3.429651E-4,    -8.252859E-4
1.150375E+7,    -3.814697E-4,    -8.015633E-4
1.151000E+7,    -3.885031E-4,    -8.100271E-4
1.151625E+7,    -3.579855E-4,    -7.927418E-4
1.152250E+7,    -3.513098E-4,    -7.956028E-4
1.152875E+7,    -3.570318E-4,    -7.799864E-4
1.153500E+7,    -3.619194E-4,    -7.115602E-4
1.154125E+7,    -4.014969E-4,    -7.997751E-4
1.154750E+7,    -3.722906E-4,    -8.372068E-4
1.155375E+7,    -3.602505E-4,    -8.317232E-4
1.156000E+7,    -3.628731E-4,    -9.385347E-4
1.156625E+7,    -3.756285E-4,    -9.227991E-4
1.157250E+7,    -3.979206E-4,    -9.288788E-4
1.157875E+7,    -4.721880E-4,    -9.385347E-4
1.158500E+7,    -4.392862E-4,    -9.984970E-4
1.159125E+7,    -3.662109E-4,    -9.329319E-4
1.159750E+7,    -3.460646E-4,    -9.214878E-4
1.160375E+7,    -4.262924E-4,    -9.762049E-4
1.161000E+7,    -3.923178E-4,    -9.680986E-4
1.161625E+7,    -4.763603E-4,    -1.058221E-3
1.162250E+7,    -4.937649E-4,    -1.093268E-3
1.162875E+7,    -4.302263E-4,    -1.366615E-3
1.163500E+7,    -4.154444E-4,    -1.461267E-3
1.164125E+7,    -1.492500E-4,    -1.665950E-3
1.164750E+7,    1.567602E-4,    -1.912832E-3
1.165375E+7,    -2.849102E-5,    -1.791716E-3
1.166000E+7,    3.587008E-4,    -1.759410E-3
1.166625E+7,    7.481575E-4,    -1.752853E-3
1.167250E+7,    8.838177E-4,    -1.574397E-3
1.167875E+7,    9.442568E-4,    -1.624107E-3
1.168500E+7,    9.313822E-4,    -1.640916E-3
1.169125E+7,    9.332895E-4,    -1.607537E-3
1.169750E+7,    9.778738E-4,    -1.568437E-3
1.170375E+7,    9.503365E-4,    -1.649618E-3
1.171000E+7,    9.716749E-4,    -1.644611E-3
1.171625E+7,    9.506941E-4,    -1.685023E-3
1.172250E+7,    9.465218E-4,    -1.688242E-3
1.172875E+7,    9.752512E-4,    -1.652122E-3
1.173500E+7,    9.633303E-4,    -1.687050E-3
1.174125E+7,    9.868145E-4,    -1.695275E-3
1.174750E+7,    9.899139E-4,    -1.724362E-3
1.175375E+7,    9.747744E-4,    -1.807928E-3
1.176000E+7,    9.826422E-4,    -1.757860E-3
1.176625E+7,    9.835958E-4,    -1.781702E-3
1.177250E+7,    1.006365E-3,    -1.829743E-3
1.177875E+7,    9.915829E-4,    -1.774669E-3
1.178500E+7,    1.060367E-3,    -1.844525E-3
1.179125E+7,    1.040459E-3,    -1.877189E-3
1.179750E+7,    1.015663E-3,    -1.868725E-3
1.180375E+7,    9.591579E-4,    -1.845717E-3
1.181000E+7,    9.940863E-4,    -1.851439E-3
1.181625E+7,    1.004696E-3,    -1.879811E-3
1.182250E+7,    1.035690E-3,    -1.914501E-3
1.182875E+7,    1.002789E-3,    -1.963854E-3
1.183500E+7,    1.052141E-3,    -1.944900E-3
1.184125E+7,    1.068592E-3,    -1.963139E-3
1.184750E+7,    1.054525E-3,    -1.951933E-3
1.185375E+7,    1.064062E-3,    -2.004385E-3
1.186000E+7,    1.069307E-3,    -2.012968E-3
1.186625E+7,    1.050472E-3,    -2.064228E-3
1.187250E+7,    1.112461E-3,    -2.019644E-3
1.187875E+7,    1.060963E-3,    -2.049685E-3
1.188500E+7,    1.091003E-3,    -2.066135E-3
1.189125E+7,    1.118898E-3,    -2.118826E-3
1.189750E+7,    1.157522E-3,    -2.073765E-3
1.190375E+7,    1.091242E-3,    -2.179146E-3
1.191000E+7,    1.099586E-3,    -2.154827E-3
1.191625E+7,    1.135111E-3,    -2.196550E-3
1.192250E+7,    1.132727E-3,    -2.154589E-3
1.192875E+7,    1.195908E-3,    -2.171278E-3
1.193500E+7,    1.150370E-3,    -2.189636E-3
1.194125E+7,    1.141548E-3,    -2.266884E-3
1.194750E+7,    1.129389E-3,    -2.289057E-3
1.195375E+7,    1.121283E-3,    -2.307177E-3
1.196000E+7,    1.144648E-3,    -2.301216E-3
1.196625E+7,    1.200914E-3,    -2.325773E-3
1.197250E+7,    1.198530E-3,    -2.318859E-3
1.197875E+7,    1.132488E-3,    -2.305508E-3
1.198500E+7,    1.151323E-3,    -2.405882E-3
1.199125E+7,    1.161814E-3,    -2.398014E-3
1.199750E+7,    1.165390E-3,    -2.370358E-3
1.200375E+7,    1.151085E-3,    -2.405167E-3
1.201000E+7,    1.161337E-3,    -2.448559E-3
1.201625E+7,    1.127958E-3,    -2.491713E-3
1.202250E+7,    1.142740E-3,    -2.434969E-3
1.202875E+7,    1.174212E-3,    -2.510309E-3
1.203500E+7,    1.183510E-3,    -2.518415E-3
1.204125E+7,    1.159430E-3,    -2.558708E-3
1.204750E+7,    1.186132E-3,    -2.546787E-3
1.205375E+7,    1.221895E-3,    -2.578974E-3
1.206000E+7,    1.163006E-3,    -2.533674E-3
1.206625E+7,    1.272917E-3,    -2.625227E-3
1.207250E+7,    1.267910E-3,    -2.685785E-3
1.207875E+7,    1.180410E-3,    -2.650738E-3
1.208500E+7,    1.209259E-3,    -2.670765E-3
1.209125E+7,    1.216173E-3,    -2.670288E-3
1.209750E+7,    1.268148E-3,    -2.640724E-3
1.210375E+7,    1.207113E-3,    -2.708435E-3
1.211000E+7,    1.219749E-3,    -2.702475E-3
1.211625E+7,    1.237631E-3,    -2.747774E-3
1.212250E+7,    1.197338E-3,    -2.786875E-3
1.212875E+7,    1.254797E-3,    -2.834797E-3
1.213500E+7,    1.236677E-3,    -2.778292E-3
1.214125E+7,    1.268864E-3,    -2.868652E-3
1.214750E+7,    1.258373E-3,    -2.846718E-3
1.215375E+7,    1.300335E-3,    -2.897263E-3
1.216000E+7,    1.261473E-3,    -2.930641E-3
1.216625E+7,    1.320839E-3,    -2.939939E-3
1.217250E+7,    1.311302E-3,    -2.974510E-3
1.217875E+7,    1.297474E-3,    -3.024101E-3
1.218500E+7,    1.333714E-3,    -2.987146E-3
1.219125E+7,    1.355648E-3,    -3.086567E-3
1.219750E+7,    1.309633E-3,    -3.104687E-3
1.220375E+7,    1.309156E-3,    -3.157377E-3
1.221000E+7,    1.338243E-3,    -3.178120E-3
1.221625E+7,    1.359940E-3,    -3.223658E-3
1.222250E+7,    1.333237E-3,    -3.191948E-3
1.222875E+7,    1.380682E-3,    -3.225088E-3
1.223500E+7,    1.379251E-3,    -3.329754E-3
1.224125E+7,    1.406908E-3,    -3.334284E-3
1.224750E+7,    1.399040E-3,    -3.384352E-3
1.225375E+7,    1.324892E-3,    -3.392220E-3
1.226000E+7,    1.363993E-3,    -3.461838E-3
1.226625E+7,    1.435280E-3,    -3.447771E-3
1.227250E+7,    1.453876E-3,    -3.486395E-3
1.227875E+7,    1.499653E-3,    -3.563643E-3
1.228500E+7,    1.507759E-3,    -3.572226E-3
1.229125E+7,    1.512051E-3,    -3.624201E-3
1.229750E+7,    1.484871E-3,    -3.604174E-3
1.230375E+7,    1.560211E-3,    -3.683567E-3
1.231000E+7,    1.509666E-3,    -3.702164E-3
1.231625E+7,    1.518726E-3,    -3.751993E-3
1.232250E+7,    1.559496E-3,    -3.800631E-3
1.232875E+7,    1.536846E-3,    -3.876925E-3
1.233500E+7,    1.577377E-3,    -3.846407E-3
1.234125E+7,    1.578331E-3,    -3.965378E-3
1.234750E+7,    1.595020E-3,    -3.952503E-3
1.235375E+7,    1.618862E-3,    -4.035473E-3
1.236000E+7,    1.663208E-3,    -4.038811E-3
1.236625E+7,    1.623154E-3,    -4.142284E-3
1.237250E+7,    1.624584E-3,    -4.187107E-3
1.237875E+7,    1.657486E-3,    -4.220963E-3
1.238500E+7,    1.644611E-3,    -4.254341E-3
1.239125E+7,    1.694202E-3,    -4.338741E-3
1.239750E+7,    1.689911E-3,    -4.346848E-3
1.240375E+7,    1.762390E-3,    -4.418373E-3
1.241000E+7,    1.750946E-3,    -4.442215E-3
1.241625E+7,    1.745701E-3,    -4.539490E-3
1.242250E+7,    1.814842E-3,    -4.547596E-3
1.242875E+7,    1.802921E-3,    -4.634380E-3
1.243500E+7,    1.833439E-3,    -4.660130E-3
1.244125E+7,    1.821995E-3,    -4.807949E-3
1.244750E+7,    1.868248E-3,    -4.813671E-3
1.245375E+7,    1.918793E-3,    -4.889965E-3
1.246000E+7,    1.869678E-3,    -4.896164E-3
1.246625E+7,    1.942635E-3,    -5.039215E-3
1.247250E+7,    1.958847E-3,    -5.068302E-3
1.247875E+7,    1.935482E-3,    -5.143166E-3
1.248500E+7,    2.008438E-3,    -5.214691E-3
1.249125E+7,    2.034187E-3,    -5.276680E-3
1.249750E+7,    2.024651E-3,    -5.362988E-3
1.250375E+7,    2.058983E-3,    -5.450249E-3
1.251000E+7,    2.072811E-3,    -5.463600E-3
1.251625E+7,    2.099991E-3,    -5.603790E-3
1.252250E+7,    2.152443E-3,    -5.609512E-3
1.252875E+7,    2.181530E-3,    -5.753517E-3
1.253500E+7,    2.212524E-3,    -5.771160E-3
1.254125E+7,    2.232552E-3,    -5.866528E-3
1.254750E+7,    2.257347E-3,    -5.997181E-3
1.255375E+7,    2.318382E-3,    -6.032944E-3
1.256000E+7,    2.349854E-3,    -6.134033E-3
1.256625E+7,    2.332687E-3,    -6.234169E-3
1.257250E+7,    2.336502E-3,    -6.330490E-3
1.257875E+7,    2.426624E-3,    -6.419182E-3
1.258500E+7,    2.457142E-3,    -6.494522E-3
1.259125E+7,    2.512455E-3,    -6.556034E-3
1.259750E+7,    2.480507E-3,    -6.681919E-3
1.260375E+7,    2.569675E-3,    -6.788731E-3
1.261000E+7,    2.475262E-3,    -6.925106E-3
1.261625E+7,    2.563953E-3,    -7.070065E-3
1.262250E+7,    2.608299E-3,    -7.103920E-3
1.262875E+7,    2.442837E-3,    -7.570267E-3
1.263500E+7,    2.617836E-3,    -7.257938E-3
1.264125E+7,    2.722263E-3,    -7.482529E-3
1.264750E+7,    2.816677E-3,    -7.650852E-3
1.265375E+7,    2.821445E-3,    -7.714748E-3
1.266000E+7,    2.748489E-3,    -7.962227E-3
1.266625E+7,    2.841949E-3,    -7.952690E-3
1.267250E+7,    1.007080E-3,    -8.698463E-3
1.267875E+7,    1.866341E-3,    -8.750916E-3
1.268500E+7,    1.037598E-3,    -9.254456E-3
1.269125E+7,    2.194405E-3,    -9.118080E-3
1.269750E+7,    3.049850E-3,    -8.550644E-3
1.270375E+7,    1.363754E-4,    -8.973122E-3
1.271000E+7,    1.161575E-3,    -1.031590E-2
1.271625E+7,    3.232956E-3,    -9.140015E-3
1.272250E+7,    3.296852E-3,    -9.257317E-3
1.272875E+7,    3.397942E-3,    -9.427071E-3
1.273500E+7,    3.200531E-3,    -9.814262E-3
1.274125E+7,    3.378868E-3,    -9.918213E-3
1.274750E+7,    3.430843E-3,    -1.022291E-2
1.275375E+7,    3.532887E-3,    -1.019478E-2
1.276000E+7,    2.928257E-3,    -1.058722E-2
1.276625E+7,    1.672745E-3,    -1.102495E-2
1.277250E+7,    -1.909733E-3,    -8.135796E-3
1.277875E+7,    -3.039837E-3,    -1.017809E-2
1.278500E+7,    -1.382351E-3,    -1.214027E-2
1.279125E+7,    3.342628E-4,    -1.275253E-2
1.279750E+7,    2.877712E-3,    -1.191378E-2
1.280375E+7,    -1.203537E-3,    -1.173782E-2
1.281000E+7,    -4.267216E-3,    -1.010895E-2
1.281625E+7,    -3.435135E-3,    -1.349640E-2
1.282250E+7,    -3.667831E-3,    -1.344013E-2
1.282875E+7,    1.238346E-3,    -1.377058E-2
1.283500E+7,    -5.516052E-3,    -1.177597E-2
1.284125E+7,    3.946781E-3,    -1.491642E-2
1.284750E+7,    4.467010E-3,    -1.466894E-2
1.285375E+7,    3.355026E-3,    -1.560736E-2
1.286000E+7,    3.448963E-3,    -1.552296E-2
1.286625E+7,    3.435135E-3,    -1.638317E-2
1.287250E+7,    4.022598E-3,    -1.644802E-2
1.287875E+7,    4.817009E-3,    -1.611996E-2
1.288500E+7,    3.913879E-3,    -1.640892E-2
1.289125E+7,    2.790451E-3,    -1.810551E-2
1.289750E+7,    3.662109E-4,    -1.839447E-2
1.290375E+7,    3.562927E-3,    -1.796627E-2
1.291000E+7,    2.195358E-3,    -1.882744E-2
1.291625E+7,    1.272202E-3,    -2.014160E-2
1.292250E+7,    -8.983612E-4,    -1.790714E-2
1.292875E+7,    4.816055E-4,    -1.993561E-2
1.293500E+7,    -7.403374E-3,    -1.686954E-2
1.294125E+7,    -4.985809E-3,    -1.873112E-2
1.294750E+7,    -7.349968E-3,    -1.464462E-2
1.295375E+7,    -7.500648E-3,    -9.745598E-3
1.296000E+7,    -6.582260E-3,    -7.430077E-3
1.296625E+7,    -6.442070E-3,    -7.098675E-3
1.297250E+7,    -6.687164E-3,    -7.343292E-3
1.297875E+7,    -6.837845E-3,    -7.477760E-3
1.298500E+7,    -6.973743E-3,    -7.598400E-3
1.299125E+7,    -7.205963E-3,    -7.774830E-3
1.299750E+7,    -7.387638E-3,    -7.878304E-3
1.300375E+7,    -7.612705E-3,    -8.075237E-3
1.301000E+7,    -7.860184E-3,    -8.272171E-3
1.301625E+7,    -8.071899E-3,    -8.449554E-3
1.302250E+7,    -8.331299E-3,    -8.703232E-3
1.302875E+7,    -8.563995E-3,    -8.881569E-3
1.303500E+7,    -8.843422E-3,    -9.107590E-3
1.304125E+7,    -9.147644E-3,    -9.293556E-3
1.304750E+7,    -9.447098E-3,    -9.532928E-3
1.305375E+7,    -9.694099E-3,    -9.746552E-3
1.306000E+7,    -1.002884E-2,    -1.000214E-2
1.306625E+7,    -1.041222E-2,    -1.026821E-2
1.307250E+7,    -1.074886E-2,    -1.049328E-2
1.307875E+7,    -1.117706E-2,    -1.088524E-2
1.308500E+7,    -1.161575E-2,    -1.111698E-2
1.309125E+7,    -1.201725E-2,    -1.144981E-2
1.309750E+7,    -1.240921E-2,    -1.171398E-2
1.310375E+7,    -1.284695E-2,    -1.205730E-2
1.311000E+7,    -1.334381E-2,    -1.238346E-2
1.311625E+7,    -1.386261E-2,    -1.274109E-2
1.312250E+7,    -1.448345E-2,    -1.313114E-2
1.312875E+7,    -1.507187E-2,    -1.354313E-2
1.313500E+7,    -1.566982E-2,    -1.396465E-2
1.314125E+7,    -1.630497E-2,    -1.434135E-2
1.314750E+7,    -1.707840E-2,    -1.478386E-2
1.315375E+7,    -1.806450E-2,    -1.545143E-2
1.316000E+7,    -1.878738E-2,    -1.595116E-2
1.316625E+7,    -1.962090E-2,    -1.651192E-2
1.317250E+7,    -2.041054E-2,    -1.684189E-2
1.317875E+7,    -2.146149E-2,    -1.746368E-2
1.318500E+7,    -2.239418E-2,    -1.806068E-2
1.319125E+7,    -2.366066E-2,    -1.872063E-2
1.319750E+7,    -2.449417E-2,    -1.915169E-2
1.320375E+7,    -2.570915E-2,    -1.974297E-2
1.321000E+7,    -2.723694E-2,    -2.063370E-2
1.321625E+7,    -2.829742E-2,    -2.100182E-2
1.322250E+7,    -2.976799E-2,    -2.170944E-2
1.322875E+7,    -3.162003E-2,    -2.255630E-2
1.323500E+7,    -3.357315E-2,    -2.343941E-2
1.324125E+7,    -3.589249E-2,    -2.453804E-2
1.324750E+7,    -3.871155E-2,    -2.588272E-2
1.325375E+7,    -4.170990E-2,    -2.734756E-2
1.326000E+7,    -4.391479E-2,    -2.803040E-2
1.326625E+7,    -4.679489E-2,    -2.901840E-2
1.327250E+7,    -5.006790E-2,    -3.017044E-2
1.327875E+7,    -5.395889E-2,    -3.139877E-2
1.328500E+7,    -5.725479E-2,    -3.224945E-2
1.329125E+7,    -6.226730E-2,    -3.392792E-2
1.329750E+7,    -6.647491E-2,    -3.504181E-2
1.330375E+7,    -7.088852E-2,    -3.555298E-2
1.331000E+7,    -7.856750E-2,    -3.733826E-2
1.331625E+7,    -8.452225E-2,    -3.856659E-2
1.332250E+7,    -9.352875E-2,    -4.026031E-2
1.332875E+7,    -9.794617E-2,    -4.033661E-2
1.333500E+7,    -1.036301E-1,    -3.875732E-2
1.334125E+7,    -1.110306E-1,    -3.881836E-2
1.334750E+7,    -1.202164E-1,    -3.781891E-2
1.335375E+7,    -1.333313E-1,    -3.739166E-2
1.336000E+7,    -1.444397E-1,    -3.631592E-2
1.336625E+7,    -1.571045E-1,    -3.227997E-2
1.337250E+7,    -1.747055E-1,    -2.937317E-2
1.337875E+7,    -1.902161E-1,    -2.291870E-2
1.338500E+7,    -2.080917E-1,    -1.465607E-2
1.339125E+7,    -2.321930E-1,    -3.211975E-3
1.339750E+7,    -2.532349E-1,    1.179504E-2
1.340375E+7,    -2.752075E-1,    3.248596E-2
1.341000E+7,    -2.995911E-1,    5.989075E-2
1.341625E+7,    -3.262482E-1,    9.587097E-2
1.342250E+7,    -3.466644E-1,    1.408234E-1
1.342875E+7,    -3.632965E-1,    1.972046E-1
1.343500E+7,    -3.694916E-1,    2.636108E-1
1.344125E+7,    -3.555298E-1,    3.304443E-1
1.344750E+7,    -3.282471E-1,    4.051971E-1
1.345375E+7,    -2.806854E-1,    4.711761E-1
1.346000E+7,    -2.159424E-1,    5.249023E-1
1.346625E+7,    -1.430969E-1,    5.667725E-1
1.347250E+7,    -6.570435E-2,    5.950012E-1
1.347875E+7,    1.150513E-2,    5.975037E-1
1.348500E+7,    8.453369E-2,    5.852051E-1
1.349125E+7,    1.495972E-1,    5.686646E-1
1.349750E+7,    2.092896E-1,    5.474854E-1
1.350375E+7,    2.652588E-1,    5.245056E-1
1.351000E+7,    3.129578E-1,    4.922485E-1
1.351625E+7,    3.578186E-1,    4.576721E-1
1.352250E+7,    4.013977E-1,    4.212036E-1
1.352875E+7,    4.424744E-1,    3.820496E-1
1.353500E+7,    4.825134E-1,    3.388977E-1
1.354125E+7,    5.186157E-1,    2.889709E-1
1.354750E+7,    5.516663E-1,    2.333374E-1
1.355375E+7,    5.778809E-1,    1.697693E-1
1.356000E+7,    5.946960E-1,    9.945679E-2
1.356625E+7,    5.987549E-1,    2.465820E-2
1.357250E+7,    5.888672E-1,    -5.316162E-2
1.357875E+7,    5.639038E-1,    -1.271362E-1
1.358500E+7,    5.245972E-1,    -1.932983E-1
1.359125E+7,    4.731140E-1,    -2.478638E-1
1.359750E+7,    4.161377E-1,    -2.878723E-1
1.360375E+7,    3.561096E-1,    -3.122864E-1
1.361000E+7,    2.985840E-1,    -3.249207E-1
1.361625E+7,    2.463989E-1,    -3.265991E-1
1.362250E+7,    2.001953E-1,    -3.208618E-1
1.362875E+7,    1.604919E-1,    -3.108826E-1
1.363500E+7,    1.276550E-1,    -2.977295E-1
1.364125E+7,    1.000366E-1,    -2.828369E-1
1.364750E+7,    7.705688E-2,    -2.663879E-1
1.365375E+7,    5.845642E-2,    -2.504425E-1
1.366000E+7,    4.345703E-2,    -2.359924E-1
1.366625E+7,    3.068542E-2,    -2.220154E-1
1.367250E+7,    2.008057E-2,    -2.093658E-1
1.367875E+7,    1.177979E-2,    -1.966705E-1
1.368500E+7,    4.989624E-3,    -1.849213E-1
1.369125E+7,    -6.866455E-4,    -1.743774E-1
1.369750E+7,    -5.111694E-3,    -1.647644E-1
1.370375E+7,    -9.109497E-3,    -1.557770E-1
1.371000E+7,    -1.257324E-2,    -1.478882E-1
1.371625E+7,    -1.496887E-2,    -1.403961E-1
1.372250E+7,    -1.751709E-2,    -1.333923E-1
1.372875E+7,    -1.934814E-2,    -1.274567E-1
1.373500E+7,    -2.061462E-2,    -1.219635E-1
1.374125E+7,    -2.180481E-2,    -1.168823E-1
1.374750E+7,    -2.334595E-2,    -1.121063E-1
1.375375E+7,    -2.432251E-2,    -1.071625E-1
1.376000E+7,    -2.511597E-2,    -1.036530E-1
1.376625E+7,    -2.597046E-2,    -9.976196E-2
1.377250E+7,    -2.652740E-2,    -9.626007E-2
1.377875E+7,    -2.696991E-2,    -9.329224E-2
1.378500E+7,    -2.764130E-2,    -9.045410E-2
1.379125E+7,    -2.803040E-2,    -8.777618E-2
1.379750E+7,    -2.870941E-2,    -8.536530E-2
1.380375E+7,    -2.906799E-2,    -8.288574E-2
1.381000E+7,    -2.946472E-2,    -8.111572E-2
1.381625E+7,    -3.008270E-2,    -7.930756E-2
1.382250E+7,    -3.028107E-2,    -7.723999E-2
1.382875E+7,    -3.111267E-2,    -7.602692E-2
1.383500E+7,    -3.118134E-2,    -7.485962E-2
1.384125E+7,    -3.177643E-2,    -7.349396E-2
1.384750E+7,    -3.254700E-2,    -7.247162E-2
1.385375E+7,    -3.311157E-2,    -7.128906E-2
1.386000E+7,    -3.354645E-2,    -7.047272E-2
1.386625E+7,    -3.482056E-2,    -6.999207E-2
1.387250E+7,    -3.553772E-2,    -6.941986E-2
1.387875E+7,    -3.649902E-2,    -6.884003E-2
1.388500E+7,    -3.745270E-2,    -6.859589E-2
1.389125E+7,    -3.879547E-2,    -6.862640E-2
1.389750E+7,    -4.018402E-2,    -6.844330E-2
1.390375E+7,    -4.178619E-2,    -6.887817E-2
1.391000E+7,    -4.322052E-2,    -6.901550E-2
1.391625E+7,    -4.557800E-2,    -6.929016E-2
1.392250E+7,    -4.761505E-2,    -6.977081E-2
1.392875E+7,    -5.058289E-2,    -7.054138E-2
1.393500E+7,    -5.371094E-2,    -7.151031E-2
1.394125E+7,    -5.732727E-2,    -7.209015E-2
1.394750E+7,    -6.172180E-2,    -7.333374E-2
1.395375E+7,    -6.661987E-2,    -7.450867E-2
1.396000E+7,    -7.300568E-2,    -7.565308E-2
1.396625E+7,    -8.054352E-2,    -7.672882E-2
1.397250E+7,    -8.996582E-2,    -7.712555E-2
1.397875E+7,    -1.012878E-1,    -7.608795E-2
1.398500E+7,    -1.154709E-1,    -7.398987E-2
1.399125E+7,    -1.328125E-1,    -6.835175E-2
1.399750E+7,    -1.527176E-1,    -5.725861E-2
1.400375E+7,    -1.739273E-1,    -3.742981E-2
1.401000E+7,    -1.912079E-1,    -5.218506E-3
1.401625E+7,    -1.953964E-1,    3.789520E-2
1.402250E+7,    -1.791992E-1,    8.326721E-2
1.402875E+7,    -1.450348E-1,    1.159821E-1
1.403500E+7,    -1.045990E-1,    1.291656E-1
1.404125E+7,    -7.029724E-2,    1.266327E-1
1.404750E+7,    -4.422760E-2,    1.165695E-1
1.405375E+7,    -2.687073E-2,    1.038284E-1
1.406000E+7,    -1.514435E-2,    9.157562E-2
1.406625E+7,    -7.423401E-3,    8.037567E-2
1.407250E+7,    -2.510071E-3,    7.074738E-2
1.407875E+7,    8.087158E-4,    6.270599E-2
1.408500E+7,    2.979279E-3,    5.582809E-2
1.409125E+7,    4.421234E-3,    4.989624E-2
1.409750E+7,    5.264282E-3,    4.479599E-2
1.410375E+7,    5.813599E-3,    4.040146E-2
1.411000E+7,    6.175995E-3,    3.667068E-2
1.411625E+7,    6.256104E-3,    3.339005E-2
1.412250E+7,    6.332397E-3,    3.049850E-2
1.412875E+7,    6.294250E-3,    2.791977E-2
1.413500E+7,    6.202698E-3,    2.571106E-2
1.414125E+7,    6.053925E-3,    2.372169E-2
1.414750E+7,    5.891800E-3,    2.196312E-2
1.415375E+7,    5.740166E-3,    2.038288E-2
1.416000E+7,    5.546570E-3,    1.896667E-2
1.416625E+7,    5.340576E-3,    1.764774E-2
1.417250E+7,    5.164146E-3,    1.649189E-2
1.417875E+7,    4.962921E-3,    1.539803E-2
1.418500E+7,    4.790306E-3,    1.438141E-2
1.419125E+7,    4.608154E-3,    1.355553E-2
1.419750E+7,    4.429817E-3,    1.270485E-2
1.420375E+7,    4.252434E-3,    1.196480E-2
1.421000E+7,    4.101753E-3,    1.128960E-2
1.421625E+7,    3.938198E-3,    1.063776E-2
1.422250E+7,    3.800869E-3,    1.004267E-2
1.422875E+7,    3.645897E-3,    9.487629E-3
1.423500E+7,    3.506184E-3,    9.029388E-3
1.424125E+7,    3.354549E-3,    8.527279E-3
1.424750E+7,    3.260136E-3,    8.077145E-3
1.425375E+7,    3.128529E-3,    7.688522E-3
1.426000E+7,    3.012180E-3,    7.281303E-3
1.426625E+7,    2.879143E-3,    6.959915E-3
1.427250E+7,    2.810478E-3,    6.573677E-3
1.427875E+7,    2.660751E-3,    6.266117E-3
1.428500E+7,    2.602577E-3,    5.993366E-3
1.429125E+7,    2.510548E-3,    5.719185E-3
1.429750E+7,    2.425194E-3,    5.427837E-3
1.430375E+7,    2.323151E-3,    5.222559E-3
1.431000E+7,    2.249479E-3,    4.986763E-3
1.431625E+7,    2.176046E-3,    4.760504E-3
1.432250E+7,    2.079248E-3,    4.569530E-3
1.432875E+7,    2.031326E-3,    4.368067E-3
1.433500E+7,    1.949549E-3,    4.162312E-3
1.434125E+7,    1.868963E-3,    4.006147E-3
1.434750E+7,    1.839638E-3,    3.835917E-3
1.435375E+7,    1.761913E-3,    3.698587E-3
1.436000E+7,    1.711369E-3,    3.557205E-3
1.436625E+7,    1.643181E-3,    3.400564E-3
1.437250E+7,    1.593828E-3,    3.282309E-3
1.437875E+7,    1.552105E-3,    3.140450E-3
1.438500E+7,    1.516104E-3,    3.038645E-3
1.439125E+7,    1.449585E-3,    2.915382E-3
1.439750E+7,    1.412868E-3,    2.788544E-3
1.440375E+7,    1.359463E-3,    2.710104E-3
1.441000E+7,    1.313090E-3,    2.603412E-3
1.441625E+7,    1.282334E-3,    2.509952E-3
1.442250E+7,    1.243830E-3,    2.437115E-3
1.442875E+7,    1.199961E-3,    2.316594E-3
1.443500E+7,    1.165271E-3,    2.240896E-3
1.444125E+7,    1.127362E-3,    2.185702E-3
1.444750E+7,    1.089931E-3,    2.095222E-3
1.445375E+7,    1.063585E-3,    2.005696E-3
1.446000E+7,    1.050472E-3,    1.926780E-3
1.446625E+7,    1.012325E-3,    1.878977E-3
1.447250E+7,    9.851456E-4,    1.826286E-3
1.447875E+7,    9.555817E-4,    1.749635E-3
1.448500E+7,    9.288788E-4,    1.685262E-3
1.449125E+7,    8.963346E-4,    1.643062E-3
1.449750E+7,    8.692741E-4,    1.591921E-3
1.450375E+7,    8.560419E-4,    1.557350E-3
1.451000E+7,    8.325577E-4,    1.481533E-3
1.451625E+7,    7.866621E-4,    1.421928E-3
1.452250E+7,    7.666349E-4,    1.374841E-3
1.452875E+7,    7.416010E-4,    1.338601E-3
1.453500E+7,    7.200241E-4,    1.299381E-3
1.454125E+7,    7.022619E-4,    1.252651E-3
1.454750E+7,    6.995201E-4,    1.222610E-3
1.455375E+7,    6.595850E-4,    1.185775E-3
1.456000E+7,    6.760955E-4,    1.135826E-3
1.456625E+7,    6.482601E-4,    1.101613E-3
1.457250E+7,    6.202459E-4,    1.066566E-3
1.457875E+7,    6.013513E-4,    1.051307E-3
1.458500E+7,    6.086230E-4,    1.031280E-3
1.459125E+7,    5.775094E-4,    9.994507E-4
1.459750E+7,    5.624294E-4,    9.742975E-4
1.460375E+7,    5.357862E-4,    9.317398E-4
1.461000E+7,    5.363822E-4,    8.987188E-4
1.461625E+7,    5.168915E-4,    8.749962E-4
1.462250E+7,    5.131960E-4,    8.764267E-4
1.462875E+7,    5.136132E-4,    8.190870E-4
1.463500E+7,    4.990697E-4,    8.031130E-4
1.464125E+7,    4.673004E-4,    7.783175E-4
1.464750E+7,    4.506707E-4,    7.619262E-4
1.465375E+7,    4.268885E-4,    7.419586E-4
1.466000E+7,    4.411936E-4,    7.342100E-4
1.466625E+7,    4.310012E-4,    6.904006E-4
1.467250E+7,    4.079938E-4,    6.777644E-4
1.467875E+7,    4.054904E-4,    6.700754E-4
1.468500E+7,    4.109740E-4,    6.511807E-4
1.469125E+7,    3.857017E-4,    6.236434E-4
1.469750E+7,    3.832579E-4,    6.000996E-4
1.470375E+7,    3.440976E-4,    5.984306E-4
1.471000E+7,    3.638566E-4,    5.776584E-4
1.471625E+7,    3.301799E-4,    5.803704E-4
1.472250E+7,    3.495514E-4,    5.616248E-4
1.472875E+7,    3.397763E-4,    5.584061E-4
1.473500E+7,    3.035963E-4,    4.959106E-4
1.474125E+7,    3.093481E-4,    5.100667E-4
1.474750E+7,    3.246665E-4,    4.748404E-4
1.475375E+7,    3.039837E-4,    4.867911E-4
1.476000E+7,    2.997816E-4,    4.546344E-4
1.476625E+7,    3.082752E-4,    4.672110E-4
1.477250E+7,    2.907813E-4,    4.353225E-4
1.477875E+7,    2.598763E-4,    4.379153E-4
1.478500E+7,    2.682805E-4,    4.152358E-4
1.479125E+7,    2.791584E-4,    4.079938E-4
1.479750E+7,    2.516210E-4,    3.823340E-4
1.480375E+7,    2.479255E-4,    4.024208E-4
1.481000E+7,    2.497733E-4,    3.755093E-4
1.481625E+7,    2.505779E-4,    3.751218E-4
1.482250E+7,    2.286434E-4,    3.374219E-4
1.482875E+7,    2.066195E-4,    3.610551E-4
1.483500E+7,    2.343655E-4,    3.430247E-4
1.484125E+7,    2.272427E-4,    3.213286E-4
1.484750E+7,    2.036393E-4,    3.195405E-4
1.485375E+7,    2.193153E-4,    3.267825E-4
1.486000E+7,    2.150834E-4,    3.120899E-4
1.486625E+7,    1.962781E-4,    3.081262E-4
1.487250E+7,    1.903474E-4,    2.855211E-4
1.487875E+7,    1.854002E-4,    2.976805E-4
1.488500E+7,    1.967847E-4,    2.713352E-4
1.489125E+7,    1.869798E-4,    2.704561E-4
1.489750E+7,    1.879185E-4,    2.695322E-4
1.490375E+7,    1.890659E-4,    2.505481E-4
1.491000E+7,    1.685619E-4,    2.384484E-4
1.491625E+7,    1.584738E-4,    2.554059E-4
1.492250E+7,    1.875907E-4,    2.615154E-4
1.492875E+7,    1.682788E-4,    2.392381E-4
1.493500E+7,    1.750439E-4,    2.162904E-4
1.494125E+7,    1.472682E-4,    2.277493E-4
1.494750E+7,    1.704693E-4,    2.199858E-4
1.495375E+7,    1.430213E-4,    2.134442E-4
1.496000E+7,    1.658052E-4,    2.239347E-4
1.496625E+7,    1.245886E-4,    2.278835E-4
1.497250E+7,    1.320839E-4,    1.944900E-4
1.497875E+7,    1.313537E-4,    2.045631E-4
1.498500E+7,    1.258552E-4,    1.904517E-4
1.499125E+7,    1.323372E-4,    1.852363E-4
1.499750E+7,    1.463741E-4,    2.027154E-4
1.500375E+7,    1.422465E-4,    1.964271E-4
1.501000E+7,    1.187325E-4,    1.778454E-4
1.501625E+7,    1.026392E-4,    1.627803E-4
1.502250E+7,    1.259148E-4,    1.727343E-4
1.502875E+7,    1.369268E-4,    1.733154E-4
1.503500E+7,    1.161098E-4,    1.528114E-4
1.504125E+7,    1.021773E-4,    1.645386E-4
1.504750E+7,    9.086728E-5,    1.550913E-4
1.505375E+7,    1.021028E-4,    1.560599E-4
1.506000E+7,    1.284331E-4,    1.526475E-4
1.506625E+7,    1.122579E-4,    1.372918E-4
1.507250E+7,    9.710342E-5,    1.309589E-4
1.507875E+7,    1.030192E-4,    1.257509E-4
1.508500E+7,    9.396672E-5,    1.429245E-4
1.509125E+7,    7.931888E-5,    1.361743E-4
1.509750E+7,    1.080036E-4,    1.405478E-4
1.510375E+7,    1.274645E-4,    1.333058E-4
1.511000E+7,    1.046062E-4,    1.239553E-4
1.511625E+7,    8.641183E-5,    1.305118E-4
1.512250E+7,    8.445233E-5,    1.222566E-4
1.512875E+7,    8.530915E-5,    1.114160E-4
1.513500E+7,    9.080023E-5,    1.162440E-4
1.514125E+7,    8.825213E-5,    1.288652E-4
1.514750E+7,    8.588284E-5,    1.209825E-4
1.515375E+7,    6.911904E-5,    9.658933E-5
1.516000E+7,    6.900728E-5,    1.069605E-4
1.516625E+7,    6.646663E-5,    1.196936E-4
1.517250E+7,    6.970763E-5,    1.066849E-4
1.517875E+7,    8.825213E-5,    1.095310E-4
1.518500E+7,    7.853657E-5,    9.860098E-5
1.519125E+7,    7.088482E-5,    1.058802E-4
1.519750E+7,    7.908791E-5,    1.086518E-4
1.520375E+7,    5.868822E-5,    9.757280E-5
1.521000E+7,    5.110353E-5,    9.495020E-5
1.521625E+7,    6.501377E-5,    7.148832E-5
1.522250E+7,    7.878244E-5,    1.007318E-4
1.522875E+7,    6.064773E-5,    6.617606E-5
1.523500E+7,    6.614625E-5,    9.223819E-5
1.524125E+7,    4.778802E-5,    6.844476E-5
1.524750E+7,    5.073100E-5,    8.708239E-5
1.525375E+7,    3.240258E-5,    6.326661E-5
1.526000E+7,    4.884228E-5,    6.823242E-5
1.526625E+7,    4.119426E-5,    6.618351E-5
1.527250E+7,    5.506724E-5,    8.475035E-5
1.527875E+7,    2.565980E-5,    6.133318E-5
1.528500E+7,    3.707409E-5,    7.211789E-5
1.529125E+7,    6.956607E-5,    6.045401E-5
1.529750E+7,    4.623830E-5,    8.530915E-5
1.530375E+7,    6.129593E-5,    4.668906E-5
1.531000E+7,    4.614517E-5,    6.348640E-5
1.531625E+7,    4.618987E-5,    7.408112E-5
1.532250E+7,    4.123524E-5,    7.907301E-5
1.532875E+7,    3.184378E-5,    4.417822E-5
1.533500E+7,    3.573671E-5,    5.311146E-5
1.534125E+7,    3.148243E-5,    7.022172E-5
1.534750E+7,    4.906952E-5,    7.518381E-5
1.535375E+7,    5.591661E-5,    7.686764E-5
1.536000E+7,    5.666912E-5,    6.144494E-5
1.536625E+7,    3.309175E-5,    5.077571E-5
1.537250E+7,    4.826859E-5,    5.832314E-5
1.537875E+7,    4.617870E-5,    6.182492E-5
1.538500E+7,    5.853176E-5,    4.976988E-5
1.539125E+7,    2.488494E-5,    4.927814E-5
1.539750E+7,    4.458800E-5,    6.604940E-5
1.540375E+7,    5.151704E-5,    7.444993E-5
1.541000E+7,    5.870871E-5,    3.026798E-6
1.541625E+7,    4.568323E-5,    5.859137E-5
1.542250E+7,    6.270409E-5,    5.684793E-5
1.542875E+7,    3.731996E-5,    3.097951E-5
1.543500E+7,    6.455928E-5,    5.772710E-5
1.544125E+7,    5.410612E-5,    5.513057E-5
1.544750E+7,    5.636737E-5,    3.953651E-5
1.545375E+7,    4.459172E-5,    6.939098E-5
1.546000E+7,    4.733354E-5,    5.443022E-5
1.546625E+7,    5.825236E-5,    3.448501E-5
1.547250E+7,    4.911795E-5,    3.336370E-5
1.547875E+7,    1.851097E-5,    3.065541E-5
1.548500E+7,    3.628433E-5,    3.329292E-5
1.549125E+7,    2.815761E-5,    3.266521E-5
1.549750E+7,    1.677591E-5,    7.054769E-6
1.550375E+7,    5.266815E-5,    6.489828E-5
1.551000E+7,    3.040582E-5,    3.426895E-5
1.551625E+7,    4.441664E-5,    2.801046E-5
1.552250E+7,    4.774332E-5,    4.661456E-5
1.552875E+7,    1.202337E-5,    4.045479E-5
1.553500E+7,    5.339086E-5,    9.037554E-6
1.554125E+7,    1.906045E-5,    3.523752E-5
1.554750E+7,    2.253801E-5,    4.493818E-5
1.555375E+7,    4.799291E-5,    6.167963E-5
1.556000E+7,    3.489479E-5,    3.858283E-5
1.556625E+7,    2.633035E-5,    4.931167E-5
1.557250E+7,    3.326312E-5,    3.631786E-5
1.557875E+7,    4.424155E-5,    4.762411E-5
1.558500E+7,    1.104735E-5,    1.269951E-5
1.559125E+7,    2.611428E-5,    6.275252E-5
1.559750E+7,    8.523464E-6,    3.046729E-5
1.560375E+7,    1.992472E-5,    1.361407E-5
1.561000E+7,    8.746982E-6,    3.040954E-5
1.561625E+7,    4.094094E-5,    4.214421E-5
1.562250E+7,    1.791306E-5,    1.674518E-5
1.562875E+7,    1.363270E-5,    3.859214E-5
1.563500E+7,    3.528222E-5,    4.319474E-6
1.564125E+7,    8.723699E-6,    1.509394E-5
1.564750E+7,    -1.840293E-6,    3.092736E-5
1.565375E+7,    -4.183967E-6,    6.509246E-6
1.566000E+7,    1.928397E-5,    1.245737E-5
1.566625E+7,    7.357448E-6,    4.586950E-5
1.567250E+7,    9.531155E-6,    4.247949E-5
1.567875E+7,    4.122779E-5,    3.511831E-5
1.568500E+7,    3.827736E-7,    1.379289E-5
1.569125E+7,    2.443790E-5,    3.315695E-5
1.569750E+7,    9.009615E-6,    1.451466E-5
1.570375E+7,    5.479902E-6,    3.475510E-5
1.571000E+7,    4.488975E-6,    7.196795E-6
1.571625E+7,    9.618700E-6,    2.802722E-5
1.572250E+7,    7.210299E-6,    1.760665E-5
1.572875E+7,    1.765788E-5,    1.492724E-5
1.573500E+7,    9.215437E-6,    1.424365E-5
1.574125E+7,    2.341717E-5,    4.933216E-6
1.574750E+7,    2.430193E-5,    1.852587E-5
1.575375E+7,    1.776777E-5,    1.467392E-5
1.576000E+7,    -7.574912E-6,    1.311582E-5
1.576625E+7,    -9.173527E-7,    1.695659E-5
1.577250E+7,    1.895614E-5,    2.811290E-5
1.577875E+7,    2.089329E-5,    2.480485E-5
1.578500E+7,    1.617894E-5,    1.773424E-5
1.579125E+7,    -1.830980E-6,    3.321446E-6
1.579750E+7,    2.055615E-5,    -6.024726E-6
1.580375E+7,    2.437271E-6,    2.716482E-5
1.581000E+7,    1.024920E-5,    -3.047287E-6
1.581625E+7,    4.412606E-6,    2.374500E-5
1.582250E+7,    3.101304E-6,    1.021056E-5
1.582875E+7,    1.819804E-5,    1.388788E-5
1.583500E+7,    4.930422E-6,    6.844755E-6
1.584125E+7,    -6.951392E-6,    1.338264E-5
1.584750E+7,    1.859758E-5,    -3.141351E-6
1.585375E+7,    1.154281E-5,    2.703816E-5
1.586000E+7,    3.697723E-5,    1.033023E-5
1.586625E+7,    8.352101E-6,    1.687184E-5
1.587250E+7,    1.650769E-6,    1.346460E-5
1.587875E+7,    1.181103E-5,    1.004711E-5
1.588500E+7,    -1.515448E-5,    -3.256835E-6
1.589125E+7,    2.008583E-5,    -6.981194E-6
1.589750E+7,    -5.122740E-6,    -6.651506E-6
1.590375E+7,    1.190417E-5,    9.889714E-6
1.591000E+7,    2.874061E-5,    9.577721E-6
1.591625E+7,    4.104897E-5,    3.607199E-5
1.592250E+7,    1.881272E-5,    1.290068E-5
1.592875E+7,    1.618825E-5,    3.639795E-5
1.593500E+7,    3.132736E-6,    -6.805873E-6
1.594125E+7,    5.851500E-6,    2.324767E-5
1.594750E+7,    1.365319E-5,    6.162561E-6
1.595375E+7,    2.201740E-5,    5.778857E-6
1.596000E+7,    -1.974590E-5,    7.617287E-6
1.596625E+7,    1.370348E-5,    6.030314E-6
1.597250E+7,    -9.867363E-6,    3.865454E-6
1.597875E+7,    -2.988847E-6,    6.867340E-6
1.598500E+7,    1.276517E-5,    -1.082197E-5
1.599125E+7,    1.230463E-5,    9.312294E-6
1.599750E+7,    -3.303401E-6,    2.705865E-5
1.600375E+7,    -4.819469E-10,    -1.836042E-11
1.601000E+7,    -1.225471E-4,    1.984090E-5
1.601625E+7,    -4.168972E-5,    -2.390519E-5
1.602250E+7,    7.805601E-5,    2.935156E-5
1.602875E+7,    4.928559E-6,    -7.492676E-5
1.603500E+7,    4.434958E-5,    -9.582564E-5
1.604125E+7,    7.028133E-5,    2.095848E-5
1.604750E+7,    1.239032E-5,    -5.840883E-5
1.605375E+7,    -3.354624E-6,    3.439561E-5
1.606000E+7,    -7.293373E-5,    9.863079E-5
1.606625E+7,    -5.636737E-5,    -6.519631E-5
1.607250E+7,    -5.399808E-5,    -2.045184E-5
1.607875E+7,    -8.831546E-5,    -2.786890E-5
1.608500E+7,    -4.434772E-5,    4.090741E-5
1.609125E+7,    -1.648739E-4,    5.833060E-5
1.609750E+7,    9.978563E-5,    9.534508E-5
1.610375E+7,    -4.695356E-5,    1.057647E-4
1.611000E+7,    1.134090E-4,    -4.217029E-5
1.611625E+7,    -1.037084E-4,    1.836568E-6
1.612250E+7,    2.389401E-5,    1.106933E-4
1.612875E+7,    3.144704E-5,    2.565794E-5
1.613500E+7,    7.126108E-5,    -3.091991E-6
1.614125E+7,    -4.483387E-6,    5.868822E-5
1.614750E+7,    -3.735349E-5,    1.876801E-5
1.615375E+7,    -9.877607E-6,    -6.509945E-6
1.616000E+7,    -9.685755E-8,    -4.671328E-5
1.616625E+7,    -1.803786E-5,    -5.362928E-5
1.617250E+7,    1.377985E-5,    5.746633E-5
1.617875E+7,    -5.402789E-5,    -2.059713E-5
1.618500E+7,    -5.185232E-5,    2.415664E-5
1.619125E+7,    3.774278E-5,    -2.677366E-5
1.619750E+7,    7.065013E-6,    2.469122E-5
1.620375E+7,    5.310401E-6,    -2.822839E-5
1.621000E+7,    -2.615899E-5,    3.951974E-5
1.621625E+7,    -7.060543E-5,    3.354624E-5
1.622250E+7,    -5.678833E-5,    -2.495944E-6
1.622875E+7,    6.069802E-5,    -3.999099E-5
1.623500E+7,    -6.631017E-7,    -7.727370E-5
1.624125E+7,    7.754192E-6,    8.474104E-6
1.624750E+7,    -1.023859E-4,    1.578405E-5
1.625375E+7,    1.902729E-4,    1.529306E-4
1.626000E+7,    1.212806E-4,    1.352280E-5
1.626625E+7,    -5.063042E-5,    8.510798E-5
1.627250E+7,    -1.141503E-4,    -8.229911E-5
1.627875E+7,    -2.948195E-5,    1.125187E-4
1.628500E+7,    -3.869459E-5,    -4.243106E-5
1.629125E+7,    8.944422E-6,    -6.265566E-5
1.629750E+7,    2.721045E-5,    -1.704879E-5
1.630375E+7,    -3.513694E-5,    -7.685274E-5
1.631000E+7,    -7.014722E-6,    -2.472848E-5
1.631625E+7,    -6.364286E-5,    -7.408112E-5
1.632250E+7,    -5.493313E-5,    -4.316494E-5
1.632875E+7,    -4.504994E-5,    -3.663823E-5
1.633500E+7,    2.547447E-5,    -2.316758E-5
1.634125E+7,    1.275390E-4,    -3.075600E-5
1.634750E+7,    -8.075312E-5,    -1.185387E-5
1.635375E+7,    8.770823E-5,    3.660470E-5
1.636000E+7,    -5.858392E-5,    -9.420514E-5
1.636625E+7,    7.531606E-6,    -3.014971E-5
1.637250E+7,    -4.416406E-4,    1.848787E-4
1.637875E+7,    2.570301E-4,    -2.806187E-4
1.638500E+7,    4.070997E-4,    2.426505E-4
1.639125E+7,    -5.650520E-5,    -9.624660E-5
1.639750E+7,    -3.825128E-5,    -5.067885E-5
1.640375E+7,    -1.082569E-5,    -2.899952E-5
1.641000E+7,    -1.224279E-4,    -3.635883E-5
1.641625E+7,    1.167059E-4,    2.594292E-5
1.642250E+7,    -7.644296E-6,    -9.400398E-5
1.642875E+7,    5.722046E-6,    -1.605600E-4
1.643500E+7,    -2.150238E-5,    6.609783E-5
1.644125E+7,    -5.010888E-5,    -1.667440E-5
1.644750E+7,    2.156571E-5,    5.805865E-5
1.645375E+7,    -3.865454E-6,    -4.256610E-6
1.646000E+7,    9.415671E-7,    2.243277E-5
1.646625E+7,    -6.193668E-5,    1.735613E-5
1.647250E+7,    3.555976E-5,    2.210960E-5
1.647875E+7,    -4.236214E-5,    -8.162111E-6
1.648500E+7,    -4.164875E-5,    -6.309524E-5
1.649125E+7,    3.154762E-5,    -2.081133E-5
1.649750E+7,    9.094179E-5,    9.614974E-5
1.650375E+7,    2.374500E-5,    5.615875E-5
1.651000E+7,    -6.114691E-5,    1.002103E-6
1.651625E+7,    4.838407E-5,    1.059845E-5
1.652250E+7,    2.985727E-5,    -2.700277E-5
1.652875E+7,    6.306171E-5,    8.265674E-5
1.653500E+7,    -4.626624E-5,    -1.248904E-5
1.654125E+7,    1.483597E-5,    -5.223230E-5
1.654750E+7,    -6.429479E-5,    -5.827472E-5
1.655375E+7,    -4.281104E-5,    -1.601875E-7
1.656000E+7,    -2.897903E-5,    4.942715E-5
1.656625E+7,    1.975521E-5,    5.194917E-5
1.657250E+7,    -6.216392E-5,    -6.025657E-5
1.657875E+7,    -1.329742E-5,    -1.903996E-5
1.658500E+7,    4.116073E-5,    3.271550E-5
1.659125E+7,    9.033829E-5,    -5.041435E-5
1.659750E+7,    -3.437512E-6,    -1.241360E-5
1.660375E+7,    -9.929389E-5,    2.742931E-5
1.661000E+7,    -6.388873E-6,    4.451349E-5
1.661625E+7,    1.253560E-6,    -2.441276E-5
1.662250E+7,    -1.228973E-4,    9.827316E-6
1.662875E+7,    -3.981590E-5,    -9.595603E-5
1.663500E+7,    -1.629815E-5,    -3.964081E-5
1.664125E+7,    4.714355E-6,    2.678484E-5
1.664750E+7,    7.035956E-5,    -5.550683E-5
1.665375E+7,    -1.590177E-4,    7.327646E-5
1.666000E+7,    -5.918741E-5,    1.540259E-4
1.666625E+7,    -3.039837E-5,    -8.124486E-5
1.667250E+7,    8.693337E-5,    5.364418E-5
1.667875E+7,    1.345724E-4,    -7.440150E-5
1.668500E+7,    -4.199706E-5,    -1.657195E-5
1.669125E+7,    -1.452677E-5,    -3.342889E-5
1.669750E+7,    -7.313490E-5,    -1.203939E-4
1.670375E+7,    7.154793E-5,    3.648922E-5
1.671000E+7,    8.146744E-6,    4.437752E-7
1.671625E+7,    -4.967675E-5,    -6.397441E-5
1.672250E+7,    2.346933E-7,    6.949157E-5
1.672875E+7,    2.224743E-5,    4.211068E-5
1.673500E+7,    1.174361E-4,    5.748868E-5
1.674125E+7,    -7.194653E-5,    -2.846494E-5
1.674750E+7,    -4.715472E-5,    1.507029E-4
1.675375E+7,    2.968125E-6,    2.061203E-5
1.676000E+7,    9.039417E-6,    -1.585670E-5
1.676625E+7,    6.329641E-5,    -7.216260E-5
1.677250E+7,    -5.293638E-6,    5.900860E-5
1.677875E+7,    1.709722E-5,    2.341159E-5
1.678500E+7,    1.956150E-5,    5.223602E-5
1.679125E+7,    2.676621E-5,    -3.941730E-5
1.679750E+7,    1.196191E-4,    5.579740E-5
1.680375E+7,    -8.204952E-5,    3.576279E-6
1.681000E+7,    8.477271E-5,    5.588681E-5
1.681625E+7,    -1.618639E-5,    -3.978983E-5
1.682250E+7,    -7.271767E-5,    -9.002537E-5
1.682875E+7,    3.422797E-5,    -6.151199E-5
1.683500E+7,    -2.571382E-5,    -1.577288E-5
1.684125E+7,    -1.740009E-4,    -6.927550E-5
1.684750E+7,    -4.503876E-6,    -6.575882E-5
1.685375E+7,    1.586322E-5,    9.096228E-6
1.686000E+7,    -7.545575E-5,    -4.121289E-5
1.686625E+7,    3.863312E-5,    4.267320E-6
1.687250E+7,    9.315461E-5,    1.761317E-5
1.687875E+7,    -5.976483E-5,    6.766990E-6
1.688500E+7,    -2.675503E-5,    -6.908923E-5
1.689125E+7,    3.310852E-5,    -6.271526E-6
1.689750E+7,    -7.718801E-6,    -7.825345E-5
1.690375E+7,    -2.929661E-5,    1.059938E-5
1.691000E+7,    2.584606E-5,    -9.280443E-5
1.691625E+7,    -4.088134E-5,    -7.202849E-5
1.692250E+7,    6.988272E-5,    3.072992E-5
1.692875E+7,    -6.011687E-6,    -2.396759E-6
1.693500E+7,    -2.391636E-6,    4.084781E-5
1.694125E+7,    -1.129135E-5,    1.777988E-5
1.694750E+7,    -6.517768E-5,    2.694130E-5
1.695375E+7,    -1.275539E-5,    4.229695E-5
1.696000E+7,    -2.213288E-5,    2.740417E-5
1.696625E+7,    6.750599E-5,    1.978129E-6
1.697250E+7,    1.169443E-4,    6.648898E-5
1.697875E+7,    1.533404E-4,    4.200637E-5
1.698500E+7,    -2.207682E-4,    5.637854E-5
1.699125E+7,    3.990531E-5,    1.881272E-5
1.699750E+7,    -4.996732E-5,    1.139082E-4
1.700375E+7,    -9.244680E-5,    -6.506592E-5
1.701000E+7,    -2.355315E-5,    -1.779944E-5
1.701625E+7,    -6.593764E-5,    4.239380E-6
1.702250E+7,    1.149103E-4,    6.844103E-5
1.702875E+7,    -1.366660E-4,    -4.933029E-5
1.703500E+7,    2.961606E-7,    -3.898144E-5
1.704125E+7,    3.291667E-5,    1.334623E-4
1.704750E+7,    4.105270E-6,    -1.352653E-4
1.705375E+7,    5.227514E-5,    -1.531653E-5
1.706000E+7,    -1.553074E-5,    -4.818663E-5
1.706625E+7,    -2.454221E-5,    -1.020953E-4
1.707250E+7,    1.790002E-5,    -2.356060E-5
1.707875E+7,    5.857088E-6,    -2.839044E-5
1.708500E+7,    2.323650E-6,    2.890173E-5
1.709125E+7,    -9.568036E-5,    -4.701316E-5
1.709750E+7,    -1.017600E-4,    -4.948676E-5
1.710375E+7,    8.419156E-5,    3.397092E-5
1.711000E+7,    -8.019432E-5,    1.121312E-6
1.711625E+7,    6.117672E-5,    7.934868E-6
1.712250E+7,    -1.536123E-5,    -1.740828E-5
1.712875E+7,    -5.029142E-5,    -1.753867E-5
1.713500E+7,    1.890957E-5,    -3.988296E-5
1.714125E+7,    -2.152845E-5,    -5.064532E-5
1.714750E+7,    4.796870E-5,    -1.138449E-5
1.715375E+7,    1.024827E-4,    -2.850965E-5
1.716000E+7,    -1.190603E-5,    -1.056679E-4
1.716625E+7,    1.203641E-5,    4.869886E-6
1.717250E+7,    -1.665205E-5,    6.879121E-5
1.717875E+7,    6.046146E-5,    -4.551373E-5
1.718500E+7,    -4.246831E-7,    3.905967E-5
1.719125E+7,    -5.071610E-5,    2.139993E-5
1.719750E+7,    -1.376309E-5,    -4.204549E-5
1.720375E+7,    4.647300E-5,    1.328066E-5
1.721000E+7,    1.385435E-5,    7.291138E-5
1.721625E+7,    6.976724E-5,    -6.139651E-5
1.722250E+7,    -2.895575E-5,    2.225861E-6
1.722875E+7,    4.944950E-5,    -1.286343E-4
1.723500E+7,    -1.571327E-5,    8.339062E-5
1.724125E+7,    -1.323447E-4,    -2.294034E-5
1.724750E+7,    -1.813173E-4,    -2.814829E-4
1.725375E+7,    3.430992E-5,    -5.334616E-5
1.726000E+7,    -3.831834E-5,    -4.367530E-5
1.726625E+7,    1.072437E-4,    2.965331E-5
1.727250E+7,    -2.897996E-5,    2.237037E-6
1.727875E+7,    -3.886037E-5,    -4.604459E-6
1.728500E+7,    7.120892E-6,    1.694635E-5
1.729125E+7,    3.284961E-5,    3.303587E-5
1.729750E+7,    -1.684949E-5,    9.983405E-5
1.730375E+7,    -4.438311E-5,    -4.625320E-5
1.731000E+7,    -7.945299E-5,    -1.082122E-4
1.731625E+7,    -6.347522E-5,    -6.254762E-6
1.732250E+7,    9.873882E-6,    3.777072E-5
1.732875E+7,    4.651397E-5,    4.430115E-5
1.733500E+7,    5.639344E-5,    1.129285E-4
1.734125E+7,    -4.161522E-5,    -2.544746E-5
1.734750E+7,    -2.955087E-5,    1.041871E-5
1.735375E+7,    3.174692E-5,    -1.231395E-5
1.736000E+7,    -1.533795E-5,    1.339894E-5
1.736625E+7,    2.903864E-5,    9.060651E-5
1.737250E+7,    -1.613572E-4,    -5.211681E-5
1.737875E+7,    -1.057200E-4,    7.327646E-6
1.738500E+7,    -3.395230E-5,    4.517660E-5
1.739125E+7,    -1.149438E-5,    -1.316611E-5
1.739750E+7,    -4.712865E-5,    -5.267560E-6
1.740375E+7,    4.754588E-5,    5.890056E-5
1.741000E+7,    3.951415E-5,    -3.450364E-5
1.741625E+7,    8.500367E-5,    -3.547966E-5
1.742250E+7,    -1.866370E-5,    3.174320E-5
1.742875E+7,    -7.727370E-5,    -1.763925E-5
1.743500E+7,    -9.807572E-5,    -1.497939E-5
1.744125E+7,    -1.869351E-4,    4.699826E-5
1.744750E+7,    -2.579670E-5,    1.475215E-5
1.745375E+7,    1.158565E-5,    -4.875846E-5
1.746000E+7,    -3.989041E-5,    -5.026534E-5
1.746625E+7,    9.372830E-5,    1.882389E-5
1.747250E+7,    -3.892928E-5,    -4.768372E-6
1.747875E+7,    -5.856156E-6,    -6.442517E-5
1.748500E+7,    -7.638335E-5,    5.879253E-5
1.749125E+7,    -4.504248E-5,    2.370961E-5
1.749750E+7,    1.913868E-5,    2.199598E-5
1.750375E+7,    6.789714E-5,    6.461889E-5
1.751000E+7,    4.926324E-5,    3.442168E-5
1.751625E+7,    7.674843E-5,    2.601743E-5
1.752250E+7,    -8.874387E-5,    -3.104657E-5
1.752875E+7,    -7.353723E-5,    -1.347438E-5
1.753500E+7,    -5.270168E-5,    -1.610443E-5
1.754125E+7,    -3.304519E-5,    2.867728E-5
1.754750E+7,    -5.662069E-5,    1.050904E-5
1.755375E+7,    -7.078983E-6,    -1.704134E-5
1.756000E+7,    -2.928078E-6,    4.116260E-5
1.756625E+7,    -8.007511E-5,    -7.729977E-6
1.757250E+7,    3.046915E-5,    6.624684E-5
1.757875E+7,    4.554354E-5,    -8.661300E-7
1.758500E+7,    -6.635860E-5,    -2.750382E-5
1.759125E+7,    -4.236400E-5,    1.353770E-5
1.759750E+7,    -4.482269E-5,    7.745624E-5
1.760375E+7,    -1.146551E-5,    -1.322199E-5
1.761000E+7,    3.889203E-5,    -8.000806E-5
1.761625E+7,    -2.883002E-5,    -6.002560E-5
1.762250E+7,    -1.277775E-6,    -6.839260E-5
1.762875E+7,    1.647603E-5,    1.172535E-6
1.763500E+7,    -5.426817E-6,    -1.074560E-5
1.764125E+7,    -1.988560E-5,    1.720246E-5
1.764750E+7,    -2.722070E-5,    -5.370751E-5
1.765375E+7,    7.857382E-5,    2.024472E-4
1.766000E+7,    -2.554059E-5,    -4.740804E-5
1.766625E+7,    -1.607370E-5,    2.161879E-5
1.767250E+7,    -3.498048E-5,    5.338341E-5
1.767875E+7,    6.172433E-5,    -1.074634E-4
1.768500E+7,    -6.352365E-5,    -1.227856E-4
1.769125E+7,    -1.078658E-4,    3.539026E-7
1.769750E+7,    6.733835E-5,    -4.270300E-5
1.770375E+7,    -1.746044E-5,    -1.007803E-4
1.771000E+7,    -2.976041E-5,    1.021661E-5
1.771625E+7,    6.807968E-6,    4.816242E-5
1.772250E+7,    -7.402152E-5,    -3.659353E-5
1.772875E+7,    -2.982095E-6,    -4.375353E-5
1.773500E+7,    5.736947E-7,    7.675588E-5
1.774125E+7,    8.173287E-6,    -1.383498E-4
1.774750E+7,    -2.533849E-5,    6.425194E-6
1.775375E+7,    -5.649403E-6,    2.032053E-5
1.776000E+7,    -3.521144E-5,    -1.394823E-4
1.776625E+7,    -7.115304E-7,    9.331480E-5
1.777250E+7,    2.653152E-5,    1.699775E-4
1.777875E+7,    3.410131E-5,    7.098168E-5
1.778500E+7,    -3.808364E-5,    9.596348E-6
1.779125E+7,    -1.855195E-6,    2.473313E-5
1.779750E+7,    4.991889E-7,    -6.226078E-5
1.780375E+7,    7.249415E-5,    8.430332E-5
1.781000E+7,    -1.102090E-4,    -5.181134E-5
1.781625E+7,    -1.526438E-5,    -1.776032E-5
1.782250E+7,    -2.025627E-5,    4.825741E-5
1.782875E+7,    2.038851E-5,    5.960464E-5
1.783500E+7,    1.257509E-4,    3.854930E-5
1.784125E+7,    7.199124E-5,    -1.005940E-4
1.784750E+7,    3.582612E-5,    -6.167591E-5
1.785375E+7,    2.477411E-5,    1.884997E-6
1.786000E+7,    -3.487803E-6,    1.842994E-5
1.786625E+7,    -3.781170E-5,    3.241561E-5
1.787250E+7,    4.539452E-5,    -2.350286E-5
1.787875E+7,    2.255291E-5,    3.797933E-6
1.788500E+7,    -1.903996E-5,    3.176741E-5
1.789125E+7,    -8.355454E-5,    -2.093241E-5
1.789750E+7,    -4.523247E-5,    -1.157224E-4
1.790375E+7,    -1.970679E-5,    -1.399964E-5
1.791000E+7,    -6.201118E-5,    -3.179535E-5
1.791625E+7,    -2.728030E-5,    -7.693470E-5
1.792250E+7,    -5.973876E-5,    -3.368407E-5
1.792875E+7,    -2.200156E-5,    9.596348E-5
1.793500E+7,    -6.034505E-6,    -2.545770E-6
1.794125E+7,    -5.689263E-5,    -2.062172E-4
1.794750E+7,    -5.335733E-5,    -6.244332E-5
1.795375E+7,    1.582131E-5,    6.363168E-5
1.796000E+7,    -5.830079E-7,    -4.582107E-5
1.796625E+7,    -4.476681E-5,    -3.884360E-5
1.797250E+7,    -6.135553E-5,    -4.020333E-5
1.797875E+7,    2.305955E-6,    -5.596876E-5
1.798500E+7,    -5.276501E-5,    -1.659989E-5
1.799125E+7,    -3.807247E-5,    -9.870529E-5
1.799750E+7,    -7.203221E-5,    -1.159906E-4
1.800375E+7,    -4.097819E-5,    -3.449619E-5
1.801000E+7,    -6.904453E-5,    4.909933E-6
1.801625E+7,    -2.163649E-5,    -1.743659E-4
1.802250E+7,    -3.847107E-5,    -1.347996E-5
1.802875E+7,    2.246723E-5,    5.799904E-5
1.803500E+7,    1.390651E-5,    3.440678E-5
1.804125E+7,    -1.050672E-5,    1.248904E-6
1.804750E+7,    -9.705871E-5,    -8.692592E-5
1.805375E+7,    -6.041303E-5,    -2.559647E-5
1.806000E+7,    -3.673136E-5,    -6.124377E-5
1.806625E+7,    4.821643E-5,    -5.649403E-5
1.807250E+7,    -4.841387E-5,    -9.758025E-5
1.807875E+7,    -1.162104E-5,    4.071370E-5
1.808500E+7,    1.164153E-5,    3.633648E-5
1.809125E+7,    -7.028505E-5,    4.441291E-5
1.809750E+7,    -8.693337E-5,    9.707361E-5
1.810375E+7,    7.689372E-5,    2.704561E-5
1.811000E+7,    4.092418E-5,    -4.249439E-5
1.811625E+7,    1.567695E-5,    -1.331978E-5
1.812250E+7,    1.015365E-4,    8.327514E-5
1.812875E+7,    1.109317E-4,    -3.270060E-5
1.813500E+7,    -8.409470E-5,    9.730458E-6
1.814125E+7,    -1.146123E-4,    -1.031980E-4
1.814750E+7,    -9.417534E-6,    -3.831647E-5
1.815375E+7,    -6.557256E-5,    -1.369789E-5
1.816000E+7,    5.612150E-6,    -4.333071E-5
1.816625E+7,    3.524125E-6,    1.358241E-4
1.817250E+7,    2.199784E-5,    -6.491318E-5
1.817875E+7,    5.869567E-5,    9.649992E-5
1.818500E+7,    -2.309680E-7,    5.409680E-5
1.819125E+7,    -5.536899E-5,    -6.093457E-5
1.819750E+7,    -3.530830E-5,    1.993999E-4
1.820375E+7,    -2.897345E-5,    4.759803E-5
1.821000E+7,    -4.301779E-6,    2.674945E-5
1.821625E+7,    -2.722442E-5,    7.693842E-5
1.822250E+7,    5.346723E-6,    1.087133E-5
1.822875E+7,    -2.181903E-5,    -8.952618E-5
1.823500E+7,    -2.022274E-5,    1.708884E-5
1.824125E+7,    -4.213117E-5,    4.861504E-6
1.824750E+7,    -2.035871E-5,    -1.060404E-4
1.825375E+7,    2.828240E-5,    6.081909E-5
1.826000E+7,    -7.111952E-5,    -4.774705E-5
1.826625E+7,    2.971739E-4,    -3.536046E-5
1.827250E+7,    -1.022592E-6,    -3.765896E-5
1.827875E+7,    -1.053931E-5,    1.210719E-6
1.828500E+7,    -2.318807E-5,    2.726167E-5
1.829125E+7,    -1.193583E-5,    1.780502E-5
1.829750E+7,    -1.097098E-4,    -6.137788E-5
1.830375E+7,    3.752112E-5,    -2.399459E-5
1.831000E+7,    -5.608797E-5,    -5.279854E-5
1.831625E+7,    -3.486499E-5,    -3.220513E-5
1.832250E+7,    7.610023E-5,    -1.027063E-5
1.832875E+7,    4.864298E-5,    -5.644560E-5
1.833500E+7,    8.724630E-6,    -5.358271E-5
1.834125E+7,    -1.065657E-4,    -4.879385E-5
1.834750E+7,    -1.574773E-5,    1.327228E-5
1.835375E+7,    1.607835E-5,    -9.062141E-5
1.836000E+7,    -7.960945E-6,    -7.802248E-5
1.836625E+7,    4.530326E-5,    8.055940E-6
1.837250E+7,    -3.437698E-5,    -8.653104E-5
1.837875E+7,    5.869009E-5,    -2.632849E-5
1.838500E+7,    7.340685E-6,    -3.702752E-5
1.839125E+7,    6.783381E-5,    -1.082569E-5
1.839750E+7,    5.006418E-5,    5.026162E-5
1.840375E+7,    -4.004687E-6,    -5.051121E-5
1.841000E+7,    4.213676E-5,    -2.776086E-5
1.841625E+7,    -2.202019E-5,    -3.534555E-5
1.842250E+7,    -3.856234E-5,    -1.378916E-5
1.842875E+7,    -7.193163E-5,    -3.969669E-5
1.843500E+7,    -1.207963E-4,    -6.318092E-6
1.844125E+7,    6.936118E-5,    -2.741441E-5
1.844750E+7,    -8.160248E-5,    -2.385303E-5
1.845375E+7,    -1.056399E-5,    1.173001E-6
1.846000E+7,    -1.968257E-5,    -1.425855E-5
1.846625E+7,    -7.329509E-5,    -2.308562E-5
1.847250E+7,    -6.315857E-5,    7.606670E-5
1.847875E+7,    -3.025867E-5,    -1.311302E-5
1.848500E+7,    4.514353E-6,    -3.788155E-6
1.849125E+7,    -9.375811E-5,    -2.916902E-5
1.849750E+7,    3.516674E-5,    1.705214E-4
1.850375E+7,    -6.056204E-5,    -4.933402E-5
1.851000E+7,    5.446374E-5,    2.362952E-5
1.851625E+7,    -1.066849E-4,    -9.516627E-5
1.852250E+7,    4.755519E-5,    -1.673959E-5
1.852875E+7,    -7.307157E-5,    6.891042E-5
1.853500E+7,    3.998354E-5,    -2.578646E-5
1.854125E+7,    -6.179884E-5,    5.941838E-5
1.854750E+7,    -9.695441E-5,    -1.113340E-4
1.855375E+7,    4.149973E-5,    -4.241243E-5
1.856000E+7,    -6.713346E-5,    4.848838E-5