SAVED BY: 
TITLE: 
COMMENTS: 
DATE: 10/27/2020
TIME: 3:40 PM

STIMULUS, REAL, IMAGINARY

8.560000E+6,    4.887581E-6,    -1.757741E-4
8.566250E+6,    -2.019107E-6,    -1.886263E-4
8.572500E+6,    -7.003546E-7,    -1.611784E-4
8.578750E+6,    -8.329749E-6,    -1.739040E-4
8.585000E+6,    -1.601875E-6,    -1.613423E-4
8.591250E+6,    -1.589954E-5,    -1.863763E-4
8.597500E+6,    -1.410395E-5,    -1.887679E-4
8.603750E+6,    -1.944602E-5,    -1.938865E-4
8.610000E+6,    -1.713634E-5,    -1.863465E-4
8.616250E+6,    -7.756054E-6,    -1.762435E-4
8.622500E+6,    4.209578E-6,    -1.781881E-4
8.628750E+6,    -5.811453E-6,    -1.785159E-4
8.635000E+6,    1.050532E-6,    -1.757368E-4
8.641250E+6,    -6.504357E-6,    -1.884028E-4
8.647500E+6,    -1.209974E-5,    -1.834854E-4
8.653750E+6,    -1.019239E-5,    -1.761168E-4
8.660000E+6,    -5.140901E-7,    -1.758263E-4
8.666250E+6,    -3.866851E-6,    -1.637638E-4
8.672500E+6,    1.564622E-6,    -1.684725E-4
8.678750E+6,    -1.628697E-5,    -1.711622E-4
8.685000E+6,    -4.887581E-6,    -1.536161E-4
8.691250E+6,    -2.729148E-5,    -2.007261E-4
8.697500E+6,    -5.245209E-6,    -1.734942E-4
8.703750E+6,    -2.326071E-5,    -1.759306E-4
8.710000E+6,    1.281500E-6,    -1.612678E-4
8.716250E+6,    -2.616644E-5,    -1.833811E-4
8.722500E+6,    -8.918345E-6,    -1.710430E-4
8.728750E+6,    -1.228601E-5,    -1.882538E-4
8.735000E+6,    -4.917383E-7,    -1.711473E-4
8.741250E+6,    3.859401E-6,    -1.961440E-4
8.747500E+6,    -2.300739E-5,    -1.780391E-4
8.753750E+6,    -2.413988E-5,    -1.977235E-4
8.760000E+6,    -2.203137E-5,    -1.904070E-4
8.766250E+6,    -7.778406E-6,    -2.056509E-4
8.772500E+6,    7.413328E-6,    -1.714453E-4
8.778750E+6,    -3.319979E-5,    -1.899078E-4
8.785000E+6,    -2.300739E-5,    -1.702681E-4
8.791250E+6,    -1.889467E-5,    -1.854599E-4
8.797500E+6,    -1.396239E-5,    -1.705438E-4
8.803750E+6,    -1.208484E-5,    -1.732484E-4
8.810000E+6,    -9.730458E-6,    -1.759455E-4
8.816250E+6,    -1.853704E-5,    -1.977831E-4
8.822500E+6,    -1.329929E-5,    -1.732782E-4
8.828750E+6,    7.703900E-6,    -1.883134E-4
8.835000E+6,    -2.191961E-5,    -1.937672E-4
8.841250E+6,    2.406538E-6,    -2.074167E-4
8.847500E+6,    -2.384931E-5,    -1.782402E-4
8.853750E+6,    -1.877546E-5,    -2.152920E-4
8.860000E+6,    -5.090237E-5,    -2.021044E-4
8.866250E+6,    1.102686E-6,    -1.948997E-4
8.872500E+6,    -2.912432E-5,    -1.998767E-4
8.878750E+6,    -1.633167E-5,    -2.084523E-4
8.885000E+6,    -1.453608E-5,    -1.706406E-4
8.891250E+6,    -1.178682E-5,    -1.892895E-4
8.897500E+6,    -1.864135E-5,    -1.926273E-4
8.903750E+6,    -1.173466E-5,    -2.048910E-4
8.910000E+6,    -1.418591E-5,    -2.018511E-4
8.916250E+6,    -2.235174E-5,    -2.021939E-4
8.922500E+6,    -1.775473E-5,    -1.830682E-4
8.928750E+6,    -1.691282E-5,    -1.986697E-4
8.935000E+6,    -2.861023E-5,    -1.647696E-4
8.941250E+6,    -3.062189E-5,    -2.056509E-4
8.947500E+6,    -1.865625E-5,    -1.989305E-4
8.953750E+6,    -8.001924E-6,    -2.045333E-4
8.960000E+6,    -3.314763E-5,    -2.021194E-4
8.966250E+6,    -1.921505E-5,    -2.142489E-4
8.972500E+6,    -2.173334E-5,    -1.954511E-4
8.978750E+6,    -1.604110E-5,    -2.075061E-4
8.985000E+6,    -3.889203E-5,    -1.956001E-4
8.991250E+6,    -3.731251E-5,    -1.988634E-4
8.997500E+6,    -1.128763E-5,    -1.884326E-4
9.003750E+6,    -2.235174E-5,    -2.138019E-4
9.010000E+6,    -3.653765E-5,    -2.171993E-4
9.016250E+6,    -2.640486E-5,    -2.075732E-4
9.022500E+6,    -2.225488E-5,    -2.013668E-4
9.028750E+6,    -3.231317E-5,    -1.982450E-4
9.035000E+6,    -1.888722E-5,    -2.104715E-4
9.041250E+6,    -3.431737E-5,    -2.105981E-4
9.047500E+6,    -1.635402E-5,    -2.008677E-4
9.053750E+6,    -1.665205E-5,    -2.167150E-4
9.060000E+6,    -1.077354E-5,    -1.977310E-4
9.066250E+6,    -3.798306E-5,    -2.072453E-4
9.072500E+6,    -2.596527E-5,    -1.850128E-4
9.078750E+6,    -8.776784E-6,    -2.041459E-4
9.085000E+6,    -2.373755E-5,    -1.913309E-4
9.091250E+6,    -3.841519E-5,    -2.101958E-4
9.097500E+6,    -4.506111E-5,    -2.129525E-4
9.103750E+6,    -2.057850E-5,    -2.162755E-4
9.110000E+6,    -3.053248E-5,    -2.129376E-4
9.116250E+6,    -4.233420E-5,    -2.220273E-4
9.122500E+6,    -4.222989E-5,    -2.062321E-4
9.128750E+6,    -4.924834E-6,    -2.040714E-4
9.135000E+6,    -3.699958E-5,    -2.189577E-4
9.141250E+6,    -3.483891E-5,    -2.096444E-4
9.147500E+6,    -3.544986E-5,    -2.251118E-4
9.153750E+6,    -4.008412E-5,    -2.155751E-4
9.160000E+6,    -4.011393E-5,    -1.997054E-4
9.166250E+6,    -2.200156E-5,    -2.065375E-4
9.172500E+6,    -1.044571E-5,    -2.164319E-4
9.178750E+6,    -3.600121E-5,    -2.121776E-4
9.185000E+6,    -3.731251E-5,    -2.089292E-4
9.191250E+6,    -3.571808E-5,    -2.311766E-4
9.197500E+6,    -5.279481E-5,    -2.114773E-4
9.203750E+6,    -2.560019E-5,    -2.218932E-4
9.210000E+6,    -9.648502E-6,    -2.073646E-4
9.216250E+6,    -3.266335E-5,    -2.088994E-4
9.222500E+6,    -3.409386E-5,    -2.057254E-4
9.228750E+6,    -2.166629E-5,    -2.348870E-4
9.235000E+6,    -2.552569E-5,    -2.092943E-4
9.241250E+6,    -2.321601E-5,    -2.347529E-4
9.247500E+6,    -2.908707E-5,    -2.219826E-4
9.253750E+6,    -4.510581E-5,    -2.204478E-4
9.260000E+6,    -4.173815E-5,    -2.115965E-4
9.266250E+6,    -3.191829E-5,    -2.183467E-4
9.272500E+6,    -2.028048E-5,    -2.099499E-4
9.278750E+6,    -2.963841E-5,    -2.247244E-4
9.285000E+6,    -4.890561E-5,    -2.169609E-4
9.291250E+6,    -2.861023E-5,    -2.312064E-4
9.297500E+6,    -4.744530E-5,    -2.042353E-4
9.303750E+6,    -3.744662E-5,    -2.117157E-4
9.310000E+6,    -2.089143E-5,    -2.352446E-4
9.316250E+6,    -6.683171E-6,    -2.145320E-4
9.322500E+6,    -2.297759E-5,    -2.318919E-4
9.328750E+6,    -2.376735E-5,    -2.318323E-4
9.335000E+6,    -4.792213E-5,    -2.293587E-4
9.341250E+6,    -3.136694E-5,    -2.341568E-4
9.347500E+6,    -3.948808E-5,    -2.335608E-4
9.353750E+6,    -3.261864E-5,    -2.529621E-4
9.360000E+6,    -3.609061E-5,    -2.244711E-4
9.366250E+6,    -3.540516E-5,    -2.273619E-4
9.372500E+6,    -4.154444E-5,    -2.332926E-4
9.378750E+6,    -3.740191E-5,    -2.462268E-4
9.385000E+6,    -3.242493E-5,    -2.403259E-4
9.391250E+6,    -5.000830E-5,    -2.540797E-4
9.397500E+6,    -4.544854E-5,    -2.480447E-4
9.403750E+6,    -5.623698E-5,    -2.409518E-4
9.410000E+6,    -3.764033E-5,    -2.301037E-4
9.416250E+6,    -3.641844E-5,    -2.367347E-4
9.422500E+6,    -4.720688E-5,    -2.292097E-4
9.428750E+6,    -5.635619E-5,    -2.467632E-4
9.435000E+6,    -2.896786E-5,    -2.411008E-4
9.441250E+6,    -3.978610E-5,    -2.330542E-4
9.447500E+6,    -3.093481E-5,    -2.374947E-4
9.453750E+6,    -5.906820E-5,    -2.652109E-4
9.460000E+6,    -6.759167E-5,    -2.418458E-4
9.466250E+6,    -5.564094E-5,    -2.339184E-4
9.472500E+6,    -4.869699E-5,    -2.572238E-4
9.478750E+6,    -4.628301E-5,    -2.415180E-4
9.485000E+6,    -1.707673E-5,    -2.427697E-4
9.491250E+6,    -6.130338E-5,    -2.457201E-4
9.497500E+6,    -4.425645E-5,    -2.544522E-4
9.503750E+6,    -6.300211E-5,    -2.673268E-4
9.510000E+6,    -5.304813E-5,    -2.533495E-4
9.516250E+6,    -3.305078E-5,    -2.469718E-4
9.522500E+6,    -4.947186E-5,    -2.443492E-4
9.528750E+6,    -5.391240E-5,    -2.306700E-4
9.535000E+6,    -4.234910E-5,    -2.458692E-4
9.541250E+6,    -5.280972E-5,    -2.631843E-4
9.547500E+6,    -6.565452E-5,    -2.222359E-4
9.553750E+6,    -2.682209E-5,    -2.546310E-4
9.560000E+6,    -3.787875E-5,    -2.430379E-4
9.566250E+6,    -6.145239E-5,    -2.648830E-4
9.572500E+6,    -6.061792E-5,    -2.425015E-4
9.578750E+6,    -5.307794E-5,    -2.468228E-4
9.585000E+6,    -3.659725E-5,    -2.563298E-4
9.591250E+6,    -6.708503E-5,    -2.795756E-4
9.597500E+6,    -5.066395E-5,    -2.343357E-4
9.603750E+6,    -8.147955E-5,    -2.574027E-4
9.610000E+6,    -5.722046E-5,    -2.428591E-4
9.616250E+6,    -4.884601E-5,    -2.732277E-4
9.622500E+6,    -3.433228E-5,    -2.470911E-4
9.628750E+6,    -5.593896E-5,    -2.786815E-4
9.635000E+6,    -3.665686E-5,    -2.695024E-4
9.641250E+6,    -5.203485E-5,    -2.693832E-4
9.647500E+6,    -5.716085E-5,    -2.780259E-4
9.653750E+6,    -5.501509E-5,    -2.623498E-4
9.660000E+6,    -3.501773E-5,    -2.571642E-4
9.666250E+6,    -6.389618E-5,    -2.608895E-4
9.672500E+6,    -3.454089E-5,    -2.636611E-4
9.678750E+6,    -4.997849E-5,    -2.894998E-4
9.685000E+6,    -2.929568E-5,    -2.584457E-4
9.691250E+6,    -6.002188E-5,    -2.551079E-4
9.697500E+6,    -3.704429E-5,    -2.632141E-4
9.703750E+6,    -5.713105E-5,    -2.685785E-4
9.710000E+6,    -5.024672E-5,    -2.413094E-4
9.716250E+6,    -4.494190E-5,    -2.650619E-4
9.722500E+6,    -5.230308E-5,    -2.698600E-4
9.728750E+6,    -6.571412E-5,    -2.731681E-4
9.735000E+6,    -4.988909E-5,    -2.513528E-4
9.741250E+6,    -7.516146E-5,    -2.712607E-4
9.747500E+6,    -4.199147E-5,    -2.596080E-4
9.753750E+6,    -5.495548E-5,    -2.662241E-4
9.760000E+6,    -6.270409E-5,    -2.675653E-4
9.766250E+6,    -6.961823E-5,    -2.722740E-4
9.772500E+6,    -4.988909E-5,    -2.644360E-4
9.778750E+6,    -5.733967E-5,    -2.983212E-4
9.785000E+6,    -6.392598E-5,    -2.739131E-4
9.791250E+6,    -5.730987E-5,    -2.721548E-4
9.797500E+6,    -6.228685E-5,    -2.874434E-4
9.803750E+6,    -7.435679E-5,    -2.976358E-4
9.810000E+6,    -7.277727E-5,    -2.718568E-4
9.816250E+6,    -6.434321E-5,    -2.839267E-4
9.822500E+6,    -6.568432E-5,    -2.805293E-4
9.828750E+6,    -6.484985E-5,    -2.873242E-4
9.835000E+6,    -7.438660E-5,    -2.779365E-4
9.841250E+6,    -6.115437E-5,    -2.752542E-4
9.847500E+6,    -6.973743E-5,    -2.696812E-4
9.853750E+6,    -4.622340E-5,    -2.859533E-4
9.860000E+6,    -6.183982E-5,    -2.816319E-4
9.866250E+6,    -5.504489E-5,    -3.198385E-4
9.872500E+6,    -5.629659E-5,    -2.768338E-4
9.878750E+6,    -5.635619E-5,    -2.768338E-4
9.885000E+6,    -6.449223E-5,    -2.776980E-4
9.891250E+6,    -7.018447E-5,    -2.897382E-4
9.897500E+6,    -5.742908E-5,    -2.867877E-4
9.903750E+6,    -7.641315E-5,    -3.010333E-4
9.910000E+6,    -7.331371E-5,    -2.821088E-4
9.916250E+6,    -7.760525E-5,    -3.073215E-4
9.922500E+6,    -5.963445E-5,    -2.863705E-4
9.928750E+6,    -7.918477E-5,    -2.973974E-4
9.935000E+6,    -5.790591E-5,    -3.039837E-4
9.941250E+6,    -7.447600E-5,    -2.953708E-4
9.947500E+6,    -7.665157E-5,    -2.848208E-4
9.953750E+6,    -7.045269E-5,    -3.199279E-4
9.960000E+6,    -6.315112E-5,    -2.894402E-4
9.966250E+6,    -1.032054E-4,    -3.063679E-4
9.972500E+6,    -8.136034E-5,    -3.135204E-4
9.978750E+6,    -7.632375E-5,    -3.050566E-4
9.985000E+6,    -7.843971E-5,    -2.942681E-4
9.991250E+6,    -7.766485E-5,    -3.046095E-4
9.997500E+6,    -5.772710E-5,    -2.940893E-4
1.000375E+7,    -8.398294E-5,    -3.196597E-4
1.001000E+7,    -7.215142E-5,    -3.066063E-4
1.001625E+7,    -8.663535E-5,    -3.083050E-4
1.002250E+7,    -6.738305E-5,    -2.948344E-4
1.002875E+7,    -8.395314E-5,    -3.327727E-4
1.003500E+7,    -7.390976E-5,    -3.097057E-4
1.004125E+7,    -7.405877E-5,    -3.131330E-4
1.004750E+7,    -6.800890E-5,    -3.122687E-4
1.005375E+7,    -8.830428E-5,    -3.251135E-4
1.006000E+7,    -6.085634E-5,    -3.177822E-4
1.006625E+7,    -9.843707E-5,    -3.083646E-4
1.007250E+7,    -6.610155E-5,    -2.895892E-4
1.007875E+7,    -7.727742E-5,    -3.225803E-4
1.008500E+7,    -7.253885E-5,    -3.045499E-4
1.009125E+7,    -8.609891E-5,    -3.130436E-4
1.009750E+7,    -1.017749E-4,    -3.035069E-4
1.010375E+7,    -8.654594E-5,    -3.226697E-4
1.011000E+7,    -7.110834E-5,    -3.456771E-4
1.011625E+7,    -9.512901E-5,    -3.201663E-4
1.012250E+7,    -8.803606E-5,    -3.228486E-4
1.012875E+7,    -7.492304E-5,    -3.243387E-4
1.013500E+7,    -8.940697E-5,    -3.290772E-4
1.014125E+7,    -9.009242E-5,    -3.221035E-4
1.014750E+7,    -9.867549E-5,    -3.253222E-4
1.015375E+7,    -7.805228E-5,    -3.235936E-4
1.016000E+7,    -1.060069E-4,    -3.297925E-4
1.016625E+7,    -9.843707E-5,    -3.324151E-4
1.017250E+7,    -9.989738E-5,    -3.289580E-4
1.017875E+7,    -9.316206E-5,    -3.350079E-4
1.018500E+7,    -8.755922E-5,    -3.266037E-4
1.019125E+7,    -8.693337E-5,    -3.408790E-4
1.019750E+7,    -7.539988E-5,    -3.184080E-4
1.020375E+7,    -1.097322E-4,    -3.419220E-4
1.021000E+7,    -9.733438E-5,    -3.299713E-4
1.021625E+7,    -8.317828E-5,    -3.435016E-4
1.022250E+7,    -7.724762E-5,    -3.247261E-4
1.022875E+7,    -9.912252E-5,    -3.299117E-4
1.023500E+7,    -1.131594E-4,    -3.481209E-4
1.024125E+7,    -9.864569E-5,    -3.645718E-4
1.024750E+7,    -1.008809E-4,    -3.357530E-4
1.025375E+7,    -8.052588E-5,    -3.418624E-4
1.026000E+7,    -1.164079E-4,    -3.509820E-4
1.026625E+7,    -1.165867E-4,    -3.574789E-4
1.027250E+7,    -1.044869E-4,    -3.181100E-4
1.027875E+7,    -1.183450E-4,    -3.363490E-4
1.028500E+7,    -1.048446E-4,    -3.317893E-4
1.029125E+7,    -9.837747E-5,    -3.486276E-4
1.029750E+7,    -9.956956E-5,    -3.413856E-4
1.030375E+7,    -9.214878E-5,    -3.730357E-4
1.031000E+7,    -1.069307E-4,    -3.730059E-4
1.031625E+7,    -9.307265E-5,    -3.513396E-4
1.032250E+7,    -9.486079E-5,    -3.581047E-4
1.032875E+7,    -9.587407E-5,    -3.399849E-4
1.033500E+7,    -1.105666E-4,    -3.864765E-4
1.034125E+7,    -1.258850E-4,    -3.475845E-4
1.034750E+7,    -9.813905E-5,    -3.644228E-4
1.035375E+7,    -9.024143E-5,    -3.821254E-4
1.036000E+7,    -1.121759E-4,    -3.607571E-4
1.036625E+7,    -1.142025E-4,    -3.744960E-4
1.037250E+7,    -1.002252E-4,    -3.671944E-4
1.037875E+7,    -1.228452E-4,    -3.641248E-4
1.038500E+7,    -1.017451E-4,    -3.599524E-4
1.039125E+7,    -1.239181E-4,    -3.706217E-4
1.039750E+7,    -9.670854E-5,    -3.737211E-4
1.040375E+7,    -1.112223E-4,    -3.771186E-4
1.041000E+7,    -1.122355E-4,    -3.839731E-4
1.041625E+7,    -1.133978E-4,    -3.693998E-4
1.042250E+7,    -1.140237E-4,    -3.870130E-4
1.042875E+7,    -1.285076E-4,    -3.902316E-4
1.043500E+7,    -1.079738E-4,    -3.688633E-4
1.044125E+7,    -1.370311E-4,    -3.793836E-4
1.044750E+7,    -1.311302E-4,    -3.929734E-4
1.045375E+7,    -1.103282E-4,    -3.793836E-4
1.046000E+7,    -1.050830E-4,    -3.929138E-4
1.046625E+7,    -1.342297E-4,    -3.883839E-4
1.047250E+7,    -1.199841E-4,    -3.715754E-4
1.047875E+7,    -1.353025E-4,    -4.062653E-4
1.048500E+7,    -1.288652E-4,    -3.778934E-4
1.049125E+7,    -1.369715E-4,    -3.734827E-4
1.049750E+7,    -1.091957E-4,    -3.777742E-4
1.050375E+7,    -1.330376E-4,    -4.048944E-4
1.051000E+7,    -1.465678E-4,    -3.759265E-4
1.051625E+7,    -1.341701E-4,    -4.155040E-4
1.052250E+7,    -1.267791E-4,    -3.762841E-4
1.052875E+7,    -1.561642E-4,    -3.820062E-4
1.053500E+7,    -1.280904E-4,    -3.830194E-4
1.054125E+7,    -1.372099E-4,    -4.144907E-4
1.054750E+7,    -1.311898E-4,    -4.073977E-4
1.055375E+7,    -1.391172E-4,    -4.066825E-4
1.056000E+7,    -1.475811E-4,    -4.205108E-4
1.056625E+7,    -1.133680E-4,    -4.212260E-4
1.057250E+7,    -1.413226E-4,    -3.954172E-4
1.057875E+7,    -1.146793E-4,    -4.137158E-4
1.058500E+7,    -1.431108E-4,    -4.016757E-4
1.059125E+7,    -1.440644E-4,    -4.047751E-4
1.059750E+7,    -1.532435E-4,    -4.071593E-4
1.060375E+7,    -1.603961E-4,    -4.071593E-4
1.061000E+7,    -1.397133E-4,    -4.047155E-4
1.061625E+7,    -1.413226E-4,    -4.187822E-4
1.062250E+7,    -1.354814E-4,    -4.221797E-4
1.062875E+7,    -1.447797E-4,    -4.283786E-4
1.063500E+7,    -1.292825E-4,    -4.075170E-4
1.064125E+7,    -1.395345E-4,    -4.287958E-4
1.064750E+7,    -1.547933E-4,    -4.417896E-4
1.065375E+7,    -1.360774E-4,    -4.492998E-4
1.066000E+7,    -1.478195E-4,    -4.206300E-4
1.066625E+7,    -1.514554E-4,    -4.516840E-4
1.067250E+7,    -1.521707E-4,    -4.479289E-4
1.067875E+7,    -1.443028E-4,    -4.379749E-4
1.068500E+7,    -1.387000E-4,    -4.305243E-4
1.069125E+7,    -1.571178E-4,    -4.575849E-4
1.069750E+7,    -1.465082E-4,    -4.270077E-4
1.070375E+7,    -1.631975E-4,    -4.455447E-4
1.071000E+7,    -1.342893E-4,    -4.267693E-4
1.071625E+7,    -1.575351E-4,    -4.385710E-4
1.072250E+7,    -1.602769E-4,    -4.565120E-4
1.072875E+7,    -1.541376E-4,    -4.529953E-4
1.073500E+7,    -1.755357E-4,    -4.462600E-4
1.074125E+7,    -1.434684E-4,    -4.644394E-4
1.074750E+7,    -1.704097E-4,    -4.429817E-4
1.075375E+7,    -1.573563E-4,    -4.478693E-4
1.076000E+7,    -1.536608E-4,    -4.658103E-4
1.076625E+7,    -1.649261E-4,    -4.354715E-4
1.077250E+7,    -1.545548E-4,    -4.616976E-4
1.077875E+7,    -1.751781E-4,    -4.417896E-4
1.078500E+7,    -1.424551E-4,    -4.599094E-4
1.079125E+7,    -1.739860E-4,    -4.698038E-4
1.079750E+7,    -1.748204E-4,    -4.658103E-4
1.080375E+7,    -1.757145E-4,    -4.726052E-4
1.081000E+7,    -1.758337E-4,    -4.656315E-4
1.081625E+7,    -1.786351E-4,    -4.795194E-4
1.082250E+7,    -1.642704E-4,    -4.627109E-4
1.082875E+7,    -1.817346E-4,    -4.857183E-4
1.083500E+7,    -1.761913E-4,    -4.863143E-4
1.084125E+7,    -1.842976E-4,    -4.885793E-4
1.084750E+7,    -1.872778E-4,    -4.982352E-4
1.085375E+7,    -1.942515E-4,    -4.895329E-4
1.086000E+7,    -1.844168E-4,    -4.585981E-4
1.086625E+7,    -1.673102E-4,    -4.898906E-4
1.087250E+7,    -1.821518E-4,    -4.841685E-4
1.087875E+7,    -1.940727E-4,    -4.997253E-4
1.088500E+7,    -1.816750E-4,    -5.017519E-4
1.089125E+7,    -1.696944E-4,    -4.783869E-4
1.089750E+7,    -1.876950E-4,    -4.900694E-4
1.090375E+7,    -1.924038E-4,    -5.102754E-4
1.091000E+7,    -1.946688E-4,    -5.202293E-4
1.091625E+7,    -1.913905E-4,    -4.954934E-4
1.092250E+7,    -1.962185E-4,    -5.162358E-4
1.092875E+7,    -1.881123E-4,    -5.024672E-4
1.093500E+7,    -1.946092E-4,    -4.907846E-4
1.094125E+7,    -2.170205E-4,    -5.300641E-4
1.094750E+7,    -1.880527E-4,    -5.241036E-4
1.095375E+7,    -1.987815E-4,    -5.363226E-4
1.096000E+7,    -2.114177E-4,    -5.157590E-4
1.096625E+7,    -1.941919E-4,    -5.333424E-4
1.097250E+7,    -2.069473E-4,    -5.126595E-4
1.097875E+7,    -2.108216E-4,    -5.260110E-4
1.098500E+7,    -1.837015E-4,    -5.307198E-4
1.099125E+7,    -1.985431E-4,    -5.324483E-4
1.099750E+7,    -2.000332E-4,    -5.355477E-4
1.100375E+7,    -2.041459E-4,    -5.491376E-4
1.101000E+7,    -2.149343E-4,    -5.280375E-4
1.101625E+7,    -2.011061E-4,    -5.227327E-4
1.102250E+7,    -2.263188E-4,    -5.324483E-4
1.102875E+7,    -2.245307E-4,    -5.472898E-4
1.103500E+7,    -2.063513E-4,    -5.580783E-4
1.104125E+7,    -2.306700E-4,    -5.346537E-4
1.104750E+7,    -2.068877E-4,    -5.539060E-4
1.105375E+7,    -2.232194E-4,    -5.536675E-4
1.106000E+7,    -2.179146E-4,    -5.582571E-4
1.106625E+7,    -2.110004E-4,    -5.594492E-4
1.107250E+7,    -2.087355E-4,    -5.676746E-4
1.107875E+7,    -2.467632E-4,    -5.698800E-4
1.108500E+7,    -2.391338E-4,    -5.570054E-4
1.109125E+7,    -2.239943E-4,    -5.561113E-4
1.109750E+7,    -2.431273E-4,    -5.627275E-4
1.110375E+7,    -2.353787E-4,    -5.906224E-4
1.111000E+7,    -2.470016E-4,    -5.728006E-4
1.111625E+7,    -2.233386E-4,    -5.934834E-4
1.112250E+7,    -2.228022E-4,    -5.791187E-4
1.112875E+7,    -2.481937E-4,    -5.911589E-4
1.113500E+7,    -2.495050E-4,    -5.832911E-4
1.114125E+7,    -2.535582E-4,    -6.018281E-4
1.114750E+7,    -2.416372E-4,    -6.048679E-4
1.115375E+7,    -2.441406E-4,    -6.079674E-4
1.116000E+7,    -2.558231E-4,    -5.841851E-4
1.116625E+7,    -2.283454E-4,    -6.163716E-4
1.117250E+7,    -2.591610E-4,    -6.111264E-4
1.117875E+7,    -2.631545E-4,    -6.050467E-4
1.118500E+7,    -2.542138E-4,    -6.086826E-4
1.119125E+7,    -2.586246E-4,    -6.183982E-4
1.119750E+7,    -2.693534E-4,    -6.192923E-4
1.120375E+7,    -2.732277E-4,    -6.477237E-4
1.121000E+7,    -2.844334E-4,    -6.549954E-4
1.121625E+7,    -2.844930E-4,    -6.698966E-4
1.122250E+7,    -3.025532E-4,    -7.280111E-4
1.122875E+7,    -3.135204E-4,    -7.542372E-4
1.123500E+7,    -3.216267E-4,    -8.233786E-4
1.124125E+7,    -3.604889E-4,    -7.983446E-4
1.124750E+7,    -3.359318E-4,    -8.286238E-4
1.125375E+7,    -3.535748E-4,    -8.071661E-4
1.126000E+7,    -3.134012E-4,    -7.714033E-4
1.126625E+7,    -3.478527E-4,    -7.870197E-4
1.127250E+7,    -3.457069E-4,    -8.449554E-4
1.127875E+7,    -3.616810E-4,    -7.694960E-4
1.128500E+7,    -3.445148E-4,    -7.995367E-4
1.129125E+7,    -3.018379E-4,    -7.857084E-4
1.129750E+7,    -2.931356E-4,    -6.959438E-4
1.130375E+7,    -3.197193E-4,    -7.405281E-4
1.131000E+7,    -3.331900E-4,    -7.731915E-4
1.131625E+7,    -3.354549E-4,    -7.765293E-4
1.132250E+7,    -3.222227E-4,    -8.196831E-4
1.132875E+7,    -3.602505E-4,    -8.114576E-4
1.133500E+7,    -3.551245E-4,    -8.261204E-4
1.134125E+7,    -3.364086E-4,    -7.727146E-4
1.134750E+7,    -3.628731E-4,    -7.933378E-4
1.135375E+7,    -3.423691E-4,    -7.741451E-4
1.136000E+7,    -3.283024E-4,    -7.345676E-4
1.136625E+7,    -3.657341E-4,    -7.870197E-4
1.137250E+7,    -3.620386E-4,    -8.182526E-4
1.137875E+7,    -3.597736E-4,    -8.115768E-4
1.138500E+7,    -3.590584E-4,    -8.273125E-4
1.139125E+7,    -3.638268E-4,    -8.074045E-4
1.139750E+7,    -3.564358E-4,    -7.958412E-4
1.140375E+7,    -3.513098E-4,    -7.865429E-4
1.141000E+7,    -3.548861E-4,    -7.665157E-4
1.141625E+7,    -3.726482E-4,    -7.765293E-4
1.142250E+7,    -3.648996E-4,    -8.034706E-4
1.142875E+7,    -3.850460E-4,    -8.417368E-4
1.143500E+7,    -3.720522E-4,    -8.178949E-4
1.144125E+7,    -3.808737E-4,    -8.201599E-4
1.144750E+7,    -3.926754E-4,    -8.931160E-4
1.145375E+7,    -3.988743E-4,    -9.028912E-4
1.146000E+7,    -4.369020E-4,    -9.098053E-4
1.146625E+7,    -4.642010E-4,    -9.359121E-4
1.147250E+7,    -4.231930E-4,    -9.148121E-4
1.147875E+7,    -4.068613E-4,    -8.695126E-4
1.148500E+7,    -4.036427E-4,    -9.267330E-4
1.149125E+7,    -4.652739E-4,    -1.002789E-3
1.149750E+7,    -4.305840E-4,    -1.069903E-3
1.150375E+7,    -4.726648E-4,    -9.800196E-4
1.151000E+7,    -4.909039E-4,    -9.986162E-4
1.151625E+7,    -4.853010E-4,    -1.000524E-3
1.152250E+7,    -4.422665E-4,    -9.894371E-4
1.152875E+7,    -4.477501E-4,    -9.642839E-4
1.153500E+7,    -4.396439E-4,    -9.132624E-4
1.154125E+7,    -4.858971E-4,    -1.040459E-3
1.154750E+7,    -4.746914E-4,    -1.049638E-3
1.155375E+7,    -4.739761E-4,    -1.026273E-3
1.156000E+7,    -4.752874E-4,    -1.204967E-3
1.156625E+7,    -4.779100E-4,    -1.167536E-3
1.157250E+7,    -5.079508E-4,    -1.183629E-3
1.157875E+7,    -6.059408E-4,    -1.155257E-3
1.158500E+7,    -5.671978E-4,    -1.312256E-3
1.159125E+7,    -5.151033E-4,    -1.156211E-3
1.159750E+7,    -4.409552E-4,    -1.184464E-3
1.160375E+7,    -5.623102E-4,    -1.200795E-3
1.161000E+7,    -5.410910E-4,    -1.192570E-3
1.161625E+7,    -6.053448E-4,    -1.323223E-3
1.162250E+7,    -5.702972E-4,    -1.364589E-3
1.162875E+7,    -5.493164E-4,    -1.700878E-3
1.163500E+7,    -4.994869E-4,    -1.824617E-3
1.164125E+7,    -1.771450E-4,    -2.084494E-3
1.164750E+7,    2.784729E-4,    -2.339125E-3
1.165375E+7,    -6.222725E-5,    -2.269745E-3
1.166000E+7,    4.045963E-4,    -2.172470E-3
1.166625E+7,    9.744167E-4,    -2.221107E-3
1.167250E+7,    1.124859E-3,    -2.025366E-3
1.167875E+7,    1.193285E-3,    -2.002001E-3
1.168500E+7,    1.187801E-3,    -2.033472E-3
1.169125E+7,    1.199722E-3,    -2.062321E-3
1.169750E+7,    1.152039E-3,    -2.094984E-3
1.170375E+7,    1.181841E-3,    -2.096415E-3
1.171000E+7,    1.193285E-3,    -2.122879E-3
1.171625E+7,    1.189470E-3,    -2.149820E-3
1.172250E+7,    1.251221E-3,    -2.151251E-3
1.172875E+7,    1.211643E-3,    -2.123594E-3
1.173500E+7,    1.225471E-3,    -2.176523E-3
1.174125E+7,    1.260281E-3,    -2.204895E-3
1.174750E+7,    1.312971E-3,    -2.229691E-3
1.175375E+7,    1.260042E-3,    -2.237320E-3
1.176000E+7,    1.216650E-3,    -2.280712E-3
1.176625E+7,    1.278162E-3,    -2.303600E-3
1.177250E+7,    1.291752E-3,    -2.309561E-3
1.177875E+7,    1.304150E-3,    -2.312422E-3
1.178500E+7,    1.307011E-3,    -2.309322E-3
1.179125E+7,    1.295567E-3,    -2.398014E-3
1.179750E+7,    1.259089E-3,    -2.416611E-3
1.180375E+7,    1.245260E-3,    -2.341509E-3
1.181000E+7,    1.241922E-3,    -2.394438E-3
1.181625E+7,    1.228809E-3,    -2.371550E-3
1.182250E+7,    1.285791E-3,    -2.423525E-3
1.182875E+7,    1.327515E-3,    -2.504349E-3
1.183500E+7,    1.329184E-3,    -2.511501E-3
1.184125E+7,    1.344919E-3,    -2.552986E-3
1.184750E+7,    1.325369E-3,    -2.567530E-3
1.185375E+7,    1.325607E-3,    -2.594948E-3
1.186000E+7,    1.341343E-3,    -2.683878E-3
1.186625E+7,    1.389027E-3,    -2.679348E-3
1.187250E+7,    1.360178E-3,    -2.702713E-3
1.187875E+7,    1.382351E-3,    -2.698183E-3
1.188500E+7,    1.376152E-3,    -2.725601E-3
1.189125E+7,    1.426220E-3,    -2.739906E-3
1.189750E+7,    1.453876E-3,    -2.782106E-3
1.190375E+7,    1.440525E-3,    -2.782822E-3
1.191000E+7,    1.447916E-3,    -2.774715E-3
1.191625E+7,    1.445532E-3,    -2.863169E-3
1.192250E+7,    1.444578E-3,    -2.839804E-3
1.192875E+7,    1.433134E-3,    -2.837420E-3
1.193500E+7,    1.474857E-3,    -2.918959E-3
1.194125E+7,    1.511335E-3,    -2.949238E-3
1.194750E+7,    1.508474E-3,    -2.961874E-3
1.195375E+7,    1.497746E-3,    -3.028393E-3
1.196000E+7,    1.474857E-3,    -3.026724E-3
1.196625E+7,    1.530647E-3,    -3.061295E-3
1.197250E+7,    1.493931E-3,    -3.088474E-3
1.197875E+7,    1.480579E-3,    -3.108025E-3
1.198500E+7,    1.513243E-3,    -3.111839E-3
1.199125E+7,    1.484394E-3,    -3.172874E-3
1.199750E+7,    1.482725E-3,    -3.193617E-3
1.200375E+7,    1.507282E-3,    -3.183603E-3
1.201000E+7,    1.518965E-3,    -3.228188E-3
1.201625E+7,    1.544952E-3,    -3.286600E-3
1.202250E+7,    1.484394E-3,    -3.330708E-3
1.202875E+7,    1.533747E-3,    -3.350258E-3
1.203500E+7,    1.502514E-3,    -3.351212E-3
1.204125E+7,    1.525879E-3,    -3.333330E-3
1.204750E+7,    1.527548E-3,    -3.356457E-3
1.205375E+7,    1.613617E-3,    -3.407717E-3
1.206000E+7,    1.599789E-3,    -3.371239E-3
1.206625E+7,    1.617193E-3,    -3.496885E-3
1.207250E+7,    1.659870E-3,    -3.590822E-3
1.207875E+7,    1.566648E-3,    -3.509045E-3
1.208500E+7,    1.576185E-3,    -3.504753E-3
1.209125E+7,    1.584291E-3,    -3.530264E-3
1.209750E+7,    1.591921E-3,    -3.601789E-3
1.210375E+7,    1.605034E-3,    -3.620386E-3
1.211000E+7,    1.585484E-3,    -3.677368E-3
1.211625E+7,    1.624823E-3,    -3.699064E-3
1.212250E+7,    1.577616E-3,    -3.700972E-3
1.212875E+7,    1.612663E-3,    -3.767014E-3
1.213500E+7,    1.600504E-3,    -3.792048E-3
1.214125E+7,    1.638889E-3,    -3.826618E-3
1.214750E+7,    1.700163E-3,    -3.899574E-3
1.215375E+7,    1.714945E-3,    -3.944397E-3
1.216000E+7,    1.718521E-3,    -3.958225E-3
1.216625E+7,    1.742840E-3,    -4.017830E-3
1.217250E+7,    1.727581E-3,    -4.088879E-3
1.217875E+7,    1.724720E-3,    -4.091263E-3
1.218500E+7,    1.690865E-3,    -4.135609E-3
1.219125E+7,    1.763821E-3,    -4.182339E-3
1.219750E+7,    1.768112E-3,    -4.188538E-3
1.220375E+7,    1.806259E-3,    -4.308701E-3
1.221000E+7,    1.812935E-3,    -4.326820E-3
1.221625E+7,    1.819134E-3,    -4.399300E-3
1.222250E+7,    1.832962E-3,    -4.390717E-3
1.222875E+7,    1.873493E-3,    -4.476547E-3
1.223500E+7,    1.886368E-3,    -4.570007E-3
1.224125E+7,    1.882076E-3,    -4.594326E-3
1.224750E+7,    1.883030E-3,    -4.636765E-3
1.225375E+7,    1.887798E-3,    -4.635811E-3
1.226000E+7,    1.861095E-3,    -4.763126E-3
1.226625E+7,    1.902103E-3,    -4.798412E-3
1.227250E+7,    1.945972E-3,    -4.868031E-3
1.227875E+7,    1.963615E-3,    -4.938126E-3
1.228500E+7,    1.977444E-3,    -4.958153E-3
1.229125E+7,    2.058506E-3,    -5.099297E-3
1.229750E+7,    2.006054E-3,    -5.109787E-3
1.230375E+7,    2.038956E-3,    -5.200386E-3
1.231000E+7,    1.998901E-3,    -5.236149E-3
1.231625E+7,    2.063751E-3,    -5.338192E-3
1.232250E+7,    2.047062E-3,    -5.382061E-3
1.232875E+7,    2.039909E-3,    -5.488873E-3
1.233500E+7,    2.124310E-3,    -5.509853E-3
1.234125E+7,    2.159119E-3,    -5.603313E-3
1.234750E+7,    2.168655E-3,    -5.688667E-3
1.235375E+7,    2.182007E-3,    -5.748749E-3
1.236000E+7,    2.211571E-3,    -5.814075E-3
1.236625E+7,    2.235413E-3,    -5.853653E-3
1.237250E+7,    2.302647E-3,    -5.918980E-3
1.237875E+7,    2.281666E-3,    -6.063938E-3
1.238500E+7,    2.312183E-3,    -6.078243E-3
1.239125E+7,    2.324104E-3,    -6.233215E-3
1.239750E+7,    2.381802E-3,    -6.285667E-3
1.240375E+7,    2.338409E-3,    -6.342411E-3
1.241000E+7,    2.384663E-3,    -6.478786E-3
1.241625E+7,    2.447605E-3,    -6.567001E-3
1.242250E+7,    2.485275E-3,    -6.634712E-3
1.242875E+7,    2.520561E-3,    -6.767750E-3
1.243500E+7,    2.525806E-3,    -6.882668E-3
1.244125E+7,    2.470970E-3,    -7.019520E-3
1.244750E+7,    2.548695E-3,    -7.031918E-3
1.245375E+7,    2.625942E-3,    -7.094860E-3
1.246000E+7,    2.641201E-3,    -7.260323E-3
1.246625E+7,    2.685547E-3,    -7.367611E-3
1.247250E+7,    2.708912E-3,    -7.478237E-3
1.247875E+7,    2.788544E-3,    -7.605553E-3
1.248500E+7,    2.817631E-3,    -7.739544E-3
1.249125E+7,    2.777100E-3,    -7.803917E-3
1.249750E+7,    2.852440E-3,    -7.922173E-3
1.250375E+7,    2.877235E-3,    -8.120537E-3
1.251000E+7,    2.926826E-3,    -8.199692E-3
1.251625E+7,    2.969742E-3,    -8.341789E-3
1.252250E+7,    3.009796E-3,    -8.515358E-3
1.252875E+7,    3.053665E-3,    -8.615494E-3
1.253500E+7,    3.108978E-3,    -8.763313E-3
1.254125E+7,    3.117561E-3,    -8.913040E-3
1.254750E+7,    3.190994E-3,    -9.033203E-3
1.255375E+7,    3.254890E-3,    -9.233475E-3
1.256000E+7,    3.295898E-3,    -9.392738E-3
1.256625E+7,    3.361702E-3,    -9.577751E-3
1.257250E+7,    3.422737E-3,    -9.702682E-3
1.257875E+7,    3.416061E-3,    -9.933472E-3
1.258500E+7,    3.413200E-3,    -1.004887E-2
1.259125E+7,    3.506660E-3,    -1.027012E-2
1.259750E+7,    3.587723E-3,    -1.041985E-2
1.260375E+7,    3.586769E-3,    -1.063633E-2
1.261000E+7,    3.580093E-3,    -1.087761E-2
1.261625E+7,    3.684044E-3,    -1.125526E-2
1.262250E+7,    3.731728E-3,    -1.126957E-2
1.262875E+7,    3.438950E-3,    -1.193333E-2
1.263500E+7,    3.792286E-3,    -1.160097E-2
1.264125E+7,    3.919601E-3,    -1.199436E-2
1.264750E+7,    4.030228E-3,    -1.231480E-2
1.265375E+7,    4.114628E-3,    -1.247644E-2
1.266000E+7,    3.924370E-3,    -1.290798E-2
1.266625E+7,    4.074097E-3,    -1.299000E-2
1.267250E+7,    1.108170E-3,    -1.412201E-2
1.267875E+7,    2.465725E-3,    -1.441574E-2
1.268500E+7,    1.184464E-3,    -1.518059E-2
1.269125E+7,    3.008842E-3,    -1.516819E-2
1.269750E+7,    4.425049E-3,    -1.428890E-2
1.270375E+7,    -3.833771E-4,    -1.486301E-2
1.271000E+7,    1.127243E-3,    -1.722240E-2
1.271625E+7,    4.733086E-3,    -1.544619E-2
1.272250E+7,    4.850388E-3,    -1.583958E-2
1.272875E+7,    4.905701E-3,    -1.621342E-2
1.273500E+7,    4.762650E-3,    -1.695251E-2
1.274125E+7,    5.049706E-3,    -1.721668E-2
1.274750E+7,    4.990578E-3,    -1.781464E-2
1.275375E+7,    5.245209E-3,    -1.786900E-2
1.276000E+7,    4.258156E-3,    -1.870918E-2
1.276625E+7,    1.896858E-3,    -1.945686E-2
1.277250E+7,    -4.149437E-3,    -1.407909E-2
1.277875E+7,    -6.358147E-3,    -1.775837E-2
1.278500E+7,    -3.632545E-3,    -2.145863E-2
1.279125E+7,    -8.354187E-4,    -2.289200E-2
1.279750E+7,    3.926277E-3,    -2.193260E-2
1.280375E+7,    -3.516197E-3,    -2.125549E-2
1.281000E+7,    -9.043694E-3,    -1.807117E-2
1.281625E+7,    -7.936478E-3,    -2.459145E-2
1.282250E+7,    -8.588791E-3,    -2.456856E-2
1.282875E+7,    5.798340E-4,    -2.603817E-2
1.283500E+7,    -1.209068E-2,    -2.154350E-2
1.284125E+7,    5.317688E-3,    -2.903748E-2
1.284750E+7,    6.389618E-3,    -2.890873E-2
1.285375E+7,    4.213333E-3,    -3.089523E-2
1.286000E+7,    4.212379E-3,    -3.112125E-2
1.286625E+7,    3.931046E-3,    -3.316307E-2
1.287250E+7,    5.125046E-3,    -3.372765E-2
1.287875E+7,    6.851196E-3,    -3.361702E-2
1.288500E+7,    4.735947E-3,    -3.437233E-2
1.289125E+7,    2.115250E-3,    -3.815460E-2
1.289750E+7,    -3.261566E-3,    -3.866577E-2
1.290375E+7,    3.356934E-3,    -3.894043E-2
1.291000E+7,    3.414154E-4,    -4.088402E-2
1.291625E+7,    -2.191544E-3,    -4.414749E-2
1.292250E+7,    -6.828308E-3,    -3.914452E-2
1.292875E+7,    -4.467010E-3,    -4.458237E-2
1.293500E+7,    -2.167892E-2,    -3.606987E-2
1.294125E+7,    -1.724052E-2,    -4.153633E-2
1.294750E+7,    -2.195168E-2,    -3.184128E-2
1.295375E+7,    -2.124214E-2,    -2.051353E-2
1.296000E+7,    -1.863861E-2,    -1.551819E-2
1.296625E+7,    -1.865387E-2,    -1.486206E-2
1.297250E+7,    -1.986122E-2,    -1.552391E-2
1.297875E+7,    -2.082634E-2,    -1.588440E-2
1.298500E+7,    -2.185631E-2,    -1.622009E-2
1.299125E+7,    -2.311897E-2,    -1.671219E-2
1.299750E+7,    -2.445221E-2,    -1.711273E-2
1.300375E+7,    -2.601624E-2,    -1.764297E-2
1.301000E+7,    -2.770615E-2,    -1.816559E-2
1.301625E+7,    -2.947235E-2,    -1.854515E-2
1.302250E+7,    -3.162384E-2,    -1.916313E-2
1.302875E+7,    -3.380966E-2,    -1.947594E-2
1.303500E+7,    -3.636932E-2,    -1.989365E-2
1.304125E+7,    -3.907585E-2,    -2.006340E-2
1.304750E+7,    -4.215813E-2,    -2.029991E-2
1.305375E+7,    -4.543686E-2,    -2.027893E-2
1.306000E+7,    -4.924774E-2,    -2.003098E-2
1.306625E+7,    -5.361557E-2,    -1.951981E-2
1.307250E+7,    -5.841446E-2,    -1.855469E-2
1.307875E+7,    -6.400681E-2,    -1.715469E-2
1.308500E+7,    -6.985092E-2,    -1.483536E-2
1.309125E+7,    -7.637024E-2,    -1.148987E-2
1.309750E+7,    -8.293533E-2,    -6.847382E-3
1.310375E+7,    -8.976746E-2,    -6.027222E-4
1.311000E+7,    -9.638977E-2,    7.606506E-3
1.311625E+7,    -1.022797E-1,    1.812363E-2
1.312250E+7,    -1.067352E-1,    3.109360E-2
1.312875E+7,    -1.082115E-1,    4.571533E-2
1.313500E+7,    -1.061821E-1,    6.126785E-2
1.314125E+7,    -9.930420E-2,    7.638931E-2
1.314750E+7,    -8.941650E-2,    8.999634E-2
1.315375E+7,    -7.785797E-2,    1.015778E-1
1.316000E+7,    -6.387329E-2,    1.080246E-1
1.316625E+7,    -5.009460E-2,    1.110611E-1
1.317250E+7,    -3.630066E-2,    1.102829E-1
1.317875E+7,    -2.523804E-2,    1.089630E-1
1.318500E+7,    -1.577759E-2,    1.052246E-1
1.319125E+7,    -7.369995E-3,    1.016922E-1
1.319750E+7,    -1.434326E-3,    9.603119E-2
1.320375E+7,    4.005432E-3,    9.132385E-2
1.321000E+7,    8.171082E-3,    8.796692E-2
1.321625E+7,    1.127625E-2,    8.258057E-2
1.322250E+7,    1.423645E-2,    7.859039E-2
1.322875E+7,    1.654053E-2,    7.571411E-2
1.323500E+7,    1.847839E-2,    7.286835E-2
1.324125E+7,    2.014160E-2,    7.057953E-2
1.324750E+7,    2.182007E-2,    6.913757E-2
1.325375E+7,    2.313232E-2,    6.782532E-2
1.326000E+7,    2.389526E-2,    6.484222E-2
1.326625E+7,    2.478790E-2,    6.294250E-2
1.327250E+7,    2.558136E-2,    6.120300E-2
1.327875E+7,    2.662659E-2,    6.001282E-2
1.328500E+7,    2.700043E-2,    5.805969E-2
1.329125E+7,    2.797699E-2,    5.754089E-2
1.329750E+7,    2.819824E-2,    5.615997E-2
1.330375E+7,    2.876282E-2,    5.439758E-2
1.331000E+7,    3.021240E-2,    5.463409E-2
1.331625E+7,    3.050232E-2,    5.377960E-2
1.332250E+7,    3.178406E-2,    5.411530E-2
1.332875E+7,    3.101349E-2,    5.184174E-2
1.333500E+7,    3.101349E-2,    4.949951E-2
1.334125E+7,    3.096390E-2,    4.827499E-2
1.334750E+7,    3.141403E-2,    4.710770E-2
1.335375E+7,    3.253937E-2,    4.734802E-2
1.336000E+7,    3.260422E-2,    4.681015E-2
1.336625E+7,    3.311539E-2,    4.562378E-2
1.337250E+7,    3.400803E-2,    4.600525E-2
1.337875E+7,    3.442383E-2,    4.508972E-2
1.338500E+7,    3.496552E-2,    4.442215E-2
1.339125E+7,    3.630066E-2,    4.471207E-2
1.339750E+7,    3.680038E-2,    4.417419E-2
1.340375E+7,    3.744507E-2,    4.358673E-2
1.341000E+7,    3.849030E-2,    4.336548E-2
1.341625E+7,    3.995132E-2,    4.358673E-2
1.342250E+7,    4.114151E-2,    4.343796E-2
1.342875E+7,    4.283905E-2,    4.355240E-2
1.343500E+7,    4.466248E-2,    4.372406E-2
1.344125E+7,    4.578781E-2,    4.330826E-2
1.344750E+7,    4.801559E-2,    4.338074E-2
1.345375E+7,    5.004120E-2,    4.335022E-2
1.346000E+7,    5.224991E-2,    4.299164E-2
1.346625E+7,    5.506516E-2,    4.304123E-2
1.347250E+7,    5.837631E-2,    4.322433E-2
1.347875E+7,    6.107712E-2,    4.262161E-2
1.348500E+7,    6.397247E-2,    4.150009E-2
1.349125E+7,    6.755447E-2,    4.057693E-2
1.349750E+7,    7.176208E-2,    3.941727E-2
1.350375E+7,    7.693481E-2,    3.812408E-2
1.351000E+7,    8.139420E-2,    3.568268E-2
1.351625E+7,    8.646393E-2,    3.258514E-2
1.352250E+7,    9.193039E-2,    2.869797E-2
1.352875E+7,    9.776688E-2,    2.357864E-2
1.353500E+7,    1.036453E-1,    1.708603E-2
1.354125E+7,    1.088409E-1,    9.021759E-3
1.354750E+7,    1.133614E-1,    -9.384155E-4
1.355375E+7,    1.166344E-1,    -1.267624E-2
1.356000E+7,    1.170082E-1,    -2.537537E-2
1.356625E+7,    1.148262E-1,    -3.838730E-2
1.357250E+7,    1.094246E-1,    -5.202103E-2
1.357875E+7,    1.012802E-1,    -6.392670E-2
1.358500E+7,    9.094238E-2,    -7.320404E-2
1.359125E+7,    7.892609E-2,    -7.999420E-2
1.359750E+7,    6.705475E-2,    -8.376312E-2
1.360375E+7,    5.519104E-2,    -8.502197E-2
1.361000E+7,    4.464722E-2,    -8.438110E-2
1.361625E+7,    3.537750E-2,    -8.181763E-2
1.362250E+7,    2.750397E-2,    -7.865906E-2
1.362875E+7,    2.064514E-2,    -7.486725E-2
1.363500E+7,    1.546478E-2,    -7.100677E-2
1.364125E+7,    1.084137E-2,    -6.710815E-2
1.364750E+7,    7.247925E-3,    -6.309509E-2
1.365375E+7,    4.356384E-3,    -5.932999E-2
1.366000E+7,    1.983643E-3,    -5.585861E-2
1.366625E+7,    1.449585E-4,    -5.265808E-2
1.367250E+7,    -1.388550E-3,    -4.959869E-2
1.367875E+7,    -2.635956E-3,    -4.677200E-2
1.368500E+7,    -3.570557E-3,    -4.416275E-2
1.369125E+7,    -4.425049E-3,    -4.163361E-2
1.369750E+7,    -4.989624E-3,    -3.942490E-2
1.370375E+7,    -5.516052E-3,    -3.726959E-2
1.371000E+7,    -5.882263E-3,    -3.539658E-2
1.371625E+7,    -6.137848E-3,    -3.369522E-2
1.372250E+7,    -6.389618E-3,    -3.206253E-2
1.372875E+7,    -6.595612E-3,    -3.059387E-2
1.373500E+7,    -6.721497E-3,    -2.922058E-2
1.374125E+7,    -6.816864E-3,    -2.794266E-2
1.374750E+7,    -6.885529E-3,    -2.671051E-2
1.375375E+7,    -6.946564E-3,    -2.560425E-2
1.376000E+7,    -6.919861E-3,    -2.457047E-2
1.376625E+7,    -6.898880E-3,    -2.358437E-2
1.377250E+7,    -6.881714E-3,    -2.270317E-2
1.377875E+7,    -6.853104E-3,    -2.187157E-2
1.378500E+7,    -6.813049E-3,    -2.102089E-2
1.379125E+7,    -6.790161E-3,    -2.032852E-2
1.379750E+7,    -6.725311E-3,    -1.955986E-2
1.380375E+7,    -6.641388E-3,    -1.892281E-2
1.381000E+7,    -6.593704E-3,    -1.827431E-2
1.381625E+7,    -6.507874E-3,    -1.769638E-2
1.382250E+7,    -6.437302E-3,    -1.713943E-2
1.382875E+7,    -6.389618E-3,    -1.662827E-2
1.383500E+7,    -6.301880E-3,    -1.612854E-2
1.384125E+7,    -6.246567E-3,    -1.563263E-2
1.384750E+7,    -6.156921E-3,    -1.520729E-2
1.385375E+7,    -6.130219E-3,    -1.476097E-2
1.386000E+7,    -6.019592E-3,    -1.433372E-2
1.386625E+7,    -5.943298E-3,    -1.396561E-2
1.387250E+7,    -5.887985E-3,    -1.359940E-2
1.387875E+7,    -5.811691E-3,    -1.326942E-2
1.388500E+7,    -5.741119E-3,    -1.295280E-2
1.389125E+7,    -5.664825E-3,    -1.262474E-2
1.389750E+7,    -5.598068E-3,    -1.232338E-2
1.390375E+7,    -5.558014E-3,    -1.204300E-2
1.391000E+7,    -5.483627E-3,    -1.177025E-2
1.391625E+7,    -5.443573E-3,    -1.148987E-2
1.392250E+7,    -5.393982E-3,    -1.124382E-2
1.392875E+7,    -5.315781E-3,    -1.101112E-2
1.393500E+7,    -5.241394E-3,    -1.075172E-2
1.394125E+7,    -5.198002E-3,    -1.054239E-2
1.394750E+7,    -5.154133E-3,    -1.033688E-2
1.395375E+7,    -5.120754E-3,    -1.014137E-2
1.396000E+7,    -5.083084E-3,    -9.941101E-3
1.396625E+7,    -5.014896E-3,    -9.758949E-3
1.397250E+7,    -4.971027E-3,    -9.577751E-3
1.397875E+7,    -4.934788E-3,    -9.407997E-3
1.398500E+7,    -4.897118E-3,    -9.226799E-3
1.399125E+7,    -4.876614E-3,    -9.090900E-3
1.399750E+7,    -4.832745E-3,    -8.911133E-3
1.400375E+7,    -4.779816E-3,    -8.800507E-3
1.401000E+7,    -4.755020E-3,    -8.694172E-3
1.401625E+7,    -4.716396E-3,    -8.547306E-3
1.402250E+7,    -4.672050E-3,    -8.412361E-3
1.402875E+7,    -4.670620E-3,    -8.284092E-3
1.403500E+7,    -4.646778E-3,    -8.178711E-3
1.404125E+7,    -4.590034E-3,    -8.088589E-3
1.404750E+7,    -4.580975E-3,    -7.975578E-3
1.405375E+7,    -4.572868E-3,    -7.855415E-3
1.406000E+7,    -4.539967E-3,    -7.769108E-3
1.406625E+7,    -4.517555E-3,    -7.690430E-3
1.407250E+7,    -4.502296E-3,    -7.597923E-3
1.407875E+7,    -4.487514E-3,    -7.506847E-3
1.408500E+7,    -4.477978E-3,    -7.441998E-3
1.409125E+7,    -4.478455E-3,    -7.370949E-3
1.409750E+7,    -4.452229E-3,    -7.311821E-3
1.410375E+7,    -4.439354E-3,    -7.192612E-3
1.411000E+7,    -4.460812E-3,    -7.141113E-3
1.411625E+7,    -4.434109E-3,    -7.098198E-3
1.412250E+7,    -4.446030E-3,    -7.019997E-3
1.412875E+7,    -4.468918E-3,    -7.010937E-3
1.413500E+7,    -4.459858E-3,    -6.934643E-3
1.414125E+7,    -4.462242E-3,    -6.882191E-3
1.414750E+7,    -4.461765E-3,    -6.866932E-3
1.415375E+7,    -4.503250E-3,    -6.822109E-3
1.416000E+7,    -4.493713E-3,    -6.804466E-3
1.416625E+7,    -4.518986E-3,    -6.758690E-3
1.417250E+7,    -4.511833E-3,    -6.750107E-3
1.417875E+7,    -4.571438E-3,    -6.700993E-3
1.418500E+7,    -4.572868E-3,    -6.693363E-3
1.419125E+7,    -4.621029E-3,    -6.660461E-3
1.419750E+7,    -4.652023E-3,    -6.662369E-3
1.420375E+7,    -4.667759E-3,    -6.651878E-3
1.421000E+7,    -4.709244E-3,    -6.672859E-3
1.421625E+7,    -4.786968E-3,    -6.632328E-3
1.422250E+7,    -4.824162E-3,    -6.662369E-3
1.422875E+7,    -4.891396E-3,    -6.674290E-3
1.423500E+7,    -4.949093E-3,    -6.673813E-3
1.424125E+7,    -5.022049E-3,    -6.728172E-3
1.424750E+7,    -5.064011E-3,    -6.730556E-3
1.425375E+7,    -5.184650E-3,    -6.748199E-3
1.426000E+7,    -5.247593E-3,    -6.770611E-3
1.426625E+7,    -5.347729E-3,    -6.800175E-3
1.427250E+7,    -5.465984E-3,    -6.865501E-3
1.427875E+7,    -5.553246E-3,    -6.921768E-3
1.428500E+7,    -5.700111E-3,    -6.983280E-3
1.429125E+7,    -5.846977E-3,    -7.031918E-3
1.429750E+7,    -5.993843E-3,    -7.125854E-3
1.430375E+7,    -6.166458E-3,    -7.190704E-3
1.431000E+7,    -6.365776E-3,    -7.305622E-3
1.431625E+7,    -6.570339E-3,    -7.380009E-3
1.432250E+7,    -6.808281E-3,    -7.491589E-3
1.432875E+7,    -7.062435E-3,    -7.573128E-3
1.433500E+7,    -7.357121E-3,    -7.724762E-3
1.434125E+7,    -7.692814E-3,    -7.857800E-3
1.434750E+7,    -8.061886E-3,    -8.001804E-3
1.435375E+7,    -8.499146E-3,    -8.153915E-3
1.436000E+7,    -8.985519E-3,    -8.280754E-3
1.436625E+7,    -9.552956E-3,    -8.473396E-3
1.437250E+7,    -1.020718E-2,    -8.622169E-3
1.437875E+7,    -1.099968E-2,    -8.770943E-3
1.438500E+7,    -1.187420E-2,    -8.965492E-3
1.439125E+7,    -1.291752E-2,    -9.055138E-3
1.439750E+7,    -1.414585E-2,    -9.082794E-3
1.440375E+7,    -1.566505E-2,    -8.982658E-3
1.441000E+7,    -1.744080E-2,    -8.724213E-3
1.441625E+7,    -1.958084E-2,    -8.082390E-3
1.442250E+7,    -2.208614E-2,    -6.999969E-3
1.442875E+7,    -2.485847E-2,    -5.017281E-3
1.443500E+7,    -2.763462E-2,    -1.791954E-3
1.444125E+7,    -2.976227E-2,    2.979279E-3
1.444750E+7,    -3.015137E-2,    9.146690E-3
1.445375E+7,    -2.787304E-2,    1.562214E-2
1.446000E+7,    -2.298737E-2,    2.065372E-2
1.446625E+7,    -1.697826E-2,    2.309227E-2
1.447250E+7,    -1.132584E-2,    2.306557E-2
1.447875E+7,    -6.896973E-3,    2.162170E-2
1.448500E+7,    -3.839493E-3,    1.952171E-2
1.449125E+7,    -1.743317E-3,    1.743603E-2
1.449750E+7,    -3.519058E-4,    1.547337E-2
1.450375E+7,    5.578995E-4,    1.373053E-2
1.451000E+7,    1.132488E-3,    1.221037E-2
1.451625E+7,    1.475334E-3,    1.096582E-2
1.452250E+7,    1.702309E-3,    9.854794E-3
1.452875E+7,    1.819134E-3,    8.852005E-3
1.453500E+7,    1.887321E-3,    8.065701E-3
1.454125E+7,    1.907349E-3,    7.322788E-3
1.454750E+7,    1.906395E-3,    6.742954E-3
1.455375E+7,    1.881123E-3,    6.213188E-3
1.456000E+7,    1.826286E-3,    5.709171E-3
1.456625E+7,    1.784801E-3,    5.301476E-3
1.457250E+7,    1.739264E-3,    4.885912E-3
1.457875E+7,    1.666546E-3,    4.560471E-3
1.458500E+7,    1.634359E-3,    4.261017E-3
1.459125E+7,    1.567364E-3,    3.965616E-3
1.459750E+7,    1.487255E-3,    3.740549E-3
1.460375E+7,    1.437902E-3,    3.512144E-3
1.461000E+7,    1.397133E-3,    3.305912E-3
1.461625E+7,    1.332283E-3,    3.094196E-3
1.462250E+7,    1.297712E-3,    2.921343E-3
1.462875E+7,    1.225948E-3,    2.795458E-3
1.463500E+7,    1.180053E-3,    2.609372E-3
1.464125E+7,    1.149297E-3,    2.477050E-3
1.464750E+7,    1.109123E-3,    2.344131E-3
1.465375E+7,    1.040220E-3,    2.227426E-3
1.466000E+7,    1.024008E-3,    2.124071E-3
1.466625E+7,    9.783506E-4,    2.000451E-3
1.467250E+7,    9.384155E-4,    1.928449E-3
1.467875E+7,    9.081364E-4,    1.819968E-3
1.468500E+7,    8.777380E-4,    1.753688E-3
1.469125E+7,    8.494854E-4,    1.662493E-3
1.469750E+7,    8.200407E-4,    1.584053E-3
1.470375E+7,    7.923841E-4,    1.521230E-3
1.471000E+7,    7.411242E-4,    1.451135E-3
1.471625E+7,    7.359982E-4,    1.390100E-3
1.472250E+7,    7.110834E-4,    1.335025E-3
1.472875E+7,    6.825924E-4,    1.290917E-3
1.473500E+7,    6.653666E-4,    1.227140E-3
1.474125E+7,    6.211996E-4,    1.161754E-3
1.474750E+7,    6.027818E-4,    1.124978E-3
1.475375E+7,    5.878210E-4,    1.068294E-3
1.476000E+7,    5.732179E-4,    1.023114E-3
1.476625E+7,    5.483031E-4,    9.975433E-4
1.477250E+7,    5.276203E-4,    9.636283E-4
1.477875E+7,    5.211830E-4,    9.106994E-4
1.478500E+7,    5.120039E-4,    8.953214E-4
1.479125E+7,    5.024076E-4,    8.293986E-4
1.479750E+7,    4.731417E-4,    8.352995E-4
1.480375E+7,    4.260540E-4,    8.045435E-4
1.481000E+7,    4.307032E-4,    7.745624E-4
1.481625E+7,    4.434586E-4,    7.699728E-4
1.482250E+7,    4.175901E-4,    7.150769E-4
1.482875E+7,    3.916621E-4,    6.904006E-4
1.483500E+7,    4.101396E-4,    6.492734E-4
1.484125E+7,    3.967881E-4,    6.227493E-4
1.484750E+7,    3.781617E-4,    6.100833E-4
1.485375E+7,    3.486872E-4,    6.071031E-4
1.486000E+7,    3.484786E-4,    5.770624E-4
1.486625E+7,    3.434420E-4,    5.631447E-4
1.487250E+7,    3.594160E-4,    5.221963E-4
1.487875E+7,    3.030002E-4,    5.330145E-4
1.488500E+7,    3.195405E-4,    4.910827E-4
1.489125E+7,    2.881289E-4,    5.132556E-4
1.489750E+7,    2.859235E-4,    4.610121E-4
1.490375E+7,    2.867281E-4,    4.228950E-4
1.491000E+7,    2.846718E-4,    4.454851E-4
1.491625E+7,    2.549887E-4,    4.518628E-4
1.492250E+7,    2.475977E-4,    3.929734E-4
1.492875E+7,    2.571642E-4,    3.981590E-4
1.493500E+7,    2.516210E-4,    3.844500E-4
1.494125E+7,    2.264082E-4,    3.968477E-4
1.494750E+7,    2.493262E-4,    3.764629E-4
1.495375E+7,    2.543032E-4,    3.599524E-4
1.496000E+7,    2.408028E-4,    3.479421E-4
1.496625E+7,    1.965463E-4,    3.128350E-4
1.497250E+7,    2.016723E-4,    3.264546E-4
1.497875E+7,    1.941621E-4,    3.132522E-4
1.498500E+7,    1.914948E-4,    2.987534E-4
1.499125E+7,    2.022535E-4,    2.874881E-4
1.499750E+7,    2.072603E-4,    2.486706E-4
1.500375E+7,    1.825988E-4,    2.852678E-4
1.501000E+7,    1.820773E-4,    2.777278E-4
1.501625E+7,    1.665652E-4,    2.590567E-4
1.502250E+7,    1.601577E-4,    2.456009E-4
1.502875E+7,    1.884103E-4,    2.446473E-4
1.503500E+7,    1.544058E-4,    2.163053E-4
1.504125E+7,    1.319647E-4,    2.307296E-4
1.504750E+7,    1.538843E-4,    2.089292E-4
1.505375E+7,    1.408458E-4,    2.126098E-4
1.506000E+7,    1.606643E-4,    2.140999E-4
1.506625E+7,    1.480281E-4,    2.326518E-4
1.507250E+7,    1.413673E-4,    1.963675E-4
1.507875E+7,    1.210719E-4,    1.787841E-4
1.508500E+7,    1.167208E-4,    1.875460E-4
1.509125E+7,    1.287013E-4,    1.759231E-4
1.509750E+7,    1.157522E-4,    1.564920E-4
1.510375E+7,    1.288205E-4,    1.601279E-4
1.511000E+7,    1.295954E-4,    1.593679E-4
1.511625E+7,    8.574128E-5,    1.657158E-4
1.512250E+7,    1.291633E-4,    1.665503E-4
1.512875E+7,    1.043379E-4,    1.588166E-4
1.513500E+7,    1.016855E-4,    1.596063E-4
1.514125E+7,    8.278340E-5,    1.508072E-4
1.514750E+7,    1.176894E-4,    1.383424E-4
1.515375E+7,    7.919967E-5,    1.361668E-4
1.516000E+7,    9.204447E-5,    1.160577E-4
1.516625E+7,    9.381771E-5,    1.309216E-4
1.517250E+7,    6.330013E-5,    1.104474E-4
1.517875E+7,    7.074326E-5,    1.077428E-4
1.518500E+7,    8.486956E-5,    1.340881E-4
1.519125E+7,    8.606166E-5,    1.254529E-4
1.519750E+7,    7.541478E-5,    1.373962E-4
1.520375E+7,    6.615371E-5,    1.015291E-4
1.521000E+7,    6.294996E-5,    1.345873E-4
1.521625E+7,    7.490814E-5,    1.223981E-4
1.522250E+7,    6.633252E-5,    1.185238E-4
1.522875E+7,    5.684048E-5,    1.141280E-4
1.523500E+7,    6.704032E-5,    7.771701E-5
1.524125E+7,    6.234646E-5,    9.571761E-5
1.524750E+7,    6.426871E-5,    7.900596E-5
1.525375E+7,    6.791204E-5,    7.750839E-5
1.526000E+7,    5.507469E-5,    7.466972E-5
1.526625E+7,    6.461143E-5,    9.585917E-5
1.527250E+7,    7.646531E-5,    7.475168E-5
1.527875E+7,    5.552173E-5,    9.223074E-5
1.528500E+7,    6.774813E-5,    7.086992E-5
1.529125E+7,    4.500151E-5,    5.580485E-5
1.529750E+7,    5.777180E-5,    7.523596E-5
1.530375E+7,    2.928078E-5,    9.587407E-5
1.531000E+7,    4.035980E-5,    9.162724E-5
1.531625E+7,    5.109608E-5,    7.776171E-5
1.532250E+7,    5.109608E-5,    8.557737E-5
1.532875E+7,    4.864857E-5,    6.143376E-5
1.533500E+7,    4.320964E-5,    5.694851E-5
1.534125E+7,    2.923980E-5,    6.387755E-5
1.534750E+7,    4.754588E-5,    6.468594E-5
1.535375E+7,    3.286824E-5,    4.969910E-5
1.536000E+7,    6.626919E-5,    2.407283E-5
1.536625E+7,    4.765391E-5,    4.177913E-5
1.537250E+7,    1.412630E-5,    3.919192E-5
1.537875E+7,    5.916506E-5,    6.433576E-5
1.538500E+7,    3.412366E-5,    4.027039E-5
1.539125E+7,    3.724173E-5,    5.734712E-5
1.539750E+7,    3.415719E-5,    3.067404E-5
1.540375E+7,    3.534928E-5,    5.332008E-5
1.541000E+7,    3.165379E-5,    3.666431E-5
1.541625E+7,    5.799159E-5,    4.269183E-5
1.542250E+7,    3.450736E-5,    3.929809E-5
1.542875E+7,    2.191402E-5,    3.417581E-5
1.543500E+7,    2.133474E-5,    1.551211E-5
1.544125E+7,    2.366304E-5,    4.534423E-5
1.544750E+7,    3.172085E-5,    4.152581E-5
1.545375E+7,    2.441555E-5,    5.590171E-5
1.546000E+7,    2.816506E-5,    1.505762E-5
1.546625E+7,    3.489852E-5,    2.872199E-5
1.547250E+7,    1.577102E-5,    2.034009E-5
1.547875E+7,    3.495812E-5,    3.822893E-5
1.548500E+7,    1.545250E-5,    1.950562E-5
1.549125E+7,    2.400018E-5,    3.508851E-5
1.549750E+7,    2.800301E-5,    7.555261E-5
1.550375E+7,    3.311597E-5,    2.340600E-5
1.551000E+7,    3.232062E-5,    2.361834E-6
1.551625E+7,    1.395680E-5,    4.224107E-5
1.552250E+7,    2.663210E-5,    1.349673E-5
1.552875E+7,    1.802668E-5,    4.810840E-5
1.553500E+7,    2.622046E-5,    1.268461E-5
1.554125E+7,    2.258085E-5,    2.820604E-5
1.554750E+7,    2.093986E-5,    1.392886E-5
1.555375E+7,    2.797320E-5,    5.830824E-5
1.556000E+7,    1.202896E-5,    5.194917E-5
1.556625E+7,    2.689660E-5,    5.383417E-5
1.557250E+7,    7.390045E-7,    1.078192E-5
1.557875E+7,    2.945215E-5,    5.650148E-5
1.558500E+7,    2.483837E-5,    3.268197E-5
1.559125E+7,    1.471117E-5,    3.896281E-5
1.559750E+7,    1.292117E-5,    2.060272E-5
1.560375E+7,    2.736226E-5,    2.078153E-5
1.561000E+7,    -2.487097E-6,    1.118891E-5
1.561625E+7,    1.279451E-5,    -1.803134E-5
1.562250E+7,    1.015840E-5,    -6.575137E-6
1.562875E+7,    6.478280E-6,    2.507865E-5
1.563500E+7,    8.678995E-6,    1.332443E-5
1.564125E+7,    1.610629E-5,    1.741201E-5
1.564750E+7,    3.840588E-5,    2.276152E-6
1.565375E+7,    1.718290E-5,    2.572685E-5
1.566000E+7,    1.485925E-5,    8.490868E-6
1.566625E+7,    1.522154E-5,    3.629737E-5
1.567250E+7,    4.328787E-6,    6.363727E-6
1.567875E+7,    2.595037E-5,    3.794581E-5
1.568500E+7,    6.722286E-6,    2.326351E-5
1.569125E+7,    2.435409E-6,    1.693144E-5
1.569750E+7,    4.370231E-6,    6.267801E-6
1.570375E+7,    5.636364E-6,    1.469720E-5
1.571000E+7,    8.719973E-6,    1.242384E-5
1.571625E+7,    1.237309E-5,    -8.807983E-6
1.572250E+7,    1.992006E-5,    -4.877336E-6
1.572875E+7,    1.472607E-5,    2.688542E-5
1.573500E+7,    -6.136950E-6,    4.468486E-6
1.574125E+7,    2.779067E-6,    1.669396E-5
1.574750E+7,    3.060792E-6,    -2.242508E-6
1.575375E+7,    1.206342E-5,    9.920448E-6
1.576000E+7,    1.368485E-5,    -1.966208E-5
1.576625E+7,    -1.216354E-5,    9.102747E-6
1.577250E+7,    7.607974E-6,    3.752299E-6
1.577875E+7,    1.221709E-5,    9.777024E-6
1.578500E+7,    4.610512E-6,    6.021466E-6
1.579125E+7,    1.626089E-6,    8.325092E-6
1.579750E+7,    7.633120E-6,    3.670808E-6
1.580375E+7,    -2.003275E-6,    -2.721138E-5
1.581000E+7,    1.825020E-5,    4.880130E-6
1.581625E+7,    2.188608E-6,    2.709683E-5
1.582250E+7,    1.006015E-5,    -1.763646E-5
1.582875E+7,    -1.646020E-5,    3.536232E-6
1.583500E+7,    1.758430E-5,    -1.419522E-5
1.584125E+7,    -1.831446E-6,    -8.230098E-6
1.584750E+7,    6.887130E-6,    -1.538917E-5
1.585375E+7,    1.045875E-5,    3.040023E-5
1.586000E+7,    2.903631E-6,    -2.397341E-6
1.586625E+7,    -7.708557E-6,    -3.382098E-6
1.587250E+7,    1.923181E-5,    -6.352551E-6
1.587875E+7,    -1.940131E-5,    -2.301298E-5
1.588500E+7,    2.862886E-6,    -2.430053E-6
1.589125E+7,    -6.540678E-6,    1.548696E-5
1.589750E+7,    -1.703016E-5,    1.470186E-5
1.590375E+7,    -1.355074E-6,    -1.872052E-5
1.591000E+7,    2.101995E-6,    8.124858E-6
1.591625E+7,    1.058308E-5,    6.933697E-7
1.592250E+7,    1.275167E-5,    8.734874E-6
1.592875E+7,    5.596085E-6,    -4.980015E-6
1.593500E+7,    1.637265E-6,    1.865625E-5
1.594125E+7,    5.016103E-6,    5.557202E-6
1.594750E+7,    -2.769637E-6,    2.516783E-6
1.595375E+7,    -8.278992E-6,    7.573981E-6
1.596000E+7,    8.265488E-6,    -7.595401E-6
1.596625E+7,    1.331884E-5,    -2.159271E-6
1.597250E+7,    2.080016E-5,    1.127459E-5
1.597875E+7,    1.844205E-5,    3.246590E-6
1.598500E+7,    8.160248E-6,    -7.707160E-6
1.599125E+7,    -1.548044E-5,    -1.628883E-5
1.599750E+7,    -1.058308E-5,    -2.197921E-7
1.600375E+7,    -7.489696E-5,    6.477907E-5
1.601000E+7,    -4.143827E-5,    5.615316E-5
1.601625E+7,    -5.960092E-5,    6.618351E-5
1.602250E+7,    1.100749E-4,    3.036112E-5
1.602875E+7,    -6.427616E-5,    1.223385E-5
1.603500E+7,    -3.951415E-5,    1.151897E-4
1.604125E+7,    -9.790063E-6,    -5.658343E-5
1.604750E+7,    -6.036460E-5,    -1.340210E-4
1.605375E+7,    -2.011284E-5,    -4.895777E-5
1.606000E+7,    -1.592189E-4,    1.516193E-5
1.606625E+7,    -9.772554E-5,    1.446903E-5
1.607250E+7,    7.239357E-5,    -4.673377E-5
1.607875E+7,    -8.060038E-5,    1.005791E-4
1.608500E+7,    5.342439E-5,    5.320460E-5
1.609125E+7,    -1.069382E-4,    1.517311E-4
1.609750E+7,    7.281452E-5,    1.535565E-4
1.610375E+7,    -1.062080E-4,    8.098409E-5
1.611000E+7,    -1.744553E-5,    -5.411729E-5
1.611625E+7,    1.394451E-4,    -7.044524E-5
1.612250E+7,    -8.517504E-5,    4.011765E-5
1.612875E+7,    1.125112E-4,    3.843755E-5
1.613500E+7,    -8.886307E-5,    -8.457154E-5
1.614125E+7,    -6.689876E-5,    1.074374E-5
1.614750E+7,    -5.420297E-5,    2.371706E-5
1.615375E+7,    3.010035E-6,    -3.718026E-5
1.616000E+7,    6.204471E-5,    -3.261864E-5
1.616625E+7,    4.143082E-5,    -2.387911E-5
1.617250E+7,    -7.618219E-5,    -6.527454E-5
1.617875E+7,    -8.414686E-5,    -4.994869E-5
1.618500E+7,    2.402067E-5,    -6.520003E-5
1.619125E+7,    2.880953E-5,    -3.683008E-5
1.619750E+7,    -9.570271E-5,    4.753843E-5
1.620375E+7,    -2.323277E-5,    7.369556E-6
1.621000E+7,    -3.938377E-5,    -1.239628E-4
1.621625E+7,    -1.847744E-6,    -5.271100E-5
1.622250E+7,    1.575612E-5,    -2.416968E-5
1.622875E+7,    -1.110509E-4,    3.955886E-5
1.623500E+7,    2.350006E-5,    -2.664234E-5
1.624125E+7,    5.635992E-5,    9.804964E-6
1.624750E+7,    -9.461120E-5,    -2.967194E-5
1.625375E+7,    -3.069453E-5,    -9.462237E-6
1.626000E+7,    -9.907410E-6,    -2.455153E-5
1.626625E+7,    2.059713E-5,    -2.258457E-6
1.627250E+7,    -1.530070E-5,    -7.930212E-6
1.627875E+7,    -2.695620E-5,    8.307025E-5
1.628500E+7,    4.664995E-5,    -2.751499E-5
1.629125E+7,    -2.081506E-5,    1.509208E-5
1.629750E+7,    7.903576E-5,    -1.272261E-4
1.630375E+7,    8.221716E-6,    -3.456697E-5
1.631000E+7,    -2.580322E-5,    6.014481E-6
1.631625E+7,    -1.707673E-5,    -5.421415E-5
1.632250E+7,    4.512444E-5,    -8.669868E-5
1.632875E+7,    1.149699E-4,    4.040450E-5
1.633500E+7,    -3.120489E-5,    2.254173E-5
1.634125E+7,    -5.844980E-6,    -1.131706E-4
1.634750E+7,    8.973479E-5,    7.867813E-6
1.635375E+7,    7.807463E-5,    -6.292015E-5
1.636000E+7,    -1.429841E-4,    -5.520135E-5
1.636625E+7,    -5.661696E-5,    -1.461431E-4
1.637250E+7,    1.077652E-4,    1.086295E-5
1.637875E+7,    -1.432896E-4,    -3.591180E-5
1.638500E+7,    1.430511E-6,    6.552786E-5
1.639125E+7,    6.158650E-5,    6.221235E-6
1.639750E+7,    -8.839741E-5,    5.108491E-5
1.640375E+7,    -8.322299E-6,    -1.082234E-4
1.641000E+7,    -9.623170E-5,    -8.274615E-5
1.641625E+7,    -8.746982E-5,    -3.017485E-7
1.642250E+7,    1.429766E-5,    5.942583E-5
1.642875E+7,    2.559274E-5,    6.895512E-6
1.643500E+7,    4.438683E-5,    -3.514998E-5
1.644125E+7,    8.169562E-5,    3.618747E-5
1.644750E+7,    -6.213784E-6,    5.521439E-5
1.645375E+7,    -3.153086E-5,    3.539771E-5
1.646000E+7,    3.538281E-5,    -1.047887E-4
1.646625E+7,    -7.646158E-6,    -4.002359E-6
1.647250E+7,    4.582107E-5,    2.406538E-5
1.647875E+7,    -4.175305E-5,    3.009662E-5
1.648500E+7,    9.777024E-5,    -6.742775E-7
1.649125E+7,    -3.643706E-5,    1.985021E-5
1.649750E+7,    1.795776E-5,    2.929009E-6
1.650375E+7,    -4.432537E-5,    2.873503E-5
1.651000E+7,    -3.082119E-5,    -3.194436E-6
1.651625E+7,    -1.546741E-5,    -1.252741E-4
1.652250E+7,    3.231317E-5,    -6.751716E-5
1.652875E+7,    -5.460158E-5,    2.333522E-5
1.653500E+7,    -9.749830E-5,    -1.870841E-5
1.654125E+7,    -9.470433E-5,    -3.024191E-5
1.654750E+7,    2.360251E-5,    -2.012029E-5
1.655375E+7,    -4.090928E-5,    -1.503341E-5
1.656000E+7,    1.680851E-5,    5.444512E-5
1.656625E+7,    4.053116E-6,    -6.949157E-5
1.657250E+7,    1.705438E-5,    -1.993403E-4
1.657875E+7,    -7.430464E-5,    -1.962110E-5
1.658500E+7,    -8.917600E-5,    -4.705042E-5
1.659125E+7,    -3.382564E-6,    -8.001924E-5
1.659750E+7,    5.832687E-5,    4.376471E-5
1.660375E+7,    -3.983825E-5,    -6.014854E-5
1.661000E+7,    -8.434430E-5,    -3.151596E-5
1.661625E+7,    -4.999712E-5,    4.529953E-5
1.662250E+7,    -7.428601E-5,    -1.976639E-5
1.662875E+7,    -3.245845E-5,    6.758794E-5
1.663500E+7,    -1.009516E-4,    1.836941E-5
1.664125E+7,    2.058595E-5,    1.152605E-4
1.664750E+7,    -5.923212E-5,    -2.270490E-4
1.665375E+7,    7.046014E-5,    7.648766E-5
1.666000E+7,    4.421920E-5,    9.519607E-5
1.666625E+7,    -4.872121E-5,    -1.276471E-5
1.667250E+7,    3.701821E-5,    -3.907830E-5
1.667875E+7,    2.549589E-5,    -9.740144E-5
1.668500E+7,    -4.490465E-5,    4.148856E-5
1.669125E+7,    -2.467632E-5,    -1.564771E-4
1.669750E+7,    -7.160008E-6,    -2.340972E-5
1.670375E+7,    -7.721782E-5,    -1.128763E-4
1.671000E+7,    -8.393079E-5,    5.339831E-5
1.671625E+7,    1.059435E-4,    -2.607703E-6
1.672250E+7,    1.240894E-5,    -8.487701E-5
1.672875E+7,    -9.628758E-5,    2.730265E-5
1.673500E+7,    -5.878508E-6,    -7.500499E-5
1.674125E+7,    -5.208328E-5,    1.803413E-5
1.674750E+7,    -3.426708E-5,    2.753735E-5
1.675375E+7,    -3.588200E-5,    -1.250394E-5
1.676000E+7,    -4.095584E-5,    8.938089E-5
1.676625E+7,    -3.684685E-5,    2.619997E-5
1.677250E+7,    4.801527E-5,    -5.950592E-5
1.677875E+7,    1.356099E-5,    -2.549309E-5
1.678500E+7,    4.572794E-5,    3.090873E-5
1.679125E+7,    -3.925152E-5,    1.834333E-5
1.679750E+7,    -1.172721E-5,    -4.554354E-5
1.680375E+7,    -3.653765E-5,    1.325831E-5
1.681000E+7,    9.335577E-6,    3.769062E-5
1.681625E+7,    -6.118789E-6,    3.602728E-5
1.682250E+7,    1.105200E-5,    -2.685376E-5
1.682875E+7,    6.192923E-5,    6.876886E-6
1.683500E+7,    -9.326264E-6,    -3.775582E-5
1.684125E+7,    4.365668E-5,    1.025014E-5
1.684750E+7,    -1.292164E-5,    -3.394671E-7
1.685375E+7,    -2.384093E-5,    2.002809E-5
1.686000E+7,    5.825236E-5,    4.425645E-5
1.686625E+7,    6.656349E-5,    2.253428E-5
1.687250E+7,    -1.292396E-5,    -3.585592E-7
1.687875E+7,    7.165596E-5,    -6.654114E-5
1.688500E+7,    -3.679469E-5,    -7.215142E-5
1.689125E+7,    1.835823E-5,    8.196384E-5
1.689750E+7,    -3.790483E-7,    1.292909E-5
1.690375E+7,    -9.728596E-5,    5.291402E-5
1.691000E+7,    -6.178766E-5,    -1.342595E-5
1.691625E+7,    2.840627E-5,    2.107583E-6
1.692250E+7,    -2.661347E-5,    2.510753E-5
1.692875E+7,    5.371124E-5,    -6.972253E-5
1.693500E+7,    -7.246807E-5,    8.593127E-5
1.694125E+7,    4.757009E-5,    -3.360584E-5
1.694750E+7,    -3.872812E-5,    8.436665E-5
1.695375E+7,    1.579076E-4,    5.804002E-6
1.696000E+7,    3.471971E-5,    5.152822E-5
1.696625E+7,    -1.125038E-4,    3.807619E-5
1.697250E+7,    5.098758E-6,    2.746237E-6
1.697875E+7,    1.530647E-4,    -1.742765E-4
1.698500E+7,    -5.491078E-6,    1.811758E-4
1.699125E+7,    -2.370253E-4,    2.078712E-4
1.699750E+7,    1.192987E-4,    -1.564622E-6
1.700375E+7,    8.924305E-5,    -3.740937E-5
1.701000E+7,    2.236106E-5,    3.178976E-5
1.701625E+7,    5.299971E-5,    4.827976E-5
1.702250E+7,    4.772283E-5,    -3.355555E-5
1.702875E+7,    -1.024753E-4,    4.354492E-5
1.703500E+7,    -3.324449E-5,    6.769970E-5
1.704125E+7,    5.809218E-5,    1.302585E-4
1.704750E+7,    -6.498024E-5,    4.477799E-6
1.705375E+7,    5.264208E-5,    -2.430379E-5
1.706000E+7,    -3.041327E-5,    -2.299622E-5
1.706625E+7,    -6.548688E-5,    -6.176904E-5
1.707250E+7,    -5.763024E-6,    -6.248057E-5
1.707875E+7,    2.378598E-5,    -1.350138E-5
1.708500E+7,    7.859897E-6,    -2.350658E-6
1.709125E+7,    -3.825501E-5,    -2.069212E-5
1.709750E+7,    -1.871027E-5,    1.625810E-5
1.710375E+7,    -1.069903E-5,    -7.171184E-5
1.711000E+7,    -2.572685E-5,    -7.335097E-6
1.711625E+7,    -1.054555E-4,    4.849583E-5
1.712250E+7,    -3.977865E-5,    2.468005E-5
1.712875E+7,    5.680323E-5,    9.017438E-5
1.713500E+7,    2.097338E-6,    -6.478652E-5
1.714125E+7,    -3.464893E-5,    -5.175173E-5
1.714750E+7,    1.338124E-5,    6.663799E-5
1.715375E+7,    -2.956390E-5,    3.018044E-5
1.716000E+7,    8.935854E-5,    -3.083423E-5
1.716625E+7,    -6.750599E-5,    7.564947E-5
1.717250E+7,    1.699850E-5,    3.560819E-5
1.717875E+7,    4.154444E-5,    -7.654354E-5
1.718500E+7,    6.119162E-5,    1.125559E-4
1.719125E+7,    5.096942E-5,    2.775714E-5
1.719750E+7,    -1.581013E-5,    -6.813556E-5
1.720375E+7,    -1.741573E-5,    -2.270564E-5
1.721000E+7,    -1.007579E-4,    5.763769E-5
1.721625E+7,    -3.843196E-5,    5.848147E-5
1.722250E+7,    -6.619841E-5,    -1.154467E-4
1.722875E+7,    5.313568E-5,    -3.063492E-5
1.723500E+7,    7.655937E-6,    4.167203E-6
1.724125E+7,    -7.998571E-5,    5.569682E-5
1.724750E+7,    1.749471E-4,    -1.692995E-4
1.725375E+7,    6.072968E-5,    -9.926781E-5
1.726000E+7,    -3.480166E-5,    -4.546717E-5
1.726625E+7,    -6.956980E-6,    -2.366118E-5
1.727250E+7,    2.551824E-5,    1.391768E-5
1.727875E+7,    -9.993091E-6,    6.080978E-5
1.728500E+7,    -4.599430E-5,    4.777312E-5
1.729125E+7,    -1.146682E-4,    7.659197E-5
1.729750E+7,    4.884601E-5,    -1.322180E-4
1.730375E+7,    -1.560226E-4,    -5.669892E-6
1.731000E+7,    -1.213327E-4,    -9.936094E-5
1.731625E+7,    2.696458E-5,    -2.504233E-5
1.732250E+7,    4.898757E-6,    -6.365404E-5
1.732875E+7,    -2.164394E-5,    9.422004E-5
1.733500E+7,    1.819059E-5,    -6.963313E-5
1.734125E+7,    -2.872199E-5,    1.434982E-4
1.734750E+7,    -1.442060E-5,    3.853068E-5
1.735375E+7,    -8.791685E-5,    -8.793175E-5
1.736000E+7,    2.873316E-5,    -7.053837E-5
1.736625E+7,    -3.396720E-5,    1.472533E-4
1.737250E+7,    4.716218E-5,    -7.351860E-6
1.737875E+7,    8.900836E-5,    -1.101568E-5
1.738500E+7,    -1.134686E-4,    3.748387E-5
1.739125E+7,    -1.058728E-5,    -6.558001E-5
1.739750E+7,    -3.473461E-5,    -4.565343E-5
1.740375E+7,    -1.031570E-4,    1.093708E-4
1.741000E+7,    1.576729E-6,    2.742186E-5
1.741625E+7,    -6.532669E-5,    3.997236E-6
1.742250E+7,    -1.615137E-4,    -2.294779E-6
1.742875E+7,    -6.077439E-5,    -4.667044E-5
1.743500E+7,    4.822575E-5,    -3.333576E-5
1.744125E+7,    1.082979E-4,    -3.359467E-5
1.744750E+7,    -8.071959E-5,    -7.098913E-5
1.745375E+7,    2.320483E-5,    -6.038696E-5
1.746000E+7,    -9.700656E-6,    4.784949E-5
1.746625E+7,    6.919727E-5,    -1.016892E-4
1.747250E+7,    -1.583993E-5,    7.111952E-5
1.747875E+7,    -2.297759E-5,    5.387515E-5
1.748500E+7,    3.547780E-5,    -4.035234E-5
1.749125E+7,    -3.117882E-5,    -3.864989E-6
1.749750E+7,    -1.144707E-4,    -9.857118E-6
1.750375E+7,    -4.474074E-5,    -5.788356E-5
1.751000E+7,    5.884096E-5,    -3.420748E-5
1.751625E+7,    -7.867068E-5,    -1.232773E-4
1.752250E+7,    8.849055E-5,    -5.781278E-5
1.752875E+7,    9.153783E-5,    -2.827495E-6
1.753500E+7,    5.314127E-5,    4.267320E-5
1.754125E+7,    -6.959587E-5,    -8.515269E-5
1.754750E+7,    5.122647E-5,    -3.844872E-5
1.755375E+7,    4.099123E-5,    -4.404597E-5
1.756000E+7,    1.841877E-5,    -3.172085E-6
1.756625E+7,    -5.821511E-5,    -4.541501E-5
1.757250E+7,    -8.201227E-6,    8.805655E-6
1.757875E+7,    4.291907E-5,    -8.960441E-5
1.758500E+7,    -5.974062E-5,    5.374290E-5
1.759125E+7,    9.951182E-6,    1.217797E-5
1.759750E+7,    -2.675503E-5,    -4.815683E-5
1.760375E+7,    1.748838E-5,    -4.369952E-5
1.761000E+7,    7.597730E-6,    -5.588681E-5
1.761625E+7,    1.601130E-5,    -1.313835E-4
1.762250E+7,    8.677691E-5,    4.809350E-5
1.762875E+7,    4.982576E-5,    -6.584823E-5
1.763500E+7,    8.743256E-6,    -8.197129E-5
1.764125E+7,    6.564707E-5,    1.167133E-4
1.764750E+7,    -9.640306E-5,    5.344301E-5
1.765375E+7,    4.798919E-5,    3.998727E-5
1.766000E+7,    3.660284E-5,    2.700835E-7
1.766625E+7,    6.217510E-5,    -4.578009E-5
1.767250E+7,    1.958758E-5,    3.094226E-5
1.767875E+7,    -1.331940E-4,    1.133606E-4
1.768500E+7,    -8.823350E-6,    2.186559E-5
1.769125E+7,    5.082041E-5,    3.490597E-5
1.769750E+7,    1.106411E-5,    4.627369E-5
1.770375E+7,    7.867068E-5,    5.704165E-5
1.771000E+7,    -1.497567E-6,    9.279698E-5
1.771625E+7,    -1.340732E-4,    1.327693E-4
1.772250E+7,    -8.402020E-5,    -5.342811E-5
1.772875E+7,    -4.626811E-5,    -1.904741E-5
1.773500E+7,    -9.177253E-5,    2.533197E-6
1.774125E+7,    -6.813556E-5,    -5.797297E-5
1.774750E+7,    -1.564622E-5,    5.820580E-5
1.775375E+7,    -3.535673E-5,    8.749962E-5
1.776000E+7,    1.563039E-5,    2.019107E-6
1.776625E+7,    7.785857E-5,    1.657754E-5
1.777250E+7,    -1.158565E-5,    -3.328174E-5
1.777875E+7,    5.313195E-5,    -1.727790E-5
1.778500E+7,    6.164238E-5,    2.766773E-5
1.779125E+7,    4.647300E-5,    7.281825E-5
1.779750E+7,    1.447946E-4,    1.612753E-4
1.780375E+7,    -5.854666E-5,    -2.136081E-4
1.781000E+7,    -5.967170E-5,    -1.318380E-5
1.781625E+7,    -1.699850E-4,    1.061857E-4
1.782250E+7,    -2.980232E-6,    6.535649E-5
1.782875E+7,    -2.508983E-5,    -8.108094E-5
1.783500E+7,    3.487617E-5,    -7.444993E-5
1.784125E+7,    8.868054E-6,    -2.188887E-5
1.784750E+7,    4.271604E-5,    -1.638196E-5
1.785375E+7,    3.784150E-5,    8.831173E-5
1.786000E+7,    1.441129E-5,    2.820604E-5
1.786625E+7,    2.068281E-5,    1.190230E-4
1.787250E+7,    3.444217E-5,    -7.580966E-6
1.787875E+7,    -5.815551E-5,    -4.598498E-5
1.788500E+7,    -3.447570E-5,    7.562339E-6
1.789125E+7,    4.771724E-5,    -6.728619E-5
1.789750E+7,    1.125038E-6,    8.802861E-5
1.790375E+7,    -2.318248E-5,    1.013018E-4
1.791000E+7,    1.789909E-5,    1.004338E-5
1.791625E+7,    -6.663613E-6,    2.986379E-5
1.792250E+7,    -5.556084E-5,    9.184703E-6
1.792875E+7,    3.348291E-5,    -4.168600E-5
1.793500E+7,    -6.705523E-7,    -4.071184E-5
1.794125E+7,    6.861985E-6,    7.782876E-5
1.794750E+7,    -8.296221E-6,    6.264448E-5
1.795375E+7,    3.354251E-5,    1.211464E-5
1.796000E+7,    -3.256276E-5,    7.592514E-5
1.796625E+7,    8.605421E-6,    -6.919727E-5
1.797250E+7,    2.240762E-6,    -4.586950E-5
1.797875E+7,    2.172217E-5,    3.912859E-5
1.798500E+7,    -4.281104E-5,    -9.138137E-5
1.799125E+7,    -3.008172E-5,    -3.037788E-5
1.799750E+7,    -5.629659E-5,    -3.173202E-5
1.800375E+7,    -4.349649E-5,    -2.454966E-5
1.801000E+7,    2.230518E-6,    7.991679E-6
1.801625E+7,    8.044392E-5,    -1.432002E-4
1.802250E+7,    4.478171E-5,    -1.689419E-6
1.802875E+7,    3.212597E-6,    -1.167273E-5
1.803500E+7,    5.211681E-5,    9.175390E-6
1.804125E+7,    6.077811E-6,    -1.678709E-5
1.804750E+7,    1.111440E-5,    3.996864E-5
1.805375E+7,    -1.255423E-6,    -2.767239E-5
1.806000E+7,    -2.492592E-5,    -2.755225E-5
1.806625E+7,    1.263246E-4,    -2.890825E-6
1.807250E+7,    5.491823E-5,    -1.510382E-4
1.807875E+7,    -6.757304E-5,    3.601238E-5
1.808500E+7,    1.451373E-4,    1.965612E-4
1.809125E+7,    7.474050E-5,    -7.256493E-5
1.809750E+7,    2.150238E-5,    -6.196275E-5
1.810375E+7,    -3.777072E-5,    1.909398E-5
1.811000E+7,    -5.301461E-5,    -4.346296E-5
1.811625E+7,    -1.893193E-5,    -9.175763E-5
1.812250E+7,    -8.919090E-5,    -5.723536E-5
1.812875E+7,    -1.378357E-4,    -1.320690E-4
1.813500E+7,    1.705363E-4,    -1.936778E-4
1.814125E+7,    3.427267E-6,    3.571622E-5
1.814750E+7,    8.668751E-5,    -4.556403E-5
1.815375E+7,    4.354119E-5,    -1.306757E-4
1.816000E+7,    -1.659319E-4,    7.078052E-7
1.816625E+7,    2.351031E-5,    5.387142E-5
1.817250E+7,    -5.371869E-6,    -1.989678E-4
1.817875E+7,    1.292676E-6,    7.502362E-5
1.818500E+7,    1.072027E-4,    -4.056469E-5
1.819125E+7,    2.063066E-5,    -8.973479E-5
1.819750E+7,    1.033619E-4,    3.835559E-5
1.820375E+7,    -1.054220E-4,    1.022182E-4
1.821000E+7,    2.197176E-5,    3.276952E-5
1.821625E+7,    4.966557E-5,    5.526841E-5
1.822250E+7,    8.735806E-5,    -2.072081E-4
1.822875E+7,    -8.720905E-5,    4.544854E-6
1.823500E+7,    -2.116710E-5,    1.478940E-6
1.824125E+7,    -1.487322E-5,    3.213435E-5
1.824750E+7,    -1.847744E-6,    -1.459196E-5
1.825375E+7,    1.314608E-5,    7.096678E-7
1.826000E+7,    -1.645274E-5,    -3.645197E-5
1.826625E+7,    5.067885E-5,    -5.917624E-5
1.827250E+7,    6.783009E-5,    -3.580004E-5
1.827875E+7,    2.074055E-5,    -4.236028E-5
1.828500E+7,    -1.421943E-5,    1.898594E-5
1.829125E+7,    -3.459677E-5,    1.022555E-4
1.829750E+7,    1.677684E-5,    -1.753401E-5
1.830375E+7,    -3.951788E-5,    -9.712577E-5
1.831000E+7,    -2.408028E-5,    6.586313E-6
1.831625E+7,    2.481416E-5,    -1.971330E-5
1.832250E+7,    9.862706E-6,    1.240615E-5
1.832875E+7,    -1.423806E-5,    1.898408E-5
1.833500E+7,    -4.053302E-5,    1.755916E-5
1.834125E+7,    -1.971424E-5,    2.264325E-5
1.834750E+7,    -2.627447E-5,    -4.894659E-5
1.835375E+7,    -5.481998E-6,    3.653811E-6
1.836000E+7,    -2.921373E-5,    -4.382059E-5
1.836625E+7,    7.473864E-7,    -1.316098E-5
1.837250E+7,    3.657769E-7,    -6.577000E-6
1.837875E+7,    5.514547E-5,    5.189329E-5
1.838500E+7,    -5.117152E-6,    -2.924353E-6
1.839125E+7,    -9.569526E-5,    1.303852E-5
1.839750E+7,    8.007511E-5,    -1.528487E-5
1.840375E+7,    -2.449378E-5,    6.063655E-5
1.841000E+7,    1.506880E-5,    -7.974356E-5
1.841625E+7,    -3.917515E-5,    3.867224E-5
1.842250E+7,    -5.367398E-5,    -7.835776E-5
1.842875E+7,    1.461431E-5,    2.195500E-5
1.843500E+7,    -5.595386E-5,    8.698553E-6
1.844125E+7,    3.137812E-5,    5.193427E-5
1.844750E+7,    -2.525561E-5,    2.627913E-5
1.845375E+7,    -9.468757E-6,    -1.903716E-5
1.846000E+7,    -6.069429E-5,    -8.475035E-7
1.846625E+7,    -1.605973E-5,    -4.315004E-5
1.847250E+7,    -2.897717E-5,    4.456379E-5
1.847875E+7,    -1.352653E-4,    -3.680587E-5
1.848500E+7,    8.335337E-6,    3.875233E-5
1.849125E+7,    -5.420670E-5,    2.327934E-5
1.849750E+7,    9.568781E-5,    3.464520E-5
1.850375E+7,    1.274124E-4,    -1.445636E-4
1.851000E+7,    3.590807E-5,    -2.697296E-5
1.851625E+7,    2.206713E-4,    -7.054210E-5
1.852250E+7,    6.565824E-5,    -3.712997E-5
1.852875E+7,    -1.288205E-5,    1.287237E-4
1.853500E+7,    3.517978E-5,    -1.384318E-5
1.854125E+7,    -4.275888E-5,    9.788200E-5
1.854750E+7,    -1.467019E-4,    -2.004504E-4
1.855375E+7,    1.180656E-4,    -2.739206E-5
1.856000E+7,    5.961582E-5,    2.072006E-5