SAVED BY: 
TITLE: 
COMMENTS: 
DATE: 10/27/2020
TIME: 3:26 PM

STIMULUS, REAL, IMAGINARY

8.560000E+6,    -6.482005E-7,    -1.527444E-4
8.566250E+6,    6.817281E-6,    -1.801103E-4
8.572500E+6,    -2.034754E-5,    -1.619905E-4
8.578750E+6,    -1.387298E-5,    -1.856983E-4
8.585000E+6,    -3.205985E-5,    -1.727045E-4
8.591250E+6,    -6.109476E-7,    -1.564026E-4
8.597500E+6,    -1.566112E-5,    -1.567900E-4
8.603750E+6,    4.619360E-6,    -1.801178E-4
8.610000E+6,    -1.623482E-5,    -1.566485E-4
8.616250E+6,    -1.123548E-5,    -1.769438E-4
8.622500E+6,    7.778406E-6,    -1.680478E-4
8.628750E+6,    -6.921589E-6,    -1.684204E-4
8.635000E+6,    -7.227063E-6,    -1.681224E-4
8.641250E+6,    3.509223E-6,    -1.834407E-4
8.647500E+6,    -1.589954E-5,    -1.664758E-4
8.653750E+6,    9.343028E-6,    -1.818612E-4
8.660000E+6,    -1.829863E-5,    -1.885146E-4
8.666250E+6,    -1.350045E-5,    -1.801774E-4
8.672500E+6,    3.300607E-6,    -1.614019E-4
8.678750E+6,    2.816319E-6,    -1.615956E-4
8.685000E+6,    4.351139E-6,    -1.683906E-4
8.691250E+6,    -1.891702E-5,    -1.631081E-4
8.697500E+6,    -1.198798E-5,    -1.646876E-4
8.703750E+6,    -2.252311E-5,    -1.815110E-4
8.710000E+6,    -2.700090E-5,    -1.644790E-4
8.716250E+6,    -1.043826E-5,    -1.749918E-4
8.722500E+6,    2.294779E-6,    -1.685098E-4
8.728750E+6,    -5.796552E-6,    -1.989901E-4
8.735000E+6,    -1.246482E-5,    -1.715943E-4
8.741250E+6,    -2.077222E-5,    -1.694933E-4
8.747500E+6,    -4.008412E-6,    -1.801401E-4
8.753750E+6,    -3.164262E-5,    -1.861304E-4
8.760000E+6,    -2.157688E-5,    -1.692474E-4
8.766250E+6,    -1.291931E-5,    -1.780912E-4
8.772500E+6,    -1.646578E-5,    -1.645312E-4
8.778750E+6,    -3.989786E-5,    -1.906753E-4
8.785000E+6,    -4.301965E-5,    -1.767650E-4
8.791250E+6,    -2.073497E-5,    -1.830384E-4
8.797500E+6,    -1.820177E-5,    -1.606941E-4
8.803750E+6,    -2.291799E-5,    -1.757592E-4
8.810000E+6,    -2.825260E-5,    -1.875386E-4
8.816250E+6,    -1.613051E-5,    -1.778826E-4
8.822500E+6,    -3.865361E-5,    -1.749694E-4
8.828750E+6,    -1.569092E-5,    -1.850128E-4
8.835000E+6,    -2.399832E-5,    -1.790524E-4
8.841250E+6,    -2.881885E-5,    -1.941174E-4
8.847500E+6,    -4.407763E-5,    -1.931936E-4
8.853750E+6,    -2.010912E-5,    -1.708940E-4
8.860000E+6,    -3.993511E-6,    -1.822412E-4
8.866250E+6,    -1.861155E-5,    -1.809001E-4
8.872500E+6,    -2.735108E-5,    -1.751930E-4
8.878750E+6,    -4.820526E-6,    -1.821369E-4
8.885000E+6,    -1.170486E-5,    -1.901910E-4
8.891250E+6,    -3.553182E-5,    -1.762658E-4
8.897500E+6,    -2.889335E-5,    -1.750812E-4
8.903750E+6,    -2.416968E-5,    -1.635551E-4
8.910000E+6,    -2.698600E-5,    -1.923516E-4
8.916250E+6,    -4.012883E-5,    -2.014190E-4
8.922500E+6,    -1.425296E-5,    -1.866966E-4
8.928750E+6,    -1.983345E-5,    -2.015680E-4
8.935000E+6,    -2.885610E-5,    -1.922473E-4
8.941250E+6,    -2.358854E-5,    -1.841858E-4
8.947500E+6,    4.641712E-6,    -1.837760E-4
8.953750E+6,    -2.879649E-5,    -1.989156E-4
8.960000E+6,    -8.754432E-6,    -1.958087E-4
8.966250E+6,    -3.103912E-5,    -1.918077E-4
8.972500E+6,    -3.188848E-5,    -1.881421E-4
8.978750E+6,    -1.977384E-5,    -1.793578E-4
8.985000E+6,    -1.926720E-5,    -1.827702E-4
8.991250E+6,    -4.815310E-5,    -1.829192E-4
8.997500E+6,    -2.329797E-5,    -2.111718E-4
9.003750E+6,    2.257526E-6,    -1.941845E-4
9.010000E+6,    -1.161546E-5,    -1.990721E-4
9.016250E+6,    -2.603978E-5,    -2.079308E-4
9.022500E+6,    -2.782047E-5,    -1.904666E-4
9.028750E+6,    -1.879036E-5,    -2.106577E-4
9.035000E+6,    -2.861023E-5,    -1.903474E-4
9.041250E+6,    -1.982599E-5,    -2.103820E-4
9.047500E+6,    -2.237409E-5,    -1.893416E-4
9.053750E+6,    -1.350045E-5,    -2.164766E-4
9.060000E+6,    -3.010035E-5,    -1.933649E-4
9.066250E+6,    -3.013015E-5,    -1.970232E-4
9.072500E+6,    -1.489371E-5,    -2.130792E-4
9.078750E+6,    -2.950430E-5,    -2.145022E-4
9.085000E+6,    -5.312264E-5,    -1.952499E-4
9.091250E+6,    -1.752377E-5,    -1.991168E-4
9.097500E+6,    -2.551824E-5,    -1.960397E-4
9.103750E+6,    -2.735853E-5,    -1.783893E-4
9.110000E+6,    -2.693385E-5,    -1.856908E-4
9.116250E+6,    -4.042685E-5,    -2.006292E-4
9.122500E+6,    -2.767146E-5,    -1.886114E-4
9.128750E+6,    -1.204759E-5,    -2.156273E-4
9.135000E+6,    -1.452118E-5,    -1.912490E-4
9.141250E+6,    -1.425296E-5,    -2.053306E-4
9.147500E+6,    -4.248321E-5,    -2.069622E-4
9.153750E+6,    -4.948676E-5,    -2.040267E-4
9.160000E+6,    -4.382432E-5,    -1.964420E-4
9.166250E+6,    -3.612041E-5,    -2.096295E-4
9.172500E+6,    -2.334267E-5,    -1.949668E-4
9.178750E+6,    -1.653284E-5,    -2.083704E-4
9.185000E+6,    -3.133714E-5,    -1.951382E-4
9.191250E+6,    -1.076609E-5,    -2.081096E-4
9.197500E+6,    -4.583597E-5,    -2.065450E-4
9.203750E+6,    -3.245473E-5,    -2.020225E-4
9.210000E+6,    2.384186E-6,    -2.075955E-4
9.216250E+6,    -3.299117E-5,    -2.158582E-4
9.222500E+6,    -1.861155E-5,    -2.117828E-4
9.228750E+6,    -2.652407E-5,    -2.226382E-4
9.235000E+6,    -2.741814E-5,    -2.123117E-4
9.241250E+6,    -3.488362E-5,    -2.051741E-4
9.247500E+6,    -2.145022E-5,    -2.011731E-4
9.253750E+6,    -2.112985E-5,    -2.257377E-4
9.260000E+6,    -2.139807E-5,    -2.224892E-4
9.266250E+6,    -3.677607E-5,    -2.153665E-4
9.272500E+6,    -5.860627E-5,    -2.020448E-4
9.278750E+6,    -2.378970E-5,    -1.904219E-4
9.285000E+6,    -3.048778E-5,    -2.328306E-4
9.291250E+6,    -2.366304E-5,    -2.292544E-4
9.297500E+6,    -3.221631E-5,    -1.938641E-4
9.303750E+6,    -2.588332E-5,    -2.186596E-4
9.310000E+6,    -3.984571E-5,    -2.151579E-4
9.316250E+6,    -4.792213E-5,    -2.082735E-4
9.322500E+6,    -1.942366E-5,    -2.113134E-4
9.328750E+6,    -4.796684E-5,    -2.186000E-4
9.335000E+6,    -2.066791E-5,    -2.182871E-4
9.341250E+6,    -3.509223E-5,    -2.112687E-4
9.347500E+6,    -2.846122E-5,    -2.288818E-4
9.353750E+6,    -5.698204E-5,    -2.180338E-4
9.360000E+6,    -2.253056E-5,    -1.973957E-4
9.366250E+6,    -5.790591E-5,    -2.108216E-4
9.372500E+6,    -4.461408E-5,    -2.248734E-4
9.378750E+6,    -1.662225E-5,    -2.145395E-4
9.385000E+6,    -4.601479E-5,    -2.386868E-4
9.391250E+6,    -3.224611E-5,    -2.209246E-4
9.397500E+6,    -4.632771E-5,    -2.104044E-4
9.403750E+6,    -1.189113E-5,    -2.255142E-4
9.410000E+6,    -3.334880E-5,    -2.247691E-4
9.416250E+6,    -4.130602E-5,    -2.312809E-4
9.422500E+6,    -4.205108E-5,    -2.453923E-4
9.428750E+6,    -4.816055E-5,    -2.029240E-4
9.435000E+6,    -2.163649E-5,    -2.284050E-4
9.441250E+6,    -4.315376E-5,    -2.240539E-4
9.447500E+6,    -2.244115E-5,    -2.281070E-4
9.453750E+6,    -6.499887E-5,    -2.267659E-4
9.460000E+6,    -2.345443E-5,    -2.247691E-4
9.466250E+6,    -3.069639E-5,    -2.101660E-4
9.472500E+6,    -4.476309E-5,    -2.236664E-4
9.478750E+6,    -5.337596E-5,    -2.337098E-4
9.485000E+6,    -3.999472E-5,    -2.416670E-4
9.491250E+6,    -1.835823E-5,    -2.283156E-4
9.497500E+6,    -3.388524E-5,    -2.381206E-4
9.503750E+6,    -2.750754E-5,    -2.383888E-4
9.510000E+6,    -3.540516E-5,    -2.449751E-4
9.516250E+6,    -4.377961E-5,    -2.551079E-4
9.522500E+6,    -3.528595E-5,    -2.239645E-4
9.528750E+6,    -4.360080E-5,    -2.373755E-4
9.535000E+6,    -5.090237E-5,    -2.336502E-4
9.541250E+6,    -4.497170E-5,    -2.409220E-4
9.547500E+6,    -2.446771E-5,    -2.419651E-4
9.553750E+6,    -6.133318E-5,    -2.572834E-4
9.560000E+6,    -3.817677E-5,    -2.270043E-4
9.566250E+6,    -4.598498E-5,    -2.299547E-4
9.572500E+6,    -5.403161E-5,    -2.329051E-4
9.578750E+6,    -4.336238E-5,    -2.760291E-4
9.585000E+6,    -4.109740E-5,    -2.371967E-4
9.591250E+6,    -5.617738E-5,    -2.428889E-4
9.597500E+6,    -5.605817E-5,    -2.319813E-4
9.603750E+6,    -5.236268E-5,    -2.608895E-4
9.610000E+6,    -4.336238E-5,    -2.369583E-4
9.616250E+6,    -3.755093E-5,    -2.443194E-4
9.622500E+6,    -4.509091E-5,    -2.436042E-4
9.628750E+6,    -4.601479E-5,    -2.474189E-4
9.635000E+6,    -3.120303E-5,    -2.413690E-4
9.641250E+6,    -6.130338E-5,    -2.524555E-4
9.647500E+6,    -5.286932E-5,    -2.390146E-4
9.653750E+6,    -4.014373E-5,    -2.439022E-4
9.660000E+6,    -4.240870E-5,    -2.617836E-4
9.666250E+6,    -5.614758E-5,    -2.458692E-4
9.672500E+6,    -6.926060E-5,    -2.374649E-4
9.678750E+6,    -2.077222E-5,    -2.426803E-4
9.685000E+6,    -6.321073E-5,    -2.340078E-4
9.691250E+6,    -5.194545E-5,    -2.498627E-4
9.697500E+6,    -5.844235E-5,    -2.486408E-4
9.703750E+6,    -5.352497E-5,    -2.634525E-4
9.710000E+6,    -2.267957E-5,    -2.353787E-4
9.716250E+6,    -5.617738E-5,    -2.667606E-4
9.722500E+6,    -4.872680E-5,    -2.605319E-4
9.728750E+6,    -6.309152E-5,    -2.621710E-4
9.735000E+6,    -4.196167E-5,    -2.614558E-4
9.741250E+6,    -4.723668E-5,    -2.431870E-4
9.747500E+6,    -4.246831E-5,    -2.542436E-4
9.753750E+6,    -5.888939E-5,    -2.625585E-4
9.760000E+6,    -4.762411E-5,    -2.822578E-4
9.766250E+6,    -6.279349E-5,    -2.836585E-4
9.772500E+6,    -5.060434E-5,    -2.458692E-4
9.778750E+6,    -6.282330E-5,    -2.766550E-4
9.785000E+6,    -4.795194E-5,    -2.677441E-4
9.791250E+6,    -5.361438E-5,    -2.563000E-4
9.797500E+6,    -6.929040E-5,    -2.608895E-4
9.803750E+6,    -7.033348E-5,    -2.645254E-4
9.810000E+6,    -7.170439E-5,    -2.677441E-4
9.816250E+6,    -7.328391E-5,    -2.779365E-4
9.822500E+6,    -5.123019E-5,    -2.674162E-4
9.828750E+6,    -5.537271E-5,    -2.882481E-4
9.835000E+6,    -4.985929E-5,    -2.495348E-4
9.841250E+6,    -6.243587E-5,    -2.798438E-4
9.847500E+6,    -7.483363E-5,    -2.669692E-4
9.853750E+6,    -7.787347E-5,    -2.770424E-4
9.860000E+6,    -3.740191E-5,    -2.518296E-4
9.866250E+6,    -6.279349E-5,    -2.689362E-4
9.872500E+6,    -6.762147E-5,    -2.537370E-4
9.878750E+6,    -7.137656E-5,    -2.710223E-4
9.885000E+6,    -5.981326E-5,    -2.803206E-4
9.891250E+6,    -7.635355E-5,    -2.881587E-4
9.897500E+6,    -5.602837E-5,    -2.559721E-4
9.903750E+6,    -5.885959E-5,    -2.661943E-4
9.910000E+6,    -6.052852E-5,    -2.728701E-4
9.916250E+6,    -6.142259E-5,    -2.729893E-4
9.922500E+6,    -8.276105E-5,    -2.683401E-4
9.928750E+6,    -7.998943E-5,    -2.909601E-4
9.935000E+6,    -6.943941E-5,    -2.716482E-4
9.941250E+6,    -7.244945E-5,    -2.810657E-4
9.947500E+6,    -6.338954E-5,    -2.690852E-4
9.953750E+6,    -5.298853E-5,    -2.856851E-4
9.960000E+6,    -6.672740E-5,    -2.790689E-4
9.966250E+6,    -7.531047E-5,    -2.808869E-4
9.972500E+6,    -7.659197E-5,    -2.840757E-4
9.978750E+6,    -9.486079E-5,    -2.984405E-4
9.985000E+6,    -7.790327E-5,    -2.872050E-4
9.991250E+6,    -8.067489E-5,    -2.940595E-4
9.997500E+6,    -8.541346E-5,    -2.819002E-4
1.000375E+7,    -7.349253E-5,    -2.957880E-4
1.001000E+7,    -6.252527E-5,    -3.054738E-4
1.001625E+7,    -8.362532E-5,    -2.970695E-4
1.002250E+7,    -9.095669E-5,    -2.948046E-4
1.002875E+7,    -6.097555E-5,    -2.876818E-4
1.003500E+7,    -7.611513E-5,    -2.877414E-4
1.004125E+7,    -8.389354E-5,    -3.149211E-4
1.004750E+7,    -7.447600E-5,    -2.775788E-4
1.005375E+7,    -7.578731E-5,    -3.095269E-4
1.006000E+7,    -8.156896E-5,    -3.009439E-4
1.006625E+7,    -9.045005E-5,    -3.061891E-4
1.007250E+7,    -8.913875E-5,    -2.954900E-4
1.007875E+7,    -1.043975E-4,    -2.951622E-4
1.008500E+7,    -9.176135E-5,    -2.983809E-4
1.009125E+7,    -9.915233E-5,    -3.002286E-4
1.009750E+7,    -8.544326E-5,    -2.996922E-4
1.010375E+7,    -8.773804E-5,    -3.064275E-4
1.011000E+7,    -9.775162E-5,    -2.856851E-4
1.011625E+7,    -8.782744E-5,    -3.286004E-4
1.012250E+7,    -5.844235E-5,    -3.220737E-4
1.012875E+7,    -9.158254E-5,    -3.092587E-4
1.013500E+7,    -6.803870E-5,    -3.302693E-4
1.014125E+7,    -1.041591E-4,    -3.241897E-4
1.014750E+7,    -6.955862E-5,    -3.004670E-4
1.015375E+7,    -9.524822E-5,    -3.118515E-4
1.016000E+7,    -8.705258E-5,    -3.068149E-4
1.016625E+7,    -8.729100E-5,    -3.067255E-4
1.017250E+7,    -9.000301E-5,    -3.131628E-4
1.017875E+7,    -1.077056E-4,    -3.419220E-4
1.018500E+7,    -8.907914E-5,    -3.283918E-4
1.019125E+7,    -8.803606E-5,    -3.252029E-4
1.019750E+7,    -8.964539E-5,    -3.022552E-4
1.020375E+7,    -8.520484E-5,    -3.115833E-4
1.021000E+7,    -8.463860E-5,    -3.297925E-4
1.021625E+7,    -9.211898E-5,    -3.277957E-4
1.022250E+7,    -7.504225E-5,    -3.180802E-4
1.022875E+7,    -7.489324E-5,    -3.371239E-4
1.023500E+7,    -9.784102E-5,    -3.373623E-4
1.024125E+7,    -8.434057E-5,    -3.193021E-4
1.024750E+7,    -8.815527E-5,    -3.286600E-4
1.025375E+7,    -1.081824E-4,    -3.416836E-4
1.026000E+7,    -8.511543E-5,    -3.344119E-4
1.026625E+7,    -1.068115E-4,    -3.309846E-4
1.027250E+7,    -1.053214E-4,    -3.237426E-4
1.027875E+7,    -9.471178E-5,    -3.349185E-4
1.028500E+7,    -1.064837E-4,    -3.238320E-4
1.029125E+7,    -9.819865E-5,    -3.412366E-4
1.029750E+7,    -9.524822E-5,    -3.274381E-4
1.030375E+7,    -9.316206E-5,    -3.431141E-4
1.031000E+7,    -1.108944E-4,    -3.480613E-4
1.031625E+7,    -9.635091E-5,    -3.273487E-4
1.032250E+7,    -9.056926E-5,    -3.291965E-4
1.032875E+7,    -8.791685E-5,    -3.413260E-4
1.033500E+7,    -9.539723E-5,    -3.354549E-4
1.034125E+7,    -9.945035E-5,    -3.487766E-4
1.034750E+7,    -9.247661E-5,    -3.249347E-4
1.035375E+7,    -9.065866E-5,    -3.409684E-4
1.036000E+7,    -8.216500E-5,    -3.360212E-4
1.036625E+7,    -1.126826E-4,    -3.519058E-4
1.037250E+7,    -9.599328E-5,    -3.463924E-4
1.037875E+7,    -1.183450E-4,    -3.235936E-4
1.038500E+7,    -9.715557E-5,    -3.465414E-4
1.039125E+7,    -9.849668E-5,    -3.495514E-4
1.039750E+7,    -8.827448E-5,    -3.386736E-4
1.040375E+7,    -8.416176E-5,    -3.478825E-4
1.041000E+7,    -9.709597E-5,    -3.389120E-4
1.041625E+7,    -1.235008E-4,    -3.629923E-4
1.042250E+7,    -1.074076E-4,    -3.390908E-4
1.042875E+7,    -1.073778E-4,    -3.584325E-4
1.043500E+7,    -9.965897E-5,    -3.538728E-4
1.044125E+7,    -1.088381E-4,    -3.580749E-4
1.044750E+7,    -1.062155E-4,    -3.475845E-4
1.045375E+7,    -1.104474E-4,    -3.577471E-4
1.046000E+7,    -1.152456E-4,    -3.479719E-4
1.046625E+7,    -1.166463E-4,    -3.701448E-4
1.047250E+7,    -1.131296E-4,    -3.603697E-4
1.047875E+7,    -1.150370E-4,    -3.598630E-4
1.048500E+7,    -1.171529E-4,    -3.633499E-4
1.049125E+7,    -1.094341E-4,    -3.624558E-4
1.049750E+7,    -1.049936E-4,    -3.489852E-4
1.050375E+7,    -1.153350E-4,    -3.719926E-4
1.051000E+7,    -9.962916E-5,    -3.668666E-4
1.051625E+7,    -1.191199E-4,    -3.587902E-4
1.052250E+7,    -1.353621E-4,    -3.752112E-4
1.052875E+7,    -1.176596E-4,    -3.673434E-4
1.053500E+7,    -1.150072E-4,    -3.606677E-4
1.054125E+7,    -1.358390E-4,    -3.905296E-4
1.054750E+7,    -1.141429E-4,    -3.726482E-4
1.055375E+7,    -1.344085E-4,    -3.798008E-4
1.056000E+7,    -1.193881E-4,    -3.984571E-4
1.056625E+7,    -1.401305E-4,    -3.733039E-4
1.057250E+7,    -9.816885E-5,    -3.997087E-4
1.057875E+7,    -1.316667E-4,    -3.850460E-4
1.058500E+7,    -1.228452E-4,    -3.810525E-4
1.059125E+7,    -1.223087E-4,    -4.091859E-4
1.059750E+7,    -1.296401E-4,    -3.901124E-4
1.060375E+7,    -1.153946E-4,    -3.929734E-4
1.061000E+7,    -1.134276E-4,    -4.054904E-4
1.061625E+7,    -1.422167E-4,    -4.123449E-4
1.062250E+7,    -1.336932E-4,    -3.730655E-4
1.062875E+7,    -1.208186E-4,    -3.947616E-4
1.063500E+7,    -1.462698E-4,    -3.981590E-4
1.064125E+7,    -1.283288E-4,    -3.917217E-4
1.064750E+7,    -1.308322E-4,    -3.792048E-4
1.065375E+7,    -1.177192E-4,    -3.969073E-4
1.066000E+7,    -1.165867E-4,    -3.939271E-4
1.066625E+7,    -1.533628E-4,    -4.037023E-4
1.067250E+7,    -1.356602E-4,    -3.966689E-4
1.067875E+7,    -1.446605E-4,    -3.966093E-4
1.068500E+7,    -1.420975E-4,    -4.054308E-4
1.069125E+7,    -1.370907E-4,    -4.088283E-4
1.069750E+7,    -1.479983E-4,    -4.150867E-4
1.070375E+7,    -1.343489E-4,    -4.178286E-4
1.071000E+7,    -1.531839E-4,    -4.367828E-4
1.071625E+7,    -1.335740E-4,    -4.264712E-4
1.072250E+7,    -1.537800E-4,    -4.167557E-4
1.072875E+7,    -1.544952E-4,    -4.324317E-4
1.073500E+7,    -1.482964E-4,    -4.001260E-4
1.074125E+7,    -1.421571E-4,    -4.190207E-4
1.074750E+7,    -1.492500E-4,    -4.155040E-4
1.075375E+7,    -1.575947E-4,    -4.316568E-4
1.076000E+7,    -1.780391E-4,    -4.370809E-4
1.076625E+7,    -1.596212E-4,    -4.139543E-4
1.077250E+7,    -1.635551E-4,    -4.366636E-4
1.077875E+7,    -1.567006E-4,    -4.488826E-4
1.078500E+7,    -1.741648E-4,    -4.194975E-4
1.079125E+7,    -1.473427E-4,    -4.457235E-4
1.079750E+7,    -1.515746E-4,    -4.351139E-4
1.080375E+7,    -1.388192E-4,    -4.388690E-4
1.081000E+7,    -1.471639E-4,    -4.383326E-4
1.081625E+7,    -1.852512E-4,    -4.463196E-4
1.082250E+7,    -1.716018E-4,    -4.336238E-4
1.082875E+7,    -1.448393E-4,    -4.410148E-4
1.083500E+7,    -1.630783E-4,    -4.427433E-4
1.084125E+7,    -1.683831E-4,    -4.367232E-4
1.084750E+7,    -1.732707E-4,    -4.419684E-4
1.085375E+7,    -1.616478E-4,    -4.484653E-4
1.086000E+7,    -1.446009E-4,    -4.459620E-4
1.086625E+7,    -1.516342E-4,    -4.419088E-4
1.087250E+7,    -1.721382E-4,    -4.597306E-4
1.087875E+7,    -1.866817E-4,    -4.555583E-4
1.088500E+7,    -1.758933E-4,    -4.498363E-4
1.089125E+7,    -1.713634E-4,    -4.527569E-4
1.089750E+7,    -1.628995E-4,    -4.654527E-4
1.090375E+7,    -1.754165E-4,    -4.711747E-4
1.091000E+7,    -1.701713E-4,    -4.744530E-4
1.091625E+7,    -1.819134E-4,    -4.633665E-4
1.092250E+7,    -1.622438E-4,    -4.841685E-4
1.092875E+7,    -1.766682E-4,    -4.669428E-4
1.093500E+7,    -1.931787E-4,    -4.781485E-4
1.094125E+7,    -1.766682E-4,    -4.758835E-4
1.094750E+7,    -1.734495E-4,    -4.950762E-4
1.095375E+7,    -1.721382E-4,    -4.755259E-4
1.096000E+7,    -1.884699E-4,    -4.743338E-4
1.096625E+7,    -1.891255E-4,    -4.738569E-4
1.097250E+7,    -1.889467E-4,    -4.988909E-4
1.097875E+7,    -1.680851E-4,    -5.003214E-4
1.098500E+7,    -2.103448E-4,    -5.123019E-4
1.099125E+7,    -1.953244E-4,    -5.005002E-4
1.099750E+7,    -1.925826E-4,    -4.817843E-4
1.100375E+7,    -2.052784E-4,    -4.994869E-4
1.101000E+7,    -1.937151E-4,    -4.939437E-4
1.101625E+7,    -2.238154E-4,    -4.870892E-4
1.102250E+7,    -1.938939E-4,    -5.408525E-4
1.102875E+7,    -1.970530E-4,    -4.924536E-4
1.103500E+7,    -1.956224E-4,    -5.019307E-4
1.104125E+7,    -1.819730E-4,    -5.029440E-4
1.104750E+7,    -1.807809E-4,    -5.003810E-4
1.105375E+7,    -1.995564E-4,    -5.134344E-4
1.106000E+7,    -2.208352E-4,    -5.033612E-4
1.106625E+7,    -2.079010E-4,    -5.214810E-4
1.107250E+7,    -1.909733E-4,    -5.460978E-4
1.107875E+7,    -1.988411E-4,    -5.162358E-4
1.108500E+7,    -1.977086E-4,    -5.254745E-4
1.109125E+7,    -2.108216E-4,    -5.171299E-4
1.109750E+7,    -2.218485E-4,    -5.184412E-4
1.110375E+7,    -2.084970E-4,    -5.366802E-4
1.111000E+7,    -2.237558E-4,    -5.311966E-4
1.111625E+7,    -2.305508E-4,    -5.489588E-4
1.112250E+7,    -2.239943E-4,    -5.277991E-4
1.112875E+7,    -2.107024E-4,    -5.422831E-4
1.113500E+7,    -2.174377E-4,    -5.376339E-4
1.114125E+7,    -2.180934E-4,    -5.379319E-4
1.114750E+7,    -2.363324E-4,    -5.620122E-4
1.115375E+7,    -2.375245E-4,    -5.481243E-4
1.116000E+7,    -2.263784E-4,    -5.416274E-4
1.116625E+7,    -2.383590E-4,    -5.836487E-4
1.117250E+7,    -2.496243E-4,    -5.589724E-4
1.117875E+7,    -2.640486E-4,    -5.688071E-4
1.118500E+7,    -2.299547E-4,    -5.619526E-4
1.119125E+7,    -2.575517E-4,    -5.797744E-4
1.119750E+7,    -2.405047E-4,    -5.623102E-4
1.120375E+7,    -2.527237E-4,    -5.760193E-4
1.121000E+7,    -2.611279E-4,    -5.970001E-4
1.121625E+7,    -2.580881E-4,    -6.207228E-4
1.122250E+7,    -2.897382E-4,    -6.522536E-4
1.122875E+7,    -3.058910E-4,    -6.750822E-4
1.123500E+7,    -3.082752E-4,    -7.485151E-4
1.124125E+7,    -3.290176E-4,    -7.499456E-4
1.124750E+7,    -2.796650E-4,    -7.596016E-4
1.125375E+7,    -3.089905E-4,    -7.340908E-4
1.126000E+7,    -2.863407E-4,    -7.337332E-4
1.126625E+7,    -2.957582E-4,    -7.218122E-4
1.127250E+7,    -3.015995E-4,    -7.712841E-4
1.127875E+7,    -3.168583E-4,    -7.084608E-4
1.128500E+7,    -3.081560E-4,    -7.331371E-4
1.129125E+7,    -2.927780E-4,    -7.203817E-4
1.129750E+7,    -2.802610E-4,    -6.459355E-4
1.130375E+7,    -3.145933E-4,    -6.937981E-4
1.131000E+7,    -3.025532E-4,    -6.991625E-4
1.131625E+7,    -2.837181E-4,    -7.438660E-4
1.132250E+7,    -3.157854E-4,    -7.572174E-4
1.132875E+7,    -3.186464E-4,    -7.388592E-4
1.133500E+7,    -3.120899E-4,    -7.413626E-4
1.134125E+7,    -3.206730E-4,    -6.763935E-4
1.134750E+7,    -3.105402E-4,    -6.964207E-4
1.135375E+7,    -3.288984E-4,    -6.990433E-4
1.136000E+7,    -2.968311E-4,    -6.839633E-4
1.136625E+7,    -3.103018E-4,    -7.096529E-4
1.137250E+7,    -3.180504E-4,    -7.364750E-4
1.137875E+7,    -3.352165E-4,    -7.719994E-4
1.138500E+7,    -3.428459E-4,    -7.758141E-4
1.139125E+7,    -3.101826E-4,    -7.277727E-4
1.139750E+7,    -3.380775E-4,    -7.289648E-4
1.140375E+7,    -3.378391E-4,    -7.222891E-4
1.141000E+7,    -3.377199E-4,    -7.187128E-4
1.141625E+7,    -3.330708E-4,    -7.138252E-4
1.142250E+7,    -3.317595E-4,    -7.525682E-4
1.142875E+7,    -3.377199E-4,    -7.563829E-4
1.143500E+7,    -3.364086E-4,    -7.418394E-4
1.144125E+7,    -3.538132E-4,    -7.368326E-4
1.144750E+7,    -3.596544E-4,    -8.101463E-4
1.145375E+7,    -3.765821E-4,    -8.454323E-4
1.146000E+7,    -3.691912E-4,    -8.326769E-4
1.146625E+7,    -4.214048E-4,    -8.569956E-4
1.147250E+7,    -3.802776E-4,    -8.347034E-4
1.147875E+7,    -3.671646E-4,    -7.938147E-4
1.148500E+7,    -3.758669E-4,    -8.313656E-4
1.149125E+7,    -4.637241E-4,    -8.805990E-4
1.149750E+7,    -3.784895E-4,    -9.274483E-4
1.150375E+7,    -4.001856E-4,    -9.049177E-4
1.151000E+7,    -4.304647E-4,    -8.882284E-4
1.151625E+7,    -4.262924E-4,    -8.915663E-4
1.152250E+7,    -3.697872E-4,    -9.151697E-4
1.152875E+7,    -3.983974E-4,    -8.699894E-4
1.153500E+7,    -4.080534E-4,    -8.283854E-4
1.154125E+7,    -4.639626E-4,    -9.065866E-4
1.154750E+7,    -4.078150E-4,    -9.455681E-4
1.155375E+7,    -4.220009E-4,    -9.174347E-4
1.156000E+7,    -4.239082E-4,    -1.063108E-3
1.156625E+7,    -4.445314E-4,    -1.069069E-3
1.157250E+7,    -4.439354E-4,    -1.075029E-3
1.157875E+7,    -5.484819E-4,    -1.046538E-3
1.158500E+7,    -5.127192E-4,    -1.180768E-3
1.159125E+7,    -4.246235E-4,    -1.021981E-3
1.159750E+7,    -4.031658E-4,    -1.054406E-3
1.160375E+7,    -4.873276E-4,    -1.128793E-3
1.161000E+7,    -4.717112E-4,    -1.096129E-3
1.161625E+7,    -5.298853E-4,    -1.195788E-3
1.162250E+7,    -5.249977E-4,    -1.290798E-3
1.162875E+7,    -5.002022E-4,    -1.552820E-3
1.163500E+7,    -3.924370E-4,    -1.673460E-3
1.164125E+7,    -1.997948E-4,    -1.869678E-3
1.164750E+7,    2.083778E-4,    -2.115250E-3
1.165375E+7,    2.312660E-5,    -2.047777E-3
1.166000E+7,    4.251003E-4,    -1.985550E-3
1.166625E+7,    9.350777E-4,    -2.048969E-3
1.167250E+7,    1.068354E-3,    -1.825213E-3
1.167875E+7,    1.093745E-3,    -1.749158E-3
1.168500E+7,    1.062989E-3,    -1.829147E-3
1.169125E+7,    1.021862E-3,    -1.849890E-3
1.169750E+7,    1.016855E-3,    -1.842737E-3
1.170375E+7,    1.071334E-3,    -1.884341E-3
1.171000E+7,    1.029849E-3,    -1.874328E-3
1.171625E+7,    1.100540E-3,    -1.881480E-3
1.172250E+7,    1.086950E-3,    -1.947284E-3
1.172875E+7,    1.078725E-3,    -1.946211E-3
1.173500E+7,    1.118898E-3,    -1.927614E-3
1.174125E+7,    1.091957E-3,    -1.959324E-3
1.174750E+7,    1.111984E-3,    -1.973867E-3
1.175375E+7,    1.106739E-3,    -1.994848E-3
1.176000E+7,    1.219511E-3,    -2.017498E-3
1.176625E+7,    1.137733E-3,    -2.055883E-3
1.177250E+7,    1.178265E-3,    -2.044916E-3
1.177875E+7,    1.154423E-3,    -2.108335E-3
1.178500E+7,    1.143456E-3,    -2.075195E-3
1.179125E+7,    1.132965E-3,    -2.090693E-3
1.179750E+7,    1.170397E-3,    -2.168655E-3
1.180375E+7,    1.106977E-3,    -2.094746E-3
1.181000E+7,    1.151562E-3,    -2.061367E-3
1.181625E+7,    1.138449E-3,    -2.095938E-3
1.182250E+7,    1.127243E-3,    -2.220869E-3
1.182875E+7,    1.166821E-3,    -2.249002E-3
1.183500E+7,    1.207590E-3,    -2.236843E-3
1.184125E+7,    1.194477E-3,    -2.283573E-3
1.184750E+7,    1.215696E-3,    -2.280235E-3
1.185375E+7,    1.166821E-3,    -2.306938E-3
1.186000E+7,    1.231194E-3,    -2.284765E-3
1.186625E+7,    1.283884E-3,    -2.378225E-3
1.187250E+7,    1.212358E-3,    -2.332926E-3
1.187875E+7,    1.232862E-3,    -2.323627E-3
1.188500E+7,    1.244783E-3,    -2.394199E-3
1.189125E+7,    1.291037E-3,    -2.390385E-3
1.189750E+7,    1.310825E-3,    -2.448320E-3
1.190375E+7,    1.321077E-3,    -2.451658E-3
1.191000E+7,    1.276970E-3,    -2.438068E-3
1.191625E+7,    1.255989E-3,    -2.470493E-3
1.192250E+7,    1.282454E-3,    -2.488136E-3
1.192875E+7,    1.325846E-3,    -2.520561E-3
1.193500E+7,    1.286745E-3,    -2.544880E-3
1.194125E+7,    1.311541E-3,    -2.568245E-3
1.194750E+7,    1.337051E-3,    -2.588987E-3
1.195375E+7,    1.323700E-3,    -2.622366E-3
1.196000E+7,    1.363754E-3,    -2.669811E-3
1.196625E+7,    1.339674E-3,    -2.650261E-3
1.197250E+7,    1.394749E-3,    -2.700329E-3
1.197875E+7,    1.338482E-3,    -2.733231E-3
1.198500E+7,    1.345634E-3,    -2.770424E-3
1.199125E+7,    1.327991E-3,    -2.744198E-3
1.199750E+7,    1.358271E-3,    -2.785444E-3
1.200375E+7,    1.361370E-3,    -2.851725E-3
1.201000E+7,    1.360178E-3,    -2.841234E-3
1.201625E+7,    1.404524E-3,    -2.868891E-3
1.202250E+7,    1.333237E-3,    -2.908468E-3
1.202875E+7,    1.334429E-3,    -2.924681E-3
1.203500E+7,    1.341581E-3,    -2.940416E-3
1.204125E+7,    1.327515E-3,    -2.907276E-3
1.204750E+7,    1.363039E-3,    -2.921820E-3
1.205375E+7,    1.370192E-3,    -2.994776E-3
1.206000E+7,    1.347303E-3,    -2.923250E-3
1.206625E+7,    1.369715E-3,    -3.080130E-3
1.207250E+7,    1.409292E-3,    -3.144026E-3
1.207875E+7,    1.402140E-3,    -3.079653E-3
1.208500E+7,    1.318932E-3,    -3.004313E-3
1.209125E+7,    1.390457E-3,    -3.079891E-3
1.209750E+7,    1.378298E-3,    -3.101349E-3
1.210375E+7,    1.380444E-3,    -3.123999E-3
1.211000E+7,    1.398325E-3,    -3.143072E-3
1.211625E+7,    1.390934E-3,    -3.182650E-3
1.212250E+7,    1.439810E-3,    -3.220797E-3
1.212875E+7,    1.411676E-3,    -3.235579E-3
1.213500E+7,    1.420021E-3,    -3.307581E-3
1.214125E+7,    1.433849E-3,    -3.333569E-3
1.214750E+7,    1.461744E-3,    -3.348351E-3
1.215375E+7,    1.492262E-3,    -3.367186E-3
1.216000E+7,    1.469612E-3,    -3.385544E-3
1.216625E+7,    1.481771E-3,    -3.462076E-3
1.217250E+7,    1.506805E-3,    -3.492355E-3
1.217875E+7,    1.472712E-3,    -3.510952E-3
1.218500E+7,    1.554489E-3,    -3.501415E-3
1.219125E+7,    1.494169E-3,    -3.556013E-3
1.219750E+7,    1.525640E-3,    -3.614664E-3
1.220375E+7,    1.527309E-3,    -3.643274E-3
1.221000E+7,    1.533508E-3,    -3.709793E-3
1.221625E+7,    1.614094E-3,    -3.686905E-3
1.222250E+7,    1.613617E-3,    -3.753424E-3
1.222875E+7,    1.573801E-3,    -3.816605E-3
1.223500E+7,    1.594067E-3,    -3.867388E-3
1.224125E+7,    1.618147E-3,    -3.900528E-3
1.224750E+7,    1.618624E-3,    -3.928423E-3
1.225375E+7,    1.599312E-3,    -3.910065E-3
1.226000E+7,    1.675606E-3,    -3.993511E-3
1.226625E+7,    1.600266E-3,    -4.044533E-3
1.227250E+7,    1.657009E-3,    -4.099369E-3
1.227875E+7,    1.636505E-3,    -4.110336E-3
1.228500E+7,    1.702309E-3,    -4.111290E-3
1.229125E+7,    1.658440E-3,    -4.230976E-3
1.229750E+7,    1.716137E-3,    -4.251003E-3
1.230375E+7,    1.738071E-3,    -4.311562E-3
1.231000E+7,    1.726627E-3,    -4.370689E-3
1.231625E+7,    1.730442E-3,    -4.414082E-3
1.232250E+7,    1.784801E-3,    -4.464626E-3
1.232875E+7,    1.801968E-3,    -4.498959E-3
1.233500E+7,    1.846313E-3,    -4.532814E-3
1.234125E+7,    1.860142E-3,    -4.608631E-3
1.234750E+7,    1.837730E-3,    -4.639626E-3
1.235375E+7,    1.842976E-3,    -4.716396E-3
1.236000E+7,    1.908302E-3,    -4.742622E-3
1.236625E+7,    1.917839E-3,    -4.792213E-3
1.237250E+7,    1.880169E-3,    -4.850864E-3
1.237875E+7,    1.941204E-3,    -4.912376E-3
1.238500E+7,    1.941204E-3,    -4.947186E-3
1.239125E+7,    1.955032E-3,    -5.088329E-3
1.239750E+7,    2.036572E-3,    -5.122662E-3
1.240375E+7,    1.987934E-3,    -5.156517E-3
1.241000E+7,    2.037048E-3,    -5.240917E-3
1.241625E+7,    2.053738E-3,    -5.333424E-3
1.242250E+7,    2.120018E-3,    -5.385399E-3
1.242875E+7,    2.134323E-3,    -5.454063E-3
1.243500E+7,    2.093792E-3,    -5.557060E-3
1.244125E+7,    2.076149E-3,    -5.588055E-3
1.244750E+7,    2.161980E-3,    -5.672932E-3
1.245375E+7,    2.176762E-3,    -5.803585E-3
1.246000E+7,    2.207279E-3,    -5.845547E-3
1.246625E+7,    2.215862E-3,    -5.912781E-3
1.247250E+7,    2.304554E-3,    -5.987644E-3
1.247875E+7,    2.225876E-3,    -6.058216E-3
1.248500E+7,    2.308369E-3,    -6.167889E-3
1.249125E+7,    2.410412E-3,    -6.256104E-3
1.249750E+7,    2.399445E-3,    -6.274700E-3
1.250375E+7,    2.432346E-3,    -6.476402E-3
1.251000E+7,    2.446651E-3,    -6.466866E-3
1.251625E+7,    2.499580E-3,    -6.579876E-3
1.252250E+7,    2.491951E-3,    -6.642342E-3
1.252875E+7,    2.532959E-3,    -6.770134E-3
1.253500E+7,    2.554417E-3,    -6.856918E-3
1.254125E+7,    2.569675E-3,    -6.935120E-3
1.254750E+7,    2.590656E-3,    -7.015705E-3
1.255375E+7,    2.632141E-3,    -7.178783E-3
1.256000E+7,    2.694607E-3,    -7.246494E-3
1.256625E+7,    2.708912E-3,    -7.384300E-3
1.257250E+7,    2.764702E-3,    -7.489681E-3
1.257875E+7,    2.827644E-3,    -7.567406E-3
1.258500E+7,    2.839088E-3,    -7.700920E-3
1.259125E+7,    2.848625E-3,    -7.839203E-3
1.259750E+7,    2.945900E-3,    -7.970810E-3
1.260375E+7,    2.961159E-3,    -8.114815E-3
1.261000E+7,    2.935410E-3,    -8.231163E-3
1.261625E+7,    2.967834E-3,    -8.407593E-3
1.262250E+7,    3.071785E-3,    -8.469582E-3
1.262875E+7,    2.816200E-3,    -8.951187E-3
1.263500E+7,    3.092766E-3,    -8.660316E-3
1.264125E+7,    3.196716E-3,    -8.926392E-3
1.264750E+7,    3.299713E-3,    -9.151459E-3
1.265375E+7,    3.252983E-3,    -9.210587E-3
1.266000E+7,    3.209114E-3,    -9.478569E-3
1.266625E+7,    3.330231E-3,    -9.531021E-3
1.267250E+7,    1.144409E-3,    -1.036835E-2
1.267875E+7,    2.172470E-3,    -1.046276E-2
1.268500E+7,    1.173973E-3,    -1.107883E-2
1.269125E+7,    2.531052E-3,    -1.097393E-2
1.269750E+7,    3.529549E-3,    -1.025486E-2
1.270375E+7,    1.173019E-4,    -1.076794E-2
1.271000E+7,    1.300812E-3,    -1.236534E-2
1.271625E+7,    3.828049E-3,    -1.095104E-2
1.272250E+7,    3.867149E-3,    -1.113796E-2
1.272875E+7,    4.001617E-3,    -1.140404E-2
1.273500E+7,    3.825188E-3,    -1.185894E-2
1.274125E+7,    4.028320E-3,    -1.192570E-2
1.274750E+7,    4.041195E-3,    -1.232672E-2
1.275375E+7,    4.219532E-3,    -1.231956E-2
1.276000E+7,    3.566742E-3,    -1.282310E-2
1.276625E+7,    1.938820E-3,    -1.328993E-2
1.277250E+7,    -2.372742E-3,    -9.821892E-3
1.277875E+7,    -3.703117E-3,    -1.233006E-2
1.278500E+7,    -1.710892E-3,    -1.463032E-2
1.279125E+7,    2.665520E-4,    -1.544046E-2
1.279750E+7,    3.475189E-3,    -1.453733E-2
1.280375E+7,    -1.522064E-3,    -1.419258E-2
1.281000E+7,    -5.270004E-3,    -1.222706E-2
1.281625E+7,    -4.353523E-3,    -1.641941E-2
1.282250E+7,    -4.616737E-3,    -1.628208E-2
1.282875E+7,    1.406670E-3,    -1.682091E-2
1.283500E+7,    -6.782532E-3,    -1.429081E-2
1.284125E+7,    4.666328E-3,    -1.816082E-2
1.284750E+7,    5.249023E-3,    -1.794338E-2
1.285375E+7,    3.998756E-3,    -1.910210E-2
1.286000E+7,    4.055023E-3,    -1.906776E-2
1.286625E+7,    3.977776E-3,    -2.011681E-2
1.287250E+7,    4.769325E-3,    -2.023888E-2
1.287875E+7,    5.760193E-3,    -1.985836E-2
1.288500E+7,    4.569054E-3,    -2.016449E-2
1.289125E+7,    3.208160E-3,    -2.232170E-2
1.289750E+7,    2.384186E-4,    -2.265930E-2
1.290375E+7,    4.128456E-3,    -2.218533E-2
1.291000E+7,    2.545357E-3,    -2.322197E-2
1.291625E+7,    1.386642E-3,    -2.490044E-2
1.292250E+7,    -1.339912E-3,    -2.206326E-2
1.292875E+7,    3.070831E-4,    -2.462387E-2
1.293500E+7,    -9.395599E-3,    -2.079678E-2
1.294125E+7,    -6.444931E-3,    -2.317333E-2
1.294750E+7,    -9.294510E-3,    -1.809597E-2
1.295375E+7,    -9.513855E-3,    -1.203060E-2
1.296000E+7,    -8.292198E-3,    -9.188652E-3
1.296625E+7,    -8.154869E-3,    -8.775711E-3
1.297250E+7,    -8.476257E-3,    -9.078026E-3
1.297875E+7,    -8.687973E-3,    -9.232521E-3
1.298500E+7,    -8.903503E-3,    -9.379387E-3
1.299125E+7,    -9.184837E-3,    -9.591103E-3
1.299750E+7,    -9.437561E-3,    -9.802818E-3
1.300375E+7,    -9.776115E-3,    -1.003647E-2
1.301000E+7,    -1.005363E-2,    -1.029968E-2
1.301625E+7,    -1.035976E-2,    -1.050472E-2
1.302250E+7,    -1.074028E-2,    -1.084232E-2
1.302875E+7,    -1.107979E-2,    -1.109123E-2
1.303500E+7,    -1.149273E-2,    -1.140785E-2
1.304125E+7,    -1.185513E-2,    -1.163387E-2
1.304750E+7,    -1.231480E-2,    -1.195621E-2
1.305375E+7,    -1.267433E-2,    -1.228809E-2
1.306000E+7,    -1.315784E-2,    -1.259232E-2
1.306625E+7,    -1.362228E-2,    -1.293468E-2
1.307250E+7,    -1.413250E-2,    -1.327705E-2
1.307875E+7,    -1.474953E-2,    -1.371574E-2
1.308500E+7,    -1.536083E-2,    -1.410198E-2
1.309125E+7,    -1.596737E-2,    -1.456165E-2
1.309750E+7,    -1.655197E-2,    -1.492119E-2
1.310375E+7,    -1.723862E-2,    -1.535225E-2
1.311000E+7,    -1.795387E-2,    -1.578712E-2
1.311625E+7,    -1.875877E-2,    -1.627159E-2
1.312250E+7,    -1.963997E-2,    -1.682854E-2
1.312875E+7,    -2.053261E-2,    -1.739502E-2
1.313500E+7,    -2.146149E-2,    -1.789665E-2
1.314125E+7,    -2.246284E-2,    -1.847839E-2
1.314750E+7,    -2.357864E-2,    -1.908684E-2
1.315375E+7,    -2.507591E-2,    -1.995659E-2
1.316000E+7,    -2.630615E-2,    -2.067184E-2
1.316625E+7,    -2.762413E-2,    -2.138901E-2
1.317250E+7,    -2.888107E-2,    -2.185631E-2
1.317875E+7,    -3.055191E-2,    -2.269363E-2
1.318500E+7,    -3.214073E-2,    -2.346420E-2
1.319125E+7,    -3.419495E-2,    -2.439117E-2
1.319750E+7,    -3.564835E-2,    -2.496147E-2
1.320375E+7,    -3.783607E-2,    -2.570915E-2
1.321000E+7,    -4.039764E-2,    -2.698517E-2
1.321625E+7,    -4.226303E-2,    -2.742004E-2
1.322250E+7,    -4.489136E-2,    -2.830124E-2
1.322875E+7,    -4.813766E-2,    -2.938461E-2
1.323500E+7,    -5.171204E-2,    -3.045654E-2
1.324125E+7,    -5.583954E-2,    -3.177643E-2
1.324750E+7,    -6.100082E-2,    -3.342819E-2
1.325375E+7,    -6.649017E-2,    -3.504562E-2
1.326000E+7,    -7.096100E-2,    -3.559113E-2
1.326625E+7,    -7.665253E-2,    -3.658295E-2
1.327250E+7,    -8.315659E-2,    -3.748322E-2
1.327875E+7,    -9.105682E-2,    -3.814697E-2
1.328500E+7,    -9.812927E-2,    -3.830719E-2
1.329125E+7,    -1.085129E-1,    -3.900146E-2
1.329750E+7,    -1.179047E-1,    -3.869629E-2
1.330375E+7,    -1.277771E-1,    -3.639221E-2
1.331000E+7,    -1.442490E-1,    -3.502655E-2
1.331625E+7,    -1.585541E-1,    -3.227997E-2
1.332250E+7,    -1.782150E-1,    -2.728271E-2
1.332875E+7,    -1.900330E-1,    -2.053070E-2
1.333500E+7,    -2.032547E-1,    -8.651733E-3
1.334125E+7,    -2.205963E-1,    4.081726E-3
1.334750E+7,    -2.388916E-1,    2.350616E-2
1.335375E+7,    -2.632141E-1,    4.873657E-2
1.336000E+7,    -2.809296E-1,    7.810974E-2
1.336625E+7,    -2.912292E-1,    1.171417E-1
1.337250E+7,    -3.028107E-1,    1.638336E-1
1.337875E+7,    -2.955780E-1,    2.133484E-1
1.338500E+7,    -2.763214E-1,    2.639160E-1
1.339125E+7,    -2.492218E-1,    3.165588E-1
1.339750E+7,    -2.059937E-1,    3.531952E-1
1.340375E+7,    -1.553040E-1,    3.781128E-1
1.341000E+7,    -1.044006E-1,    3.926086E-1
1.341625E+7,    -5.715942E-2,    4.001770E-1
1.342250E+7,    -1.248169E-2,    3.946228E-1
1.342875E+7,    2.716064E-2,    3.867187E-1
1.343500E+7,    6.137085E-2,    3.757935E-1
1.344125E+7,    8.816528E-2,    3.573608E-1
1.344750E+7,    1.135254E-1,    3.431396E-1
1.345375E+7,    1.343994E-1,    3.281860E-1
1.346000E+7,    1.534424E-1,    3.122253E-1
1.346625E+7,    1.714630E-1,    3.008575E-1
1.347250E+7,    1.892700E-1,    2.902069E-1
1.347875E+7,    2.035828E-1,    2.758331E-1
1.348500E+7,    2.174683E-1,    2.602234E-1
1.349125E+7,    2.321930E-1,    2.476044E-1
1.349750E+7,    2.485046E-1,    2.355194E-1
1.350375E+7,    2.674713E-1,    2.237244E-1
1.351000E+7,    2.829437E-1,    2.075806E-1
1.351625E+7,    2.999115E-1,    1.903992E-1
1.352250E+7,    3.184204E-1,    1.711731E-1
1.352875E+7,    3.368225E-1,    1.488037E-1
1.353500E+7,    3.558197E-1,    1.221771E-1
1.354125E+7,    3.718414E-1,    9.159851E-2
1.354750E+7,    3.857574E-1,    5.581665E-2
1.355375E+7,    3.939362E-1,    1.481628E-2
1.356000E+7,    3.950806E-1,    -2.851868E-2
1.356625E+7,    3.874817E-1,    -7.379150E-2
1.357250E+7,    3.697205E-1,    -1.185913E-1
1.357875E+7,    3.446045E-1,    -1.587524E-1
1.358500E+7,    3.118591E-1,    -1.916504E-1
1.359125E+7,    2.739258E-1,    -2.158508E-1
1.359750E+7,    2.357483E-1,    -2.314606E-1
1.360375E+7,    1.981964E-1,    -2.382507E-1
1.361000E+7,    1.630859E-1,    -2.385254E-1
1.361625E+7,    1.327972E-1,    -2.336121E-1
1.362250E+7,    1.065369E-1,    -2.259521E-1
1.362875E+7,    8.389282E-2,    -2.161865E-1
1.363500E+7,    6.579590E-2,    -2.055359E-1
1.364125E+7,    5.032349E-2,    -1.938477E-1
1.364750E+7,    3.755188E-2,    -1.823883E-1
1.365375E+7,    2.742004E-2,    -1.715240E-1
1.366000E+7,    1.876831E-2,    -1.615143E-1
1.366625E+7,    1.210022E-2,    -1.518860E-1
1.367250E+7,    6.378174E-3,    -1.428375E-1
1.367875E+7,    1.617432E-3,    -1.347351E-1
1.368500E+7,    -1.983643E-3,    -1.268005E-1
1.369125E+7,    -5.111694E-3,    -1.193237E-1
1.369750E+7,    -7.530212E-3,    -1.127777E-1
1.370375E+7,    -9.773254E-3,    -1.065979E-1
1.371000E+7,    -1.152039E-2,    -1.012192E-1
1.371625E+7,    -1.264954E-2,    -9.616852E-2
1.372250E+7,    -1.367950E-2,    -9.170532E-2
1.372875E+7,    -1.471710E-2,    -8.721924E-2
1.373500E+7,    -1.548767E-2,    -8.333588E-2
1.374125E+7,    -1.564789E-2,    -7.917786E-2
1.374750E+7,    -1.685333E-2,    -7.602692E-2
1.375375E+7,    -1.698303E-2,    -7.283783E-2
1.376000E+7,    -1.734161E-2,    -7.013702E-2
1.376625E+7,    -1.751709E-2,    -6.732941E-2
1.377250E+7,    -1.778412E-2,    -6.485748E-2
1.377875E+7,    -1.798248E-2,    -6.248474E-2
1.378500E+7,    -1.810455E-2,    -6.031036E-2
1.379125E+7,    -1.815796E-2,    -5.829620E-2
1.379750E+7,    -1.826477E-2,    -5.633545E-2
1.380375E+7,    -1.831055E-2,    -5.462646E-2
1.381000E+7,    -1.826477E-2,    -5.289459E-2
1.381625E+7,    -1.831055E-2,    -5.138397E-2
1.382250E+7,    -1.828003E-2,    -4.993439E-2
1.382875E+7,    -1.836395E-2,    -4.868317E-2
1.383500E+7,    -1.834106E-2,    -4.737854E-2
1.384125E+7,    -1.835632E-2,    -4.621887E-2
1.384750E+7,    -1.837921E-2,    -4.508209E-2
1.385375E+7,    -1.837158E-2,    -4.405975E-2
1.386000E+7,    -1.829529E-2,    -4.306030E-2
1.386625E+7,    -1.840591E-2,    -4.219055E-2
1.387250E+7,    -1.833725E-2,    -4.140091E-2
1.387875E+7,    -1.842117E-2,    -4.055405E-2
1.388500E+7,    -1.842117E-2,    -3.988647E-2
1.389125E+7,    -1.849747E-2,    -3.917694E-2
1.389750E+7,    -1.857376E-2,    -3.858566E-2
1.390375E+7,    -1.868057E-2,    -3.799820E-2
1.391000E+7,    -1.874161E-2,    -3.748322E-2
1.391625E+7,    -1.883698E-2,    -3.698730E-2
1.392250E+7,    -1.897430E-2,    -3.654480E-2
1.392875E+7,    -1.917267E-2,    -3.618622E-2
1.393500E+7,    -1.927185E-2,    -3.583145E-2
1.394125E+7,    -1.956367E-2,    -3.554916E-2
1.394750E+7,    -1.969528E-2,    -3.530884E-2
1.395375E+7,    -1.995850E-2,    -3.510666E-2
1.396000E+7,    -2.030182E-2,    -3.492355E-2
1.396625E+7,    -2.059937E-2,    -3.476906E-2
1.397250E+7,    -2.094650E-2,    -3.468704E-2
1.397875E+7,    -2.136803E-2,    -3.460312E-2
1.398500E+7,    -2.177238E-2,    -3.460693E-2
1.399125E+7,    -2.233696E-2,    -3.467941E-2
1.399750E+7,    -2.289009E-2,    -3.475952E-2
1.400375E+7,    -2.347946E-2,    -3.489685E-2
1.401000E+7,    -2.425194E-2,    -3.510475E-2
1.401625E+7,    -2.493858E-2,    -3.533745E-2
1.402250E+7,    -2.591515E-2,    -3.561783E-2
1.402875E+7,    -2.699280E-2,    -3.597641E-2
1.403500E+7,    -2.810669E-2,    -3.641510E-2
1.404125E+7,    -2.934265E-2,    -3.693008E-2
1.404750E+7,    -3.091812E-2,    -3.748322E-2
1.405375E+7,    -3.276825E-2,    -3.801727E-2
1.406000E+7,    -3.474808E-2,    -3.870392E-2
1.406625E+7,    -3.710937E-2,    -3.940201E-2
1.407250E+7,    -4.000854E-2,    -4.012299E-2
1.407875E+7,    -4.337311E-2,    -4.084396E-2
1.408500E+7,    -4.743195E-2,    -4.153442E-2
1.409125E+7,    -5.234146E-2,    -4.199982E-2
1.409750E+7,    -5.827332E-2,    -4.211426E-2
1.410375E+7,    -6.544876E-2,    -4.141235E-2
1.411000E+7,    -7.439804E-2,    -3.952789E-2
1.411625E+7,    -8.494186E-2,    -3.549194E-2
1.412250E+7,    -9.703445E-2,    -2.778625E-2
1.412875E+7,    -1.093254E-1,    -1.432419E-2
1.413500E+7,    -1.184425E-1,    5.786896E-3
1.414125E+7,    -1.193466E-1,    3.268814E-2
1.414750E+7,    -1.081810E-1,    5.924225E-2
1.415375E+7,    -8.657074E-2,    7.821655E-2
1.416000E+7,    -6.172180E-2,    8.521271E-2
1.416625E+7,    -4.060364E-2,    8.308411E-2
1.417250E+7,    -2.497864E-2,    7.619476E-2
1.417875E+7,    -1.430511E-2,    6.805420E-2
1.418500E+7,    -7.114410E-3,    6.002808E-2
1.419125E+7,    -2.506256E-3,    5.295944E-2
1.419750E+7,    4.348755E-4,    4.680634E-2
1.420375E+7,    2.372742E-3,    4.154968E-2
1.421000E+7,    3.578186E-3,    3.710175E-2
1.421625E+7,    4.377365E-3,    3.326607E-2
1.422250E+7,    4.844666E-3,    3.001022E-2
1.422875E+7,    5.123138E-3,    2.717781E-2
1.423500E+7,    5.216599E-3,    2.470303E-2
1.424125E+7,    5.266190E-3,    2.258301E-2
1.424750E+7,    5.187988E-3,    2.073002E-2
1.425375E+7,    5.121231E-3,    1.906776E-2
1.426000E+7,    4.994392E-3,    1.759911E-2
1.426625E+7,    4.834175E-3,    1.630592E-2
1.427250E+7,    4.726410E-3,    1.512718E-2
1.427875E+7,    4.546165E-3,    1.407242E-2
1.428500E+7,    4.390717E-3,    1.312828E-2
1.429125E+7,    4.207611E-3,    1.223946E-2
1.429750E+7,    4.076481E-3,    1.144695E-2
1.430375E+7,    3.894806E-3,    1.075363E-2
1.431000E+7,    3.760338E-3,    1.010847E-2
1.431625E+7,    3.647327E-3,    9.544373E-3
1.432250E+7,    3.472328E-3,    8.954525E-3
1.432875E+7,    3.343582E-3,    8.455276E-3
1.433500E+7,    3.213406E-3,    7.980347E-3
1.434125E+7,    3.076553E-3,    7.549763E-3
1.434750E+7,    2.987862E-3,    7.161140E-3
1.435375E+7,    2.871037E-3,    6.810188E-3
1.436000E+7,    2.765179E-3,    6.424904E-3
1.436625E+7,    2.670288E-3,    6.107807E-3
1.437250E+7,    2.566338E-3,    5.806446E-3
1.437875E+7,    2.465725E-3,    5.581856E-3
1.438500E+7,    2.371788E-3,    5.290031E-3
1.439125E+7,    2.296925E-3,    5.034208E-3
1.439750E+7,    2.199173E-3,    4.797935E-3
1.440375E+7,    2.139568E-3,    4.602194E-3
1.441000E+7,    2.060890E-3,    4.377365E-3
1.441625E+7,    1.979828E-3,    4.190445E-3
1.442250E+7,    1.886129E-3,    4.015446E-3
1.442875E+7,    1.854181E-3,    3.826618E-3
1.443500E+7,    1.784801E-3,    3.687382E-3
1.444125E+7,    1.715183E-3,    3.552198E-3
1.444750E+7,    1.677036E-3,    3.361940E-3
1.445375E+7,    1.596689E-3,    3.251553E-3
1.446000E+7,    1.559734E-3,    3.128052E-3
1.446625E+7,    1.518250E-3,    2.994537E-3
1.447250E+7,    1.451254E-3,    2.874613E-3
1.447875E+7,    1.410246E-3,    2.738714E-3
1.448500E+7,    1.375675E-3,    2.652168E-3
1.449125E+7,    1.340866E-3,    2.566814E-3
1.449750E+7,    1.298547E-3,    2.471447E-3
1.450375E+7,    1.233697E-3,    2.380967E-3
1.451000E+7,    1.202226E-3,    2.276182E-3
1.451625E+7,    1.147509E-3,    2.205133E-3
1.452250E+7,    1.114368E-3,    2.124548E-3
1.452875E+7,    1.109242E-3,    2.013922E-3
1.453500E+7,    1.054883E-3,    1.949430E-3
1.454125E+7,    1.034498E-3,    1.912117E-3
1.454750E+7,    9.840727E-4,    1.829743E-3
1.455375E+7,    9.518862E-4,    1.757860E-3
1.456000E+7,    9.374619E-4,    1.722932E-3
1.456625E+7,    9.136200E-4,    1.654029E-3
1.457250E+7,    8.918047E-4,    1.592398E-3
1.457875E+7,    8.618832E-4,    1.558423E-3
1.458500E+7,    8.394718E-4,    1.496196E-3
1.459125E+7,    8.059740E-4,    1.422763E-3
1.459750E+7,    7.758141E-4,    1.372933E-3
1.460375E+7,    7.674694E-4,    1.338005E-3
1.461000E+7,    7.504225E-4,    1.321077E-3
1.461625E+7,    7.138848E-4,    1.265347E-3
1.462250E+7,    7.061958E-4,    1.220167E-3
1.462875E+7,    6.764531E-4,    1.171470E-3
1.463500E+7,    6.604195E-4,    1.122952E-3
1.464125E+7,    6.612539E-4,    1.104474E-3
1.464750E+7,    6.346107E-4,    1.061797E-3
1.465375E+7,    6.093383E-4,    1.049757E-3
1.466000E+7,    6.153584E-4,    1.013637E-3
1.466625E+7,    5.654097E-4,    9.670854E-4
1.467250E+7,    5.646944E-4,    9.254813E-4
1.467875E+7,    5.502105E-4,    9.163618E-4
1.468500E+7,    5.561113E-4,    9.129643E-4
1.469125E+7,    5.126595E-4,    8.795857E-4
1.469750E+7,    5.179644E-4,    8.441806E-4
1.470375E+7,    5.007982E-4,    8.197427E-4
1.471000E+7,    4.636645E-4,    7.737279E-4
1.471625E+7,    4.580617E-4,    7.755756E-4
1.472250E+7,    4.562736E-4,    7.537603E-4
1.472875E+7,    4.619956E-4,    7.162690E-4
1.473500E+7,    4.563928E-4,    7.112026E-4
1.474125E+7,    4.246235E-4,    6.548762E-4
1.474750E+7,    4.087090E-4,    6.625652E-4
1.475375E+7,    4.050732E-4,    6.228089E-4
1.476000E+7,    3.849864E-4,    6.332994E-4
1.476625E+7,    3.799796E-4,    6.115437E-4
1.477250E+7,    3.828108E-4,    5.760491E-4
1.477875E+7,    3.825426E-4,    5.851090E-4
1.478500E+7,    3.566146E-4,    5.913377E-4
1.479125E+7,    3.432333E-4,    5.485415E-4
1.479750E+7,    3.294945E-4,    5.230308E-4
1.480375E+7,    3.468990E-4,    5.209446E-4
1.481000E+7,    3.186762E-4,    5.044639E-4
1.481625E+7,    3.205240E-4,    5.031824E-4
1.482250E+7,    2.943873E-4,    4.767478E-4
1.482875E+7,    2.830029E-4,    4.757047E-4
1.483500E+7,    2.955794E-4,    4.429817E-4
1.484125E+7,    2.807379E-4,    4.348159E-4
1.484750E+7,    2.958775E-4,    4.170537E-4
1.485375E+7,    2.709031E-4,    4.150569E-4
1.486000E+7,    2.752244E-4,    4.213452E-4
1.486625E+7,    2.717078E-4,    4.151464E-4
1.487250E+7,    2.436936E-4,    3.814697E-4
1.487875E+7,    2.321601E-4,    3.710687E-4
1.488500E+7,    2.354681E-4,    3.685355E-4
1.489125E+7,    2.578497E-4,    3.460050E-4
1.489750E+7,    2.371073E-4,    3.156662E-4
1.490375E+7,    2.106428E-4,    3.420413E-4
1.491000E+7,    2.247095E-4,    3.152490E-4
1.491625E+7,    2.108216E-4,    3.250241E-4
1.492250E+7,    2.146363E-4,    3.138185E-4
1.492875E+7,    1.989305E-4,    3.156960E-4
1.493500E+7,    2.034307E-4,    2.866685E-4
1.494125E+7,    1.908839E-4,    3.122687E-4
1.494750E+7,    1.791418E-4,    2.678782E-4
1.495375E+7,    1.899749E-4,    2.872199E-4
1.496000E+7,    1.910627E-4,    2.870113E-4
1.496625E+7,    1.697391E-4,    2.748966E-4
1.497250E+7,    1.875907E-4,    2.538562E-4
1.497875E+7,    1.742244E-4,    2.453476E-4
1.498500E+7,    1.720637E-4,    2.469420E-4
1.499125E+7,    1.614839E-4,    2.543181E-4
1.499750E+7,    1.608282E-4,    2.283007E-4
1.500375E+7,    1.552552E-4,    2.321005E-4
1.501000E+7,    1.821071E-4,    2.494305E-4
1.501625E+7,    1.478642E-4,    2.200007E-4
1.502250E+7,    1.580417E-4,    2.128184E-4
1.502875E+7,    1.558512E-4,    2.146959E-4
1.503500E+7,    1.195371E-4,    1.961142E-4
1.504125E+7,    1.323968E-4,    2.053380E-4
1.504750E+7,    1.223683E-4,    1.855940E-4
1.505375E+7,    1.424402E-4,    1.986772E-4
1.506000E+7,    1.214743E-4,    1.769066E-4
1.506625E+7,    1.266301E-4,    1.635253E-4
1.507250E+7,    1.227856E-4,    1.574904E-4
1.507875E+7,    1.144856E-4,    1.635253E-4
1.508500E+7,    1.145303E-4,    1.633316E-4
1.509125E+7,    1.182258E-4,    1.604110E-4
1.509750E+7,    1.121014E-4,    1.463443E-4
1.510375E+7,    1.258999E-4,    1.447648E-4
1.511000E+7,    1.092851E-4,    1.298338E-4
1.511625E+7,    1.211315E-4,    1.485646E-4
1.512250E+7,    1.235157E-4,    1.274198E-4
1.512875E+7,    9.980798E-5,    1.563132E-4
1.513500E+7,    9.680539E-5,    1.396686E-4
1.514125E+7,    8.974224E-5,    1.363307E-4
1.514750E+7,    6.547570E-5,    1.180694E-4
1.515375E+7,    5.952269E-5,    1.330972E-4
1.516000E+7,    9.295344E-5,    1.437366E-4
1.516625E+7,    9.676069E-5,    1.017079E-4
1.517250E+7,    8.741021E-5,    9.026378E-5
1.517875E+7,    1.127347E-4,    1.072884E-4
1.518500E+7,    7.960200E-5,    9.714067E-5
1.519125E+7,    5.780160E-5,    1.161918E-4
1.519750E+7,    6.937236E-5,    1.063794E-4
1.520375E+7,    8.000433E-5,    1.070872E-4
1.521000E+7,    6.626546E-5,    7.997453E-5
1.521625E+7,    1.020283E-4,    1.081005E-4
1.522250E+7,    7.700175E-5,    1.016185E-4
1.522875E+7,    8.069724E-5,    8.822232E-5
1.523500E+7,    6.519258E-5,    8.190423E-5
1.524125E+7,    6.192178E-5,    1.055300E-4
1.524750E+7,    7.630140E-5,    8.234382E-5
1.525375E+7,    5.795062E-5,    8.943677E-5
1.526000E+7,    5.820394E-5,    8.934736E-5
1.526625E+7,    5.826354E-5,    1.218393E-4
1.527250E+7,    7.010251E-5,    9.015948E-5
1.527875E+7,    6.578863E-5,    7.399917E-5
1.528500E+7,    4.490465E-5,    6.300956E-5
1.529125E+7,    5.624443E-5,    5.231053E-5
1.529750E+7,    6.706268E-5,    6.317347E-5
1.530375E+7,    2.910197E-5,    7.881597E-5
1.531000E+7,    7.323921E-5,    5.750358E-5
1.531625E+7,    7.544458E-5,    7.604063E-5
1.532250E+7,    6.726384E-5,    7.273257E-5
1.532875E+7,    5.407631E-5,    7.508695E-5
1.533500E+7,    4.431233E-5,    6.558001E-5
1.534125E+7,    3.658608E-5,    7.421151E-5
1.534750E+7,    6.806105E-5,    7.682294E-5
1.535375E+7,    3.763288E-5,    8.263066E-5
1.536000E+7,    4.795566E-5,    5.798787E-5
1.536625E+7,    5.762279E-5,    7.221848E-5
1.537250E+7,    2.790987E-5,    5.496293E-5
1.537875E+7,    7.515773E-6,    5.308166E-5
1.538500E+7,    5.628914E-5,    5.231425E-5
1.539125E+7,    5.616248E-5,    6.416440E-5
1.539750E+7,    3.245100E-5,    6.523356E-5
1.540375E+7,    4.173443E-5,    6.007031E-5
1.541000E+7,    3.361702E-5,    6.777421E-5
1.541625E+7,    2.849847E-5,    5.267188E-5
1.542250E+7,    4.399195E-5,    3.952533E-5
1.542875E+7,    4.460290E-5,    3.507733E-5
1.543500E+7,    3.720261E-5,    1.735985E-5
1.544125E+7,    5.030632E-5,    3.329664E-5
1.544750E+7,    4.810095E-5,    3.631786E-5
1.545375E+7,    6.523728E-5,    5.744398E-5
1.546000E+7,    4.398823E-5,    4.393235E-5
1.546625E+7,    2.837554E-5,    5.730987E-5
1.547250E+7,    4.850328E-5,    4.737452E-5
1.547875E+7,    2.988428E-5,    4.237145E-5
1.548500E+7,    1.873262E-5,    1.585484E-5
1.549125E+7,    3.132969E-5,    5.455315E-5
1.549750E+7,    3.570691E-5,    1.216680E-5
1.550375E+7,    3.524870E-5,    4.243851E-5
1.551000E+7,    3.584474E-5,    4.127994E-5
1.551625E+7,    3.091246E-5,    3.109872E-5
1.552250E+7,    7.964671E-6,    5.513057E-5
1.552875E+7,    1.666695E-5,    4.635006E-5
1.553500E+7,    4.793704E-5,    4.358590E-5
1.554125E+7,    2.886355E-5,    5.064905E-5
1.554750E+7,    4.501268E-5,    5.147606E-5
1.555375E+7,    5.873665E-5,    1.257658E-5
1.556000E+7,    1.403689E-5,    3.124960E-5
1.556625E+7,    3.581867E-6,    2.804957E-5
1.557250E+7,    1.811422E-5,    3.925711E-5
1.557875E+7,    1.054816E-5,    3.100745E-5
1.558500E+7,    2.341904E-5,    2.313219E-5
1.559125E+7,    2.848916E-5,    1.649186E-5
1.559750E+7,    2.748705E-5,    3.085844E-5
1.560375E+7,    3.616139E-5,    3.217906E-5
1.561000E+7,    3.758818E-5,    5.819649E-5
1.561625E+7,    1.607835E-5,    4.741922E-5
1.562250E+7,    3.018603E-5,    2.703257E-5
1.562875E+7,    1.919456E-5,    2.923422E-5
1.563500E+7,    1.575984E-5,    4.587881E-5
1.564125E+7,    3.670342E-5,    2.406538E-6
1.564750E+7,    -9.444542E-6,    2.637599E-5
1.565375E+7,    -1.165271E-5,    2.968684E-5
1.566000E+7,    3.585592E-6,    2.134871E-5
1.566625E+7,    7.513911E-6,    4.301965E-5
1.567250E+7,    2.524070E-5,    1.764297E-5
1.567875E+7,    5.761161E-6,    3.200211E-5
1.568500E+7,    2.108328E-5,    9.879470E-6
1.569125E+7,    2.742372E-5,    1.410022E-5
1.569750E+7,    2.034009E-6,    1.060870E-5
1.570375E+7,    1.264270E-5,    8.539297E-6
1.571000E+7,    3.783964E-5,    -2.015382E-6
1.571625E+7,    2.317689E-5,    6.251968E-6
1.572250E+7,    1.270417E-5,    8.395873E-6
1.572875E+7,    -6.170943E-6,    3.694370E-5
1.573500E+7,    2.749264E-5,    1.343153E-5
1.574125E+7,    1.493096E-5,    1.869351E-5
1.574750E+7,    2.520159E-6,    2.413616E-5
1.575375E+7,    1.505762E-5,    1.863576E-5
1.576000E+7,    6.385613E-6,    4.060566E-6
1.576625E+7,    6.754883E-6,    1.773797E-5
1.577250E+7,    1.689140E-5,    1.613051E-6
1.577875E+7,    4.796311E-7,    1.366716E-5
1.578500E+7,    1.939386E-5,    1.195259E-5
1.579125E+7,    3.235042E-5,    1.979619E-5
1.579750E+7,    1.973822E-6,    -3.231689E-6
1.580375E+7,    2.138317E-5,    8.488074E-6
1.581000E+7,    -5.827751E-6,    9.727199E-6
1.581625E+7,    9.116717E-6,    1.418591E-5
1.582250E+7,    9.614974E-6,    -1.621898E-5
1.582875E+7,    2.599321E-5,    1.521036E-5
1.583500E+7,    1.493469E-5,    4.323199E-6
1.584125E+7,    7.418916E-6,    1.732539E-5
1.584750E+7,    1.126807E-5,    -1.963042E-5
1.585375E+7,    5.637296E-6,    2.054498E-5
1.586000E+7,    1.696208E-10,    6.093330E-10
1.586625E+7,    2.338551E-5,    4.458241E-6
1.587250E+7,    -5.484093E-6,    9.858981E-6
1.587875E+7,    -5.454291E-6,    9.879004E-6
1.588500E+7,    -6.583054E-6,    -3.629364E-6
1.589125E+7,    1.803041E-5,    1.408719E-5
1.589750E+7,    6.612390E-6,    3.551133E-6
1.590375E+7,    1.812167E-5,    1.390278E-5
1.591000E+7,    5.275011E-6,    -9.965152E-6
1.591625E+7,    1.813844E-5,    1.385808E-5
1.592250E+7,    1.885496E-10,    6.024266E-10
1.592875E+7,    -1.485460E-6,    -1.343992E-5
1.593500E+7,    4.949514E-6,    6.758608E-6
1.594125E+7,    -8.477829E-6,    1.669209E-5
1.594750E+7,    -1.757406E-6,    2.007466E-5
1.595375E+7,    -1.685577E-6,    3.343099E-6
1.596000E+7,    1.005735E-5,    1.338311E-5
1.596625E+7,    5.062204E-6,    6.666873E-6
1.597250E+7,    3.170222E-6,    -2.348702E-5
1.597875E+7,    5.267560E-6,    2.339482E-5
1.598500E+7,    9.997282E-6,    -3.490597E-6
1.599125E+7,    -8.366071E-6,    1.443550E-7
1.599750E+7,    -3.559049E-6,    -9.973999E-6
1.600375E+7,    5.225092E-5,    1.920015E-5
1.601000E+7,    -1.003221E-4,    -1.479462E-4
1.601625E+7,    -4.070252E-5,    1.795813E-4
1.602250E+7,    1.027435E-5,    8.850172E-5
1.602875E+7,    4.897639E-5,    4.196540E-5
1.603500E+7,    -1.671910E-5,    -8.376315E-5
1.604125E+7,    1.846254E-5,    -6.695464E-5
1.604750E+7,    -1.973286E-5,    -4.350767E-5
1.605375E+7,    8.672476E-5,    4.174560E-5
1.606000E+7,    1.087189E-4,    -8.840859E-5
1.606625E+7,    2.874993E-5,    2.163276E-5
1.607250E+7,    -7.506460E-5,    7.591397E-5
1.607875E+7,    -3.427267E-5,    3.559515E-5
1.608500E+7,    -5.362555E-6,    1.664273E-5
1.609125E+7,    5.608797E-5,    7.220358E-5
1.609750E+7,    -2.366677E-5,    -5.573407E-5
1.610375E+7,    -5.914643E-5,    -3.202632E-5
1.611000E+7,    1.789629E-5,    -3.161840E-6
1.611625E+7,    2.580695E-5,    -3.679283E-5
1.612250E+7,    -5.400926E-5,    -8.039176E-6
1.612875E+7,    4.341081E-5,    -5.742535E-5
1.613500E+7,    -4.885346E-5,    -1.002327E-4
1.614125E+7,    3.864057E-5,    -5.835667E-6
1.614750E+7,    -4.599988E-5,    -4.175305E-5
1.615375E+7,    9.639189E-6,    -4.502200E-5
1.616000E+7,    2.471358E-5,    6.759539E-5
1.616625E+7,    4.496425E-6,    4.716776E-5
1.617250E+7,    -3.406033E-5,    -6.329268E-5
1.617875E+7,    -2.870336E-6,    5.770661E-5
1.618500E+7,    6.545335E-6,    -4.822155E-6
1.619125E+7,    -2.367049E-5,    -7.335469E-5
1.619750E+7,    2.564490E-5,    -5.426072E-5
1.620375E+7,    1.725741E-6,    -1.136586E-5
1.621000E+7,    1.256615E-4,    1.295805E-4
1.621625E+7,    -4.954636E-7,    -3.499165E-5
1.622250E+7,    -7.449836E-5,    1.193583E-5
1.622875E+7,    -5.511940E-5,    -1.998246E-5
1.623500E+7,    9.737909E-6,    -4.501827E-5
1.624125E+7,    1.370721E-5,    -3.278442E-5
1.624750E+7,    -2.875924E-5,    -9.737909E-5
1.625375E+7,    -1.253560E-6,    4.632957E-5
1.626000E+7,    6.155297E-5,    -6.036460E-5
1.626625E+7,    8.769333E-6,    9.442121E-5
1.627250E+7,    -1.334492E-5,    -7.849187E-6
1.627875E+7,    -5.178899E-5,    -6.025285E-5
1.628500E+7,    7.904693E-5,    -2.270564E-5
1.629125E+7,    -3.270805E-6,    -1.110509E-4
1.629750E+7,    -5.990639E-5,    -2.666935E-5
1.630375E+7,    -1.224130E-5,    7.956848E-5
1.631000E+7,    -6.471574E-5,    -3.318861E-5
1.631625E+7,    -7.854775E-6,    -2.448261E-5
1.632250E+7,    -1.048483E-5,    -7.431954E-6
1.632875E+7,    -2.906937E-5,    1.877267E-5
1.633500E+7,    2.215616E-5,    -4.884787E-5
1.634125E+7,    -2.029538E-5,    -3.805384E-5
1.634750E+7,    4.564039E-5,    -5.109981E-5
1.635375E+7,    7.640570E-5,    6.994605E-5
1.636000E+7,    -3.328919E-5,    -1.040101E-4
1.636625E+7,    -1.807138E-5,    -9.002909E-5
1.637250E+7,    1.458079E-5,    -1.315549E-4
1.637875E+7,    2.915561E-4,    5.121529E-5
1.638500E+7,    -8.998066E-5,    -1.972914E-5
1.639125E+7,    1.332834E-4,    -8.983165E-5
1.639750E+7,    4.589558E-6,    8.223206E-5
1.640375E+7,    3.341958E-5,    2.850965E-5
1.641000E+7,    -9.436905E-5,    -6.712228E-5
1.641625E+7,    7.542968E-5,    7.581711E-5
1.642250E+7,    -4.794914E-6,    -6.574206E-6
1.642875E+7,    2.453104E-6,    5.857646E-5
1.643500E+7,    -3.176928E-5,    -5.737692E-5
1.644125E+7,    -5.525723E-5,    -3.773719E-5
1.644750E+7,    1.884997E-5,    -8.694828E-6
1.645375E+7,    2.341717E-5,    7.353351E-5
1.646000E+7,    -3.426522E-5,    -2.286397E-5
1.646625E+7,    -3.572367E-5,    2.352521E-5
1.647250E+7,    3.453158E-5,    -5.281717E-5
1.647875E+7,    3.564171E-6,    -2.274662E-5
1.648500E+7,    -5.772524E-5,    -3.255904E-6
1.649125E+7,    2.451986E-5,    -7.789582E-6
1.649750E+7,    -8.115545E-5,    3.386661E-5
1.650375E+7,    2.244487E-5,    -3.145263E-5
1.651000E+7,    -4.072674E-5,    -6.016344E-7
1.651625E+7,    -2.691150E-5,    -5.093962E-5
1.652250E+7,    3.086589E-5,    -4.756637E-5
1.652875E+7,    -3.968179E-5,    1.117028E-5
1.653500E+7,    -5.245209E-6,    5.164929E-5
1.654125E+7,    5.550683E-5,    7.297844E-5
1.654750E+7,    2.491102E-5,    -8.357689E-5
1.655375E+7,    -7.823110E-7,    2.322439E-5
1.656000E+7,    -1.014695E-4,    -2.198666E-5
1.656625E+7,    -5.396456E-5,    8.890405E-6
1.657250E+7,    1.060627E-4,    -6.500632E-6
1.657875E+7,    -1.605507E-5,    9.111129E-6
1.658500E+7,    8.803234E-5,    -2.098456E-5
1.659125E+7,    1.613051E-6,    -4.646927E-5
1.659750E+7,    1.563877E-5,    6.671622E-5
1.660375E+7,    6.463379E-5,    3.372878E-5
1.661000E+7,    4.609674E-5,    -5.093589E-5
1.661625E+7,    -1.848489E-5,    7.879362E-5
1.662250E+7,    -3.172830E-5,    8.831546E-5
1.662875E+7,    -2.672151E-5,    -3.349595E-5
1.663500E+7,    5.978718E-5,    9.596348E-6
1.664125E+7,    6.598234E-5,    9.831786E-5
1.664750E+7,    1.590103E-4,    3.003329E-4
1.665375E+7,    1.418740E-4,    9.891391E-5
1.666000E+7,    -8.739531E-6,    -3.647991E-5
1.666625E+7,    -2.830941E-5,    3.049150E-5
1.667250E+7,    -1.557171E-6,    -1.347512E-4
1.667875E+7,    3.870763E-5,    -4.049018E-5
1.668500E+7,    -2.404675E-5,    -8.578971E-5
1.669125E+7,    6.718934E-5,    -1.832470E-5
1.669750E+7,    -4.591793E-5,    -9.517372E-5
1.670375E+7,    5.237758E-6,    1.295358E-4
1.671000E+7,    2.059639E-4,    1.008809E-5
1.671625E+7,    6.766245E-5,    5.190447E-5
1.672250E+7,    8.807331E-5,    -5.584955E-5
1.672875E+7,    1.016781E-4,    -1.265109E-5
1.673500E+7,    -1.033396E-5,    2.755783E-5
1.674125E+7,    1.032799E-4,    -4.160777E-5
1.674750E+7,    -4.199520E-5,    -6.538630E-5
1.675375E+7,    2.060458E-5,    -7.276237E-5
1.676000E+7,    3.036484E-5,    -6.749295E-6
1.676625E+7,    4.056841E-5,    -1.046956E-4
1.677250E+7,    -9.598210E-5,    -4.012138E-6
1.677875E+7,    4.410744E-6,    -9.875000E-5
1.678500E+7,    -4.960597E-5,    -7.265806E-5
1.679125E+7,    -3.791414E-6,    5.234033E-6
1.679750E+7,    -2.675876E-5,    -6.886199E-5
1.680375E+7,    -8.140877E-5,    1.213476E-4
1.681000E+7,    -4.473701E-5,    -3.076717E-5
1.681625E+7,    -5.709380E-5,    -9.406358E-6
1.682250E+7,    7.386506E-5,    -1.108684E-4
1.682875E+7,    4.844368E-5,    -7.998571E-5
1.683500E+7,    -5.707890E-5,    -2.695993E-5
1.684125E+7,    7.633120E-6,    4.227646E-5
1.684750E+7,    4.284084E-5,    2.463534E-5
1.685375E+7,    1.046434E-5,    7.599592E-6
1.686000E+7,    -1.631677E-5,    -1.316443E-4
1.686625E+7,    -3.516302E-5,    3.520213E-5
1.687250E+7,    -3.238022E-5,    -5.229935E-5
1.687875E+7,    -1.513958E-5,    5.610473E-5
1.688500E+7,    2.378039E-5,    3.325567E-5
1.689125E+7,    -1.873821E-6,    6.413087E-5
1.689750E+7,    -3.425963E-5,    -5.703419E-6
1.690375E+7,    -4.092231E-5,    1.666322E-5
1.691000E+7,    -1.313165E-4,    3.089756E-5
1.691625E+7,    6.852672E-5,    -2.377480E-5
1.692250E+7,    1.238659E-5,    -5.662441E-5
1.692875E+7,    -3.618374E-5,    5.722046E-6
1.693500E+7,    -1.718663E-5,    4.998595E-5
1.694125E+7,    -7.610768E-6,    -4.237518E-5
1.694750E+7,    -4.478544E-5,    7.475913E-5
1.695375E+7,    4.860386E-5,    -6.239489E-5
1.696000E+7,    9.334087E-5,    -1.373515E-5
1.696625E+7,    -3.900938E-5,    -1.242384E-5
1.697250E+7,    4.663318E-5,    1.958013E-5
1.697875E+7,    -2.216548E-5,    1.491234E-4
1.698500E+7,    1.279563E-4,    -1.311973E-4
1.699125E+7,    -4.680268E-5,    3.323890E-5
1.699750E+7,    -5.617738E-6,    -5.383044E-5
1.700375E+7,    -9.540468E-5,    6.028265E-5
1.701000E+7,    -9.429455E-5,    1.765788E-6
1.701625E+7,    -8.489937E-6,    -5.437434E-5
1.702250E+7,    -5.696714E-5,    -9.784847E-5
1.702875E+7,    -1.161769E-4,    -7.849187E-5
1.703500E+7,    -8.001551E-5,    -3.114715E-5
1.704125E+7,    -3.279001E-5,    1.238585E-4
1.704750E+7,    -1.284778E-4,    -9.233505E-5
1.705375E+7,    3.514439E-5,    5.302578E-5
1.706000E+7,    1.583993E-5,    1.321584E-4
1.706625E+7,    -8.870661E-5,    -1.503527E-5
1.707250E+7,    -1.886860E-6,    -6.207731E-6
1.707875E+7,    -1.787394E-5,    -6.778911E-5
1.708500E+7,    -2.976507E-5,    7.145479E-5
1.709125E+7,    -3.059953E-5,    2.421439E-5
1.709750E+7,    -9.234995E-6,    -6.641448E-5
1.710375E+7,    1.358986E-5,    -6.246567E-5
1.711000E+7,    4.219078E-5,    -3.989972E-5
1.711625E+7,    1.256540E-5,    -3.910251E-5
1.712250E+7,    3.460795E-6,    8.309633E-5
1.712875E+7,    -7.164851E-5,    5.427748E-6
1.713500E+7,    9.455159E-5,    -1.917407E-5
1.714125E+7,    -1.416914E-5,    -3.776141E-5
1.714750E+7,    -4.677661E-5,    -2.110377E-6
1.715375E+7,    -5.282089E-5,    6.755814E-5
1.716000E+7,    -4.108064E-5,    -1.132488E-6
1.716625E+7,    -2.576504E-5,    -4.434027E-6
1.717250E+7,    -7.298589E-5,    -1.068115E-4
1.717875E+7,    -1.037493E-5,    -2.535805E-5
1.718500E+7,    -2.408773E-5,    3.712438E-5
1.719125E+7,    -1.883507E-5,    -4.450977E-5
1.719750E+7,    1.718663E-5,    2.961606E-6
1.720375E+7,    2.931058E-5,    -1.011603E-4
1.721000E+7,    -3.149360E-5,    1.480058E-4
1.721625E+7,    -8.797273E-6,    3.387779E-5
1.722250E+7,    -5.844980E-6,    1.669396E-5
1.722875E+7,    -1.652539E-5,    4.434399E-5
1.723500E+7,    4.346296E-5,    7.244200E-5
1.724125E+7,    -4.374981E-5,    -3.710762E-5
1.724750E+7,    -3.469735E-5,    4.706345E-5
1.725375E+7,    -3.535487E-5,    -2.440065E-7
1.726000E+7,    1.123473E-4,    6.676465E-5
1.726625E+7,    -1.968816E-5,    7.924438E-5
1.727250E+7,    -7.229671E-5,    7.603317E-5
1.727875E+7,    2.067164E-5,    -8.495525E-5
1.728500E+7,    4.272535E-5,    4.290044E-5
1.729125E+7,    -5.033612E-5,    8.573383E-5
1.729750E+7,    -5.258992E-5,    -3.259629E-6
1.730375E+7,    -3.589317E-5,    -6.538630E-5
1.731000E+7,    -7.031113E-5,    -7.134676E-5
1.731625E+7,    1.467317E-4,    -4.524738E-5
1.732250E+7,    -5.322322E-5,    -5.066767E-5
1.732875E+7,    -7.439405E-6,    -2.494454E-5
1.733500E+7,    1.759082E-5,    6.809458E-5
1.734125E+7,    -2.766587E-5,    -1.076050E-5
1.734750E+7,    -2.193823E-5,    -9.749085E-6
1.735375E+7,    -2.023391E-5,    1.418125E-5
1.736000E+7,    6.411597E-5,    5.401671E-6
1.736625E+7,    5.090609E-5,    -2.066046E-5
1.737250E+7,    -1.753867E-5,    -6.810203E-5
1.737875E+7,    1.480430E-5,    -5.062111E-5
1.738500E+7,    3.298745E-5,    6.492808E-5
1.739125E+7,    -6.730109E-5,    2.957880E-5
1.739750E+7,    8.571893E-5,    5.066395E-5
1.740375E+7,    -7.475540E-5,    4.518777E-6
1.741000E+7,    -2.086163E-7,    -8.289889E-5
1.741625E+7,    6.894022E-5,    -8.839369E-5
1.742250E+7,    4.811585E-5,    -2.108514E-5
1.742875E+7,    4.152581E-5,    -3.411248E-5
1.743500E+7,    -1.116470E-5,    6.310642E-5
1.744125E+7,    9.962916E-5,    5.871058E-6
1.744750E+7,    5.567074E-5,    8.683652E-5
1.745375E+7,    -8.226931E-5,    1.630411E-4
1.746000E+7,    -3.250316E-6,    3.493577E-5
1.746625E+7,    -8.979440E-5,    5.516782E-5
1.747250E+7,    -1.231022E-5,    -1.404528E-5
1.747875E+7,    -4.795380E-5,    3.304332E-6
1.748500E+7,    -8.959323E-6,    3.393553E-5
1.749125E+7,    -7.345527E-5,    -3.681704E-5
1.749750E+7,    -4.882924E-5,    -8.743256E-6
1.750375E+7,    2.771430E-5,    1.084618E-5
1.751000E+7,    -7.158518E-5,    -3.060326E-5
1.751625E+7,    3.963709E-6,    -1.712814E-4
1.752250E+7,    2.688915E-5,    -1.110137E-6
1.752875E+7,    -1.827721E-5,    2.657995E-6
1.753500E+7,    -2.629496E-5,    3.089942E-5
1.754125E+7,    5.695596E-5,    -1.024939E-4
1.754750E+7,    5.314127E-6,    3.657490E-5
1.755375E+7,    1.172349E-5,    -1.569558E-5
1.756000E+7,    -4.907325E-5,    8.974224E-6
1.756625E+7,    -1.780316E-4,    -3.191084E-5
1.757250E+7,    -9.091571E-5,    -2.229586E-5
1.757875E+7,    -2.873316E-5,    -5.176291E-6
1.758500E+7,    9.424984E-7,    -7.110089E-5
1.759125E+7,    -5.190074E-5,    -7.467717E-5
1.759750E+7,    -2.065673E-6,    1.149531E-5
1.760375E+7,    8.565933E-5,    -1.427159E-5
1.761000E+7,    6.980076E-5,    2.450496E-5
1.761625E+7,    -6.622076E-5,    -7.724762E-5
1.762250E+7,    3.030524E-5,    2.921000E-5
1.762875E+7,    1.500547E-4,    -1.568496E-4
1.763500E+7,    5.877763E-5,    -7.836148E-5
1.764125E+7,    4.834495E-5,    -2.095290E-5
1.764750E+7,    1.530647E-4,    1.881272E-4
1.765375E+7,    -7.710606E-5,    8.101389E-5
1.766000E+7,    -4.079752E-5,    2.824329E-5
1.766625E+7,    -6.383657E-5,    2.411753E-5
1.767250E+7,    3.643334E-6,    1.433715E-4
1.767875E+7,    -1.086518E-4,    -7.332861E-5
1.768500E+7,    -1.512095E-4,    -5.134940E-5
1.769125E+7,    3.479421E-5,    -7.692352E-5
1.769750E+7,    -1.425743E-4,    1.567602E-5
1.770375E+7,    -1.243576E-4,    7.840991E-5
1.771000E+7,    -2.911314E-5,    7.792190E-5
1.771625E+7,    1.094863E-4,    6.751716E-5
1.772250E+7,    4.027784E-5,    7.390976E-6
1.772875E+7,    1.416355E-5,    -4.501082E-5
1.773500E+7,    1.031309E-4,    -7.640943E-5
1.774125E+7,    1.977384E-4,    -1.542941E-4
1.774750E+7,    1.059026E-4,    5.497038E-5
1.775375E+7,    9.351969E-5,    1.719892E-4
1.776000E+7,    8.923560E-5,    -2.098754E-4
1.776625E+7,    3.176928E-5,    -5.967915E-5
1.777250E+7,    -1.137629E-4,    -4.475564E-5
1.777875E+7,    -6.325543E-6,    3.454089E-5
1.778500E+7,    3.675371E-5,    1.080185E-4
1.779125E+7,    -1.424178E-5,    4.503876E-5
1.779750E+7,    -4.311651E-5,    -7.348508E-5
1.780375E+7,    1.607984E-4,    -2.458692E-7
1.781000E+7,    8.603185E-5,    3.366917E-5
1.781625E+7,    1.530722E-5,    -5.077198E-5
1.782250E+7,    -4.089624E-5,    -8.492917E-5
1.782875E+7,    1.236796E-6,    -7.120147E-5
1.783500E+7,    8.824840E-5,    2.219900E-5
1.784125E+7,    5.218945E-5,    -8.273870E-6
1.784750E+7,    -5.168840E-5,    8.585304E-5
1.785375E+7,    -3.651530E-5,    -6.038696E-5
1.786000E+7,    -3.556348E-5,    4.704855E-5
1.786625E+7,    2.339110E-5,    -1.354795E-5
1.787250E+7,    -3.860518E-5,    -4.887208E-5
1.787875E+7,    3.414229E-5,    -2.344698E-5
1.788500E+7,    -3.823638E-5,    -1.901761E-5
1.789125E+7,    -3.101304E-5,    -4.149601E-5
1.789750E+7,    1.154421E-5,    2.139714E-6
1.790375E+7,    -2.776831E-5,    -1.115352E-5
1.791000E+7,    -6.174669E-6,    -3.099628E-5
1.791625E+7,    -2.740696E-5,    -2.896413E-5
1.792250E+7,    -1.265295E-5,    -4.411861E-5
1.792875E+7,    -2.451614E-5,    -2.842210E-5
1.793500E+7,    -5.042553E-5,    -3.329664E-5
1.794125E+7,    -3.053993E-5,    8.388981E-5
1.794750E+7,    -2.346002E-5,    -3.421493E-5
1.795375E+7,    -8.076057E-5,    8.040294E-5
1.796000E+7,    -2.164394E-6,    -3.625639E-5
1.796625E+7,    3.568083E-5,    7.338822E-7
1.797250E+7,    -2.164487E-5,    1.981948E-5
1.797875E+7,    3.244728E-5,    1.802109E-5
1.798500E+7,    -7.569417E-5,    -2.611801E-5
1.799125E+7,    3.932975E-5,    1.332164E-5
1.799750E+7,    -1.039244E-4,    2.821162E-5
1.800375E+7,    -2.631545E-5,    -8.269772E-5
1.801000E+7,    6.094575E-5,    4.137307E-5
1.801625E+7,    -9.384006E-6,    3.408454E-5
1.802250E+7,    3.845245E-5,    9.692460E-5
1.802875E+7,    -2.562068E-6,    2.940744E-5
1.803500E+7,    -2.552941E-5,    -7.056072E-5
1.804125E+7,    5.945563E-6,    1.266599E-4
1.804750E+7,    5.709380E-5,    -4.899874E-5
1.805375E+7,    3.824383E-5,    -2.865680E-5
1.806000E+7,    -4.306436E-5,    6.963313E-5
1.806625E+7,    1.224410E-5,    1.427438E-5
1.807250E+7,    -2.428330E-5,    4.920550E-5
1.807875E+7,    -4.988723E-5,    2.643280E-5
1.808500E+7,    4.570931E-5,    -1.468211E-4
1.809125E+7,    4.182756E-5,    3.184378E-5
1.809750E+7,    -1.929700E-5,    -8.732080E-5
1.810375E+7,    -1.800433E-5,    -1.538545E-5
1.811000E+7,    3.279187E-6,    -1.732260E-5
1.811625E+7,    4.324690E-5,    -1.174621E-4
1.812250E+7,    -6.420910E-5,    1.014508E-4
1.812875E+7,    -1.082942E-4,    1.289621E-4
1.813500E+7,    -1.592189E-5,    -1.825318E-4
1.814125E+7,    2.188981E-5,    5.802512E-5
1.814750E+7,    -5.625561E-5,    -3.467128E-5
1.815375E+7,    3.906712E-5,    -1.649372E-5
1.816000E+7,    -8.186325E-5,    6.822124E-5
1.816625E+7,    -3.866851E-6,    8.307397E-5
1.817250E+7,    -1.091473E-4,    -8.910894E-6
1.817875E+7,    5.915761E-6,    -4.674308E-5
1.818500E+7,    5.752966E-5,    -6.673485E-5
1.819125E+7,    -6.021559E-5,    4.831888E-5
1.819750E+7,    -3.689900E-5,    4.913658E-6
1.820375E+7,    -8.452684E-6,    -4.949421E-5
1.821000E+7,    1.012087E-4,    9.725988E-5
1.821625E+7,    -9.239465E-5,    -9.558350E-5
1.822250E+7,    -5.509704E-5,    -4.051998E-5
1.822875E+7,    2.178084E-5,    -1.980271E-5
1.823500E+7,    2.524853E-4,    -6.516278E-5
1.824125E+7,    3.023632E-5,    2.976879E-5
1.824750E+7,    4.535541E-7,    -1.789536E-5
1.825375E+7,    -5.822629E-5,    -7.119775E-5
1.826000E+7,    -3.716722E-5,    5.274825E-5
1.826625E+7,    -9.126961E-6,    1.622364E-5
1.827250E+7,    -1.417100E-5,    -5.069003E-5
1.827875E+7,    -1.044758E-5,    -8.016825E-6
1.828500E+7,    -1.127087E-5,    -5.016662E-5
1.829125E+7,    -4.227273E-5,    -1.415424E-5
1.829750E+7,    2.247095E-5,    -7.650815E-6
1.830375E+7,    -7.291883E-5,    -2.608448E-5
1.831000E+7,    2.984330E-5,    -3.019907E-5
1.831625E+7,    2.906471E-5,    3.563985E-5
1.832250E+7,    -5.958602E-6,    -3.116019E-5
1.832875E+7,    2.116896E-5,    -3.188476E-5
1.833500E+7,    1.779199E-5,    -1.226291E-4
1.834125E+7,    -1.893658E-5,    2.031773E-5
1.834750E+7,    -7.436052E-5,    2.757087E-5
1.835375E+7,    3.921986E-5,    -1.641735E-5
1.836000E+7,    2.251938E-6,    -1.157261E-5
1.836625E+7,    -1.157075E-5,    -2.261251E-6
1.837250E+7,    -6.815419E-5,    1.071766E-5
1.837875E+7,    6.423332E-6,    1.326296E-5
1.838500E+7,    -3.959984E-6,    -1.029298E-4
1.839125E+7,    1.295954E-4,    -9.477139E-5
1.839750E+7,    -4.777499E-5,    4.475750E-5
1.840375E+7,    -8.263811E-5,    7.912517E-6
1.841000E+7,    -4.088879E-5,    -9.824336E-5
1.841625E+7,    -4.547834E-5,    -1.050159E-4
1.842250E+7,    1.094909E-5,    -9.885058E-6
1.842875E+7,    -2.190750E-5,    1.977291E-5
1.843500E+7,    3.272295E-5,    -5.969591E-5
1.844125E+7,    -5.145743E-5,    1.929700E-6
1.844750E+7,    4.653633E-5,    6.923452E-5
1.845375E+7,    1.110137E-6,    1.325309E-4
1.846000E+7,    1.696497E-5,    5.141646E-5
1.846625E+7,    -4.934147E-5,    -3.970787E-5
1.847250E+7,    5.446747E-5,    2.872571E-5
1.847875E+7,    -2.978742E-5,    -1.080632E-4
1.848500E+7,    1.813099E-5,    7.574633E-5
1.849125E+7,    -3.238767E-5,    1.165830E-5
1.849750E+7,    7.096305E-5,    -1.002401E-4
1.850375E+7,    -3.100187E-5,    9.615719E-5
1.851000E+7,    -3.710762E-5,    -2.536550E-5
1.851625E+7,    -2.630427E-5,    -9.537861E-5
1.852250E+7,    -6.950274E-5,    -1.376867E-5
1.852875E+7,    4.119799E-5,    5.025417E-5
1.853500E+7,    -5.795434E-5,    -1.144782E-5
1.854125E+7,    9.217858E-5,    6.636977E-5
1.854750E+7,    -4.042685E-5,    8.223578E-5
1.855375E+7,    7.583946E-5,    -3.314763E-5
1.856000E+7,    -1.562666E-5,    2.917834E-6