SAVED BY: 
TITLE: 
COMMENTS: 
DATE: 10/27/2020
TIME: 3:28 PM

STIMULUS, REAL, IMAGINARY

8.560000E+6,    -1.712143E-5,    -1.720861E-4
8.566250E+6,    -1.143664E-5,    -1.414493E-4
8.572500E+6,    -1.956522E-5,    -1.797155E-4
8.578750E+6,    7.197261E-6,    -1.564100E-4
8.585000E+6,    -6.169081E-6,    -1.732111E-4
8.591250E+6,    1.166761E-5,    -1.333654E-4
8.597500E+6,    -1.430511E-6,    -1.499876E-4
8.603750E+6,    -4.246831E-6,    -1.751855E-4
8.610000E+6,    -2.823770E-5,    -1.654625E-4
8.616250E+6,    -2.771616E-6,    -1.499951E-4
8.622500E+6,    1.341105E-7,    -1.792088E-4
8.628750E+6,    2.093613E-6,    -1.542866E-4
8.635000E+6,    -1.332164E-5,    -1.508519E-4
8.641250E+6,    -1.863390E-5,    -1.563728E-4
8.647500E+6,    -1.706183E-6,    -1.521781E-4
8.653750E+6,    -1.072884E-6,    -1.893342E-4
8.660000E+6,    -4.254282E-6,    -1.597852E-4
8.666250E+6,    -1.102686E-5,    -1.729056E-4
8.672500E+6,    -1.166016E-5,    -1.903102E-4
8.678750E+6,    -1.395494E-5,    -1.707003E-4
8.685000E+6,    -1.772493E-5,    -1.857504E-4
8.691250E+6,    -1.225621E-5,    -1.728535E-4
8.697500E+6,    -8.091331E-6,    -1.673028E-4
8.703750E+6,    -2.454966E-5,    -1.811013E-4
8.710000E+6,    -4.418194E-6,    -1.621395E-4
8.716250E+6,    -1.262128E-5,    -1.826286E-4
8.722500E+6,    -2.664328E-5,    -1.711696E-4
8.728750E+6,    -1.124293E-5,    -1.848564E-4
8.735000E+6,    -1.286715E-5,    -1.749396E-4
8.741250E+6,    -1.055747E-5,    -1.673624E-4
8.747500E+6,    -5.476177E-6,    -1.718998E-4
8.753750E+6,    -1.578033E-5,    -1.724511E-4
8.760000E+6,    -1.974404E-5,    -1.601800E-4
8.766250E+6,    -7.510185E-6,    -1.990721E-4
8.772500E+6,    -1.653284E-5,    -1.823753E-4
8.778750E+6,    -2.702326E-5,    -1.828223E-4
8.785000E+6,    -1.410395E-5,    -1.942962E-4
8.791250E+6,    -3.276765E-5,    -1.782626E-4
8.797500E+6,    -2.547354E-5,    -1.847669E-4
8.803750E+6,    3.218651E-6,    -1.736432E-4
8.810000E+6,    2.741814E-6,    -1.736879E-4
8.816250E+6,    -5.364418E-6,    -1.664609E-4
8.822500E+6,    -6.221235E-6,    -1.467839E-4
8.828750E+6,    -1.794100E-5,    -1.745522E-4
8.835000E+6,    -4.307926E-5,    -1.801774E-4
8.841250E+6,    -3.073364E-5,    -1.819879E-4
8.847500E+6,    -1.700222E-5,    -1.766980E-4
8.853750E+6,    -1.206994E-5,    -1.814589E-4
8.860000E+6,    -1.541525E-5,    -1.789853E-4
8.866250E+6,    -1.339614E-5,    -1.713336E-4
8.872500E+6,    -5.535781E-6,    -1.885667E-4
8.878750E+6,    -1.824647E-5,    -1.862645E-4
8.885000E+6,    -1.185387E-5,    -1.639724E-4
8.891250E+6,    -3.131479E-5,    -1.940131E-4
8.897500E+6,    -2.987683E-5,    -1.862496E-4
8.903750E+6,    -4.757941E-5,    -1.989454E-4
8.910000E+6,    -8.314848E-6,    -1.687184E-4
8.916250E+6,    -8.538365E-6,    -1.885891E-4
8.922500E+6,    -1.697242E-5,    -1.611188E-4
8.928750E+6,    5.364418E-6,    -1.835674E-4
8.935000E+6,    -2.449006E-5,    -1.638085E-4
8.941250E+6,    -4.047155E-5,    -2.084374E-4
8.947500E+6,    -2.059340E-5,    -1.786947E-4
8.953750E+6,    -2.369285E-5,    -2.057105E-4
8.960000E+6,    -2.633780E-5,    -1.733378E-4
8.966250E+6,    -4.395843E-6,    -1.661032E-4
8.972500E+6,    -2.487004E-5,    -1.858249E-4
8.978750E+6,    -3.568828E-6,    -2.083033E-4
8.985000E+6,    -1.855940E-5,    -1.931489E-4
8.991250E+6,    -2.391636E-5,    -1.981705E-4
8.997500E+6,    -8.970499E-6,    -1.932234E-4
9.003750E+6,    -1.469254E-5,    -2.081618E-4
9.010000E+6,    -1.727045E-5,    -1.955256E-4
9.016250E+6,    -1.817197E-5,    -1.955181E-4
9.022500E+6,    -3.068894E-5,    -1.828521E-4
9.028750E+6,    -2.934039E-5,    -1.952648E-4
9.035000E+6,    3.680587E-6,    -1.690388E-4
9.041250E+6,    -1.480430E-5,    -2.006441E-4
9.047500E+6,    -5.714595E-6,    -2.009720E-4
9.053750E+6,    -8.225441E-6,    -1.885444E-4
9.060000E+6,    -2.418458E-5,    -2.023876E-4
9.066250E+6,    -2.688915E-5,    -1.999661E-4
9.072500E+6,    -1.450628E-5,    -1.930371E-4
9.078750E+6,    -2.820790E-5,    -2.098083E-4
9.085000E+6,    -2.773851E-5,    -1.897663E-4
9.091250E+6,    -2.354383E-5,    -1.952276E-4
9.097500E+6,    -1.563132E-5,    -1.832098E-4
9.103750E+6,    -3.762543E-5,    -2.115518E-4
9.110000E+6,    -2.150238E-5,    -1.778007E-4
9.116250E+6,    -3.106892E-5,    -2.094209E-4
9.122500E+6,    -2.831221E-5,    -2.020523E-4
9.128750E+6,    -3.692508E-5,    -2.040416E-4
9.135000E+6,    -3.014505E-5,    -2.120435E-4
9.141250E+6,    -2.577901E-5,    -2.072528E-4
9.147500E+6,    -1.810491E-5,    -2.051964E-4
9.153750E+6,    -1.292676E-5,    -2.007410E-4
9.160000E+6,    -4.056096E-5,    -2.235472E-4
9.166250E+6,    -4.403293E-5,    -2.305061E-4
9.172500E+6,    -1.769513E-5,    -2.079159E-4
9.178750E+6,    -1.525879E-5,    -2.006143E-4
9.185000E+6,    -3.728271E-5,    -1.961663E-4
9.191250E+6,    -3.844500E-5,    -1.959503E-4
9.197500E+6,    -3.716350E-5,    -2.086014E-4
9.203750E+6,    -2.802908E-5,    -2.093762E-4
9.210000E+6,    -3.754348E-5,    -1.986548E-4
9.216250E+6,    -4.585087E-5,    -2.101064E-4
9.222500E+6,    -3.120303E-5,    -2.064109E-4
9.228750E+6,    -2.870709E-5,    -1.993552E-4
9.235000E+6,    -1.689047E-5,    -2.031773E-4
9.241250E+6,    -2.935529E-5,    -1.992285E-4
9.247500E+6,    -2.513081E-5,    -2.048314E-4
9.253750E+6,    -1.935661E-5,    -2.127960E-4
9.260000E+6,    -2.145022E-5,    -2.103522E-4
9.266250E+6,    -2.555549E-6,    -2.124161E-4
9.272500E+6,    -2.834946E-5,    -1.919493E-4
9.278750E+6,    -2.345443E-5,    -2.100542E-4
9.285000E+6,    -4.455447E-5,    -1.949966E-4
9.291250E+6,    -3.437698E-5,    -2.088249E-4
9.297500E+6,    -2.890080E-5,    -2.044067E-4
9.303750E+6,    -3.306568E-5,    -2.114922E-4
9.310000E+6,    -3.921986E-5,    -2.155900E-4
9.316250E+6,    -3.315508E-5,    -2.242476E-4
9.322500E+6,    -4.370511E-5,    -2.099425E-4
9.328750E+6,    -2.464652E-5,    -2.126098E-4
9.335000E+6,    -4.169345E-5,    -2.025813E-4
9.341250E+6,    -2.548099E-5,    -2.124012E-4
9.347500E+6,    -3.153086E-5,    -2.168119E-4
9.353750E+6,    -3.997982E-5,    -2.178997E-4
9.360000E+6,    -3.245473E-5,    -2.293289E-4
9.366250E+6,    -5.060434E-5,    -2.289116E-4
9.372500E+6,    -2.197921E-5,    -2.208650E-4
9.378750E+6,    -3.859401E-5,    -2.106130E-4
9.385000E+6,    -2.804399E-5,    -2.249181E-4
9.391250E+6,    -3.504753E-5,    -2.161115E-4
9.397500E+6,    -3.930926E-5,    -2.229810E-4
9.403750E+6,    -1.314282E-5,    -2.126098E-4
9.410000E+6,    -4.780293E-5,    -2.240241E-4
9.416250E+6,    -2.695620E-5,    -2.302229E-4
9.422500E+6,    -5.698204E-5,    -2.126694E-4
9.428750E+6,    -4.193187E-5,    -2.226830E-4
9.435000E+6,    -4.044175E-5,    -2.256930E-4
9.441250E+6,    -5.409122E-5,    -2.304912E-4
9.447500E+6,    -5.483627E-5,    -2.304018E-4
9.453750E+6,    -4.160404E-5,    -2.379119E-4
9.460000E+6,    -1.713634E-5,    -2.248883E-4
9.466250E+6,    -5.272031E-5,    -2.231598E-4
9.472500E+6,    -4.148483E-5,    -2.405345E-4
9.478750E+6,    -3.764033E-5,    -2.337098E-4
9.485000E+6,    -5.829334E-5,    -2.297461E-4
9.491250E+6,    -3.090501E-5,    -2.326071E-4
9.497500E+6,    -4.297495E-5,    -2.149343E-4
9.503750E+6,    -3.021955E-5,    -2.479553E-4
9.510000E+6,    -2.604723E-5,    -2.161860E-4
9.516250E+6,    -3.287196E-5,    -2.452135E-4
9.522500E+6,    -4.911423E-5,    -2.341866E-4
9.528750E+6,    -2.864003E-5,    -2.284646E-4
9.535000E+6,    -3.805757E-5,    -2.392828E-4
9.541250E+6,    -4.479289E-5,    -2.430975E-4
9.547500E+6,    -2.971292E-5,    -2.409518E-4
9.553750E+6,    -3.784895E-5,    -2.291501E-4
9.560000E+6,    -4.261732E-5,    -2.357066E-4
9.566250E+6,    -2.530217E-5,    -2.374351E-4
9.572500E+6,    -4.702806E-5,    -2.298355E-4
9.578750E+6,    -6.994605E-5,    -2.602041E-4
9.585000E+6,    -3.662705E-5,    -2.475381E-4
9.591250E+6,    -4.494190E-5,    -2.481937E-4
9.597500E+6,    -4.303455E-5,    -2.256036E-4
9.603750E+6,    -6.258488E-5,    -2.492666E-4
9.610000E+6,    -4.389882E-5,    -2.255738E-4
9.616250E+6,    -4.377961E-5,    -2.537966E-4
9.622500E+6,    -4.890561E-5,    -2.601743E-4
9.628750E+6,    -5.066395E-5,    -2.447665E-4
9.635000E+6,    -3.597140E-5,    -2.276599E-4
9.641250E+6,    -6.076694E-5,    -2.418458E-4
9.647500E+6,    -4.789233E-5,    -2.503991E-4
9.653750E+6,    -3.874302E-5,    -2.399683E-4
9.660000E+6,    -3.358722E-5,    -2.489090E-4
9.666250E+6,    -5.474687E-5,    -2.565384E-4
9.672500E+6,    -4.336238E-5,    -2.621710E-4
9.678750E+6,    -5.438924E-5,    -2.437532E-4
9.685000E+6,    -5.456805E-5,    -2.438724E-4
9.691250E+6,    -3.653765E-5,    -2.487600E-4
9.697500E+6,    -4.774332E-5,    -2.301335E-4
9.703750E+6,    -6.008148E-5,    -2.656281E-4
9.710000E+6,    -4.455447E-5,    -2.647340E-4
9.716250E+6,    -6.702542E-5,    -2.405345E-4
9.722500E+6,    -5.134940E-5,    -2.552867E-4
9.728750E+6,    -6.562471E-5,    -2.591014E-4
9.735000E+6,    -5.057454E-5,    -2.295971E-4
9.741250E+6,    -6.395578E-5,    -2.491474E-4
9.747500E+6,    -5.686283E-5,    -2.487600E-4
9.753750E+6,    -7.137656E-5,    -2.522171E-4
9.760000E+6,    -6.079674E-5,    -2.581477E-4
9.766250E+6,    -7.236004E-5,    -2.677739E-4
9.772500E+6,    -4.705787E-5,    -2.700388E-4
9.778750E+6,    -5.987287E-5,    -2.769530E-4
9.785000E+6,    -7.200241E-5,    -2.705455E-4
9.791250E+6,    -4.950166E-5,    -2.696812E-4
9.797500E+6,    -7.158518E-5,    -2.734065E-4
9.803750E+6,    -7.572770E-5,    -2.513826E-4
9.810000E+6,    -6.353855E-5,    -2.761483E-4
9.816250E+6,    -6.952882E-5,    -2.637208E-4
9.822500E+6,    -7.140636E-5,    -2.763271E-4
9.828750E+6,    -7.054210E-5,    -2.793074E-4
9.835000E+6,    -6.943941E-5,    -2.532899E-4
9.841250E+6,    -4.956126E-5,    -2.598464E-4
9.847500E+6,    -6.723404E-5,    -2.595782E-4
9.853750E+6,    -7.045269E-5,    -2.688766E-4
9.860000E+6,    -8.192658E-5,    -2.623796E-4
9.866250E+6,    -5.140901E-5,    -2.624691E-4
9.872500E+6,    -5.763769E-5,    -2.655387E-4
9.878750E+6,    -6.809831E-5,    -2.778172E-4
9.885000E+6,    -6.324053E-5,    -2.716780E-4
9.891250E+6,    -9.465218E-5,    -2.903342E-4
9.897500E+6,    -6.961823E-5,    -2.618730E-4
9.903750E+6,    -6.371737E-5,    -2.744496E-4
9.910000E+6,    -5.763769E-5,    -2.552867E-4
9.916250E+6,    -4.816055E-5,    -2.777874E-4
9.922500E+6,    -6.419420E-5,    -2.772212E-4
9.928750E+6,    -5.835295E-5,    -2.584159E-4
9.935000E+6,    -5.233288E-5,    -2.714097E-4
9.941250E+6,    -6.335974E-5,    -2.833903E-4
9.947500E+6,    -4.458427E-5,    -2.742112E-4
9.953750E+6,    -6.812811E-5,    -2.736449E-4
9.960000E+6,    -6.958842E-5,    -2.894104E-4
9.966250E+6,    -5.605817E-5,    -2.864599E-4
9.972500E+6,    -5.799532E-5,    -2.832115E-4
9.978750E+6,    -5.427003E-5,    -2.928078E-4
9.985000E+6,    -9.080768E-5,    -2.814233E-4
9.991250E+6,    -5.877018E-5,    -2.861917E-4
9.997500E+6,    -7.143617E-5,    -2.915859E-4
1.000375E+7,    -6.377697E-5,    -2.761483E-4
1.001000E+7,    -5.009770E-5,    -2.737343E-4
1.001625E+7,    -6.899238E-5,    -2.818704E-4
1.002250E+7,    -8.833408E-5,    -2.934337E-4
1.002875E+7,    -6.833673E-5,    -2.881587E-4
1.003500E+7,    -6.514788E-5,    -2.787709E-4
1.004125E+7,    -7.307529E-5,    -2.971590E-4
1.004750E+7,    -7.161498E-5,    -2.844036E-4
1.005375E+7,    -7.656217E-5,    -2.934039E-4
1.006000E+7,    -8.100271E-5,    -2.835691E-4
1.006625E+7,    -8.323789E-5,    -2.962053E-4
1.007250E+7,    -7.772446E-5,    -2.930462E-4
1.007875E+7,    -8.520484E-5,    -2.954900E-4
1.008500E+7,    -7.864833E-5,    -2.931654E-4
1.009125E+7,    -6.079674E-5,    -3.195107E-4
1.009750E+7,    -6.052852E-5,    -2.844632E-4
1.010375E+7,    -7.197261E-5,    -2.959073E-4
1.011000E+7,    -9.751320E-5,    -2.908707E-4
1.011625E+7,    -9.521842E-5,    -2.973080E-4
1.012250E+7,    -7.742643E-5,    -2.861023E-4
1.012875E+7,    -9.161234E-5,    -3.103018E-4
1.013500E+7,    -1.000762E-4,    -3.087819E-4
1.014125E+7,    -8.761883E-5,    -3.232658E-4
1.014750E+7,    -8.082390E-5,    -3.011525E-4
1.015375E+7,    -7.277727E-5,    -3.050566E-4
1.016000E+7,    -7.599592E-5,    -2.982616E-4
1.016625E+7,    -7.012486E-5,    -3.146231E-4
1.017250E+7,    -7.304549E-5,    -3.080070E-4
1.017875E+7,    -9.930134E-5,    -3.212094E-4
1.018500E+7,    -9.012222E-5,    -3.281236E-4
1.019125E+7,    -8.082390E-5,    -3.134906E-4
1.019750E+7,    -8.222461E-5,    -3.095865E-4
1.020375E+7,    -8.168817E-5,    -3.161430E-4
1.021000E+7,    -7.411838E-5,    -3.168881E-4
1.021625E+7,    -8.037686E-5,    -3.197491E-4
1.022250E+7,    -1.068413E-4,    -2.906621E-4
1.022875E+7,    -9.477139E-5,    -3.272295E-4
1.023500E+7,    -9.304285E-5,    -3.109574E-4
1.024125E+7,    -8.672476E-5,    -3.311336E-4
1.024750E+7,    -6.988645E-5,    -3.169179E-4
1.025375E+7,    -1.010895E-4,    -3.162026E-4
1.026000E+7,    -9.137392E-5,    -3.272593E-4
1.026625E+7,    -1.099110E-4,    -3.145933E-4
1.027250E+7,    -8.046627E-5,    -3.381073E-4
1.027875E+7,    -6.440282E-5,    -2.988875E-4
1.028500E+7,    -7.605553E-5,    -3.323555E-4
1.029125E+7,    -8.681417E-5,    -3.241003E-4
1.029750E+7,    -1.002550E-4,    -3.509820E-4
1.030375E+7,    -9.459257E-5,    -3.291965E-4
1.031000E+7,    -7.858872E-5,    -3.347695E-4
1.031625E+7,    -1.036525E-4,    -3.501773E-4
1.032250E+7,    -1.144409E-4,    -3.165007E-4
1.032875E+7,    -8.615851E-5,    -3.365278E-4
1.033500E+7,    -1.074970E-4,    -3.463924E-4
1.034125E+7,    -1.161098E-4,    -3.191531E-4
1.034750E+7,    -9.018183E-5,    -3.324747E-4
1.035375E+7,    -7.960200E-5,    -3.472567E-4
1.036000E+7,    -9.703636E-5,    -3.376603E-4
1.036625E+7,    -1.034141E-4,    -3.430843E-4
1.037250E+7,    -9.855628E-5,    -3.374219E-4
1.037875E+7,    -8.997321E-5,    -3.421307E-4
1.038500E+7,    -8.770823E-5,    -3.294945E-4
1.039125E+7,    -1.014471E-4,    -3.336370E-4
1.039750E+7,    -8.702278E-5,    -3.328621E-4
1.040375E+7,    -9.635091E-5,    -3.313422E-4
1.041000E+7,    -1.087785E-4,    -3.414452E-4
1.041625E+7,    -9.062886E-5,    -3.545284E-4
1.042250E+7,    -1.031458E-4,    -3.396571E-4
1.042875E+7,    -1.251996E-4,    -3.415942E-4
1.043500E+7,    -1.235008E-4,    -3.517270E-4
1.044125E+7,    -1.235902E-4,    -3.513694E-4
1.044750E+7,    -8.797646E-5,    -3.515482E-4
1.045375E+7,    -1.028180E-4,    -3.521144E-4
1.046000E+7,    -1.178086E-4,    -3.548861E-4
1.046625E+7,    -1.121759E-4,    -3.531277E-4
1.047250E+7,    -1.131296E-4,    -3.793240E-4
1.047875E+7,    -9.465218E-5,    -3.406107E-4
1.048500E+7,    -1.078546E-4,    -3.736615E-4
1.049125E+7,    -1.040101E-4,    -3.352165E-4
1.049750E+7,    -1.345277E-4,    -3.646612E-4
1.050375E+7,    -1.372099E-4,    -3.836155E-4
1.051000E+7,    -9.950995E-5,    -3.622174E-4
1.051625E+7,    -1.283884E-4,    -3.655553E-4
1.052250E+7,    -1.423359E-4,    -3.718138E-4
1.052875E+7,    -1.221895E-4,    -3.672838E-4
1.053500E+7,    -1.160800E-4,    -3.615618E-4
1.054125E+7,    -1.055300E-4,    -3.509223E-4
1.054750E+7,    -1.161098E-4,    -3.679395E-4
1.055375E+7,    -1.306534E-4,    -3.775358E-4
1.056000E+7,    -1.352429E-4,    -3.930926E-4
1.056625E+7,    -1.311898E-4,    -3.837347E-4
1.057250E+7,    -1.173615E-4,    -3.774166E-4
1.057875E+7,    -1.318455E-4,    -3.837943E-4
1.058500E+7,    -1.105070E-4,    -3.819466E-4
1.059125E+7,    -1.321435E-4,    -3.901720E-4
1.059750E+7,    -1.435280E-4,    -4.034042E-4
1.060375E+7,    -1.138449E-4,    -3.785491E-4
1.061000E+7,    -1.398325E-4,    -3.975630E-4
1.061625E+7,    -1.217127E-4,    -3.895760E-4
1.062250E+7,    -1.214147E-4,    -3.861785E-4
1.062875E+7,    -1.370311E-4,    -3.850460E-4
1.063500E+7,    -1.457930E-4,    -3.822446E-4
1.064125E+7,    -1.321435E-4,    -3.864765E-4
1.064750E+7,    -1.402497E-4,    -3.840327E-4
1.065375E+7,    -1.081228E-4,    -4.028082E-4
1.066000E+7,    -1.505613E-4,    -4.109740E-4
1.066625E+7,    -1.187325E-4,    -3.929138E-4
1.067250E+7,    -1.354814E-4,    -3.854632E-4
1.067875E+7,    -1.591444E-4,    -4.150867E-4
1.068500E+7,    -1.403093E-4,    -4.034042E-4
1.069125E+7,    -1.576543E-4,    -3.989935E-4
1.069750E+7,    -1.369715E-4,    -3.979206E-4
1.070375E+7,    -1.324415E-4,    -3.859997E-4
1.071000E+7,    -1.558661E-4,    -4.190207E-4
1.071625E+7,    -1.567006E-4,    -4.153848E-4
1.072250E+7,    -1.422763E-4,    -4.190803E-4
1.072875E+7,    -1.222491E-4,    -4.125237E-4
1.073500E+7,    -1.610518E-4,    -4.068613E-4
1.074125E+7,    -1.459122E-4,    -4.184246E-4
1.074750E+7,    -1.387596E-4,    -4.166961E-4
1.075375E+7,    -1.527071E-4,    -4.330277E-4
1.076000E+7,    -1.580715E-4,    -4.011989E-4
1.076625E+7,    -1.533031E-4,    -4.352927E-4
1.077250E+7,    -1.431704E-4,    -4.089475E-4
1.077875E+7,    -1.541972E-4,    -4.393458E-4
1.078500E+7,    -1.434088E-4,    -4.256964E-4
1.079125E+7,    -1.361370E-4,    -4.280806E-4
1.079750E+7,    -1.527071E-4,    -4.186034E-4
1.080375E+7,    -1.534820E-4,    -4.215240E-4
1.081000E+7,    -1.584888E-4,    -4.379153E-4
1.081625E+7,    -1.478195E-4,    -4.205108E-4
1.082250E+7,    -1.657009E-4,    -4.516244E-4
1.082875E+7,    -1.384616E-4,    -4.509687E-4
1.083500E+7,    -1.627207E-4,    -4.397035E-4
1.084125E+7,    -1.492500E-4,    -4.410148E-4
1.084750E+7,    -1.468658E-4,    -4.547238E-4
1.085375E+7,    -1.586676E-4,    -4.342794E-4
1.086000E+7,    -1.433492E-4,    -4.426241E-4
1.086625E+7,    -1.596808E-4,    -4.367828E-4
1.087250E+7,    -1.688004E-4,    -4.304051E-4
1.087875E+7,    -1.613498E-4,    -4.398823E-4
1.088500E+7,    -1.391768E-4,    -4.513264E-4
1.089125E+7,    -1.618862E-4,    -4.568696E-4
1.089750E+7,    -1.903176E-4,    -4.628301E-4
1.090375E+7,    -1.977086E-4,    -4.677773E-4
1.091000E+7,    -1.874566E-4,    -4.405975E-4
1.091625E+7,    -1.861453E-4,    -4.683733E-4
1.092250E+7,    -1.729727E-4,    -4.592538E-4
1.092875E+7,    -1.865029E-4,    -4.677773E-4
1.093500E+7,    -1.952052E-4,    -4.612803E-4
1.094125E+7,    -1.811981E-4,    -4.836917E-4
1.094750E+7,    -1.742840E-4,    -4.863143E-4
1.095375E+7,    -2.067685E-4,    -4.566312E-4
1.096000E+7,    -1.637340E-4,    -4.703999E-4
1.096625E+7,    -1.842976E-4,    -4.894733E-4
1.097250E+7,    -1.727939E-4,    -4.698634E-4
1.097875E+7,    -1.891851E-4,    -4.600883E-4
1.098500E+7,    -1.738667E-4,    -4.768372E-4
1.099125E+7,    -1.805425E-4,    -4.944205E-4
1.099750E+7,    -1.993775E-4,    -4.735589E-4
1.100375E+7,    -2.040267E-4,    -4.922748E-4
1.101000E+7,    -1.895428E-4,    -5.051494E-4
1.101625E+7,    -2.068281E-4,    -4.873276E-4
1.102250E+7,    -1.947284E-4,    -4.752874E-4
1.102875E+7,    -1.804829E-4,    -4.986525E-4
1.103500E+7,    -2.099872E-4,    -4.897118E-4
1.104125E+7,    -1.879334E-4,    -4.984736E-4
1.104750E+7,    -1.987219E-4,    -4.808903E-4
1.105375E+7,    -2.051592E-4,    -5.018711E-4
1.106000E+7,    -1.834035E-4,    -5.074739E-4
1.106625E+7,    -1.928210E-4,    -5.002618E-4
1.107250E+7,    -1.944900E-4,    -5.003214E-4
1.107875E+7,    -2.236366E-4,    -5.159974E-4
1.108500E+7,    -1.957417E-4,    -5.174875E-4
1.109125E+7,    -2.102852E-4,    -5.179048E-4
1.109750E+7,    -2.117157E-4,    -5.352497E-4
1.110375E+7,    -2.216697E-4,    -5.206466E-4
1.111000E+7,    -2.151728E-4,    -5.061626E-4
1.111625E+7,    -2.081394E-4,    -5.337596E-4
1.112250E+7,    -2.089143E-4,    -5.370378E-4
1.112875E+7,    -2.174377E-4,    -5.375147E-4
1.113500E+7,    -2.483130E-4,    -5.271435E-4
1.114125E+7,    -2.202988E-4,    -5.232096E-4
1.114750E+7,    -2.355576E-4,    -5.518198E-4
1.115375E+7,    -2.315044E-4,    -5.401373E-4
1.116000E+7,    -2.399087E-4,    -5.245805E-4
1.116625E+7,    -2.474189E-4,    -5.400181E-4
1.117250E+7,    -2.354980E-4,    -5.530715E-4
1.117875E+7,    -2.345443E-4,    -5.374551E-4
1.118500E+7,    -2.024174E-4,    -5.663037E-4
1.119125E+7,    -2.515316E-4,    -5.751848E-4
1.119750E+7,    -2.511144E-4,    -5.682707E-4
1.120375E+7,    -2.332926E-4,    -5.692244E-4
1.121000E+7,    -2.459288E-4,    -5.989671E-4
1.121625E+7,    -2.776384E-4,    -6.023049E-4
1.122250E+7,    -2.770424E-4,    -6.247759E-4
1.122875E+7,    -2.872348E-4,    -6.747842E-4
1.123500E+7,    -3.012419E-4,    -7.764101E-4
1.124125E+7,    -2.827644E-4,    -7.021427E-4
1.124750E+7,    -3.203154E-4,    -7.477999E-4
1.125375E+7,    -2.843142E-4,    -7.007122E-4
1.126000E+7,    -2.519488E-4,    -7.224679E-4
1.126625E+7,    -2.920628E-4,    -7.089376E-4
1.127250E+7,    -3.144741E-4,    -7.491112E-4
1.127875E+7,    -2.990961E-4,    -6.879568E-4
1.128500E+7,    -3.134012E-4,    -7.308722E-4
1.129125E+7,    -2.880096E-4,    -6.874204E-4
1.129750E+7,    -2.573729E-4,    -6.431341E-4
1.130375E+7,    -2.866387E-4,    -6.812811E-4
1.131000E+7,    -2.956390E-4,    -6.908178E-4
1.131625E+7,    -3.272295E-4,    -6.992817E-4
1.132250E+7,    -3.168583E-4,    -7.336140E-4
1.132875E+7,    -3.165007E-4,    -7.059574E-4
1.133500E+7,    -3.077984E-4,    -7.115602E-4
1.134125E+7,    -3.011227E-4,    -6.910563E-4
1.134750E+7,    -3.223419E-4,    -7.070303E-4
1.135375E+7,    -3.092289E-4,    -7.115602E-4
1.136000E+7,    -2.822280E-4,    -6.735921E-4
1.136625E+7,    -3.396273E-4,    -7.160902E-4
1.137250E+7,    -3.290176E-4,    -7.300377E-4
1.137875E+7,    -3.349781E-4,    -7.461309E-4
1.138500E+7,    -3.170967E-4,    -7.402897E-4
1.139125E+7,    -3.176928E-4,    -7.046461E-4
1.139750E+7,    -3.046989E-4,    -6.947517E-4
1.140375E+7,    -3.144741E-4,    -7.011890E-4
1.141000E+7,    -3.199577E-4,    -6.958246E-4
1.141625E+7,    -3.058910E-4,    -7.131100E-4
1.142250E+7,    -3.358126E-4,    -7.069111E-4
1.142875E+7,    -3.362894E-4,    -7.495880E-4
1.143500E+7,    -3.101826E-4,    -7.333755E-4
1.144125E+7,    -3.594160E-4,    -7.251501E-4
1.144750E+7,    -3.621578E-4,    -7.803440E-4
1.145375E+7,    -3.780127E-4,    -7.991791E-4
1.146000E+7,    -3.762245E-4,    -8.080006E-4
1.146625E+7,    -3.798008E-4,    -8.218288E-4
1.147250E+7,    -3.595352E-4,    -8.164644E-4
1.147875E+7,    -3.759861E-4,    -7.685423E-4
1.148500E+7,    -3.684759E-4,    -8.138418E-4
1.149125E+7,    -4.405975E-4,    -8.916855E-4
1.149750E+7,    -3.770590E-4,    -9.287596E-4
1.150375E+7,    -3.798008E-4,    -8.980036E-4
1.151000E+7,    -4.168749E-4,    -8.997917E-4
1.151625E+7,    -3.864765E-4,    -9.044409E-4
1.152250E+7,    -3.952980E-4,    -8.821487E-4
1.152875E+7,    -3.691912E-4,    -8.729696E-4
1.153500E+7,    -3.916025E-4,    -7.976294E-4
1.154125E+7,    -4.416704E-4,    -8.838177E-4
1.154750E+7,    -4.115105E-4,    -9.316206E-4
1.155375E+7,    -4.158020E-4,    -8.952618E-4
1.156000E+7,    -3.941059E-4,    -1.024365E-3
1.156625E+7,    -4.167557E-4,    -1.040220E-3
1.157250E+7,    -4.214048E-4,    -1.054645E-3
1.157875E+7,    -5.233288E-4,    -1.032233E-3
1.158500E+7,    -5.009174E-4,    -1.149893E-3
1.159125E+7,    -4.339218E-4,    -1.019120E-3
1.159750E+7,    -3.978014E-4,    -1.033068E-3
1.160375E+7,    -4.850626E-4,    -1.052022E-3
1.161000E+7,    -4.527569E-4,    -1.074314E-3
1.161625E+7,    -5.347729E-4,    -1.151919E-3
1.162250E+7,    -5.172491E-4,    -1.213312E-3
1.162875E+7,    -4.727840E-4,    -1.538992E-3
1.163500E+7,    -4.091263E-4,    -1.616955E-3
1.164125E+7,    -1.294613E-4,    -1.846552E-3
1.164750E+7,    1.964569E-4,    -2.073765E-3
1.165375E+7,    6.675720E-6,    -2.038479E-3
1.166000E+7,    3.706217E-4,    -1.901031E-3
1.166625E+7,    8.805990E-4,    -1.961708E-3
1.167250E+7,    1.079202E-3,    -1.740217E-3
1.167875E+7,    1.054764E-3,    -1.773953E-3
1.168500E+7,    1.045585E-3,    -1.724720E-3
1.169125E+7,    1.012921E-3,    -1.816273E-3
1.169750E+7,    1.036882E-3,    -1.824021E-3
1.170375E+7,    1.032114E-3,    -1.852274E-3
1.171000E+7,    1.078963E-3,    -1.853466E-3
1.171625E+7,    1.040220E-3,    -1.856804E-3
1.172250E+7,    1.077771E-3,    -1.885056E-3
1.172875E+7,    1.054049E-3,    -1.874566E-3
1.173500E+7,    1.053214E-3,    -1.905560E-3
1.174125E+7,    1.075268E-3,    -1.912594E-3
1.174750E+7,    1.064181E-3,    -1.948833E-3
1.175375E+7,    1.124620E-3,    -1.969814E-3
1.176000E+7,    1.124501E-3,    -1.934171E-3
1.176625E+7,    1.089334E-3,    -1.972675E-3
1.177250E+7,    1.129389E-3,    -1.990557E-3
1.177875E+7,    1.123428E-3,    -2.017975E-3
1.178500E+7,    1.144886E-3,    -2.010107E-3
1.179125E+7,    1.109838E-3,    -2.030134E-3
1.179750E+7,    1.084328E-3,    -2.068043E-3
1.180375E+7,    1.114607E-3,    -2.060890E-3
1.181000E+7,    1.054287E-3,    -2.089977E-3
1.181625E+7,    1.081467E-3,    -2.048016E-3
1.182250E+7,    1.142025E-3,    -2.115250E-3
1.182875E+7,    1.157761E-3,    -2.167940E-3
1.183500E+7,    1.127005E-3,    -2.217531E-3
1.184125E+7,    1.141787E-3,    -2.216101E-3
1.184750E+7,    1.144171E-3,    -2.225399E-3
1.185375E+7,    1.146793E-3,    -2.190590E-3
1.186000E+7,    1.202583E-3,    -2.238512E-3
1.186625E+7,    1.170874E-3,    -2.286911E-3
1.187250E+7,    1.162291E-3,    -2.262354E-3
1.187875E+7,    1.195669E-3,    -2.348185E-3
1.188500E+7,    1.158714E-3,    -2.354383E-3
1.189125E+7,    1.236200E-3,    -2.346277E-3
1.189750E+7,    1.244545E-3,    -2.394199E-3
1.190375E+7,    1.247406E-3,    -2.431631E-3
1.191000E+7,    1.287937E-3,    -2.393723E-3
1.191625E+7,    1.255512E-3,    -2.441406E-3
1.192250E+7,    1.215219E-3,    -2.442122E-3
1.192875E+7,    1.268387E-3,    -2.465725E-3
1.193500E+7,    1.296759E-3,    -2.478123E-3
1.194125E+7,    1.305819E-3,    -2.498865E-3
1.194750E+7,    1.292229E-3,    -2.504826E-3
1.195375E+7,    1.308203E-3,    -2.549171E-3
1.196000E+7,    1.279354E-3,    -2.562046E-3
1.196625E+7,    1.298904E-3,    -2.609015E-3
1.197250E+7,    1.307964E-3,    -2.607346E-3
1.197875E+7,    1.238823E-3,    -2.644539E-3
1.198500E+7,    1.290321E-3,    -2.675772E-3
1.199125E+7,    1.289129E-3,    -2.671957E-3
1.199750E+7,    1.272678E-3,    -2.725601E-3
1.200375E+7,    1.238108E-3,    -2.744436E-3
1.201000E+7,    1.269102E-3,    -2.757788E-3
1.201625E+7,    1.303911E-3,    -2.761841E-3
1.202250E+7,    1.311302E-3,    -2.808571E-3
1.202875E+7,    1.298428E-3,    -2.802849E-3
1.203500E+7,    1.290321E-3,    -2.884388E-3
1.204125E+7,    1.263618E-3,    -2.830744E-3
1.204750E+7,    1.294374E-3,    -2.873182E-3
1.205375E+7,    1.380682E-3,    -2.898216E-3
1.206000E+7,    1.328945E-3,    -2.791405E-3
1.206625E+7,    1.397371E-3,    -2.940893E-3
1.207250E+7,    1.355410E-3,    -3.065825E-3
1.207875E+7,    1.352549E-3,    -2.962112E-3
1.208500E+7,    1.340389E-3,    -2.956629E-3
1.209125E+7,    1.326084E-3,    -2.979755E-3
1.209750E+7,    1.319408E-3,    -2.963066E-3
1.210375E+7,    1.348019E-3,    -3.006697E-3
1.211000E+7,    1.384974E-3,    -3.065348E-3
1.211625E+7,    1.359701E-3,    -3.072023E-3
1.212250E+7,    1.333237E-3,    -3.106356E-3
1.212875E+7,    1.381159E-3,    -3.136396E-3
1.213500E+7,    1.375437E-3,    -3.171921E-3
1.214125E+7,    1.441479E-3,    -3.217220E-3
1.214750E+7,    1.381874E-3,    -3.211975E-3
1.215375E+7,    1.434326E-3,    -3.267288E-3
1.216000E+7,    1.430988E-3,    -3.291368E-3
1.216625E+7,    1.408339E-3,    -3.355980E-3
1.217250E+7,    1.518488E-3,    -3.328323E-3
1.217875E+7,    1.458645E-3,    -3.381491E-3
1.218500E+7,    1.425266E-3,    -3.390074E-3
1.219125E+7,    1.465559E-3,    -3.493071E-3
1.219750E+7,    1.426935E-3,    -3.452063E-3
1.220375E+7,    1.505613E-3,    -3.497124E-3
1.221000E+7,    1.485109E-3,    -3.552914E-3
1.221625E+7,    1.525164E-3,    -3.606319E-3
1.222250E+7,    1.525879E-3,    -3.605843E-3
1.222875E+7,    1.534939E-3,    -3.663778E-3
1.223500E+7,    1.519918E-3,    -3.719091E-3
1.224125E+7,    1.560450E-3,    -3.700733E-3
1.224750E+7,    1.577616E-3,    -3.753901E-3
1.225375E+7,    1.601696E-3,    -3.823519E-3
1.226000E+7,    1.594543E-3,    -3.816366E-3
1.226625E+7,    1.565218E-3,    -3.877401E-3
1.227250E+7,    1.593590E-3,    -3.927946E-3
1.227875E+7,    1.607418E-3,    -3.968239E-3
1.228500E+7,    1.698494E-3,    -3.988743E-3
1.229125E+7,    1.650810E-3,    -4.069805E-3
1.229750E+7,    1.696110E-3,    -4.089832E-3
1.230375E+7,    1.704693E-3,    -4.127026E-3
1.231000E+7,    1.717567E-3,    -4.143238E-3
1.231625E+7,    1.732349E-3,    -4.240990E-3
1.232250E+7,    1.714230E-3,    -4.260063E-3
1.232875E+7,    1.743317E-3,    -4.267216E-3
1.233500E+7,    1.774788E-3,    -4.376888E-3
1.234125E+7,    1.746178E-3,    -4.442692E-3
1.234750E+7,    1.816750E-3,    -4.486561E-3
1.235375E+7,    1.789570E-3,    -4.544258E-3
1.236000E+7,    1.818180E-3,    -4.580498E-3
1.236625E+7,    1.811504E-3,    -4.615784E-3
1.237250E+7,    1.807213E-3,    -4.691601E-3
1.237875E+7,    1.879692E-3,    -4.726410E-3
1.238500E+7,    1.900196E-3,    -4.800797E-3
1.239125E+7,    1.921654E-3,    -4.884720E-3
1.239750E+7,    1.952171E-3,    -4.843235E-3
1.240375E+7,    1.941204E-3,    -4.958630E-3
1.241000E+7,    1.990795E-3,    -5.037785E-3
1.241625E+7,    2.005100E-3,    -5.116463E-3
1.242250E+7,    2.034664E-3,    -5.164146E-3
1.242875E+7,    2.048016E-3,    -5.235672E-3
1.243500E+7,    2.022266E-3,    -5.283356E-3
1.244125E+7,    2.030849E-3,    -5.383015E-3
1.244750E+7,    2.097130E-3,    -5.430222E-3
1.245375E+7,    2.128601E-3,    -5.500317E-3
1.246000E+7,    2.155781E-3,    -5.536079E-3
1.246625E+7,    2.139091E-3,    -5.635262E-3
1.247250E+7,    2.160549E-3,    -5.712509E-3
1.247875E+7,    2.220154E-3,    -5.795002E-3
1.248500E+7,    2.276421E-3,    -5.858421E-3
1.249125E+7,    2.190113E-3,    -5.965710E-3
1.249750E+7,    2.338886E-3,    -5.996227E-3
1.250375E+7,    2.337456E-3,    -6.138802E-3
1.251000E+7,    2.347469E-3,    -6.206036E-3
1.251625E+7,    2.409935E-3,    -6.290913E-3
1.252250E+7,    2.419949E-3,    -6.352901E-3
1.252875E+7,    2.444744E-3,    -6.478786E-3
1.253500E+7,    2.449989E-3,    -6.492138E-3
1.254125E+7,    2.489090E-3,    -6.619930E-3
1.254750E+7,    2.533913E-3,    -6.696224E-3
1.255375E+7,    2.582550E-3,    -6.844997E-3
1.256000E+7,    2.589703E-3,    -6.908894E-3
1.256625E+7,    2.651215E-3,    -7.003307E-3
1.257250E+7,    2.648830E-3,    -7.164478E-3
1.257875E+7,    2.710819E-3,    -7.224560E-3
1.258500E+7,    2.761364E-3,    -7.339954E-3
1.259125E+7,    2.777100E-3,    -7.487774E-3
1.259750E+7,    2.755165E-3,    -7.580757E-3
1.260375E+7,    2.846718E-3,    -7.688522E-3
1.261000E+7,    2.814770E-3,    -7.780552E-3
1.261625E+7,    2.884865E-3,    -8.046150E-3
1.262250E+7,    2.924919E-3,    -8.077621E-3
1.262875E+7,    2.735138E-3,    -8.508682E-3
1.263500E+7,    3.005981E-3,    -8.191109E-3
1.264125E+7,    3.063202E-3,    -8.482933E-3
1.264750E+7,    3.173828E-3,    -8.643150E-3
1.265375E+7,    3.196716E-3,    -8.733749E-3
1.266000E+7,    3.127098E-3,    -9.002686E-3
1.266625E+7,    3.232002E-3,    -9.004593E-3
1.267250E+7,    1.172066E-3,    -9.788513E-3
1.267875E+7,    2.116203E-3,    -9.904861E-3
1.268500E+7,    1.200676E-3,    -1.049137E-2
1.269125E+7,    2.483368E-3,    -1.030827E-2
1.269750E+7,    3.400803E-3,    -9.654999E-3
1.270375E+7,    1.401901E-4,    -1.016331E-2
1.271000E+7,    1.301765E-3,    -1.165009E-2
1.271625E+7,    3.651619E-3,    -1.030922E-2
1.272250E+7,    3.689766E-3,    -1.047134E-2
1.272875E+7,    3.761292E-3,    -1.069641E-2
1.273500E+7,    3.643036E-3,    -1.114559E-2
1.274125E+7,    3.841400E-3,    -1.120377E-2
1.274750E+7,    3.824711E-3,    -1.160908E-2
1.275375E+7,    3.972530E-3,    -1.151085E-2
1.276000E+7,    3.356934E-3,    -1.201582E-2
1.276625E+7,    1.832008E-3,    -1.251221E-2
1.277250E+7,    -2.175808E-3,    -9.190559E-3
1.277875E+7,    -3.372192E-3,    -1.155663E-2
1.278500E+7,    -1.561642E-3,    -1.368713E-2
1.279125E+7,    2.889633E-4,    -1.443291E-2
1.279750E+7,    3.283501E-3,    -1.355839E-2
1.280375E+7,    -1.392365E-3,    -1.330662E-2
1.281000E+7,    -4.871368E-3,    -1.145077E-2
1.281625E+7,    -3.916740E-3,    -1.529026E-2
1.282250E+7,    -4.233360E-3,    -1.523113E-2
1.282875E+7,    1.388550E-3,    -1.563358E-2
1.283500E+7,    -6.250381E-3,    -1.331997E-2
1.284125E+7,    4.428864E-3,    -1.691628E-2
1.284750E+7,    4.981995E-3,    -1.657677E-2
1.285375E+7,    3.796577E-3,    -1.774788E-2
1.286000E+7,    3.915787E-3,    -1.763630E-2
1.286625E+7,    3.767967E-3,    -1.863194E-2
1.287250E+7,    4.550934E-3,    -1.869488E-2
1.287875E+7,    5.436897E-3,    -1.831150E-2
1.288500E+7,    4.386902E-3,    -1.859760E-2
1.289125E+7,    3.115654E-3,    -2.060127E-2
1.289750E+7,    3.566742E-4,    -2.091122E-2
1.290375E+7,    3.901482E-3,    -2.045631E-2
1.291000E+7,    2.507210E-3,    -2.140331E-2
1.291625E+7,    1.401901E-3,    -2.290249E-2
1.292250E+7,    -1.177788E-3,    -2.028942E-2
1.292875E+7,    4.291534E-4,    -2.262306E-2
1.293500E+7,    -8.430481E-3,    -1.911926E-2
1.294125E+7,    -5.633354E-3,    -2.130604E-2
1.294750E+7,    -8.362770E-3,    -1.663399E-2
1.295375E+7,    -8.596420E-3,    -1.108074E-2
1.296000E+7,    -7.498741E-3,    -8.444786E-3
1.296625E+7,    -7.369041E-3,    -8.053780E-3
1.297250E+7,    -7.619381E-3,    -8.343220E-3
1.297875E+7,    -7.798195E-3,    -8.461952E-3
1.298500E+7,    -7.945061E-3,    -8.612633E-3
1.299125E+7,    -8.187294E-3,    -8.792877E-3
1.299750E+7,    -8.433342E-3,    -8.941650E-3
1.300375E+7,    -8.676529E-3,    -9.175301E-3
1.301000E+7,    -8.952141E-3,    -9.419441E-3
1.301625E+7,    -9.204865E-3,    -9.594917E-3
1.302250E+7,    -9.492874E-3,    -9.855270E-3
1.302875E+7,    -9.803772E-3,    -1.007557E-2
1.303500E+7,    -1.011848E-2,    -1.035309E-2
1.304125E+7,    -1.041603E-2,    -1.056099E-2
1.304750E+7,    -1.076031E-2,    -1.082802E-2
1.305375E+7,    -1.108551E-2,    -1.107311E-2
1.306000E+7,    -1.143551E-2,    -1.136875E-2
1.306625E+7,    -1.187038E-2,    -1.165390E-2
1.307250E+7,    -1.225758E-2,    -1.196671E-2
1.307875E+7,    -1.278305E-2,    -1.234436E-2
1.308500E+7,    -1.323986E-2,    -1.267242E-2
1.309125E+7,    -1.372051E-2,    -1.303482E-2
1.309750E+7,    -1.416874E-2,    -1.334381E-2
1.310375E+7,    -1.472092E-2,    -1.371098E-2
1.311000E+7,    -1.525402E-2,    -1.406574E-2
1.311625E+7,    -1.584339E-2,    -1.446152E-2
1.312250E+7,    -1.654625E-2,    -1.496506E-2
1.312875E+7,    -1.725197E-2,    -1.540756E-2
1.313500E+7,    -1.798630E-2,    -1.587486E-2
1.314125E+7,    -1.868820E-2,    -1.630020E-2
1.314750E+7,    -1.953125E-2,    -1.684570E-2
1.315375E+7,    -2.069092E-2,    -1.755905E-2
1.316000E+7,    -2.160454E-2,    -1.812744E-2
1.316625E+7,    -2.253532E-2,    -1.879120E-2
1.317250E+7,    -2.346992E-2,    -1.914787E-2
1.317875E+7,    -2.461815E-2,    -1.987267E-2
1.318500E+7,    -2.574158E-2,    -2.056122E-2
1.319125E+7,    -2.721977E-2,    -2.128792E-2
1.319750E+7,    -2.818871E-2,    -2.178574E-2
1.320375E+7,    -2.965355E-2,    -2.244568E-2
1.321000E+7,    -3.139877E-2,    -2.348709E-2
1.321625E+7,    -3.264999E-2,    -2.391052E-2
1.322250E+7,    -3.433990E-2,    -2.465248E-2
1.322875E+7,    -3.650093E-2,    -2.559280E-2
1.323500E+7,    -3.884888E-2,    -2.664948E-2
1.324125E+7,    -4.152298E-2,    -2.785110E-2
1.324750E+7,    -4.490662E-2,    -2.935410E-2
1.325375E+7,    -4.836655E-2,    -3.094101E-2
1.326000E+7,    -5.093384E-2,    -3.173447E-2
1.326625E+7,    -5.444336E-2,    -3.287506E-2
1.327250E+7,    -5.822754E-2,    -3.411865E-2
1.327875E+7,    -6.288147E-2,    -3.548431E-2
1.328500E+7,    -6.678391E-2,    -3.641129E-2
1.329125E+7,    -7.268906E-2,    -3.826141E-2
1.329750E+7,    -7.767105E-2,    -3.931427E-2
1.330375E+7,    -8.304977E-2,    -3.979492E-2
1.331000E+7,    -9.217834E-2,    -4.153442E-2
1.331625E+7,    -9.934998E-2,    -4.279327E-2
1.332250E+7,    -1.101837E-1,    -4.431915E-2
1.332875E+7,    -1.155472E-1,    -4.409027E-2
1.333500E+7,    -1.223831E-1,    -4.196930E-2
1.334125E+7,    -1.317062E-1,    -4.133606E-2
1.334750E+7,    -1.425095E-1,    -3.932953E-2
1.335375E+7,    -1.584625E-1,    -3.792572E-2
1.336000E+7,    -1.724014E-1,    -3.546143E-2
1.336625E+7,    -1.873322E-1,    -2.926636E-2
1.337250E+7,    -2.082367E-1,    -2.397156E-2
1.337875E+7,    -2.269669E-1,    -1.373291E-2
1.338500E+7,    -2.475662E-1,    -5.569458E-4
1.339125E+7,    -2.750854E-1,    1.765442E-2
1.339750E+7,    -2.983856E-1,    4.017639E-2
1.340375E+7,    -3.212280E-1,    7.089233E-2
1.341000E+7,    -3.445282E-1,    1.100464E-1
1.341625E+7,    -3.668518E-1,    1.599884E-1
1.342250E+7,    -3.771210E-1,    2.188873E-1
1.342875E+7,    -3.786469E-1,    2.876587E-1
1.343500E+7,    -3.637085E-1,    3.629150E-1
1.344125E+7,    -3.251038E-1,    4.284973E-1
1.344750E+7,    -2.727203E-1,    4.939728E-1
1.345375E+7,    -2.064514E-1,    5.424194E-1
1.346000E+7,    -1.306458E-1,    5.738220E-1
1.346625E+7,    -5.505371E-2,    5.934448E-1
1.347250E+7,    1.794434E-2,    6.005554E-1
1.347875E+7,    8.587646E-2,    5.881348E-1
1.348500E+7,    1.469116E-1,    5.650024E-1
1.349125E+7,    2.010498E-1,    5.422974E-1
1.349750E+7,    2.508850E-1,    5.181885E-1
1.350375E+7,    2.984924E-1,    4.939575E-1
1.351000E+7,    3.392944E-1,    4.623108E-1
1.351625E+7,    3.776245E-1,    4.288940E-1
1.352250E+7,    4.166870E-1,    3.948364E-1
1.352875E+7,    4.538269E-1,    3.571777E-1
1.353500E+7,    4.907227E-1,    3.153992E-1
1.354125E+7,    5.240784E-1,    2.665405E-1
1.354750E+7,    5.546265E-1,    2.131348E-1
1.355375E+7,    5.789795E-1,    1.507263E-1
1.356000E+7,    5.933838E-1,    8.248901E-2
1.356625E+7,    5.955200E-1,    9.765625E-3
1.357250E+7,    5.833130E-1,    -6.549072E-2
1.357875E+7,    5.582275E-1,    -1.383667E-1
1.358500E+7,    5.172119E-1,    -2.016602E-1
1.359125E+7,    4.662476E-1,    -2.530212E-1
1.359750E+7,    4.088135E-1,    -2.912292E-1
1.360375E+7,    3.498840E-1,    -3.140259E-1
1.361000E+7,    2.934265E-1,    -3.257141E-1
1.361625E+7,    2.416077E-1,    -3.258972E-1
1.362250E+7,    1.962585E-1,    -3.199158E-1
1.362875E+7,    1.573792E-1,    -3.090515E-1
1.363500E+7,    1.257019E-1,    -2.958069E-1
1.364125E+7,    9.848022E-2,    -2.800903E-1
1.364750E+7,    7.556152E-2,    -2.633972E-1
1.365375E+7,    5.810547E-2,    -2.477570E-1
1.366000E+7,    4.327393E-2,    -2.331238E-1
1.366625E+7,    3.015137E-2,    -2.190704E-1
1.367250E+7,    2.062988E-2,    -2.059326E-1
1.367875E+7,    1.239014E-2,    -1.935883E-1
1.368500E+7,    5.996704E-3,    -1.818237E-1
1.369125E+7,    8.087158E-4,    -1.709900E-1
1.369750E+7,    -4.196167E-3,    -1.613922E-1
1.370375E+7,    -7.797241E-3,    -1.524048E-1
1.371000E+7,    -1.109314E-2,    -1.441345E-1
1.371625E+7,    -1.335144E-2,    -1.367340E-1
1.372250E+7,    -1.553345E-2,    -1.299591E-1
1.372875E+7,    -1.734924E-2,    -1.238861E-1
1.373500E+7,    -1.866150E-2,    -1.178589E-1
1.374125E+7,    -1.985168E-2,    -1.125031E-1
1.374750E+7,    -2.119446E-2,    -1.077423E-1
1.375375E+7,    -2.179718E-2,    -1.031570E-1
1.376000E+7,    -2.236176E-2,    -9.887695E-2
1.376625E+7,    -2.297211E-2,    -9.512329E-2
1.377250E+7,    -2.364349E-2,    -9.173584E-2
1.377875E+7,    -2.403259E-2,    -8.841705E-2
1.378500E+7,    -2.434540E-2,    -8.524323E-2
1.379125E+7,    -2.423859E-2,    -8.258057E-2
1.379750E+7,    -2.492523E-2,    -7.980347E-2
1.380375E+7,    -2.516174E-2,    -7.743073E-2
1.381000E+7,    -2.527618E-2,    -7.530212E-2
1.381625E+7,    -2.555084E-2,    -7.305145E-2
1.382250E+7,    -2.571106E-2,    -7.157135E-2
1.382875E+7,    -2.589417E-2,    -6.953430E-2
1.383500E+7,    -2.610016E-2,    -6.788635E-2
1.384125E+7,    -2.636719E-2,    -6.637573E-2
1.384750E+7,    -2.651978E-2,    -6.497955E-2
1.385375E+7,    -2.670288E-2,    -6.363678E-2
1.386000E+7,    -2.692413E-2,    -6.246948E-2
1.386625E+7,    -2.723694E-2,    -6.135559E-2
1.387250E+7,    -2.749634E-2,    -6.048584E-2
1.387875E+7,    -2.782440E-2,    -5.960846E-2
1.388500E+7,    -2.814484E-2,    -5.886841E-2
1.389125E+7,    -2.847290E-2,    -5.822754E-2
1.389750E+7,    -2.898407E-2,    -5.759430E-2
1.390375E+7,    -2.946472E-2,    -5.704498E-2
1.391000E+7,    -2.992249E-2,    -5.671692E-2
1.391625E+7,    -3.057098E-2,    -5.632019E-2
1.392250E+7,    -3.125763E-2,    -5.607605E-2
1.392875E+7,    -3.199768E-2,    -5.591583E-2
1.393500E+7,    -3.279114E-2,    -5.591583E-2
1.394125E+7,    -3.372192E-2,    -5.595398E-2
1.394750E+7,    -3.482819E-2,    -5.609894E-2
1.395375E+7,    -3.597260E-2,    -5.635452E-2
1.396000E+7,    -3.739929E-2,    -5.666351E-2
1.396625E+7,    -3.898239E-2,    -5.708313E-2
1.397250E+7,    -4.076004E-2,    -5.760956E-2
1.397875E+7,    -4.275131E-2,    -5.834198E-2
1.398500E+7,    -4.509735E-2,    -5.907822E-2
1.399125E+7,    -4.799271E-2,    -6.002808E-2
1.399750E+7,    -5.118561E-2,    -6.098938E-2
1.400375E+7,    -5.500031E-2,    -6.222534E-2
1.401000E+7,    -5.960464E-2,    -6.332397E-2
1.401625E+7,    -6.497955E-2,    -6.443024E-2
1.402250E+7,    -7.175446E-2,    -6.544495E-2
1.402875E+7,    -7.996368E-2,    -6.601715E-2
1.403500E+7,    -9.002686E-2,    -6.586456E-2
1.404125E+7,    -1.024246E-1,    -6.417847E-2
1.404750E+7,    -1.179962E-1,    -6.009674E-2
1.405375E+7,    -1.362381E-1,    -5.086517E-2
1.406000E+7,    -1.558838E-1,    -3.347015E-2
1.406625E+7,    -1.725616E-1,    -5.607605E-3
1.407250E+7,    -1.787033E-1,    3.368378E-2
1.407875E+7,    -1.661987E-1,    7.653046E-2
1.408500E+7,    -1.349030E-1,    1.085663E-1
1.409125E+7,    -9.712982E-2,    1.219025E-1
1.409750E+7,    -6.364441E-2,    1.200180E-1
1.410375E+7,    -3.948212E-2,    1.099548E-1
1.411000E+7,    -2.283478E-2,    9.793091E-2
1.411625E+7,    -1.216125E-2,    8.617401E-2
1.412250E+7,    -5.226135E-3,    7.549286E-2
1.412875E+7,    -5.950928E-4,    6.634521E-2
1.413500E+7,    2.288818E-3,    5.870056E-2
1.414125E+7,    4.169464E-3,    5.212402E-2
1.414750E+7,    5.313873E-3,    4.655075E-2
1.415375E+7,    5.970001E-3,    4.190826E-2
1.416000E+7,    6.431580E-3,    3.775024E-2
1.416625E+7,    6.580353E-3,    3.432846E-2
1.417250E+7,    6.679535E-3,    3.122711E-2
1.417875E+7,    6.614685E-3,    2.857590E-2
1.418500E+7,    6.521225E-3,    2.621269E-2
1.419125E+7,    6.352425E-3,    2.414703E-2
1.419750E+7,    6.196022E-3,    2.230263E-2
1.420375E+7,    5.987167E-3,    2.061844E-2
1.421000E+7,    5.814552E-3,    1.917362E-2
1.421625E+7,    5.607605E-3,    1.784134E-2
1.422250E+7,    5.422592E-3,    1.660824E-2
1.422875E+7,    5.207062E-3,    1.554775E-2
1.423500E+7,    5.030632E-3,    1.452351E-2
1.424125E+7,    4.828453E-3,    1.362896E-2
1.424750E+7,    4.614830E-3,    1.279259E-2
1.425375E+7,    4.454613E-3,    1.204109E-2
1.426000E+7,    4.306316E-3,    1.132917E-2
1.426625E+7,    4.121304E-3,    1.069069E-2
1.427250E+7,    3.983974E-3,    1.007700E-2
1.427875E+7,    3.805161E-3,    9.523392E-3
1.428500E+7,    3.632545E-3,    9.052753E-3
1.429125E+7,    3.489494E-3,    8.573055E-3
1.429750E+7,    3.370762E-3,    8.134365E-3
1.430375E+7,    3.235340E-3,    7.736683E-3
1.431000E+7,    3.140450E-3,    7.339478E-3
1.431625E+7,    2.999783E-3,    6.974697E-3
1.432250E+7,    2.885342E-3,    6.652355E-3
1.432875E+7,    2.791405E-3,    6.324768E-3
1.433500E+7,    2.706051E-3,    6.019592E-3
1.434125E+7,    2.587318E-3,    5.758762E-3
1.434750E+7,    2.502441E-3,    5.479336E-3
1.435375E+7,    2.396345E-3,    5.260944E-3
1.436000E+7,    2.335072E-3,    5.031109E-3
1.436625E+7,    2.238274E-3,    4.807472E-3
1.437250E+7,    2.180338E-3,    4.584312E-3
1.437875E+7,    2.106190E-3,    4.403830E-3
1.438500E+7,    2.035618E-3,    4.220963E-3
1.439125E+7,    1.952410E-3,    4.051924E-3
1.439750E+7,    1.890898E-3,    3.879070E-3
1.440375E+7,    1.821280E-3,    3.715515E-3
1.441000E+7,    1.782656E-3,    3.548384E-3
1.441625E+7,    1.692295E-3,    3.432512E-3
1.442250E+7,    1.648188E-3,    3.316164E-3
1.442875E+7,    1.590490E-3,    3.167629E-3
1.443500E+7,    1.542807E-3,    3.044605E-3
1.444125E+7,    1.479626E-3,    2.913475E-3
1.444750E+7,    1.444817E-3,    2.822161E-3
1.445375E+7,    1.394033E-3,    2.709389E-3
1.446000E+7,    1.369357E-3,    2.611995E-3
1.446625E+7,    1.315475E-3,    2.509475E-3
1.447250E+7,    1.284480E-3,    2.430201E-3
1.447875E+7,    1.221299E-3,    2.338409E-3
1.448500E+7,    1.195550E-3,    2.239227E-3
1.449125E+7,    1.142502E-3,    2.156258E-3
1.449750E+7,    1.112819E-3,    2.088308E-3
1.450375E+7,    1.077771E-3,    2.044916E-3
1.451000E+7,    1.050591E-3,    1.964688E-3
1.451625E+7,    1.011968E-3,    1.888990E-3
1.452250E+7,    9.827614E-4,    1.828551E-3
1.452875E+7,    9.617805E-4,    1.765370E-3
1.453500E+7,    9.281635E-4,    1.689434E-3
1.454125E+7,    9.065866E-4,    1.647234E-3
1.454750E+7,    8.850098E-4,    1.601458E-3
1.455375E+7,    8.635521E-4,    1.553535E-3
1.456000E+7,    8.469820E-4,    1.487732E-3
1.456625E+7,    8.081198E-4,    1.437783E-3
1.457250E+7,    7.942915E-4,    1.401782E-3
1.457875E+7,    7.619858E-4,    1.345396E-3
1.458500E+7,    7.607937E-4,    1.303673E-3
1.459125E+7,    7.436872E-4,    1.248181E-3
1.459750E+7,    7.185936E-4,    1.213729E-3
1.460375E+7,    6.799102E-4,    1.178920E-3
1.461000E+7,    6.659627E-4,    1.157582E-3
1.461625E+7,    6.641150E-4,    1.100123E-3
1.462250E+7,    6.535053E-4,    1.073718E-3
1.462875E+7,    6.102324E-4,    1.041293E-3
1.463500E+7,    5.949736E-4,    1.015723E-3
1.464125E+7,    5.684495E-4,    9.937286E-4
1.464750E+7,    5.606413E-4,    9.675622E-4
1.465375E+7,    5.475879E-4,    9.337068E-4
1.466000E+7,    5.344152E-4,    9.055734E-4
1.466625E+7,    5.362034E-4,    8.900762E-4
1.467250E+7,    5.084872E-4,    8.528233E-4
1.467875E+7,    5.072355E-4,    8.220077E-4
1.468500E+7,    4.810691E-4,    8.090734E-4
1.469125E+7,    4.740953E-4,    7.973909E-4
1.469750E+7,    4.819036E-4,    7.756352E-4
1.470375E+7,    4.492402E-4,    7.339716E-4
1.471000E+7,    4.470348E-4,    7.157326E-4
1.471625E+7,    4.246235E-4,    7.031560E-4
1.472250E+7,    4.363656E-4,    6.894469E-4
1.472875E+7,    4.025102E-4,    6.537437E-4
1.473500E+7,    4.007816E-4,    6.366372E-4
1.474125E+7,    3.852248E-4,    6.263852E-4
1.474750E+7,    4.004240E-4,    5.892515E-4
1.475375E+7,    3.545284E-4,    5.759597E-4
1.476000E+7,    3.713071E-4,    5.981028E-4
1.476625E+7,    3.624856E-4,    5.805790E-4
1.477250E+7,    3.509521E-4,    5.343258E-4
1.477875E+7,    3.286898E-4,    5.301535E-4
1.478500E+7,    3.237724E-4,    5.068183E-4
1.479125E+7,    2.953708E-4,    5.167127E-4
1.479750E+7,    3.351271E-4,    4.988015E-4
1.480375E+7,    3.018379E-4,    4.857481E-4
1.481000E+7,    3.110170E-4,    4.496276E-4
1.481625E+7,    3.001094E-4,    4.550219E-4
1.482250E+7,    2.924204E-4,    4.458129E-4
1.482875E+7,    2.723038E-4,    4.361868E-4
1.483500E+7,    2.709925E-4,    4.209280E-4
1.484125E+7,    2.919734E-4,    4.070699E-4
1.484750E+7,    2.513230E-4,    4.175901E-4
1.485375E+7,    2.530813E-4,    3.936291E-4
1.486000E+7,    2.450049E-4,    4.075468E-4
1.486625E+7,    2.352297E-4,    3.625154E-4
1.487250E+7,    2.464950E-4,    3.699958E-4
1.487875E+7,    2.299547E-4,    3.462136E-4
1.488500E+7,    2.427697E-4,    3.387034E-4
1.489125E+7,    2.262890E-4,    3.364086E-4
1.489750E+7,    2.201796E-4,    3.353953E-4
1.490375E+7,    2.098083E-4,    3.344119E-4
1.491000E+7,    2.035201E-4,    3.261864E-4
1.491625E+7,    2.174973E-4,    2.975762E-4
1.492250E+7,    1.932085E-4,    2.956688E-4
1.492875E+7,    1.809746E-4,    2.652705E-4
1.493500E+7,    2.101958E-4,    2.948940E-4
1.494125E+7,    1.894683E-4,    2.787858E-4
1.494750E+7,    1.767725E-4,    2.630502E-4
1.495375E+7,    1.778752E-4,    2.411902E-4
1.496000E+7,    1.824200E-4,    2.407581E-4
1.496625E+7,    1.648366E-4,    2.684742E-4
1.497250E+7,    1.704246E-4,    2.171099E-4
1.497875E+7,    1.561493E-4,    2.092272E-4
1.498500E+7,    1.670122E-4,    2.315044E-4
1.499125E+7,    1.422912E-4,    2.229363E-4
1.499750E+7,    1.510084E-4,    2.080202E-4
1.500375E+7,    1.441240E-4,    2.217293E-4
1.501000E+7,    1.483858E-4,    2.072901E-4
1.501625E+7,    1.239628E-4,    2.064705E-4
1.502250E+7,    1.465827E-4,    2.285689E-4
1.502875E+7,    1.216531E-4,    1.839697E-4
1.503500E+7,    1.334697E-4,    1.837760E-4
1.504125E+7,    1.409203E-4,    1.767129E-4
1.504750E+7,    1.421571E-4,    1.907498E-4
1.505375E+7,    1.354814E-4,    1.757741E-4
1.506000E+7,    1.207143E-4,    1.680106E-4
1.506625E+7,    1.171082E-4,    1.603663E-4
1.507250E+7,    1.291782E-4,    1.674443E-4
1.507875E+7,    1.188368E-4,    1.742393E-4
1.508500E+7,    1.143739E-4,    1.369789E-4
1.509125E+7,    9.658933E-5,    1.295730E-4
1.509750E+7,    1.042783E-4,    1.365691E-4
1.510375E+7,    9.779632E-5,    1.515448E-4
1.511000E+7,    1.087785E-4,    1.433641E-4
1.511625E+7,    1.060516E-4,    1.504421E-4
1.512250E+7,    9.066612E-5,    1.287237E-4
1.512875E+7,    8.986145E-5,    1.061782E-4
1.513500E+7,    8.823723E-5,    1.353249E-4
1.514125E+7,    7.755309E-5,    1.359209E-4
1.514750E+7,    8.714199E-5,    1.055151E-4
1.515375E+7,    6.294250E-5,    1.217201E-4
1.516000E+7,    8.551776E-5,    1.276359E-4
1.516625E+7,    8.656830E-5,    1.348332E-4
1.517250E+7,    9.635836E-5,    1.116470E-4
1.517875E+7,    6.755441E-5,    1.133457E-4
1.518500E+7,    7.484108E-5,    1.053140E-4
1.519125E+7,    7.594377E-5,    1.198798E-4
1.519750E+7,    8.241832E-5,    9.687990E-5
1.520375E+7,    7.593632E-5,    1.049042E-4
1.521000E+7,    6.620586E-5,    7.593632E-5
1.521625E+7,    6.368756E-5,    8.362532E-5
1.522250E+7,    8.163601E-5,    1.047254E-4
1.522875E+7,    6.826967E-5,    8.340925E-5
1.523500E+7,    7.206202E-5,    1.202971E-4
1.524125E+7,    5.307049E-5,    7.709116E-5
1.524750E+7,    7.658452E-5,    8.218735E-5
1.525375E+7,    5.076826E-5,    8.487701E-5
1.526000E+7,    7.078797E-5,    9.012967E-5
1.526625E+7,    6.592274E-5,    7.609278E-5
1.527250E+7,    5.062670E-5,    7.018074E-5
1.527875E+7,    4.343688E-5,    7.127970E-5
1.528500E+7,    7.325411E-5,    9.106845E-5
1.529125E+7,    6.523728E-5,    8.434057E-5
1.529750E+7,    4.719198E-5,    6.339327E-5
1.530375E+7,    7.432699E-5,    9.031594E-5
1.531000E+7,    5.165488E-5,    6.272644E-5
1.531625E+7,    3.991649E-5,    6.393716E-5
1.532250E+7,    4.654005E-5,    5.479902E-5
1.532875E+7,    5.517527E-5,    6.105751E-5
1.533500E+7,    6.160140E-5,    6.905198E-5
1.534125E+7,    4.959852E-5,    3.974140E-5
1.534750E+7,    4.627183E-5,    6.433204E-5
1.535375E+7,    4.855916E-5,    6.019697E-5
1.536000E+7,    3.806874E-5,    5.270541E-5
1.536625E+7,    3.316253E-5,    7.031858E-5
1.537250E+7,    3.968179E-5,    6.057322E-5
1.537875E+7,    5.145371E-5,    5.035475E-5
1.538500E+7,    4.394352E-5,    2.665073E-5
1.539125E+7,    3.415719E-5,    7.147342E-5
1.539750E+7,    4.002824E-5,    5.338341E-5
1.540375E+7,    3.999844E-5,    4.092976E-5
1.541000E+7,    5.650520E-5,    4.494935E-5
1.541625E+7,    2.453104E-5,    6.084517E-5
1.542250E+7,    6.890297E-5,    6.367266E-5
1.542875E+7,    1.166761E-5,    3.891438E-5
1.543500E+7,    4.889816E-5,    6.213039E-5
1.544125E+7,    3.053248E-5,    6.326661E-5
1.544750E+7,    5.034730E-5,    5.074963E-5
1.545375E+7,    4.988164E-5,    6.946921E-5
1.546000E+7,    3.168173E-5,    2.021901E-5
1.546625E+7,    2.754480E-5,    4.535541E-5
1.547250E+7,    2.201833E-5,    2.110936E-5
1.547875E+7,    2.510101E-5,    5.450100E-5
1.548500E+7,    3.464147E-5,    5.919114E-5
1.549125E+7,    4.010275E-5,    4.287809E-5
1.549750E+7,    3.419258E-5,    2.798252E-5
1.550375E+7,    4.320964E-5,    2.757832E-5
1.551000E+7,    4.337355E-5,    2.648309E-5
1.551625E+7,    3.354251E-5,    4.571304E-5
1.552250E+7,    3.982708E-5,    4.142523E-5
1.552875E+7,    3.279746E-5,    2.652407E-5
1.553500E+7,    4.529953E-5,    2.997369E-5
1.554125E+7,    3.559887E-5,    2.721325E-5
1.554750E+7,    4.636869E-5,    1.713634E-7
1.555375E+7,    1.843274E-5,    2.853572E-5
1.556000E+7,    2.968684E-5,    3.464893E-5
1.556625E+7,    4.445389E-5,    2.918392E-5
1.557250E+7,    1.870655E-5,    -4.866160E-6
1.557875E+7,    1.994055E-5,    3.818423E-6
1.558500E+7,    3.295019E-5,    4.160404E-5
1.559125E+7,    4.100427E-5,    3.916398E-5
1.559750E+7,    3.247336E-5,    2.426282E-5
1.560375E+7,    6.798655E-6,    2.315175E-5
1.561000E+7,    3.797933E-5,    1.410209E-5
1.561625E+7,    3.223866E-5,    7.348135E-6
1.562250E+7,    3.173389E-5,    7.137656E-6
1.562875E+7,    -4.582107E-6,    2.707355E-5
1.563500E+7,    4.126318E-5,    1.212209E-5
1.564125E+7,    1.915358E-5,    3.483146E-5
1.564750E+7,    2.318062E-6,    7.333700E-6
1.565375E+7,    1.076423E-5,    2.092868E-5
1.566000E+7,    2.395920E-5,    2.444163E-5
1.566625E+7,    9.626150E-6,    2.934784E-5
1.567250E+7,    -4.881993E-6,    3.408641E-5
1.567875E+7,    2.189353E-5,    4.116818E-5
1.568500E+7,    1.707859E-5,    2.652407E-5
1.569125E+7,    1.103431E-5,    2.048165E-5
1.569750E+7,    1.583062E-5,    1.067854E-5
1.570375E+7,    1.472980E-5,    1.909025E-5
1.571000E+7,    2.148002E-5,    -7.545575E-6
1.571625E+7,    2.858136E-5,    -1.021102E-5
1.572250E+7,    2.507679E-5,    -9.014271E-6
1.572875E+7,    1.850165E-5,    1.758710E-5
1.573500E+7,    1.232792E-5,    1.163594E-5
1.574125E+7,    7.897615E-7,    2.392288E-5
1.574750E+7,    1.952518E-5,    8.871779E-6
1.575375E+7,    6.212853E-6,    5.754177E-6
1.576000E+7,    3.638491E-5,    1.039729E-5
1.576625E+7,    6.268732E-6,    5.721580E-6
1.577250E+7,    -1.594424E-6,    1.687091E-5
1.577875E+7,    1.183338E-5,    1.979060E-5
1.578500E+7,    1.969468E-5,    8.528121E-6
1.579125E+7,    1.760852E-5,    -7.019378E-6
1.579750E+7,    1.903623E-5,    1.681969E-5
1.580375E+7,    1.620408E-5,    9.735115E-6
1.581000E+7,    -1.821667E-6,    2.527423E-5
1.581625E+7,    -1.044199E-5,    4.332047E-6
1.582250E+7,    2.497248E-5,    3.042631E-5
1.582875E+7,    2.319738E-5,    6.520189E-6
1.583500E+7,    1.630839E-5,    9.431504E-6
1.584125E+7,    8.950010E-6,    2.077594E-5
1.584750E+7,    2.329145E-5,    6.346963E-6
1.585375E+7,    -1.745299E-6,    3.361702E-5
1.586000E+7,    2.369471E-5,    -2.223067E-6
1.586625E+7,    -1.220964E-5,    -2.751313E-5
1.587250E+7,    -3.087334E-6,    -6.858259E-6
1.587875E+7,    -9.953976E-6,    -3.739726E-6
1.588500E+7,    -3.420166E-6,    1.564738E-6
1.589125E+7,    2.198703E-10,    -5.930190E-10
1.589750E+7,    1.963973E-5,    1.572073E-5
1.590375E+7,    -1.018774E-5,    4.790258E-6
1.591000E+7,    -3.218185E-6,    -6.788410E-6
1.591625E+7,    1.373561E-5,    -1.481501E-5
1.592250E+7,    3.029499E-5,    -6.261282E-6
1.592875E+7,    -3.478024E-6,    1.001172E-5
1.593500E+7,    6.821472E-6,    -1.166062E-5
1.594125E+7,    1.002941E-5,    3.408175E-6
1.594750E+7,    1.338217E-5,    1.004804E-5
1.595375E+7,    1.338078E-5,    -6.713439E-6
1.596000E+7,    -3.339374E-6,    1.684064E-6
1.596625E+7,    -9.749085E-6,    3.856793E-5
1.597250E+7,    9.994954E-6,    -5.138107E-6
1.597875E+7,    6.887130E-6,    1.330860E-5
1.598500E+7,    -1.887486E-10,    6.010907E-10
1.599125E+7,    5.140901E-7,    2.510287E-5
1.599750E+7,    -1.323968E-5,    6.999820E-6
1.600375E+7,    7.078052E-8,    -5.406514E-5
1.601000E+7,    1.319870E-4,    4.871935E-5
1.601625E+7,    -3.237277E-6,    1.131259E-4
1.602250E+7,    5.652383E-5,    2.862886E-5
1.602875E+7,    4.230812E-5,    -2.426095E-5
1.603500E+7,    -4.457310E-6,    -4.689582E-5
1.604125E+7,    -8.823723E-5,    -2.134591E-5
1.604750E+7,    5.525537E-6,    -3.041979E-5
1.605375E+7,    6.716698E-5,    -1.611337E-4
1.606000E+7,    2.801139E-5,    -2.304930E-5
1.606625E+7,    -8.149445E-5,    -1.049042E-5
1.607250E+7,    -1.832005E-5,    2.913643E-5
1.607875E+7,    1.681596E-5,    -2.674013E-5
1.608500E+7,    -5.267188E-5,    -2.594665E-6
1.609125E+7,    1.473911E-5,    -4.500709E-5
1.609750E+7,    -5.264580E-5,    1.160875E-4
1.610375E+7,    2.216548E-4,    6.826222E-5
1.611000E+7,    4.961342E-5,    1.261681E-4
1.611625E+7,    -1.990795E-5,    3.156252E-5
1.612250E+7,    -2.991408E-6,    6.935745E-5
1.612875E+7,    3.266335E-5,    -3.029592E-5
1.613500E+7,    -1.790002E-5,    1.143366E-4
1.614125E+7,    -4.471093E-5,    -4.462898E-6
1.614750E+7,    2.861116E-5,    -2.302229E-6
1.615375E+7,    -5.260296E-5,    -2.676621E-6
1.616000E+7,    8.698553E-6,    2.924725E-5
1.616625E+7,    1.590326E-5,    -6.816164E-5
1.617250E+7,    -5.858019E-6,    -4.447065E-5
1.617875E+7,    -7.389113E-5,    -2.293661E-5
1.618500E+7,    -1.124479E-5,    -3.717840E-6
1.619125E+7,    2.139434E-5,    3.056228E-5
1.619750E+7,    4.270673E-5,    -1.375563E-5
1.620375E+7,    -3.434345E-5,    3.263541E-5
1.621000E+7,    5.375594E-5,    -2.036989E-5
1.621625E+7,    5.820766E-5,    3.695115E-5
1.622250E+7,    -8.774921E-6,    3.523566E-5
1.622875E+7,    5.749427E-5,    5.865470E-6
1.623500E+7,    2.746470E-5,    -5.398504E-5
1.624125E+7,    8.536503E-6,    -4.559569E-5
1.624750E+7,    -1.255609E-5,    9.037089E-6
1.625375E+7,    -3.900193E-5,    3.991835E-5
1.626000E+7,    2.216920E-5,    -7.778406E-5
1.626625E+7,    -5.462766E-5,    -2.116337E-5
1.627250E+7,    -1.675822E-5,    -3.788993E-5
1.627875E+7,    -6.230175E-5,    -8.400530E-5
1.628500E+7,    7.693470E-5,    -5.657598E-5
1.629125E+7,    2.974644E-5,    4.959106E-5
1.629750E+7,    1.454167E-5,    9.259209E-6
1.630375E+7,    4.119053E-5,    6.371737E-5
1.631000E+7,    -3.262982E-5,    4.053302E-5
1.631625E+7,    -1.339614E-5,    -3.241003E-5
1.632250E+7,    6.958470E-5,    5.113706E-5
1.632875E+7,    6.826594E-5,    -1.094490E-5
1.633500E+7,    -1.372397E-5,    3.209896E-5
1.634125E+7,    1.102127E-5,    -6.598886E-6
1.634750E+7,    1.631752E-4,    3.246218E-5
1.635375E+7,    1.330525E-4,    1.224130E-4
1.636000E+7,    -1.924485E-4,    -6.170571E-5
1.636625E+7,    -4.533678E-5,    1.244247E-4
1.637250E+7,    7.881224E-5,    3.670529E-5
1.637875E+7,    3.324077E-5,    -9.462237E-5
1.638500E+7,    9.089708E-7,    -1.187362E-4
1.639125E+7,    -8.499995E-5,    5.826354E-5
1.639750E+7,    -9.855628E-5,    2.815723E-4
1.640375E+7,    -1.669079E-4,    3.659725E-5
1.641000E+7,    -5.543977E-5,    -6.277859E-5
1.641625E+7,    -5.846843E-5,    -5.793944E-5
1.642250E+7,    3.640540E-5,    -1.420453E-5
1.642875E+7,    -6.405264E-5,    -1.024678E-4
1.643500E+7,    -1.116320E-4,    -9.207428E-5
1.644125E+7,    6.803870E-5,    5.386770E-5
1.644750E+7,    -6.518885E-5,    1.627207E-5
1.645375E+7,    -1.359731E-4,    -2.221763E-5
1.646000E+7,    1.744553E-5,    -5.891547E-6
1.646625E+7,    -6.578863E-6,    -1.105852E-5
1.647250E+7,    -1.003705E-4,    7.253140E-6
1.647875E+7,    -3.024191E-5,    4.530884E-6
1.648500E+7,    2.366770E-5,    -1.556519E-5
1.649125E+7,    2.593175E-5,    2.349913E-5
1.649750E+7,    -1.190230E-5,    5.047768E-5
1.650375E+7,    -8.867681E-5,    4.230812E-5
1.651000E+7,    7.382780E-5,    -7.224828E-5
1.651625E+7,    6.103516E-5,    2.219155E-5
1.652250E+7,    6.682426E-5,    8.749962E-5
1.652875E+7,    1.541339E-5,    -3.459305E-5
1.653500E+7,    -1.591910E-5,    3.448687E-6
1.654125E+7,    2.765283E-5,    3.151596E-5
1.654750E+7,    2.164394E-6,    -6.713718E-5
1.655375E+7,    -5.020760E-5,    5.672313E-5
1.656000E+7,    3.774092E-5,    6.880984E-5
1.656625E+7,    -8.945167E-5,    5.364418E-7
1.657250E+7,    2.602115E-6,    -3.598817E-5
1.657875E+7,    -3.686175E-5,    -6.632879E-6
1.658500E+7,    -5.372800E-5,    4.076958E-5
1.659125E+7,    -4.842645E-6,    -3.126217E-6
1.659750E+7,    -8.527189E-5,    -3.783405E-5
1.660375E+7,    -5.484000E-5,    7.421151E-5
1.661000E+7,    7.574633E-5,    -6.418675E-5
1.661625E+7,    1.178160E-4,    -3.373623E-5
1.662250E+7,    2.413765E-4,    -1.728535E-6
1.662875E+7,    5.893037E-5,    -1.679175E-5
1.663500E+7,    -1.406297E-7,    -1.040054E-5
1.664125E+7,    3.958493E-5,    8.746237E-5
1.664750E+7,    8.073449E-5,    5.570799E-5
1.665375E+7,    -7.696450E-6,    -2.216250E-4
1.666000E+7,    4.979223E-5,    -1.086630E-4
1.666625E+7,    -2.579764E-6,    4.641898E-5
1.667250E+7,    -5.155429E-5,    1.006015E-4
1.667875E+7,    -3.662147E-5,    1.406856E-5
1.668500E+7,    5.296618E-5,    1.409277E-4
1.669125E+7,    3.213435E-5,    1.398474E-5
1.669750E+7,    -2.402812E-6,    6.722286E-5
1.670375E+7,    1.230277E-5,    -4.016608E-5
1.671000E+7,    -6.344169E-5,    1.823530E-4
1.671625E+7,    1.186505E-6,    -3.363937E-5
1.672250E+7,    -1.018904E-4,    5.079061E-5
1.672875E+7,    -3.221259E-5,    -1.408160E-5
1.673500E+7,    8.802861E-5,    -1.354963E-4
1.674125E+7,    5.065463E-6,    2.393406E-5
1.674750E+7,    -9.084120E-5,    3.388524E-5
1.675375E+7,    3.406033E-5,    3.243610E-5
1.676000E+7,    1.305342E-5,    2.227724E-5
1.676625E+7,    2.544653E-5,    -1.791120E-5
1.677250E+7,    4.470348E-7,    4.164875E-5
1.677875E+7,    -1.923274E-5,    -2.175570E-6
1.678500E+7,    -4.871190E-5,    -6.286055E-5
1.679125E+7,    -5.534291E-5,    -8.442998E-5
1.679750E+7,    -5.431473E-5,    1.980364E-5
1.680375E+7,    -5.123951E-5,    4.522502E-6
1.681000E+7,    9.123236E-6,    -4.575215E-5
1.681625E+7,    4.778057E-5,    -3.097765E-5
1.682250E+7,    4.325993E-5,    -2.838671E-6
1.682875E+7,    1.136307E-5,    1.432002E-5
1.683500E+7,    -1.622736E-4,    -3.543198E-4
1.684125E+7,    -2.849102E-5,    4.350208E-5
1.684750E+7,    8.019805E-5,    4.015863E-6
1.685375E+7,    5.782023E-5,    6.694347E-6
1.686000E+7,    1.334846E-4,    3.893673E-5
1.686625E+7,    1.503229E-4,    -5.026162E-5
1.687250E+7,    -2.587214E-5,    -2.382882E-5
1.687875E+7,    1.301989E-5,    2.233870E-5
1.688500E+7,    -3.694184E-5,    -6.902963E-6
1.689125E+7,    -4.694983E-5,    -5.489588E-5
1.689750E+7,    5.409494E-5,    -6.136671E-5
1.690375E+7,    -4.610978E-5,    4.933588E-5
1.691000E+7,    -2.555083E-5,    1.786835E-5
1.691625E+7,    1.743902E-5,    -2.661161E-5
1.692250E+7,    -1.269765E-5,    1.934636E-5
1.692875E+7,    -5.250238E-5,    5.902350E-5
1.693500E+7,    -3.705919E-5,    -1.741201E-5
1.694125E+7,    8.691847E-5,    3.625453E-5
1.694750E+7,    -8.963048E-6,    -1.236573E-4
1.695375E+7,    1.504645E-5,    8.257851E-5
1.696000E+7,    4.573911E-5,    1.201108E-4
1.696625E+7,    5.259365E-5,    -5.896948E-5
1.697250E+7,    -3.423542E-6,    -3.690831E-5
1.697875E+7,    -1.146458E-5,    -3.526919E-5
1.698500E+7,    -1.487285E-4,    -1.743436E-4
1.699125E+7,    7.994473E-5,    -6.874651E-5
1.699750E+7,    -5.789474E-5,    -6.929040E-6
1.700375E+7,    -6.792694E-5,    -7.591397E-5
1.701000E+7,    3.284216E-5,    1.082793E-4
1.701625E+7,    4.938245E-5,    -7.506460E-5
1.702250E+7,    5.497411E-5,    5.352870E-5
1.702875E+7,    -3.481284E-6,    -4.742295E-5
1.703500E+7,    -2.215952E-4,    5.184859E-5
1.704125E+7,    -1.311302E-6,    6.509572E-5
1.704750E+7,    2.112053E-5,    4.170276E-5
1.705375E+7,    -3.249571E-5,    -6.653368E-5
1.706000E+7,    1.357198E-4,    1.101941E-4
1.706625E+7,    3.082305E-5,    5.856156E-5
1.707250E+7,    2.715364E-5,    -4.117377E-5
1.707875E+7,    -6.308407E-5,    -7.292628E-5
1.708500E+7,    4.485250E-6,    -7.000938E-5
1.709125E+7,    -1.382083E-6,    5.471334E-5
1.709750E+7,    -4.686788E-5,    -5.535781E-5
1.710375E+7,    5.133264E-5,    -4.608557E-5
1.711000E+7,    -1.013801E-4,    5.964190E-6
1.711625E+7,    -3.284775E-6,    -1.608487E-5
1.712250E+7,    -7.590652E-5,    -5.368143E-5
1.712875E+7,    1.472980E-5,    6.193295E-5
1.713500E+7,    -4.320592E-5,    6.531179E-5
1.714125E+7,    -2.262555E-5,    -2.885424E-5
1.714750E+7,    1.914240E-5,    -4.995428E-5
1.715375E+7,    9.499490E-6,    -4.591607E-5
1.716000E+7,    7.407367E-5,    -6.750226E-6
1.716625E+7,    2.411474E-5,    -1.536123E-5
1.717250E+7,    -3.293157E-6,    -2.654456E-5
1.717875E+7,    -5.808473E-5,    -3.847852E-5
1.718500E+7,    3.239140E-5,    6.682053E-5
1.719125E+7,    2.085790E-5,    -3.143959E-5
1.719750E+7,    4.673004E-5,    -2.826937E-5
1.720375E+7,    -9.991974E-5,    -1.754612E-5
1.721000E+7,    -3.547035E-5,    -9.601936E-6
1.721625E+7,    -3.865361E-5,    5.705282E-6
1.722250E+7,    -4.749745E-6,    5.962327E-5
1.722875E+7,    1.931563E-5,    -2.903305E-5
1.723500E+7,    3.391132E-5,    4.347786E-5
1.724125E+7,    -4.689395E-5,    -7.649511E-5
1.724750E+7,    8.850545E-5,    -9.115785E-5
1.725375E+7,    -6.556511E-6,    -7.414073E-5
1.726000E+7,    5.327538E-5,    1.448393E-5
1.726625E+7,    2.580602E-5,    -1.777057E-5
1.727250E+7,    4.189275E-5,    -5.248189E-5
1.727875E+7,    -7.745251E-5,    -2.011284E-5
1.728500E+7,    -1.210123E-4,    -1.771748E-5
1.729125E+7,    1.935475E-5,    2.407469E-6
1.729750E+7,    9.670109E-5,    -4.033372E-5
1.730375E+7,    5.166978E-5,    1.113564E-4
1.731000E+7,    -6.534159E-6,    -7.424876E-5
1.731625E+7,    -1.193807E-4,    -9.752810E-6
1.732250E+7,    -1.371875E-4,    -7.748604E-5
1.732875E+7,    -9.356439E-5,    -9.039044E-5
1.733500E+7,    -3.548712E-5,    -3.066659E-5
1.734125E+7,    -8.074939E-5,    4.762039E-5
1.734750E+7,    7.426366E-5,    -6.482005E-6
1.735375E+7,    -6.776676E-5,    -5.581602E-5
1.736000E+7,    1.550466E-4,    9.104609E-6
1.736625E+7,    -4.520267E-5,    -2.667680E-5
1.737250E+7,    9.596348E-6,    5.890429E-5
1.737875E+7,    1.457147E-5,    -4.280359E-5
1.738500E+7,    -1.179092E-4,    8.221343E-5
1.739125E+7,    3.559142E-5,    -2.175942E-5
1.739750E+7,    -3.164634E-6,    -2.666749E-5
1.740375E+7,    -2.088025E-5,    -5.250052E-5
1.741000E+7,    1.148880E-4,    -8.793548E-5
1.741625E+7,    6.462913E-6,    8.237548E-7
1.742250E+7,    -8.717179E-5,    -5.832314E-5
1.742875E+7,    1.490116E-6,    7.110089E-5
1.743500E+7,    -9.667873E-5,    -1.278743E-4
1.744125E+7,    -2.844632E-5,    -1.770929E-4
1.744750E+7,    -4.196540E-5,    -3.162771E-5
1.745375E+7,    -9.876117E-5,    7.413328E-5
1.746000E+7,    2.258085E-5,    1.865625E-5
1.746625E+7,    -1.281127E-5,    -4.371069E-5
1.747250E+7,    -5.193055E-5,    5.644187E-5
1.747875E+7,    -1.780223E-5,    5.604699E-6
1.748500E+7,    3.708526E-5,    4.940480E-5
1.749125E+7,    2.107583E-5,    -1.044478E-5
1.749750E+7,    -1.925603E-5,    -4.457682E-5
1.750375E+7,    -1.610257E-5,    -2.837554E-5
1.751000E+7,    -6.636232E-5,    4.563481E-6
1.751625E+7,    -9.731948E-5,    5.065650E-5
1.752250E+7,    9.538606E-5,    1.497939E-5
1.752875E+7,    -9.465963E-6,    -5.912781E-5
1.753500E+7,    5.652010E-5,    4.151091E-5
1.754125E+7,    -1.767837E-5,    -2.598763E-5
1.754750E+7,    -6.976351E-5,    3.051013E-5
1.755375E+7,    -9.699911E-5,    -3.360957E-5
1.756000E+7,    -1.277998E-4,    -1.917779E-5
1.756625E+7,    -2.700090E-5,    -1.166239E-4
1.757250E+7,    -1.765937E-4,    1.128763E-5
1.757875E+7,    3.876351E-5,    1.558475E-5
1.758500E+7,    -4.837289E-5,    -4.319474E-5
1.759125E+7,    -1.620967E-5,    3.157184E-6
1.759750E+7,    -4.690513E-5,    -1.399405E-5
1.760375E+7,    -4.610047E-8,    1.052441E-5
1.761000E+7,    1.761690E-5,    3.655627E-5
1.761625E+7,    -1.004487E-4,    -7.893890E-6
1.762250E+7,    -1.179054E-4,    -3.393739E-5
1.762875E+7,    -2.106372E-5,    -1.182780E-7
1.763500E+7,    4.239939E-5,    -4.183687E-5
1.764125E+7,    -7.063895E-5,    -1.041964E-4
1.764750E+7,    7.555634E-5,    1.074076E-4
1.765375E+7,    -2.591591E-5,    -3.408641E-6
1.766000E+7,    -5.989522E-5,    -1.579896E-5
1.766625E+7,    -8.568168E-5,    -4.030019E-5
1.767250E+7,    -7.032603E-5,    8.297712E-5
1.767875E+7,    -6.981194E-6,    7.297099E-5
1.768500E+7,    -7.134676E-5,    -2.072304E-4
1.769125E+7,    -5.183741E-5,    -6.863847E-6
1.769750E+7,    -6.522611E-5,    5.470961E-5
1.770375E+7,    -4.062243E-5,    7.823110E-6
1.771000E+7,    -3.749691E-5,    2.401508E-5
1.771625E+7,    2.481788E-5,    -6.792322E-5
1.772250E+7,    5.801395E-5,    4.993379E-5
1.772875E+7,    1.936220E-5,    1.311488E-5
1.773500E+7,    1.461431E-5,    -7.068738E-7
1.774125E+7,    -1.566950E-6,    -8.124858E-6
1.774750E+7,    -2.945960E-5,    3.301911E-5
1.775375E+7,    4.325807E-5,    7.177517E-5
1.776000E+7,    1.097023E-4,    7.803738E-5
1.776625E+7,    7.398427E-6,    -1.152381E-4
1.777250E+7,    -9.373575E-5,    1.273304E-4
1.777875E+7,    -3.458001E-6,    2.594385E-5
1.778500E+7,    3.650784E-7,    -4.221871E-5
1.779125E+7,    7.485598E-5,    -1.637638E-5
1.779750E+7,    -4.425645E-5,    4.430860E-5
1.780375E+7,    -4.697219E-5,    -1.419708E-5
1.781000E+7,    6.400794E-5,    1.035854E-4
1.781625E+7,    2.417713E-6,    -8.683652E-5
1.782250E+7,    5.509332E-5,    1.267344E-5
1.782875E+7,    2.409518E-5,    2.702884E-5
1.783500E+7,    -5.036034E-5,    1.113862E-6
1.784125E+7,    2.918951E-5,    9.188429E-6
1.784750E+7,    -5.581975E-5,    -1.159906E-4
1.785375E+7,    7.026270E-5,    -4.076585E-5
1.786000E+7,    -3.860891E-5,    -3.699586E-5
1.786625E+7,    -1.315959E-6,    -2.927613E-5
1.787250E+7,    3.298279E-6,    -4.841946E-6
1.787875E+7,    -9.788666E-6,    3.959052E-6
1.788500E+7,    1.121964E-5,    1.475215E-5
1.789125E+7,    -3.431179E-5,    1.912937E-5
1.789750E+7,    -1.498312E-5,    3.237650E-5
1.790375E+7,    3.568456E-5,    1.014583E-5
1.791000E+7,    -5.873851E-5,    1.317076E-5
1.791625E+7,    -2.956949E-6,    -2.686493E-5
1.792250E+7,    3.198162E-5,    4.667044E-5
1.792875E+7,    1.475960E-5,    -1.121778E-5
1.793500E+7,    3.307126E-6,    -4.843110E-6
1.794125E+7,    4.397146E-5,    -1.963228E-6
1.794750E+7,    1.102686E-4,    3.629923E-5
1.795375E+7,    -1.014099E-4,    -9.077042E-5
1.796000E+7,    -1.479313E-5,    1.122709E-5
1.796625E+7,    -2.586655E-5,    -1.415424E-5
1.797250E+7,    9.616464E-5,    -5.293638E-6
1.797875E+7,    -1.439266E-5,    -2.052076E-5
1.798500E+7,    -4.701316E-5,    -1.442432E-5
1.799125E+7,    -4.589558E-5,    2.551079E-5
1.799750E+7,    2.613291E-5,    -7.004477E-6
1.800375E+7,    -3.974512E-5,    -7.706508E-5
1.801000E+7,    -1.604296E-5,    -1.811050E-5
1.801625E+7,    2.103746E-4,    9.769201E-5
1.802250E+7,    -6.002188E-5,    -1.302585E-4
1.802875E+7,    -1.521315E-6,    -8.162111E-6
1.803500E+7,    -5.181506E-5,    -1.779944E-5
1.804125E+7,    -1.535863E-4,    -8.754432E-5
1.804750E+7,    3.900379E-6,    -4.719943E-5
1.805375E+7,    1.438707E-5,    2.054125E-5
1.806000E+7,    -1.188070E-4,    -1.384765E-4
1.806625E+7,    5.877763E-5,    -1.304224E-5
1.807250E+7,    -1.048073E-4,    3.840402E-5
1.807875E+7,    3.917702E-5,    -5.152076E-6
1.808500E+7,    1.230091E-4,    -6.498396E-5
1.809125E+7,    -9.991229E-6,    1.453562E-5
1.809750E+7,    -6.002560E-5,    -1.630187E-5
1.810375E+7,    2.163462E-5,    -3.145263E-5
1.811000E+7,    5.450100E-6,    -3.901310E-5
1.811625E+7,    -8.720905E-6,    -7.023290E-5
1.812250E+7,    -5.833060E-5,    8.472428E-5
1.812875E+7,    3.172085E-5,    5.752221E-5
1.813500E+7,    -7.532537E-6,    -1.444146E-4
1.814125E+7,    -8.573011E-5,    6.232783E-5
1.814750E+7,    1.360849E-4,    6.155670E-5
1.815375E+7,    5.721115E-5,    -1.052767E-5
1.816000E+7,    5.613267E-5,    6.362423E-5
1.816625E+7,    1.852214E-5,    6.633997E-5
1.817250E+7,    7.759780E-5,    4.282966E-5
1.817875E+7,    -2.384186E-5,    -3.784895E-5
1.818500E+7,    -9.030104E-5,    4.835427E-5
1.819125E+7,    -4.239753E-5,    -7.208437E-7
1.819750E+7,    6.361306E-5,    1.013279E-6
1.820375E+7,    4.627928E-5,    -3.589131E-5
1.821000E+7,    -6.631017E-7,    -6.122515E-5
1.821625E+7,    -2.190471E-6,    3.420003E-5
1.822250E+7,    -4.634261E-5,    -5.706400E-5
1.822875E+7,    -2.886541E-5,    -3.069639E-5
1.823500E+7,    8.038431E-5,    6.996095E-5
1.824125E+7,    -1.770258E-5,    -1.579709E-5
1.824750E+7,    -9.020790E-5,    2.699718E-5
1.825375E+7,    2.122764E-5,    3.585592E-7
1.826000E+7,    8.186791E-6,    -1.485460E-6
1.826625E+7,    8.961186E-6,    -4.393980E-5
1.827250E+7,    1.096353E-5,    2.548657E-5
1.827875E+7,    1.135748E-5,    4.277565E-6
1.828500E+7,    4.058145E-5,    1.379102E-5
1.829125E+7,    -7.399917E-5,    -1.515597E-4
1.829750E+7,    6.897748E-5,    6.571412E-5
1.830375E+7,    2.141483E-5,    -1.024082E-5
1.831000E+7,    -5.891919E-5,    -8.030981E-5
1.831625E+7,    -1.537427E-5,    -5.010888E-5
1.832250E+7,    -4.471652E-5,    3.344566E-5
1.832875E+7,    -2.626888E-5,    6.863847E-6
1.833500E+7,    -1.969934E-5,    -8.537248E-5
1.834125E+7,    -5.635992E-5,    -4.270300E-5
1.834750E+7,    3.983080E-5,    -1.192950E-4
1.835375E+7,    -1.719780E-5,    4.544854E-5
1.836000E+7,    -1.745857E-5,    -2.650544E-5
1.836625E+7,    -8.137897E-5,    -1.708418E-5
1.837250E+7,    -3.573857E-5,    -1.050718E-5
1.837875E+7,    -2.142787E-5,    -1.549274E-4
1.838500E+7,    -4.546344E-5,    -1.723319E-5
1.839125E+7,    3.784895E-6,    -2.607424E-5
1.839750E+7,    -4.619360E-6,    -9.655580E-5
1.840375E+7,    -7.740408E-5,    -5.383044E-5
1.841000E+7,    -1.413152E-4,    2.735108E-5
1.841625E+7,    -5.239993E-5,    3.013760E-6
1.842250E+7,    1.283083E-5,    1.252443E-5
1.842875E+7,    2.127513E-5,    4.218891E-7
1.843500E+7,    6.750971E-5,    5.777180E-5
1.844125E+7,    -2.192147E-5,    3.143214E-5
1.844750E+7,    -2.316386E-5,    1.260545E-5
1.845375E+7,    -1.654923E-4,    -7.210672E-5
1.846000E+7,    9.490550E-5,    -2.078712E-6
1.846625E+7,    -2.524629E-5,    -4.629418E-5
1.847250E+7,    -1.990795E-5,    -6.419793E-5
1.847875E+7,    -1.245290E-4,    -6.893277E-5
1.848500E+7,    -1.735091E-4,    8.378178E-5
1.849125E+7,    1.358241E-5,    5.268678E-5
1.849750E+7,    -1.643132E-5,    2.909452E-6
1.850375E+7,    -2.668239E-6,    -2.707541E-5
1.851000E+7,    9.173527E-5,    -7.978827E-5
1.851625E+7,    6.692484E-5,    7.182360E-6
1.852250E+7,    -7.033348E-6,    -1.238510E-4
1.852875E+7,    1.044571E-5,    1.188368E-4
1.853500E+7,    5.057268E-5,    1.011230E-5
1.854125E+7,    -1.450069E-5,    -1.015048E-5
1.854750E+7,    -7.900596E-5,    -1.237690E-4
1.855375E+7,    3.580004E-5,    1.064129E-5
1.856000E+7,    1.228675E-4,    -7.256120E-5