SAVED BY: 
TITLE: 
COMMENTS: 
DATE: 10/27/2020
TIME: 3:24 PM

STIMULUS, REAL, IMAGINARY

8.560000E+6,    -3.105402E-5,    -1.508817E-4
8.566250E+6,    -1.639128E-7,    -1.751930E-4
8.572500E+6,    -1.242012E-5,    -1.654550E-4
8.578750E+6,    2.124161E-5,    -1.726374E-4
8.585000E+6,    4.470348E-7,    -1.685694E-4
8.591250E+6,    -1.002848E-5,    -1.806170E-4
8.597500E+6,    -1.785159E-5,    -1.827553E-4
8.603750E+6,    -1.154840E-6,    -1.685172E-4
8.610000E+6,    7.711351E-6,    -1.596138E-4
8.616250E+6,    -5.081296E-6,    -1.855344E-4
8.622500E+6,    5.289912E-7,    -1.579598E-4
8.628750E+6,    -1.137704E-5,    -1.769289E-4
8.635000E+6,    -5.692244E-6,    -1.494735E-4
8.641250E+6,    -7.353723E-6,    -1.853108E-4
8.647500E+6,    -5.908310E-6,    -1.785457E-4
8.653750E+6,    -1.215935E-5,    -1.734197E-4
8.660000E+6,    -3.097206E-5,    -1.906827E-4
8.666250E+6,    7.264316E-6,    -1.784861E-4
8.672500E+6,    -9.864569E-6,    -1.599491E-4
8.678750E+6,    -1.136214E-5,    -1.633167E-4
8.685000E+6,    -3.470480E-5,    -1.683012E-4
8.691250E+6,    -6.385148E-6,    -1.717508E-4
8.697500E+6,    -1.602620E-5,    -1.767501E-4
8.703750E+6,    -4.172325E-6,    -1.869276E-4
8.710000E+6,    -9.797513E-6,    -1.784489E-4
8.716250E+6,    -1.087040E-5,    -1.818985E-4
8.722500E+6,    -5.029142E-6,    -1.581609E-4
8.728750E+6,    -2.972037E-5,    -1.662374E-4
8.735000E+6,    -1.832843E-5,    -1.765862E-4
8.741250E+6,    -1.055002E-5,    -2.006292E-4
8.747500E+6,    -1.278520E-5,    -1.816228E-4
8.753750E+6,    -9.231269E-6,    -1.937225E-4
8.760000E+6,    -1.075864E-5,    -1.969561E-4
8.766250E+6,    6.899238E-6,    -1.839921E-4
8.772500E+6,    -6.340444E-6,    -1.767725E-4
8.778750E+6,    -1.955032E-5,    -1.728684E-4
8.785000E+6,    -2.222508E-5,    -1.795590E-4
8.791250E+6,    -7.949769E-6,    -1.801774E-4
8.797500E+6,    -1.285970E-5,    -1.712739E-4
8.803750E+6,    -2.904236E-5,    -1.997948E-4
8.810000E+6,    -2.961606E-5,    -1.740456E-4
8.816250E+6,    -3.037602E-5,    -1.739338E-4
8.822500E+6,    -9.529293E-6,    -1.767799E-4
8.828750E+6,    -9.439886E-6,    -1.766086E-4
8.835000E+6,    -1.304597E-5,    -1.865774E-4
8.841250E+6,    -2.653152E-5,    -2.045706E-4
8.847500E+6,    -1.820177E-5,    -1.780167E-4
8.853750E+6,    -3.878027E-5,    -1.716167E-4
8.860000E+6,    -7.890165E-6,    -1.886413E-4
8.866250E+6,    -1.629442E-5,    -1.897886E-4
8.872500E+6,    -9.350479E-6,    -1.662448E-4
8.878750E+6,    -1.838058E-5,    -1.929551E-4
8.885000E+6,    -3.001094E-5,    -1.821220E-4
8.891250E+6,    -7.048249E-6,    -1.786575E-4
8.897500E+6,    -1.247972E-5,    -1.728386E-4
8.903750E+6,    -1.642853E-5,    -1.830757E-4
8.910000E+6,    -2.361834E-5,    -1.807287E-4
8.916250E+6,    -3.252178E-5,    -1.850799E-4
8.922500E+6,    -5.424023E-6,    -1.684874E-4
8.928750E+6,    -1.713634E-6,    -1.996085E-4
8.935000E+6,    1.432002E-5,    -1.943707E-4
8.941250E+6,    -1.687557E-5,    -1.986101E-4
8.947500E+6,    -3.373623E-5,    -1.816675E-4
8.953750E+6,    -2.858043E-5,    -1.648143E-4
8.960000E+6,    -2.399832E-5,    -1.925081E-4
8.966250E+6,    -1.869351E-5,    -1.981631E-4
8.972500E+6,    -9.164214E-6,    -1.907572E-4
8.978750E+6,    -1.324713E-5,    -2.004281E-4
8.985000E+6,    -1.920760E-5,    -1.948923E-4
8.991250E+6,    -2.475083E-5,    -1.892745E-4
8.997500E+6,    -1.190603E-5,    -1.934916E-4
9.003750E+6,    -2.637506E-5,    -2.110749E-4
9.010000E+6,    -1.219660E-5,    -1.904741E-4
9.016250E+6,    -2.265722E-5,    -1.979321E-4
9.022500E+6,    -2.829731E-5,    -1.920536E-4
9.028750E+6,    -4.477799E-5,    -1.935661E-4
9.035000E+6,    -8.217990E-6,    -1.963228E-4
9.041250E+6,    -2.757460E-5,    -2.076030E-4
9.047500E+6,    -1.157075E-5,    -2.026334E-4
9.053750E+6,    -2.388656E-5,    -1.944005E-4
9.060000E+6,    -1.117587E-5,    -1.992136E-4
9.066250E+6,    -1.066178E-5,    -1.962334E-4
9.072500E+6,    -2.416223E-5,    -1.908019E-4
9.078750E+6,    -1.394004E-5,    -2.026558E-4
9.085000E+6,    -2.261996E-5,    -2.220571E-4
9.091250E+6,    -1.737475E-5,    -2.093017E-4
9.097500E+6,    -2.180785E-5,    -1.998320E-4
9.103750E+6,    -2.242625E-5,    -2.185851E-4
9.110000E+6,    -1.754612E-5,    -2.058968E-4
9.116250E+6,    -2.513826E-5,    -2.219379E-4
9.122500E+6,    -3.006309E-5,    -1.968145E-4
9.128750E+6,    -4.014373E-5,    -2.195090E-4
9.135000E+6,    -3.054738E-7,    -2.140328E-4
9.141250E+6,    -1.252443E-5,    -2.051666E-4
9.147500E+6,    -2.712011E-5,    -2.216697E-4
9.153750E+6,    -2.831966E-5,    -2.059117E-4
9.160000E+6,    -1.731515E-5,    -1.958534E-4
9.166250E+6,    -1.856685E-5,    -2.144128E-4
9.172500E+6,    -3.404915E-5,    -2.155155E-4
9.178750E+6,    -3.930926E-5,    -2.093315E-4
9.185000E+6,    -2.245605E-5,    -1.864061E-4
9.191250E+6,    -4.312396E-5,    -1.965910E-4
9.197500E+6,    -2.272427E-6,    -2.265349E-4
9.203750E+6,    -2.433360E-5,    -2.050772E-4
9.210000E+6,    -9.216368E-6,    -2.203286E-4
9.216250E+6,    -2.987683E-5,    -2.144426E-4
9.222500E+6,    -2.893806E-5,    -2.113581E-4
9.228750E+6,    -2.186745E-5,    -1.954585E-4
9.235000E+6,    -3.126264E-5,    -2.144724E-4
9.241250E+6,    -3.798306E-5,    -2.114177E-4
9.247500E+6,    -2.244860E-5,    -2.111793E-4
9.253750E+6,    -2.344698E-5,    -2.109855E-4
9.260000E+6,    -4.740059E-5,    -2.115965E-4
9.266250E+6,    -4.436076E-5,    -2.207160E-4
9.272500E+6,    -1.320243E-5,    -2.204999E-4
9.278750E+6,    -2.329051E-5,    -2.235323E-4
9.285000E+6,    -3.342330E-5,    -2.108961E-4
9.291250E+6,    -5.583465E-5,    -2.235323E-4
9.297500E+6,    -2.965331E-5,    -2.014115E-4
9.303750E+6,    -2.762675E-5,    -2.265573E-4
9.310000E+6,    -3.837049E-5,    -2.328455E-4
9.316250E+6,    -4.661083E-5,    -2.171993E-4
9.322500E+6,    -5.309284E-5,    -2.136678E-4
9.328750E+6,    -5.409122E-5,    -2.295077E-4
9.335000E+6,    -3.269315E-5,    -2.167225E-4
9.341250E+6,    -3.038347E-5,    -2.421290E-4
9.347500E+6,    -4.225969E-5,    -2.200007E-4
9.353750E+6,    -4.322827E-5,    -2.196580E-4
9.360000E+6,    -2.305210E-5,    -2.105534E-4
9.366250E+6,    -3.588200E-5,    -2.197921E-4
9.372500E+6,    -2.485514E-5,    -2.262741E-4
9.378750E+6,    -4.184246E-5,    -2.131462E-4
9.385000E+6,    -3.287196E-5,    -2.259910E-4
9.391250E+6,    -1.773238E-5,    -2.261251E-4
9.397500E+6,    -2.154708E-5,    -2.325028E-4
9.403750E+6,    -3.230572E-5,    -1.913458E-4
9.410000E+6,    -4.431605E-5,    -2.283454E-4
9.416250E+6,    -4.641712E-5,    -2.155453E-4
9.422500E+6,    -3.781915E-5,    -2.569854E-4
9.428750E+6,    -4.869699E-5,    -2.468228E-4
9.435000E+6,    -2.861023E-5,    -2.383888E-4
9.441250E+6,    -4.181266E-5,    -2.187490E-4
9.447500E+6,    -3.018975E-5,    -2.255738E-4
9.453750E+6,    -3.924966E-5,    -2.123415E-4
9.460000E+6,    -1.633167E-5,    -2.137423E-4
9.466250E+6,    -4.610419E-5,    -2.212524E-4
9.472500E+6,    -2.476573E-5,    -2.542436E-4
9.478750E+6,    -3.319979E-5,    -2.408922E-4
9.485000E+6,    -4.008412E-5,    -2.375841E-4
9.491250E+6,    -2.387166E-5,    -2.510548E-4
9.497500E+6,    -2.929568E-5,    -2.444088E-4
9.503750E+6,    -3.644824E-5,    -2.280474E-4
9.510000E+6,    -4.643202E-5,    -2.305508E-4
9.516250E+6,    -4.243851E-5,    -2.371371E-4
9.522500E+6,    -4.842877E-5,    -2.461672E-4
9.528750E+6,    -5.412102E-5,    -2.267957E-4
9.535000E+6,    -2.697110E-5,    -2.354085E-4
9.541250E+6,    -5.251169E-5,    -2.362728E-4
9.547500E+6,    -5.242229E-5,    -2.485812E-4
9.553750E+6,    -5.942583E-5,    -2.323389E-4
9.560000E+6,    -5.608797E-5,    -2.261698E-4
9.566250E+6,    -3.355742E-5,    -2.407432E-4
9.572500E+6,    -4.693866E-5,    -2.491176E-4
9.578750E+6,    -4.309416E-5,    -2.556741E-4
9.585000E+6,    -2.661347E-5,    -2.542436E-4
9.591250E+6,    -6.097555E-5,    -2.414286E-4
9.597500E+6,    -5.125999E-5,    -2.515614E-4
9.603750E+6,    -5.429983E-5,    -2.416074E-4
9.610000E+6,    -4.532933E-5,    -2.395809E-4
9.616250E+6,    -3.498793E-5,    -2.503395E-4
9.622500E+6,    -1.958013E-5,    -2.519786E-4
9.628750E+6,    -4.410744E-5,    -2.493560E-4
9.635000E+6,    -4.634261E-5,    -2.393425E-4
9.641250E+6,    -5.286932E-5,    -2.605319E-4
9.647500E+6,    -6.097555E-5,    -2.471507E-4
9.653750E+6,    -4.753470E-5,    -2.642274E-4
9.660000E+6,    -4.112720E-5,    -2.651513E-4
9.666250E+6,    -5.310774E-5,    -2.575815E-4
9.672500E+6,    -5.975366E-5,    -2.535880E-4
9.678750E+6,    -6.413460E-5,    -2.591908E-4
9.685000E+6,    -4.473329E-5,    -2.298653E-4
9.691250E+6,    -4.157424E-5,    -2.618730E-4
9.697500E+6,    -4.240870E-5,    -2.492070E-4
9.703750E+6,    -6.443262E-5,    -2.556145E-4
9.710000E+6,    -5.853176E-5,    -2.597272E-4
9.716250E+6,    -7.659197E-5,    -2.602339E-4
9.722500E+6,    -4.869699E-5,    -2.674162E-4
9.728750E+6,    -5.057454E-5,    -2.701581E-4
9.735000E+6,    -6.508827E-5,    -2.650917E-4
9.741250E+6,    -2.816319E-5,    -2.610087E-4
9.747500E+6,    -5.039573E-5,    -2.543926E-4
9.753750E+6,    -6.499887E-5,    -2.615452E-4
9.760000E+6,    -5.567074E-5,    -2.599061E-4
9.766250E+6,    -4.807115E-5,    -2.610385E-4
9.772500E+6,    -4.339218E-5,    -2.551675E-4
9.778750E+6,    -7.468462E-5,    -2.729297E-4
9.785000E+6,    -7.739663E-5,    -2.498925E-4
9.791250E+6,    -7.620454E-5,    -2.592802E-4
9.797500E+6,    -6.678700E-5,    -2.579987E-4
9.803750E+6,    -6.243587E-5,    -2.879202E-4
9.810000E+6,    -3.919005E-5,    -2.790093E-4
9.816250E+6,    -5.894899E-5,    -2.688766E-4
9.822500E+6,    -8.374453E-5,    -2.772808E-4
9.828750E+6,    -3.683567E-5,    -2.729297E-4
9.835000E+6,    -6.973743E-5,    -2.573133E-4
9.841250E+6,    -7.721782E-5,    -2.784729E-4
9.847500E+6,    -6.029010E-5,    -2.786219E-4
9.853750E+6,    -8.594990E-5,    -2.639592E-4
9.860000E+6,    -6.678700E-5,    -2.738833E-4
9.866250E+6,    -7.328391E-5,    -2.695620E-4
9.872500E+6,    -4.976988E-5,    -2.612770E-4
9.878750E+6,    -7.474422E-5,    -2.691448E-4
9.885000E+6,    -5.629659E-5,    -2.790987E-4
9.891250E+6,    -5.480647E-5,    -2.765656E-4
9.897500E+6,    -6.213784E-5,    -2.973378E-4
9.903750E+6,    -7.659197E-5,    -2.911091E-4
9.910000E+6,    -7.206202E-5,    -2.727509E-4
9.916250E+6,    -6.505847E-5,    -2.970397E-4
9.922500E+6,    -5.751848E-5,    -2.756417E-4
9.928750E+6,    -8.320808E-5,    -2.739131E-4
9.935000E+6,    -9.036064E-5,    -2.590716E-4
9.941250E+6,    -7.584691E-5,    -2.848208E-4
9.947500E+6,    -6.222725E-5,    -3.011823E-4
9.953750E+6,    -7.382035E-5,    -2.922714E-4
9.960000E+6,    -6.985664E-5,    -2.861619E-4
9.966250E+6,    -8.216500E-5,    -2.672672E-4
9.972500E+6,    -5.739927E-5,    -3.023744E-4
9.978750E+6,    -8.171797E-5,    -2.868772E-4
9.985000E+6,    -7.218122E-5,    -2.856255E-4
9.991250E+6,    -8.371472E-5,    -3.091097E-4
9.997500E+6,    -8.487701E-5,    -3.084540E-4
1.000375E+7,    -8.931756E-5,    -2.816617E-4
1.001000E+7,    -6.115437E-5,    -3.014803E-4
1.001625E+7,    -5.871058E-5,    -2.989173E-4
1.002250E+7,    -5.933642E-5,    -2.983212E-4
1.002875E+7,    -7.316470E-5,    -2.920926E-4
1.003500E+7,    -7.784367E-5,    -3.170371E-4
1.004125E+7,    -6.660819E-5,    -3.033876E-4
1.004750E+7,    -6.452203E-5,    -3.009140E-4
1.005375E+7,    -8.538365E-5,    -2.922118E-4
1.006000E+7,    -5.969405E-5,    -2.726018E-4
1.006625E+7,    -8.681417E-5,    -2.920032E-4
1.007250E+7,    -7.140636E-5,    -3.055334E-4
1.007875E+7,    -7.447600E-5,    -3.081560E-4
1.008500E+7,    -8.252263E-5,    -3.060699E-4
1.009125E+7,    -9.360909E-5,    -3.160536E-4
1.009750E+7,    -6.741285E-5,    -2.971292E-4
1.010375E+7,    -7.224083E-5,    -3.122389E-4
1.011000E+7,    -7.307529E-5,    -3.123879E-4
1.011625E+7,    -7.310510E-5,    -3.120303E-4
1.012250E+7,    -7.149577E-5,    -3.094971E-4
1.012875E+7,    -8.985400E-5,    -3.073812E-4
1.013500E+7,    -6.541610E-5,    -3.109872E-4
1.014125E+7,    -9.578466E-5,    -3.221333E-4
1.014750E+7,    -6.955862E-5,    -3.131926E-4
1.015375E+7,    -8.526444E-5,    -3.086925E-4
1.016000E+7,    -7.212162E-5,    -3.356636E-4
1.016625E+7,    -8.338690E-5,    -3.059804E-4
1.017250E+7,    -8.624792E-5,    -3.185868E-4
1.017875E+7,    -9.709597E-5,    -3.185570E-4
1.018500E+7,    -9.751320E-5,    -3.382564E-4
1.019125E+7,    -1.065135E-4,    -3.158152E-4
1.019750E+7,    -8.690357E-5,    -3.148913E-4
1.020375E+7,    -9.235740E-5,    -3.102422E-4
1.021000E+7,    -9.262562E-5,    -3.297925E-4
1.021625E+7,    -9.804964E-5,    -3.148913E-4
1.022250E+7,    -9.167194E-5,    -3.369749E-4
1.022875E+7,    -8.472800E-5,    -3.194511E-4
1.023500E+7,    -1.110435E-4,    -3.039837E-4
1.024125E+7,    -1.018643E-4,    -3.239512E-4
1.024750E+7,    -8.216500E-5,    -3.132224E-4
1.025375E+7,    -9.593368E-5,    -3.061593E-4
1.026000E+7,    -9.423494E-5,    -3.131628E-4
1.026625E+7,    -9.366870E-5,    -3.335774E-4
1.027250E+7,    -8.472800E-5,    -3.230572E-4
1.027875E+7,    -8.326769E-5,    -3.305376E-4
1.028500E+7,    -9.876490E-5,    -3.455877E-4
1.029125E+7,    -1.044869E-4,    -3.297329E-4
1.029750E+7,    -1.004040E-4,    -3.345907E-4
1.030375E+7,    -1.063347E-4,    -3.500283E-4
1.031000E+7,    -1.022816E-4,    -3.240705E-4
1.031625E+7,    -1.031458E-4,    -3.541112E-4
1.032250E+7,    -9.360909E-5,    -3.343821E-4
1.032875E+7,    -1.239181E-4,    -3.329515E-4
1.033500E+7,    -9.787083E-5,    -3.565550E-4
1.034125E+7,    -1.031756E-4,    -3.509820E-4
1.034750E+7,    -1.111329E-4,    -3.376305E-4
1.035375E+7,    -1.094341E-4,    -3.356338E-4
1.036000E+7,    -1.019537E-4,    -3.480315E-4
1.036625E+7,    -9.864569E-5,    -3.528297E-4
1.037250E+7,    -1.014173E-4,    -3.453195E-4
1.037875E+7,    -1.064539E-4,    -3.197789E-4
1.038500E+7,    -9.378791E-5,    -3.548861E-4
1.039125E+7,    -1.238585E-4,    -3.811717E-4
1.039750E+7,    -9.378791E-5,    -3.627539E-4
1.040375E+7,    -1.105666E-4,    -3.390908E-4
1.041000E+7,    -1.039803E-4,    -3.516674E-4
1.041625E+7,    -9.599328E-5,    -3.543794E-4
1.042250E+7,    -1.083314E-4,    -3.636479E-4
1.042875E+7,    -1.026690E-4,    -3.665388E-4
1.043500E+7,    -9.444356E-5,    -3.490150E-4
1.044125E+7,    -1.310706E-4,    -3.721118E-4
1.044750E+7,    -1.105070E-4,    -3.802776E-4
1.045375E+7,    -1.131296E-4,    -3.726482E-4
1.046000E+7,    -1.118779E-4,    -3.697574E-4
1.046625E+7,    -1.263618E-4,    -3.638864E-4
1.047250E+7,    -1.226962E-4,    -3.590286E-4
1.047875E+7,    -1.130104E-4,    -3.594458E-4
1.048500E+7,    -1.238585E-4,    -3.963709E-4
1.049125E+7,    -1.082420E-4,    -3.823042E-4
1.049750E+7,    -1.162887E-4,    -3.512800E-4
1.050375E+7,    -1.296401E-4,    -3.874302E-4
1.051000E+7,    -1.178980E-4,    -3.680587E-4
1.051625E+7,    -1.323223E-4,    -3.794432E-4
1.052250E+7,    -1.218915E-4,    -3.978014E-4
1.052875E+7,    -1.305938E-4,    -3.768802E-4
1.053500E+7,    -1.156926E-4,    -3.904104E-4
1.054125E+7,    -1.343489E-4,    -3.683567E-4
1.054750E+7,    -1.197755E-4,    -3.642738E-4
1.055375E+7,    -1.226068E-4,    -4.121065E-4
1.056000E+7,    -1.289248E-4,    -3.712773E-4
1.056625E+7,    -1.302361E-4,    -3.980398E-4
1.057250E+7,    -1.057386E-4,    -4.132390E-4
1.057875E+7,    -1.241565E-4,    -3.910661E-4
1.058500E+7,    -1.207590E-4,    -3.786683E-4
1.059125E+7,    -1.183748E-4,    -4.294515E-4
1.059750E+7,    -1.251101E-4,    -3.802776E-4
1.060375E+7,    -1.198053E-4,    -3.760457E-4
1.061000E+7,    -1.449585E-4,    -3.851652E-4
1.061625E+7,    -1.505017E-4,    -4.149079E-4
1.062250E+7,    -1.394749E-4,    -3.882647E-4
1.062875E+7,    -1.429319E-4,    -4.076958E-4
1.063500E+7,    -1.309514E-4,    -3.885627E-4
1.064125E+7,    -1.421571E-4,    -4.231930E-4
1.064750E+7,    -1.345873E-4,    -4.161596E-4
1.065375E+7,    -1.136661E-4,    -4.083514E-4
1.066000E+7,    -1.202226E-4,    -4.128218E-4
1.066625E+7,    -1.420975E-4,    -4.196167E-4
1.067250E+7,    -1.342893E-4,    -4.132390E-4
1.067875E+7,    -1.500249E-4,    -4.061460E-4
1.068500E+7,    -1.463890E-4,    -4.284382E-4
1.069125E+7,    -1.107454E-4,    -4.369617E-4
1.069750E+7,    -1.578927E-4,    -4.089475E-4
1.070375E+7,    -1.469254E-4,    -4.178286E-4
1.071000E+7,    -1.404285E-4,    -4.113317E-4
1.071625E+7,    -1.581907E-4,    -4.056096E-4
1.072250E+7,    -1.562238E-4,    -4.211068E-4
1.072875E+7,    -1.461506E-4,    -4.125237E-4
1.073500E+7,    -1.527071E-4,    -4.160404E-4
1.074125E+7,    -1.540780E-4,    -4.337430E-4
1.074750E+7,    -1.370907E-4,    -4.388094E-4
1.075375E+7,    -1.594424E-4,    -4.276633E-4
1.076000E+7,    -1.478195E-4,    -4.270673E-4
1.076625E+7,    -1.517534E-4,    -4.464388E-4
1.077250E+7,    -1.561642E-4,    -4.402399E-4
1.077875E+7,    -1.525879E-4,    -4.540086E-4
1.078500E+7,    -1.613498E-4,    -4.418492E-4
1.079125E+7,    -1.432300E-4,    -4.452467E-4
1.079750E+7,    -1.565218E-4,    -4.779696E-4
1.080375E+7,    -1.630783E-4,    -4.562736E-4
1.081000E+7,    -1.664162E-4,    -4.507899E-4
1.081625E+7,    -1.727343E-4,    -4.694462E-4
1.082250E+7,    -1.568198E-4,    -4.495382E-4
1.082875E+7,    -1.702905E-4,    -4.567504E-4
1.083500E+7,    -1.644492E-4,    -4.529357E-4
1.084125E+7,    -1.585484E-4,    -4.567504E-4
1.084750E+7,    -1.789927E-4,    -4.521608E-4
1.085375E+7,    -1.623631E-4,    -4.655719E-4
1.086000E+7,    -1.916289E-4,    -4.497170E-4
1.086625E+7,    -1.554489E-4,    -4.589558E-4
1.087250E+7,    -1.838803E-4,    -4.430413E-4
1.087875E+7,    -1.597404E-4,    -4.683733E-4
1.088500E+7,    -1.488924E-4,    -4.937649E-4
1.089125E+7,    -1.742244E-4,    -4.752874E-4
1.089750E+7,    -1.639128E-4,    -4.597902E-4
1.090375E+7,    -1.773834E-4,    -4.670024E-4
1.091000E+7,    -1.674891E-4,    -4.764795E-4
1.091625E+7,    -1.791716E-4,    -4.839897E-4
1.092250E+7,    -1.887679E-4,    -4.714131E-4
1.092875E+7,    -1.868606E-4,    -4.687905E-4
1.093500E+7,    -1.971126E-4,    -4.823804E-4
1.094125E+7,    -1.823306E-4,    -4.909635E-4
1.094750E+7,    -1.904368E-4,    -5.016923E-4
1.095375E+7,    -1.821518E-4,    -4.956126E-4
1.096000E+7,    -1.746416E-4,    -4.823208E-4
1.096625E+7,    -1.964569E-4,    -5.024672E-4
1.097250E+7,    -1.873970E-4,    -4.963875E-4
1.097875E+7,    -2.017617E-4,    -5.034804E-4
1.098500E+7,    -1.881719E-4,    -4.861951E-4
1.099125E+7,    -1.868606E-4,    -5.094409E-4
1.099750E+7,    -1.823306E-4,    -5.214214E-4
1.100375E+7,    -2.093315E-4,    -5.116463E-4
1.101000E+7,    -1.905560E-4,    -5.165935E-4
1.101625E+7,    -2.232790E-4,    -4.941821E-4
1.102250E+7,    -2.105832E-4,    -5.344748E-4
1.102875E+7,    -1.958609E-4,    -5.167723E-4
1.103500E+7,    -1.899600E-4,    -5.438924E-4
1.104125E+7,    -2.073646E-4,    -4.872680E-4
1.104750E+7,    -1.872182E-4,    -5.241036E-4
1.105375E+7,    -2.132654E-4,    -5.136132E-4
1.106000E+7,    -2.036095E-4,    -5.055070E-4
1.106625E+7,    -2.035499E-4,    -5.140901E-4
1.107250E+7,    -2.123713E-4,    -5.272627E-4
1.107875E+7,    -2.069473E-4,    -5.475283E-4
1.108500E+7,    -2.053976E-4,    -5.295277E-4
1.109125E+7,    -2.077222E-4,    -5.516410E-4
1.109750E+7,    -2.045035E-4,    -5.168319E-4
1.110375E+7,    -2.423525E-4,    -5.449057E-4
1.111000E+7,    -2.117753E-4,    -5.514026E-4
1.111625E+7,    -2.383590E-4,    -5.406141E-4
1.112250E+7,    -2.213120E-4,    -5.645752E-4
1.112875E+7,    -2.404451E-4,    -5.646944E-4
1.113500E+7,    -2.152920E-4,    -5.423427E-4
1.114125E+7,    -2.452731E-4,    -5.579591E-4
1.114750E+7,    -2.349019E-4,    -5.502105E-4
1.115375E+7,    -2.239943E-4,    -5.756021E-4
1.116000E+7,    -2.315640E-4,    -5.725622E-4
1.116625E+7,    -2.357364E-4,    -5.759597E-4
1.117250E+7,    -2.442002E-4,    -5.699992E-4
1.117875E+7,    -2.665520E-4,    -5.803108E-4
1.118500E+7,    -2.571344E-4,    -5.822182E-4
1.119125E+7,    -2.385974E-4,    -6.000996E-4
1.119750E+7,    -2.592802E-4,    -5.860925E-4
1.120375E+7,    -2.611279E-4,    -6.095767E-4
1.121000E+7,    -2.625585E-4,    -6.203651E-4
1.121625E+7,    -2.778172E-4,    -6.362200E-4
1.122250E+7,    -2.874136E-4,    -6.639361E-4
1.122875E+7,    -2.845526E-4,    -7.060766E-4
1.123500E+7,    -2.988577E-4,    -7.923841E-4
1.124125E+7,    -2.825260E-4,    -7.386208E-4
1.124750E+7,    -3.196001E-4,    -7.542372E-4
1.125375E+7,    -3.113747E-4,    -7.468462E-4
1.126000E+7,    -2.920628E-4,    -7.472038E-4
1.126625E+7,    -2.771616E-4,    -7.355213E-4
1.127250E+7,    -3.187656E-4,    -8.058548E-4
1.127875E+7,    -3.304482E-4,    -7.203817E-4
1.128500E+7,    -3.242493E-4,    -7.703304E-4
1.129125E+7,    -2.967119E-4,    -7.313490E-4
1.129750E+7,    -2.884865E-4,    -6.698370E-4
1.130375E+7,    -3.054142E-4,    -7.007122E-4
1.131000E+7,    -3.221035E-4,    -7.116795E-4
1.131625E+7,    -2.888441E-4,    -7.338524E-4
1.132250E+7,    -3.114939E-4,    -7.961988E-4
1.132875E+7,    -3.156662E-4,    -7.456541E-4
1.133500E+7,    -2.955198E-4,    -7.512569E-4
1.134125E+7,    -3.103018E-4,    -7.233620E-4
1.134750E+7,    -3.263950E-4,    -7.359982E-4
1.135375E+7,    -3.087521E-4,    -7.205009E-4
1.136000E+7,    -3.176928E-4,    -7.141829E-4
1.136625E+7,    -3.461838E-4,    -7.497072E-4
1.137250E+7,    -3.420115E-4,    -7.386208E-4
1.137875E+7,    -3.552437E-4,    -7.741451E-4
1.138500E+7,    -3.618002E-4,    -7.586479E-4
1.139125E+7,    -3.360510E-4,    -7.635355E-4
1.139750E+7,    -3.330708E-4,    -7.661581E-4
1.140375E+7,    -3.236532E-4,    -7.357597E-4
1.141000E+7,    -3.303289E-4,    -7.067919E-4
1.141625E+7,    -3.422499E-4,    -7.339716E-4
1.142250E+7,    -3.317595E-4,    -7.431507E-4
1.142875E+7,    -3.461838E-4,    -7.959604E-4
1.143500E+7,    -3.350973E-4,    -7.570982E-4
1.144125E+7,    -3.643036E-4,    -7.644892E-4
1.144750E+7,    -3.610849E-4,    -8.201599E-4
1.145375E+7,    -3.682375E-4,    -8.447170E-4
1.146000E+7,    -3.983974E-4,    -8.217096E-4
1.146625E+7,    -4.202127E-4,    -8.740425E-4
1.147250E+7,    -3.725290E-4,    -8.435249E-4
1.147875E+7,    -3.949404E-4,    -8.122921E-4
1.148500E+7,    -3.937483E-4,    -8.195639E-4
1.149125E+7,    -4.380941E-4,    -9.262562E-4
1.149750E+7,    -4.223585E-4,    -9.479523E-4
1.150375E+7,    -4.035234E-4,    -9.433031E-4
1.151000E+7,    -4.507303E-4,    -9.378195E-4
1.151625E+7,    -4.189014E-4,    -9.610653E-4
1.152250E+7,    -4.038811E-4,    -9.214878E-4
1.152875E+7,    -4.200935E-4,    -9.081364E-4
1.153500E+7,    -4.184246E-4,    -8.354187E-4
1.154125E+7,    -4.581213E-4,    -9.443760E-4
1.154750E+7,    -4.267693E-4,    -9.756088E-4
1.155375E+7,    -4.422665E-4,    -9.356737E-4
1.156000E+7,    -4.328489E-4,    -1.120329E-3
1.156625E+7,    -4.363060E-4,    -1.076102E-3
1.157250E+7,    -4.550219E-4,    -1.089573E-3
1.157875E+7,    -5.502701E-4,    -1.089573E-3
1.158500E+7,    -5.116463E-4,    -1.208186E-3
1.159125E+7,    -4.638433E-4,    -1.066208E-3
1.159750E+7,    -4.127026E-4,    -1.089931E-3
1.160375E+7,    -4.960299E-4,    -1.139641E-3
1.161000E+7,    -4.696846E-4,    -1.152635E-3
1.161625E+7,    -5.471706E-4,    -1.208663E-3
1.162250E+7,    -5.518198E-4,    -1.302838E-3
1.162875E+7,    -5.257130E-4,    -1.574516E-3
1.163500E+7,    -4.076958E-4,    -1.706123E-3
1.164125E+7,    -1.680851E-4,    -1.960516E-3
1.164750E+7,    2.458096E-4,    -2.154112E-3
1.165375E+7,    -1.454353E-5,    -2.068043E-3
1.166000E+7,    4.155636E-4,    -2.028704E-3
1.166625E+7,    9.393692E-4,    -2.048016E-3
1.167250E+7,    1.117468E-3,    -1.822948E-3
1.167875E+7,    1.065969E-3,    -1.856565E-3
1.168500E+7,    1.137614E-3,    -1.840711E-3
1.169125E+7,    1.084208E-3,    -1.880288E-3
1.169750E+7,    1.062155E-3,    -1.879215E-3
1.170375E+7,    1.085758E-3,    -1.967192E-3
1.171000E+7,    1.095414E-3,    -1.939058E-3
1.171625E+7,    1.095057E-3,    -1.976967E-3
1.172250E+7,    1.118779E-3,    -1.952648E-3
1.172875E+7,    1.137495E-3,    -1.980543E-3
1.173500E+7,    1.178741E-3,    -1.969814E-3
1.174125E+7,    1.159668E-3,    -2.018929E-3
1.174750E+7,    1.156092E-3,    -2.014875E-3
1.175375E+7,    1.199722E-3,    -2.072096E-3
1.176000E+7,    1.145124E-3,    -2.033472E-3
1.176625E+7,    1.131058E-3,    -2.117634E-3
1.177250E+7,    1.204491E-3,    -2.089739E-3
1.177875E+7,    1.174212E-3,    -2.118826E-3
1.178500E+7,    1.205683E-3,    -2.130270E-3
1.179125E+7,    1.238585E-3,    -2.170324E-3
1.179750E+7,    1.208544E-3,    -2.195835E-3
1.180375E+7,    1.145601E-3,    -2.146959E-3
1.181000E+7,    1.161575E-3,    -2.171755E-3
1.181625E+7,    1.141548E-3,    -2.196074E-3
1.182250E+7,    1.188517E-3,    -2.285480E-3
1.182875E+7,    1.178026E-3,    -2.326012E-3
1.183500E+7,    1.240015E-3,    -2.289295E-3
1.184125E+7,    1.214504E-3,    -2.311945E-3
1.184750E+7,    1.268387E-3,    -2.347708E-3
1.185375E+7,    1.235723E-3,    -2.382994E-3
1.186000E+7,    1.236677E-3,    -2.367735E-3
1.186625E+7,    1.280069E-3,    -2.430677E-3
1.187250E+7,    1.259089E-3,    -2.381325E-3
1.187875E+7,    1.325846E-3,    -2.408504E-3
1.188500E+7,    1.289129E-3,    -2.465487E-3
1.189125E+7,    1.289129E-3,    -2.492428E-3
1.189750E+7,    1.340389E-3,    -2.529860E-3
1.190375E+7,    1.351595E-3,    -2.527714E-3
1.191000E+7,    1.330853E-3,    -2.518892E-3
1.191625E+7,    1.363516E-3,    -2.543211E-3
1.192250E+7,    1.347303E-3,    -2.579689E-3
1.192875E+7,    1.315594E-3,    -2.629757E-3
1.193500E+7,    1.359463E-3,    -2.598047E-3
1.194125E+7,    1.378536E-3,    -2.625227E-3
1.194750E+7,    1.348019E-3,    -2.639532E-3
1.195375E+7,    1.332283E-3,    -2.664804E-3
1.196000E+7,    1.387358E-3,    -2.722025E-3
1.196625E+7,    1.386166E-3,    -2.758265E-3
1.197250E+7,    1.387119E-3,    -2.769470E-3
1.197875E+7,    1.347542E-3,    -2.747774E-3
1.198500E+7,    1.421452E-3,    -2.790928E-3
1.199125E+7,    1.382113E-3,    -2.851009E-3
1.199750E+7,    1.341343E-3,    -2.872944E-3
1.200375E+7,    1.375198E-3,    -2.930403E-3
1.201000E+7,    1.420498E-3,    -2.944231E-3
1.201625E+7,    1.357555E-3,    -2.952814E-3
1.202250E+7,    1.384735E-3,    -2.974033E-3
1.202875E+7,    1.376152E-3,    -3.009558E-3
1.203500E+7,    1.367092E-3,    -2.978802E-3
1.204125E+7,    1.362562E-3,    -2.999544E-3
1.204750E+7,    1.405478E-3,    -3.018618E-3
1.205375E+7,    1.451969E-3,    -3.044367E-3
1.206000E+7,    1.388311E-3,    -2.974033E-3
1.206625E+7,    1.449585E-3,    -3.126144E-3
1.207250E+7,    1.487494E-3,    -3.253937E-3
1.207875E+7,    1.448631E-3,    -3.161192E-3
1.208500E+7,    1.441717E-3,    -3.092289E-3
1.209125E+7,    1.408339E-3,    -3.168106E-3
1.209750E+7,    1.449823E-3,    -3.174067E-3
1.210375E+7,    1.418114E-3,    -3.251791E-3
1.211000E+7,    1.469374E-3,    -3.264189E-3
1.211625E+7,    1.450062E-3,    -3.315926E-3
1.212250E+7,    1.480579E-3,    -3.331661E-3
1.212875E+7,    1.484632E-3,    -3.380537E-3
1.213500E+7,    1.445770E-3,    -3.420591E-3
1.214125E+7,    1.517773E-3,    -3.405333E-3
1.214750E+7,    1.511812E-3,    -3.407240E-3
1.215375E+7,    1.499176E-3,    -3.454447E-3
1.216000E+7,    1.538038E-3,    -3.489017E-3
1.216625E+7,    1.549482E-3,    -3.583670E-3
1.217250E+7,    1.528263E-3,    -3.548622E-3
1.217875E+7,    1.546383E-3,    -3.593445E-3
1.218500E+7,    1.561165E-3,    -3.653288E-3
1.219125E+7,    1.576185E-3,    -3.705978E-3
1.219750E+7,    1.609325E-3,    -3.720999E-3
1.220375E+7,    1.567364E-3,    -3.773451E-3
1.221000E+7,    1.648664E-3,    -3.815889E-3
1.221625E+7,    1.635551E-3,    -3.864050E-3
1.222250E+7,    1.677990E-3,    -3.901005E-3
1.222875E+7,    1.638651E-3,    -3.895044E-3
1.223500E+7,    1.662254E-3,    -4.043102E-3
1.224125E+7,    1.677036E-3,    -4.001141E-3
1.224750E+7,    1.722813E-3,    -4.034519E-3
1.225375E+7,    1.666546E-3,    -4.105568E-3
1.226000E+7,    1.688480E-3,    -4.130840E-3
1.226625E+7,    1.694202E-3,    -4.159927E-3
1.227250E+7,    1.739979E-3,    -4.184723E-3
1.227875E+7,    1.765728E-3,    -4.333496E-3
1.228500E+7,    1.771927E-3,    -4.303455E-3
1.229125E+7,    1.801968E-3,    -4.431725E-3
1.229750E+7,    1.835823E-3,    -4.409313E-3
1.230375E+7,    1.842499E-3,    -4.498959E-3
1.231000E+7,    1.810074E-3,    -4.548073E-3
1.231625E+7,    1.858234E-3,    -4.598141E-3
1.232250E+7,    1.893044E-3,    -4.663944E-3
1.232875E+7,    1.851082E-3,    -4.677296E-3
1.233500E+7,    1.902103E-3,    -4.725456E-3
1.234125E+7,    1.896858E-3,    -4.765034E-3
1.234750E+7,    1.927853E-3,    -4.877090E-3
1.235375E+7,    1.957893E-3,    -4.893303E-3
1.236000E+7,    1.986504E-3,    -4.940033E-3
1.236625E+7,    1.913071E-3,    -5.002499E-3
1.237250E+7,    1.999378E-3,    -5.071640E-3
1.237875E+7,    1.991749E-3,    -5.164146E-3
1.238500E+7,    2.041817E-3,    -5.211830E-3
1.239125E+7,    1.995087E-3,    -5.325317E-3
1.239750E+7,    2.013206E-3,    -5.319595E-3
1.240375E+7,    2.066135E-3,    -5.397797E-3
1.241000E+7,    2.126217E-3,    -5.457401E-3
1.241625E+7,    2.145767E-3,    -5.577087E-3
1.242250E+7,    2.177715E-3,    -5.580902E-3
1.242875E+7,    2.144337E-3,    -5.691528E-3
1.243500E+7,    2.196312E-3,    -5.800724E-3
1.244125E+7,    2.198219E-3,    -5.882740E-3
1.244750E+7,    2.214909E-3,    -5.959511E-3
1.245375E+7,    2.292633E-3,    -6.014347E-3
1.246000E+7,    2.359390E-3,    -6.126404E-3
1.246625E+7,    2.352238E-3,    -6.203651E-3
1.247250E+7,    2.363205E-3,    -6.261349E-3
1.247875E+7,    2.394676E-3,    -6.341934E-3
1.248500E+7,    2.471447E-3,    -6.393433E-3
1.249125E+7,    2.491474E-3,    -6.555557E-3
1.249750E+7,    2.533913E-3,    -6.597519E-3
1.250375E+7,    2.510548E-3,    -6.761551E-3
1.251000E+7,    2.553463E-3,    -6.826878E-3
1.251625E+7,    2.594471E-3,    -6.922245E-3
1.252250E+7,    2.583027E-3,    -6.986618E-3
1.252875E+7,    2.626896E-3,    -7.121563E-3
1.253500E+7,    2.725601E-3,    -7.236481E-3
1.254125E+7,    2.708435E-3,    -7.273197E-3
1.254750E+7,    2.760410E-3,    -7.404804E-3
1.255375E+7,    2.815723E-3,    -7.536888E-3
1.256000E+7,    2.796173E-3,    -7.650375E-3
1.256625E+7,    2.810478E-3,    -7.776737E-3
1.257250E+7,    2.909660E-3,    -7.863045E-3
1.257875E+7,    2.968788E-3,    -7.972717E-3
1.258500E+7,    3.065109E-3,    -8.109093E-3
1.259125E+7,    3.026009E-3,    -8.275032E-3
1.259750E+7,    3.042221E-3,    -8.387566E-3
1.260375E+7,    3.066063E-3,    -8.536339E-3
1.261000E+7,    3.073692E-3,    -8.697510E-3
1.261625E+7,    3.141403E-3,    -8.932114E-3
1.262250E+7,    3.244400E-3,    -8.954048E-3
1.262875E+7,    2.977371E-3,    -9.495735E-3
1.263500E+7,    3.315926E-3,    -9.175301E-3
1.264125E+7,    3.365517E-3,    -9.440422E-3
1.264750E+7,    3.438950E-3,    -9.727478E-3
1.265375E+7,    3.510475E-3,    -9.737015E-3
1.266000E+7,    3.428459E-3,    -1.010036E-2
1.266625E+7,    3.479004E-3,    -1.014900E-2
1.267250E+7,    1.232147E-3,    -1.107597E-2
1.267875E+7,    2.287865E-3,    -1.114273E-2
1.268500E+7,    1.242638E-3,    -1.175880E-2
1.269125E+7,    2.606392E-3,    -1.165581E-2
1.269750E+7,    3.787041E-3,    -1.092911E-2
1.270375E+7,    5.340576E-5,    -1.142502E-2
1.271000E+7,    1.267433E-3,    -1.320457E-2
1.271625E+7,    4.031181E-3,    -1.167870E-2
1.272250E+7,    4.048347E-3,    -1.193333E-2
1.272875E+7,    4.146576E-3,    -1.220226E-2
1.273500E+7,    4.009247E-3,    -1.268768E-2
1.274125E+7,    4.221916E-3,    -1.287556E-2
1.274750E+7,    4.200459E-3,    -1.325417E-2
1.275375E+7,    4.392147E-3,    -1.318169E-2
1.276000E+7,    3.681183E-3,    -1.376724E-2
1.276625E+7,    1.966476E-3,    -1.427555E-2
1.277250E+7,    -2.626419E-3,    -1.053858E-2
1.277875E+7,    -4.111290E-3,    -1.323223E-2
1.278500E+7,    -2.006531E-3,    -1.571751E-2
1.279125E+7,    1.611710E-4,    -1.662827E-2
1.279750E+7,    3.591537E-3,    -1.568699E-2
1.280375E+7,    -1.744270E-3,    -1.528835E-2
1.281000E+7,    -5.792618E-3,    -1.312351E-2
1.281625E+7,    -4.719734E-3,    -1.763821E-2
1.282250E+7,    -5.137444E-3,    -1.757240E-2
1.282875E+7,    1.364708E-3,    -1.817417E-2
1.283500E+7,    -7.498741E-3,    -1.540756E-2
1.284125E+7,    4.850388E-3,    -1.976109E-2
1.284750E+7,    5.551338E-3,    -1.955986E-2
1.285375E+7,    4.195213E-3,    -2.076721E-2
1.286000E+7,    4.227638E-3,    -2.080154E-2
1.286625E+7,    4.170418E-3,    -2.194786E-2
1.287250E+7,    4.993439E-3,    -2.210808E-2
1.287875E+7,    6.080627E-3,    -2.172279E-2
1.288500E+7,    4.862785E-3,    -2.216339E-2
1.289125E+7,    3.222466E-3,    -2.449608E-2
1.289750E+7,    -2.956390E-5,    -2.490234E-2
1.290375E+7,    4.219055E-3,    -2.442360E-2
1.291000E+7,    2.472878E-3,    -2.556896E-2
1.291625E+7,    1.195908E-3,    -2.734852E-2
1.292250E+7,    -1.863480E-3,    -2.433109E-2
1.292875E+7,    5.149841E-5,    -2.715969E-2
1.293500E+7,    -1.069641E-2,    -2.287865E-2
1.294125E+7,    -7.444382E-3,    -2.560234E-2
1.294750E+7,    -1.060772E-2,    -1.998997E-2
1.295375E+7,    -1.075649E-2,    -1.319504E-2
1.296000E+7,    -9.378433E-3,    -1.010418E-2
1.296625E+7,    -9.246826E-3,    -9.672165E-3
1.297250E+7,    -9.623528E-3,    -1.000595E-2
1.297875E+7,    -9.866714E-3,    -1.020622E-2
1.298500E+7,    -1.014996E-2,    -1.040649E-2
1.299125E+7,    -1.049900E-2,    -1.060772E-2
1.299750E+7,    -1.081085E-2,    -1.089287E-2
1.300375E+7,    -1.120663E-2,    -1.115131E-2
1.301000E+7,    -1.162148E-2,    -1.149082E-2
1.301625E+7,    -1.201725E-2,    -1.172829E-2
1.302250E+7,    -1.246548E-2,    -1.212883E-2
1.302875E+7,    -1.292515E-2,    -1.241684E-2
1.303500E+7,    -1.343441E-2,    -1.277924E-2
1.304125E+7,    -1.391315E-2,    -1.305866E-2
1.304750E+7,    -1.446152E-2,    -1.348686E-2
1.305375E+7,    -1.501656E-2,    -1.381874E-2
1.306000E+7,    -1.556301E-2,    -1.419926E-2
1.306625E+7,    -1.627731E-2,    -1.459789E-2
1.307250E+7,    -1.692963E-2,    -1.508141E-2
1.307875E+7,    -1.776695E-2,    -1.558876E-2
1.308500E+7,    -1.854706E-2,    -1.604271E-2
1.309125E+7,    -1.942062E-2,    -1.658821E-2
1.309750E+7,    -2.024460E-2,    -1.702690E-2
1.310375E+7,    -2.121544E-2,    -1.753426E-2
1.311000E+7,    -2.219772E-2,    -1.812935E-2
1.311625E+7,    -2.327347E-2,    -1.865005E-2
1.312250E+7,    -2.456856E-2,    -1.933098E-2
1.312875E+7,    -2.589417E-2,    -2.002144E-2
1.313500E+7,    -2.727509E-2,    -2.070618E-2
1.314125E+7,    -2.867508E-2,    -2.133179E-2
1.314750E+7,    -3.036690E-2,    -2.210426E-2
1.315375E+7,    -3.250694E-2,    -2.306366E-2
1.316000E+7,    -3.445053E-2,    -2.391624E-2
1.316625E+7,    -3.651619E-2,    -2.479362E-2
1.317250E+7,    -3.855133E-2,    -2.532959E-2
1.317875E+7,    -4.116058E-2,    -2.628708E-2
1.318500E+7,    -4.381943E-2,    -2.720261E-2
1.319125E+7,    -4.712677E-2,    -2.811813E-2
1.319750E+7,    -4.976654E-2,    -2.871323E-2
1.320375E+7,    -5.340958E-2,    -2.942657E-2
1.321000E+7,    -5.784988E-2,    -3.059769E-2
1.321625E+7,    -6.143570E-2,    -3.084183E-2
1.322250E+7,    -6.618500E-2,    -3.144073E-2
1.322875E+7,    -7.211685E-2,    -3.207779E-2
1.323500E+7,    -7.885361E-2,    -3.236771E-2
1.324125E+7,    -8.661270E-2,    -3.267670E-2
1.324750E+7,    -9.629440E-2,    -3.283310E-2
1.325375E+7,    -1.069794E-1,    -3.255463E-2
1.326000E+7,    -1.163483E-1,    -3.025055E-2
1.326625E+7,    -1.279144E-1,    -2.722931E-2
1.327250E+7,    -1.413879E-1,    -2.294159E-2
1.327875E+7,    -1.568909E-1,    -1.602936E-2
1.328500E+7,    -1.712341E-1,    -6.675720E-3
1.329125E+7,    -1.906204E-1,    6.248474E-3
1.329750E+7,    -2.065277E-1,    2.330780E-2
1.330375E+7,    -2.202606E-1,    4.703522E-2
1.331000E+7,    -2.386017E-1,    7.849121E-2
1.331625E+7,    -2.468567E-1,    1.125565E-1
1.332250E+7,    -2.514954E-1,    1.567230E-1
1.332875E+7,    -2.333832E-1,    1.909027E-1
1.333500E+7,    -2.043076E-1,    2.249680E-1
1.334125E+7,    -1.730194E-1,    2.513733E-1
1.334750E+7,    -1.356812E-1,    2.714996E-1
1.335375E+7,    -1.000366E-1,    2.867737E-1
1.336000E+7,    -6.631470E-2,    2.873840E-1
1.336625E+7,    -3.213501E-2,    2.808838E-1
1.337250E+7,    -6.958008E-3,    2.766724E-1
1.337875E+7,    1.629639E-2,    2.637329E-1
1.338500E+7,    3.448486E-2,    2.504272E-1
1.339125E+7,    5.068970E-2,    2.424011E-1
1.339750E+7,    6.222534E-2,    2.293091E-1
1.340375E+7,    7.247925E-2,    2.170105E-1
1.341000E+7,    8.129883E-2,    2.071228E-1
1.341625E+7,    8.944702E-2,    2.002869E-1
1.342250E+7,    9.622192E-2,    1.914673E-1
1.342875E+7,    1.036377E-1,    1.854858E-1
1.343500E+7,    1.108398E-1,    1.799164E-1
1.344125E+7,    1.152649E-1,    1.721344E-1
1.344750E+7,    1.219635E-1,    1.673126E-1
1.345375E+7,    1.277771E-1,    1.623688E-1
1.346000E+7,    1.340332E-1,    1.566925E-1
1.346625E+7,    1.415100E-1,    1.534729E-1
1.347250E+7,    1.503601E-1,    1.502533E-1
1.347875E+7,    1.569824E-1,    1.447601E-1
1.348500E+7,    1.642761E-1,    1.379089E-1
1.349125E+7,    1.728210E-1,    1.323547E-1
1.349750E+7,    1.827850E-1,    1.265717E-1
1.350375E+7,    1.949005E-1,    1.207581E-1
1.351000E+7,    2.053680E-1,    1.117096E-1
1.351625E+7,    2.164001E-1,    1.009979E-1
1.352250E+7,    2.288055E-1,    8.865356E-2
1.352875E+7,    2.409973E-1,    7.415771E-2
1.353500E+7,    2.535248E-1,    5.651855E-2
1.354125E+7,    2.641449E-1,    3.486633E-2
1.354750E+7,    2.719421E-1,    9.536743E-3
1.355375E+7,    2.758789E-1,    -1.834106E-2
1.356000E+7,    2.747192E-1,    -4.873657E-2
1.356625E+7,    2.669373E-1,    -7.928467E-2
1.357250E+7,    2.519531E-1,    -1.084747E-1
1.357875E+7,    2.324829E-1,    -1.345978E-1
1.358500E+7,    2.081451E-1,    -1.545105E-1
1.359125E+7,    1.810303E-1,    -1.692200E-1
1.359750E+7,    1.545258E-1,    -1.767883E-1
1.360375E+7,    1.284027E-1,    -1.796875E-1
1.361000E+7,    1.046906E-1,    -1.779785E-1
1.361625E+7,    8.447266E-2,    -1.729431E-1
1.362250E+7,    6.690979E-2,    -1.663971E-1
1.362875E+7,    5.201721E-2,    -1.590576E-1
1.363500E+7,    4.020691E-2,    -1.504974E-1
1.364125E+7,    3.019714E-2,    -1.421356E-1
1.364750E+7,    2.166748E-2,    -1.337280E-1
1.365375E+7,    1.478577E-2,    -1.262207E-1
1.366000E+7,    9.544373E-3,    -1.185074E-1
1.366625E+7,    4.882812E-3,    -1.118851E-1
1.367250E+7,    1.235962E-3,    -1.051102E-1
1.367875E+7,    -1.823425E-3,    -9.965515E-2
1.368500E+7,    -4.211426E-3,    -9.370422E-2
1.369125E+7,    -6.126404E-3,    -8.847046E-2
1.369750E+7,    -7.919312E-3,    -8.350372E-2
1.370375E+7,    -9.056091E-3,    -7.913208E-2
1.371000E+7,    -1.020813E-2,    -7.508850E-2
1.371625E+7,    -1.088715E-2,    -7.144928E-2
1.372250E+7,    -1.168823E-2,    -6.806946E-2
1.372875E+7,    -1.223755E-2,    -6.495667E-2
1.373500E+7,    -1.268768E-2,    -6.203461E-2
1.374125E+7,    -1.295471E-2,    -5.925751E-2
1.374750E+7,    -1.326752E-2,    -5.677032E-2
1.375375E+7,    -1.353455E-2,    -5.441284E-2
1.376000E+7,    -1.364899E-2,    -5.229950E-2
1.376625E+7,    -1.372528E-2,    -5.019379E-2
1.377250E+7,    -1.388931E-2,    -4.832840E-2
1.377875E+7,    -1.388550E-2,    -4.662704E-2
1.378500E+7,    -1.389313E-2,    -4.497910E-2
1.379125E+7,    -1.384354E-2,    -4.344559E-2
1.379750E+7,    -1.391602E-2,    -4.196930E-2
1.380375E+7,    -1.384735E-2,    -4.062653E-2
1.381000E+7,    -1.377487E-2,    -3.933716E-2
1.381625E+7,    -1.371765E-2,    -3.817368E-2
1.382250E+7,    -1.367187E-2,    -3.706360E-2
1.382875E+7,    -1.363754E-2,    -3.601837E-2
1.383500E+7,    -1.364136E-2,    -3.504562E-2
1.384125E+7,    -1.353455E-2,    -3.408813E-2
1.384750E+7,    -1.348114E-2,    -3.324127E-2
1.385375E+7,    -1.344681E-2,    -3.242111E-2
1.386000E+7,    -1.335526E-2,    -3.161240E-2
1.386625E+7,    -1.337051E-2,    -3.087997E-2
1.387250E+7,    -1.325226E-2,    -3.023529E-2
1.387875E+7,    -1.319504E-2,    -2.955246E-2
1.388500E+7,    -1.317215E-2,    -2.897644E-2
1.389125E+7,    -1.314163E-2,    -2.844620E-2
1.389750E+7,    -1.305771E-2,    -2.784729E-2
1.390375E+7,    -1.307678E-2,    -2.735138E-2
1.391000E+7,    -1.298904E-2,    -2.688599E-2
1.391625E+7,    -1.301956E-2,    -2.642059E-2
1.392250E+7,    -1.305389E-2,    -2.597809E-2
1.392875E+7,    -1.301193E-2,    -2.558136E-2
1.393500E+7,    -1.303101E-2,    -2.528763E-2
1.394125E+7,    -1.304817E-2,    -2.492905E-2
1.394750E+7,    -1.306725E-2,    -2.461243E-2
1.395375E+7,    -1.311684E-2,    -2.432442E-2
1.396000E+7,    -1.316071E-2,    -2.406693E-2
1.396625E+7,    -1.325417E-2,    -2.382088E-2
1.397250E+7,    -1.328659E-2,    -2.360153E-2
1.397875E+7,    -1.336288E-2,    -2.337456E-2
1.398500E+7,    -1.344490E-2,    -2.322006E-2
1.399125E+7,    -1.360893E-2,    -2.306175E-2
1.399750E+7,    -1.366997E-2,    -2.290535E-2
1.400375E+7,    -1.383781E-2,    -2.280045E-2
1.401000E+7,    -1.401711E-2,    -2.275085E-2
1.401625E+7,    -1.418877E-2,    -2.264786E-2
1.402250E+7,    -1.437569E-2,    -2.262306E-2
1.402875E+7,    -1.460648E-2,    -2.259636E-2
1.403500E+7,    -1.487923E-2,    -2.257919E-2
1.404125E+7,    -1.512337E-2,    -2.265167E-2
1.404750E+7,    -1.540565E-2,    -2.272797E-2
1.405375E+7,    -1.579666E-2,    -2.278328E-2
1.406000E+7,    -1.616478E-2,    -2.288818E-2
1.406625E+7,    -1.658058E-2,    -2.301788E-2
1.407250E+7,    -1.709175E-2,    -2.317047E-2
1.407875E+7,    -1.764107E-2,    -2.334023E-2
1.408500E+7,    -1.823997E-2,    -2.361870E-2
1.409125E+7,    -1.892662E-2,    -2.388573E-2
1.409750E+7,    -1.964378E-2,    -2.415085E-2
1.410375E+7,    -2.052689E-2,    -2.448845E-2
1.411000E+7,    -2.155113E-2,    -2.485657E-2
1.411625E+7,    -2.261734E-2,    -2.528572E-2
1.412250E+7,    -2.395439E-2,    -2.573586E-2
1.412875E+7,    -2.548027E-2,    -2.614784E-2
1.413500E+7,    -2.718163E-2,    -2.672768E-2
1.414125E+7,    -2.925682E-2,    -2.716446E-2
1.414750E+7,    -3.168678E-2,    -2.764511E-2
1.415375E+7,    -3.466225E-2,    -2.812767E-2
1.416000E+7,    -3.807449E-2,    -2.830124E-2
1.416625E+7,    -4.234695E-2,    -2.824402E-2
1.417250E+7,    -4.745865E-2,    -2.762985E-2
1.417875E+7,    -5.364609E-2,    -2.617645E-2
1.418500E+7,    -6.095505E-2,    -2.306747E-2
1.419125E+7,    -6.930542E-2,    -1.746368E-2
1.419750E+7,    -7.764816E-2,    -8.144379E-3
1.420375E+7,    -8.373642E-2,    6.061554E-3
1.421000E+7,    -8.440781E-2,    2.422714E-2
1.421625E+7,    -7.674789E-2,    4.264069E-2
1.422250E+7,    -6.196213E-2,    5.619431E-2
1.422875E+7,    -4.479599E-2,    6.150055E-2
1.423500E+7,    -2.963257E-2,    6.047058E-2
1.424125E+7,    -1.819611E-2,    5.596542E-2
1.424750E+7,    -1.038742E-2,    5.023575E-2
1.425375E+7,    -5.058289E-3,    4.455185E-2
1.426000E+7,    -1.625061E-3,    3.935623E-2
1.426625E+7,    5.226135E-4,    3.490448E-2
1.427250E+7,    2.037048E-3,    3.100586E-2
1.427875E+7,    2.928734E-3,    2.773285E-2
1.428500E+7,    3.512383E-3,    2.489281E-2
1.429125E+7,    3.889084E-3,    2.250862E-2
1.429750E+7,    4.064560E-3,    2.040195E-2
1.430375E+7,    4.159927E-3,    1.860523E-2
1.431000E+7,    4.132271E-3,    1.700401E-2
1.431625E+7,    4.104614E-3,    1.563263E-2
1.432250E+7,    4.063606E-3,    1.441574E-2
1.432875E+7,    3.925323E-3,    1.327610E-2
1.433500E+7,    3.825188E-3,    1.232719E-2
1.434125E+7,    3.696442E-3,    1.144981E-2
1.434750E+7,    3.594398E-3,    1.067686E-2
1.435375E+7,    3.473282E-3,    9.968281E-3
1.436000E+7,    3.362656E-3,    9.309292E-3
1.436625E+7,    3.234386E-3,    8.707047E-3
1.437250E+7,    3.111839E-3,    8.208275E-3
1.437875E+7,    2.991199E-3,    7.721901E-3
1.438500E+7,    2.898216E-3,    7.266045E-3
1.439125E+7,    2.780437E-3,    6.875992E-3
1.439750E+7,    2.669334E-3,    6.488800E-3
1.440375E+7,    2.551556E-3,    6.146908E-3
1.441000E+7,    2.475739E-3,    5.796909E-3
1.441625E+7,    2.359390E-3,    5.495548E-3
1.442250E+7,    2.285480E-3,    5.232811E-3
1.442875E+7,    2.187252E-3,    4.951715E-3
1.443500E+7,    2.132893E-3,    4.713058E-3
1.444125E+7,    2.033710E-3,    4.488230E-3
1.444750E+7,    1.951694E-3,    4.261971E-3
1.445375E+7,    1.900911E-3,    4.066944E-3
1.446000E+7,    1.842737E-3,    3.923655E-3
1.446625E+7,    1.769304E-3,    3.719330E-3
1.447250E+7,    1.703739E-3,    3.561258E-3
1.447875E+7,    1.636267E-3,    3.391504E-3
1.448500E+7,    1.596212E-3,    3.266811E-3
1.449125E+7,    1.547575E-3,    3.121376E-3
1.449750E+7,    1.482725E-3,    2.978802E-3
1.450375E+7,    1.435518E-3,    2.852201E-3
1.451000E+7,    1.394510E-3,    2.738953E-3
1.451625E+7,    1.348853E-3,    2.625823E-3
1.452250E+7,    1.321912E-3,    2.537131E-3
1.452875E+7,    1.258969E-3,    2.457500E-3
1.453500E+7,    1.215458E-3,    2.342343E-3
1.454125E+7,    1.195192E-3,    2.261996E-3
1.454750E+7,    1.155853E-3,    2.150297E-3
1.455375E+7,    1.093864E-3,    2.073169E-3
1.456000E+7,    1.069784E-3,    2.015829E-3
1.456625E+7,    1.029491E-3,    1.937985E-3
1.457250E+7,    9.927750E-4,    1.847148E-3
1.457875E+7,    9.731054E-4,    1.797080E-3
1.458500E+7,    9.512901E-4,    1.718998E-3
1.459125E+7,    9.140968E-4,    1.668811E-3
1.459750E+7,    9.043217E-4,    1.608849E-3
1.460375E+7,    8.822680E-4,    1.541615E-3
1.461000E+7,    8.237362E-4,    1.480699E-3
1.461625E+7,    8.023977E-4,    1.440287E-3
1.462250E+7,    7.789135E-4,    1.393676E-3
1.462875E+7,    7.382631E-4,    1.333475E-3
1.463500E+7,    7.424355E-4,    1.300931E-3
1.464125E+7,    7.113814E-4,    1.240969E-3
1.464750E+7,    6.781220E-4,    1.214743E-3
1.465375E+7,    6.670952E-4,    1.176775E-3
1.466000E+7,    6.632209E-4,    1.141012E-3
1.466625E+7,    6.349683E-4,    1.109898E-3
1.467250E+7,    6.362200E-4,    1.044273E-3
1.467875E+7,    6.016493E-4,    1.030505E-3
1.468500E+7,    5.924702E-4,    9.889603E-4
1.469125E+7,    5.580783E-4,    9.748340E-4
1.469750E+7,    5.621314E-4,    9.407401E-4
1.470375E+7,    5.435348E-4,    9.406209E-4
1.471000E+7,    5.348325E-4,    8.642077E-4
1.471625E+7,    4.984736E-4,    8.633733E-4
1.472250E+7,    4.885793E-4,    8.461475E-4
1.472875E+7,    4.643798E-4,    8.069277E-4
1.473500E+7,    4.637241E-4,    7.654428E-4
1.474125E+7,    4.540682E-4,    7.884502E-4
1.474750E+7,    4.585981E-4,    7.424355E-4
1.475375E+7,    4.358292E-4,    7.146001E-4
1.476000E+7,    4.227161E-4,    6.745458E-4
1.476625E+7,    4.021525E-4,    6.547570E-4
1.477250E+7,    4.168153E-4,    6.510019E-4
1.477875E+7,    4.126430E-4,    6.464124E-4
1.478500E+7,    3.874898E-4,    6.205440E-4
1.479125E+7,    3.877282E-4,    5.874932E-4
1.479750E+7,    3.702343E-4,    5.861521E-4
1.480375E+7,    3.589094E-4,    5.678236E-4
1.481000E+7,    3.377497E-4,    5.710423E-4
1.481625E+7,    3.362000E-4,    5.289912E-4
1.482250E+7,    3.182292E-4,    4.947484E-4
1.482875E+7,    3.272593E-4,    5.085468E-4
1.483500E+7,    3.155768E-4,    4.780293E-4
1.484125E+7,    3.222823E-4,    4.824698E-4
1.484750E+7,    3.034174E-4,    4.598796E-4
1.485375E+7,    2.987087E-4,    4.672408E-4
1.486000E+7,    2.762079E-4,    4.256666E-4
1.486625E+7,    2.863407E-4,    4.137158E-4
1.487250E+7,    2.859533E-4,    4.284084E-4
1.487875E+7,    2.525151E-4,    4.226863E-4
1.488500E+7,    2.664030E-4,    3.818274E-4
1.489125E+7,    2.559125E-4,    3.859401E-4
1.489750E+7,    2.600551E-4,    3.803670E-4
1.490375E+7,    2.334714E-4,    3.674924E-4
1.491000E+7,    2.322793E-4,    3.457367E-4
1.491625E+7,    2.171397E-4,    3.558695E-4
1.492250E+7,    2.371669E-4,    3.544390E-4
1.492875E+7,    2.209246E-4,    3.278255E-4
1.493500E+7,    2.101958E-4,    3.191829E-4
1.494125E+7,    2.205968E-4,    2.929270E-4
1.494750E+7,    2.109706E-4,    3.071129E-4
1.495375E+7,    2.145171E-4,    2.908409E-4
1.496000E+7,    1.742095E-4,    2.969056E-4
1.496625E+7,    1.884252E-4,    2.783984E-4
1.497250E+7,    1.808405E-4,    2.770871E-4
1.497875E+7,    1.739413E-4,    2.751052E-4
1.498500E+7,    1.710504E-4,    2.541095E-4
1.499125E+7,    1.615882E-4,    2.686381E-4
1.499750E+7,    1.752824E-4,    2.374500E-4
1.500375E+7,    1.530498E-4,    2.433211E-4
1.501000E+7,    1.622736E-4,    2.312958E-4
1.501625E+7,    1.609623E-4,    2.206713E-4
1.502250E+7,    1.659393E-4,    2.142638E-4
1.502875E+7,    1.486242E-4,    2.413690E-4
1.503500E+7,    1.516193E-4,    2.114326E-4
1.504125E+7,    1.439154E-4,    2.104789E-4
1.504750E+7,    1.467913E-4,    1.801699E-4
1.505375E+7,    1.357943E-4,    1.985133E-4
1.506000E+7,    1.315773E-4,    1.773089E-4
1.506625E+7,    1.376122E-4,    1.813769E-4
1.507250E+7,    1.206547E-4,    1.955479E-4
1.507875E+7,    1.454353E-4,    1.841336E-4
1.508500E+7,    1.172274E-4,    1.872927E-4
1.509125E+7,    9.556115E-5,    1.811832E-4
1.509750E+7,    1.110733E-4,    1.561344E-4
1.510375E+7,    1.140684E-4,    1.660585E-4
1.511000E+7,    1.039505E-4,    1.548082E-4
1.511625E+7,    1.139045E-4,    1.387894E-4
1.512250E+7,    9.647012E-5,    1.534224E-4
1.512875E+7,    1.098067E-4,    1.604259E-4
1.513500E+7,    9.112060E-5,    1.488626E-4
1.514125E+7,    1.005083E-4,    1.625866E-4
1.514750E+7,    8.489192E-5,    1.312643E-4
1.515375E+7,    1.010373E-4,    1.190603E-4
1.516000E+7,    8.598715E-5,    1.309887E-4
1.516625E+7,    8.267909E-5,    1.373217E-4
1.517250E+7,    8.230656E-5,    9.391457E-5
1.517875E+7,    8.910149E-5,    1.269132E-4
1.518500E+7,    8.208305E-5,    1.100153E-4
1.519125E+7,    7.963181E-5,    9.957701E-5
1.519750E+7,    1.039430E-4,    1.172647E-4
1.520375E+7,    5.681813E-5,    1.116097E-4
1.521000E+7,    8.211285E-5,    1.124516E-4
1.521625E+7,    5.947798E-5,    1.084283E-4
1.522250E+7,    7.066131E-5,    8.928031E-5
1.522875E+7,    5.560368E-5,    1.019612E-4
1.523500E+7,    9.946525E-5,    9.927154E-5
1.524125E+7,    7.474422E-5,    9.860843E-5
1.524750E+7,    7.201731E-5,    8.844584E-5
1.525375E+7,    6.577373E-5,    8.477271E-5
1.526000E+7,    7.914752E-5,    1.084208E-4
1.526625E+7,    6.664544E-5,    1.020879E-4
1.527250E+7,    6.896257E-5,    8.187443E-5
1.527875E+7,    5.926937E-5,    8.544326E-5
1.528500E+7,    5.652755E-5,    7.520616E-5
1.529125E+7,    9.468198E-5,    1.026616E-4
1.529750E+7,    4.011765E-5,    7.517636E-5
1.530375E+7,    5.196035E-5,    6.821007E-5
1.531000E+7,    4.917011E-5,    7.525459E-5
1.531625E+7,    5.409122E-5,    8.148700E-5
1.532250E+7,    6.653368E-5,    9.072572E-5
1.532875E+7,    1.857057E-5,    6.763637E-5
1.533500E+7,    4.336610E-5,    7.181615E-5
1.534125E+7,    6.849319E-5,    7.505715E-5
1.534750E+7,    5.026907E-5,    7.943064E-5
1.535375E+7,    8.595735E-5,    7.575005E-5
1.536000E+7,    6.002188E-5,    6.861240E-5
1.536625E+7,    4.284829E-5,    8.762628E-5
1.537250E+7,    4.025921E-5,    7.249042E-5
1.537875E+7,    4.950911E-5,    5.375221E-5
1.538500E+7,    6.132573E-5,    7.323176E-5
1.539125E+7,    3.806874E-5,    3.990531E-5
1.539750E+7,    5.504116E-5,    6.578118E-5
1.540375E+7,    3.120303E-5,    4.794449E-5
1.541000E+7,    7.327646E-5,    4.794821E-5
1.541625E+7,    3.976375E-5,    5.138665E-5
1.542250E+7,    4.477799E-5,    6.869808E-5
1.542875E+7,    3.363192E-5,    4.496053E-5
1.543500E+7,    2.583489E-5,    6.148592E-5
1.544125E+7,    3.605708E-5,    6.989762E-5
1.544750E+7,    1.608208E-5,    5.255640E-5
1.545375E+7,    2.724677E-5,    4.854798E-5
1.546000E+7,    4.817545E-5,    7.126853E-5
1.546625E+7,    3.471039E-5,    2.677552E-5
1.547250E+7,    -1.692213E-5,    4.334003E-5
1.547875E+7,    2.053007E-5,    3.954582E-5
1.548500E+7,    4.293397E-5,    2.523512E-5
1.549125E+7,    2.737716E-5,    4.668906E-5
1.549750E+7,    2.808869E-5,    5.235896E-5
1.550375E+7,    3.576279E-6,    4.039146E-5
1.551000E+7,    2.662838E-5,    5.770475E-5
1.551625E+7,    5.510822E-5,    5.263835E-5
1.552250E+7,    1.615658E-5,    2.799928E-5
1.552875E+7,    4.487112E-5,    2.503768E-5
1.553500E+7,    3.508851E-5,    4.654378E-5
1.554125E+7,    3.698468E-5,    3.099814E-5
1.554750E+7,    3.269687E-5,    4.171208E-5
1.555375E+7,    3.343076E-5,    3.452227E-5
1.556000E+7,    2.285838E-5,    5.707890E-5
1.556625E+7,    3.796443E-5,    1.260266E-5
1.557250E+7,    2.258271E-5,    2.325885E-5
1.557875E+7,    3.616139E-5,    3.570318E-5
1.558500E+7,    2.473220E-5,    2.952665E-5
1.559125E+7,    1.710095E-5,    2.692454E-5
1.559750E+7,    2.845936E-5,    1.751631E-5
1.560375E+7,    2.586469E-5,    2.496503E-5
1.561000E+7,    -1.251558E-5,    1.311395E-5
1.561625E+7,    7.853843E-6,    2.383720E-6
1.562250E+7,    2.087094E-5,    1.467578E-5
1.562875E+7,    1.640059E-5,    3.063865E-5
1.563500E+7,    1.638290E-5,    7.031485E-7
1.564125E+7,    1.054909E-5,    1.937803E-5
1.564750E+7,    -2.157176E-6,    7.393537E-6
1.565375E+7,    3.180467E-6,    1.700781E-5
1.566000E+7,    1.791306E-5,    2.098270E-5
1.566625E+7,    2.052076E-5,    4.170649E-5
1.567250E+7,    3.396720E-5,    2.143532E-5
1.567875E+7,    3.078394E-5,    3.236346E-5
1.568500E+7,    9.816140E-6,    2.244860E-5
1.569125E+7,    3.946573E-5,    3.027171E-5
1.569750E+7,    3.050640E-5,    4.092231E-6
1.570375E+7,    1.092814E-5,    1.858640E-5
1.571000E+7,    1.563504E-5,    1.359731E-7
1.571625E+7,    2.848916E-5,    1.115724E-5
1.572250E+7,    1.105759E-5,    1.848489E-5
1.572875E+7,    3.730878E-6,    1.660269E-5
1.573500E+7,    3.593974E-6,    -1.474610E-5
1.574125E+7,    5.605631E-6,    9.120442E-6
1.574750E+7,    1.562294E-5,    -1.853332E-7
1.575375E+7,    1.388509E-5,    7.153489E-6
1.576000E+7,    6.523915E-6,    5.379319E-6
1.576625E+7,    1.801364E-5,    2.359040E-5
1.577250E+7,    6.561168E-6,    5.374197E-6
1.577875E+7,    1.154281E-5,    1.807977E-5
1.578500E+7,    -7.418450E-6,    -1.598615E-6
1.579125E+7,    2.677552E-6,    2.382137E-5
1.579750E+7,    1.404807E-5,    6.803311E-6
1.580375E+7,    -2.304092E-6,    1.110649E-5
1.581000E+7,    1.179520E-5,    1.782551E-5
1.581625E+7,    -1.036562E-5,    1.328578E-5
1.582250E+7,    -2.144836E-5,    -8.109026E-6
1.582875E+7,    8.327886E-6,    3.609993E-5
1.583500E+7,    2.292823E-5,    4.814938E-7
1.584125E+7,    -2.071727E-6,    1.112092E-5
1.584750E+7,    6.751623E-6,    5.049631E-6
1.585375E+7,    -4.753470E-6,    -1.616310E-5
1.586000E+7,    -8.075498E-6,    2.388377E-6
1.586625E+7,    4.163012E-6,    1.983903E-5
1.587250E+7,    3.672653E-10,    5.153424E-10
1.587875E+7,    7.419381E-6,    1.236796E-6
1.588500E+7,    -1.361500E-5,    -9.842217E-6
1.589125E+7,    3.474951E-5,    2.079457E-5
1.589750E+7,    -7.417984E-6,    -1.162756E-6
1.590375E+7,    1.133652E-6,    -7.414259E-6
1.591000E+7,    6.868038E-6,    4.832633E-6
1.591625E+7,    1.317821E-5,    1.335423E-5
1.592250E+7,    1.607928E-6,    -1.113815E-5
1.592875E+7,    6.897375E-6,    4.752073E-6
1.593500E+7,    -1.536496E-5,    1.697801E-6
1.594125E+7,    -1.461245E-6,    1.113256E-5
1.594750E+7,    1.295097E-5,    1.674704E-5
1.595375E+7,    2.039783E-5,    1.768395E-5
1.596000E+7,    8.345116E-6,    -6.516464E-6
1.596625E+7,    7.431488E-6,    8.968636E-7
1.597250E+7,    -2.602115E-6,    2.231915E-5
1.597875E+7,    -7.438008E-6,    -8.498318E-7
1.598500E+7,    9.065494E-6,    -1.406763E-5
1.599125E+7,    2.312660E-5,    -5.023554E-6
1.599750E+7,    7.444993E-6,    7.636845E-7
1.600375E+7,    1.464784E-5,    5.576387E-5
1.601000E+7,    3.374927E-5,    2.947263E-5
1.601625E+7,    3.953464E-5,    1.116470E-5
1.602250E+7,    -3.803149E-5,    -7.535517E-5
1.602875E+7,    1.059566E-5,    -2.492126E-5
1.603500E+7,    -3.064610E-5,    4.552118E-5
1.604125E+7,    -6.983802E-5,    -5.811453E-7
1.604750E+7,    -2.701208E-5,    6.813183E-5
1.605375E+7,    -3.312528E-5,    1.214705E-4
1.606000E+7,    3.968179E-5,    -6.245449E-6
1.606625E+7,    -2.944842E-5,    -7.676333E-5
1.607250E+7,    -1.822412E-5,    -6.103888E-5
1.607875E+7,    5.451217E-5,    -7.833540E-5
1.608500E+7,    1.946092E-5,    1.249164E-4
1.609125E+7,    -3.191456E-5,    -1.827441E-5
1.609750E+7,    5.308539E-6,    -5.895272E-5
1.610375E+7,    4.957616E-5,    -1.298040E-4
1.611000E+7,    -2.173781E-4,    -7.070601E-5
1.611625E+7,    2.124235E-4,    1.929700E-6
1.612250E+7,    -1.092404E-4,    -2.951920E-5
1.612875E+7,    6.113574E-5,    1.950935E-5
1.613500E+7,    1.570210E-5,    -4.889816E-5
1.614125E+7,    -1.047645E-5,    7.428229E-6
1.614750E+7,    -5.150586E-5,    4.279986E-5
1.615375E+7,    -6.954186E-6,    3.010221E-5
1.616000E+7,    -3.920868E-6,    1.222780E-5
1.616625E+7,    -2.336316E-5,    -1.966767E-5
1.617250E+7,    2.907403E-5,    -5.678833E-5
1.617875E+7,    -8.935109E-6,    -3.933534E-5
1.618500E+7,    -2.839603E-6,    4.348112E-7
1.619125E+7,    6.542075E-6,    4.814472E-6
1.619750E+7,    -1.049740E-5,    7.414725E-6
1.620375E+7,    6.370246E-6,    8.035451E-5
1.621000E+7,    6.281957E-5,    -1.026504E-4
1.621625E+7,    1.260452E-5,    4.456379E-5
1.622250E+7,    -4.208647E-6,    2.968684E-5
1.622875E+7,    -1.670420E-5,    -9.047240E-5
1.623500E+7,    1.074113E-4,    1.849607E-5
1.624125E+7,    5.191192E-5,    -6.020069E-5
1.624750E+7,    -5.993247E-5,    2.650730E-5
1.625375E+7,    -7.402152E-5,    -1.051277E-4
1.626000E+7,    6.135926E-5,    2.305955E-6
1.626625E+7,    1.065955E-4,    1.301989E-5
1.627250E+7,    -4.235841E-5,    -1.101382E-5
1.627875E+7,    -3.432855E-5,    2.260134E-5
1.628500E+7,    5.741045E-5,    -4.346110E-5
1.629125E+7,    -1.506228E-5,    -3.542751E-6
1.629750E+7,    -2.525188E-5,    4.448928E-5
1.630375E+7,    -2.786890E-5,    -3.068335E-5
1.631000E+7,    5.201995E-5,    1.142696E-4
1.631625E+7,    3.036857E-5,    1.058280E-4
1.632250E+7,    7.755309E-5,    -1.221448E-4
1.632875E+7,    -6.239861E-6,    9.394437E-5
1.633500E+7,    -9.907782E-5,    -2.734363E-6
1.634125E+7,    -9.009987E-5,    1.933426E-5
1.634750E+7,    2.670474E-5,    -1.561362E-5
1.635375E+7,    -8.637086E-5,    8.261949E-5
1.636000E+7,    6.774813E-5,    -1.495630E-4
1.636625E+7,    8.165836E-5,    -7.610768E-5
1.637250E+7,    1.328960E-4,    -2.000630E-4
1.637875E+7,    7.497892E-5,    3.533438E-5
1.638500E+7,    -1.171753E-4,    -1.045689E-4
1.639125E+7,    -1.337612E-5,    7.802155E-6
1.639750E+7,    -6.912276E-5,    4.410744E-6
1.640375E+7,    -6.666034E-5,    -1.355559E-4
1.641000E+7,    1.625791E-4,    -9.965897E-5
1.641625E+7,    -3.194250E-5,    3.960170E-5
1.642250E+7,    -2.404675E-5,    7.329881E-5
1.642875E+7,    4.737079E-5,    4.534796E-5
1.643500E+7,    -9.153783E-5,    -9.745359E-6
1.644125E+7,    -5.365536E-5,    -6.769225E-5
1.644750E+7,    -1.219921E-4,    4.114211E-5
1.645375E+7,    -2.862886E-5,    -3.643334E-5
1.646000E+7,    7.862225E-6,    3.371015E-5
1.646625E+7,    -1.125857E-4,    -5.321205E-5
1.647250E+7,    8.091331E-6,    -1.232773E-4
1.647875E+7,    -2.479181E-5,    9.473413E-6
1.648500E+7,    4.720315E-5,    4.658476E-6
1.649125E+7,    8.191913E-6,    1.623761E-5
1.649750E+7,    -9.916723E-6,    7.123873E-5
1.650375E+7,    3.682915E-6,    5.275942E-6
1.651000E+7,    4.272163E-5,    -1.458228E-4
1.651625E+7,    5.435944E-5,    7.356703E-5
1.652250E+7,    2.537668E-5,    -8.510053E-5
1.652875E+7,    -1.482069E-4,    2.151728E-5
1.653500E+7,    8.217618E-5,    -3.532320E-5
1.654125E+7,    7.500872E-5,    3.560632E-5
1.654750E+7,    -4.856288E-5,    -3.369153E-5
1.655375E+7,    -9.078160E-5,    3.648922E-5
1.656000E+7,    2.466142E-5,    -9.080023E-5
1.656625E+7,    -2.888963E-5,    2.163276E-5
1.657250E+7,    7.687882E-5,    -5.193055E-5
1.657875E+7,    -7.952005E-5,    -4.666299E-5
1.658500E+7,    -1.073107E-4,    -3.689528E-5
1.659125E+7,    2.684444E-5,    -9.708852E-5
1.659750E+7,    2.730824E-5,    7.687137E-6
1.660375E+7,    -6.955862E-5,    6.240606E-5
1.661000E+7,    -2.241693E-5,    -1.424365E-5
1.661625E+7,    -4.032254E-5,    1.048259E-4
1.662250E+7,    4.164875E-5,    1.280010E-4
1.662875E+7,    -6.932765E-5,    -3.666431E-5
1.663500E+7,    7.926673E-5,    1.458824E-4
1.664125E+7,    -3.587082E-5,    7.508323E-5
1.664750E+7,    -1.545623E-5,    -6.776303E-5
1.665375E+7,    8.567795E-5,    -1.224503E-5
1.666000E+7,    9.386986E-5,    -1.998991E-4
1.666625E+7,    -6.079301E-5,    -3.790855E-5
1.667250E+7,    -2.002157E-5,    4.363060E-5
1.667875E+7,    -7.993728E-5,    5.214661E-5
1.668500E+7,    -5.945563E-5,    -1.314506E-4
1.669125E+7,    -4.282780E-5,    4.685298E-5
1.669750E+7,    -7.465482E-6,    -2.379119E-4
1.670375E+7,    8.487329E-5,    -1.790747E-5
1.671000E+7,    -3.666617E-6,    -5.309470E-6
1.671625E+7,    6.902218E-5,    -6.812438E-5
1.672250E+7,    4.581362E-5,    -8.806586E-5
1.672875E+7,    7.336028E-6,    1.063477E-5
1.673500E+7,    -1.590699E-5,    -9.407289E-6
1.674125E+7,    4.888326E-5,    -1.292005E-4
1.674750E+7,    1.267567E-4,    -9.367615E-5
1.675375E+7,    9.452924E-6,    -3.635511E-5
1.676000E+7,    8.051842E-5,    -2.884492E-5
1.676625E+7,    -6.331503E-5,    -1.445413E-5
1.677250E+7,    6.544590E-5,    -3.257021E-5
1.677875E+7,    9.068102E-5,    -5.948544E-5
1.678500E+7,    4.645064E-5,    4.020333E-5
1.679125E+7,    -3.748387E-5,    8.687750E-5
1.679750E+7,    -2.609193E-5,    -1.970492E-5
1.680375E+7,    -7.816404E-5,    4.595518E-5
1.681000E+7,    -9.151921E-5,    1.278520E-5
1.681625E+7,    -1.010820E-4,    -9.675324E-5
1.682250E+7,    -5.528703E-5,    4.274584E-5
1.682875E+7,    2.693012E-5,    -7.963926E-5
1.683500E+7,    -3.693253E-5,    -7.657334E-5
1.684125E+7,    5.169399E-5,    -4.801154E-5
1.684750E+7,    -5.954877E-5,    9.588152E-5
1.685375E+7,    6.352365E-5,    -2.632290E-5
1.686000E+7,    4.822388E-5,    1.086108E-5
1.686625E+7,    -6.019138E-6,    -2.251100E-5
1.687250E+7,    9.956956E-5,    4.458427E-5
1.687875E+7,    1.874566E-5,    -9.599701E-5
1.688500E+7,    7.066131E-5,    2.526119E-5
1.689125E+7,    -4.325062E-6,    5.312264E-5
1.689750E+7,    1.045130E-5,    3.360584E-5
1.690375E+7,    5.555898E-5,    2.152473E-5
1.691000E+7,    -3.807619E-5,    -6.146729E-7
1.691625E+7,    -7.653609E-5,    8.057058E-5
1.692250E+7,    3.075227E-6,    -4.129484E-5
1.692875E+7,    4.675612E-5,    -1.058504E-4
1.693500E+7,    7.850677E-5,    8.274615E-5
1.694125E+7,    -4.727393E-6,    -3.440864E-5
1.694750E+7,    -1.807511E-5,    -6.766990E-5
1.695375E+7,    -6.025098E-5,    8.225441E-6
1.696000E+7,    -5.581230E-5,    -1.092926E-4
1.696625E+7,    6.750226E-5,    -1.260340E-4
1.697250E+7,    6.069243E-5,    1.027212E-4
1.697875E+7,    -1.393706E-4,    -5.700439E-5
1.698500E+7,    -1.918748E-4,    8.359551E-6
1.699125E+7,    2.138615E-4,    1.113862E-4
1.699750E+7,    -3.998354E-5,    2.883561E-5
1.700375E+7,    -8.916110E-5,    -1.398176E-4
1.701000E+7,    9.922311E-6,    5.129911E-5
1.701625E+7,    1.353621E-4,    9.278208E-5
1.702250E+7,    4.765391E-5,    -1.234785E-4
1.702875E+7,    -2.321228E-5,    -2.028979E-5
1.703500E+7,    -2.048165E-5,    1.080409E-4
1.704125E+7,    1.411885E-6,    7.586181E-5
1.704750E+7,    6.698817E-5,    8.456409E-5
1.705375E+7,    -1.387522E-4,    1.285225E-5
1.706000E+7,    -7.303432E-5,    1.093112E-4
1.706625E+7,    -1.255125E-4,    4.608929E-5
1.707250E+7,    -1.763925E-6,    -3.489666E-5
1.707875E+7,    4.810281E-5,    -1.230650E-5
1.708500E+7,    9.694695E-5,    1.334026E-4
1.709125E+7,    -1.590978E-5,    -9.579584E-6
1.709750E+7,    -4.620105E-5,    -1.051202E-4
1.710375E+7,    9.994954E-5,    6.853044E-5
1.711000E+7,    -4.048645E-5,    -1.804344E-5
1.711625E+7,    -2.451241E-5,    7.939711E-5
1.712250E+7,    3.800541E-5,    -2.262183E-5
1.712875E+7,    -3.493391E-5,    4.565530E-5
1.713500E+7,    -3.165007E-5,    4.209578E-6
1.714125E+7,    4.980247E-6,    -6.519258E-6
1.714750E+7,    3.184192E-5,    1.917966E-5
1.715375E+7,    4.128367E-5,    -6.410107E-5
1.716000E+7,    5.494431E-5,    -7.177517E-5
1.716625E+7,    -6.444752E-6,    -9.286031E-5
1.717250E+7,    -5.505048E-5,    4.828349E-5
1.717875E+7,    -8.002296E-5,    -7.010996E-6
1.718500E+7,    8.803792E-6,    2.228562E-5
1.719125E+7,    -7.757172E-5,    3.361329E-5
1.719750E+7,    -3.485382E-5,    -4.234537E-5
1.720375E+7,    -8.936226E-5,    -9.964406E-5
1.721000E+7,    7.323921E-5,    -4.482269E-5
1.721625E+7,    5.608797E-5,    -1.305491E-4
1.722250E+7,    -3.458373E-5,    4.526228E-6
1.722875E+7,    -3.398210E-5,    -1.313537E-5
1.723500E+7,    -2.393499E-6,    -4.072487E-5
1.724125E+7,    1.008138E-4,    -1.481026E-4
1.724750E+7,    -4.700199E-5,    -2.316386E-5
1.725375E+7,    4.823506E-5,    -1.217425E-5
1.726000E+7,    2.498180E-5,    -5.604513E-5
1.726625E+7,    -1.354739E-4,    1.771748E-5
1.727250E+7,    -5.090237E-5,    5.946308E-5
1.727875E+7,    -4.113838E-5,    -5.122274E-7
1.728500E+7,    -1.116656E-4,    4.376844E-5
1.729125E+7,    -6.619841E-5,    3.209338E-5
1.729750E+7,    -7.421896E-5,    1.552701E-5
1.730375E+7,    -9.693205E-6,    8.346140E-5
1.731000E+7,    3.525801E-5,    -2.220459E-5
1.731625E+7,    -9.348243E-5,    -8.764863E-5
1.732250E+7,    -1.127869E-4,    -3.231317E-5
1.732875E+7,    -4.066527E-5,    -6.514415E-5
1.733500E+7,    7.092580E-5,    -1.089387E-4
1.734125E+7,    -3.754720E-5,    4.842877E-6
1.734750E+7,    -2.626330E-6,    -1.111887E-4
1.735375E+7,    -1.422763E-4,    -1.107156E-5
1.736000E+7,    -3.739819E-5,    5.169772E-5
1.736625E+7,    -2.024025E-4,    -2.498627E-4
1.737250E+7,    -8.681417E-5,    -5.930662E-5
1.737875E+7,    4.220381E-5,    -1.052953E-4
1.738500E+7,    3.290921E-5,    1.190677E-4
1.739125E+7,    -1.667812E-5,    -1.548044E-5
1.739750E+7,    -1.110584E-4,    9.641051E-5
1.740375E+7,    9.167939E-6,    -8.927286E-5
1.741000E+7,    1.259148E-5,    -3.835857E-4
1.741625E+7,    -1.170784E-4,    3.203750E-6
1.742250E+7,    -1.801457E-5,    1.992565E-5
1.742875E+7,    3.414974E-5,    6.026402E-5
1.743500E+7,    4.328974E-5,    -2.898648E-5
1.744125E+7,    8.806586E-6,    9.290874E-5
1.744750E+7,    -5.287677E-5,    -4.614890E-5
1.745375E+7,    -1.679361E-5,    -6.248057E-5
1.746000E+7,    -1.746789E-5,    -6.829202E-5
1.746625E+7,    4.779175E-5,    2.921745E-5
1.747250E+7,    -3.826246E-5,    4.598312E-5
1.747875E+7,    5.571917E-5,    2.232194E-5
1.748500E+7,    3.215671E-5,    -1.863539E-4
1.749125E+7,    3.756583E-5,    -5.179085E-5
1.749750E+7,    -6.657839E-5,    8.385628E-6
1.750375E+7,    3.553927E-6,    -4.161522E-5
1.751000E+7,    -2.025813E-5,    2.536923E-6
1.751625E+7,    7.164851E-5,    -6.194413E-5
1.752250E+7,    8.323044E-5,    3.069267E-5
1.752875E+7,    4.343875E-5,    -2.898835E-5
1.753500E+7,    4.351512E-5,    6.514043E-5
1.754125E+7,    -9.436160E-6,    6.590411E-5
1.754750E+7,    -2.535619E-5,    -3.804453E-5
1.755375E+7,    -5.795155E-6,    7.217750E-7
1.756000E+7,    -4.774332E-5,    -5.286187E-5
1.756625E+7,    -8.902326E-5,    6.401539E-5
1.757250E+7,    -5.790731E-6,    7.245690E-7
1.757875E+7,    1.444481E-5,    2.173893E-5
1.758500E+7,    -2.393126E-5,    2.062880E-5
1.759125E+7,    3.184751E-5,    4.311651E-5
1.759750E+7,    -2.828799E-5,    5.649030E-5
1.760375E+7,    3.405102E-5,    -3.366917E-5
1.761000E+7,    -4.772469E-5,    -5.296618E-5
1.761625E+7,    -5.847216E-5,    -1.399368E-4
1.762250E+7,    7.041544E-5,    -1.439750E-4
1.762875E+7,    1.053065E-4,    -2.425537E-4
1.763500E+7,    1.588836E-6,    -5.906075E-5
1.764125E+7,    8.065253E-5,    -8.646771E-5
1.764750E+7,    -2.146699E-6,    -1.740269E-5
1.765375E+7,    1.038611E-5,    -1.543760E-4
1.766000E+7,    -4.284829E-5,    3.471226E-5
1.766625E+7,    -1.742132E-5,    2.142042E-6
1.767250E+7,    -1.954846E-5,    -1.528859E-5
1.767875E+7,    -8.606166E-5,    -1.013875E-4
1.768500E+7,    -5.291402E-5,    -2.302974E-5
1.769125E+7,    -2.970919E-6,    2.393685E-5
1.769750E+7,    -2.617668E-5,    2.676621E-5
1.770375E+7,    7.622689E-5,    -3.356487E-6
1.771000E+7,    1.307726E-4,    -6.308407E-5
1.771625E+7,    6.680936E-5,    -3.170595E-5
1.772250E+7,    -1.900718E-4,    -1.223385E-5
1.772875E+7,    -9.392202E-5,    -1.181588E-4
1.773500E+7,    -9.127706E-5,    1.467764E-4
1.774125E+7,    -1.100302E-4,    -8.092821E-5
1.774750E+7,    5.256757E-5,    -1.007169E-4
1.775375E+7,    -1.249760E-4,    1.517683E-5
1.776000E+7,    -7.718801E-6,    1.069792E-4
1.776625E+7,    5.459785E-5,    -3.612973E-5
1.777250E+7,    3.871322E-5,    1.014546E-4
1.777875E+7,    1.439229E-4,    -2.919137E-5
1.778500E+7,    6.794184E-5,    7.434934E-5
1.779125E+7,    3.576651E-5,    -4.557893E-5
1.779750E+7,    2.345443E-5,    1.210421E-4
1.780375E+7,    -2.676807E-5,    -2.626888E-5
1.781000E+7,    -7.416680E-5,    2.074614E-5
1.781625E+7,    -6.401911E-6,    -2.872199E-5
1.782250E+7,    -2.917461E-5,    2.708938E-5
1.782875E+7,    -3.985129E-5,    -1.290068E-5
1.783500E+7,    -4.632026E-5,    -4.164502E-5
1.784125E+7,    -5.932525E-7,    -2.945308E-5
1.784750E+7,    -1.326762E-5,    3.698654E-5
1.785375E+7,    1.851842E-5,    -6.712973E-5
1.786000E+7,    1.208261E-4,    -2.626702E-5
1.786625E+7,    2.715923E-5,    -4.458055E-5
1.787250E+7,    -2.671592E-5,    -2.631731E-5
1.787875E+7,    6.911904E-5,    -1.414865E-5
1.788500E+7,    8.279458E-7,    -1.781154E-5
1.789125E+7,    -6.910414E-6,    -5.815551E-5
1.789750E+7,    -9.572133E-6,    1.886580E-5
1.790375E+7,    -4.966743E-5,    2.948381E-5
1.791000E+7,    -9.084120E-5,    -1.879409E-5
1.791625E+7,    -1.331791E-4,    -1.023784E-4
1.792250E+7,    -9.610504E-5,    1.140311E-5
1.792875E+7,    -6.989390E-5,    8.195639E-6
1.793500E+7,    -2.892315E-5,    8.019060E-5
1.794125E+7,    4.121289E-5,    4.831329E-5
1.794750E+7,    -6.717443E-5,    -6.889552E-5
1.795375E+7,    -3.065169E-5,    -8.502603E-5
1.796000E+7,    -1.894310E-6,    5.931221E-5
1.796625E+7,    1.357049E-4,    4.909933E-5
1.797250E+7,    -8.709729E-5,    -3.716350E-5
1.797875E+7,    4.475750E-5,    -4.658103E-5
1.798500E+7,    2.723187E-5,    5.587563E-5
1.799125E+7,    -1.335144E-5,    -6.345287E-5
1.799750E+7,    2.954341E-5,    -5.073845E-5
1.800375E+7,    -2.394244E-5,    7.375330E-5
1.801000E+7,    3.118999E-6,    -2.400205E-5
1.801625E+7,    -6.391853E-5,    8.429214E-5
1.802250E+7,    2.130866E-5,    -2.020318E-5
1.802875E+7,    4.529953E-5,    -1.708046E-5
1.803500E+7,    3.132969E-6,    -2.399925E-5
1.804125E+7,    5.139410E-5,    2.127290E-4
1.804750E+7,    6.957054E-4,    3.389716E-4
1.805375E+7,    -2.769008E-5,    9.192899E-5
1.806000E+7,    -2.065953E-5,    2.604444E-5
1.806625E+7,    -7.159263E-5,    -5.675852E-5
1.807250E+7,    3.769249E-5,    -5.757250E-5
1.807875E+7,    3.354624E-6,    2.918765E-5
1.808500E+7,    -1.479685E-5,    -5.148724E-5
1.809125E+7,    -4.264992E-6,    -1.135329E-5
1.809750E+7,    6.682239E-7,    5.832408E-6
1.810375E+7,    -1.481082E-5,    2.533104E-5
1.811000E+7,    1.652092E-4,    9.916723E-5
1.811625E+7,    -2.201647E-4,    6.651133E-5
1.812250E+7,    1.176074E-5,    -7.823482E-5
1.812875E+7,    2.631545E-5,    1.270697E-4
1.813500E+7,    -4.337914E-5,    3.446639E-5
1.814125E+7,    -4.552305E-6,    8.925796E-5
1.814750E+7,    -1.747012E-4,    -2.345890E-4
1.815375E+7,    -4.965253E-5,    5.654991E-6
1.816000E+7,    3.203005E-5,    7.328391E-5
1.816625E+7,    -7.852167E-5,    3.848597E-5
1.817250E+7,    -7.130951E-5,    -8.071214E-5
1.817875E+7,    1.379475E-5,    6.938726E-5
1.818500E+7,    -5.990267E-5,    -1.881570E-4
1.819125E+7,    2.218410E-5,    9.214506E-5
1.819750E+7,    -5.720928E-5,    -3.499165E-5
1.820375E+7,    -1.532957E-5,    -5.744025E-5
1.821000E+7,    -1.780689E-5,    2.571940E-5
1.821625E+7,    -4.811212E-5,    -5.966797E-5
1.822250E+7,    -3.721565E-6,    -1.120456E-4
1.822875E+7,    4.747510E-5,    5.830079E-7
1.823500E+7,    -1.139194E-5,    -2.241693E-5
1.824125E+7,    -5.938672E-5,    2.446212E-5
1.824750E+7,    7.189810E-6,    6.430596E-5
1.825375E+7,    -9.758025E-5,    -7.794797E-5
1.826000E+7,    -2.114475E-5,    -1.101121E-4
1.826625E+7,    -4.868954E-6,    -7.051975E-5
1.827250E+7,    -6.239116E-5,    -8.183718E-5
1.827875E+7,    5.537644E-6,    2.307072E-5
1.828500E+7,    -9.034574E-5,    1.462474E-4
1.829125E+7,    3.256276E-5,    7.925928E-5
1.829750E+7,    -1.147389E-4,    6.824732E-6
1.830375E+7,    -3.477558E-5,    3.348477E-5
1.831000E+7,    1.862645E-8,    -5.328655E-5
1.831625E+7,    -2.043694E-5,    -5.104393E-5
1.832250E+7,    -8.775294E-5,    -4.363805E-5
1.832875E+7,    -2.015941E-5,    3.185309E-5
1.833500E+7,    -6.277487E-5,    -5.827844E-5
1.834125E+7,    4.231371E-5,    -4.613213E-5
1.834750E+7,    2.376270E-5,    -2.631731E-5
1.835375E+7,    1.855846E-5,    -1.984742E-5
1.836000E+7,    -2.123788E-5,    4.975870E-5
1.836625E+7,    2.443884E-5,    -2.047326E-5
1.837250E+7,    4.943460E-5,    1.826137E-5
1.837875E+7,    -8.181483E-5,    -9.776652E-5
1.838500E+7,    5.394220E-6,    1.299083E-4
1.839125E+7,    -4.418939E-5,    -2.481043E-5
1.839750E+7,    1.015961E-4,    6.578863E-6
1.840375E+7,    -6.860867E-5,    -5.767867E-5
1.841000E+7,    -5.688518E-5,    -5.909055E-5
1.841625E+7,    3.808364E-5,    -4.153699E-6
1.842250E+7,    -2.547726E-5,    3.835745E-5
1.842875E+7,    1.557544E-5,    3.391318E-5
1.843500E+7,    5.237758E-6,    1.299158E-4
1.844125E+7,    -1.822785E-5,    -3.959052E-6
1.844750E+7,    -1.769885E-5,    5.529821E-5
1.845375E+7,    2.768263E-5,    8.838251E-6
1.846000E+7,    4.586764E-6,    -1.235725E-5
1.846625E+7,    -9.029359E-5,    6.921962E-5
1.847250E+7,    -1.774915E-5,    5.529262E-5
1.847875E+7,    6.809458E-5,    -1.423061E-6
1.848500E+7,    5.298108E-5,    2.396479E-5
1.849125E+7,    4.675612E-5,    4.837662E-5
1.849750E+7,    -5.567074E-5,    -7.707626E-5
1.850375E+7,    -3.164075E-5,    9.316951E-6
1.851000E+7,    -1.137517E-4,    1.820922E-5
1.851625E+7,    -1.048669E-5,    -7.009506E-5
1.852250E+7,    -9.095669E-5,    9.284168E-5
1.852875E+7,    1.633633E-5,    -1.360849E-5
1.853500E+7,    -5.751848E-6,    -1.359805E-4
1.854125E+7,    -2.872758E-5,    9.004027E-6
1.854750E+7,    -7.321686E-5,    3.742054E-5
1.855375E+7,    -4.298799E-5,    -1.326017E-5
1.856000E+7,    -3.606081E-6,    7.750466E-5