SAVED BY: 
TITLE: 
COMMENTS: 
DATE: 10/27/2020
TIME: 3:31 PM

STIMULUS, REAL, IMAGINARY

8.560000E+6,    -7.152557E-6,    -1.650453E-4
8.566250E+6,    -1.461059E-5,    -1.514852E-4
8.572500E+6,    -3.512204E-5,    -1.731962E-4
8.578750E+6,    -4.321337E-7,    -1.790375E-4
8.585000E+6,    6.362796E-6,    -1.752377E-4
8.591250E+6,    -8.933246E-6,    -1.544952E-4
8.597500E+6,    -8.642673E-6,    -1.615882E-4
8.603750E+6,    -1.535565E-5,    -1.828521E-4
8.610000E+6,    -9.506941E-6,    -1.615360E-4
8.616250E+6,    -1.922250E-6,    -1.929402E-4
8.622500E+6,    3.926456E-6,    -1.645982E-4
8.628750E+6,    -1.722574E-5,    -1.685098E-4
8.635000E+6,    1.068413E-5,    -1.679063E-4
8.641250E+6,    9.663403E-6,    -1.679510E-4
8.647500E+6,    2.950430E-6,    -1.856834E-4
8.653750E+6,    -1.174212E-5,    -1.754314E-4
8.660000E+6,    1.825392E-6,    -1.856089E-4
8.666250E+6,    -5.066395E-6,    -1.859888E-4
8.672500E+6,    -3.364682E-5,    -1.614615E-4
8.678750E+6,    -2.017617E-5,    -1.684427E-4
8.685000E+6,    -2.773106E-5,    -1.927540E-4
8.691250E+6,    -7.003546E-6,    -1.787543E-4
8.697500E+6,    1.384318E-5,    -1.611412E-4
8.703750E+6,    -7.696450E-6,    -1.716092E-4
8.710000E+6,    -2.243370E-5,    -1.891702E-4
8.716250E+6,    -1.574308E-5,    -1.891181E-4
8.722500E+6,    4.805624E-6,    -2.000481E-4
8.728750E+6,    -2.997369E-5,    -1.714602E-4
8.735000E+6,    -1.661479E-5,    -1.785681E-4
8.741250E+6,    -1.746416E-5,    -1.891032E-4
8.747500E+6,    -1.762807E-5,    -1.819357E-4
8.753750E+6,    -4.261732E-6,    -1.927316E-4
8.760000E+6,    -4.284084E-6,    -1.751408E-4
8.766250E+6,    -1.839548E-5,    -1.642257E-4
8.772500E+6,    2.227724E-6,    -1.648590E-4
8.778750E+6,    -2.001971E-5,    -1.851544E-4
8.785000E+6,    -6.310642E-6,    -1.889691E-4
8.791250E+6,    -2.767891E-5,    -1.920536E-4
8.797500E+6,    -1.321733E-5,    -1.608133E-4
8.803750E+6,    -2.110749E-5,    -1.747310E-4
8.810000E+6,    -2.108514E-5,    -1.675487E-4
8.816250E+6,    -4.235655E-5,    -1.630932E-4
8.822500E+6,    5.975366E-6,    -1.653135E-4
8.828750E+6,    -1.648068E-5,    -1.923442E-4
8.835000E+6,    -1.601875E-5,    -1.782700E-4
8.841250E+6,    4.708767E-6,    -1.722127E-4
8.847500E+6,    -3.144890E-5,    -1.809523E-4
8.853750E+6,    -2.457201E-5,    -1.813322E-4
8.860000E+6,    -3.963709E-6,    -1.789108E-4
8.866250E+6,    -1.803041E-5,    -1.708865E-4
8.872500E+6,    -3.294647E-5,    -1.803935E-4
8.878750E+6,    -6.906688E-6,    -1.996756E-4
8.885000E+6,    -1.288205E-5,    -1.784265E-4
8.891250E+6,    -1.928955E-5,    -1.708493E-4
8.897500E+6,    -1.971424E-5,    -1.672134E-4
8.903750E+6,    -2.890825E-5,    -1.911819E-4
8.910000E+6,    -2.124161E-5,    -1.812875E-4
8.916250E+6,    -2.200156E-5,    -1.882091E-4
8.922500E+6,    -7.830560E-6,    -1.752526E-4
8.928750E+6,    -1.519918E-6,    -1.793429E-4
8.935000E+6,    -1.501292E-5,    -1.712143E-4
8.941250E+6,    -3.147870E-5,    -1.874045E-4
8.947500E+6,    -1.964718E-5,    -2.098754E-4
8.953750E+6,    -4.492700E-6,    -1.968145E-4
8.960000E+6,    -2.577901E-5,    -1.912042E-4
8.966250E+6,    -2.385676E-5,    -1.704842E-4
8.972500E+6,    1.519918E-6,    -1.939982E-4
8.978750E+6,    -1.293421E-5,    -1.925081E-4
8.985000E+6,    -2.773106E-5,    -1.945123E-4
8.991250E+6,    -2.066046E-5,    -1.884326E-4
8.997500E+6,    -8.970499E-6,    -2.035871E-4
9.003750E+6,    -2.177805E-5,    -1.952723E-4
9.010000E+6,    -1.347810E-5,    -1.785159E-4
9.016250E+6,    -1.735985E-5,    -2.098382E-4
9.022500E+6,    6.616116E-6,    -1.775324E-4
9.028750E+6,    4.656613E-6,    -1.915172E-4
9.035000E+6,    -5.796552E-6,    -2.183840E-4
9.041250E+6,    -3.757328E-5,    -1.862347E-4
9.047500E+6,    -2.636015E-5,    -2.051368E-4
9.053750E+6,    -4.035234E-5,    -1.927987E-4
9.060000E+6,    -1.222640E-5,    -1.965240E-4
9.066250E+6,    -3.507733E-5,    -2.041012E-4
9.072500E+6,    -1.256168E-5,    -1.929998E-4
9.078750E+6,    -2.727658E-5,    -1.948103E-4
9.085000E+6,    -2.756715E-5,    -1.910403E-4
9.091250E+6,    -2.974272E-5,    -2.016202E-4
9.097500E+6,    -2.968311E-5,    -2.012700E-4
9.103750E+6,    -2.208352E-5,    -1.953617E-4
9.110000E+6,    -3.823638E-5,    -2.073199E-4
9.116250E+6,    -3.100932E-5,    -2.012849E-4
9.122500E+6,    -2.725422E-5,    -2.160519E-4
9.128750E+6,    -1.069158E-5,    -2.006963E-4
9.135000E+6,    -1.157075E-5,    -2.044737E-4
9.141250E+6,    -2.278388E-5,    -2.241433E-4
9.147500E+6,    -2.412498E-5,    -1.882538E-4
9.153750E+6,    -1.235306E-5,    -2.044216E-4
9.160000E+6,    -1.457334E-5,    -2.112240E-4
9.166250E+6,    -3.470480E-5,    -2.006888E-4
9.172500E+6,    -3.537536E-5,    -2.041906E-4
9.178750E+6,    -1.282990E-5,    -1.937822E-4
9.185000E+6,    -3.626943E-5,    -2.003908E-4
9.191250E+6,    -5.237758E-5,    -2.081394E-4
9.197500E+6,    -3.714859E-5,    -2.038777E-4
9.203750E+6,    -2.517551E-5,    -2.095923E-4
9.210000E+6,    -1.850724E-5,    -2.111197E-4
9.216250E+6,    -3.375113E-5,    -2.151728E-4
9.222500E+6,    -2.393872E-5,    -1.991540E-4
9.228750E+6,    -3.390014E-5,    -2.082586E-4
9.235000E+6,    -3.363192E-5,    -2.083778E-4
9.241250E+6,    -2.764165E-5,    -2.095401E-4
9.247500E+6,    -2.630055E-5,    -1.991838E-4
9.253750E+6,    -1.733005E-5,    -2.226979E-4
9.260000E+6,    -7.070601E-6,    -2.104193E-4
9.266250E+6,    -3.547966E-5,    -2.367944E-4
9.272500E+6,    -2.962351E-5,    -2.059191E-4
9.278750E+6,    -2.436340E-5,    -2.139509E-4
9.285000E+6,    -2.948195E-5,    -2.024621E-4
9.291250E+6,    -2.864003E-5,    -2.312958E-4
9.297500E+6,    -1.652539E-5,    -2.378374E-4
9.303750E+6,    -2.630055E-5,    -2.141297E-4
9.310000E+6,    -7.964671E-6,    -1.965836E-4
9.316250E+6,    -4.705787E-5,    -2.061576E-4
9.322500E+6,    -5.266070E-5,    -2.297163E-4
9.328750E+6,    -2.481043E-5,    -2.327710E-4
9.335000E+6,    -3.361702E-5,    -2.054125E-4
9.341250E+6,    -3.023446E-5,    -2.203584E-4
9.347500E+6,    -3.865361E-5,    -2.224147E-4
9.353750E+6,    -3.530085E-5,    -2.375096E-4
9.360000E+6,    -4.559755E-5,    -2.173483E-4
9.366250E+6,    -6.139278E-5,    -2.495646E-4
9.372500E+6,    -4.854798E-5,    -2.240539E-4
9.378750E+6,    -7.435679E-5,    -2.389848E-4
9.385000E+6,    -2.911687E-5,    -2.323389E-4
9.391250E+6,    -5.233288E-5,    -2.337098E-4
9.397500E+6,    -3.871322E-5,    -2.371818E-4
9.403750E+6,    -5.054474E-5,    -2.236664E-4
9.410000E+6,    -5.191565E-5,    -2.264977E-4
9.416250E+6,    -4.498661E-5,    -2.248436E-4
9.422500E+6,    -2.920628E-5,    -2.182126E-4
9.428750E+6,    -3.138185E-5,    -2.249181E-4
9.435000E+6,    -3.632903E-5,    -2.129376E-4
9.441250E+6,    -5.793571E-5,    -2.396405E-4
9.447500E+6,    -3.370643E-5,    -2.280176E-4
9.453750E+6,    -4.142523E-5,    -2.297461E-4
9.460000E+6,    -4.827976E-5,    -2.242029E-4
9.466250E+6,    -4.705787E-5,    -2.431870E-4
9.472500E+6,    -5.024672E-5,    -2.275407E-4
9.478750E+6,    -5.316734E-5,    -2.121329E-4
9.485000E+6,    -4.303455E-5,    -2.258122E-4
9.491250E+6,    -1.931190E-5,    -2.183020E-4
9.497500E+6,    -8.553267E-6,    -2.286136E-4
9.503750E+6,    -5.570054E-5,    -2.369285E-4
9.510000E+6,    -3.933907E-5,    -2.310872E-4
9.516250E+6,    -4.664063E-5,    -2.289116E-4
9.522500E+6,    -5.391240E-5,    -2.268553E-4
9.528750E+6,    -2.622604E-5,    -2.539158E-4
9.535000E+6,    -4.929304E-5,    -2.322197E-4
9.541250E+6,    -4.616380E-5,    -2.442002E-4
9.547500E+6,    -4.759431E-5,    -2.471209E-4
9.553750E+6,    -4.819036E-5,    -2.471805E-4
9.560000E+6,    -3.525615E-5,    -2.513528E-4
9.566250E+6,    -4.586577E-5,    -2.595484E-4
9.572500E+6,    -5.877018E-5,    -2.294183E-4
9.578750E+6,    -3.859401E-5,    -2.358854E-4
9.585000E+6,    -4.348159E-5,    -2.456307E-4
9.591250E+6,    -4.532933E-5,    -2.265871E-4
9.597500E+6,    -3.913045E-5,    -2.542138E-4
9.603750E+6,    -6.523728E-5,    -2.608001E-4
9.610000E+6,    -3.415346E-5,    -2.565682E-4
9.616250E+6,    -6.294250E-5,    -2.504885E-4
9.622500E+6,    -5.105138E-5,    -2.583861E-4
9.628750E+6,    -4.369020E-5,    -2.575517E-4
9.635000E+6,    -5.421042E-5,    -2.424419E-4
9.641250E+6,    -5.182624E-5,    -2.545714E-4
9.647500E+6,    -5.304813E-5,    -2.580285E-4
9.653750E+6,    -5.111098E-5,    -2.511442E-4
9.660000E+6,    -4.822016E-5,    -2.411902E-4
9.666250E+6,    -5.370378E-5,    -2.541840E-4
9.672500E+6,    -4.070997E-5,    -2.591014E-4
9.678750E+6,    -5.730987E-5,    -2.830327E-4
9.685000E+6,    -5.635619E-5,    -2.575517E-4
9.691250E+6,    -6.589293E-5,    -2.615452E-4
9.697500E+6,    -4.684925E-5,    -2.686083E-4
9.703750E+6,    -6.550550E-5,    -2.578497E-4
9.710000E+6,    -6.482005E-5,    -2.545416E-4
9.716250E+6,    -6.455183E-5,    -2.509356E-4
9.722500E+6,    -4.470348E-5,    -2.549291E-4
9.728750E+6,    -3.433228E-5,    -2.477169E-4
9.735000E+6,    -5.730987E-5,    -2.465248E-4
9.741250E+6,    -6.902218E-5,    -2.571642E-4
9.747500E+6,    -5.111098E-5,    -2.680123E-4
9.753750E+6,    -5.468726E-5,    -2.554357E-4
9.760000E+6,    -4.073977E-5,    -2.383590E-4
9.766250E+6,    -5.069375E-5,    -2.610981E-4
9.772500E+6,    -5.504489E-5,    -2.329946E-4
9.778750E+6,    -7.784367E-5,    -2.506375E-4
9.785000E+6,    -6.759167E-5,    -2.623498E-4
9.791250E+6,    -6.785989E-5,    -2.622008E-4
9.797500E+6,    -5.450845E-5,    -2.448261E-4
9.803750E+6,    -5.909801E-5,    -2.736151E-4
9.810000E+6,    -5.447865E-5,    -2.795160E-4
9.816250E+6,    -6.920099E-5,    -2.582073E-4
9.822500E+6,    -6.169081E-5,    -2.769530E-4
9.828750E+6,    -7.677078E-5,    -2.553165E-4
9.835000E+6,    -5.158782E-5,    -2.659261E-4
9.841250E+6,    -6.294250E-5,    -2.920330E-4
9.847500E+6,    -7.760525E-5,    -2.706349E-4
9.853750E+6,    -5.188584E-5,    -2.817214E-4
9.860000E+6,    -4.607439E-5,    -2.843738E-4
9.866250E+6,    -5.012751E-5,    -2.717972E-4
9.872500E+6,    -6.043911E-5,    -2.786219E-4
9.878750E+6,    -6.982684E-5,    -2.820790E-4
9.885000E+6,    -8.872151E-5,    -2.703369E-4
9.891250E+6,    -5.733967E-5,    -2.844632E-4
9.897500E+6,    -5.212426E-5,    -2.713203E-4
9.903750E+6,    -8.273125E-5,    -2.692938E-4
9.910000E+6,    -6.440282E-5,    -2.620518E-4
9.916250E+6,    -6.115437E-5,    -2.715588E-4
9.922500E+6,    -5.984306E-5,    -2.838671E-4
9.928750E+6,    -5.599856E-5,    -2.901554E-4
9.935000E+6,    -5.817413E-5,    -2.934337E-4
9.941250E+6,    -9.149313E-5,    -2.814233E-4
9.947500E+6,    -7.036328E-5,    -2.682209E-4
9.953750E+6,    -6.458163E-5,    -2.867579E-4
9.960000E+6,    -6.377697E-5,    -2.834797E-4
9.966250E+6,    -7.736683E-5,    -2.771318E-4
9.972500E+6,    -6.008148E-5,    -2.891719E-4
9.978750E+6,    -6.061792E-5,    -2.892911E-4
9.985000E+6,    -5.343556E-5,    -2.889931E-4
9.991250E+6,    -7.629395E-5,    -2.861023E-4
9.997500E+6,    -7.700920E-5,    -2.886653E-4
1.000375E+7,    -8.022785E-5,    -2.920330E-4
1.001000E+7,    -6.517768E-5,    -2.916753E-4
1.001625E+7,    -6.747246E-5,    -2.946556E-4
1.002250E+7,    -6.923079E-5,    -2.976954E-4
1.002875E+7,    -6.955862E-5,    -3.136098E-4
1.003500E+7,    -6.741285E-5,    -3.070235E-4
1.004125E+7,    -6.335974E-5,    -2.816617E-4
1.004750E+7,    -6.124377E-5,    -2.911985E-4
1.005375E+7,    -7.727742E-5,    -2.906919E-4
1.006000E+7,    -7.256866E-5,    -2.970695E-4
1.006625E+7,    -7.662177E-5,    -3.032386E-4
1.007250E+7,    -6.696582E-5,    -3.125668E-4
1.007875E+7,    -7.838011E-5,    -2.869070E-4
1.008500E+7,    -5.930662E-5,    -2.969205E-4
1.009125E+7,    -7.429719E-5,    -2.774000E-4
1.009750E+7,    -8.437037E-5,    -3.244281E-4
1.010375E+7,    -9.033084E-5,    -3.048778E-4
1.011000E+7,    -7.390976E-5,    -3.182590E-4
1.011625E+7,    -9.262562E-5,    -2.923310E-4
1.012250E+7,    -6.082654E-5,    -3.055930E-4
1.012875E+7,    -8.842349E-5,    -3.109872E-4
1.013500E+7,    -7.852912E-5,    -2.920032E-4
1.014125E+7,    -6.863475E-5,    -3.306270E-4
1.014750E+7,    -6.097555E-5,    -3.017783E-4
1.015375E+7,    -8.136034E-5,    -3.074408E-4
1.016000E+7,    -7.244945E-5,    -3.044903E-4
1.016625E+7,    -8.898973E-5,    -3.194809E-4
1.017250E+7,    -7.238984E-5,    -3.171563E-4
1.017875E+7,    -6.750226E-5,    -3.204048E-4
1.018500E+7,    -8.097291E-5,    -3.129542E-4
1.019125E+7,    -9.092689E-5,    -3.316402E-4
1.019750E+7,    -8.115172E-5,    -3.126264E-4
1.020375E+7,    -8.153915E-5,    -3.253520E-4
1.021000E+7,    -7.516146E-5,    -3.416538E-4
1.021625E+7,    -8.153915E-5,    -3.222525E-4
1.022250E+7,    -9.578466E-5,    -3.178716E-4
1.022875E+7,    -7.194281E-5,    -3.321469E-4
1.023500E+7,    -7.906556E-5,    -3.155470E-4
1.024125E+7,    -9.495020E-5,    -3.269911E-4
1.024750E+7,    -1.001656E-4,    -3.198087E-4
1.025375E+7,    -9.191036E-5,    -3.175139E-4
1.026000E+7,    -7.742643E-5,    -3.347099E-4
1.026625E+7,    -6.189942E-5,    -3.483891E-4
1.027250E+7,    -7.224083E-5,    -3.221333E-4
1.027875E+7,    -9.983778E-5,    -3.261268E-4
1.028500E+7,    -8.752942E-5,    -3.462136E-4
1.029125E+7,    -8.454919E-5,    -3.270507E-4
1.029750E+7,    -1.096129E-4,    -3.245175E-4
1.030375E+7,    -1.137555E-4,    -3.562272E-4
1.031000E+7,    -1.128018E-4,    -3.271103E-4
1.031625E+7,    -9.816885E-5,    -3.443658E-4
1.032250E+7,    -8.329749E-5,    -3.171563E-4
1.032875E+7,    -9.569526E-5,    -3.350675E-4
1.033500E+7,    -1.091361E-4,    -3.433228E-4
1.034125E+7,    -9.194016E-5,    -3.540516E-4
1.034750E+7,    -8.723140E-5,    -3.323257E-4
1.035375E+7,    -8.711219E-5,    -3.580153E-4
1.036000E+7,    -8.472800E-5,    -3.513992E-4
1.036625E+7,    -1.165867E-4,    -3.731251E-4
1.037250E+7,    -8.431077E-5,    -3.356040E-4
1.037875E+7,    -1.014173E-4,    -3.622472E-4
1.038500E+7,    -9.784102E-5,    -3.271699E-4
1.039125E+7,    -1.021028E-4,    -3.589392E-4
1.039750E+7,    -1.106262E-4,    -3.448427E-4
1.040375E+7,    -1.191795E-4,    -3.561378E-4
1.041000E+7,    -1.145899E-4,    -3.470182E-4
1.041625E+7,    -1.010001E-4,    -3.390312E-4
1.042250E+7,    -1.130402E-4,    -3.440380E-4
1.042875E+7,    -1.027286E-4,    -3.772676E-4
1.043500E+7,    -1.053214E-4,    -3.545880E-4
1.044125E+7,    -1.044273E-4,    -3.641248E-4
1.044750E+7,    -1.074076E-4,    -3.534257E-4
1.045375E+7,    -1.319051E-4,    -3.633499E-4
1.046000E+7,    -1.252890E-4,    -3.670454E-4
1.046625E+7,    -1.209378E-4,    -3.706813E-4
1.047250E+7,    -1.152456E-4,    -3.496110E-4
1.047875E+7,    -1.035929E-4,    -3.795326E-4
1.048500E+7,    -1.004338E-4,    -3.738403E-4
1.049125E+7,    -1.147091E-4,    -3.680289E-4
1.049750E+7,    -9.644032E-5,    -3.902912E-4
1.050375E+7,    -1.333952E-4,    -3.554821E-4
1.051000E+7,    -1.087487E-4,    -3.686249E-4
1.051625E+7,    -1.122952E-4,    -3.843307E-4
1.052250E+7,    -1.128614E-4,    -3.710389E-4
1.052875E+7,    -1.425743E-4,    -3.756285E-4
1.053500E+7,    -1.455545E-4,    -3.654361E-4
1.054125E+7,    -1.180172E-4,    -3.864169E-4
1.054750E+7,    -1.122952E-4,    -3.774166E-4
1.055375E+7,    -1.330376E-4,    -3.798604E-4
1.056000E+7,    -1.382828E-4,    -3.858805E-4
1.056625E+7,    -1.427531E-4,    -3.908873E-4
1.057250E+7,    -1.447797E-4,    -3.676414E-4
1.057875E+7,    -1.557469E-4,    -3.949404E-4
1.058500E+7,    -1.105070E-4,    -4.026890E-4
1.059125E+7,    -1.425743E-4,    -3.839135E-4
1.059750E+7,    -1.329184E-4,    -4.050136E-4
1.060375E+7,    -1.376271E-4,    -3.880262E-4
1.061000E+7,    -1.263618E-4,    -3.838539E-4
1.061625E+7,    -1.468062E-4,    -3.955364E-4
1.062250E+7,    -1.290441E-4,    -3.956556E-4
1.062875E+7,    -1.450777E-4,    -4.018545E-4
1.063500E+7,    -1.227856E-4,    -3.969669E-4
1.064125E+7,    -1.519322E-4,    -4.203916E-4
1.064750E+7,    -1.381636E-4,    -3.910065E-4
1.065375E+7,    -1.544356E-4,    -4.097223E-4
1.066000E+7,    -1.558065E-4,    -4.092455E-4
1.066625E+7,    -1.502633E-4,    -4.361272E-4
1.067250E+7,    -1.248717E-4,    -4.028082E-4
1.067875E+7,    -1.487136E-4,    -4.076362E-4
1.068500E+7,    -1.336336E-4,    -4.101396E-4
1.069125E+7,    -1.524091E-4,    -4.096627E-4
1.069750E+7,    -1.145005E-4,    -4.312396E-4
1.070375E+7,    -1.434088E-4,    -4.308224E-4
1.071000E+7,    -1.624227E-4,    -4.070401E-4
1.071625E+7,    -1.489520E-4,    -4.228354E-4
1.072250E+7,    -1.611710E-4,    -4.132390E-4
1.072875E+7,    -1.525283E-4,    -4.120469E-4
1.073500E+7,    -1.452565E-4,    -4.367232E-4
1.074125E+7,    -1.345873E-4,    -4.227757E-4
1.074750E+7,    -1.508594E-4,    -4.184842E-4
1.075375E+7,    -1.450181E-4,    -4.205108E-4
1.076000E+7,    -1.441240E-4,    -4.401803E-4
1.076625E+7,    -1.512766E-4,    -4.149079E-4
1.077250E+7,    -1.443028E-4,    -4.494190E-4
1.077875E+7,    -1.460910E-4,    -4.265308E-4
1.078500E+7,    -1.572371E-4,    -4.494786E-4
1.079125E+7,    -1.630783E-4,    -4.348755E-4
1.079750E+7,    -1.597404E-4,    -4.388094E-4
1.080375E+7,    -1.555681E-4,    -4.525781E-4
1.081000E+7,    -1.402497E-4,    -4.571080E-4
1.081625E+7,    -1.628399E-4,    -4.705787E-4
1.082250E+7,    -1.627803E-4,    -4.575849E-4
1.082875E+7,    -1.679659E-4,    -4.528165E-4
1.083500E+7,    -1.516938E-4,    -4.538298E-4
1.084125E+7,    -1.733303E-4,    -4.447103E-4
1.084750E+7,    -1.648068E-4,    -4.534125E-4
1.085375E+7,    -1.730919E-4,    -4.409552E-4
1.086000E+7,    -1.802444E-4,    -4.491806E-4
1.086625E+7,    -1.751184E-4,    -4.632473E-4
1.087250E+7,    -1.899004E-4,    -4.559159E-4
1.087875E+7,    -1.582503E-4,    -4.722476E-4
1.088500E+7,    -1.742244E-4,    -4.568100E-4
1.089125E+7,    -1.763105E-4,    -4.897118E-4
1.089750E+7,    -1.685619E-4,    -4.588962E-4
1.090375E+7,    -1.840591E-4,    -4.836321E-4
1.091000E+7,    -1.838207E-4,    -4.811883E-4
1.091625E+7,    -1.689792E-4,    -4.655719E-4
1.092250E+7,    -1.739264E-4,    -4.696846E-4
1.092875E+7,    -1.859069E-4,    -4.796982E-4
1.093500E+7,    -1.855493E-4,    -4.768372E-4
1.094125E+7,    -1.853704E-4,    -4.965067E-4
1.094750E+7,    -1.682043E-4,    -4.882813E-4
1.095375E+7,    -2.030134E-4,    -4.700422E-4
1.096000E+7,    -1.792312E-4,    -5.061030E-4
1.096625E+7,    -2.047420E-4,    -4.698634E-4
1.097250E+7,    -2.039075E-4,    -4.872084E-4
1.097875E+7,    -2.120733E-4,    -4.841685E-4
1.098500E+7,    -1.900792E-4,    -4.715323E-4
1.099125E+7,    -1.959205E-4,    -4.860163E-4
1.099750E+7,    -1.982450E-4,    -5.058050E-4
1.100375E+7,    -2.069473E-4,    -4.931092E-4
1.101000E+7,    -1.838803E-4,    -5.000234E-4
1.101625E+7,    -2.112985E-4,    -5.040765E-4
1.102250E+7,    -1.952052E-4,    -5.167127E-4
1.102875E+7,    -2.187490E-4,    -4.880428E-4
1.103500E+7,    -2.138615E-4,    -5.131960E-4
1.104125E+7,    -2.149343E-4,    -4.926324E-4
1.104750E+7,    -2.139807E-4,    -5.204082E-4
1.105375E+7,    -2.143979E-4,    -4.887581E-4
1.106000E+7,    -2.090931E-4,    -5.105734E-4
1.106625E+7,    -2.025366E-4,    -5.131364E-4
1.107250E+7,    -2.171397E-4,    -5.154610E-4
1.107875E+7,    -2.178550E-4,    -5.255938E-4
1.108500E+7,    -2.073050E-4,    -5.334616E-4
1.109125E+7,    -2.107024E-4,    -5.452037E-4
1.109750E+7,    -2.226830E-4,    -5.447865E-4
1.110375E+7,    -2.198219E-4,    -5.598068E-4
1.111000E+7,    -2.026558E-4,    -5.419850E-4
1.111625E+7,    -2.372265E-4,    -5.255938E-4
1.112250E+7,    -2.421737E-4,    -5.474091E-4
1.112875E+7,    -2.176166E-4,    -5.616546E-4
1.113500E+7,    -2.213120E-4,    -5.355477E-4
1.114125E+7,    -2.324581E-4,    -5.523562E-4
1.114750E+7,    -2.254844E-4,    -5.560517E-4
1.115375E+7,    -2.313852E-4,    -5.571842E-4
1.116000E+7,    -2.125502E-4,    -5.599260E-4
1.116625E+7,    -2.346635E-4,    -5.604029E-4
1.117250E+7,    -2.253652E-4,    -5.496144E-4
1.117875E+7,    -2.537966E-4,    -5.648136E-4
1.118500E+7,    -2.365112E-4,    -5.667210E-4
1.119125E+7,    -2.579093E-4,    -5.720854E-4
1.119750E+7,    -2.488494E-4,    -5.755424E-4
1.120375E+7,    -2.451539E-4,    -6.196499E-4
1.121000E+7,    -2.678037E-4,    -6.061792E-4
1.121625E+7,    -2.570748E-4,    -6.330609E-4
1.122250E+7,    -2.462268E-4,    -6.414056E-4
1.122875E+7,    -3.032684E-4,    -6.954670E-4
1.123500E+7,    -3.050566E-4,    -7.278919E-4
1.124125E+7,    -2.973080E-4,    -7.461309E-4
1.124750E+7,    -2.952814E-4,    -7.752180E-4
1.125375E+7,    -3.294945E-4,    -7.350445E-4
1.126000E+7,    -3.018379E-4,    -7.567406E-4
1.126625E+7,    -2.776384E-4,    -7.295609E-4
1.127250E+7,    -2.814531E-4,    -7.978678E-4
1.127875E+7,    -3.113747E-4,    -7.382631E-4
1.128500E+7,    -3.273487E-4,    -7.319450E-4
1.129125E+7,    -2.881289E-4,    -7.141829E-4
1.129750E+7,    -2.710223E-4,    -6.675124E-4
1.130375E+7,    -3.286600E-4,    -6.864071E-4
1.131000E+7,    -3.104210E-4,    -7.348061E-4
1.131625E+7,    -3.066063E-4,    -7.032156E-4
1.132250E+7,    -3.021955E-4,    -7.413626E-4
1.132875E+7,    -3.439188E-4,    -6.983280E-4
1.133500E+7,    -3.187656E-4,    -7.755756E-4
1.134125E+7,    -3.089905E-4,    -6.963015E-4
1.134750E+7,    -2.832413E-4,    -7.437468E-4
1.135375E+7,    -2.911091E-4,    -7.009506E-4
1.136000E+7,    -3.126264E-4,    -6.548166E-4
1.136625E+7,    -3.414154E-4,    -7.054806E-4
1.137250E+7,    -3.463030E-4,    -7.513762E-4
1.137875E+7,    -3.386736E-4,    -7.686615E-4
1.138500E+7,    -3.395081E-4,    -7.504225E-4
1.139125E+7,    -3.311634E-4,    -7.593632E-4
1.139750E+7,    -3.343821E-4,    -7.262230E-4
1.140375E+7,    -3.401041E-4,    -7.042885E-4
1.141000E+7,    -3.309250E-4,    -7.025003E-4
1.141625E+7,    -3.340244E-4,    -6.905794E-4
1.142250E+7,    -3.219843E-4,    -7.387400E-4
1.142875E+7,    -3.591776E-4,    -7.666349E-4
1.143500E+7,    -3.210306E-4,    -7.548332E-4
1.144125E+7,    -3.466606E-4,    -7.258654E-4
1.144750E+7,    -3.415346E-4,    -8.125305E-4
1.145375E+7,    -3.695488E-4,    -8.260012E-4
1.146000E+7,    -4.022121E-4,    -8.282661E-4
1.146625E+7,    -4.385710E-4,    -8.462667E-4
1.147250E+7,    -3.625154E-4,    -8.699894E-4
1.147875E+7,    -3.956556E-4,    -8.074045E-4
1.148500E+7,    -3.674030E-4,    -8.312464E-4
1.149125E+7,    -4.364252E-4,    -9.276867E-4
1.149750E+7,    -4.009008E-4,    -9.338856E-4
1.150375E+7,    -3.982782E-4,    -9.194613E-4
1.151000E+7,    -4.407167E-4,    -9.140968E-4
1.151625E+7,    -3.851652E-4,    -9.443760E-4
1.152250E+7,    -3.654957E-4,    -9.270906E-4
1.152875E+7,    -4.105568E-4,    -8.906126E-4
1.153500E+7,    -4.144907E-4,    -8.194447E-4
1.154125E+7,    -4.688501E-4,    -9.151697E-4
1.154750E+7,    -4.302263E-4,    -9.425879E-4
1.155375E+7,    -4.442930E-4,    -8.962154E-4
1.156000E+7,    -4.004240E-4,    -1.087546E-3
1.156625E+7,    -4.394054E-4,    -1.064181E-3
1.157250E+7,    -4.423857E-4,    -1.083970E-3
1.157875E+7,    -5.161762E-4,    -1.054764E-3
1.158500E+7,    -4.968643E-4,    -1.190662E-3
1.159125E+7,    -4.527569E-4,    -1.033664E-3
1.159750E+7,    -4.112720E-4,    -1.051784E-3
1.160375E+7,    -5.124807E-4,    -1.106262E-3
1.161000E+7,    -4.811287E-4,    -1.098871E-3
1.161625E+7,    -5.217791E-4,    -1.193881E-3
1.162250E+7,    -5.298853E-4,    -1.251578E-3
1.162875E+7,    -4.580021E-4,    -1.515150E-3
1.163500E+7,    -4.463196E-4,    -1.649141E-3
1.164125E+7,    -1.549721E-4,    -1.944780E-3
1.164750E+7,    2.119541E-4,    -2.085686E-3
1.165375E+7,    7.152557E-7,    -2.088547E-3
1.166000E+7,    4.167557E-4,    -1.991034E-3
1.166625E+7,    8.625984E-4,    -2.070904E-3
1.167250E+7,    1.040101E-3,    -1.832962E-3
1.167875E+7,    1.054287E-3,    -1.836300E-3
1.168500E+7,    1.087308E-3,    -1.830697E-3
1.169125E+7,    1.089573E-3,    -1.853704E-3
1.169750E+7,    1.084685E-3,    -1.864552E-3
1.170375E+7,    1.127839E-3,    -1.929164E-3
1.171000E+7,    1.112938E-3,    -1.937032E-3
1.171625E+7,    1.093507E-3,    -1.935720E-3
1.172250E+7,    1.110673E-3,    -1.891971E-3
1.172875E+7,    1.095772E-3,    -1.958132E-3
1.173500E+7,    1.109600E-3,    -2.012253E-3
1.174125E+7,    1.096249E-3,    -2.021790E-3
1.174750E+7,    1.163244E-3,    -2.039194E-3
1.175375E+7,    1.148939E-3,    -1.993656E-3
1.176000E+7,    1.163483E-3,    -2.011538E-3
1.176625E+7,    1.120806E-3,    -2.062798E-3
1.177250E+7,    1.161814E-3,    -2.088785E-3
1.177875E+7,    1.178503E-3,    -2.062798E-3
1.178500E+7,    1.190186E-3,    -2.046585E-3
1.179125E+7,    1.141071E-3,    -2.124071E-3
1.179750E+7,    1.165390E-3,    -2.165556E-3
1.180375E+7,    1.126289E-3,    -2.110720E-3
1.181000E+7,    1.094818E-3,    -2.120018E-3
1.181625E+7,    1.165867E-3,    -2.147913E-3
1.182250E+7,    1.166105E-3,    -2.203226E-3
1.182875E+7,    1.162529E-3,    -2.236366E-3
1.183500E+7,    1.210451E-3,    -2.242327E-3
1.184125E+7,    1.184225E-3,    -2.302885E-3
1.184750E+7,    1.235485E-3,    -2.286673E-3
1.185375E+7,    1.209259E-3,    -2.306938E-3
1.186000E+7,    1.218319E-3,    -2.330065E-3
1.186625E+7,    1.223803E-3,    -2.382517E-3
1.187250E+7,    1.268148E-3,    -2.363682E-3
1.187875E+7,    1.201391E-3,    -2.384663E-3
1.188500E+7,    1.287222E-3,    -2.417088E-3
1.189125E+7,    1.216412E-3,    -2.420187E-3
1.189750E+7,    1.268387E-3,    -2.495766E-3
1.190375E+7,    1.305580E-3,    -2.520561E-3
1.191000E+7,    1.284838E-3,    -2.474785E-3
1.191625E+7,    1.335382E-3,    -2.519369E-3
1.192250E+7,    1.311302E-3,    -2.543688E-3
1.192875E+7,    1.345158E-3,    -2.599239E-3
1.193500E+7,    1.382351E-3,    -2.612591E-3
1.194125E+7,    1.327515E-3,    -2.631426E-3
1.194750E+7,    1.330376E-3,    -2.665281E-3
1.195375E+7,    1.370668E-3,    -2.689362E-3
1.196000E+7,    1.355410E-3,    -2.626657E-3
1.196625E+7,    1.327276E-3,    -2.715588E-3
1.197250E+7,    1.330376E-3,    -2.693415E-3
1.197875E+7,    1.292467E-3,    -2.753973E-3
1.198500E+7,    1.368523E-3,    -2.756357E-3
1.199125E+7,    1.343727E-3,    -2.799988E-3
1.199750E+7,    1.353502E-3,    -2.799988E-3
1.200375E+7,    1.347065E-3,    -2.849579E-3
1.201000E+7,    1.302242E-3,    -2.875805E-3
1.201625E+7,    1.329660E-3,    -2.850294E-3
1.202250E+7,    1.342773E-3,    -2.900362E-3
1.202875E+7,    1.365423E-3,    -2.992392E-3
1.203500E+7,    1.386404E-3,    -2.933979E-3
1.204125E+7,    1.323700E-3,    -2.901316E-3
1.204750E+7,    1.356125E-3,    -2.922773E-3
1.205375E+7,    1.428604E-3,    -2.970934E-3
1.206000E+7,    1.315355E-3,    -2.959967E-3
1.206625E+7,    1.419067E-3,    -3.113508E-3
1.207250E+7,    1.396656E-3,    -3.129244E-3
1.207875E+7,    1.392841E-3,    -3.092766E-3
1.208500E+7,    1.390696E-3,    -3.057718E-3
1.209125E+7,    1.363754E-3,    -3.127575E-3
1.209750E+7,    1.427650E-3,    -3.160477E-3
1.210375E+7,    1.381636E-3,    -3.170252E-3
1.211000E+7,    1.436234E-3,    -3.222466E-3
1.211625E+7,    1.356363E-3,    -3.204584E-3
1.212250E+7,    1.432180E-3,    -3.229380E-3
1.212875E+7,    1.446486E-3,    -3.272772E-3
1.213500E+7,    1.422644E-3,    -3.333092E-3
1.214125E+7,    1.447916E-3,    -3.333569E-3
1.214750E+7,    1.457214E-3,    -3.365755E-3
1.215375E+7,    1.479626E-3,    -3.412724E-3
1.216000E+7,    1.506090E-3,    -3.440619E-3
1.216625E+7,    1.500368E-3,    -3.442049E-3
1.217250E+7,    1.491547E-3,    -3.518581E-3
1.217875E+7,    1.498699E-3,    -3.519297E-3
1.218500E+7,    1.506805E-3,    -3.577948E-3
1.219125E+7,    1.474619E-3,    -3.614664E-3
1.219750E+7,    1.544952E-3,    -3.679991E-3
1.220375E+7,    1.515150E-3,    -3.647089E-3
1.221000E+7,    1.593113E-3,    -3.731966E-3
1.221625E+7,    1.554966E-3,    -3.790140E-3
1.222250E+7,    1.579762E-3,    -3.762960E-3
1.222875E+7,    1.605034E-3,    -3.800154E-3
1.223500E+7,    1.631975E-3,    -3.921747E-3
1.224125E+7,    1.621008E-3,    -3.940582E-3
1.224750E+7,    1.665592E-3,    -3.980637E-3
1.225375E+7,    1.632690E-3,    -3.980160E-3
1.226000E+7,    1.642704E-3,    -4.030228E-3
1.226625E+7,    1.634598E-3,    -4.096031E-3
1.227250E+7,    1.647472E-3,    -4.125118E-3
1.227875E+7,    1.722336E-3,    -4.213333E-3
1.228500E+7,    1.784325E-3,    -4.222870E-3
1.229125E+7,    1.770020E-3,    -4.268646E-3
1.229750E+7,    1.753330E-3,    -4.307747E-3
1.230375E+7,    1.764297E-3,    -4.349232E-3
1.231000E+7,    1.745701E-3,    -4.413128E-3
1.231625E+7,    1.774311E-3,    -4.419804E-3
1.232250E+7,    1.835823E-3,    -4.503250E-3
1.232875E+7,    1.825809E-3,    -4.570961E-3
1.233500E+7,    1.886368E-3,    -4.668236E-3
1.234125E+7,    1.838684E-3,    -4.648209E-3
1.234750E+7,    1.895428E-3,    -4.678249E-3
1.235375E+7,    1.890182E-3,    -4.771233E-3
1.236000E+7,    1.922607E-3,    -4.847527E-3
1.236625E+7,    1.901627E-3,    -4.885674E-3
1.237250E+7,    1.925468E-3,    -4.964352E-3
1.237875E+7,    1.964569E-3,    -4.977703E-3
1.238500E+7,    2.011299E-3,    -5.045891E-3
1.239125E+7,    1.989365E-3,    -5.148411E-3
1.239750E+7,    2.025127E-3,    -5.152225E-3
1.240375E+7,    2.017021E-3,    -5.258560E-3
1.241000E+7,    2.084255E-3,    -5.319595E-3
1.241625E+7,    2.130032E-3,    -5.389214E-3
1.242250E+7,    2.120018E-3,    -5.468845E-3
1.242875E+7,    2.153873E-3,    -5.502224E-3
1.243500E+7,    2.115250E-3,    -5.599022E-3
1.244125E+7,    2.177715E-3,    -5.726337E-3
1.244750E+7,    2.151489E-3,    -5.711555E-3
1.245375E+7,    2.217293E-3,    -5.823612E-3
1.246000E+7,    2.216339E-3,    -5.869389E-3
1.246625E+7,    2.277374E-3,    -6.010532E-3
1.247250E+7,    2.303600E-3,    -6.072044E-3
1.247875E+7,    2.290726E-3,    -6.093025E-3
1.248500E+7,    2.356052E-3,    -6.202221E-3
1.249125E+7,    2.374172E-3,    -6.260395E-3
1.249750E+7,    2.432823E-3,    -6.373882E-3
1.250375E+7,    2.479553E-3,    -6.517410E-3
1.251000E+7,    2.492428E-3,    -6.565571E-3
1.251625E+7,    2.511978E-3,    -6.665230E-3
1.252250E+7,    2.583027E-3,    -6.748199E-3
1.252875E+7,    2.521038E-3,    -6.884098E-3
1.253500E+7,    2.574921E-3,    -6.972313E-3
1.254125E+7,    2.584457E-3,    -7.076263E-3
1.254750E+7,    2.750397E-3,    -7.168770E-3
1.255375E+7,    2.671242E-3,    -7.264137E-3
1.256000E+7,    2.814770E-3,    -7.447243E-3
1.256625E+7,    2.793789E-3,    -7.538795E-3
1.257250E+7,    2.858162E-3,    -7.633686E-3
1.257875E+7,    2.842426E-3,    -7.730484E-3
1.258500E+7,    2.922058E-3,    -7.853031E-3
1.259125E+7,    2.959728E-3,    -7.930756E-3
1.259750E+7,    2.946854E-3,    -8.092880E-3
1.260375E+7,    2.994537E-3,    -8.256912E-3
1.261000E+7,    2.945900E-3,    -8.364677E-3
1.261625E+7,    3.021240E-3,    -8.585930E-3
1.262250E+7,    3.148079E-3,    -8.650780E-3
1.262875E+7,    2.900124E-3,    -9.057999E-3
1.263500E+7,    3.182411E-3,    -8.851051E-3
1.264125E+7,    3.220558E-3,    -9.109497E-3
1.264750E+7,    3.331184E-3,    -9.316444E-3
1.265375E+7,    3.355980E-3,    -9.386063E-3
1.266000E+7,    3.258705E-3,    -9.669304E-3
1.266625E+7,    3.445625E-3,    -9.681702E-3
1.267250E+7,    1.223564E-3,    -1.061058E-2
1.267875E+7,    2.209663E-3,    -1.068783E-2
1.268500E+7,    1.273155E-3,    -1.125050E-2
1.269125E+7,    2.598763E-3,    -1.116085E-2
1.269750E+7,    3.649712E-3,    -1.044846E-2
1.270375E+7,    8.583069E-5,    -1.093864E-2
1.271000E+7,    1.354218E-3,    -1.256943E-2
1.271625E+7,    3.879547E-3,    -1.117706E-2
1.272250E+7,    3.958702E-3,    -1.135921E-2
1.272875E+7,    4.055977E-3,    -1.160526E-2
1.273500E+7,    3.890991E-3,    -1.207447E-2
1.274125E+7,    4.136086E-3,    -1.213932E-2
1.274750E+7,    4.073143E-3,    -1.255846E-2
1.275375E+7,    4.261017E-3,    -1.253366E-2
1.276000E+7,    3.585339E-3,    -1.308060E-2
1.276625E+7,    1.962662E-3,    -1.358128E-2
1.277250E+7,    -2.424717E-3,    -9.972095E-3
1.277875E+7,    -3.809929E-3,    -1.259613E-2
1.278500E+7,    -1.752853E-3,    -1.497841E-2
1.279125E+7,    2.336502E-4,    -1.577759E-2
1.279750E+7,    3.412724E-3,    -1.478577E-2
1.280375E+7,    -1.667023E-3,    -1.453018E-2
1.281000E+7,    -5.424500E-3,    -1.245022E-2
1.281625E+7,    -4.343987E-3,    -1.678562E-2
1.282250E+7,    -4.746437E-3,    -1.663208E-2
1.282875E+7,    1.433372E-3,    -1.711178E-2
1.283500E+7,    -7.046700E-3,    -1.462746E-2
1.284125E+7,    4.651070E-3,    -1.864719E-2
1.284750E+7,    5.343437E-3,    -1.836491E-2
1.285375E+7,    3.982544E-3,    -1.955032E-2
1.286000E+7,    4.174232E-3,    -1.946354E-2
1.286625E+7,    4.016876E-3,    -2.056503E-2
1.287250E+7,    4.826546E-3,    -2.068710E-2
1.287875E+7,    5.904198E-3,    -2.037239E-2
1.288500E+7,    4.684448E-3,    -2.067852E-2
1.289125E+7,    3.212929E-3,    -2.292061E-2
1.289750E+7,    1.277924E-4,    -2.323914E-2
1.290375E+7,    4.145622E-3,    -2.280426E-2
1.291000E+7,    2.501488E-3,    -2.383232E-2
1.291625E+7,    1.274109E-3,    -2.556229E-2
1.292250E+7,    -1.495361E-3,    -2.263546E-2
1.292875E+7,    2.412796E-4,    -2.532768E-2
1.293500E+7,    -9.734154E-3,    -2.140331E-2
1.294125E+7,    -6.697655E-3,    -2.378559E-2
1.294750E+7,    -9.662628E-3,    -1.857471E-2
1.295375E+7,    -9.830475E-3,    -1.231480E-2
1.296000E+7,    -8.562088E-3,    -9.406090E-3
1.296625E+7,    -8.413315E-3,    -8.993149E-3
1.297250E+7,    -8.778572E-3,    -9.316444E-3
1.297875E+7,    -8.971214E-3,    -9.456635E-3
1.298500E+7,    -9.227753E-3,    -9.641647E-3
1.299125E+7,    -9.490967E-3,    -9.881973E-3
1.299750E+7,    -9.767532E-3,    -1.004982E-2
1.300375E+7,    -1.013374E-2,    -1.033306E-2
1.301000E+7,    -1.046562E-2,    -1.062489E-2
1.301625E+7,    -1.078606E-2,    -1.081753E-2
1.302250E+7,    -1.118755E-2,    -1.117325E-2
1.302875E+7,    -1.156998E-2,    -1.140118E-2
1.303500E+7,    -1.193428E-2,    -1.173973E-2
1.304125E+7,    -1.239300E-2,    -1.200771E-2
1.304750E+7,    -1.284218E-2,    -1.233101E-2
1.305375E+7,    -1.325607E-2,    -1.264572E-2
1.306000E+7,    -1.372910E-2,    -1.298046E-2
1.306625E+7,    -1.429462E-2,    -1.333237E-2
1.307250E+7,    -1.482773E-2,    -1.372719E-2
1.307875E+7,    -1.549435E-2,    -1.417542E-2
1.308500E+7,    -1.610947E-2,    -1.456833E-2
1.309125E+7,    -1.681042E-2,    -1.503086E-2
1.309750E+7,    -1.741791E-2,    -1.540375E-2
1.310375E+7,    -1.818848E-2,    -1.588631E-2
1.311000E+7,    -1.895905E-2,    -1.633644E-2
1.311625E+7,    -1.981354E-2,    -1.683617E-2
1.312250E+7,    -2.078629E-2,    -1.741028E-2
1.312875E+7,    -2.179527E-2,    -1.801109E-2
1.313500E+7,    -2.284050E-2,    -1.857567E-2
1.314125E+7,    -2.388573E-2,    -1.913834E-2
1.314750E+7,    -2.513313E-2,    -1.981544E-2
1.315375E+7,    -2.673721E-2,    -2.067757E-2
1.316000E+7,    -2.815247E-2,    -2.138138E-2
1.316625E+7,    -2.964592E-2,    -2.214622E-2
1.317250E+7,    -3.106117E-2,    -2.266884E-2
1.317875E+7,    -3.293610E-2,    -2.354431E-2
1.318500E+7,    -3.469276E-2,    -2.435303E-2
1.319125E+7,    -3.701973E-2,    -2.528191E-2
1.319750E+7,    -3.872299E-2,    -2.584457E-2
1.320375E+7,    -4.111481E-2,    -2.659607E-2
1.321000E+7,    -4.407883E-2,    -2.782440E-2
1.321625E+7,    -4.631805E-2,    -2.827454E-2
1.322250E+7,    -4.928589E-2,    -2.909470E-2
1.322875E+7,    -5.305481E-2,    -3.013611E-2
1.323500E+7,    -5.725098E-2,    -3.113937E-2
1.324125E+7,    -6.206894E-2,    -3.240585E-2
1.324750E+7,    -6.802750E-2,    -3.378677E-2
1.325375E+7,    -7.456207E-2,    -3.523636E-2
1.326000E+7,    -7.988739E-2,    -3.544998E-2
1.326625E+7,    -8.676147E-2,    -3.592300E-2
1.327250E+7,    -9.453583E-2,    -3.610992E-2
1.327875E+7,    -1.038818E-1,    -3.603363E-2
1.328500E+7,    -1.124878E-1,    -3.504181E-2
1.329125E+7,    -1.247940E-1,    -3.460693E-2
1.329750E+7,    -1.362610E-1,    -3.210449E-2
1.330375E+7,    -1.482315E-1,    -2.718353E-2
1.331000E+7,    -1.673126E-1,    -2.204132E-2
1.331625E+7,    -1.841125E-1,    -1.464844E-2
1.332250E+7,    -2.061996E-1,    -3.250122E-3
1.332875E+7,    -2.185745E-1,    1.078033E-2
1.333500E+7,    -2.310181E-1,    3.096771E-2
1.334125E+7,    -2.450485E-1,    5.488586E-2
1.334750E+7,    -2.569885E-1,    8.607483E-2
1.335375E+7,    -2.702179E-1,    1.253052E-1
1.336000E+7,    -2.711792E-1,    1.652679E-1
1.336625E+7,    -2.571564E-1,    2.093048E-1
1.337250E+7,    -2.410431E-1,    2.539673E-1
1.337875E+7,    -2.075958E-1,    2.897797E-1
1.338500E+7,    -1.676636E-1,    3.165588E-1
1.339125E+7,    -1.267090E-1,    3.385010E-1
1.339750E+7,    -8.468628E-2,    3.446045E-1
1.340375E+7,    -4.510498E-2,    3.420410E-1
1.341000E+7,    -1.022339E-2,    3.356934E-1
1.341625E+7,    1.959229E-2,    3.294067E-1
1.342250E+7,    4.470825E-2,    3.175049E-1
1.342875E+7,    6.753540E-2,    3.074951E-1
1.343500E+7,    8.688354E-2,    2.968140E-1
1.344125E+7,    1.018677E-1,    2.822571E-1
1.344750E+7,    1.169128E-1,    2.720947E-1
1.345375E+7,    1.297607E-1,    2.616577E-1
1.346000E+7,    1.420898E-1,    2.509155E-1
1.346625E+7,    1.549530E-1,    2.431030E-1
1.347250E+7,    1.677704E-1,    2.370758E-1
1.347875E+7,    1.781616E-1,    2.272797E-1
1.348500E+7,    1.888275E-1,    2.168884E-1
1.349125E+7,    2.008972E-1,    2.084808E-1
1.349750E+7,    2.144318E-1,    1.999512E-1
1.350375E+7,    2.301025E-1,    1.925659E-1
1.351000E+7,    2.438507E-1,    1.813965E-1
1.351625E+7,    2.587891E-1,    1.690063E-1
1.352250E+7,    2.756195E-1,    1.546021E-1
1.352875E+7,    2.932281E-1,    1.383057E-1
1.353500E+7,    3.115692E-1,    1.176910E-1
1.354125E+7,    3.283539E-1,    9.330750E-2
1.354750E+7,    3.441162E-1,    6.379700E-2
1.355375E+7,    3.560944E-1,    2.912903E-2
1.356000E+7,    3.621521E-1,    -9.796143E-3
1.356625E+7,    3.601990E-1,    -5.157471E-2
1.357250E+7,    3.488464E-1,    -9.408569E-2
1.357875E+7,    3.297424E-1,    -1.350403E-1
1.358500E+7,    3.020325E-1,    -1.699524E-1
1.359125E+7,    2.684326E-1,    -1.967468E-1
1.359750E+7,    2.320862E-1,    -2.147369E-1
1.360375E+7,    1.957397E-1,    -2.239685E-1
1.361000E+7,    1.614532E-1,    -2.266235E-1
1.361625E+7,    1.309357E-1,    -2.236938E-1
1.362250E+7,    1.044617E-1,    -2.166290E-1
1.362875E+7,    8.215332E-2,    -2.076263E-1
1.363500E+7,    6.379700E-2,    -1.974945E-1
1.364125E+7,    4.850769E-2,    -1.864166E-1
1.364750E+7,    3.573608E-2,    -1.751556E-1
1.365375E+7,    2.566528E-2,    -1.647339E-1
1.366000E+7,    1.750183E-2,    -1.546478E-1
1.366625E+7,    1.084900E-2,    -1.455231E-1
1.367250E+7,    5.249023E-3,    -1.366425E-1
1.367875E+7,    5.645752E-4,    -1.285553E-1
1.368500E+7,    -2.975464E-3,    -1.212463E-1
1.369125E+7,    -5.805969E-3,    -1.137619E-1
1.369750E+7,    -7.934570E-3,    -1.075211E-1
1.370375E+7,    -1.008606E-2,    -1.016388E-1
1.371000E+7,    -1.129150E-2,    -9.622192E-2
1.371625E+7,    -1.259613E-2,    -9.135437E-2
1.372250E+7,    -1.373291E-2,    -8.645630E-2
1.372875E+7,    -1.504517E-2,    -8.287811E-2
1.373500E+7,    -1.510620E-2,    -7.899475E-2
1.374125E+7,    -1.580811E-2,    -7.546997E-2
1.374750E+7,    -1.605225E-2,    -7.218933E-2
1.375375E+7,    -1.663971E-2,    -6.902313E-2
1.376000E+7,    -1.683044E-2,    -6.630707E-2
1.376625E+7,    -1.696777E-2,    -6.365967E-2
1.377250E+7,    -1.716614E-2,    -6.127930E-2
1.377875E+7,    -1.728821E-2,    -5.905914E-2
1.378500E+7,    -1.736450E-2,    -5.690765E-2
1.379125E+7,    -1.734924E-2,    -5.500793E-2
1.379750E+7,    -1.745605E-2,    -5.316162E-2
1.380375E+7,    -1.745605E-2,    -5.145264E-2
1.381000E+7,    -1.747894E-2,    -4.983521E-2
1.381625E+7,    -1.740265E-2,    -4.840088E-2
1.382250E+7,    -1.735687E-2,    -4.699707E-2
1.382875E+7,    -1.739883E-2,    -4.568863E-2
1.383500E+7,    -1.737595E-2,    -4.450226E-2
1.384125E+7,    -1.739120E-2,    -4.337692E-2
1.384750E+7,    -1.729584E-2,    -4.225540E-2
1.385375E+7,    -1.731873E-2,    -4.126740E-2
1.386000E+7,    -1.732635E-2,    -4.030228E-2
1.386625E+7,    -1.723862E-2,    -3.947449E-2
1.387250E+7,    -1.723480E-2,    -3.865433E-2
1.387875E+7,    -1.721573E-2,    -3.786469E-2
1.388500E+7,    -1.728058E-2,    -3.719711E-2
1.389125E+7,    -1.727676E-2,    -3.659058E-2
1.389750E+7,    -1.727295E-2,    -3.590775E-2
1.390375E+7,    -1.734543E-2,    -3.534317E-2
1.391000E+7,    -1.734924E-2,    -3.479767E-2
1.391625E+7,    -1.749039E-2,    -3.430557E-2
1.392250E+7,    -1.753235E-2,    -3.385925E-2
1.392875E+7,    -1.767349E-2,    -3.347015E-2
1.393500E+7,    -1.771927E-2,    -3.308105E-2
1.394125E+7,    -1.789474E-2,    -3.276825E-2
1.394750E+7,    -1.804352E-2,    -3.249168E-2
1.395375E+7,    -1.820374E-2,    -3.219414E-2
1.396000E+7,    -1.840591E-2,    -3.202820E-2
1.396625E+7,    -1.865387E-2,    -3.181648E-2
1.397250E+7,    -1.892090E-2,    -3.167343E-2
1.397875E+7,    -1.914406E-2,    -3.152847E-2
1.398500E+7,    -1.949120E-2,    -3.149033E-2
1.399125E+7,    -1.985550E-2,    -3.143883E-2
1.399750E+7,    -2.028847E-2,    -3.146362E-2
1.400375E+7,    -2.070045E-2,    -3.145790E-2
1.401000E+7,    -2.122879E-2,    -3.160286E-2
1.401625E+7,    -2.174568E-2,    -3.170395E-2
1.402250E+7,    -2.240944E-2,    -3.184891E-2
1.402875E+7,    -2.311516E-2,    -3.207207E-2
1.403500E+7,    -2.398682E-2,    -3.233337E-2
1.404125E+7,    -2.481842E-2,    -3.265953E-2
1.404750E+7,    -2.583122E-2,    -3.302574E-2
1.405375E+7,    -2.707672E-2,    -3.344154E-2
1.406000E+7,    -2.839088E-2,    -3.395653E-2
1.406625E+7,    -2.987289E-2,    -3.444672E-2
1.407250E+7,    -3.168869E-2,    -3.503418E-2
1.407875E+7,    -3.380585E-2,    -3.557587E-2
1.408500E+7,    -3.621292E-2,    -3.629303E-2
1.409125E+7,    -3.910828E-2,    -3.694534E-2
1.409750E+7,    -4.256439E-2,    -3.747940E-2
1.410375E+7,    -4.664230E-2,    -3.792953E-2
1.411000E+7,    -5.172348E-2,    -3.809738E-2
1.411625E+7,    -5.765152E-2,    -3.779984E-2
1.412250E+7,    -6.509781E-2,    -3.657913E-2
1.412875E+7,    -7.393265E-2,    -3.365326E-2
1.413500E+7,    -8.425903E-2,    -2.829361E-2
1.414125E+7,    -9.531403E-2,    -1.860428E-2
1.414750E+7,    -1.053200E-1,    -3.234863E-3
1.415375E+7,    -1.104012E-1,    1.826859E-2
1.416000E+7,    -1.054649E-1,    4.293442E-2
1.416625E+7,    -9.017944E-2,    6.439209E-2
1.417250E+7,    -6.835937E-2,    7.645416E-2
1.417875E+7,    -4.681396E-2,    7.830048E-2
1.418500E+7,    -3.002930E-2,    7.397461E-2
1.419125E+7,    -1.789856E-2,    6.685638E-2
1.419750E+7,    -9.857178E-3,    5.965042E-2
1.420375E+7,    -4.516602E-3,    5.269241E-2
1.421000E+7,    -9.613037E-4,    4.660034E-2
1.421625E+7,    1.335144E-3,    4.131699E-2
1.422250E+7,    2.815247E-3,    3.680420E-2
1.422875E+7,    3.723145E-3,    3.300476E-2
1.423500E+7,    4.327774E-3,    2.972221E-2
1.424125E+7,    4.701614E-3,    2.683067E-2
1.424750E+7,    4.837036E-3,    2.440453E-2
1.425375E+7,    4.923820E-3,    2.225399E-2
1.426000E+7,    4.961967E-3,    2.034950E-2
1.426625E+7,    4.855156E-3,    1.873970E-2
1.427250E+7,    4.788399E-3,    1.726532E-2
1.427875E+7,    4.631996E-3,    1.595592E-2
1.428500E+7,    4.518509E-3,    1.480675E-2
1.429125E+7,    4.372597E-3,    1.378155E-2
1.429750E+7,    4.209518E-3,    1.283932E-2
1.430375E+7,    4.091263E-3,    1.197338E-2
1.431000E+7,    3.929615E-3,    1.116467E-2
1.431625E+7,    3.780365E-3,    1.049423E-2
1.432250E+7,    3.667355E-3,    9.871006E-3
1.432875E+7,    3.534794E-3,    9.285927E-3
1.433500E+7,    3.384113E-3,    8.717537E-3
1.434125E+7,    3.244877E-3,    8.232117E-3
1.434750E+7,    3.120899E-3,    7.783890E-3
1.435375E+7,    3.008366E-3,    7.360458E-3
1.436000E+7,    2.928257E-3,    6.964207E-3
1.436625E+7,    2.784252E-3,    6.579399E-3
1.437250E+7,    2.692223E-3,    6.242275E-3
1.437875E+7,    2.592087E-3,    5.957127E-3
1.438500E+7,    2.498150E-3,    5.652905E-3
1.439125E+7,    2.420425E-3,    5.382776E-3
1.439750E+7,    2.316475E-3,    5.119801E-3
1.440375E+7,    2.237797E-3,    4.891157E-3
1.441000E+7,    2.132177E-3,    4.655600E-3
1.441625E+7,    2.070427E-3,    4.449129E-3
1.442250E+7,    1.970291E-3,    4.235983E-3
1.442875E+7,    1.938343E-3,    4.081011E-3
1.443500E+7,    1.857042E-3,    3.892660E-3
1.444125E+7,    1.799107E-3,    3.722191E-3
1.444750E+7,    1.738787E-3,    3.554821E-3
1.445375E+7,    1.673698E-3,    3.403425E-3
1.446000E+7,    1.631498E-3,    3.283024E-3
1.446625E+7,    1.582146E-3,    3.142834E-3
1.447250E+7,    1.541138E-3,    3.023386E-3
1.447875E+7,    1.456738E-3,    2.905846E-3
1.448500E+7,    1.404047E-3,    2.790451E-3
1.449125E+7,    1.378298E-3,    2.684355E-3
1.449750E+7,    1.334071E-3,    2.567291E-3
1.450375E+7,    1.290560E-3,    2.476811E-3
1.451000E+7,    1.239777E-3,    2.382636E-3
1.451625E+7,    1.191378E-3,    2.302885E-3
1.452250E+7,    1.166344E-3,    2.204299E-3
1.452875E+7,    1.139998E-3,    2.135038E-3
1.453500E+7,    1.098156E-3,    2.049804E-3
1.454125E+7,    1.052022E-3,    1.961827E-3
1.454750E+7,    1.030087E-3,    1.888394E-3
1.455375E+7,    9.818077E-4,    1.835942E-3
1.456000E+7,    9.666681E-4,    1.775384E-3
1.456625E+7,    9.331703E-4,    1.693964E-3
1.457250E+7,    9.244680E-4,    1.637697E-3
1.457875E+7,    8.877516E-4,    1.612186E-3
1.458500E+7,    8.720160E-4,    1.524687E-3
1.459125E+7,    8.343458E-4,    1.519799E-3
1.459750E+7,    8.125305E-4,    1.453161E-3
1.460375E+7,    7.953644E-4,    1.413703E-3
1.461000E+7,    7.559061E-4,    1.354694E-3
1.461625E+7,    7.123947E-4,    1.297116E-3
1.462250E+7,    7.320642E-4,    1.245499E-3
1.462875E+7,    7.292628E-4,    1.220107E-3
1.463500E+7,    6.870031E-4,    1.181304E-3
1.464125E+7,    6.561875E-4,    1.139402E-3
1.464750E+7,    6.472468E-4,    1.111031E-3
1.465375E+7,    6.126761E-4,    1.085699E-3
1.466000E+7,    6.110668E-4,    1.040637E-3
1.466625E+7,    5.888343E-4,    1.003027E-3
1.467250E+7,    5.837083E-4,    9.688139E-4
1.467875E+7,    5.526543E-4,    9.579062E-4
1.468500E+7,    5.470514E-4,    9.449720E-4
1.469125E+7,    5.270243E-4,    8.971691E-4
1.469750E+7,    5.202889E-4,    8.555055E-4
1.470375E+7,    5.048513E-4,    8.413196E-4
1.471000E+7,    4.943013E-4,    8.118749E-4
1.471625E+7,    4.742146E-4,    8.001328E-4
1.472250E+7,    4.864335E-4,    7.640123E-4
1.472875E+7,    4.580617E-4,    7.397532E-4
1.473500E+7,    4.237890E-4,    7.312894E-4
1.474125E+7,    4.453659E-4,    7.050037E-4
1.474750E+7,    4.327893E-4,    7.066131E-4
1.475375E+7,    4.081726E-4,    6.901622E-4
1.476000E+7,    3.902316E-4,    6.281137E-4
1.476625E+7,    3.902912E-4,    6.381869E-4
1.477250E+7,    3.820360E-4,    5.972087E-4
1.477875E+7,    3.654063E-4,    6.031692E-4
1.478500E+7,    3.580153E-4,    5.809367E-4
1.479125E+7,    3.613830E-4,    5.588531E-4
1.479750E+7,    3.494322E-4,    5.404651E-4
1.480375E+7,    3.264248E-4,    5.426109E-4
1.481000E+7,    3.165603E-4,    5.128086E-4
1.481625E+7,    3.086030E-4,    4.910231E-4
1.482250E+7,    2.930462E-4,    4.666746E-4
1.482875E+7,    3.145039E-4,    4.867017E-4
1.483500E+7,    2.967417E-4,    4.749298E-4
1.484125E+7,    3.053248E-4,    4.462898E-4
1.484750E+7,    2.729595E-4,    4.374683E-4
1.485375E+7,    2.799332E-4,    4.214346E-4
1.486000E+7,    2.852380E-4,    4.057288E-4
1.486625E+7,    2.824962E-4,    3.993213E-4
1.487250E+7,    2.631247E-4,    3.890693E-4
1.487875E+7,    2.348721E-4,    3.856719E-4
1.488500E+7,    2.384484E-4,    3.719628E-4
1.489125E+7,    2.471507E-4,    3.639758E-4
1.489750E+7,    2.458692E-4,    3.759861E-4
1.490375E+7,    2.058446E-4,    3.453493E-4
1.491000E+7,    2.173483E-4,    3.222227E-4
1.491625E+7,    1.944602E-4,    3.266931E-4
1.492250E+7,    2.113581E-4,    3.207326E-4
1.492875E+7,    2.142787E-4,    3.277361E-4
1.493500E+7,    1.974106E-4,    3.150105E-4
1.494125E+7,    2.078712E-4,    3.036261E-4
1.494750E+7,    1.756400E-4,    2.637953E-4
1.495375E+7,    1.839250E-4,    2.882779E-4
1.496000E+7,    1.742840E-4,    2.886355E-4
1.496625E+7,    2.039373E-4,    2.890527E-4
1.497250E+7,    1.953989E-4,    2.661496E-4
1.497875E+7,    1.933575E-4,    2.577603E-4
1.498500E+7,    1.516640E-4,    2.501309E-4
1.499125E+7,    1.603961E-4,    2.406687E-4
1.499750E+7,    1.545101E-4,    2.259314E-4
1.500375E+7,    1.631975E-4,    2.270043E-4
1.501000E+7,    1.614541E-4,    2.297014E-4
1.501625E+7,    1.383424E-4,    2.235323E-4
1.502250E+7,    1.549721E-4,    2.274662E-4
1.502875E+7,    1.549572E-4,    2.162158E-4
1.503500E+7,    1.414716E-4,    1.990199E-4
1.504125E+7,    1.326948E-4,    2.105385E-4
1.504750E+7,    1.417994E-4,    1.883954E-4
1.505375E+7,    1.382381E-4,    1.939088E-4
1.506000E+7,    1.404583E-4,    1.905411E-4
1.506625E+7,    1.150817E-4,    1.981407E-4
1.507250E+7,    1.257956E-4,    1.860410E-4
1.507875E+7,    9.270012E-5,    1.681745E-4
1.508500E+7,    1.265258E-4,    1.847893E-4
1.509125E+7,    1.039654E-4,    1.662672E-4
1.509750E+7,    1.005679E-4,    1.584738E-4
1.510375E+7,    1.184195E-4,    1.483262E-4
1.511000E+7,    1.245737E-4,    1.523793E-4
1.511625E+7,    1.090914E-4,    1.727045E-4
1.512250E+7,    9.900331E-5,    1.498759E-4
1.512875E+7,    1.045838E-4,    1.301691E-4
1.513500E+7,    1.021698E-4,    1.458153E-4
1.514125E+7,    9.182096E-5,    1.234412E-4
1.514750E+7,    6.949902E-5,    1.161322E-4
1.515375E+7,    8.961558E-5,    1.392365E-4
1.516000E+7,    1.188219E-4,    1.374632E-4
1.516625E+7,    8.424371E-5,    1.348555E-4
1.517250E+7,    9.699911E-5,    1.300424E-4
1.517875E+7,    7.110834E-5,    1.284182E-4
1.518500E+7,    7.472932E-5,    9.869784E-5
1.519125E+7,    9.855628E-5,    1.288578E-4
1.519750E+7,    8.523464E-5,    1.099780E-4
1.520375E+7,    8.589029E-5,    1.097545E-4
1.521000E+7,    7.815659E-5,    9.525567E-5
1.521625E+7,    8.235127E-5,    1.158267E-4
1.522250E+7,    6.300956E-5,    1.064688E-4
1.522875E+7,    7.130206E-5,    1.074374E-4
1.523500E+7,    5.765259E-5,    7.363409E-5
1.524125E+7,    9.232759E-5,    1.208186E-4
1.524750E+7,    7.793307E-5,    7.786602E-5
1.525375E+7,    5.860627E-5,    9.623915E-5
1.526000E+7,    6.116182E-5,    6.535649E-5
1.526625E+7,    6.227940E-5,    8.849800E-5
1.527250E+7,    4.775077E-5,    9.133667E-5
1.527875E+7,    5.448610E-5,    8.261949E-5
1.528500E+7,    6.485730E-5,    7.317215E-5
1.529125E+7,    6.139278E-5,    7.400662E-5
1.529750E+7,    6.386638E-5,    6.557256E-5
1.530375E+7,    6.610155E-5,    9.620935E-5
1.531000E+7,    7.681549E-5,    8.644164E-5
1.531625E+7,    6.940961E-5,    7.167459E-5
1.532250E+7,    6.117299E-5,    4.925206E-5
1.532875E+7,    5.320460E-5,    6.634742E-5
1.533500E+7,    4.522875E-5,    6.154180E-5
1.534125E+7,    3.919750E-5,    8.735061E-5
1.534750E+7,    4.450604E-5,    5.450472E-5
1.535375E+7,    5.394220E-5,    8.255243E-5
1.536000E+7,    5.533174E-5,    5.552545E-5
1.536625E+7,    3.932789E-5,    7.623062E-5
1.537250E+7,    7.383525E-5,    5.907565E-5
1.537875E+7,    3.644824E-5,    2.550706E-5
1.538500E+7,    5.578622E-5,    6.532297E-5
1.539125E+7,    7.767230E-5,    8.583814E-5
1.539750E+7,    5.580857E-5,    4.759431E-5
1.540375E+7,    6.168336E-5,    6.626546E-5
1.541000E+7,    5.361065E-5,    5.090237E-5
1.541625E+7,    4.190207E-5,    6.388128E-5
1.542250E+7,    3.610924E-5,    6.895885E-5
1.542875E+7,    2.225861E-5,    6.935000E-5
1.543500E+7,    3.714859E-5,    4.686788E-5
1.544125E+7,    2.810359E-5,    5.420297E-5
1.544750E+7,    4.987046E-5,    6.629527E-5
1.545375E+7,    5.155429E-5,    3.981590E-5
1.546000E+7,    2.923980E-5,    3.770739E-5
1.546625E+7,    5.456805E-5,    3.637746E-5
1.547250E+7,    2.150796E-5,    2.904423E-5
1.547875E+7,    2.368912E-5,    3.679283E-5
1.548500E+7,    3.828481E-5,    5.682558E-5
1.549125E+7,    3.464893E-5,    4.268810E-5
1.549750E+7,    2.168119E-5,    3.944337E-5
1.550375E+7,    2.113730E-5,    4.110113E-5
1.551000E+7,    -5.979091E-7,    2.840161E-5
1.551625E+7,    2.971292E-5,    3.640354E-5
1.552250E+7,    6.667525E-5,    5.289912E-6
1.552875E+7,    5.013496E-5,    4.604459E-5
1.553500E+7,    4.073791E-5,    2.069212E-5
1.554125E+7,    1.782179E-5,    5.070493E-5
1.554750E+7,    5.440041E-5,    4.176423E-5
1.555375E+7,    2.857298E-5,    3.586337E-5
1.556000E+7,    3.494695E-5,    4.244968E-5
1.556625E+7,    6.520189E-6,    1.890119E-5
1.557250E+7,    1.664087E-5,    3.522635E-5
1.557875E+7,    2.613850E-5,    1.971982E-5
1.558500E+7,    2.468936E-5,    8.618459E-6
1.559125E+7,    2.253428E-5,    2.662651E-5
1.559750E+7,    -3.159046E-6,    2.698973E-5
1.560375E+7,    1.787115E-5,    2.052635E-6
1.561000E+7,    2.257898E-5,    2.625398E-5
1.561625E+7,    2.876297E-5,    4.179031E-5
1.562250E+7,    1.885090E-5,    -7.143244E-6
1.562875E+7,    1.532398E-5,    2.923608E-5
1.563500E+7,    1.877360E-5,    2.687238E-5
1.564125E+7,    1.929887E-5,    1.763180E-5
1.564750E+7,    3.704242E-5,    1.041219E-5
1.565375E+7,    3.140792E-5,    3.753230E-5
1.566000E+7,    6.370712E-6,    5.702488E-6
1.566625E+7,    -2.146699E-6,    2.579205E-5
1.567250E+7,    2.360344E-5,    7.078052E-6
1.567875E+7,    2.150051E-5,    3.262982E-5
1.568500E+7,    3.996491E-5,    1.664832E-5
1.569125E+7,    -4.711561E-6,    1.855195E-5
1.569750E+7,    1.352560E-5,    2.626330E-6
1.570375E+7,    5.413778E-6,    2.255477E-5
1.571000E+7,    3.630109E-5,    1.758337E-5
1.571625E+7,    1.694262E-5,    1.021661E-6
1.572250E+7,    -1.350278E-5,    -2.485234E-6
1.572875E+7,    1.121312E-5,    4.489161E-5
1.573500E+7,    1.654122E-5,    9.284355E-6
1.574125E+7,    6.522052E-6,    5.389564E-6
1.574750E+7,    1.656078E-5,    9.201467E-6
1.575375E+7,    1.485273E-5,    5.143881E-5
1.576000E+7,    7.193536E-6,    -1.159310E-5
1.576625E+7,    2.573244E-6,    2.386700E-5
1.577250E+7,    6.388873E-6,    1.375377E-5
1.577875E+7,    9.887852E-6,    1.210999E-5
1.578500E+7,    1.332257E-5,    1.049787E-5
1.579125E+7,    -1.371605E-5,    6.475952E-6
1.579750E+7,    1.010206E-5,    3.565103E-6
1.580375E+7,    3.282912E-6,    6.810762E-6
1.581000E+7,    1.663901E-5,    2.552010E-5
1.581625E+7,    1.343433E-5,    1.018867E-5
1.582250E+7,    3.340654E-6,    6.766059E-6
1.582875E+7,    6.706454E-6,    1.348276E-5
1.583500E+7,    3.391877E-6,    2.361462E-5
1.584125E+7,    1.345808E-5,    -6.818213E-6
1.584750E+7,    -1.954561E-10,    6.033360E-10
1.585375E+7,    3.572553E-6,    1.510605E-5
1.586000E+7,    2.393499E-7,    1.683459E-5
1.586625E+7,    3.781170E-6,    2.350938E-5
1.587250E+7,    1.698826E-5,    8.048490E-6
1.587875E+7,    3.719702E-6,    1.505017E-5
1.588500E+7,    3.552064E-6,    6.619375E-6
1.589125E+7,    -6.099232E-6,    2.039596E-5
1.589750E+7,    2.995692E-5,    -7.689930E-6
1.590375E+7,    -2.961140E-6,    1.019612E-5
1.591000E+7,    3.380701E-7,    8.387025E-6
1.591625E+7,    3.492460E-7,    8.380506E-6
1.592250E+7,    -6.940681E-6,    -4.704576E-6
1.592875E+7,    7.835217E-6,    2.141111E-5
1.593500E+7,    -2.809335E-6,    1.021847E-5
1.594125E+7,    -7.856637E-6,    3.902428E-5
1.594750E+7,    1.194701E-5,    -2.420414E-5
1.595375E+7,    1.077820E-5,    1.103524E-5
1.596000E+7,    1.347205E-5,    7.590279E-7
1.596625E+7,    2.651475E-6,    -1.024548E-5
1.597250E+7,    -1.230277E-6,    -1.669955E-5
1.597875E+7,    -5.186535E-6,    2.054404E-5
1.598500E+7,    8.901116E-6,    -1.417380E-5
1.599125E+7,    1.416728E-5,    8.931383E-6
1.599750E+7,    6.372575E-6,    -3.935536E-6
1.600375E+7,    1.653098E-5,    -3.469549E-5
1.601000E+7,    -2.897345E-5,    -1.377799E-5
1.601625E+7,    -1.130961E-4,    9.092316E-5
1.602250E+7,    9.822845E-5,    3.544241E-5
1.602875E+7,    -2.751127E-5,    6.650016E-5
1.603500E+7,    -5.654432E-5,    4.986115E-5
1.604125E+7,    1.715124E-5,    -3.183261E-6
1.604750E+7,    4.709139E-5,    6.514415E-5
1.605375E+7,    -3.938191E-5,    4.376285E-5
1.606000E+7,    -1.593679E-5,    7.197633E-5
1.606625E+7,    -4.812330E-5,    -1.283288E-4
1.607250E+7,    -9.026751E-5,    9.617209E-5
1.607875E+7,    -2.123788E-5,    1.007915E-4
1.608500E+7,    -2.901256E-5,    -1.674332E-5
1.609125E+7,    7.496774E-5,    1.888722E-5
1.609750E+7,    -3.487431E-5,    -2.526678E-5
1.610375E+7,    1.199730E-5,    3.140047E-5
1.611000E+7,    -1.119729E-5,    1.742691E-5
1.611625E+7,    5.790591E-5,    2.774596E-5
1.612250E+7,    4.674122E-5,    5.093962E-5
1.612875E+7,    1.549721E-4,    4.097819E-7
1.613500E+7,    6.206334E-6,    3.149919E-5
1.614125E+7,    5.753152E-5,    4.863366E-6
1.614750E+7,    -5.155429E-5,    9.389594E-6
1.615375E+7,    -1.167972E-5,    -1.417566E-5
1.616000E+7,    -6.899610E-5,    -4.667789E-6
1.616625E+7,    4.110858E-5,    6.546825E-5
1.617250E+7,    2.837647E-5,    -2.338272E-5
1.617875E+7,    3.513321E-5,    4.830584E-5
1.618500E+7,    1.695473E-5,    -2.032798E-5
1.619125E+7,    1.825467E-4,    -9.419024E-5
1.619750E+7,    -2.331287E-5,    -2.553128E-5
1.620375E+7,    4.048645E-5,    1.960248E-5
1.621000E+7,    -1.535937E-4,    1.226515E-4
1.621625E+7,    4.578009E-5,    -1.497194E-5
1.622250E+7,    3.554299E-5,    8.283928E-5
1.622875E+7,    9.685382E-5,    -5.871430E-5
1.623500E+7,    6.327778E-5,    7.804483E-6
1.624125E+7,    -1.547262E-4,    2.764165E-5
1.624750E+7,    -1.155958E-5,    -5.603768E-6
1.625375E+7,    -6.946176E-5,    -4.225597E-5
1.626000E+7,    -1.156330E-5,    -5.610287E-6
1.626625E+7,    -4.609860E-5,    -1.094304E-5
1.627250E+7,    -6.891787E-7,    -5.744211E-5
1.627875E+7,    -9.715557E-5,    4.132837E-5
1.628500E+7,    -1.161546E-5,    -1.135748E-5
1.629125E+7,    -2.852269E-5,    2.043135E-5
1.629750E+7,    -1.146980E-4,    2.144650E-5
1.630375E+7,    -1.150556E-4,    -1.019612E-5
1.631000E+7,    -2.282578E-5,    1.463015E-5
1.631625E+7,    -5.685352E-5,    5.227514E-5
1.632250E+7,    -3.424659E-5,    2.047792E-5
1.632875E+7,    9.087473E-5,    -9.286031E-5
1.633500E+7,    -3.458001E-5,    -1.404621E-5
1.634125E+7,    1.145490E-4,    -3.282726E-5
1.634750E+7,    4.788488E-5,    1.918375E-4
1.635375E+7,    1.273155E-4,    9.336323E-5
1.636000E+7,    -3.962219E-5,    5.788170E-5
1.636625E+7,    -2.346188E-5,    -4.860386E-5
1.637250E+7,    7.078052E-7,    7.469952E-5
1.637875E+7,    2.086163E-7,    2.297293E-5
1.638500E+7,    -3.457814E-5,    -1.114048E-5
1.639125E+7,    5.229190E-5,    5.412102E-5
1.639750E+7,    -6.359071E-6,    -6.898120E-5
1.640375E+7,    -2.342463E-5,    -4.578382E-5
1.641000E+7,    -6.250292E-5,    8.677319E-5
1.641625E+7,    5.797483E-6,    5.698763E-6
1.642250E+7,    -5.215406E-5,    -4.841015E-5
1.642875E+7,    -5.898066E-6,    -1.719128E-5
1.643500E+7,    7.382408E-5,    -1.012087E-4
1.644125E+7,    -2.821162E-5,    6.061047E-5
1.644750E+7,    -2.898276E-5,    -2.855435E-5
1.645375E+7,    -5.489215E-6,    2.879277E-5
1.646000E+7,    6.347895E-6,    7.178262E-5
1.646625E+7,    4.488975E-7,    5.461648E-5
1.647250E+7,    3.461540E-5,    1.702271E-5
1.647875E+7,    4.656613E-8,    5.751383E-6
1.648500E+7,    1.154188E-5,    5.655922E-6
1.649125E+7,    -6.897002E-5,    4.731119E-7
1.649750E+7,    1.730770E-5,    5.624257E-6
1.650375E+7,    3.397815E-10,    -3.449827E-10
1.651000E+7,    -6.905571E-5,    4.544854E-7
1.651625E+7,    4.595704E-5,    -2.044439E-5
1.652250E+7,    2.877228E-5,    2.684072E-6
1.652875E+7,    -2.929941E-5,    -7.757917E-5
1.653500E+7,    -2.251938E-5,    7.212535E-5
1.654125E+7,    1.150407E-4,    -1.800433E-5
1.654750E+7,    2.866052E-5,    -2.323464E-5
1.655375E+7,    6.340444E-5,    5.386770E-6
1.656000E+7,    -6.334111E-5,    -5.386770E-6
1.656625E+7,    -4.035048E-5,    -5.548820E-6
1.657250E+7,    2.074838E-4,    2.186745E-5
1.657875E+7,    1.266450E-4,    -9.395182E-6
1.658500E+7,    -4.603900E-5,    1.466833E-5
1.659125E+7,    3.426149E-5,    -5.780719E-5
1.659750E+7,    -2.858974E-5,    3.759190E-5
1.660375E+7,    5.999580E-6,    5.468912E-5
1.661000E+7,    -1.750886E-7,    -3.744476E-5
1.661625E+7,    3.452040E-5,    -8.817762E-6
1.662250E+7,    -1.918525E-7,    -4.611537E-5
1.662875E+7,    5.742535E-5,    -5.498528E-5
1.663500E+7,    -6.884336E-5,    7.523969E-5
1.664125E+7,    1.036301E-4,    -5.233660E-5
1.664750E+7,    -1.326501E-4,    -1.679361E-5
1.665375E+7,    -1.778156E-4,    2.744347E-4
1.666000E+7,    -2.281740E-5,    6.640330E-5
1.666625E+7,    -1.724996E-5,    1.448393E-5
1.667250E+7,    4.041195E-5,    1.720153E-5
1.667875E+7,    5.201623E-5,    3.730133E-5
1.668500E+7,    3.981590E-5,    -1.817942E-4
1.669125E+7,    1.673698E-4,    1.088977E-4
1.669750E+7,    -5.591661E-6,    7.211417E-5
1.670375E+7,    5.809590E-6,    1.151953E-5
1.671000E+7,    -2.316758E-5,    -4.034117E-5
1.671625E+7,    1.718290E-5,    -4.911050E-5
1.672250E+7,    -8.052588E-5,    1.069270E-4
1.672875E+7,    6.933883E-5,    1.717359E-5
1.673500E+7,    5.211681E-5,    7.779896E-5
1.674125E+7,    -3.455020E-5,    2.888963E-5
1.674750E+7,    3.449991E-5,    -7.804483E-5
1.675375E+7,    4.594773E-5,    -1.156926E-4
1.676000E+7,    5.192496E-5,    -1.162663E-5
1.676625E+7,    1.214221E-4,    1.425296E-5
1.677250E+7,    -2.328306E-5,    -9.817630E-5
1.677875E+7,    3.478304E-5,    6.053969E-5
1.678500E+7,    -5.782116E-6,    -2.886169E-6
1.679125E+7,    5.751848E-6,    -2.599973E-5
1.679750E+7,    5.792826E-6,    1.443923E-5
1.680375E+7,    3.467314E-5,    2.017245E-5
1.681000E+7,    2.328306E-8,    2.309680E-5
1.681625E+7,    2.887473E-5,    -2.602581E-5
1.682250E+7,    -1.387447E-4,    -5.775690E-5
1.682875E+7,    5.784258E-5,    -8.382648E-5
1.683500E+7,    2.311543E-5,    -5.790032E-6
1.684125E+7,    -2.884492E-5,    -5.201995E-5
1.684750E+7,    2.048910E-8,    3.178976E-5
1.685375E+7,    -1.734681E-5,    1.155213E-5
1.686000E+7,    2.893712E-5,    -2.887379E-5
1.686625E+7,    -1.155492E-5,    -5.787238E-6
1.687250E+7,    2.312195E-5,    5.784445E-6
1.687875E+7,    8.093566E-5,    -8.631498E-6
1.688500E+7,    -6.931648E-5,    -3.763661E-5
1.689125E+7,    9.826198E-5,    -1.144409E-5
1.689750E+7,    -5.772337E-5,    -6.658956E-5
1.690375E+7,    5.195662E-5,    6.659329E-5
1.691000E+7,    6.939098E-5,    4.059076E-5
1.691625E+7,    -5.897135E-6,    6.939471E-5
1.692250E+7,    -6.960705E-5,    1.068711E-4
1.692875E+7,    8.110330E-5,    -4.915521E-5
1.693500E+7,    4.066527E-5,    -7.806346E-5
1.694125E+7,    8.675829E-5,    -8.560717E-6
1.694750E+7,    2.301112E-5,    7.815659E-5
1.695375E+7,    -5.216710E-5,    2.016500E-5
1.696000E+7,    1.620501E-7,    -5.788915E-5
1.696625E+7,    5.765818E-6,    8.692965E-6
1.697250E+7,    6.968156E-5,    -7.215142E-5
1.697875E+7,    1.912266E-4,    -5.729496E-5
1.698500E+7,    2.381802E-4,    -1.844317E-4
1.699125E+7,    -1.273453E-4,    -2.074987E-5
1.699750E+7,    5.820766E-5,    -8.090213E-5
1.700375E+7,    -4.021823E-5,    -8.120760E-5
1.701000E+7,    -4.637055E-5,    5.666167E-6
1.701625E+7,    -9.279326E-5,    1.414493E-5
1.702250E+7,    -5.774200E-5,    -6.106868E-5
1.702875E+7,    -1.335517E-4,    6.896257E-5
1.703500E+7,    -2.319086E-5,    2.819113E-6
1.704125E+7,    3.390014E-7,    -6.949902E-5
1.704750E+7,    -1.332238E-4,    -2.653897E-5
1.705375E+7,    -1.190230E-5,    8.112565E-5
1.706000E+7,    -2.896041E-5,    -5.928800E-6
1.706625E+7,    -1.193210E-5,    8.110330E-5
1.707250E+7,    -1.729839E-5,    -2.038479E-5
1.707875E+7,    -4.082918E-5,    5.779974E-5
1.708500E+7,    -1.044162E-4,    1.402944E-5
1.709125E+7,    -9.269640E-5,    -1.790375E-5
1.709750E+7,    -4.111975E-5,    9.262934E-5
1.710375E+7,    -2.882257E-5,    -3.494695E-5
1.711000E+7,    1.046285E-4,    -3.413856E-5
1.711625E+7,    -1.791120E-5,    8.988380E-5
1.712250E+7,    -1.106784E-5,    -9.293109E-5
1.712875E+7,    1.101196E-4,    2.680719E-5
1.713500E+7,    -6.375834E-5,    -9.052455E-6
1.714125E+7,    -6.187707E-6,    7.534400E-5
1.714750E+7,    -2.327468E-5,    8.561648E-6
1.715375E+7,    2.330728E-5,    -1.726858E-5
1.716000E+7,    -1.168391E-5,    1.153676E-5
1.716625E+7,    8.707494E-5,    -2.354383E-6
1.717250E+7,    -3.533065E-5,    8.967891E-5
1.717875E+7,    6.051734E-6,    -3.770925E-5
1.718500E+7,    1.228973E-4,    -1.385808E-4
1.719125E+7,    -4.076958E-5,    1.707673E-5
1.719750E+7,    1.173280E-5,    -1.443271E-5
1.720375E+7,    -5.841628E-5,    3.440864E-5
1.721000E+7,    -3.482029E-5,    -6.066635E-6
1.721625E+7,    1.195073E-5,    -4.639477E-5
1.722250E+7,    5.810289E-6,    4.493631E-8
1.722875E+7,    -3.558025E-5,    9.561703E-5
1.723500E+7,    1.738407E-5,    5.947426E-6
1.724125E+7,    -2.288073E-5,    -4.666671E-5
1.724750E+7,    -2.841651E-5,    -7.579476E-5
1.725375E+7,    -3.976375E-5,    -1.107380E-4
1.726000E+7,    2.366118E-5,    -4.629791E-5
1.726625E+7,    4.636496E-5,    1.784787E-5
1.727250E+7,    -4.073232E-5,    2.564862E-6
1.727875E+7,    4.120171E-5,    -5.487353E-5
1.728500E+7,    6.260350E-6,    -4.936010E-5
1.729125E+7,    -5.294383E-5,    6.935000E-5
1.729750E+7,    9.268522E-5,    4.144013E-5
1.730375E+7,    4.133955E-5,    -6.367266E-5
1.731000E+7,    -7.588789E-5,    3.423914E-5
1.731625E+7,    7.535145E-5,    2.690032E-5
1.732250E+7,    -1.105368E-4,    -1.043081E-6
1.732875E+7,    -1.172395E-5,    8.605421E-6
1.733500E+7,    -2.875552E-5,    -3.518537E-5
1.734125E+7,    -7.500499E-5,    -7.349998E-5
1.734750E+7,    1.132675E-5,    3.212690E-5
1.735375E+7,    -1.162365E-4,    -1.569837E-5
1.736000E+7,    -1.141615E-5,    -2.049096E-5
1.736625E+7,    6.258488E-6,    -4.360452E-5
1.737250E+7,    2.458692E-5,    -1.248419E-4
1.737875E+7,    7.022545E-5,    -3.428012E-5
1.738500E+7,    -2.888031E-5,    -2.358668E-5
1.739125E+7,    -1.829490E-5,    7.843599E-5
1.739750E+7,    -4.038215E-5,    -3.542379E-5
1.740375E+7,    -3.485009E-5,    -6.215647E-6
1.741000E+7,    -1.219213E-4,    -4.208833E-5
1.741625E+7,    -6.378815E-5,    -2.694502E-5
1.742250E+7,    -2.790242E-5,    -1.110137E-4
1.742875E+7,    -1.401231E-4,    2.747774E-5
1.743500E+7,    -4.087389E-5,    8.264557E-6
1.744125E+7,    -7.570535E-5,    -9.387732E-7
1.744750E+7,    8.597225E-5,    1.205131E-4
1.745375E+7,    5.519018E-6,    2.627820E-5
1.746000E+7,    -5.796924E-5,    -2.403557E-5
1.746625E+7,    4.643947E-5,    1.513958E-5
1.747250E+7,    5.795155E-6,    2.987683E-6
1.747875E+7,    2.948195E-5,    -2.876297E-5
1.748500E+7,    -9.930506E-5,    2.215430E-5
1.749125E+7,    1.722388E-5,    2.062693E-5
1.749750E+7,    -4.002824E-5,    -6.179139E-5
1.750375E+7,    -1.763832E-5,    1.144689E-5
1.751000E+7,    -6.387755E-5,    -2.123415E-5
1.751625E+7,    2.855062E-5,    4.705414E-5
1.752250E+7,    2.375804E-5,    -3.178418E-5
1.752875E+7,    1.159217E-5,    5.992129E-6
1.753500E+7,    -1.850352E-5,    7.566065E-5
1.754125E+7,    8.884817E-5,    -9.214506E-5
1.754750E+7,    5.263276E-5,    -5.153939E-6
1.755375E+7,    4.045293E-5,    2.971664E-5
1.756000E+7,    -1.909956E-5,    1.135431E-4
1.756625E+7,    1.235604E-4,    -7.994473E-5
1.757250E+7,    -5.315244E-5,    4.304387E-5
1.757875E+7,    -7.635355E-5,    3.387406E-5
1.758500E+7,    -1.671724E-7,    1.168391E-5
1.759125E+7,    -6.443262E-5,    1.367554E-5
1.759750E+7,    4.689023E-5,    -1.393259E-5
1.760375E+7,    1.088157E-5,    5.561113E-5
1.761000E+7,    4.715845E-5,    -2.848729E-5
1.761625E+7,    3.590435E-5,    -5.790591E-5
1.762250E+7,    2.958998E-5,    -2.580974E-5
1.762875E+7,    6.404519E-5,    1.264364E-5
1.763500E+7,    -4.694425E-5,    1.384132E-5
1.764125E+7,    -5.920604E-5,    4.582666E-5
1.764750E+7,    2.304651E-5,    2.079830E-5
1.765375E+7,    5.711801E-6,    8.853152E-6
1.766000E+7,    -4.066154E-5,    -1.524575E-5
1.766625E+7,    -1.330450E-4,    -9.276718E-5
1.767250E+7,    -6.478280E-5,    2.815574E-5
1.767875E+7,    -1.157075E-4,    -8.086115E-5
1.768500E+7,    1.144502E-5,    1.480896E-5
1.769125E+7,    -4.146434E-5,    3.145449E-5
1.769750E+7,    2.142042E-5,    1.173168E-4
1.770375E+7,    -8.441508E-6,    1.578033E-4
1.771000E+7,    -1.286119E-4,    6.929040E-7
1.771625E+7,    -1.728535E-5,    -1.489744E-5
1.772250E+7,    -5.419180E-5,    8.974224E-5
1.772875E+7,    -1.058318E-4,    3.338233E-5
1.773500E+7,    -4.564971E-5,    -6.804243E-5
1.774125E+7,    3.572740E-5,    -3.743172E-5
1.774750E+7,    -1.281127E-4,    -3.436208E-5
1.775375E+7,    3.531203E-5,    -1.108460E-5
1.776000E+7,    3.471039E-5,    2.111308E-5
1.776625E+7,    -2.319552E-5,    -1.212582E-5
1.777250E+7,    -2.392847E-5,    2.879370E-5
1.777875E+7,    -4.046783E-5,    -2.705678E-5
1.778500E+7,    -3.512576E-5,    -6.295741E-7
1.779125E+7,    3.622100E-5,    -6.076135E-5
1.779750E+7,    -1.356378E-4,    5.030632E-5
1.780375E+7,    -4.432350E-5,    -1.413450E-4
1.781000E+7,    -6.491691E-5,    2.805144E-5
1.781625E+7,    -1.412258E-4,    3.833324E-5
1.782250E+7,    -1.805872E-4,    -4.731119E-5
1.782875E+7,    -4.708022E-5,    1.370534E-5
1.783500E+7,    -1.258589E-5,    4.661828E-5
1.784125E+7,    -3.553741E-5,    1.986139E-5
1.784750E+7,    -2.304092E-5,    -2.095476E-5
1.785375E+7,    5.191192E-6,    3.525056E-5
1.786000E+7,    -5.445443E-6,    -2.062134E-5
1.786625E+7,    -6.467104E-6,    3.211945E-5
1.787250E+7,    4.770234E-5,    -4.299730E-5
1.787875E+7,    -2.980046E-5,    2.578087E-5
1.788500E+7,    -1.061335E-5,    -5.589053E-5
1.789125E+7,    4.667975E-5,    9.676442E-6
1.789750E+7,    5.400740E-6,    2.357271E-5
1.790375E+7,    -5.408004E-5,    6.341189E-5
1.791000E+7,    5.323999E-5,    -2.239458E-5
1.791625E+7,    -4.711561E-5,    1.074374E-5
1.792250E+7,    -1.284182E-4,    -2.896786E-5
1.792875E+7,    -1.709722E-5,    -2.380461E-5
1.793500E+7,    -1.806393E-5,    2.307072E-5
1.794125E+7,    -8.080155E-5,    -6.916374E-5
1.794750E+7,    -5.896576E-5,    1.342408E-5
1.795375E+7,    -2.671033E-5,    -1.208633E-4
1.796000E+7,    5.386025E-5,    -4.875474E-5
1.796625E+7,    -6.482750E-5,    1.325831E-5
1.797250E+7,    2.449937E-5,    -4.642643E-5
1.797875E+7,    2.371427E-5,    -1.122802E-5
1.798500E+7,    -3.006160E-4,    5.805492E-5
1.799125E+7,    -5.225092E-5,    -2.752617E-5
1.799750E+7,    5.155802E-6,    3.240071E-5
1.800375E+7,    -2.857670E-5,    -3.591552E-5
1.801000E+7,    5.927309E-5,    -2.509356E-5
1.801625E+7,    -9.139627E-5,    -1.135170E-4
1.802250E+7,    -6.307662E-5,    -6.603450E-5
1.802875E+7,    2.488121E-5,    -6.106868E-5
1.803500E+7,    -6.737188E-6,    3.799982E-5
1.804125E+7,    -4.306063E-5,    8.709356E-5
1.804750E+7,    6.556511E-5,    -4.251301E-5
1.805375E+7,    4.751608E-6,    5.000643E-5
1.806000E+7,    -9.907782E-5,    -3.457814E-5
1.806625E+7,    1.034141E-4,    9.628385E-5
1.807250E+7,    5.897135E-5,    -1.038238E-5
1.807875E+7,    -2.921186E-5,    -6.563962E-6
1.808500E+7,    -9.477884E-5,    3.296137E-5
1.809125E+7,    5.377457E-5,    -3.698468E-5
1.809750E+7,    4.801340E-5,    -4.586019E-5
1.810375E+7,    4.178472E-5,    -2.836809E-5
1.811000E+7,    -2.294779E-6,    9.684637E-5
1.811625E+7,    -3.091991E-6,    1.262575E-4
1.812250E+7,    1.398921E-4,    5.047768E-5
1.812875E+7,    -9.825826E-5,    -6.701797E-5
1.813500E+7,    1.531690E-4,    -2.518147E-4
1.814125E+7,    -2.207980E-5,    -5.934015E-5
1.814750E+7,    4.231371E-5,    -4.602224E-5
1.815375E+7,    -2.319552E-5,    -1.232512E-5
1.816000E+7,    -5.611032E-5,    -1.101568E-4
1.816625E+7,    -3.083423E-5,    5.805865E-5
1.817250E+7,    -5.210750E-6,    -2.659392E-5
1.817875E+7,    -5.776435E-5,    -3.962964E-5
1.818500E+7,    -2.332684E-5,    -6.447546E-6
1.819125E+7,    -6.921962E-5,    -5.180389E-5
1.819750E+7,    -5.888753E-5,    1.460314E-6
1.820375E+7,    -5.265325E-5,    -1.021475E-5
1.821000E+7,    -6.366149E-5,    -4.279613E-5
1.821625E+7,    -3.655814E-5,    4.900061E-5
1.822250E+7,    1.535565E-5,    8.562580E-5
1.822875E+7,    -1.176866E-5,    -3.068708E-7
1.823500E+7,    -1.295879E-4,    5.304813E-6
1.824125E+7,    1.915544E-5,    -5.837716E-5
1.824750E+7,    -7.450581E-5,    -7.548928E-5
1.825375E+7,    -1.717545E-5,    -1.812167E-5
1.826000E+7,    -8.678436E-5,    -5.538017E-5
1.826625E+7,    -1.082011E-5,    -3.562123E-5
1.827250E+7,    -8.170679E-5,    -2.579391E-5
1.827875E+7,    -5.920418E-5,    1.311861E-5
1.828500E+7,    2.925098E-5,    6.683171E-6
1.829125E+7,    -2.814829E-5,    -4.787371E-5
1.829750E+7,    -3.400818E-5,    -4.804134E-5
1.830375E+7,    -5.989894E-5,    3.659353E-5
1.831000E+7,    4.166923E-5,    -1.650117E-5
1.831625E+7,    1.683459E-5,    2.992339E-5
1.832250E+7,    -2.446957E-5,    3.170222E-5
1.832875E+7,    -6.975606E-6,    3.807992E-5
1.833500E+7,    -3.639609E-5,    3.732741E-5
1.834125E+7,    -5.715527E-6,    -6.051734E-6
1.834750E+7,    4.179031E-5,    -1.943484E-5
1.835375E+7,    -9.639189E-5,    7.392839E-5
1.836000E+7,    4.427508E-6,    5.018339E-5
1.836625E+7,    4.251115E-5,    -4.297309E-5
1.837250E+7,    -5.863607E-5,    -1.053140E-5
1.837875E+7,    9.078905E-5,    -8.285418E-5
1.838500E+7,    -1.489967E-4,    5.774200E-5
1.839125E+7,    -5.043298E-5,    -8.691102E-5
1.839750E+7,    1.127832E-4,    -2.624094E-5
1.840375E+7,    4.114769E-5,    4.135072E-6
1.841000E+7,    3.214180E-5,    -8.752942E-5
1.841625E+7,    7.082149E-5,    -3.818423E-6
1.842250E+7,    -3.611405E-10,    3.400658E-10
1.842875E+7,    -7.795170E-7,    2.654456E-5
1.843500E+7,    -7.236376E-5,    5.387887E-5
1.844125E+7,    -7.030368E-5,    -1.685321E-5
1.844750E+7,    -1.750328E-5,    -6.417744E-6
1.845375E+7,    -6.247777E-6,    1.161126E-5
1.846000E+7,    4.267320E-5,    -4.589930E-5
1.846625E+7,    1.889095E-5,    -4.069693E-5
1.847250E+7,    2.038479E-5,    -8.784235E-5
1.847875E+7,    6.783009E-5,    9.645522E-5
1.848500E+7,    -9.015203E-5,    5.320460E-5
1.849125E+7,    2.939068E-5,    3.857538E-6
1.849750E+7,    4.824996E-5,    -3.387965E-5
1.850375E+7,    1.538098E-4,    -1.280010E-5
1.851000E+7,    -3.012642E-5,    1.971517E-5
1.851625E+7,    9.586662E-5,    -4.712865E-5
1.852250E+7,    9.196997E-5,    7.674098E-5
1.852875E+7,    2.265163E-5,    3.021397E-5
1.853500E+7,    -6.691739E-5,    6.290525E-5
1.854125E+7,    -9.733438E-5,    -9.453297E-5
1.854750E+7,    -4.253350E-5,    3.700517E-5
1.855375E+7,    1.170766E-5,    3.334600E-6
1.856000E+7,    -2.133399E-4,    -1.632273E-4