SAVED BY: 
TITLE: 
COMMENTS: 
DATE: 10/27/2020
TIME: 3:33 PM

STIMULUS, REAL, IMAGINARY

8.560000E+6,    -3.145635E-5,    -1.657233E-4
8.566250E+6,    -5.006790E-6,    -1.826137E-4
8.572500E+6,    -1.217425E-5,    -1.707599E-4
8.578750E+6,    3.762543E-6,    -1.849607E-4
8.585000E+6,    -1.143664E-5,    -1.736656E-4
8.591250E+6,    -6.899238E-6,    -1.543388E-4
8.597500E+6,    -1.118332E-5,    -1.894161E-4
8.603750E+6,    -1.432002E-5,    -1.704469E-4
8.610000E+6,    -4.419684E-5,    -1.754314E-4
8.616250E+6,    -4.544854E-7,    -1.538619E-4
8.622500E+6,    -1.404434E-5,    -1.857802E-4
8.628750E+6,    -1.043081E-7,    -1.693964E-4
8.635000E+6,    -1.622736E-5,    -1.701340E-4
8.641250E+6,    -1.837313E-5,    -1.671612E-4
8.647500E+6,    -1.705438E-5,    -1.701638E-4
8.653750E+6,    -2.220273E-6,    -1.538917E-4
8.660000E+6,    7.390976E-6,    -1.722127E-4
8.666250E+6,    -2.212822E-6,    -1.695678E-4
8.672500E+6,    -1.031160E-5,    -1.699254E-4
8.678750E+6,    -2.623349E-5,    -1.860335E-4
8.685000E+6,    -1.947582E-5,    -1.700297E-4
8.691250E+6,    4.164875E-6,    -1.693368E-4
8.697500E+6,    -1.532584E-5,    -1.636073E-4
8.703750E+6,    -1.549721E-5,    -1.792386E-4
8.710000E+6,    -2.533197E-5,    -1.764148E-4
8.716250E+6,    -5.558133E-6,    -1.977161E-4
8.722500E+6,    -6.951392E-6,    -1.665130E-4
8.728750E+6,    8.672476E-6,    -1.974329E-4
8.735000E+6,    -1.882762E-5,    -1.917630E-4
8.741250E+6,    -4.813075E-6,    -1.884028E-4
8.747500E+6,    -1.138449E-5,    -1.758263E-4
8.753750E+6,    -4.202127E-6,    -1.913309E-4
8.760000E+6,    -6.109476E-6,    -1.882017E-4
8.766250E+6,    1.572073E-6,    -2.037287E-4
8.772500E+6,    -1.157820E-5,    -1.788735E-4
8.778750E+6,    -2.808869E-6,    -1.818314E-4
8.785000E+6,    -9.424984E-6,    -1.691729E-4
8.791250E+6,    -1.762062E-5,    -1.851097E-4
8.797500E+6,    -1.183152E-5,    -1.817420E-4
8.803750E+6,    -1.548976E-5,    -2.070814E-4
8.810000E+6,    -3.203750E-7,    -1.912564E-4
8.816250E+6,    -2.438575E-5,    -1.752824E-4
8.822500E+6,    -1.827627E-5,    -1.880005E-4
8.828750E+6,    -1.563877E-5,    -1.942813E-4
8.835000E+6,    -7.748604E-7,    -1.599118E-4
8.841250E+6,    -1.380593E-5,    -2.003908E-4
8.847500E+6,    -2.043694E-5,    -1.876652E-4
8.853750E+6,    -1.272559E-5,    -1.879111E-4
8.860000E+6,    -2.036244E-5,    -1.720190E-4
8.866250E+6,    -1.568347E-5,    -2.001897E-4
8.872500E+6,    -2.126396E-5,    -1.717508E-4
8.878750E+6,    -9.469688E-6,    -1.816824E-4
8.885000E+6,    -3.077090E-5,    -1.870915E-4
8.891250E+6,    -2.920628E-6,    -1.975074E-4
8.897500E+6,    -1.278520E-5,    -1.938418E-4
8.903750E+6,    -3.448129E-5,    -1.805723E-4
8.910000E+6,    5.342066E-6,    -1.854450E-4
8.916250E+6,    -1.937151E-5,    -1.999065E-4
8.922500E+6,    -2.086163E-5,    -1.967773E-4
8.928750E+6,    -2.381951E-5,    -2.091005E-4
8.935000E+6,    -3.445148E-5,    -2.023131E-4
8.941250E+6,    -1.298636E-5,    -2.006143E-4
8.947500E+6,    -1.233816E-5,    -1.848340E-4
8.953750E+6,    -3.739446E-5,    -1.987889E-4
8.960000E+6,    -3.077090E-6,    -1.914725E-4
8.966250E+6,    -1.476705E-5,    -2.001897E-4
8.972500E+6,    -2.457201E-5,    -1.963899E-4
8.978750E+6,    1.146644E-5,    -1.926944E-4
8.985000E+6,    -2.098829E-5,    -2.059415E-4
8.991250E+6,    -7.376075E-6,    -2.039522E-4
8.997500E+6,    -2.000481E-5,    -1.932830E-4
9.003750E+6,    -1.792610E-5,    -2.000928E-4
9.010000E+6,    -1.809001E-5,    -1.997426E-4
9.016250E+6,    -1.707673E-5,    -2.032220E-4
9.022500E+6,    -2.456456E-5,    -2.056509E-4
9.028750E+6,    -1.607090E-5,    -2.098009E-4
9.035000E+6,    2.577156E-5,    -1.820847E-4
9.041250E+6,    -9.976327E-6,    -2.070963E-4
9.047500E+6,    -8.702278E-6,    -1.914874E-4
9.053750E+6,    7.674098E-7,    -1.987368E-4
9.060000E+6,    -2.968311E-5,    -2.176017E-4
9.066250E+6,    -3.840029E-5,    -2.169609E-4
9.072500E+6,    -1.713634E-5,    -1.939088E-4
9.078750E+6,    -3.536046E-5,    -1.900345E-4
9.085000E+6,    -2.573431E-5,    -2.095923E-4
9.091250E+6,    -5.407631E-5,    -2.138466E-4
9.097500E+6,    -4.793704E-5,    -2.123117E-4
9.103750E+6,    -4.573166E-5,    -2.263188E-4
9.110000E+6,    -3.722310E-5,    -1.896769E-4
9.116250E+6,    -2.942979E-5,    -1.988709E-4
9.122500E+6,    -2.688169E-5,    -2.196282E-4
9.128750E+6,    -2.527237E-5,    -1.873225E-4
9.135000E+6,    5.073845E-6,    -2.049282E-4
9.141250E+6,    -2.680719E-5,    -2.369583E-4
9.147500E+6,    -2.987683E-5,    -2.125651E-4
9.153750E+6,    -2.498180E-5,    -1.942515E-4
9.160000E+6,    -2.560019E-5,    -1.975223E-4
9.166250E+6,    -3.288686E-5,    -2.052486E-4
9.172500E+6,    -3.947318E-5,    -2.062321E-4
9.178750E+6,    -2.758205E-5,    -1.940280E-4
9.185000E+6,    -3.342330E-5,    -2.051592E-4
9.191250E+6,    -4.197657E-5,    -1.989007E-4
9.197500E+6,    -2.163649E-5,    -1.931190E-4
9.203750E+6,    -4.875660E-5,    -2.098382E-4
9.210000E+6,    -3.513694E-5,    -2.119541E-4
9.216250E+6,    -2.153218E-5,    -2.070963E-4
9.222500E+6,    -2.876669E-5,    -2.075583E-4
9.228750E+6,    -8.247793E-6,    -2.055094E-4
9.235000E+6,    -2.348423E-5,    -1.965165E-4
9.241250E+6,    -5.838275E-5,    -2.134293E-4
9.247500E+6,    -2.926588E-5,    -2.250671E-4
9.253750E+6,    -1.095235E-6,    -2.295300E-4
9.260000E+6,    -1.110882E-5,    -1.987666E-4
9.266250E+6,    -3.065169E-5,    -2.282262E-4
9.272500E+6,    -3.151596E-5,    -2.178103E-4
9.278750E+6,    -4.489720E-5,    -2.327114E-4
9.285000E+6,    -2.506375E-5,    -2.310425E-4
9.291250E+6,    -3.977120E-5,    -2.251714E-4
9.297500E+6,    -3.275275E-5,    -2.280176E-4
9.303750E+6,    -3.953278E-5,    -2.393425E-4
9.310000E+6,    -4.820526E-5,    -2.220571E-4
9.316250E+6,    -3.427267E-5,    -2.352744E-4
9.322500E+6,    -2.717972E-5,    -2.343953E-4
9.328750E+6,    -4.802644E-5,    -2.498925E-4
9.335000E+6,    -2.881885E-5,    -2.274066E-4
9.341250E+6,    -4.318357E-5,    -2.349317E-4
9.347500E+6,    -6.523728E-5,    -2.224445E-4
9.353750E+6,    -3.598630E-5,    -2.417117E-4
9.360000E+6,    -4.377961E-5,    -2.421737E-4
9.366250E+6,    -3.159046E-5,    -2.130270E-4
9.372500E+6,    -2.448261E-5,    -2.373606E-4
9.378750E+6,    -3.242493E-5,    -2.270043E-4
9.385000E+6,    -4.833937E-5,    -1.888722E-4
9.391250E+6,    -1.890957E-5,    -2.331287E-4
9.397500E+6,    -2.680719E-5,    -2.333075E-4
9.403750E+6,    -4.085898E-5,    -2.340972E-4
9.410000E+6,    -3.501773E-5,    -2.194047E-4
9.416250E+6,    -4.187226E-5,    -2.478063E-4
9.422500E+6,    -5.683303E-5,    -2.340972E-4
9.428750E+6,    -4.917383E-5,    -2.479255E-4
9.435000E+6,    -3.010035E-5,    -2.157092E-4
9.441250E+6,    -3.644824E-5,    -2.402365E-4
9.447500E+6,    -3.683567E-5,    -2.473891E-4
9.453750E+6,    -5.179644E-5,    -2.404153E-4
9.460000E+6,    -3.892183E-5,    -2.401769E-4
9.466250E+6,    -6.785989E-5,    -2.438128E-4
9.472500E+6,    -5.406141E-5,    -2.226233E-4
9.478750E+6,    -3.242493E-5,    -2.398789E-4
9.485000E+6,    -2.634525E-5,    -2.502799E-4
9.491250E+6,    -4.816055E-5,    -2.537370E-4
9.497500E+6,    -4.890561E-5,    -2.432466E-4
9.503750E+6,    -3.537536E-5,    -2.428889E-4
9.510000E+6,    -2.831221E-5,    -2.467632E-4
9.516250E+6,    -5.713105E-5,    -2.499521E-4
9.522500E+6,    -2.235174E-5,    -2.535582E-4
9.528750E+6,    -4.455447E-5,    -2.570450E-4
9.535000E+6,    -4.464388E-5,    -2.534986E-4
9.541250E+6,    -4.556775E-5,    -2.463162E-4
9.547500E+6,    -3.850460E-5,    -2.392232E-4
9.553750E+6,    -3.188848E-5,    -2.390444E-4
9.560000E+6,    -2.563000E-5,    -2.499819E-4
9.566250E+6,    -3.376603E-5,    -2.639592E-4
9.572500E+6,    -4.827976E-5,    -2.531111E-4
9.578750E+6,    -7.030368E-5,    -2.662539E-4
9.585000E+6,    -5.599856E-5,    -2.454221E-4
9.591250E+6,    -4.974008E-5,    -2.526641E-4
9.597500E+6,    -5.042553E-5,    -2.626479E-4
9.603750E+6,    -6.499887E-5,    -2.588034E-4
9.610000E+6,    -2.357364E-5,    -2.568066E-4
9.616250E+6,    -4.541874E-5,    -2.558231E-4
9.622500E+6,    -5.903840E-5,    -2.376437E-4
9.628750E+6,    -5.382299E-5,    -2.591312E-4
9.635000E+6,    -6.085634E-5,    -2.548397E-4
9.641250E+6,    -7.650256E-5,    -2.753139E-4
9.647500E+6,    -5.254149E-5,    -2.198219E-4
9.653750E+6,    -5.596876E-5,    -2.690554E-4
9.660000E+6,    -6.181002E-5,    -2.406240E-4
9.666250E+6,    -7.632375E-5,    -2.469122E-4
9.672500E+6,    -4.962087E-5,    -2.514720E-4
9.678750E+6,    -5.823374E-5,    -2.650619E-4
9.685000E+6,    -4.479289E-5,    -2.624989E-4
9.691250E+6,    -5.882978E-5,    -2.579987E-4
9.697500E+6,    -7.408857E-5,    -2.638698E-4
9.703750E+6,    -5.382299E-5,    -2.757013E-4
9.710000E+6,    -6.026030E-5,    -2.613068E-4
9.716250E+6,    -4.613400E-5,    -2.622008E-4
9.722500E+6,    -5.534291E-5,    -2.721250E-4
9.728750E+6,    -4.893541E-5,    -2.759099E-4
9.735000E+6,    -6.967783E-5,    -2.493858E-4
9.741250E+6,    -7.742643E-5,    -2.594292E-4
9.747500E+6,    -6.347895E-5,    -2.568960E-4
9.753750E+6,    -3.656745E-5,    -2.731085E-4
9.760000E+6,    -7.781386E-5,    -2.450049E-4
9.766250E+6,    -6.583333E-5,    -2.598763E-4
9.772500E+6,    -6.809831E-5,    -2.845824E-4
9.778750E+6,    -6.070733E-5,    -2.710223E-4
9.785000E+6,    -3.832579E-5,    -2.516806E-4
9.791250E+6,    -6.759167E-5,    -2.596378E-4
9.797500E+6,    -6.178021E-5,    -2.671182E-4
9.803750E+6,    -4.971027E-5,    -2.788901E-4
9.810000E+6,    -5.790591E-5,    -2.854466E-4
9.816250E+6,    -5.117059E-5,    -2.858043E-4
9.822500E+6,    -8.100271E-5,    -2.934039E-4
9.828750E+6,    -6.753206E-5,    -2.949536E-4
9.835000E+6,    -5.844235E-5,    -2.672672E-4
9.841250E+6,    -4.705787E-5,    -2.899468E-4
9.847500E+6,    -7.602572E-5,    -2.867281E-4
9.853750E+6,    -6.654859E-5,    -2.591908E-4
9.860000E+6,    -4.926324E-5,    -2.930462E-4
9.866250E+6,    -7.051229E-5,    -2.834201E-4
9.872500E+6,    -6.330013E-5,    -2.807677E-4
9.878750E+6,    -6.464124E-5,    -2.877414E-4
9.885000E+6,    -7.104874E-5,    -2.761483E-4
9.891250E+6,    -8.109212E-5,    -2.928078E-4
9.897500E+6,    -5.787611E-5,    -2.775788E-4
9.903750E+6,    -7.194281E-5,    -2.686083E-4
9.910000E+6,    -7.459521E-5,    -2.861023E-4
9.916250E+6,    -9.155273E-5,    -2.979636E-4
9.922500E+6,    -8.371472E-5,    -2.882481E-4
9.928750E+6,    -7.021427E-5,    -2.869368E-4
9.935000E+6,    -8.374453E-5,    -2.778471E-4
9.941250E+6,    -8.729100E-5,    -3.019571E-4
9.947500E+6,    -8.496642E-5,    -2.810359E-4
9.953750E+6,    -7.295609E-5,    -2.934039E-4
9.960000E+6,    -7.244945E-5,    -2.864599E-4
9.966250E+6,    -5.453825E-5,    -2.995729E-4
9.972500E+6,    -8.776784E-5,    -2.801418E-4
9.978750E+6,    -5.561113E-5,    -2.993643E-4
9.985000E+6,    -6.836653E-5,    -2.902448E-4
9.991250E+6,    -8.001924E-5,    -3.102124E-4
9.997500E+6,    -7.742643E-5,    -2.954602E-4
1.000375E+7,    -5.117059E-5,    -3.038049E-4
1.001000E+7,    -7.164478E-5,    -2.933443E-4
1.001625E+7,    -8.970499E-5,    -3.115237E-4
1.002250E+7,    -8.854270E-5,    -3.042221E-4
1.002875E+7,    -8.621812E-5,    -3.228784E-4
1.003500E+7,    -8.037686E-5,    -2.841651E-4
1.004125E+7,    -8.925796E-5,    -2.934039E-4
1.004750E+7,    -8.282065E-5,    -2.945960E-4
1.005375E+7,    -9.199977E-5,    -3.033280E-4
1.006000E+7,    -8.454919E-5,    -2.977550E-4
1.006625E+7,    -9.384751E-5,    -3.033578E-4
1.007250E+7,    -8.711219E-5,    -3.005266E-4
1.007875E+7,    -1.035631E-4,    -3.119409E-4
1.008500E+7,    -8.425117E-5,    -3.191233E-4
1.009125E+7,    -5.975366E-5,    -2.988279E-4
1.009750E+7,    -8.502603E-5,    -3.153682E-4
1.010375E+7,    -9.003282E-5,    -3.358126E-4
1.011000E+7,    -7.522106E-5,    -2.957880E-4
1.011625E+7,    -7.802248E-5,    -3.060102E-4
1.012250E+7,    -7.709861E-5,    -2.988875E-4
1.012875E+7,    -7.912517E-5,    -3.021657E-4
1.013500E+7,    -7.188320E-5,    -3.324449E-4
1.014125E+7,    -9.894371E-5,    -3.231466E-4
1.014750E+7,    -6.538630E-5,    -3.339350E-4
1.015375E+7,    -8.660555E-5,    -3.220737E-4
1.016000E+7,    -9.623170E-5,    -3.306568E-4
1.016625E+7,    -9.402633E-5,    -3.201365E-4
1.017250E+7,    -7.313490E-5,    -3.214777E-4
1.017875E+7,    -8.273125E-5,    -3.264844E-4
1.018500E+7,    -6.821752E-5,    -3.223419E-4
1.019125E+7,    -8.463860E-5,    -3.297627E-4
1.019750E+7,    -8.401275E-5,    -3.549755E-4
1.020375E+7,    -9.822845E-5,    -3.229082E-4
1.021000E+7,    -9.426475E-5,    -3.310144E-4
1.021625E+7,    -1.083612E-4,    -3.274679E-4
1.022250E+7,    -8.556247E-5,    -3.183782E-4
1.022875E+7,    -9.888411E-5,    -3.405809E-4
1.023500E+7,    -9.000301E-5,    -3.322065E-4
1.024125E+7,    -1.159310E-4,    -3.435612E-4
1.024750E+7,    -9.796023E-5,    -3.257692E-4
1.025375E+7,    -1.148283E-4,    -3.331602E-4
1.026000E+7,    -8.976460E-5,    -3.176332E-4
1.026625E+7,    -9.298325E-5,    -3.569126E-4
1.027250E+7,    -1.000762E-4,    -3.217757E-4
1.027875E+7,    -1.085997E-4,    -3.235042E-4
1.028500E+7,    -1.056492E-4,    -3.392100E-4
1.029125E+7,    -1.122355E-4,    -3.370345E-4
1.029750E+7,    -9.012222E-5,    -3.576279E-4
1.030375E+7,    -9.435415E-5,    -3.716648E-4
1.031000E+7,    -1.051426E-4,    -3.536642E-4
1.031625E+7,    -9.143353E-5,    -3.536046E-4
1.032250E+7,    -1.086295E-4,    -3.565252E-4
1.032875E+7,    -1.010299E-4,    -3.549457E-4
1.033500E+7,    -9.712577E-5,    -3.378391E-4
1.034125E+7,    -1.052022E-4,    -3.648996E-4
1.034750E+7,    -1.117289E-4,    -3.592968E-4
1.035375E+7,    -9.316206E-5,    -3.461540E-4
1.036000E+7,    -1.043081E-4,    -3.538728E-4
1.036625E+7,    -1.014471E-4,    -3.658235E-4
1.037250E+7,    -1.284480E-4,    -3.800988E-4
1.037875E+7,    -1.130104E-4,    -3.738403E-4
1.038500E+7,    -1.050234E-4,    -3.687441E-4
1.039125E+7,    -7.906556E-5,    -3.546476E-4
1.039750E+7,    -1.371503E-4,    -3.703237E-4
1.040375E+7,    -9.876490E-5,    -3.635287E-4
1.041000E+7,    -9.492040E-5,    -3.498495E-4
1.041625E+7,    -1.066625E-4,    -3.609955E-4
1.042250E+7,    -1.126528E-4,    -3.774762E-4
1.042875E+7,    -1.322627E-4,    -3.638864E-4
1.043500E+7,    -1.182556E-4,    -3.650188E-4
1.044125E+7,    -1.001656E-4,    -3.785193E-4
1.044750E+7,    -1.106858E-4,    -3.826022E-4
1.045375E+7,    -1.441240E-4,    -3.678799E-4
1.046000E+7,    -1.069307E-4,    -3.911257E-4
1.046625E+7,    -1.196861E-4,    -3.759265E-4
1.047250E+7,    -9.441376E-5,    -3.919005E-4
1.047875E+7,    -1.212358E-4,    -3.790259E-4
1.048500E+7,    -1.202822E-4,    -3.758669E-4
1.049125E+7,    -1.161695E-4,    -3.811121E-4
1.049750E+7,    -1.177788E-4,    -3.805757E-4
1.050375E+7,    -1.381040E-4,    -3.924966E-4
1.051000E+7,    -1.515746E-4,    -3.648996E-4
1.051625E+7,    -1.373291E-4,    -3.886819E-4
1.052250E+7,    -1.391172E-4,    -3.914237E-4
1.052875E+7,    -1.333356E-4,    -3.939867E-4
1.053500E+7,    -1.243353E-4,    -3.858805E-4
1.054125E+7,    -1.175404E-4,    -3.847480E-4
1.054750E+7,    -1.240969E-4,    -4.048944E-4
1.055375E+7,    -1.274943E-4,    -4.079342E-4
1.056000E+7,    -1.423955E-4,    -3.834963E-4
1.056625E+7,    -1.443028E-4,    -3.865361E-4
1.057250E+7,    -1.029968E-4,    -4.166961E-4
1.057875E+7,    -1.450181E-4,    -4.240274E-4
1.058500E+7,    -1.376867E-4,    -4.040003E-4
1.059125E+7,    -1.422763E-4,    -4.136562E-4
1.059750E+7,    -1.299381E-4,    -4.144907E-4
1.060375E+7,    -1.583099E-4,    -4.269481E-4
1.061000E+7,    -1.322627E-4,    -4.180074E-4
1.061625E+7,    -1.385212E-4,    -4.122257E-4
1.062250E+7,    -1.511574E-4,    -4.256368E-4
1.062875E+7,    -1.497865E-4,    -4.150271E-4
1.063500E+7,    -1.198649E-4,    -4.154444E-4
1.064125E+7,    -1.463294E-4,    -4.207492E-4
1.064750E+7,    -1.303554E-4,    -4.157424E-4
1.065375E+7,    -1.628399E-4,    -4.177094E-4
1.066000E+7,    -1.736879E-4,    -4.061460E-4
1.066625E+7,    -1.040697E-4,    -4.416704E-4
1.067250E+7,    -1.503229E-4,    -4.189610E-4
1.067875E+7,    -1.428127E-4,    -4.187822E-4
1.068500E+7,    -1.382828E-4,    -4.241467E-4
1.069125E+7,    -1.393557E-4,    -4.400015E-4
1.069750E+7,    -1.539588E-4,    -4.372597E-4
1.070375E+7,    -1.515746E-4,    -4.461408E-4
1.071000E+7,    -1.281500E-4,    -4.253387E-4
1.071625E+7,    -1.538992E-4,    -4.104376E-4
1.072250E+7,    -1.546144E-4,    -4.452467E-4
1.072875E+7,    -1.427531E-4,    -4.349351E-4
1.073500E+7,    -1.486540E-4,    -4.281998E-4
1.074125E+7,    -1.591444E-4,    -4.316568E-4
1.074750E+7,    -1.523495E-4,    -4.464984E-4
1.075375E+7,    -1.860857E-4,    -4.514456E-4
1.076000E+7,    -1.587272E-4,    -4.401207E-4
1.076625E+7,    -1.751184E-4,    -4.592538E-4
1.077250E+7,    -1.677871E-4,    -4.588962E-4
1.077875E+7,    -1.634955E-4,    -4.618168E-4
1.078500E+7,    -1.618266E-4,    -4.736185E-4
1.079125E+7,    -1.491308E-4,    -4.572272E-4
1.079750E+7,    -1.525879E-4,    -4.627705E-4
1.080375E+7,    -1.729727E-4,    -4.727840E-4
1.081000E+7,    -1.625419E-4,    -4.470944E-4
1.081625E+7,    -1.526475E-4,    -4.751682E-4
1.082250E+7,    -1.626015E-4,    -4.585981E-4
1.082875E+7,    -1.642704E-4,    -4.776716E-4
1.083500E+7,    -1.831651E-4,    -4.770756E-4
1.084125E+7,    -1.661777E-4,    -4.739761E-4
1.084750E+7,    -1.603365E-4,    -4.767179E-4
1.085375E+7,    -1.701713E-4,    -4.636049E-4
1.086000E+7,    -1.752377E-4,    -4.538298E-4
1.086625E+7,    -1.896024E-4,    -4.824996E-4
1.087250E+7,    -1.742840E-4,    -4.817843E-4
1.087875E+7,    -1.774430E-4,    -4.847646E-4
1.088500E+7,    -1.875162E-4,    -4.877448E-4
1.089125E+7,    -1.653433E-4,    -4.707575E-4
1.089750E+7,    -1.675487E-4,    -4.740953E-4
1.090375E+7,    -1.949072E-4,    -4.927516E-4
1.091000E+7,    -1.803041E-4,    -4.959106E-4
1.091625E+7,    -2.039671E-4,    -5.078912E-4
1.092250E+7,    -1.761317E-4,    -4.943609E-4
1.092875E+7,    -1.901984E-4,    -5.035400E-4
1.093500E+7,    -2.024174E-4,    -5.097985E-4
1.094125E+7,    -1.924038E-4,    -5.189776E-4
1.094750E+7,    -1.921058E-4,    -4.995465E-4
1.095375E+7,    -1.703501E-4,    -5.186200E-4
1.096000E+7,    -1.767874E-4,    -5.123019E-4
1.096625E+7,    -2.088547E-4,    -5.107522E-4
1.097250E+7,    -2.112389E-4,    -5.137324E-4
1.097875E+7,    -2.009869E-4,    -5.196333E-4
1.098500E+7,    -1.984239E-4,    -4.972219E-4
1.099125E+7,    -1.953840E-4,    -5.197525E-4
1.099750E+7,    -1.952648E-4,    -5.158186E-4
1.100375E+7,    -2.124906E-4,    -5.182624E-4
1.101000E+7,    -2.046227E-4,    -5.180836E-4
1.101625E+7,    -2.180338E-4,    -5.363822E-4
1.102250E+7,    -2.299547E-4,    -5.380511E-4
1.102875E+7,    -2.127886E-4,    -5.355477E-4
1.103500E+7,    -2.342463E-4,    -5.273223E-4
1.104125E+7,    -2.070069E-4,    -5.350709E-4
1.104750E+7,    -2.039671E-4,    -5.415082E-4
1.105375E+7,    -2.418160E-4,    -5.478859E-4
1.106000E+7,    -2.034307E-4,    -5.496740E-4
1.106625E+7,    -2.200007E-4,    -5.486608E-4
1.107250E+7,    -2.139807E-4,    -5.488992E-4
1.107875E+7,    -2.463460E-4,    -5.590916E-4
1.108500E+7,    -2.270937E-4,    -5.670190E-4
1.109125E+7,    -2.314448E-4,    -5.565286E-4
1.109750E+7,    -2.220273E-4,    -5.540848E-4
1.110375E+7,    -2.546310E-4,    -5.477071E-4
1.111000E+7,    -2.476573E-4,    -5.611777E-4
1.111625E+7,    -2.380610E-4,    -5.742311E-4
1.112250E+7,    -2.365708E-4,    -5.548596E-4
1.112875E+7,    -2.450943E-4,    -5.765557E-4
1.113500E+7,    -2.280474E-4,    -5.742908E-4
1.114125E+7,    -2.484918E-4,    -5.666614E-4
1.114750E+7,    -2.376437E-4,    -5.735755E-4
1.115375E+7,    -2.413392E-4,    -6.021857E-4
1.116000E+7,    -2.472997E-4,    -5.972385E-4
1.116625E+7,    -2.472997E-4,    -5.700588E-4
1.117250E+7,    -2.408028E-4,    -6.080866E-4
1.117875E+7,    -2.551079E-4,    -5.896688E-4
1.118500E+7,    -2.482533E-4,    -5.884171E-4
1.119125E+7,    -2.762079E-4,    -6.085634E-4
1.119750E+7,    -2.524853E-4,    -6.155968E-4
1.120375E+7,    -2.765059E-4,    -6.087422E-4
1.121000E+7,    -2.855062E-4,    -6.487370E-4
1.121625E+7,    -2.859235E-4,    -6.618500E-4
1.122250E+7,    -3.045797E-4,    -6.999969E-4
1.122875E+7,    -3.206730E-4,    -7.429123E-4
1.123500E+7,    -3.434420E-4,    -7.994175E-4
1.124125E+7,    -3.253222E-4,    -7.789135E-4
1.124750E+7,    -3.286600E-4,    -8.398294E-4
1.125375E+7,    -3.254414E-4,    -7.905960E-4
1.126000E+7,    -3.080368E-4,    -7.809401E-4
1.126625E+7,    -3.463030E-4,    -7.692575E-4
1.127250E+7,    -3.188848E-4,    -8.134842E-4
1.127875E+7,    -3.162622E-4,    -7.431507E-4
1.128500E+7,    -3.416538E-4,    -7.979870E-4
1.129125E+7,    -3.100634E-4,    -7.340908E-4
1.129750E+7,    -3.175735E-4,    -6.982088E-4
1.130375E+7,    -3.154278E-4,    -7.259846E-4
1.131000E+7,    -3.255606E-4,    -7.629395E-4
1.131625E+7,    -3.056526E-4,    -7.824898E-4
1.132250E+7,    -3.428459E-4,    -7.826090E-4
1.132875E+7,    -3.451109E-4,    -7.776022E-4
1.133500E+7,    -3.298521E-4,    -7.982254E-4
1.134125E+7,    -3.507137E-4,    -7.615089E-4
1.134750E+7,    -3.184080E-4,    -7.274151E-4
1.135375E+7,    -3.548861E-4,    -7.803440E-4
1.136000E+7,    -3.132820E-4,    -7.590055E-4
1.136625E+7,    -3.538132E-4,    -7.436275E-4
1.137250E+7,    -3.542900E-4,    -7.762909E-4
1.137875E+7,    -3.498793E-4,    -8.128881E-4
1.138500E+7,    -3.209114E-4,    -8.089542E-4
1.139125E+7,    -3.800392E-4,    -7.649660E-4
1.139750E+7,    -3.403425E-4,    -7.779598E-4
1.140375E+7,    -3.412962E-4,    -7.742643E-4
1.141000E+7,    -3.440380E-4,    -7.381439E-4
1.141625E+7,    -3.465414E-4,    -7.278919E-4
1.142250E+7,    -3.554821E-4,    -7.820129E-4
1.142875E+7,    -3.422499E-4,    -8.244514E-4
1.143500E+7,    -3.404617E-4,    -7.824898E-4
1.144125E+7,    -3.730059E-4,    -7.957220E-4
1.144750E+7,    -4.050732E-4,    -8.416176E-4
1.145375E+7,    -4.256964E-4,    -8.653402E-4
1.146000E+7,    -4.023314E-4,    -8.733273E-4
1.146625E+7,    -4.513264E-4,    -9.217262E-4
1.147250E+7,    -3.807545E-4,    -9.031296E-4
1.147875E+7,    -4.251003E-4,    -8.497238E-4
1.148500E+7,    -4.113913E-4,    -8.898973E-4
1.149125E+7,    -4.438162E-4,    -9.566545E-4
1.149750E+7,    -4.104376E-4,    -1.014590E-3
1.150375E+7,    -4.432201E-4,    -9.783506E-4
1.151000E+7,    -4.457235E-4,    -9.793043E-4
1.151625E+7,    -4.404783E-4,    -9.946823E-4
1.152250E+7,    -4.245043E-4,    -9.688139E-4
1.152875E+7,    -4.310608E-4,    -9.156466E-4
1.153500E+7,    -4.318953E-4,    -8.580685E-4
1.154125E+7,    -4.916191E-4,    -9.819269E-4
1.154750E+7,    -4.477501E-4,    -1.013041E-3
1.155375E+7,    -4.345179E-4,    -9.679794E-4
1.156000E+7,    -4.506111E-4,    -1.168013E-3
1.156625E+7,    -4.686117E-4,    -1.134634E-3
1.157250E+7,    -4.951954E-4,    -1.118064E-3
1.157875E+7,    -6.380081E-4,    -1.095295E-3
1.158500E+7,    -5.624294E-4,    -1.242161E-3
1.159125E+7,    -5.086660E-4,    -1.117110E-3
1.159750E+7,    -4.256964E-4,    -1.132131E-3
1.160375E+7,    -5.440712E-4,    -1.202703E-3
1.161000E+7,    -5.272627E-4,    -1.177311E-3
1.161625E+7,    -5.902052E-4,    -1.301646E-3
1.162250E+7,    -5.524158E-4,    -1.340747E-3
1.162875E+7,    -5.052090E-4,    -1.646757E-3
1.163500E+7,    -4.782677E-4,    -1.756430E-3
1.164125E+7,    -2.028942E-4,    -2.039194E-3
1.164750E+7,    2.501011E-4,    -2.264500E-3
1.165375E+7,    -4.911423E-5,    -2.225399E-3
1.166000E+7,    3.859997E-4,    -2.101898E-3
1.166625E+7,    9.388924E-4,    -2.169609E-3
1.167250E+7,    1.138449E-3,    -1.960516E-3
1.167875E+7,    1.107216E-3,    -1.993418E-3
1.168500E+7,    1.104355E-3,    -1.986504E-3
1.169125E+7,    1.149654E-3,    -2.010107E-3
1.169750E+7,    1.125336E-3,    -2.013683E-3
1.170375E+7,    1.171112E-3,    -2.022982E-3
1.171000E+7,    1.165152E-3,    -1.994133E-3
1.171625E+7,    1.138449E-3,    -2.097607E-3
1.172250E+7,    1.181126E-3,    -2.100945E-3
1.172875E+7,    1.140833E-3,    -2.049446E-3
1.173500E+7,    1.223087E-3,    -2.128124E-3
1.174125E+7,    1.188278E-3,    -2.129078E-3
1.174750E+7,    1.202583E-3,    -2.134323E-3
1.175375E+7,    1.194715E-3,    -2.142906E-3
1.176000E+7,    1.214981E-3,    -2.167702E-3
1.176625E+7,    1.234055E-3,    -2.205372E-3
1.177250E+7,    1.260996E-3,    -2.195120E-3
1.177875E+7,    1.257658E-3,    -2.227068E-3
1.178500E+7,    1.271963E-3,    -2.247334E-3
1.179125E+7,    1.279354E-3,    -2.249956E-3
1.179750E+7,    1.194715E-3,    -2.290249E-3
1.180375E+7,    1.207829E-3,    -2.279758E-3
1.181000E+7,    1.189709E-3,    -2.313614E-3
1.181625E+7,    1.223803E-3,    -2.273321E-3
1.182250E+7,    1.230717E-3,    -2.383471E-3
1.182875E+7,    1.245737E-3,    -2.429485E-3
1.183500E+7,    1.309633E-3,    -2.395391E-3
1.184125E+7,    1.298428E-3,    -2.430916E-3
1.184750E+7,    1.316071E-3,    -2.410412E-3
1.185375E+7,    1.286983E-3,    -2.495289E-3
1.186000E+7,    1.275301E-3,    -2.516508E-3
1.186625E+7,    1.339436E-3,    -2.515316E-3
1.187250E+7,    1.357794E-3,    -2.573490E-3
1.187875E+7,    1.340151E-3,    -2.637863E-3
1.188500E+7,    1.362801E-3,    -2.583027E-3
1.189125E+7,    1.373291E-3,    -2.599716E-3
1.189750E+7,    1.379251E-3,    -2.698660E-3
1.190375E+7,    1.403093E-3,    -2.697229E-3
1.191000E+7,    1.428604E-3,    -2.701759E-3
1.191625E+7,    1.375914E-3,    -2.678633E-3
1.192250E+7,    1.434803E-3,    -2.717733E-3
1.192875E+7,    1.418352E-3,    -2.786636E-3
1.193500E+7,    1.440048E-3,    -2.769709E-3
1.194125E+7,    1.389980E-3,    -2.836704E-3
1.194750E+7,    1.450777E-3,    -2.823353E-3
1.195375E+7,    1.471281E-3,    -2.877712E-3
1.196000E+7,    1.449585E-3,    -2.869606E-3
1.196625E+7,    1.384735E-3,    -2.900839E-3
1.197250E+7,    1.486063E-3,    -2.935886E-3
1.197875E+7,    1.466036E-3,    -2.998590E-3
1.198500E+7,    1.446724E-3,    -2.964735E-3
1.199125E+7,    1.499176E-3,    -3.031015E-3
1.199750E+7,    1.476765E-3,    -3.033876E-3
1.200375E+7,    1.397133E-3,    -3.085136E-3
1.201000E+7,    1.472712E-3,    -3.089666E-3
1.201625E+7,    1.495838E-3,    -3.177643E-3
1.202250E+7,    1.476288E-3,    -3.154755E-3
1.202875E+7,    1.470089E-3,    -3.147602E-3
1.203500E+7,    1.490116E-3,    -3.219843E-3
1.204125E+7,    1.436710E-3,    -3.195763E-3
1.204750E+7,    1.456499E-3,    -3.232718E-3
1.205375E+7,    1.501799E-3,    -3.226519E-3
1.206000E+7,    1.509666E-3,    -3.235340E-3
1.206625E+7,    1.525164E-3,    -3.383875E-3
1.207250E+7,    1.558781E-3,    -3.412247E-3
1.207875E+7,    1.482010E-3,    -3.388405E-3
1.208500E+7,    1.484156E-3,    -3.322124E-3
1.209125E+7,    1.532078E-3,    -3.352165E-3
1.209750E+7,    1.537323E-3,    -3.387213E-3
1.210375E+7,    1.512766E-3,    -3.410816E-3
1.211000E+7,    1.527071E-3,    -3.489494E-3
1.211625E+7,    1.568317E-3,    -3.522396E-3
1.212250E+7,    1.554489E-3,    -3.543139E-3
1.212875E+7,    1.530647E-3,    -3.613472E-3
1.213500E+7,    1.603365E-3,    -3.641367E-3
1.214125E+7,    1.590490E-3,    -3.692150E-3
1.214750E+7,    1.620293E-3,    -3.705025E-3
1.215375E+7,    1.589298E-3,    -3.731489E-3
1.216000E+7,    1.651764E-3,    -3.728390E-3
1.216625E+7,    1.594305E-3,    -3.806114E-3
1.217250E+7,    1.635313E-3,    -3.805637E-3
1.217875E+7,    1.657724E-3,    -3.862858E-3
1.218500E+7,    1.641512E-3,    -3.927708E-3
1.219125E+7,    1.657009E-3,    -3.929377E-3
1.219750E+7,    1.688004E-3,    -4.036903E-3
1.220375E+7,    1.700401E-3,    -4.075050E-3
1.221000E+7,    1.719475E-3,    -4.076481E-3
1.221625E+7,    1.760483E-3,    -4.148006E-3
1.222250E+7,    1.725197E-3,    -4.188538E-3
1.222875E+7,    1.746178E-3,    -4.236698E-3
1.223500E+7,    1.753330E-3,    -4.321575E-3
1.224125E+7,    1.749992E-3,    -4.333973E-3
1.224750E+7,    1.811028E-3,    -4.348755E-3
1.225375E+7,    1.809120E-3,    -4.393101E-3
1.226000E+7,    1.780510E-3,    -4.469872E-3
1.226625E+7,    1.827240E-3,    -4.512787E-3
1.227250E+7,    1.877308E-3,    -4.538536E-3
1.227875E+7,    1.883030E-3,    -4.654408E-3
1.228500E+7,    1.922607E-3,    -4.671574E-3
1.229125E+7,    1.886845E-3,    -4.778862E-3
1.229750E+7,    1.924038E-3,    -4.754066E-3
1.230375E+7,    1.940250E-3,    -4.886627E-3
1.231000E+7,    1.955509E-3,    -4.895210E-3
1.231625E+7,    1.978874E-3,    -4.959106E-3
1.232250E+7,    2.023220E-3,    -5.009651E-3
1.232875E+7,    1.994610E-3,    -5.089760E-3
1.233500E+7,    2.023220E-3,    -5.189896E-3
1.234125E+7,    2.044678E-3,    -5.195141E-3
1.234750E+7,    2.002239E-3,    -5.329132E-3
1.235375E+7,    2.091885E-3,    -5.383968E-3
1.236000E+7,    2.065182E-3,    -5.409241E-3
1.236625E+7,    2.076626E-3,    -5.485058E-3
1.237250E+7,    2.152443E-3,    -5.533695E-3
1.237875E+7,    2.141476E-3,    -5.608082E-3
1.238500E+7,    2.165794E-3,    -5.690575E-3
1.239125E+7,    2.179146E-3,    -5.814552E-3
1.239750E+7,    2.199173E-3,    -5.884647E-3
1.240375E+7,    2.240181E-3,    -5.926132E-3
1.241000E+7,    2.253056E-3,    -6.017685E-3
1.241625E+7,    2.285957E-3,    -6.082058E-3
1.242250E+7,    2.310276E-3,    -6.167412E-3
1.242875E+7,    2.359390E-3,    -6.290436E-3
1.243500E+7,    2.356052E-3,    -6.369591E-3
1.244125E+7,    2.388000E-3,    -6.495953E-3
1.244750E+7,    2.427578E-3,    -6.506443E-3
1.245375E+7,    2.427101E-3,    -6.613731E-3
1.246000E+7,    2.521515E-3,    -6.709099E-3
1.246625E+7,    2.536297E-3,    -6.826401E-3
1.247250E+7,    2.521992E-3,    -6.888866E-3
1.247875E+7,    2.605915E-3,    -6.991386E-3
1.248500E+7,    2.688408E-3,    -7.093906E-3
1.249125E+7,    2.608776E-3,    -7.165909E-3
1.249750E+7,    2.689838E-3,    -7.335186E-3
1.250375E+7,    2.747059E-3,    -7.479668E-3
1.251000E+7,    2.753258E-3,    -7.511139E-3
1.251625E+7,    2.820969E-3,    -7.649899E-3
1.252250E+7,    2.819538E-3,    -7.771969E-3
1.252875E+7,    2.912521E-3,    -7.942200E-3
1.253500E+7,    2.911568E-3,    -7.994652E-3
1.254125E+7,    2.925873E-3,    -8.145332E-3
1.254750E+7,    3.007889E-3,    -8.283615E-3
1.255375E+7,    3.024101E-3,    -8.397102E-3
1.256000E+7,    3.104210E-3,    -8.523941E-3
1.256625E+7,    3.098488E-3,    -8.700371E-3
1.257250E+7,    3.168106E-3,    -8.842468E-3
1.257875E+7,    3.199577E-3,    -8.909225E-3
1.258500E+7,    3.274918E-3,    -9.129524E-3
1.259125E+7,    3.284454E-3,    -9.270668E-3
1.259750E+7,    3.330231E-3,    -9.407997E-3
1.260375E+7,    3.376961E-3,    -9.638786E-3
1.261000E+7,    3.341675E-3,    -9.784698E-3
1.261625E+7,    3.425598E-3,    -1.004505E-2
1.262250E+7,    3.526688E-3,    -1.008892E-2
1.262875E+7,    3.209114E-3,    -1.070023E-2
1.263500E+7,    3.526688E-3,    -1.035404E-2
1.264125E+7,    3.724098E-3,    -1.067924E-2
1.264750E+7,    3.736496E-3,    -1.104641E-2
1.265375E+7,    3.772736E-3,    -1.107311E-2
1.266000E+7,    3.654480E-3,    -1.146317E-2
1.266625E+7,    3.852844E-3,    -1.152515E-2
1.267250E+7,    1.237869E-3,    -1.258850E-2
1.267875E+7,    2.460480E-3,    -1.276398E-2
1.268500E+7,    1.221657E-3,    -1.341057E-2
1.269125E+7,    2.909660E-3,    -1.330566E-2
1.269750E+7,    4.048347E-3,    -1.257801E-2
1.270375E+7,    -7.915497E-5,    -1.306820E-2
1.271000E+7,    1.365662E-3,    -1.508331E-2
1.271625E+7,    4.417896E-3,    -1.350451E-2
1.272250E+7,    4.496574E-3,    -1.379585E-2
1.272875E+7,    4.598618E-3,    -1.410055E-2
1.273500E+7,    4.483223E-3,    -1.472950E-2
1.274125E+7,    4.693985E-3,    -1.490402E-2
1.274750E+7,    4.635334E-3,    -1.544714E-2
1.275375E+7,    4.854202E-3,    -1.540518E-2
1.276000E+7,    4.080772E-3,    -1.610947E-2
1.276625E+7,    2.085686E-3,    -1.672745E-2
1.277250E+7,    -3.276825E-3,    -1.221991E-2
1.277875E+7,    -5.100250E-3,    -1.536846E-2
1.278500E+7,    -2.650261E-3,    -1.843739E-2
1.279125E+7,    -2.365112E-4,    -1.956940E-2
1.279750E+7,    3.893852E-3,    -1.850319E-2
1.280375E+7,    -2.449036E-3,    -1.804829E-2
1.281000E+7,    -7.191658E-3,    -1.546669E-2
1.281625E+7,    -6.052971E-3,    -2.089882E-2
1.282250E+7,    -6.606102E-3,    -2.076817E-2
1.282875E+7,    1.174927E-3,    -2.177525E-2
1.283500E+7,    -9.394646E-3,    -1.827431E-2
1.284125E+7,    5.243301E-3,    -2.387142E-2
1.284750E+7,    6.110191E-3,    -2.369976E-2
1.285375E+7,    4.361153E-3,    -2.519894E-2
1.286000E+7,    4.423141E-3,    -2.527809E-2
1.286625E+7,    4.268646E-3,    -2.680016E-2
1.287250E+7,    5.292892E-3,    -2.717113E-2
1.287875E+7,    6.708145E-3,    -2.681351E-2
1.288500E+7,    5.065918E-3,    -2.741432E-2
1.289125E+7,    3.111839E-3,    -3.029537E-2
1.289750E+7,    -1.049042E-3,    -3.083038E-2
1.290375E+7,    4.241943E-3,    -3.052807E-2
1.291000E+7,    1.932144E-3,    -3.204536E-2
1.291625E+7,    2.403259E-4,    -3.438759E-2
1.292250E+7,    -3.467560E-3,    -3.048134E-2
1.292875E+7,    -1.310349E-3,    -3.434753E-2
1.293500E+7,    -1.475906E-2,    -2.855873E-2
1.294125E+7,    -1.091576E-2,    -3.229904E-2
1.294750E+7,    -1.474571E-2,    -2.501297E-2
1.295375E+7,    -1.461601E-2,    -1.644707E-2
1.296000E+7,    -1.277733E-2,    -1.252079E-2
1.296625E+7,    -1.269722E-2,    -1.199818E-2
1.297250E+7,    -1.331902E-2,    -1.246929E-2
1.297875E+7,    -1.377296E-2,    -1.274872E-2
1.298500E+7,    -1.424313E-2,    -1.304245E-2
1.299125E+7,    -1.487923E-2,    -1.340199E-2
1.299750E+7,    -1.546860E-2,    -1.370811E-2
1.300375E+7,    -1.621151E-2,    -1.415157E-2
1.301000E+7,    -1.694870E-2,    -1.459694E-2
1.301625E+7,    -1.767731E-2,    -1.496696E-2
1.302250E+7,    -1.856232E-2,    -1.554298E-2
1.302875E+7,    -1.944733E-2,    -1.594925E-2
1.303500E+7,    -2.045059E-2,    -1.647186E-2
1.304125E+7,    -2.153397E-2,    -1.691818E-2
1.304750E+7,    -2.261925E-2,    -1.749611E-2
1.305375E+7,    -2.373886E-2,    -1.798630E-2
1.306000E+7,    -2.508354E-2,    -1.850128E-2
1.306625E+7,    -2.654648E-2,    -1.909065E-2
1.307250E+7,    -2.808380E-2,    -1.969147E-2
1.307875E+7,    -2.997589E-2,    -2.039719E-2
1.308500E+7,    -3.185272E-2,    -2.098274E-2
1.309125E+7,    -3.397369E-2,    -2.165222E-2
1.309750E+7,    -3.611946E-2,    -2.219009E-2
1.310375E+7,    -3.861618E-2,    -2.274895E-2
1.311000E+7,    -4.139519E-2,    -2.332878E-2
1.311625E+7,    -4.448700E-2,    -2.380371E-2
1.312250E+7,    -4.809189E-2,    -2.426910E-2
1.312875E+7,    -5.200958E-2,    -2.457047E-2
1.313500E+7,    -5.638885E-2,    -2.469635E-2
1.314125E+7,    -6.102753E-2,    -2.453613E-2
1.314750E+7,    -6.655121E-2,    -2.415466E-2
1.315375E+7,    -7.353210E-2,    -2.348328E-2
1.316000E+7,    -8.041382E-2,    -2.191544E-2
1.316625E+7,    -8.794403E-2,    -1.966858E-2
1.317250E+7,    -9.556198E-2,    -1.572037E-2
1.317875E+7,    -1.049118E-1,    -1.082993E-2
1.318500E+7,    -1.142731E-1,    -3.948212E-3
1.319125E+7,    -1.243477E-1,    6.042480E-3
1.319750E+7,    -1.321182E-1,    1.755524E-2
1.320375E+7,    -1.394196E-1,    3.366089E-2
1.321000E+7,    -1.454544E-1,    5.208588E-2
1.321625E+7,    -1.440659E-1,    7.263947E-2
1.322250E+7,    -1.390152E-1,    9.399414E-2
1.322875E+7,    -1.296387E-1,    1.155472E-1
1.323500E+7,    -1.148682E-1,    1.338959E-1
1.324125E+7,    -9.739685E-2,    1.487274E-1
1.324750E+7,    -7.850647E-2,    1.593628E-1
1.325375E+7,    -5.982971E-2,    1.650848E-1
1.326000E+7,    -4.067993E-2,    1.626434E-1
1.326625E+7,    -2.525330E-2,    1.593475E-1
1.327250E+7,    -1.171875E-2,    1.545258E-1
1.327875E+7,    -4.425049E-4,    1.498871E-1
1.328500E+7,    8.361816E-3,    1.422424E-1
1.329125E+7,    1.583862E-2,    1.384583E-1
1.329750E+7,    2.159119E-2,    1.316376E-1
1.330375E+7,    2.699280E-2,    1.245880E-1
1.331000E+7,    3.193665E-2,    1.225281E-1
1.331625E+7,    3.483582E-2,    1.178131E-1
1.332250E+7,    3.892517E-2,    1.160278E-1
1.332875E+7,    3.936768E-2,    1.085052E-1
1.333500E+7,    4.118347E-2,    1.013489E-1
1.334125E+7,    4.208374E-2,    9.680176E-2
1.334750E+7,    4.357910E-2,    9.266663E-2
1.335375E+7,    4.573059E-2,    9.169006E-2
1.336000E+7,    4.615784E-2,    8.891296E-2
1.336625E+7,    4.736328E-2,    8.523560E-2
1.337250E+7,    4.898071E-2,    8.447266E-2
1.337875E+7,    4.991150E-2,    8.174896E-2
1.338500E+7,    5.078888E-2,    7.975006E-2
1.339125E+7,    5.299377E-2,    7.918549E-2
1.339750E+7,    5.359650E-2,    7.755280E-2
1.340375E+7,    5.490875E-2,    7.580566E-2
1.341000E+7,    5.631256E-2,    7.431030E-2
1.341625E+7,    5.835724E-2,    7.395935E-2
1.342250E+7,    6.040955E-2,    7.279205E-2
1.342875E+7,    6.256866E-2,    7.244110E-2
1.343500E+7,    6.536102E-2,    7.234192E-2
1.344125E+7,    6.669617E-2,    7.090759E-2
1.344750E+7,    6.989288E-2,    7.066345E-2
1.345375E+7,    7.236481E-2,    7.035828E-2
1.346000E+7,    7.585144E-2,    6.920624E-2
1.346625E+7,    7.973480E-2,    6.897736E-2
1.347250E+7,    8.452606E-2,    6.869507E-2
1.347875E+7,    8.815002E-2,    6.771088E-2
1.348500E+7,    9.220123E-2,    6.598663E-2
1.349125E+7,    9.692383E-2,    6.416321E-2
1.349750E+7,    1.031113E-1,    6.238556E-2
1.350375E+7,    1.103439E-1,    6.012726E-2
1.351000E+7,    1.164856E-1,    5.650330E-2
1.351625E+7,    1.235962E-1,    5.249023E-2
1.352250E+7,    1.314163E-1,    4.635620E-2
1.352875E+7,    1.395035E-1,    3.910065E-2
1.353500E+7,    1.481094E-1,    3.000641E-2
1.354125E+7,    1.556320E-1,    1.830292E-2
1.354750E+7,    1.624756E-1,    4.699707E-3
1.355375E+7,    1.668549E-1,    -1.151276E-2
1.356000E+7,    1.682281E-1,    -2.988434E-2
1.356625E+7,    1.654434E-1,    -4.888153E-2
1.357250E+7,    1.582642E-1,    -6.806183E-2
1.357875E+7,    1.472168E-1,    -8.586121E-2
1.358500E+7,    1.322479E-1,    -9.983826E-2
1.359125E+7,    1.158829E-1,    -1.098175E-1
1.359750E+7,    9.867096E-2,    -1.164093E-1
1.360375E+7,    8.165741E-2,    -1.183624E-1
1.361000E+7,    6.610107E-2,    -1.176071E-1
1.361625E+7,    5.283356E-2,    -1.146317E-1
1.362250E+7,    4.121399E-2,    -1.104660E-1
1.362875E+7,    3.118134E-2,    -1.052551E-1
1.363500E+7,    2.356720E-2,    -1.000290E-1
1.364125E+7,    1.710510E-2,    -9.415436E-2
1.364750E+7,    1.161957E-2,    -8.850098E-2
1.365375E+7,    7.652283E-3,    -8.336639E-2
1.366000E+7,    3.845215E-3,    -7.837677E-2
1.366625E+7,    1.159668E-3,    -7.388306E-2
1.367250E+7,    -1.007080E-3,    -6.953430E-2
1.367875E+7,    -2.952576E-3,    -6.553650E-2
1.368500E+7,    -4.325867E-3,    -6.179047E-2
1.369125E+7,    -5.493164E-3,    -5.818176E-2
1.369750E+7,    -6.385803E-3,    -5.510712E-2
1.370375E+7,    -7.217407E-3,    -5.210876E-2
1.371000E+7,    -7.762909E-3,    -4.943848E-2
1.371625E+7,    -8.159637E-3,    -4.701233E-2
1.372250E+7,    -8.579254E-3,    -4.477692E-2
1.372875E+7,    -8.930206E-3,    -4.269791E-2
1.373500E+7,    -9.155273E-3,    -4.079819E-2
1.374125E+7,    -9.235382E-3,    -3.894043E-2
1.374750E+7,    -9.357452E-3,    -3.726196E-2
1.375375E+7,    -9.464264E-3,    -3.570938E-2
1.376000E+7,    -9.471893E-3,    -3.429413E-2
1.376625E+7,    -9.498596E-3,    -3.290176E-2
1.377250E+7,    -9.525299E-3,    -3.166199E-2
1.377875E+7,    -9.483337E-3,    -3.051376E-2
1.378500E+7,    -9.441376E-3,    -2.939606E-2
1.379125E+7,    -9.387970E-3,    -2.837372E-2
1.379750E+7,    -9.330750E-3,    -2.740479E-2
1.380375E+7,    -9.262085E-3,    -2.643967E-2
1.381000E+7,    -9.201050E-3,    -2.560043E-2
1.381625E+7,    -9.113312E-3,    -2.478409E-2
1.382250E+7,    -9.002686E-3,    -2.400970E-2
1.382875E+7,    -8.968353E-3,    -2.330017E-2
1.383500E+7,    -8.882523E-3,    -2.262878E-2
1.384125E+7,    -8.821487E-3,    -2.195358E-2
1.384750E+7,    -8.710861E-3,    -2.138710E-2
1.385375E+7,    -8.663177E-3,    -2.078629E-2
1.386000E+7,    -8.546829E-3,    -2.023888E-2
1.386625E+7,    -8.489609E-3,    -1.972580E-2
1.387250E+7,    -8.382797E-3,    -1.924515E-2
1.387875E+7,    -8.302689E-3,    -1.875496E-2
1.388500E+7,    -8.230209E-3,    -1.833534E-2
1.389125E+7,    -8.169174E-3,    -1.790810E-2
1.389750E+7,    -8.108139E-3,    -1.749802E-2
1.390375E+7,    -8.068085E-3,    -1.711655E-2
1.391000E+7,    -7.957458E-3,    -1.677322E-2
1.391625E+7,    -7.890701E-3,    -1.642036E-2
1.392250E+7,    -7.850647E-3,    -1.607704E-2
1.392875E+7,    -7.753372E-3,    -1.579285E-2
1.393500E+7,    -7.714272E-3,    -1.549053E-2
1.394125E+7,    -7.702827E-3,    -1.517868E-2
1.394750E+7,    -7.633209E-3,    -1.494122E-2
1.395375E+7,    -7.568359E-3,    -1.470280E-2
1.396000E+7,    -7.555008E-3,    -1.446915E-2
1.396625E+7,    -7.511139E-3,    -1.420593E-2
1.397250E+7,    -7.480621E-3,    -1.402473E-2
1.397875E+7,    -7.473946E-3,    -1.375103E-2
1.398500E+7,    -7.411003E-3,    -1.356983E-2
1.399125E+7,    -7.399559E-3,    -1.340961E-2
1.399750E+7,    -7.397652E-3,    -1.322746E-2
1.400375E+7,    -7.366180E-3,    -1.305962E-2
1.401000E+7,    -7.330894E-3,    -1.290512E-2
1.401625E+7,    -7.309914E-3,    -1.276493E-2
1.402250E+7,    -7.335663E-3,    -1.261330E-2
1.402875E+7,    -7.314682E-3,    -1.249027E-2
1.403500E+7,    -7.314682E-3,    -1.235008E-2
1.404125E+7,    -7.334709E-3,    -1.226616E-2
1.404750E+7,    -7.329941E-3,    -1.213837E-2
1.405375E+7,    -7.369995E-3,    -1.206589E-2
1.406000E+7,    -7.377625E-3,    -1.195431E-2
1.406625E+7,    -7.372856E-3,    -1.186943E-2
1.407250E+7,    -7.425308E-3,    -1.182652E-2
1.407875E+7,    -7.447243E-3,    -1.174831E-2
1.408500E+7,    -7.507324E-3,    -1.168060E-2
1.409125E+7,    -7.580757E-3,    -1.165676E-2
1.409750E+7,    -7.596016E-3,    -1.161098E-2
1.410375E+7,    -7.676125E-3,    -1.154041E-2
1.411000E+7,    -7.733345E-3,    -1.155853E-2
1.411625E+7,    -7.827759E-3,    -1.152134E-2
1.412250E+7,    -7.895470E-3,    -1.152611E-2
1.412875E+7,    -8.007050E-3,    -1.149845E-2
1.413500E+7,    -8.113861E-3,    -1.153851E-2
1.414125E+7,    -8.236885E-3,    -1.151657E-2
1.414750E+7,    -8.345604E-3,    -1.155472E-2
1.415375E+7,    -8.519173E-3,    -1.160622E-2
1.416000E+7,    -8.666039E-3,    -1.166725E-2
1.416625E+7,    -8.831024E-3,    -1.171398E-2
1.417250E+7,    -9.035110E-3,    -1.178265E-2
1.417875E+7,    -9.249687E-3,    -1.184940E-2
1.418500E+7,    -9.484291E-3,    -1.195431E-2
1.419125E+7,    -9.766579E-3,    -1.207447E-2
1.419750E+7,    -1.003456E-2,    -1.217747E-2
1.420375E+7,    -1.035500E-2,    -1.234531E-2
1.421000E+7,    -1.071358E-2,    -1.251221E-2
1.421625E+7,    -1.114178E-2,    -1.268196E-2
1.422250E+7,    -1.155949E-2,    -1.284122E-2
1.422875E+7,    -1.208973E-2,    -1.306248E-2
1.423500E+7,    -1.268101E-2,    -1.327038E-2
1.424125E+7,    -1.333523E-2,    -1.348495E-2
1.424750E+7,    -1.404858E-2,    -1.378059E-2
1.425375E+7,    -1.493073E-2,    -1.402855E-2
1.426000E+7,    -1.594162E-2,    -1.430225E-2
1.426625E+7,    -1.713371E-2,    -1.457977E-2
1.427250E+7,    -1.849556E-2,    -1.475334E-2
1.427875E+7,    -2.008820E-2,    -1.499748E-2
1.428500E+7,    -2.204323E-2,    -1.507568E-2
1.429125E+7,    -2.436066E-2,    -1.501083E-2
1.429750E+7,    -2.715874E-2,    -1.466560E-2
1.430375E+7,    -3.044319E-2,    -1.380539E-2
1.431000E+7,    -3.437614E-2,    -1.217651E-2
1.431625E+7,    -3.878212E-2,    -9.288788E-3
1.432250E+7,    -4.331398E-2,    -4.571915E-3
1.432875E+7,    -4.694939E-2,    2.628326E-3
1.433500E+7,    -4.821014E-2,    1.214981E-2
1.434125E+7,    -4.530716E-2,    2.251816E-2
1.434750E+7,    -3.816032E-2,    3.104973E-2
1.435375E+7,    -2.879524E-2,    3.559494E-2
1.436000E+7,    -1.963425E-2,    3.619003E-2
1.436625E+7,    -1.242828E-2,    3.421783E-2
1.437250E+7,    -7.179260E-3,    3.107834E-2
1.437875E+7,    -3.635406E-3,    2.780342E-2
1.438500E+7,    -1.277924E-3,    2.465439E-2
1.439125E+7,    2.918243E-4,    2.193260E-2
1.439750E+7,    1.255035E-3,    1.953697E-2
1.440375E+7,    1.928329E-3,    1.745415E-2
1.441000E+7,    2.315521E-3,    1.569271E-2
1.441625E+7,    2.568245E-3,    1.414871E-2
1.442250E+7,    2.684116E-3,    1.288891E-2
1.442875E+7,    2.757549E-3,    1.171112E-2
1.443500E+7,    2.780437E-3,    1.071310E-2
1.444125E+7,    2.740383E-3,    9.840012E-3
1.444750E+7,    2.685547E-3,    9.082794E-3
1.445375E+7,    2.648830E-3,    8.386135E-3
1.446000E+7,    2.549648E-3,    7.788658E-3
1.446625E+7,    2.478123E-3,    7.259369E-3
1.447250E+7,    2.408504E-3,    6.753922E-3
1.447875E+7,    2.326965E-3,    6.312370E-3
1.448500E+7,    2.250671E-3,    5.899906E-3
1.449125E+7,    2.143621E-3,    5.551815E-3
1.449750E+7,    2.084970E-3,    5.200624E-3
1.450375E+7,    2.019167E-3,    4.898548E-3
1.451000E+7,    1.929760E-3,    4.625559E-3
1.451625E+7,    1.856804E-3,    4.358530E-3
1.452250E+7,    1.793385E-3,    4.127264E-3
1.452875E+7,    1.720905E-3,    3.922701E-3
1.453500E+7,    1.664162E-3,    3.682137E-3
1.454125E+7,    1.566648E-3,    3.486872E-3
1.454750E+7,    1.547337E-3,    3.329515E-3
1.455375E+7,    1.482725E-3,    3.184319E-3
1.456000E+7,    1.417160E-3,    3.013134E-3
1.456625E+7,    1.379490E-3,    2.898216E-3
1.457250E+7,    1.332760E-3,    2.739668E-3
1.457875E+7,    1.276851E-3,    2.624512E-3
1.458500E+7,    1.219392E-3,    2.474546E-3
1.459125E+7,    1.179695E-3,    2.391815E-3
1.459750E+7,    1.131296E-3,    2.293706E-3
1.460375E+7,    1.128316E-3,    2.186656E-3
1.461000E+7,    1.083732E-3,    2.118111E-3
1.461625E+7,    1.054645E-3,    2.026320E-3
1.462250E+7,    1.009703E-3,    1.910210E-3
1.462875E+7,    9.664297E-4,    1.836538E-3
1.463500E+7,    9.356737E-4,    1.762033E-3
1.464125E+7,    8.891821E-4,    1.701236E-3
1.464750E+7,    8.728504E-4,    1.628637E-3
1.465375E+7,    8.400679E-4,    1.564860E-3
1.466000E+7,    8.282661E-4,    1.497507E-3
1.466625E+7,    7.973909E-4,    1.447558E-3
1.467250E+7,    7.760525E-4,    1.408219E-3
1.467875E+7,    7.442236E-4,    1.350522E-3
1.468500E+7,    7.250309E-4,    1.304984E-3
1.469125E+7,    6.847382E-4,    1.242280E-3
1.469750E+7,    6.669760E-4,    1.202464E-3
1.470375E+7,    6.588101E-4,    1.183510E-3
1.471000E+7,    6.216168E-4,    1.111567E-3
1.471625E+7,    5.989075E-4,    1.080811E-3
1.472250E+7,    6.019473E-4,    1.026630E-3
1.472875E+7,    5.819201E-4,    1.017869E-3
1.473500E+7,    5.633235E-4,    9.783506E-4
1.474125E+7,    5.443096E-4,    9.393096E-4
1.474750E+7,    5.304217E-4,    8.974075E-4
1.475375E+7,    5.024076E-4,    8.948445E-4
1.476000E+7,    4.960299E-4,    8.558035E-4
1.476625E+7,    4.916787E-4,    8.185506E-4
1.477250E+7,    4.814267E-4,    7.745028E-4
1.477875E+7,    4.541874E-4,    7.632375E-4
1.478500E+7,    4.196167E-4,    7.071495E-4
1.479125E+7,    4.165173E-4,    7.337332E-4
1.479750E+7,    4.276633E-4,    6.876588E-4
1.480375E+7,    4.006624E-4,    6.681085E-4
1.481000E+7,    4.093647E-4,    6.393194E-4
1.481625E+7,    3.853440E-4,    6.520152E-4
1.482250E+7,    3.915429E-4,    6.330013E-4
1.482875E+7,    3.737807E-4,    5.937517E-4
1.483500E+7,    3.476739E-4,    5.822182E-4
1.484125E+7,    3.598928E-4,    5.757511E-4
1.484750E+7,    3.398359E-4,    5.445480E-4
1.485375E+7,    3.205538E-4,    5.387962E-4
1.486000E+7,    3.106594E-4,    5.110800E-4
1.486625E+7,    2.985001E-4,    4.931390E-4
1.487250E+7,    2.946854E-4,    4.705787E-4
1.487875E+7,    2.954304E-4,    4.611015E-4
1.488500E+7,    2.872646E-4,    4.486442E-4
1.489125E+7,    2.885163E-4,    4.318357E-4
1.489750E+7,    2.819896E-4,    4.268587E-4
1.490375E+7,    2.803206E-4,    4.109442E-4
1.491000E+7,    2.602935E-4,    3.973842E-4
1.491625E+7,    2.565980E-4,    4.003048E-4
1.492250E+7,    2.362430E-4,    3.696978E-4
1.492875E+7,    2.469718E-4,    3.800392E-4
1.493500E+7,    2.500117E-4,    3.533065E-4
1.494125E+7,    2.374649E-4,    3.518760E-4
1.494750E+7,    2.429187E-4,    3.322959E-4
1.495375E+7,    2.298355E-4,    3.575385E-4
1.496000E+7,    2.094805E-4,    3.181398E-4
1.496625E+7,    2.038479E-4,    3.212988E-4
1.497250E+7,    2.166331E-4,    3.056824E-4
1.497875E+7,    2.114773E-4,    2.826750E-4
1.498500E+7,    1.895130E-4,    3.142059E-4
1.499125E+7,    1.852959E-4,    2.904981E-4
1.499750E+7,    1.817942E-4,    2.762228E-4
1.500375E+7,    1.754910E-4,    2.796650E-4
1.501000E+7,    1.954734E-4,    2.411306E-4
1.501625E+7,    1.708716E-4,    2.486557E-4
1.502250E+7,    1.521111E-4,    2.526045E-4
1.502875E+7,    1.500398E-4,    2.539307E-4
1.503500E+7,    1.545548E-4,    2.513379E-4
1.504125E+7,    1.660883E-4,    2.086461E-4
1.504750E+7,    1.736879E-4,    2.035946E-4
1.505375E+7,    1.211762E-4,    2.040118E-4
1.506000E+7,    1.366138E-4,    2.201051E-4
1.506625E+7,    1.262575E-4,    2.175272E-4
1.507250E+7,    1.367480E-4,    1.839846E-4
1.507875E+7,    1.278967E-4,    1.898706E-4
1.508500E+7,    1.297146E-4,    1.790226E-4
1.509125E+7,    1.253784E-4,    2.093762E-4
1.509750E+7,    1.180619E-4,    1.783222E-4
1.510375E+7,    1.129210E-4,    1.639724E-4
1.511000E+7,    1.244098E-4,    1.921207E-4
1.511625E+7,    9.733438E-5,    1.661330E-4
1.512250E+7,    1.116693E-4,    1.466870E-4
1.512875E+7,    9.988248E-5,    1.549572E-4
1.513500E+7,    1.107752E-4,    1.561195E-4
1.514125E+7,    1.097023E-4,    1.664460E-4
1.514750E+7,    1.072586E-4,    1.312718E-4
1.515375E+7,    1.123697E-4,    1.552403E-4
1.516000E+7,    1.198947E-4,    1.221076E-4
1.516625E+7,    9.831786E-5,    1.290366E-4
1.517250E+7,    9.451807E-5,    1.227185E-4
1.517875E+7,    1.009107E-4,    1.364499E-4
1.518500E+7,    8.440018E-5,    1.027882E-4
1.519125E+7,    6.630272E-5,    1.262203E-4
1.519750E+7,    9.250641E-5,    1.059026E-4
1.520375E+7,    8.456409E-5,    1.312867E-4
1.521000E+7,    7.125735E-5,    1.136586E-4
1.521625E+7,    8.609891E-5,    1.308918E-4
1.522250E+7,    7.698685E-5,    1.011714E-4
1.522875E+7,    6.953627E-5,    9.752810E-5
1.523500E+7,    6.856024E-5,    1.077577E-4
1.524125E+7,    6.929785E-5,    1.073927E-4
1.524750E+7,    6.968528E-5,    1.075491E-4
1.525375E+7,    6.809086E-5,    9.928644E-5
1.526000E+7,    8.103997E-5,    1.083836E-4
1.526625E+7,    7.315725E-5,    8.659065E-5
1.527250E+7,    7.457286E-5,    7.579476E-5
1.527875E+7,    6.761402E-5,    1.025647E-4
1.528500E+7,    9.526312E-5,    6.932765E-5
1.529125E+7,    6.961823E-5,    9.196997E-5
1.529750E+7,    5.913526E-5,    9.102374E-5
1.530375E+7,    5.040690E-5,    5.774945E-5
1.531000E+7,    5.983189E-5,    4.982948E-5
1.531625E+7,    5.492568E-5,    7.397681E-5
1.532250E+7,    4.504248E-5,    6.201491E-5
1.532875E+7,    2.317876E-5,    7.122755E-5
1.533500E+7,    4.059449E-5,    6.785616E-5
1.534125E+7,    5.717576E-5,    7.463247E-5
1.534750E+7,    3.966317E-5,    4.909188E-5
1.535375E+7,    4.465878E-5,    8.503348E-5
1.536000E+7,    4.496425E-5,    4.886091E-5
1.536625E+7,    5.394965E-5,    6.344914E-5
1.537250E+7,    2.123415E-5,    7.104874E-5
1.537875E+7,    5.171448E-5,    6.626174E-5
1.538500E+7,    6.486475E-5,    7.974356E-5
1.539125E+7,    4.616380E-5,    7.316470E-5
1.539750E+7,    5.019829E-5,    4.628301E-5
1.540375E+7,    5.793199E-5,    6.541982E-5
1.541000E+7,    2.691522E-5,    7.231906E-5
1.541625E+7,    4.806370E-5,    6.574020E-5
1.542250E+7,    5.969033E-5,    4.780665E-5
1.542875E+7,    2.829731E-5,    2.883375E-5
1.543500E+7,    3.057905E-5,    2.492592E-5
1.544125E+7,    2.127141E-5,    5.118176E-5
1.544750E+7,    3.686175E-5,    4.821271E-5
1.545375E+7,    5.559996E-5,    5.500019E-5
1.546000E+7,    1.324713E-5,    4.990026E-5
1.546625E+7,    2.742000E-5,    3.205426E-5
1.547250E+7,    3.921241E-5,    2.026372E-5
1.547875E+7,    5.161762E-5,    6.708875E-5
1.548500E+7,    3.307313E-5,    4.828349E-5
1.549125E+7,    3.436208E-5,    6.195158E-5
1.549750E+7,    2.301857E-5,    2.713129E-5
1.550375E+7,    5.194545E-5,    5.055219E-5
1.551000E+7,    4.440546E-6,    3.478490E-5
1.551625E+7,    5.466491E-5,    5.652755E-5
1.552250E+7,    1.901016E-5,    4.028343E-5
1.552875E+7,    4.082173E-5,    4.291534E-5
1.553500E+7,    2.339482E-5,    1.022220E-5
1.554125E+7,    1.355354E-5,    1.172535E-5
1.554750E+7,    3.836676E-5,    5.799532E-5
1.555375E+7,    1.476705E-5,    6.388128E-5
1.556000E+7,    2.948381E-5,    1.316331E-5
1.556625E+7,    2.356246E-5,    3.384985E-5
1.557250E+7,    1.115631E-5,    1.650304E-5
1.557875E+7,    4.521757E-5,    4.493818E-5
1.558500E+7,    3.977120E-5,    2.887845E-5
1.559125E+7,    2.221391E-5,    2.430379E-5
1.559750E+7,    1.332723E-5,    2.188794E-5
1.560375E+7,    1.923181E-6,    2.266932E-5
1.561000E+7,    1.342222E-5,    2.183206E-5
1.561625E+7,    3.179535E-6,    3.466569E-5
1.562250E+7,    1.134770E-5,    -1.112465E-6
1.562875E+7,    2.380833E-5,    3.548153E-5
1.563500E+7,    1.592562E-5,    1.819432E-5
1.564125E+7,    2.174638E-5,    2.271496E-5
1.564750E+7,    1.311675E-5,    2.050400E-5
1.565375E+7,    1.328392E-5,    -4.239846E-6
1.566000E+7,    4.777219E-6,    -5.985377E-6
1.566625E+7,    -4.634261E-6,    3.078207E-5
1.567250E+7,    3.664289E-6,    7.784460E-6
1.567875E+7,    1.941435E-5,    2.493896E-5
1.568500E+7,    5.038455E-6,    1.845509E-5
1.569125E+7,    2.563931E-5,    2.942421E-5
1.569750E+7,    1.410488E-6,    1.071254E-5
1.570375E+7,    1.818500E-5,    1.385808E-5
1.571000E+7,    -6.868038E-6,    9.069685E-6
1.571625E+7,    -2.961326E-5,    1.508743E-6
1.572250E+7,    1.535751E-6,    1.065340E-5
1.572875E+7,    2.059154E-5,    1.055934E-5
1.573500E+7,    1.831725E-5,    1.349300E-5
1.574125E+7,    1.828372E-5,    1.346320E-5
1.574750E+7,    2.451427E-5,    1.781620E-5
1.575375E+7,    7.860363E-6,    1.499709E-5
1.576000E+7,    -4.516914E-7,    1.363736E-5
1.576625E+7,    1.151860E-5,    3.618933E-5
1.577250E+7,    -4.369300E-6,    6.201677E-6
1.577875E+7,    6.543938E-6,    -9.305310E-6
1.578500E+7,    -2.329051E-5,    6.852672E-6
1.579125E+7,    7.910654E-6,    2.852641E-5
1.579750E+7,    2.320018E-5,    -7.006340E-6
1.580375E+7,    -6.417744E-6,    9.348616E-6
1.581000E+7,    3.137253E-5,    7.629395E-6
1.581625E+7,    -1.262873E-5,    1.874939E-5
1.582250E+7,    -2.098735E-6,    3.131106E-6
1.582875E+7,    -2.085930E-6,    3.133202E-6
1.583500E+7,    8.442439E-6,    1.457892E-5
1.584125E+7,    1.684204E-5,    1.554564E-5
1.584750E+7,    -1.898967E-6,    1.675729E-5
1.585375E+7,    -4.080124E-6,    6.324146E-6
1.586000E+7,    -2.264045E-6,    -1.039216E-5
1.586625E+7,    6.345101E-6,    4.044268E-6
1.587250E+7,    -2.076291E-5,    4.659407E-6
1.587875E+7,    1.943298E-5,    2.558716E-5
1.588500E+7,    8.734874E-6,    1.435727E-5
1.589125E+7,    1.978944E-6,    -3.195950E-6
1.589750E+7,    -3.922498E-6,    6.399117E-6
1.590375E+7,    1.422130E-5,    -8.897390E-6
1.591000E+7,    1.031673E-5,    -2.522953E-6
1.591625E+7,    -1.089647E-5,    -1.096260E-5
1.592250E+7,    1.933891E-5,    1.149904E-5
1.592875E+7,    2.624933E-6,    1.026643E-5
1.593500E+7,    1.100451E-5,    1.083408E-5
1.594125E+7,    1.597218E-6,    2.695434E-5
1.594750E+7,    -6.474089E-6,    -3.754161E-6
1.595375E+7,    1.015514E-5,    2.740696E-5
1.596000E+7,    1.299009E-5,    7.428229E-6
1.596625E+7,    -3.701309E-6,    6.505754E-6
1.597250E+7,    6.524846E-6,    3.681052E-6
1.597875E+7,    -5.468726E-6,    9.818468E-6
1.598500E+7,    6.677583E-7,    -1.672935E-5
1.599125E+7,    4.108995E-6,    2.362300E-5
1.599750E+7,    4.160218E-6,    -2.330355E-5
1.600375E+7,    -1.206622E-4,    -8.251518E-5
1.601000E+7,    -1.109019E-5,    -5.454198E-5
1.601625E+7,    -8.206815E-5,    2.421439E-6
1.602250E+7,    -1.523420E-4,    7.222593E-5
1.602875E+7,    5.603954E-5,    -5.093589E-5
1.603500E+7,    3.177300E-5,    5.724654E-5
1.604125E+7,    1.575425E-5,    -3.698282E-5
1.604750E+7,    -5.746633E-5,    -9.939075E-5
1.605375E+7,    -6.555393E-5,    2.196431E-5
1.606000E+7,    6.441027E-5,    2.499670E-6
1.606625E+7,    -3.509223E-5,    -2.747402E-5
1.607250E+7,    2.945960E-5,    6.253645E-5
1.607875E+7,    -8.886307E-5,    1.056418E-4
1.608500E+7,    -2.070889E-5,    8.492544E-5
1.609125E+7,    -2.493709E-5,    -1.169220E-4
1.609750E+7,    5.425699E-5,    -3.925525E-5
1.610375E+7,    -5.643815E-6,    7.877871E-5
1.611000E+7,    2.672896E-6,    4.485808E-5
1.611625E+7,    -9.538233E-5,    -4.718453E-5
1.612250E+7,    -9.652972E-5,    1.085885E-4
1.612875E+7,    4.599616E-5,    -4.901551E-5
1.613500E+7,    -1.356006E-5,    -1.208577E-5
1.614125E+7,    -7.768720E-5,    -8.389354E-6
1.614750E+7,    -1.092535E-5,    -1.093838E-5
1.615375E+7,    -3.419071E-5,    -1.022443E-4
1.616000E+7,    6.752089E-6,    2.790242E-5
1.616625E+7,    -4.493259E-5,    2.445281E-5
1.617250E+7,    -2.219528E-5,    -2.831779E-5
1.617875E+7,    2.011657E-5,    -5.390309E-5
1.618500E+7,    -4.483387E-5,    -1.934171E-5
1.619125E+7,    -1.791865E-6,    -3.206544E-5
1.619750E+7,    -5.828217E-5,    6.249174E-5
1.620375E+7,    4.698336E-5,    -7.986277E-5
1.621000E+7,    8.117408E-5,    -2.128258E-5
1.621625E+7,    3.644079E-5,    5.330890E-5
1.622250E+7,    2.565235E-5,    -1.427718E-6
1.622875E+7,    7.957965E-5,    -3.140420E-6
1.623500E+7,    -5.060434E-5,    1.567230E-5
1.624125E+7,    5.044788E-5,    2.809241E-5
1.624750E+7,    6.195903E-5,    -9.218231E-5
1.625375E+7,    -1.149923E-4,    6.293505E-5
1.626000E+7,    4.108995E-5,    -9.492412E-5
1.626625E+7,    5.734712E-5,    -8.168072E-5
1.627250E+7,    -8.022785E-5,    8.419529E-5
1.627875E+7,    -1.282804E-5,    6.919727E-7
1.628500E+7,    -9.455532E-5,    -3.486127E-5
1.629125E+7,    -2.131797E-5,    3.462285E-5
1.629750E+7,    -5.044043E-6,    -4.606321E-5
1.630375E+7,    -4.250184E-5,    -2.472103E-5
1.631000E+7,    -3.904477E-5,    3.945641E-5
1.631625E+7,    -6.388500E-5,    -4.037842E-5
1.632250E+7,    2.981164E-6,    7.559545E-6
1.632875E+7,    -1.108982E-4,    -4.399568E-6
1.633500E+7,    -9.272248E-6,    -7.928163E-5
1.634125E+7,    2.152100E-5,    6.577000E-5
1.634750E+7,    1.310930E-4,    -4.938990E-5
1.635375E+7,    7.260591E-5,    -3.729388E-5
1.636000E+7,    1.198426E-4,    2.716482E-5
1.636625E+7,    4.236400E-5,    -7.559359E-5
1.637250E+7,    8.754805E-5,    6.072223E-7
1.637875E+7,    4.357845E-5,    1.444221E-4
1.638500E+7,    9.521097E-5,    -1.966730E-4
1.639125E+7,    1.158156E-4,    -1.000389E-4
1.639750E+7,    3.299210E-7,    6.419607E-6
1.640375E+7,    5.271519E-6,    2.303859E-6
1.641000E+7,    9.825453E-6,    -5.847216E-5
1.641625E+7,    1.918525E-5,    -1.297593E-4
1.642250E+7,    -4.580244E-5,    6.154180E-5
1.642875E+7,    -2.437085E-5,    -2.320856E-5
1.643500E+7,    -7.379428E-5,    -3.232434E-5
1.644125E+7,    -3.294647E-5,    -3.951415E-5
1.644750E+7,    -1.774356E-5,    -4.549697E-5
1.645375E+7,    2.699904E-5,    -2.585258E-5
1.646000E+7,    -2.831966E-5,    1.667067E-7
1.646625E+7,    2.964400E-5,    2.554245E-5
1.647250E+7,    8.102879E-5,    2.301857E-5
1.647875E+7,    3.431365E-5,    -3.522262E-5
1.648500E+7,    -1.842156E-5,    -5.830079E-5
1.649125E+7,    1.515867E-5,    -5.908310E-6
1.649750E+7,    1.421012E-5,    -2.519134E-5
1.650375E+7,    2.503768E-5,    3.613532E-5
1.651000E+7,    -1.508556E-5,    -4.437938E-5
1.651625E+7,    -5.234033E-6,    1.047254E-4
1.652250E+7,    1.621619E-5,    -3.687851E-5
1.652875E+7,    -3.132783E-5,    -7.502735E-6
1.653500E+7,    -1.254398E-5,    7.075258E-6
1.654125E+7,    -4.629418E-5,    5.513988E-5
1.654750E+7,    2.552569E-5,    -5.805306E-5
1.655375E+7,    3.068335E-5,    -5.375594E-6
1.656000E+7,    7.591676E-6,    -2.948102E-6
1.656625E+7,    1.658592E-5,    -3.047008E-5
1.657250E+7,    -7.576123E-5,    8.627772E-5
1.657875E+7,    4.233047E-5,    7.533655E-5
1.658500E+7,    -3.693067E-5,    -1.629069E-5
1.659125E+7,    1.568906E-5,    -4.979037E-5
1.659750E+7,    -7.362664E-5,    2.419204E-5
1.660375E+7,    -1.278669E-4,    -3.131479E-5
1.661000E+7,    1.795590E-5,    5.201623E-5
1.661625E+7,    -7.079169E-5,    3.178790E-5
1.662250E+7,    -7.295609E-5,    -7.013232E-5
1.662875E+7,    -2.839416E-5,    4.004687E-8
1.663500E+7,    5.974993E-5,    7.480383E-6
1.664125E+7,    -1.575612E-5,    4.982203E-5
1.664750E+7,    -1.642108E-5,    -1.991913E-5
1.665375E+7,    2.499223E-4,    -7.228553E-5
1.666000E+7,    5.825423E-5,    -2.467074E-5
1.666625E+7,    6.519258E-8,    5.680136E-5
1.667250E+7,    4.982576E-6,    5.273335E-5
1.667875E+7,    3.044028E-5,    -1.173280E-5
1.668500E+7,    -3.075041E-5,    5.280599E-6
1.669125E+7,    8.632243E-5,    -3.109500E-5
1.669750E+7,    -6.033853E-5,    -2.053380E-5
1.670375E+7,    3.430247E-5,    7.206947E-5
1.671000E+7,    -1.759827E-5,    6.794184E-5
1.671625E+7,    5.276874E-5,    2.344698E-5
1.672250E+7,    -6.145984E-5,    -1.031831E-4
1.672875E+7,    2.121925E-5,    -1.613423E-4
1.673500E+7,    -5.158223E-5,    2.318993E-6
1.674125E+7,    1.752190E-5,    4.570000E-5
1.674750E+7,    6.463379E-7,    -4.401244E-5
1.675375E+7,    2.232194E-5,    -2.171285E-5
1.676000E+7,    8.771196E-6,    2.287887E-5
1.676625E+7,    -5.857274E-5,    8.151680E-5
1.677250E+7,    3.261864E-5,    -8.034706E-5
1.677875E+7,    -6.761402E-6,    2.227817E-5
1.678500E+7,    6.370619E-5,    -2.219155E-5
1.679125E+7,    3.276765E-5,    3.996491E-5
1.679750E+7,    -3.892556E-5,    -6.168708E-5
1.680375E+7,    -2.027582E-5,    9.932555E-6
1.681000E+7,    -4.869141E-5,    9.877607E-6
1.681625E+7,    -4.235469E-5,    3.807060E-5
1.682250E+7,    -4.619360E-7,    -6.991625E-5
1.682875E+7,    -1.092628E-5,    -7.463992E-5
1.683500E+7,    1.083966E-5,    1.117680E-5
1.684125E+7,    5.263090E-5,    -3.976747E-5
1.684750E+7,    1.235399E-5,    -1.348136E-5
1.685375E+7,    -2.089888E-6,    1.173606E-5
1.686000E+7,    -2.191029E-5,    -2.885982E-5
1.686625E+7,    -4.563481E-5,    -3.951788E-5
1.687250E+7,    -9.939075E-6,    7.164478E-5
1.687875E+7,    5.413219E-5,    5.596876E-5
1.688500E+7,    -7.437542E-6,    -5.402975E-5
1.689125E+7,    -3.216602E-5,    -2.712943E-5
1.689750E+7,    -2.819300E-5,    6.978214E-5
1.690375E+7,    -6.909668E-5,    8.318946E-5
1.691000E+7,    5.703606E-5,    2.197921E-7
1.691625E+7,    2.875365E-5,    6.584451E-6
1.692250E+7,    9.772368E-6,    -1.465203E-5
1.692875E+7,    6.131083E-5,    4.022196E-5
1.693500E+7,    -3.407896E-5,    5.450286E-5
1.694125E+7,    -2.904423E-5,    -1.307949E-5
1.694750E+7,    -1.082569E-5,    -7.477030E-5
1.695375E+7,    -7.925183E-5,    -3.570691E-5
1.696000E+7,    -1.486242E-4,    -2.247840E-5
1.696625E+7,    1.542270E-6,    3.880821E-5
1.697250E+7,    4.536286E-5,    3.320724E-5
1.697875E+7,    -2.537575E-5,    1.395959E-5
1.698500E+7,    -9.296462E-6,    2.757832E-5
1.699125E+7,    -6.166101E-5,    -2.504587E-4
1.699750E+7,    -2.922490E-5,    1.139641E-4
1.700375E+7,    7.500499E-5,    -4.228204E-6
1.701000E+7,    1.093596E-4,    1.120567E-5
1.701625E+7,    3.000721E-6,    -5.589984E-5
1.702250E+7,    6.480142E-5,    -2.529472E-6
1.702875E+7,    1.448393E-5,    3.835559E-5
1.703500E+7,    -1.610257E-5,    -1.365412E-5
1.704125E+7,    -1.135096E-5,    -9.423867E-5
1.704750E+7,    6.469339E-5,    -1.362339E-4
1.705375E+7,    8.550286E-5,    6.415695E-5
1.706000E+7,    -4.872680E-6,    -5.948916E-5
1.706625E+7,    2.502277E-5,    4.316866E-5
1.707250E+7,    8.308142E-5,    -5.699694E-7
1.707875E+7,    -6.863847E-5,    3.892928E-5
1.708500E+7,    -1.874752E-5,    -1.485832E-5
1.709125E+7,    3.697723E-5,    1.679733E-5
1.709750E+7,    -6.457791E-5,    -6.128475E-5
1.710375E+7,    -6.050989E-5,    -2.112985E-5
1.711000E+7,    3.267825E-5,    -2.978183E-5
1.711625E+7,    -1.105666E-5,    -1.778081E-5
1.712250E+7,    1.488626E-5,    5.142391E-5
1.712875E+7,    -2.881046E-6,    -7.693190E-6
1.713500E+7,    3.000535E-5,    -3.097020E-5
1.714125E+7,    2.209470E-5,    3.553368E-5
1.714750E+7,    -5.020574E-5,    -2.285838E-5
1.715375E+7,    4.498474E-5,    -4.973449E-5
1.716000E+7,    3.582425E-5,    -1.561828E-5
1.716625E+7,    -7.012859E-7,    -1.946837E-5
1.717250E+7,    -5.092844E-5,    2.783164E-5
1.717875E+7,    -4.010648E-5,    -3.102794E-5
1.718500E+7,    8.974224E-6,    -1.108572E-4
1.719125E+7,    -9.649433E-6,    2.112519E-5
1.719750E+7,    -1.011603E-5,    8.151401E-6
1.720375E+7,    6.206706E-5,    -9.994954E-6
1.721000E+7,    -1.082718E-4,    2.729893E-5
1.721625E+7,    9.305775E-6,    -1.043752E-4
1.722250E+7,    2.120063E-5,    8.640438E-5
1.722875E+7,    2.251472E-7,    6.496208E-6
1.723500E+7,    -6.202608E-7,    5.724095E-5
1.724125E+7,    3.691018E-5,    -5.983934E-5
1.724750E+7,    1.579151E-4,    -1.004040E-4
1.725375E+7,    3.351271E-5,    6.643683E-5
1.726000E+7,    9.674579E-6,    5.559623E-5
1.726625E+7,    7.931609E-6,    3.627501E-6
1.727250E+7,    -1.026057E-4,    4.251674E-5
1.727875E+7,    2.050400E-5,    -8.662045E-5
1.728500E+7,    5.793571E-5,    2.015010E-5
1.729125E+7,    9.253621E-6,    4.264154E-5
1.729750E+7,    -1.210812E-5,    2.643373E-5
1.730375E+7,    1.036515E-5,    -1.651235E-6
1.731000E+7,    -5.304813E-6,    -7.924810E-5
1.731625E+7,    -1.609325E-4,    -6.102026E-5
1.732250E+7,    4.032627E-5,    3.769994E-5
1.732875E+7,    4.858244E-6,    -1.057936E-5
1.733500E+7,    9.761751E-5,    3.840029E-5
1.734125E+7,    -4.604086E-5,    -5.325302E-5
1.734750E+7,    -4.127063E-5,    1.307763E-5
1.735375E+7,    -4.646368E-6,    1.708511E-5
1.736000E+7,    1.769140E-5,    6.585196E-5
1.736625E+7,    2.302229E-6,    1.484081E-4
1.737250E+7,    1.796558E-4,    -5.215406E-7
1.737875E+7,    -3.290921E-5,    2.976321E-5
1.738500E+7,    1.894310E-5,    2.153777E-5
1.739125E+7,    2.435176E-6,    -5.294336E-6
1.739750E+7,    -5.638227E-5,    -5.169213E-5
1.740375E+7,    9.943545E-5,    -6.957725E-5
1.741000E+7,    -1.385808E-6,    3.785826E-5
1.741625E+7,    -3.278255E-5,    -4.720315E-5
1.742250E+7,    -2.748519E-5,    -4.474819E-5
1.742875E+7,    -4.925206E-5,    9.350479E-6
1.743500E+7,    4.822016E-5,    4.151091E-5
1.744125E+7,    -4.885532E-5,    2.234615E-5
1.744750E+7,    -3.541633E-5,    3.501028E-5
1.745375E+7,    -1.852587E-5,    -9.199604E-5
1.746000E+7,    -6.593019E-5,    -2.408028E-5
1.746625E+7,    1.736730E-5,    -1.140162E-4
1.747250E+7,    8.340925E-6,    1.669675E-5
1.747875E+7,    -2.105907E-5,    -9.325892E-5
1.748500E+7,    2.828985E-5,    -1.263153E-5
1.749125E+7,    -1.058867E-5,    -4.907604E-6
1.749750E+7,    -5.826354E-5,    -2.697483E-5
1.750375E+7,    8.381903E-6,    -6.683916E-5
1.751000E+7,    -2.194569E-5,    -3.590249E-5
1.751625E+7,    1.047552E-4,    9.909272E-6
1.752250E+7,    -2.910197E-5,    -1.351535E-5
1.752875E+7,    4.518777E-6,    -2.363231E-5
1.753500E+7,    -7.548183E-5,    1.008064E-5
1.754125E+7,    4.424527E-5,    -9.531900E-5
1.754750E+7,    -9.238720E-7,    5.751476E-5
1.755375E+7,    -2.857670E-5,    6.040558E-6
1.756000E+7,    3.138185E-5,    1.695007E-6
1.756625E+7,    3.512949E-5,    -1.380965E-4
1.757250E+7,    5.485490E-5,    -9.037927E-5
1.757875E+7,    1.579300E-4,    4.123151E-5
1.758500E+7,    -7.058680E-5,    -5.997717E-7
1.759125E+7,    -2.118852E-5,    -9.854324E-6
1.759750E+7,    4.465133E-5,    7.852912E-6
1.760375E+7,    1.000240E-5,    -1.048036E-4
1.761000E+7,    2.648449E-6,    1.234235E-6
1.761625E+7,    -1.108758E-4,    5.793944E-5
1.762250E+7,    -4.001334E-5,    6.508827E-5
1.762875E+7,    -8.417293E-5,    -1.990795E-5
1.763500E+7,    3.613532E-7,    -8.365512E-5
1.764125E+7,    8.086115E-5,    -7.379800E-6
1.764750E+7,    7.824600E-5,    8.799136E-5
1.765375E+7,    -2.472196E-6,    5.298061E-6
1.766000E+7,    2.649729E-6,    1.235283E-6
1.766625E+7,    9.041652E-5,    -4.164875E-5
1.767250E+7,    1.038834E-4,    -2.890453E-5
1.767875E+7,    3.732741E-6,    -5.638599E-5
1.768500E+7,    2.698973E-5,    3.200024E-5
1.769125E+7,    1.413450E-4,    1.586974E-6
1.769750E+7,    -8.873641E-6,    6.040744E-5
1.770375E+7,    -4.575029E-5,    -4.720315E-5
1.771000E+7,    -5.229563E-5,    -1.020655E-4
1.771625E+7,    3.490970E-5,    3.572181E-5
1.772250E+7,    1.263022E-4,    2.694875E-5
1.772875E+7,    6.801635E-5,    -4.805624E-7
1.773500E+7,    -6.920844E-5,    -4.533306E-5
1.774125E+7,    -2.147630E-6,    1.836941E-5
1.774750E+7,    8.588284E-5,    -1.790747E-5
1.775375E+7,    -2.651010E-6,    -1.242617E-6
1.776000E+7,    -8.564070E-5,    3.091246E-5
1.776625E+7,    -7.272512E-5,    -7.931888E-5
1.777250E+7,    -9.618700E-6,    3.426708E-5
1.777875E+7,    -3.131106E-5,    4.705042E-6
1.778500E+7,    -6.094947E-5,    -2.860278E-5
1.779125E+7,    4.131719E-5,    8.406863E-5
1.779750E+7,    -1.194514E-5,    4.616566E-5
1.780375E+7,    -6.295368E-5,    -3.699213E-6
1.781000E+7,    -7.025898E-5,    1.873076E-5
1.781625E+7,    -3.105961E-7,    -1.309346E-5
1.782250E+7,    -1.180843E-4,    -1.202151E-4
1.782875E+7,    6.526336E-5,    -8.080155E-6
1.783500E+7,    -3.524497E-5,    -4.894659E-5
1.784125E+7,    -5.813688E-5,    8.921698E-5
1.784750E+7,    -1.978688E-5,    4.897825E-5
1.785375E+7,    -3.821403E-5,    4.674494E-5
1.786000E+7,    -1.605786E-5,    -1.405273E-5
1.786625E+7,    -3.533438E-6,    -4.056096E-5
1.787250E+7,    2.869125E-5,    -5.905516E-6
1.787875E+7,    -1.150556E-5,    -4.428439E-5
1.788500E+7,    8.647144E-5,    -4.585832E-6
1.789125E+7,    -2.763607E-5,    5.174987E-5
1.789750E+7,    -2.076942E-5,    9.670854E-6
1.790375E+7,    -7.666182E-6,    9.353738E-6
1.791000E+7,    -4.407577E-5,    2.461672E-5
1.791625E+7,    7.065013E-6,    -3.556721E-5
1.792250E+7,    -2.738461E-5,    6.488711E-5
1.792875E+7,    2.149679E-5,    2.313964E-5
1.793500E+7,    -3.534183E-5,    -5.564839E-5
1.794125E+7,    7.388368E-5,    1.536682E-5
1.794750E+7,    -6.143004E-6,    -4.187599E-5
1.795375E+7,    1.995265E-5,    -4.899502E-5
1.796000E+7,    -4.804507E-5,    8.765608E-5
1.796625E+7,    7.965416E-5,    -7.912517E-5
1.797250E+7,    -4.550815E-5,    -4.104525E-5
1.797875E+7,    -1.577660E-5,    -9.853393E-7
1.798500E+7,    -8.734316E-5,    -3.489107E-5
1.799125E+7,    1.202188E-4,    -2.753362E-5
1.799750E+7,    -5.397387E-5,    5.887635E-5
1.800375E+7,    -3.423356E-5,    -3.255904E-6
1.801000E+7,    -5.606934E-5,    -4.612282E-5
1.801625E+7,    -3.433228E-5,    -9.765849E-6
1.802250E+7,    -5.045906E-5,    1.061261E-4
1.802875E+7,    -7.018074E-5,    3.818050E-5
1.803500E+7,    -5.261973E-7,    -2.625771E-5
1.804125E+7,    6.048009E-5,    2.689660E-6
1.804750E+7,    -3.621727E-5,    2.829731E-5
1.805375E+7,    -2.242252E-5,    -6.915629E-5
1.806000E+7,    -2.830178E-4,    4.106760E-5
1.806625E+7,    4.998222E-5,    4.276633E-6
1.807250E+7,    -3.370270E-5,    2.298318E-5
1.807875E+7,    3.055669E-5,    -5.049258E-5
1.808500E+7,    9.727478E-5,    -1.292303E-4
1.809125E+7,    3.160164E-5,    2.006069E-6
1.809750E+7,    -5.238317E-5,    7.580966E-6
1.810375E+7,    3.334321E-5,    -4.265830E-5
1.811000E+7,    2.337713E-5,    -1.490768E-5
1.811625E+7,    1.314189E-5,    -2.449378E-7
1.812250E+7,    7.003546E-7,    -1.038089E-4
1.812875E+7,    3.475696E-6,    4.723854E-5
1.813500E+7,    1.762807E-5,    -4.369393E-5
1.814125E+7,    -2.740324E-5,    8.463487E-5
1.814750E+7,    -6.206334E-6,    -1.985058E-4
1.815375E+7,    3.354065E-5,    -3.608502E-5
1.816000E+7,    -5.048141E-5,    1.127124E-4
1.816625E+7,    1.798850E-5,    -2.399366E-5
1.817250E+7,    -6.618723E-5,    -2.515689E-5
1.817875E+7,    -2.408214E-5,    -2.454408E-5
1.818500E+7,    -1.433119E-5,    -6.537512E-5
1.819125E+7,    1.361221E-5,    -1.304671E-4
1.819750E+7,    -3.560260E-5,    -8.231774E-5
1.820375E+7,    8.599833E-6,    4.326180E-5
1.821000E+7,    9.765849E-5,    2.065301E-5
1.821625E+7,    2.023205E-5,    -4.900061E-5
1.822250E+7,    -2.120435E-5,    -1.017004E-5
1.822875E+7,    1.125038E-6,    -9.091571E-5
1.823500E+7,    2.589449E-5,    -2.673268E-5
1.824125E+7,    -1.051184E-5,    1.492444E-6
1.824750E+7,    3.140047E-5,    -1.103804E-5
1.825375E+7,    -1.752749E-5,    -1.063757E-4
1.826000E+7,    -2.611801E-5,    1.354981E-5
1.826625E+7,    -5.183741E-5,    5.343370E-5
1.827250E+7,    1.244806E-5,    -4.625320E-5
1.827875E+7,    -4.293770E-5,    -5.330518E-5
1.828500E+7,    1.601595E-5,    1.423899E-5
1.829125E+7,    -9.232014E-5,    -5.133450E-6
1.829750E+7,    1.560990E-5,    -1.208484E-5
1.830375E+7,    3.316998E-5,    -6.901845E-5
1.831000E+7,    -3.437698E-5,    -1.000427E-5
1.831625E+7,    5.257688E-5,    -7.335097E-6
1.832250E+7,    -4.785508E-5,    -2.959371E-5
1.832875E+7,    1.237541E-5,    -5.286559E-5
1.833500E+7,    1.481473E-4,    2.151132E-4
1.834125E+7,    2.272055E-5,    -6.749853E-5
1.834750E+7,    -5.056709E-5,    -3.746897E-5
1.835375E+7,    1.564249E-5,    -1.208298E-5
1.836000E+7,    -1.103356E-4,    2.525002E-5
1.836625E+7,    1.795590E-5,    -3.716163E-5
1.837250E+7,    -1.014490E-5,    2.780836E-5
1.837875E+7,    2.939254E-5,    2.723560E-5
1.838500E+7,    -6.508082E-6,    -8.825958E-5
1.839125E+7,    -7.947534E-5,    -3.190339E-5
1.839750E+7,    1.068786E-4,    9.745359E-5
1.840375E+7,    -2.419204E-4,    4.667044E-5
1.841000E+7,    2.628285E-5,    -6.938353E-6
1.841625E+7,    -3.318116E-5,    8.215383E-5
1.842250E+7,    -7.490069E-5,    -7.552654E-5
1.842875E+7,    -3.125519E-5,    3.078021E-5
1.843500E+7,    -1.705065E-5,    -9.344518E-5
1.844125E+7,    -9.290874E-5,    -4.503131E-5
1.844750E+7,    -2.836064E-5,    5.177595E-5
1.845375E+7,    5.228212E-6,    -4.026107E-6
1.846000E+7,    -2.154708E-5,    -3.667362E-5
1.846625E+7,    -3.716163E-5,    -1.797080E-5
1.847250E+7,    4.599616E-5,    -1.219213E-4
1.847875E+7,    -3.780797E-5,    -7.079914E-5
1.848500E+7,    -5.750172E-5,    4.419684E-5
1.849125E+7,    5.817041E-5,    8.560717E-6
1.849750E+7,    2.599880E-5,    -3.329851E-5
1.850375E+7,    -9.775162E-5,    -8.098781E-6
1.851000E+7,    -6.406009E-5,    -6.393343E-5
1.851625E+7,    -1.809932E-5,    3.054738E-5
1.852250E+7,    -6.943941E-5,    -7.318705E-5
1.852875E+7,    6.122142E-5,    4.944205E-5
1.853500E+7,    -8.103251E-5,    7.225201E-5
1.854125E+7,    2.373569E-5,    -1.580454E-6
1.854750E+7,    -3.257021E-5,    -8.807331E-5
1.855375E+7,    -2.677180E-5,    -3.275089E-5
1.856000E+7,    1.206845E-4,    -7.261336E-5