SAVED BY: 
TITLE: 
COMMENTS: 
DATE: 10/27/2020
TIME: 3:18 PM

STIMULUS, REAL, IMAGINARY

8.560000E+6,    -3.004074E-5,    -1.583919E-4
8.566250E+6,    -3.263354E-6,    -1.850724E-4
8.572500E+6,    -1.312047E-5,    -1.623705E-4
8.578750E+6,    -6.370246E-6,    -1.784489E-4
8.585000E+6,    -3.550947E-5,    -1.832843E-4
8.591250E+6,    -7.063150E-6,    -1.783520E-4
8.597500E+6,    -2.068281E-5,    -1.838580E-4
8.603750E+6,    6.072223E-6,    -1.762435E-4
8.610000E+6,    -2.401322E-5,    -1.774058E-4
8.616250E+6,    -1.168996E-5,    -1.530722E-4
8.622500E+6,    -2.197176E-5,    -1.836345E-4
8.628750E+6,    -2.791733E-5,    -1.706704E-4
8.635000E+6,    -2.295524E-5,    -1.835078E-4
8.641250E+6,    -1.044571E-5,    -1.783371E-4
8.647500E+6,    -1.840293E-6,    -1.821667E-4
8.653750E+6,    2.011657E-7,    -1.696944E-4
8.660000E+6,    -2.203137E-5,    -1.710504E-4
8.666250E+6,    -6.347895E-6,    -1.914427E-4
8.672500E+6,    8.642673E-6,    -1.924485E-4
8.678750E+6,    -1.595914E-5,    -1.906008E-4
8.685000E+6,    -8.121133E-6,    -1.722872E-4
8.691250E+6,    -5.468726E-6,    -1.790524E-4
8.697500E+6,    -1.776218E-5,    -1.871511E-4
8.703750E+6,    -5.215406E-8,    -1.952052E-4
8.710000E+6,    -2.533197E-6,    -1.699105E-4
8.716250E+6,    -1.768023E-5,    -1.905113E-4
8.722500E+6,    -7.569790E-6,    -1.789778E-4
8.728750E+6,    8.642673E-7,    -1.830608E-4
8.735000E+6,    -3.770739E-5,    -1.820102E-4
8.741250E+6,    -4.053116E-6,    -1.920387E-4
8.747500E+6,    -2.260506E-5,    -1.835823E-4
8.753750E+6,    -1.463294E-5,    -1.844913E-4
8.760000E+6,    -8.724630E-6,    -1.819432E-4
8.766250E+6,    -2.254546E-5,    -1.867637E-4
8.772500E+6,    -2.492964E-5,    -2.024248E-4
8.778750E+6,    -2.794713E-5,    -1.733378E-4
8.785000E+6,    -1.560897E-5,    -1.874790E-4
8.791250E+6,    -7.405877E-6,    -1.919493E-4
8.797500E+6,    -3.747642E-6,    -1.828894E-4
8.803750E+6,    5.945563E-6,    -1.908168E-4
8.810000E+6,    -2.862513E-5,    -1.986995E-4
8.816250E+6,    -2.802163E-5,    -1.796708E-4
8.822500E+6,    -1.314282E-5,    -2.041385E-4
8.828750E+6,    1.043081E-7,    -1.775175E-4
8.835000E+6,    -3.029406E-5,    -1.984388E-4
8.841250E+6,    -5.431473E-6,    -1.860559E-4
8.847500E+6,    -2.112985E-5,    -1.839027E-4
8.853750E+6,    -9.693205E-6,    -1.763776E-4
8.860000E+6,    -1.444668E-5,    -1.849681E-4
8.866250E+6,    -3.371388E-5,    -1.946092E-4
8.872500E+6,    -3.343076E-5,    -1.976788E-4
8.878750E+6,    -2.916157E-5,    -1.888573E-4
8.885000E+6,    -1.303107E-5,    -1.949891E-4
8.891250E+6,    -1.096725E-5,    -2.049953E-4
8.897500E+6,    -3.614277E-5,    -1.941398E-4
8.903750E+6,    -4.231930E-5,    -1.995414E-4
8.910000E+6,    -1.255423E-5,    -2.015755E-4
8.916250E+6,    -3.121793E-5,    -1.886711E-4
8.922500E+6,    -1.546741E-5,    -1.947731E-4
8.928750E+6,    -1.651049E-5,    -1.947209E-4
8.935000E+6,    -2.464652E-5,    -1.933426E-4
8.941250E+6,    -2.279878E-5,    -2.002493E-4
8.947500E+6,    -9.603798E-6,    -1.962557E-4
8.953750E+6,    -1.087040E-5,    -2.183467E-4
8.960000E+6,    -1.661479E-5,    -2.011359E-4
8.966250E+6,    -2.259016E-5,    -2.065673E-4
8.972500E+6,    -3.090501E-5,    -2.050027E-4
8.978750E+6,    -2.561510E-5,    -1.995787E-4
8.985000E+6,    -1.746416E-5,    -1.758188E-4
8.991250E+6,    -1.677871E-5,    -2.081618E-4
8.997500E+6,    -4.035234E-5,    -2.029091E-4
9.003750E+6,    -3.911555E-6,    -2.043471E-4
9.010000E+6,    -1.138449E-5,    -2.059788E-4
9.016250E+6,    -1.195818E-5,    -2.060011E-4
9.022500E+6,    9.454787E-6,    -2.075508E-4
9.028750E+6,    -2.983212E-5,    -2.249181E-4
9.035000E+6,    -3.293157E-5,    -1.855940E-4
9.041250E+6,    -2.652407E-5,    -2.127439E-4
9.047500E+6,    -2.816319E-5,    -2.090782E-4
9.053750E+6,    -2.590567E-5,    -1.904592E-4
9.060000E+6,    -3.470480E-5,    -2.139062E-4
9.066250E+6,    -1.859665E-5,    -2.244264E-4
9.072500E+6,    -2.130866E-5,    -2.141744E-4
9.078750E+6,    -2.883375E-5,    -2.126694E-4
9.085000E+6,    -3.908575E-5,    -2.036989E-4
9.091250E+6,    -2.290308E-5,    -2.143532E-4
9.097500E+6,    -4.291534E-6,    -2.025068E-4
9.103750E+6,    -4.579127E-5,    -2.118349E-4
9.110000E+6,    -2.722442E-5,    -2.002269E-4
9.116250E+6,    -2.561510E-5,    -2.105236E-4
9.122500E+6,    -2.923608E-5,    -2.288818E-4
9.128750E+6,    -5.471706E-5,    -2.129376E-4
9.135000E+6,    -5.446374E-6,    -2.095252E-4
9.141250E+6,    -2.758205E-5,    -2.105236E-4
9.147500E+6,    -4.121661E-5,    -2.131164E-4
9.153750E+6,    -3.363192E-5,    -2.184659E-4
9.160000E+6,    -3.236532E-5,    -1.929700E-4
9.166250E+6,    -2.110004E-5,    -2.155900E-4
9.172500E+6,    -3.646314E-5,    -2.114922E-4
9.178750E+6,    -3.308058E-6,    -2.370030E-4
9.185000E+6,    -2.861023E-5,    -2.201498E-4
9.191250E+6,    -4.018843E-5,    -2.364665E-4
9.197500E+6,    -3.250688E-5,    -2.030432E-4
9.203750E+6,    -2.443790E-5,    -2.118200E-4
9.210000E+6,    -5.270541E-5,    -2.172291E-4
9.216250E+6,    -4.345179E-5,    -2.294034E-4
9.222500E+6,    -3.597140E-5,    -2.350062E-4
9.228750E+6,    -3.066659E-5,    -2.301484E-4
9.235000E+6,    -2.683699E-5,    -2.119243E-4
9.241250E+6,    -3.442168E-5,    -2.096444E-4
9.247500E+6,    -2.761185E-5,    -2.116859E-4
9.253750E+6,    -1.429021E-5,    -2.092123E-4
9.260000E+6,    -2.720952E-5,    -2.186894E-4
9.266250E+6,    -3.984571E-5,    -2.346784E-4
9.272500E+6,    -1.284480E-5,    -2.266616E-4
9.278750E+6,    -2.272427E-5,    -2.102330E-4
9.285000E+6,    -4.155934E-5,    -2.311021E-4
9.291250E+6,    -4.389882E-5,    -2.205968E-4
9.297500E+6,    -3.521144E-5,    -2.332032E-4
9.303750E+6,    -3.033876E-5,    -2.218485E-4
9.310000E+6,    -3.688037E-5,    -2.297759E-4
9.316250E+6,    -5.285442E-5,    -2.215356E-4
9.322500E+6,    -3.096461E-5,    -2.250820E-4
9.328750E+6,    -3.682077E-5,    -2.367198E-4
9.335000E+6,    -3.953278E-5,    -2.223998E-4
9.341250E+6,    -2.533197E-5,    -2.240092E-4
9.347500E+6,    -5.272031E-5,    -2.383888E-4
9.353750E+6,    -4.599988E-5,    -2.372414E-4
9.360000E+6,    -2.789497E-5,    -2.169013E-4
9.366250E+6,    -3.877282E-5,    -2.430379E-4
9.372500E+6,    -3.553927E-5,    -2.213866E-4
9.378750E+6,    -2.831221E-5,    -2.269149E-4
9.385000E+6,    -4.318357E-5,    -2.253056E-4
9.391250E+6,    -4.230440E-5,    -2.321601E-4
9.397500E+6,    -2.667308E-5,    -2.478808E-4
9.403750E+6,    -3.519654E-5,    -2.419949E-4
9.410000E+6,    -3.635883E-5,    -2.378821E-4
9.416250E+6,    -5.201995E-5,    -2.326667E-4
9.422500E+6,    -3.731251E-5,    -2.381206E-4
9.428750E+6,    -3.060699E-5,    -2.371073E-4
9.435000E+6,    -2.282858E-5,    -2.505779E-4
9.441250E+6,    -3.698468E-5,    -2.551675E-4
9.447500E+6,    -3.990531E-5,    -2.343059E-4
9.453750E+6,    -4.044175E-5,    -2.306700E-4
9.460000E+6,    -3.257394E-5,    -2.406836E-4
9.466250E+6,    -5.361438E-5,    -2.527833E-4
9.472500E+6,    -3.331900E-5,    -2.507567E-4
9.478750E+6,    -5.534291E-5,    -2.453923E-4
9.485000E+6,    -5.656481E-5,    -2.420545E-4
9.491250E+6,    -6.288290E-5,    -2.530217E-4
9.497500E+6,    -5.078316E-5,    -2.412200E-4
9.503750E+6,    -6.505847E-5,    -2.384782E-4
9.510000E+6,    -4.476309E-5,    -2.334416E-4
9.516250E+6,    -5.745888E-5,    -2.554655E-4
9.522500E+6,    -5.820394E-5,    -2.555251E-4
9.528750E+6,    -5.269051E-5,    -2.442002E-4
9.535000E+6,    -2.416968E-5,    -2.493560E-4
9.541250E+6,    -3.793836E-5,    -2.714694E-4
9.547500E+6,    -3.951788E-5,    -2.534389E-4
9.553750E+6,    -3.984571E-5,    -2.500415E-4
9.560000E+6,    -2.610683E-5,    -2.490580E-4
9.566250E+6,    -4.827976E-5,    -2.468824E-4
9.572500E+6,    -5.587935E-5,    -2.471507E-4
9.578750E+6,    -5.611777E-5,    -2.574325E-4
9.585000E+6,    -3.516674E-5,    -2.635717E-4
9.591250E+6,    -4.339218E-5,    -2.530813E-4
9.597500E+6,    -4.309416E-5,    -2.668202E-4
9.603750E+6,    -4.455447E-5,    -2.491474E-4
9.610000E+6,    -4.550815E-5,    -2.421737E-4
9.616250E+6,    -3.752112E-5,    -2.663732E-4
9.622500E+6,    -5.263090E-5,    -2.702475E-4
9.628750E+6,    -4.589558E-5,    -2.666414E-4
9.635000E+6,    -5.435944E-5,    -2.453327E-4
9.641250E+6,    -6.827712E-5,    -2.668798E-4
9.647500E+6,    -5.459785E-5,    -2.627373E-4
9.653750E+6,    -7.632375E-5,    -2.671778E-4
9.660000E+6,    -4.184246E-5,    -2.517104E-4
9.666250E+6,    -6.255507E-5,    -2.701581E-4
9.672500E+6,    -5.066395E-5,    -2.447069E-4
9.678750E+6,    -3.683567E-5,    -2.761781E-4
9.685000E+6,    -6.508827E-5,    -2.695620E-4
9.691250E+6,    -5.194545E-5,    -2.619624E-4
9.697500E+6,    -5.933642E-5,    -2.796054E-4
9.703750E+6,    -6.654859E-5,    -2.620816E-4
9.710000E+6,    -6.031990E-5,    -2.653599E-4
9.716250E+6,    -6.085634E-5,    -2.793074E-4
9.722500E+6,    -5.421042E-5,    -2.546012E-4
9.728750E+6,    -7.566810E-5,    -2.617240E-4
9.735000E+6,    -7.653236E-5,    -2.653003E-4
9.741250E+6,    -6.258488E-5,    -2.683699E-4
9.747500E+6,    -4.965067E-5,    -2.787709E-4
9.753750E+6,    -5.051494E-5,    -2.893806E-4
9.760000E+6,    -5.808473E-5,    -2.821386E-4
9.766250E+6,    -4.440546E-5,    -2.786517E-4
9.772500E+6,    -7.310510E-5,    -2.675951E-4
9.778750E+6,    -5.969405E-5,    -2.641678E-4
9.785000E+6,    -6.687641E-5,    -2.712607E-4
9.791250E+6,    -6.058812E-5,    -2.995431E-4
9.797500E+6,    -4.744530E-5,    -2.854168E-4
9.803750E+6,    -7.620454E-5,    -2.918243E-4
9.810000E+6,    -6.946921E-5,    -2.777278E-4
9.816250E+6,    -4.169345E-5,    -2.676249E-4
9.822500E+6,    -7.069111E-5,    -2.813637E-4
9.828750E+6,    -5.745888E-5,    -2.849698E-4
9.835000E+6,    -7.179379E-5,    -2.732873E-4
9.841250E+6,    -8.749962E-5,    -3.050566E-4
9.847500E+6,    -8.043647E-5,    -2.876222E-4
9.853750E+6,    -8.806586E-5,    -2.724826E-4
9.860000E+6,    -8.171797E-5,    -2.940595E-4
9.866250E+6,    -7.677078E-5,    -3.152490E-4
9.872500E+6,    -7.569790E-5,    -2.908707E-4
9.878750E+6,    -6.884336E-5,    -2.835989E-4
9.885000E+6,    -7.623434E-5,    -2.764463E-4
9.891250E+6,    -7.015467E-5,    -2.799630E-4
9.897500E+6,    -8.514524E-5,    -2.717972E-4
9.903750E+6,    -6.422400E-5,    -2.835095E-4
9.910000E+6,    -7.286668E-5,    -2.969801E-4
9.916250E+6,    -5.969405E-5,    -2.976656E-4
9.922500E+6,    -7.480383E-5,    -2.967119E-4
9.928750E+6,    -7.489324E-5,    -2.970397E-4
9.935000E+6,    -5.403161E-5,    -3.019571E-4
9.941250E+6,    -7.638335E-5,    -3.108978E-4
9.947500E+6,    -6.896257E-5,    -2.901554E-4
9.953750E+6,    -1.058578E-4,    -2.979934E-4
9.960000E+6,    -8.431077E-5,    -2.779365E-4
9.966250E+6,    -6.610155E-5,    -3.148019E-4
9.972500E+6,    -9.322166E-5,    -2.986193E-4
9.978750E+6,    -8.699298E-5,    -2.915859E-4
9.985000E+6,    -6.696582E-5,    -2.999902E-4
9.991250E+6,    -8.985400E-5,    -3.124475E-4
9.997500E+6,    -7.909536E-5,    -2.736449E-4
1.000375E+7,    -6.389618E-5,    -3.288388E-4
1.001000E+7,    -8.389354E-5,    -3.056526E-4
1.001625E+7,    -7.626414E-5,    -2.989173E-4
1.002250E+7,    -7.736683E-5,    -3.020465E-4
1.002875E+7,    -9.950995E-5,    -3.071129E-4
1.003500E+7,    -8.085370E-5,    -3.197491E-4
1.004125E+7,    -8.037686E-5,    -3.053248E-4
1.004750E+7,    -8.019805E-5,    -3.021061E-4
1.005375E+7,    -6.809831E-5,    -3.134012E-4
1.006000E+7,    -8.296967E-5,    -3.115535E-4
1.006625E+7,    -9.915233E-5,    -3.352761E-4
1.007250E+7,    -9.837747E-5,    -3.134608E-4
1.007875E+7,    -7.799268E-5,    -3.155470E-4
1.008500E+7,    -8.377433E-5,    -3.080964E-4
1.009125E+7,    -8.609891E-5,    -3.144443E-4
1.009750E+7,    -7.122755E-5,    -3.055334E-4
1.010375E+7,    -9.673834E-5,    -3.271699E-4
1.011000E+7,    -8.746982E-5,    -3.069043E-4
1.011625E+7,    -7.638335E-5,    -3.297627E-4
1.012250E+7,    -7.534027E-5,    -3.085136E-4
1.012875E+7,    -9.113550E-5,    -3.167391E-4
1.013500E+7,    -8.252263E-5,    -3.070831E-4
1.014125E+7,    -1.020133E-4,    -3.367364E-4
1.014750E+7,    -1.025796E-4,    -3.330708E-4
1.015375E+7,    -9.670854E-5,    -3.405809E-4
1.016000E+7,    -1.016557E-4,    -3.186166E-4
1.016625E+7,    -9.167194E-5,    -3.519952E-4
1.017250E+7,    -9.047985E-5,    -3.303885E-4
1.017875E+7,    -8.469820E-5,    -3.349483E-4
1.018500E+7,    -8.568168E-5,    -3.382266E-4
1.019125E+7,    -9.074807E-5,    -3.198087E-4
1.019750E+7,    -9.980798E-5,    -3.286898E-4
1.020375E+7,    -8.845329E-5,    -3.417134E-4
1.021000E+7,    -1.008511E-4,    -3.286898E-4
1.021625E+7,    -8.988380E-5,    -3.448129E-4
1.022250E+7,    -8.878112E-5,    -3.302991E-4
1.022875E+7,    -9.119511E-5,    -3.407300E-4
1.023500E+7,    -9.337068E-5,    -3.509223E-4
1.024125E+7,    -1.007020E-4,    -3.463924E-4
1.024750E+7,    -9.289384E-5,    -3.401041E-4
1.025375E+7,    -8.243322E-5,    -3.492236E-4
1.026000E+7,    -9.757280E-5,    -3.503263E-4
1.026625E+7,    -7.864833E-5,    -3.641546E-4
1.027250E+7,    -9.632111E-5,    -3.392696E-4
1.027875E+7,    -1.226068E-4,    -3.561676E-4
1.028500E+7,    -9.107590E-5,    -3.405511E-4
1.029125E+7,    -9.045005E-5,    -3.330112E-4
1.029750E+7,    -8.076429E-5,    -3.565848E-4
1.030375E+7,    -1.176298E-4,    -3.567636E-4
1.031000E+7,    -1.005232E-4,    -3.709197E-4
1.031625E+7,    -9.721518E-5,    -3.534257E-4
1.032250E+7,    -9.879470E-5,    -3.529489E-4
1.032875E+7,    -1.202226E-4,    -3.520548E-4
1.033500E+7,    -1.106560E-4,    -3.691614E-4
1.034125E+7,    -1.163781E-4,    -3.599823E-4
1.034750E+7,    -1.117289E-4,    -3.681779E-4
1.035375E+7,    -1.257658E-4,    -3.659129E-4
1.036000E+7,    -1.057684E-4,    -3.693998E-4
1.036625E+7,    -1.022816E-4,    -3.772378E-4
1.037250E+7,    -1.153350E-4,    -3.712177E-4
1.037875E+7,    -1.210868E-4,    -3.588498E-4
1.038500E+7,    -9.834766E-5,    -3.526807E-4
1.039125E+7,    -1.017749E-4,    -3.669262E-4
1.039750E+7,    -1.375079E-4,    -3.587008E-4
1.040375E+7,    -1.164973E-4,    -3.597736E-4
1.041000E+7,    -1.058877E-4,    -3.727973E-4
1.041625E+7,    -1.320839E-4,    -3.557205E-4
1.042250E+7,    -1.190603E-4,    -3.590584E-4
1.042875E+7,    -1.544952E-4,    -3.798008E-4
1.043500E+7,    -1.133084E-4,    -3.858209E-4
1.044125E+7,    -1.360774E-4,    -3.878474E-4
1.044750E+7,    -1.150370E-4,    -3.889203E-4
1.045375E+7,    -1.119971E-4,    -3.751516E-4
1.046000E+7,    -1.136661E-4,    -3.742576E-4
1.046625E+7,    -1.026988E-4,    -4.175901E-4
1.047250E+7,    -1.195669E-4,    -3.662109E-4
1.047875E+7,    -1.404285E-4,    -3.821850E-4
1.048500E+7,    -1.225471E-4,    -3.943443E-4
1.049125E+7,    -1.226068E-4,    -3.977418E-4
1.049750E+7,    -1.460910E-4,    -3.992915E-4
1.050375E+7,    -1.219511E-4,    -3.869534E-4
1.051000E+7,    -1.419783E-4,    -4.036427E-4
1.051625E+7,    -1.412034E-4,    -4.004240E-4
1.052250E+7,    -1.166463E-4,    -3.805757E-4
1.052875E+7,    -1.469254E-4,    -3.840923E-4
1.053500E+7,    -1.347661E-4,    -3.905892E-4
1.054125E+7,    -1.497269E-4,    -4.123449E-4
1.054750E+7,    -1.406074E-4,    -4.072189E-4
1.055375E+7,    -1.292229E-4,    -4.144907E-4
1.056000E+7,    -1.350641E-4,    -4.054308E-4
1.056625E+7,    -1.384020E-4,    -3.854632E-4
1.057250E+7,    -1.255870E-4,    -4.153252E-4
1.057875E+7,    -1.602173E-4,    -4.016161E-4
1.058500E+7,    -1.349449E-4,    -4.161596E-4
1.059125E+7,    -1.474023E-4,    -4.276037E-4
1.059750E+7,    -1.525283E-4,    -4.185438E-4
1.060375E+7,    -1.626015E-4,    -4.267693E-4
1.061000E+7,    -1.271367E-4,    -4.295707E-4
1.061625E+7,    -1.513958E-4,    -4.334450E-4
1.062250E+7,    -1.491308E-4,    -4.194379E-4
1.062875E+7,    -1.430511E-4,    -4.395247E-4
1.063500E+7,    -1.263022E-4,    -4.334450E-4
1.064125E+7,    -1.550913E-4,    -4.284382E-4
1.064750E+7,    -1.419783E-4,    -4.296303E-4
1.065375E+7,    -1.409054E-4,    -4.251599E-4
1.066000E+7,    -1.237392E-4,    -4.161596E-4
1.066625E+7,    -1.513362E-4,    -4.521608E-4
1.067250E+7,    -1.485348E-4,    -4.418492E-4
1.067875E+7,    -1.291037E-4,    -4.258156E-4
1.068500E+7,    -1.419783E-4,    -4.362464E-4
1.069125E+7,    -1.834035E-4,    -4.425645E-4
1.069750E+7,    -1.493692E-4,    -4.078746E-4
1.070375E+7,    -1.566410E-4,    -4.465580E-4
1.071000E+7,    -1.490116E-4,    -4.233718E-4
1.071625E+7,    -1.649857E-4,    -4.439950E-4
1.072250E+7,    -1.619458E-4,    -4.561543E-4
1.072875E+7,    -1.624227E-4,    -4.519820E-4
1.073500E+7,    -1.279116E-4,    -4.380941E-4
1.074125E+7,    -1.714826E-4,    -4.492998E-4
1.074750E+7,    -1.659989E-4,    -4.544258E-4
1.075375E+7,    -1.628995E-4,    -4.636645E-4
1.076000E+7,    -1.728535E-4,    -4.676580E-4
1.076625E+7,    -1.680851E-4,    -4.537106E-4
1.077250E+7,    -1.698136E-4,    -4.531145E-4
1.077875E+7,    -1.953840E-4,    -4.559159E-4
1.078500E+7,    -1.801848E-4,    -4.532933E-4
1.079125E+7,    -1.780391E-4,    -4.654527E-4
1.079750E+7,    -1.713037E-4,    -4.640818E-4
1.080375E+7,    -1.753569E-4,    -4.740357E-4
1.081000E+7,    -1.547933E-4,    -4.783869E-4
1.081625E+7,    -1.696348E-4,    -4.723668E-4
1.082250E+7,    -1.681447E-4,    -4.622936E-4
1.082875E+7,    -1.729727E-4,    -4.754663E-4
1.083500E+7,    -1.671910E-4,    -4.774332E-4
1.084125E+7,    -2.006292E-4,    -4.615188E-4
1.084750E+7,    -1.731515E-4,    -4.903078E-4
1.085375E+7,    -1.890659E-4,    -4.650950E-4
1.086000E+7,    -1.723170E-4,    -4.948378E-4
1.086625E+7,    -1.897812E-4,    -4.799962E-4
1.087250E+7,    -1.748204E-4,    -4.791617E-4
1.087875E+7,    -1.942515E-4,    -5.055070E-4
1.088500E+7,    -1.932383E-4,    -4.792213E-4
1.089125E+7,    -1.958013E-4,    -4.855394E-4
1.089750E+7,    -1.776814E-4,    -4.938841E-4
1.090375E+7,    -1.881719E-4,    -4.969835E-4
1.091000E+7,    -1.788139E-4,    -5.084872E-4
1.091625E+7,    -2.102852E-4,    -5.072951E-4
1.092250E+7,    -2.190471E-4,    -5.034208E-4
1.092875E+7,    -2.118945E-4,    -4.869699E-4
1.093500E+7,    -1.986623E-4,    -5.078912E-4
1.094125E+7,    -2.303720E-4,    -5.409122E-4
1.094750E+7,    -2.156496E-4,    -5.013943E-4
1.095375E+7,    -1.962185E-4,    -5.284548E-4
1.096000E+7,    -1.988411E-4,    -5.129576E-4
1.096625E+7,    -1.988411E-4,    -5.118847E-4
1.097250E+7,    -1.941919E-4,    -5.301237E-4
1.097875E+7,    -2.101660E-4,    -5.307794E-4
1.098500E+7,    -1.915097E-4,    -5.354285E-4
1.099125E+7,    -2.098680E-4,    -5.078912E-4
1.099750E+7,    -1.939535E-4,    -5.193949E-4
1.100375E+7,    -2.080202E-4,    -5.166531E-4
1.101000E+7,    -1.884699E-4,    -5.370975E-4
1.101625E+7,    -1.943707E-4,    -5.306602E-4
1.102250E+7,    -2.006888E-4,    -5.554557E-4
1.102875E+7,    -2.206564E-4,    -5.621314E-4
1.103500E+7,    -2.099276E-4,    -5.397797E-4
1.104125E+7,    -2.309680E-4,    -5.457997E-4
1.104750E+7,    -2.132654E-4,    -5.544424E-4
1.105375E+7,    -2.266765E-4,    -5.629659E-4
1.106000E+7,    -2.134442E-4,    -5.812049E-4
1.106625E+7,    -2.294779E-4,    -5.305409E-4
1.107250E+7,    -2.315044E-4,    -5.819201E-4
1.107875E+7,    -2.377033E-4,    -5.749464E-4
1.108500E+7,    -2.255440E-4,    -5.620122E-4
1.109125E+7,    -2.335310E-4,    -5.735159E-4
1.109750E+7,    -2.208948E-4,    -5.797148E-4
1.110375E+7,    -2.529025E-4,    -5.605817E-4
1.111000E+7,    -2.349019E-4,    -5.857348E-4
1.111625E+7,    -2.467036E-4,    -5.919337E-4
1.112250E+7,    -2.225637E-4,    -5.723238E-4
1.112875E+7,    -2.322197E-4,    -5.722046E-4
1.113500E+7,    -2.799630E-4,    -5.807281E-4
1.114125E+7,    -2.519488E-4,    -5.912781E-4
1.114750E+7,    -2.570748E-4,    -5.965233E-4
1.115375E+7,    -2.384782E-4,    -5.995631E-4
1.116000E+7,    -2.539158E-4,    -5.981922E-4
1.116625E+7,    -2.471805E-4,    -6.000400E-4
1.117250E+7,    -2.559423E-4,    -5.958676E-4
1.117875E+7,    -2.757311E-4,    -6.167293E-4
1.118500E+7,    -2.601147E-4,    -6.105304E-4
1.119125E+7,    -2.577305E-4,    -6.238818E-4
1.119750E+7,    -2.782345E-4,    -6.255507E-4
1.120375E+7,    -3.014803E-4,    -6.295443E-4
1.121000E+7,    -2.800226E-4,    -6.605983E-4
1.121625E+7,    -2.751946E-4,    -6.635189E-4
1.122250E+7,    -3.154278E-4,    -7.163286E-4
1.122875E+7,    -3.557205E-4,    -7.289648E-4
1.123500E+7,    -3.068447E-4,    -8.236170E-4
1.124125E+7,    -3.178120E-4,    -7.969141E-4
1.124750E+7,    -3.331900E-4,    -8.412600E-4
1.125375E+7,    -3.303289E-4,    -7.797480E-4
1.126000E+7,    -3.335476E-4,    -7.841587E-4
1.126625E+7,    -3.216267E-4,    -7.930994E-4
1.127250E+7,    -3.211498E-4,    -8.515120E-4
1.127875E+7,    -3.384352E-4,    -7.885695E-4
1.128500E+7,    -3.249645E-4,    -8.051395E-4
1.129125E+7,    -3.384352E-4,    -7.632971E-4
1.129750E+7,    -3.206730E-4,    -6.910563E-4
1.130375E+7,    -3.350973E-4,    -7.429123E-4
1.131000E+7,    -3.290176E-4,    -7.817745E-4
1.131625E+7,    -3.261566E-4,    -7.702112E-4
1.132250E+7,    -3.274679E-4,    -8.440018E-4
1.132875E+7,    -3.300905E-4,    -7.890463E-4
1.133500E+7,    -3.328323E-4,    -8.071661E-4
1.134125E+7,    -3.399849E-4,    -7.663965E-4
1.134750E+7,    -3.435612E-4,    -7.848740E-4
1.135375E+7,    -3.674030E-4,    -7.683039E-4
1.136000E+7,    -3.286600E-4,    -7.379055E-4
1.136625E+7,    -3.522635E-4,    -7.885695E-4
1.137250E+7,    -3.938675E-4,    -8.293390E-4
1.137875E+7,    -3.820658E-4,    -7.958412E-4
1.138500E+7,    -3.690720E-4,    -8.151531E-4
1.139125E+7,    -3.401041E-4,    -8.010864E-4
1.139750E+7,    -3.553629E-4,    -7.820129E-4
1.140375E+7,    -3.594160E-4,    -7.885695E-4
1.141000E+7,    -3.737211E-4,    -7.820129E-4
1.141625E+7,    -3.448725E-4,    -7.883310E-4
1.142250E+7,    -3.662109E-4,    -7.832050E-4
1.142875E+7,    -3.800392E-4,    -8.504391E-4
1.143500E+7,    -3.620386E-4,    -8.126497E-4
1.144125E+7,    -4.081726E-4,    -8.068085E-4
1.144750E+7,    -3.994703E-4,    -8.873940E-4
1.145375E+7,    -4.415512E-4,    -9.107590E-4
1.146000E+7,    -4.354715E-4,    -8.940697E-4
1.146625E+7,    -4.420280E-4,    -9.313822E-4
1.147250E+7,    -4.076958E-4,    -9.353161E-4
1.147875E+7,    -4.510880E-4,    -8.784533E-4
1.148500E+7,    -3.995895E-4,    -8.661747E-4
1.149125E+7,    -4.508495E-4,    -9.922981E-4
1.149750E+7,    -4.261732E-4,    -1.047373E-3
1.150375E+7,    -4.376173E-4,    -9.825230E-4
1.151000E+7,    -4.636049E-4,    -1.011014E-3
1.151625E+7,    -4.365444E-4,    -1.001120E-3
1.152250E+7,    -4.464388E-4,    -1.011133E-3
1.152875E+7,    -4.420280E-4,    -9.713173E-4
1.153500E+7,    -4.500151E-4,    -8.950233E-4
1.154125E+7,    -4.935265E-4,    -1.022220E-3
1.154750E+7,    -4.706383E-4,    -1.043916E-3
1.155375E+7,    -4.925728E-4,    -1.011610E-3
1.156000E+7,    -4.832745E-4,    -1.168728E-3
1.156625E+7,    -4.681349E-4,    -1.194119E-3
1.157250E+7,    -4.889965E-4,    -1.160860E-3
1.157875E+7,    -5.660057E-4,    -1.166463E-3
1.158500E+7,    -5.643368E-4,    -1.276493E-3
1.159125E+7,    -5.029440E-4,    -1.153946E-3
1.159750E+7,    -4.502535E-4,    -1.154661E-3
1.160375E+7,    -5.347729E-4,    -1.190424E-3
1.161000E+7,    -4.973412E-4,    -1.224875E-3
1.161625E+7,    -6.051064E-4,    -1.327634E-3
1.162250E+7,    -6.153584E-4,    -1.364231E-3
1.162875E+7,    -5.331039E-4,    -1.691580E-3
1.163500E+7,    -4.723072E-4,    -1.866341E-3
1.164125E+7,    -2.017021E-4,    -2.063990E-3
1.164750E+7,    1.811981E-4,    -2.392769E-3
1.165375E+7,    1.907349E-5,    -2.289534E-3
1.166000E+7,    4.274845E-4,    -2.112389E-3
1.166625E+7,    9.295940E-4,    -2.213955E-3
1.167250E+7,    1.116037E-3,    -1.995325E-3
1.167875E+7,    1.118660E-3,    -2.024174E-3
1.168500E+7,    1.157761E-3,    -2.036572E-3
1.169125E+7,    1.151562E-3,    -2.080679E-3
1.169750E+7,    1.134872E-3,    -2.063513E-3
1.170375E+7,    1.178503E-3,    -2.122164E-3
1.171000E+7,    1.266003E-3,    -2.090693E-3
1.171625E+7,    1.265764E-3,    -2.136230E-3
1.172250E+7,    1.195908E-3,    -2.124310E-3
1.172875E+7,    1.208067E-3,    -2.162695E-3
1.173500E+7,    1.214504E-3,    -2.152205E-3
1.174125E+7,    1.191854E-3,    -2.213001E-3
1.174750E+7,    1.227140E-3,    -2.218485E-3
1.175375E+7,    1.223326E-3,    -2.235651E-3
1.176000E+7,    1.237154E-3,    -2.248526E-3
1.176625E+7,    1.279831E-3,    -2.323151E-3
1.177250E+7,    1.290560E-3,    -2.290726E-3
1.177875E+7,    1.265764E-3,    -2.291918E-3
1.178500E+7,    1.286983E-3,    -2.346754E-3
1.179125E+7,    1.264811E-3,    -2.387285E-3
1.179750E+7,    1.303196E-3,    -2.427816E-3
1.180375E+7,    1.253605E-3,    -2.335310E-3
1.181000E+7,    1.229048E-3,    -2.381086E-3
1.181625E+7,    1.248598E-3,    -2.384901E-3
1.182250E+7,    1.325130E-3,    -2.435923E-3
1.182875E+7,    1.260519E-3,    -2.499104E-3
1.183500E+7,    1.300812E-3,    -2.568722E-3
1.184125E+7,    1.297712E-3,    -2.563477E-3
1.184750E+7,    1.355410E-3,    -2.552748E-3
1.185375E+7,    1.283884E-3,    -2.623320E-3
1.186000E+7,    1.364946E-3,    -2.636433E-3
1.186625E+7,    1.360655E-3,    -2.634048E-3
1.187250E+7,    1.349688E-3,    -2.643108E-3
1.187875E+7,    1.394749E-3,    -2.719164E-3
1.188500E+7,    1.378536E-3,    -2.709389E-3
1.189125E+7,    1.384020E-3,    -2.768517E-3
1.189750E+7,    1.408339E-3,    -2.742290E-3
1.190375E+7,    1.452446E-3,    -2.723694E-3
1.191000E+7,    1.411915E-3,    -2.831221E-3
1.191625E+7,    1.410484E-3,    -2.831459E-3
1.192250E+7,    1.471519E-3,    -2.821684E-3
1.192875E+7,    1.444817E-3,    -2.880573E-3
1.193500E+7,    1.481295E-3,    -2.930164E-3
1.194125E+7,    1.474380E-3,    -2.955437E-3
1.194750E+7,    1.440763E-3,    -2.977133E-3
1.195375E+7,    1.450539E-3,    -2.977848E-3
1.196000E+7,    1.507282E-3,    -2.998829E-3
1.196625E+7,    1.512527E-3,    -3.029585E-3
1.197250E+7,    1.552820E-3,    -3.056288E-3
1.197875E+7,    1.483679E-3,    -3.119469E-3
1.198500E+7,    1.493692E-3,    -3.140211E-3
1.199125E+7,    1.516104E-3,    -3.126383E-3
1.199750E+7,    1.527071E-3,    -3.143072E-3
1.200375E+7,    1.525879E-3,    -3.240347E-3
1.201000E+7,    1.535892E-3,    -3.230810E-3
1.201625E+7,    1.512766E-3,    -3.300428E-3
1.202250E+7,    1.489162E-3,    -3.341436E-3
1.202875E+7,    1.511812E-3,    -3.353357E-3
1.203500E+7,    1.501799E-3,    -3.367424E-3
1.204125E+7,    1.491070E-3,    -3.347397E-3
1.204750E+7,    1.532316E-3,    -3.411531E-3
1.205375E+7,    1.586676E-3,    -3.481627E-3
1.206000E+7,    1.520634E-3,    -3.381968E-3
1.206625E+7,    1.528978E-3,    -3.560066E-3
1.207250E+7,    1.640081E-3,    -3.604889E-3
1.207875E+7,    1.573086E-3,    -3.581762E-3
1.208500E+7,    1.572847E-3,    -3.558397E-3
1.209125E+7,    1.604557E-3,    -3.563166E-3
1.209750E+7,    1.571417E-3,    -3.589392E-3
1.210375E+7,    1.546860E-3,    -3.657818E-3
1.211000E+7,    1.579046E-3,    -3.704309E-3
1.211625E+7,    1.607180E-3,    -3.774405E-3
1.212250E+7,    1.603603E-3,    -3.776789E-3
1.212875E+7,    1.636028E-3,    -3.837347E-3
1.213500E+7,    1.604795E-3,    -3.850460E-3
1.214125E+7,    1.670361E-3,    -3.899336E-3
1.214750E+7,    1.679182E-3,    -3.924370E-3
1.215375E+7,    1.658201E-3,    -3.951311E-3
1.216000E+7,    1.732826E-3,    -3.983498E-3
1.216625E+7,    1.686573E-3,    -4.047394E-3
1.217250E+7,    1.696587E-3,    -4.082680E-3
1.217875E+7,    1.753330E-3,    -4.128456E-3
1.218500E+7,    1.739979E-3,    -4.170418E-3
1.219125E+7,    1.753330E-3,    -4.220009E-3
1.219750E+7,    1.729965E-3,    -4.314899E-3
1.220375E+7,    1.798153E-3,    -4.348278E-3
1.221000E+7,    1.752853E-3,    -4.327774E-3
1.221625E+7,    1.780510E-3,    -4.414558E-3
1.222250E+7,    1.771450E-3,    -4.473686E-3
1.222875E+7,    1.826763E-3,    -4.528046E-3
1.223500E+7,    1.880646E-3,    -4.620552E-3
1.224125E+7,    1.858234E-3,    -4.649162E-3
1.224750E+7,    1.900673E-3,    -4.693508E-3
1.225375E+7,    1.806736E-3,    -4.750729E-3
1.226000E+7,    1.865387E-3,    -4.807472E-3
1.226625E+7,    1.888275E-3,    -4.878044E-3
1.227250E+7,    1.938343E-3,    -4.933834E-3
1.227875E+7,    1.961708E-3,    -5.016327E-3
1.228500E+7,    1.994610E-3,    -5.019665E-3
1.229125E+7,    1.984119E-3,    -5.090237E-3
1.229750E+7,    1.987457E-3,    -5.199909E-3
1.230375E+7,    2.016544E-3,    -5.287647E-3
1.231000E+7,    2.067089E-3,    -5.331993E-3
1.231625E+7,    2.057552E-3,    -5.416393E-3
1.232250E+7,    2.063751E-3,    -5.417347E-3
1.232875E+7,    2.123356E-3,    -5.542278E-3
1.233500E+7,    2.128124E-3,    -5.630016E-3
1.234125E+7,    2.164841E-3,    -5.715847E-3
1.234750E+7,    2.167702E-3,    -5.755901E-3
1.235375E+7,    2.176285E-3,    -5.835056E-3
1.236000E+7,    2.198219E-3,    -5.944729E-3
1.236625E+7,    2.215385E-3,    -6.009579E-3
1.237250E+7,    2.238750E-3,    -6.056309E-3
1.237875E+7,    2.245426E-3,    -6.196976E-3
1.238500E+7,    2.289295E-3,    -6.261826E-3
1.239125E+7,    2.291203E-3,    -6.413460E-3
1.239750E+7,    2.359867E-3,    -6.430626E-3
1.240375E+7,    2.409935E-3,    -6.537437E-3
1.241000E+7,    2.376080E-3,    -6.661415E-3
1.241625E+7,    2.395153E-3,    -6.707191E-3
1.242250E+7,    2.430439E-3,    -6.808758E-3
1.242875E+7,    2.539635E-3,    -6.957531E-3
1.243500E+7,    2.475739E-3,    -7.088184E-3
1.244125E+7,    2.468586E-3,    -7.226944E-3
1.244750E+7,    2.617359E-3,    -7.284164E-3
1.245375E+7,    2.645016E-3,    -7.391453E-3
1.246000E+7,    2.658367E-3,    -7.479668E-3
1.246625E+7,    2.694607E-3,    -7.645130E-3
1.247250E+7,    2.665997E-3,    -7.752419E-3
1.247875E+7,    2.757072E-3,    -7.858276E-3
1.248500E+7,    2.809525E-3,    -8.005142E-3
1.249125E+7,    2.862930E-3,    -8.166313E-3
1.249750E+7,    2.856255E-3,    -8.297920E-3
1.250375E+7,    2.873421E-3,    -8.487701E-3
1.251000E+7,    2.906799E-3,    -8.564949E-3
1.251625E+7,    2.960205E-3,    -8.701324E-3
1.252250E+7,    3.006935E-3,    -8.813858E-3
1.252875E+7,    3.059387E-3,    -9.033203E-3
1.253500E+7,    3.121376E-3,    -9.164810E-3
1.254125E+7,    3.185272E-3,    -9.324074E-3
1.254750E+7,    3.198624E-3,    -9.493828E-3
1.255375E+7,    3.214836E-3,    -9.685516E-3
1.256000E+7,    3.246307E-3,    -9.891510E-3
1.256625E+7,    3.274918E-3,    -1.006031E-2
1.257250E+7,    3.423691E-3,    -1.029301E-2
1.257875E+7,    3.446579E-3,    -1.046085E-2
1.258500E+7,    3.488541E-3,    -1.066685E-2
1.259125E+7,    3.494263E-3,    -1.084900E-2
1.259750E+7,    3.574371E-3,    -1.108742E-2
1.260375E+7,    3.571510E-3,    -1.131821E-2
1.261000E+7,    3.580093E-3,    -1.156044E-2
1.261625E+7,    3.701210E-3,    -1.192856E-2
1.262250E+7,    3.796577E-3,    -1.206017E-2
1.262875E+7,    3.455639E-3,    -1.274967E-2
1.263500E+7,    3.845215E-3,    -1.245737E-2
1.264125E+7,    3.982544E-3,    -1.294184E-2
1.264750E+7,    4.036427E-3,    -1.328945E-2
1.265375E+7,    4.105568E-3,    -1.345491E-2
1.266000E+7,    3.999233E-3,    -1.394653E-2
1.266625E+7,    4.120827E-3,    -1.411819E-2
1.267250E+7,    8.955002E-4,    -1.529360E-2
1.267875E+7,    2.346992E-3,    -1.562881E-2
1.268500E+7,    8.726120E-4,    -1.646709E-2
1.269125E+7,    2.801895E-3,    -1.654148E-2
1.269750E+7,    4.439354E-3,    -1.566601E-2
1.270375E+7,    -8.440018E-4,    -1.620674E-2
1.271000E+7,    8.382797E-4,    -1.889896E-2
1.271625E+7,    4.759789E-3,    -1.705933E-2
1.272250E+7,    4.828453E-3,    -1.760483E-2
1.272875E+7,    4.911423E-3,    -1.808071E-2
1.273500E+7,    4.695892E-3,    -1.894188E-2
1.274125E+7,    4.976273E-3,    -1.928520E-2
1.274750E+7,    4.950523E-3,    -2.002525E-2
1.275375E+7,    5.195618E-3,    -2.018070E-2
1.276000E+7,    4.023552E-3,    -2.118301E-2
1.276625E+7,    1.386642E-3,    -2.193451E-2
1.277250E+7,    -5.313873E-3,    -1.575756E-2
1.277875E+7,    -7.949829E-3,    -1.992226E-2
1.278500E+7,    -5.145073E-3,    -2.426529E-2
1.279125E+7,    -2.033234E-3,    -2.624130E-2
1.279750E+7,    3.413200E-3,    -2.547646E-2
1.280375E+7,    -5.201340E-3,    -2.443218E-2
1.281000E+7,    -1.146030E-2,    -2.046680E-2
1.281625E+7,    -1.076889E-2,    -2.825165E-2
1.282250E+7,    -1.156616E-2,    -2.831268E-2
1.282875E+7,    -1.007080E-3,    -3.081703E-2
1.283500E+7,    -1.582718E-2,    -2.475166E-2
1.284125E+7,    4.369736E-3,    -3.502846E-2
1.284750E+7,    5.413055E-3,    -3.519821E-2
1.285375E+7,    2.578735E-3,    -3.773117E-2
1.286000E+7,    2.511978E-3,    -3.824806E-2
1.286625E+7,    1.964569E-3,    -4.100418E-2
1.287250E+7,    3.147125E-3,    -4.210663E-2
1.287875E+7,    5.151749E-3,    -4.256058E-2
1.288500E+7,    2.326965E-3,    -4.374504E-2
1.289125E+7,    -1.756668E-3,    -4.864502E-2
1.289750E+7,    -8.922577E-3,    -4.913712E-2
1.290375E+7,    -7.019043E-4,    -5.081558E-2
1.291000E+7,    -5.342484E-3,    -5.342293E-2
1.291625E+7,    -9.555817E-3,    -5.785370E-2
1.292250E+7,    -1.545715E-2,    -5.113602E-2
1.292875E+7,    -1.404953E-2,    -5.936432E-2
1.293500E+7,    -3.670502E-2,    -4.507065E-2
1.294125E+7,    -3.263474E-2,    -5.393219E-2
1.294750E+7,    -3.818512E-2,    -3.955078E-2
1.295375E+7,    -3.542900E-2,    -2.378464E-2
1.296000E+7,    -3.120422E-2,    -1.716232E-2
1.296625E+7,    -3.197289E-2,    -1.597214E-2
1.297250E+7,    -3.488159E-2,    -1.625061E-2
1.297875E+7,    -3.756905E-2,    -1.597404E-2
1.298500E+7,    -4.048347E-2,    -1.552010E-2
1.299125E+7,    -4.401016E-2,    -1.477432E-2
1.299750E+7,    -4.774284E-2,    -1.357079E-2
1.300375E+7,    -5.215263E-2,    -1.195335E-2
1.301000E+7,    -5.689621E-2,    -9.586334E-3
1.301625E+7,    -6.157303E-2,    -6.076813E-3
1.302250E+7,    -6.690216E-2,    -1.590729E-3
1.302875E+7,    -7.159424E-2,    4.508972E-3
1.303500E+7,    -7.576370E-2,    1.204681E-2
1.304125E+7,    -7.838440E-2,    2.146149E-2
1.304750E+7,    -7.926559E-2,    3.187180E-2
1.305375E+7,    -7.743073E-2,    4.293060E-2
1.306000E+7,    -7.264328E-2,    5.372238E-2
1.306625E+7,    -6.562042E-2,    6.325531E-2
1.307250E+7,    -5.653381E-2,    7.026672E-2
1.307875E+7,    -4.682159E-2,    7.505035E-2
1.308500E+7,    -3.681183E-2,    7.707214E-2
1.309125E+7,    -2.790833E-2,    7.714844E-2
1.309750E+7,    -1.978302E-2,    7.535553E-2
1.310375E+7,    -1.302338E-2,    7.283783E-2
1.311000E+7,    -7.507324E-3,    6.984711E-2
1.311625E+7,    -3.021240E-3,    6.673431E-2
1.312250E+7,    6.942749E-4,    6.366730E-2
1.312875E+7,    3.547668E-3,    6.068420E-2
1.313500E+7,    5.981445E-3,    5.770874E-2
1.314125E+7,    7.843018E-3,    5.480957E-2
1.314750E+7,    9.429932E-3,    5.236816E-2
1.315375E+7,    1.086426E-2,    5.066681E-2
1.316000E+7,    1.187515E-2,    4.852295E-2
1.316625E+7,    1.259613E-2,    4.658127E-2
1.317250E+7,    1.324844E-2,    4.434586E-2
1.317875E+7,    1.382446E-2,    4.292679E-2
1.318500E+7,    1.424789E-2,    4.137039E-2
1.319125E+7,    1.479340E-2,    4.018402E-2
1.319750E+7,    1.489258E-2,    3.844833E-2
1.320375E+7,    1.523590E-2,    3.722763E-2
1.321000E+7,    1.556015E-2,    3.656769E-2
1.321625E+7,    1.561737E-2,    3.504181E-2
1.322250E+7,    1.577759E-2,    3.406525E-2
1.322875E+7,    1.609039E-2,    3.345490E-2
1.323500E+7,    1.638794E-2,    3.287888E-2
1.324125E+7,    1.671982E-2,    3.253937E-2
1.324750E+7,    1.725769E-2,    3.253555E-2
1.325375E+7,    1.762772E-2,    3.247070E-2
1.326000E+7,    1.767349E-2,    3.163528E-2
1.326625E+7,    1.792526E-2,    3.125763E-2
1.327250E+7,    1.816177E-2,    3.083038E-2
1.327875E+7,    1.858902E-2,    3.072357E-2
1.328500E+7,    1.867294E-2,    3.012848E-2
1.329125E+7,    1.917458E-2,    3.027153E-2
1.329750E+7,    1.925468E-2,    2.990341E-2
1.330375E+7,    1.946640E-2,    2.934265E-2
1.331000E+7,    2.042007E-2,    2.980042E-2
1.331625E+7,    2.056313E-2,    2.960968E-2
1.332250E+7,    2.141380E-2,    3.008652E-2
1.332875E+7,    2.085686E-2,    2.915764E-2
1.333500E+7,    2.083397E-2,    2.798271E-2
1.334125E+7,    2.082443E-2,    2.759361E-2
1.334750E+7,    2.110291E-2,    2.714157E-2
1.335375E+7,    2.186584E-2,    2.747536E-2
1.336000E+7,    2.194977E-2,    2.735138E-2
1.336625E+7,    2.232933E-2,    2.681351E-2
1.337250E+7,    2.300262E-2,    2.721405E-2
1.337875E+7,    2.329063E-2,    2.683449E-2
1.338500E+7,    2.368164E-2,    2.654266E-2
1.339125E+7,    2.462959E-2,    2.687263E-2
1.339750E+7,    2.505493E-2,    2.670860E-2
1.340375E+7,    2.556038E-2,    2.639008E-2
1.341000E+7,    2.626228E-2,    2.634621E-2
1.341625E+7,    2.730560E-2,    2.662277E-2
1.342250E+7,    2.818871E-2,    2.654457E-2
1.342875E+7,    2.936554E-2,    2.670670E-2
1.343500E+7,    3.072929E-2,    2.680016E-2
1.344125E+7,    3.157425E-2,    2.659225E-2
1.344750E+7,    3.312111E-2,    2.662277E-2
1.345375E+7,    3.457451E-2,    2.665329E-2
1.346000E+7,    3.616524E-2,    2.633858E-2
1.346625E+7,    3.818512E-2,    2.635193E-2
1.347250E+7,    4.055786E-2,    2.629471E-2
1.347875E+7,    4.248428E-2,    2.573013E-2
1.348500E+7,    4.447937E-2,    2.482986E-2
1.349125E+7,    4.698944E-2,    2.402496E-2
1.349750E+7,    4.997253E-2,    2.289581E-2
1.350375E+7,    5.342865E-2,    2.157211E-2
1.351000E+7,    5.638123E-2,    1.962662E-2
1.351625E+7,    5.963898E-2,    1.694870E-2
1.352250E+7,    6.315231E-2,    1.363754E-2
1.352875E+7,    6.655884E-2,    9.593964E-3
1.353500E+7,    6.986618E-2,    4.497528E-3
1.354125E+7,    7.242203E-2,    -1.476288E-3
1.354750E+7,    7.411575E-2,    -8.632660E-3
1.355375E+7,    7.455826E-2,    -1.639557E-2
1.356000E+7,    7.330704E-2,    -2.461624E-2
1.356625E+7,    7.022858E-2,    -3.253937E-2
1.357250E+7,    6.525421E-2,    -3.996277E-2
1.357875E+7,    5.922699E-2,    -4.605865E-2
1.358500E+7,    5.215454E-2,    -5.049896E-2
1.359125E+7,    4.467773E-2,    -5.325699E-2
1.359750E+7,    3.752136E-2,    -5.451584E-2
1.360375E+7,    3.064346E-2,    -5.432510E-2
1.361000E+7,    2.464676E-2,    -5.316925E-2
1.361625E+7,    1.947021E-2,    -5.136490E-2
1.362250E+7,    1.510620E-2,    -4.915619E-2
1.362875E+7,    1.139450E-2,    -4.676056E-2
1.363500E+7,    8.346558E-3,    -4.433441E-2
1.364125E+7,    5.924225E-3,    -4.188919E-2
1.364750E+7,    3.852844E-3,    -3.942490E-2
1.365375E+7,    2.243042E-3,    -3.713226E-2
1.366000E+7,    9.269714E-4,    -3.502655E-2
1.366625E+7,    -1.831055E-4,    -3.312683E-2
1.367250E+7,    -1.091003E-3,    -3.127289E-2
1.367875E+7,    -1.823425E-3,    -2.957916E-2
1.368500E+7,    -2.359390E-3,    -2.792549E-2
1.369125E+7,    -2.815247E-3,    -2.637482E-2
1.369750E+7,    -3.170013E-3,    -2.500153E-2
1.370375E+7,    -3.484726E-3,    -2.369499E-2
1.371000E+7,    -3.713608E-3,    -2.253723E-2
1.371625E+7,    -3.862381E-3,    -2.145195E-2
1.372250E+7,    -4.009247E-3,    -2.045631E-2
1.372875E+7,    -4.148483E-3,    -1.952744E-2
1.373500E+7,    -4.222870E-3,    -1.865959E-2
1.374125E+7,    -4.266739E-3,    -1.785469E-2
1.374750E+7,    -4.314423E-3,    -1.708984E-2
1.375375E+7,    -4.327774E-3,    -1.638794E-2
1.376000E+7,    -4.310608E-3,    -1.574516E-2
1.376625E+7,    -4.301071E-3,    -1.508522E-2
1.377250E+7,    -4.280090E-3,    -1.454544E-2
1.377875E+7,    -4.278183E-3,    -1.399422E-2
1.378500E+7,    -4.249573E-3,    -1.346588E-2
1.379125E+7,    -4.222870E-3,    -1.299858E-2
1.379750E+7,    -4.167557E-3,    -1.251602E-2
1.380375E+7,    -4.131317E-3,    -1.208496E-2
1.381000E+7,    -4.089355E-3,    -1.169395E-2
1.381625E+7,    -4.026413E-3,    -1.129627E-2
1.382250E+7,    -3.985405E-3,    -1.093197E-2
1.382875E+7,    -3.949165E-3,    -1.060009E-2
1.383500E+7,    -3.892899E-3,    -1.027393E-2
1.384125E+7,    -3.835678E-3,    -9.979248E-3
1.384750E+7,    -3.821373E-3,    -9.679794E-3
1.385375E+7,    -3.774643E-3,    -9.389877E-3
1.386000E+7,    -3.698349E-3,    -9.103775E-3
1.386625E+7,    -3.662109E-3,    -8.832932E-3
1.387250E+7,    -3.586769E-3,    -8.612633E-3
1.387875E+7,    -3.555298E-3,    -8.380890E-3
1.388500E+7,    -3.523827E-3,    -8.170128E-3
1.389125E+7,    -3.458023E-3,    -7.959366E-3
1.389750E+7,    -3.397942E-3,    -7.737160E-3
1.390375E+7,    -3.376961E-3,    -7.538795E-3
1.391000E+7,    -3.307343E-3,    -7.376671E-3
1.391625E+7,    -3.290176E-3,    -7.200241E-3
1.392250E+7,    -3.233910E-3,    -7.044792E-3
1.392875E+7,    -3.212929E-3,    -6.864548E-3
1.393500E+7,    -3.139496E-3,    -6.716728E-3
1.394125E+7,    -3.130913E-3,    -6.554604E-3
1.394750E+7,    -3.082275E-3,    -6.412506E-3
1.395375E+7,    -3.021240E-3,    -6.297112E-3
1.396000E+7,    -3.005028E-3,    -6.160736E-3
1.396625E+7,    -2.954006E-3,    -6.021023E-3
1.397250E+7,    -2.944469E-3,    -5.917549E-3
1.397875E+7,    -2.900124E-3,    -5.778313E-3
1.398500E+7,    -2.876282E-3,    -5.666256E-3
1.399125E+7,    -2.821922E-3,    -5.553246E-3
1.399750E+7,    -2.813816E-3,    -5.456448E-3
1.400375E+7,    -2.776146E-3,    -5.331039E-3
1.401000E+7,    -2.740860E-3,    -5.261898E-3
1.401625E+7,    -2.733469E-3,    -5.171061E-3
1.402250E+7,    -2.675056E-3,    -5.055904E-3
1.402875E+7,    -2.671480E-3,    -4.967451E-3
1.403500E+7,    -2.636194E-3,    -4.891634E-3
1.404125E+7,    -2.578735E-3,    -4.812002E-3
1.404750E+7,    -2.573013E-3,    -4.721403E-3
1.405375E+7,    -2.547741E-3,    -4.648447E-3
1.406000E+7,    -2.534628E-3,    -4.570961E-3
1.406625E+7,    -2.506495E-3,    -4.531860E-3
1.407250E+7,    -2.494097E-3,    -4.440069E-3
1.407875E+7,    -2.464771E-3,    -4.401445E-3
1.408500E+7,    -2.441883E-3,    -4.328489E-3
1.409125E+7,    -2.441406E-3,    -4.243612E-3
1.409750E+7,    -2.403498E-3,    -4.205704E-3
1.410375E+7,    -2.382517E-3,    -4.130363E-3
1.411000E+7,    -2.374649E-3,    -4.083157E-3
1.411625E+7,    -2.357960E-3,    -4.042864E-3
1.412250E+7,    -2.341509E-3,    -3.978968E-3
1.412875E+7,    -2.310514E-3,    -3.928661E-3
1.413500E+7,    -2.321243E-3,    -3.892422E-3
1.414125E+7,    -2.304554E-3,    -3.854036E-3
1.414750E+7,    -2.307892E-3,    -3.796577E-3
1.415375E+7,    -2.285719E-3,    -3.759623E-3
1.416000E+7,    -2.260447E-3,    -3.723145E-3
1.416625E+7,    -2.267122E-3,    -3.648281E-3
1.417250E+7,    -2.244234E-3,    -3.649235E-3
1.417875E+7,    -2.233505E-3,    -3.604174E-3
1.418500E+7,    -2.236128E-3,    -3.570557E-3
1.419125E+7,    -2.218962E-3,    -3.553629E-3
1.419750E+7,    -2.225876E-3,    -3.524065E-3
1.420375E+7,    -2.209425E-3,    -3.473997E-3
1.421000E+7,    -2.203703E-3,    -3.471136E-3
1.421625E+7,    -2.218723E-3,    -3.445625E-3
1.422250E+7,    -2.197742E-3,    -3.397465E-3
1.422875E+7,    -2.209902E-3,    -3.364325E-3
1.423500E+7,    -2.205133E-3,    -3.374577E-3
1.424125E+7,    -2.215862E-3,    -3.338575E-3
1.424750E+7,    -2.195597E-3,    -3.312588E-3
1.425375E+7,    -2.225637E-3,    -3.302336E-3
1.426000E+7,    -2.210379E-3,    -3.265142E-3
1.426625E+7,    -2.206802E-3,    -3.272772E-3
1.427250E+7,    -2.236605E-3,    -3.282070E-3
1.427875E+7,    -2.240419E-3,    -3.240824E-3
1.428500E+7,    -2.241611E-3,    -3.230333E-3
1.429125E+7,    -2.268791E-3,    -3.231764E-3
1.429750E+7,    -2.257586E-3,    -3.217220E-3
1.430375E+7,    -2.279758E-3,    -3.216743E-3
1.431000E+7,    -2.285957E-3,    -3.222466E-3
1.431625E+7,    -2.291918E-3,    -3.216743E-3
1.432250E+7,    -2.323151E-3,    -3.224373E-3
1.432875E+7,    -2.332687E-3,    -3.190517E-3
1.433500E+7,    -2.362490E-3,    -3.211975E-3
1.434125E+7,    -2.376556E-3,    -3.218174E-3
1.434750E+7,    -2.414703E-3,    -3.210783E-3
1.435375E+7,    -2.445698E-3,    -3.216267E-3
1.436000E+7,    -2.453327E-3,    -3.244877E-3
1.436625E+7,    -2.521992E-3,    -3.235340E-3
1.437250E+7,    -2.563715E-3,    -3.265858E-3
1.437875E+7,    -2.606153E-3,    -3.294230E-3
1.438500E+7,    -2.623081E-3,    -3.305435E-3
1.439125E+7,    -2.699852E-3,    -3.339052E-3
1.439750E+7,    -2.737045E-3,    -3.370285E-3
1.440375E+7,    -2.828360E-3,    -3.391743E-3
1.441000E+7,    -2.857208E-3,    -3.447294E-3
1.441625E+7,    -2.975464E-3,    -3.446102E-3
1.442250E+7,    -3.055334E-3,    -3.517866E-3
1.442875E+7,    -3.133059E-3,    -3.549576E-3
1.443500E+7,    -3.230095E-3,    -3.623486E-3
1.444125E+7,    -3.332138E-3,    -3.647089E-3
1.444750E+7,    -3.484964E-3,    -3.696680E-3
1.445375E+7,    -3.633976E-3,    -3.774166E-3
1.446000E+7,    -3.805161E-3,    -3.829718E-3
1.446625E+7,    -3.973007E-3,    -3.903389E-3
1.447250E+7,    -4.172325E-3,    -3.994942E-3
1.447875E+7,    -4.430294E-3,    -4.064083E-3
1.448500E+7,    -4.672527E-3,    -4.163742E-3
1.449125E+7,    -5.037308E-3,    -4.269600E-3
1.449750E+7,    -5.410194E-3,    -4.343033E-3
1.450375E+7,    -5.865097E-3,    -4.398346E-3
1.451000E+7,    -6.381989E-3,    -4.467010E-3
1.451625E+7,    -7.029533E-3,    -4.493237E-3
1.452250E+7,    -7.800579E-3,    -4.472733E-3
1.452875E+7,    -8.725643E-3,    -4.333973E-3
1.453500E+7,    -9.825706E-3,    -3.997803E-3
1.454125E+7,    -1.115274E-2,    -3.418922E-3
1.454750E+7,    -1.259661E-2,    -2.325535E-3
1.455375E+7,    -1.409149E-2,    -5.407333E-4
1.456000E+7,    -1.505518E-2,    2.121925E-3
1.456625E+7,    -1.499701E-2,    5.481243E-3
1.457250E+7,    -1.336527E-2,    8.782864E-3
1.457875E+7,    -1.048040E-2,    1.104355E-2
1.458500E+7,    -7.214546E-3,    1.178503E-2
1.459125E+7,    -4.513741E-3,    1.136065E-2
1.459750E+7,    -2.531052E-3,    1.034164E-2
1.460375E+7,    -1.224041E-3,    9.202003E-3
1.461000E+7,    -3.347397E-4,    8.116722E-3
1.461625E+7,    2.079010E-4,    7.127762E-3
1.462250E+7,    5.471706E-4,    6.298780E-3
1.462875E+7,    7.579327E-4,    5.600214E-3
1.463500E+7,    8.566380E-4,    4.982471E-3
1.464125E+7,    9.255409E-4,    4.464865E-3
1.464750E+7,    9.746552E-4,    4.024506E-3
1.465375E+7,    9.553432E-4,    3.636360E-3
1.466000E+7,    9.670258E-4,    3.324509E-3
1.466625E+7,    9.299517E-4,    3.029227E-3
1.467250E+7,    9.158850E-4,    2.801538E-3
1.467875E+7,    8.912086E-4,    2.580404E-3
1.468500E+7,    8.542538E-4,    2.381921E-3
1.469125E+7,    8.202791E-4,    2.203226E-3
1.469750E+7,    7.952452E-4,    2.042294E-3
1.470375E+7,    7.727146E-4,    1.904368E-3
1.471000E+7,    7.281303E-4,    1.765728E-3
1.471625E+7,    6.802082E-4,    1.642585E-3
1.472250E+7,    6.694794E-4,    1.564026E-3
1.472875E+7,    6.327629E-4,    1.460075E-3
1.473500E+7,    6.211996E-4,    1.372099E-3
1.474125E+7,    5.840659E-4,    1.292646E-3
1.474750E+7,    5.701780E-4,    1.205266E-3
1.475375E+7,    5.166531E-4,    1.131117E-3
1.476000E+7,    5.020499E-4,    1.097143E-3
1.476625E+7,    4.767776E-4,    1.029551E-3
1.477250E+7,    4.785657E-4,    9.664297E-4
1.477875E+7,    4.600883E-4,    9.261370E-4
1.478500E+7,    4.468560E-4,    8.689165E-4
1.479125E+7,    4.049540E-4,    8.232594E-4
1.479750E+7,    4.041195E-4,    7.923841E-4
1.480375E+7,    3.773570E-4,    7.482171E-4
1.481000E+7,    3.706217E-4,    7.196069E-4
1.481625E+7,    3.631711E-4,    6.907582E-4
1.482250E+7,    3.326535E-4,    6.489158E-4
1.482875E+7,    3.180206E-4,    6.160438E-4
1.483500E+7,    3.090799E-4,    5.967319E-4
1.484125E+7,    2.804399E-4,    5.690753E-4
1.484750E+7,    2.778172E-4,    5.213022E-4
1.485375E+7,    2.736151E-4,    5.160868E-4
1.486000E+7,    2.756119E-4,    4.834235E-4
1.486625E+7,    2.587438E-4,    4.675090E-4
1.487250E+7,    2.379417E-4,    4.528165E-4
1.487875E+7,    2.462864E-4,    4.318953E-4
1.488500E+7,    2.215505E-4,    4.195571E-4
1.489125E+7,    2.269447E-4,    3.933609E-4
1.489750E+7,    2.166331E-4,    3.494620E-4
1.490375E+7,    2.013147E-4,    3.651083E-4
1.491000E+7,    1.791418E-4,    3.350377E-4
1.491625E+7,    1.873076E-4,    3.472865E-4
1.492250E+7,    1.795292E-4,    3.274381E-4
1.492875E+7,    1.830310E-4,    3.092140E-4
1.493500E+7,    1.714826E-4,    2.826154E-4
1.494125E+7,    1.429319E-4,    2.882034E-4
1.494750E+7,    1.730323E-4,    2.734959E-4
1.495375E+7,    1.784116E-4,    2.712011E-4
1.496000E+7,    1.424849E-4,    2.647638E-4
1.496625E+7,    1.392663E-4,    2.333522E-4
1.497250E+7,    1.438558E-4,    2.228022E-4
1.497875E+7,    1.316071E-4,    2.375543E-4
1.498500E+7,    1.280308E-4,    2.064705E-4
1.499125E+7,    1.232326E-4,    2.251416E-4
1.499750E+7,    1.128167E-4,    1.897961E-4
1.500375E+7,    9.977818E-5,    1.879185E-4
1.501000E+7,    1.232922E-4,    1.672357E-4
1.501625E+7,    1.018196E-4,    1.957715E-4
1.502250E+7,    9.819865E-5,    1.644045E-4
1.502875E+7,    1.153350E-4,    1.633316E-4
1.503500E+7,    9.505451E-5,    1.581460E-4
1.504125E+7,    7.200986E-5,    1.339242E-4
1.504750E+7,    9.808689E-5,    1.414120E-4
1.505375E+7,    8.068979E-5,    1.561716E-4
1.506000E+7,    9.275228E-5,    1.369938E-4
1.506625E+7,    7.544458E-5,    1.433194E-4
1.507250E+7,    8.804351E-5,    1.244172E-4
1.507875E+7,    5.553663E-5,    1.208857E-4
1.508500E+7,    7.359684E-5,    1.405180E-4
1.509125E+7,    5.904585E-5,    1.224279E-4
1.509750E+7,    7.409602E-5,    1.052395E-4
1.510375E+7,    7.198006E-5,    9.503216E-5
1.511000E+7,    6.918609E-5,    9.271502E-5
1.511625E+7,    6.251037E-5,    9.693950E-5
1.512250E+7,    8.141994E-5,    6.502122E-5
1.512875E+7,    5.458295E-5,    7.443130E-5
1.513500E+7,    3.137812E-5,    7.781759E-5
1.514125E+7,    4.969537E-5,    1.053065E-4
1.514750E+7,    5.200133E-5,    7.211044E-5
1.515375E+7,    5.278364E-5,    6.382167E-5
1.516000E+7,    3.935024E-5,    7.292256E-5
1.516625E+7,    1.656637E-5,    6.847456E-5
1.517250E+7,    3.682822E-5,    6.274506E-5
1.517875E+7,    1.385435E-5,    6.661937E-5
1.518500E+7,    3.046170E-5,    6.723776E-5
1.519125E+7,    3.401935E-5,    6.081164E-5
1.519750E+7,    2.760440E-5,    6.542727E-5
1.520375E+7,    2.784282E-5,    6.533414E-5
1.521000E+7,    3.513321E-5,    5.226210E-5
1.521625E+7,    2.559274E-5,    4.705414E-5
1.522250E+7,    4.276261E-5,    3.924593E-5
1.522875E+7,    2.954900E-5,    3.226474E-5
1.523500E+7,    3.586709E-5,    6.058440E-5
1.524125E+7,    9.620562E-6,    4.684553E-5
1.524750E+7,    4.662946E-5,    3.217533E-5
1.525375E+7,    9.832904E-6,    3.859028E-5
1.526000E+7,    2.014264E-5,    3.521331E-5
1.526625E+7,    2.377853E-5,    3.714673E-5
1.527250E+7,    2.041645E-5,    1.857430E-5
1.527875E+7,    1.414493E-5,    5.768985E-5
1.528500E+7,    3.791228E-5,    1.829490E-5
1.529125E+7,    3.468990E-5,    2.523512E-5
1.529750E+7,    4.084781E-6,    3.598630E-5
1.530375E+7,    3.825128E-5,    2.661720E-5
1.531000E+7,    2.118386E-5,    1.840666E-5
1.531625E+7,    1.406018E-5,    1.503993E-5
1.532250E+7,    1.230091E-5,    6.435066E-5
1.532875E+7,    4.302710E-6,    2.709031E-5
1.533500E+7,    -2.516434E-6,    2.440624E-5
1.534125E+7,    2.489612E-5,    1.126900E-5
1.534750E+7,    7.197727E-6,    3.201421E-6
1.535375E+7,    9.190291E-6,    3.161654E-5
1.536000E+7,    3.793510E-6,    1.690350E-6
1.536625E+7,    5.089678E-7,    9.291340E-6
1.537250E+7,    1.628511E-5,    2.507120E-5
1.537875E+7,    1.269020E-5,    2.359785E-5
1.538500E+7,    4.571863E-6,    1.117308E-5
1.539125E+7,    -1.386181E-5,    2.179667E-5
1.539750E+7,    1.571607E-5,    6.615184E-6
1.540375E+7,    6.168932E-10,    -2.563070E-10
1.541000E+7,    -1.643784E-6,    2.472475E-5
1.541625E+7,    -1.277309E-5,    2.089515E-5
1.542250E+7,    1.586974E-6,    1.883321E-5
1.542875E+7,    1.873076E-5,    7.594004E-6
1.543500E+7,    8.088537E-6,    1.162291E-5
1.544125E+7,    1.358613E-5,    2.366863E-5
1.544750E+7,    8.016359E-6,    3.089197E-6
1.545375E+7,    8.987263E-7,    9.676907E-6
1.546000E+7,    -8.289237E-6,    -3.133900E-6
1.546625E+7,    -1.181941E-5,    -4.357658E-6
1.547250E+7,    -6.485550E-10,    2.933689E-10
1.547875E+7,    -6.878050E-6,    6.360700E-6
1.548500E+7,    -2.040528E-6,    -1.818500E-5
1.549125E+7,    -7.813796E-6,    3.319606E-5
1.549750E+7,    -9.610318E-6,    -1.268927E-5
1.550375E+7,    -5.337410E-6,    2.706796E-5
1.551000E+7,    3.865734E-5,    -1.492351E-5
1.551625E+7,    -4.113186E-6,    -1.442153E-6
1.552250E+7,    -1.139008E-6,    -9.182841E-6
1.552875E+7,    -2.496876E-6,    -1.872797E-5
1.553500E+7,    1.327135E-6,    -1.660828E-5
1.554125E+7,    -2.087280E-5,    2.161320E-5
1.554750E+7,    1.223665E-5,    1.614075E-5
1.555375E+7,    1.526531E-5,    5.144626E-6
1.556000E+7,    4.097819E-7,    -3.228523E-5
1.556625E+7,    -4.765578E-6,    -1.520151E-6
1.557250E+7,    3.065914E-6,    -9.164680E-6
1.557875E+7,    -7.049413E-6,    7.309485E-6
1.558500E+7,    5.848706E-6,    -3.241561E-5
1.559125E+7,    -1.410721E-5,    4.207715E-6
1.559750E+7,    1.561083E-5,    -3.762916E-5
1.560375E+7,    3.851950E-6,    1.148088E-6
1.561000E+7,    3.885943E-6,    1.142500E-6
1.561625E+7,    -7.884111E-6,    -2.291985E-6
1.562250E+7,    -4.932284E-6,    -2.660416E-5
1.562875E+7,    -9.517185E-6,    -1.128297E-5
1.563500E+7,    -1.315400E-5,    -1.197308E-5
1.564125E+7,    -3.752066E-6,    -1.057517E-6
1.564750E+7,    -1.484249E-5,    -4.109927E-6
1.565375E+7,    -1.698267E-6,    -8.482020E-6
1.566000E+7,    -1.042336E-5,    -3.456324E-5
1.566625E+7,    -1.293421E-5,    -1.142267E-5
1.567250E+7,    -5.598793E-10,    3.250875E-10
1.567875E+7,    3.707595E-6,    9.590294E-7
1.568500E+7,    -1.118192E-5,    1.294073E-5
1.569125E+7,    -2.405234E-5,    -1.404807E-5
1.569750E+7,    -7.354654E-6,    -1.762528E-5
1.570375E+7,    5.535781E-6,    -6.485265E-6
1.571000E+7,    1.465855E-5,    -1.205597E-5
1.571625E+7,    -2.213847E-5,    -5.296431E-6
1.572250E+7,    -5.666167E-6,    -9.147450E-6
1.572875E+7,    5.436505E-10,    -3.383036E-10
1.573500E+7,    -1.706881E-6,    7.395400E-6
1.574125E+7,    -6.045215E-6,    -2.463441E-5
1.574750E+7,    1.275633E-5,    -4.907139E-6
1.575375E+7,    -9.027310E-6,    5.767215E-6
1.576000E+7,    -2.094079E-6,    -8.203089E-6
1.576625E+7,    -1.062220E-5,    1.325784E-5
1.577250E+7,    5.736947E-7,    1.562014E-5
1.577875E+7,    -1.268089E-5,    5.109236E-6
1.578500E+7,    -6.705523E-7,    -1.562200E-5
1.579125E+7,    -2.221204E-6,    -8.183066E-6
1.579750E+7,    -5.287859E-10,    3.556977E-10
1.580375E+7,    -1.052581E-5,    -2.514757E-5
1.581000E+7,    1.164805E-5,    -2.085790E-5
1.581625E+7,    -3.706198E-6,    -6.924383E-7
1.582250E+7,    -2.987683E-6,    -4.654005E-5
1.582875E+7,    -3.703870E-6,    -6.705523E-7
1.583500E+7,    -1.595169E-5,    -1.814589E-5
1.584125E+7,    -2.099760E-5,    -1.127087E-5
1.584750E+7,    2.110749E-5,    -1.171697E-5
1.585375E+7,    -8.649193E-6,    -1.672097E-5
1.586000E+7,    -2.357177E-5,    -1.911633E-5
1.586625E+7,    -1.724064E-5,    1.246762E-5
1.587250E+7,    -2.111122E-5,    -1.093373E-5
1.587875E+7,    5.101413E-10,    -3.740297E-10
1.588500E+7,    -5.085781E-10,    3.751666E-10
1.589125E+7,    -2.759136E-5,    -1.922436E-5
1.589750E+7,    1.113955E-5,    1.617707E-6
1.590375E+7,    -1.486298E-5,    -2.092682E-6
1.591000E+7,    -2.435502E-5,    1.181941E-5
1.591625E+7,    -6.910414E-7,    -2.279691E-5
1.592250E+7,    -8.217990E-6,    -2.376921E-5
1.592875E+7,    -8.369796E-6,    6.501563E-6
1.593500E+7,    2.881791E-5,    -1.908280E-5
1.594125E+7,    2.685003E-6,    -2.229214E-5
1.594750E+7,    -1.315121E-5,    -1.659058E-5
1.595375E+7,    -8.547213E-7,    7.431256E-6
1.596000E+7,    -2.520345E-5,    -1.032650E-5
1.596625E+7,    4.910703E-10,    -3.940954E-10
1.597250E+7,    2.347864E-6,    -2.232473E-5
1.597875E+7,    -7.452443E-6,    -7.688068E-7
1.598500E+7,    8.852687E-6,    -1.419382E-5
1.599125E+7,    -9.765849E-6,    -1.597404E-5
1.599750E+7,    -1.118612E-5,    -1.016073E-6
1.600375E+7,    -5.789101E-6,    -2.580136E-5
1.601000E+7,    8.357689E-5,    -5.937740E-5
1.601625E+7,    -5.972385E-5,    -4.461780E-5
1.602250E+7,    -6.887689E-5,    -8.475035E-6
1.602875E+7,    2.518483E-5,    -3.848597E-5
1.603500E+7,    -5.164370E-5,    2.593733E-5
1.604125E+7,    -1.491560E-5,    1.035817E-5
1.604750E+7,    2.197921E-6,    -7.001311E-5
1.605375E+7,    -2.871640E-5,    -1.431629E-5
1.606000E+7,    5.047768E-5,    -1.956522E-5
1.606625E+7,    -4.470348E-6,    1.113676E-4
1.607250E+7,    -1.527071E-4,    -4.994869E-5
1.607875E+7,    -4.583597E-5,    9.477884E-5
1.608500E+7,    1.080707E-4,    -9.136647E-5
1.609125E+7,    -1.153909E-6,    -2.240203E-5
1.609750E+7,    -4.940666E-5,    5.629659E-5
1.610375E+7,    -6.090663E-5,    4.587695E-6
1.611000E+7,    1.723506E-5,    -3.734976E-5
1.611625E+7,    -6.556138E-5,    1.159459E-4
1.612250E+7,    -9.655580E-5,    5.678833E-5
1.612875E+7,    -6.207079E-5,    3.956631E-5
1.613500E+7,    -3.214180E-5,    -9.818003E-6
1.614125E+7,    -2.655759E-5,    8.779019E-5
1.614750E+7,    -2.293289E-5,    -1.728348E-5
1.615375E+7,    4.939735E-5,    -1.313724E-5
1.616000E+7,    4.589092E-6,    3.447756E-6
1.616625E+7,    -5.508214E-5,    -5.589053E-5
1.617250E+7,    7.465482E-5,    5.945563E-6
1.617875E+7,    -2.314709E-5,    5.450100E-5
1.618500E+7,    1.102835E-4,    -1.746416E-5
1.619125E+7,    -7.512048E-5,    9.448081E-5
1.619750E+7,    -4.712492E-5,    4.228204E-7
1.620375E+7,    2.296362E-5,    2.956949E-6
1.621000E+7,    -4.483387E-5,    2.153218E-6
1.621625E+7,    3.543124E-5,    6.274506E-5
1.622250E+7,    -5.398691E-5,    -4.822388E-6
1.622875E+7,    -9.112991E-6,    -2.128538E-5
1.623500E+7,    7.137284E-5,    -3.250688E-5
1.624125E+7,    6.223843E-5,    -3.938377E-5
1.624750E+7,    4.929304E-5,    3.009662E-5
1.625375E+7,    3.004633E-5,    -3.491901E-5
1.626000E+7,    2.754293E-5,    6.455928E-6
1.626625E+7,    2.907217E-5,    -7.173419E-5
1.627250E+7,    -7.275492E-6,    9.535998E-5
1.627875E+7,    8.538365E-6,    -1.016036E-4
1.628500E+7,    1.458675E-4,    2.518296E-6
1.629125E+7,    -4.586577E-5,    -2.035871E-5
1.629750E+7,    -5.683862E-6,    -1.152512E-5
1.630375E+7,    5.349889E-5,    -1.180507E-4
1.631000E+7,    -3.804639E-5,    2.164021E-5
1.631625E+7,    1.337081E-4,    1.087487E-4
1.632250E+7,    -5.222857E-5,    -1.118183E-4
1.632875E+7,    2.065524E-4,    2.698600E-5
1.633500E+7,    7.785857E-5,    3.040582E-5
1.634125E+7,    -7.607043E-6,    -7.076934E-5
1.634750E+7,    -2.558343E-5,    5.267747E-5
1.635375E+7,    -4.042685E-5,    3.418885E-5
1.636000E+7,    3.258139E-5,    -6.182492E-5
1.636625E+7,    -7.288903E-5,    6.727502E-5
1.637250E+7,    -1.190491E-4,    8.999556E-5
1.637875E+7,    2.912432E-5,    -5.724095E-5
1.638500E+7,    5.913153E-5,    -7.771701E-5
1.639125E+7,    1.025535E-4,    -3.037229E-5
1.639750E+7,    -4.978664E-5,    4.157238E-5
1.640375E+7,    6.604195E-5,    2.311170E-4
1.641000E+7,    -3.551133E-5,    -1.983345E-5
1.641625E+7,    -1.213998E-4,    -6.360561E-5
1.642250E+7,    -1.730956E-5,    8.489937E-6
1.642875E+7,    -3.729761E-5,    -7.913634E-5
1.643500E+7,    -3.474951E-5,    3.133528E-5
1.644125E+7,    -3.442355E-5,    -1.179241E-5
1.644750E+7,    -7.551536E-5,    7.988885E-5
1.645375E+7,    -2.235174E-7,    2.873968E-5
1.646000E+7,    1.733005E-5,    -8.477829E-6
1.646625E+7,    -6.704777E-5,    3.567338E-5
1.647250E+7,    1.277542E-5,    -1.196330E-5
1.647875E+7,    6.797910E-5,    -1.324341E-5
1.648500E+7,    -1.330860E-6,    2.068095E-5
1.649125E+7,    -1.397077E-5,    1.827255E-5
1.649750E+7,    -1.128763E-5,    -2.312101E-5
1.650375E+7,    -2.716109E-5,    7.342920E-5
1.651000E+7,    1.973808E-4,    6.414950E-5
1.651625E+7,    1.920387E-5,    3.649108E-5
1.652250E+7,    7.960945E-5,    -1.875684E-5
1.652875E+7,    -7.009134E-6,    9.143725E-6
1.653500E+7,    -1.629740E-4,    5.652755E-5
1.654125E+7,    -1.035631E-5,    -6.784685E-7
1.654750E+7,    -3.549457E-5,    -1.993775E-5
1.655375E+7,    -5.789800E-6,    2.817018E-6
1.656000E+7,    -1.377426E-6,    2.070609E-5
1.656625E+7,    1.369789E-5,    1.052301E-5
1.657250E+7,    -2.744049E-5,    -1.298785E-4
1.657875E+7,    5.028397E-5,    3.857166E-5
1.658500E+7,    -8.056313E-5,    9.072572E-5
1.659125E+7,    4.211254E-5,    -5.485117E-5
1.659750E+7,    7.392839E-5,    -1.590699E-5
1.660375E+7,    3.845617E-5,    5.865097E-5
1.661000E+7,    2.456456E-5,    -3.196485E-5
1.661625E+7,    8.293241E-5,    5.539507E-6
1.662250E+7,    1.397282E-4,    -1.106784E-4
1.662875E+7,    7.081404E-5,    5.447492E-5
1.663500E+7,    -4.026294E-5,    -1.037344E-4
1.664125E+7,    4.041195E-5,    8.932501E-5
1.664750E+7,    -1.418591E-4,    1.746267E-4
1.665375E+7,    1.111180E-4,    6.370246E-5
1.666000E+7,    4.081242E-5,    -3.406964E-5
1.666625E+7,    -1.730621E-4,    -9.679794E-5
1.667250E+7,    1.070686E-4,    1.704320E-5
1.667875E+7,    2.010614E-4,    -1.144484E-4
1.668500E+7,    2.556294E-5,    1.509935E-4
1.669125E+7,    -9.341538E-5,    8.803979E-5
1.669750E+7,    -9.048358E-5,    3.220513E-5
1.670375E+7,    -2.935529E-6,    -3.872067E-5
1.671000E+7,    -1.691431E-4,    4.428625E-5
1.671625E+7,    -1.709163E-5,    -1.007281E-4
1.672250E+7,    -3.926456E-6,    -1.270249E-4
1.672875E+7,    1.165979E-4,    9.816140E-6
1.673500E+7,    -1.142174E-5,    -8.829869E-6
1.674125E+7,    -1.387447E-4,    1.698956E-4
1.674750E+7,    1.168624E-4,    6.123632E-5
1.675375E+7,    -1.101010E-5,    4.259124E-5
1.676000E+7,    -1.247972E-6,    6.331364E-6
1.676625E+7,    1.097322E-4,    4.522502E-6
1.677250E+7,    1.601037E-5,    1.236331E-5
1.677875E+7,    -5.664676E-5,    -7.300079E-5
1.678500E+7,    6.705150E-5,    -7.231906E-5
1.679125E+7,    -2.203789E-5,    4.851259E-6
1.679750E+7,    8.310378E-5,    5.900860E-6
1.680375E+7,    -4.054792E-5,    5.103648E-6
1.681000E+7,    6.410480E-5,    3.513321E-5
1.681625E+7,    4.079193E-5,    -1.958199E-5
1.682250E+7,    4.497170E-5,    7.875264E-5
1.682875E+7,    -5.279109E-5,    -2.634153E-5
1.683500E+7,    -4.761107E-5,    1.423992E-5
1.684125E+7,    -7.424131E-5,    1.551956E-5
1.684750E+7,    7.881597E-5,    -1.205876E-5
1.685375E+7,    -8.903444E-6,    -8.746609E-5
1.686000E+7,    4.715286E-5,    1.470186E-5
1.686625E+7,    2.788566E-5,    -7.597730E-6
1.687250E+7,    2.500601E-7,    -1.445971E-5
1.687875E+7,    -1.925230E-5,    4.362687E-5
1.688500E+7,    -1.065386E-5,    1.369556E-5
1.689125E+7,    -1.033917E-4,    2.935156E-5
1.689750E+7,    -4.005432E-5,    -2.388656E-5
1.690375E+7,    8.346140E-5,    1.235679E-4
1.691000E+7,    -1.347624E-5,    4.086271E-5
1.691625E+7,    -2.304092E-5,    -6.928667E-5
1.692250E+7,    -4.161708E-5,    -3.099442E-6
1.692875E+7,    -4.747324E-5,    -2.719462E-7
1.693500E+7,    4.016422E-5,    -4.211627E-5
1.694125E+7,    5.486235E-5,    -8.928031E-5
1.694750E+7,    1.039393E-4,    -4.382804E-5
1.695375E+7,    1.047924E-5,    -6.525218E-5
1.696000E+7,    -2.610497E-5,    -2.772920E-5
1.696625E+7,    8.209050E-5,    6.410480E-5
1.697250E+7,    -3.179535E-5,    2.658926E-5
1.697875E+7,    1.733750E-4,    -3.365427E-5
1.698500E+7,    -8.317828E-5,    4.521012E-5
1.699125E+7,    -2.387017E-4,    -1.001358E-5
1.699750E+7,    -6.011501E-5,    4.859269E-5
1.700375E+7,    -4.478358E-5,    3.848784E-5
1.701000E+7,    1.532882E-4,    -7.872283E-5
1.701625E+7,    -1.335889E-4,    7.218868E-5
1.702250E+7,    5.759299E-5,    -2.714396E-4
1.702875E+7,    -4.882179E-5,    5.954877E-6
1.703500E+7,    -9.144098E-5,    4.626811E-5
1.704125E+7,    1.534820E-5,    4.151464E-5
1.704750E+7,    -8.436292E-5,    -1.452491E-5
1.705375E+7,    -1.512468E-5,    1.133643E-4
1.706000E+7,    9.568781E-5,    -2.812222E-5
1.706625E+7,    -1.081079E-5,    -3.793277E-5
1.707250E+7,    6.422400E-5,    3.561750E-5
1.707875E+7,    -4.651397E-5,    5.929172E-5
1.708500E+7,    -2.278015E-5,    3.372319E-5
1.709125E+7,    2.474803E-5,    -1.744647E-5
1.709750E+7,    9.031594E-5,    6.352365E-5
1.710375E+7,    7.204711E-6,    4.252046E-5
1.711000E+7,    -1.963228E-6,    3.535114E-5
1.711625E+7,    -1.290813E-6,    5.804561E-5
1.712250E+7,    -5.739182E-5,    2.138503E-5
1.712875E+7,    2.445653E-5,    4.871562E-5
1.713500E+7,    2.596527E-6,    -6.434694E-5
1.714125E+7,    -1.729280E-5,    -5.780533E-5
1.714750E+7,    9.460375E-6,    4.432909E-5
1.715375E+7,    2.609007E-5,    2.786517E-5
1.716000E+7,    6.558374E-5,    -2.234802E-5
1.716625E+7,    -2.838857E-5,    2.199039E-5
1.717250E+7,    4.171208E-5,    3.252178E-6
1.717875E+7,    1.338869E-5,    -2.641603E-5
1.718500E+7,    -4.688650E-5,    -8.128583E-5
1.719125E+7,    2.024695E-5,    -2.099946E-5
1.719750E+7,    -2.026651E-5,    2.101250E-5
1.720375E+7,    -8.713454E-5,    -2.130866E-6
1.721000E+7,    -2.026558E-5,    2.103392E-5
1.721625E+7,    -3.250781E-6,    -9.958167E-6
1.722250E+7,    -2.045184E-6,    3.540888E-5
1.722875E+7,    -2.685748E-5,    5.283579E-5
1.723500E+7,    6.529689E-5,    -7.718801E-6
1.724125E+7,    -1.273351E-5,    -2.635177E-6
1.724750E+7,    -4.165620E-5,    -5.508959E-5
1.725375E+7,    -6.445497E-5,    -7.308275E-5
1.726000E+7,    -7.439405E-5,    8.940697E-5
1.726625E+7,    -7.964298E-5,    -2.587214E-5
1.727250E+7,    6.390736E-5,    5.049258E-5
1.727875E+7,    -2.929196E-5,    -3.801286E-5
1.728500E+7,    -2.623536E-5,    2.374407E-5
1.729125E+7,    5.055964E-5,    2.510846E-5
1.729750E+7,    1.608767E-5,    -3.914349E-5
1.730375E+7,    7.150695E-5,    2.687424E-5
1.731000E+7,    -5.888753E-5,    2.760440E-5
1.731625E+7,    -4.544109E-5,    -8.793920E-5
1.732250E+7,    3.568828E-6,    -9.360537E-5
1.732875E+7,    1.311721E-5,    -1.187343E-5
1.733500E+7,    2.053566E-5,    1.624227E-5
1.734125E+7,    -2.719834E-5,    1.558475E-5
1.734750E+7,    -1.538917E-5,    -7.901341E-5
1.735375E+7,    -8.729286E-6,    -2.178270E-5
1.736000E+7,    -5.203113E-5,    -5.612895E-5
1.736625E+7,    4.320964E-5,    -9.205192E-5
1.737250E+7,    -3.468245E-6,    4.182011E-5
1.737875E+7,    4.335865E-5,    3.438443E-5
1.738500E+7,    1.627579E-5,    8.724257E-5
1.739125E+7,    -4.753470E-5,    -5.256757E-5
1.739750E+7,    -1.515895E-4,    -3.858656E-5
1.740375E+7,    -5.341321E-5,    -8.712709E-5
1.741000E+7,    1.403317E-4,    -5.968660E-5
1.741625E+7,    -4.093349E-5,    4.662201E-6
1.742250E+7,    -3.352761E-6,    7.915497E-5
1.742875E+7,    1.409464E-5,    -3.686640E-6
1.743500E+7,    1.717359E-5,    -3.097765E-5
1.744125E+7,    -3.326125E-5,    -1.904927E-5
1.744750E+7,    8.907914E-5,    -1.845509E-5
1.745375E+7,    -2.216920E-5,    4.194118E-5
1.746000E+7,    -1.097471E-5,    -2.363697E-5
1.746625E+7,    -2.230331E-5,    4.597940E-6
1.747250E+7,    3.413484E-5,    -1.010485E-5
1.747875E+7,    3.040396E-5,    -4.285015E-5
1.748500E+7,    -6.396696E-5,    7.572025E-5
1.749125E+7,    -7.133931E-5,    1.221523E-4
1.749750E+7,    -7.119775E-5,    -7.919967E-5
1.750375E+7,    4.465692E-5,    -9.190291E-6
1.751000E+7,    -2.040900E-5,    5.835481E-5
1.751625E+7,    1.074336E-4,    -4.118681E-5
1.752250E+7,    1.683086E-5,    -1.642294E-5
1.752875E+7,    9.519979E-6,    -4.467554E-5
1.753500E+7,    2.480298E-5,    1.093894E-4
1.754125E+7,    -3.658235E-6,    -3.282167E-5
1.754750E+7,    2.091751E-5,    -7.300451E-5
1.755375E+7,    -6.902963E-6,    -1.176484E-4
1.756000E+7,    -6.839167E-6,    -5.461741E-6
1.756625E+7,    -5.101226E-5,    -1.089834E-5
1.757250E+7,    -3.373995E-5,    -4.535541E-6
1.757875E+7,    2.283603E-6,    -7.290021E-5
1.758500E+7,    -6.388873E-6,    -5.747005E-5
1.759125E+7,    -5.931407E-5,    -4.743412E-5
1.759750E+7,    6.292015E-5,    4.281476E-5
1.760375E+7,    4.966743E-5,    -5.744770E-5
1.761000E+7,    -1.685880E-5,    -2.099201E-5
1.761625E+7,    -4.112720E-6,    1.915637E-5
1.762250E+7,    5.145743E-5,    7.112697E-5
1.762875E+7,    8.217990E-6,    -7.566810E-5
1.763500E+7,    -1.732819E-5,    -6.408431E-6
1.764125E+7,    2.042949E-5,    9.126589E-5
1.764750E+7,    -9.031221E-5,    -2.744794E-5
1.765375E+7,    2.190471E-6,    7.670000E-5
1.766000E+7,    -1.557544E-5,    4.745089E-5
1.766625E+7,    7.417053E-6,    -8.399785E-5
1.767250E+7,    7.729232E-5,    -7.291138E-5
1.767875E+7,    8.989871E-5,    4.214048E-5
1.768500E+7,    -1.154095E-5,    6.574392E-5
1.769125E+7,    -1.181662E-5,    -3.198907E-5
1.769750E+7,    7.016957E-5,    7.134676E-5
1.770375E+7,    -6.504357E-6,    5.481951E-5
1.771000E+7,    -5.655736E-5,    -2.297387E-5
1.771625E+7,    1.968909E-5,    -2.917182E-5
1.772250E+7,    5.114637E-5,    1.110323E-5
1.772875E+7,    5.516224E-6,    -2.555829E-5
1.773500E+7,    6.449968E-5,    -3.823265E-5
1.774125E+7,    -5.073287E-5,    1.176260E-5
1.774750E+7,    -1.702383E-4,    -1.685321E-5
1.775375E+7,    9.930879E-5,    -6.280094E-5
1.776000E+7,    3.084913E-5,    5.494058E-5
1.776625E+7,    -1.617521E-5,    6.211922E-5
1.777250E+7,    3.516302E-5,    -9.948388E-5
1.777875E+7,    4.493445E-5,    -4.644878E-5
1.778500E+7,    7.040426E-5,    -3.412366E-6
1.779125E+7,    9.230152E-5,    6.780028E-6
1.779750E+7,    -8.822978E-5,    1.094416E-4
1.780375E+7,    7.203966E-5,    -8.476153E-5
1.781000E+7,    -2.050400E-5,    -1.651980E-5
1.781625E+7,    1.801029E-4,    9.819865E-6
1.782250E+7,    -1.829863E-5,    -1.125038E-4
1.782875E+7,    -4.727393E-6,    3.380701E-5
1.783500E+7,    2.647005E-5,    1.382083E-5
1.784125E+7,    3.385544E-5,    4.699454E-6
1.784750E+7,    4.379079E-5,    -7.757172E-5
1.785375E+7,    8.697435E-5,    -5.088747E-6
1.786000E+7,    -6.016158E-5,    4.175492E-5
1.786625E+7,    -6.539375E-5,    -7.618219E-6
1.787250E+7,    -4.592538E-5,    3.818609E-5
1.787875E+7,    6.495044E-6,    -1.734868E-5
1.788500E+7,    -1.333747E-5,    1.182733E-5
1.789125E+7,    1.612026E-5,    -2.461672E-5
1.789750E+7,    -1.421571E-5,    3.597233E-6
1.790375E+7,    -1.052814E-5,    -9.727664E-7
1.791000E+7,    -1.221150E-4,    -3.086776E-5
1.791625E+7,    -9.419397E-6,    -3.027730E-5
1.792250E+7,    5.191192E-6,    4.944392E-5
1.792875E+7,    -1.302920E-5,    3.468804E-5
1.793500E+7,    1.964346E-5,    8.351170E-6
1.794125E+7,    1.232624E-4,    1.579523E-6
1.794750E+7,    6.155670E-5,    4.985929E-5
1.795375E+7,    -3.189407E-5,    -2.588332E-5
1.796000E+7,    -8.203089E-6,    6.136298E-5
1.796625E+7,    5.377457E-5,    -8.486211E-5
1.797250E+7,    -3.843382E-5,    -8.527189E-6
1.797875E+7,    -6.061792E-5,    -4.167110E-5
1.798500E+7,    5.818158E-5,    -2.020970E-4
1.799125E+7,    -6.351620E-6,    -8.071959E-5
1.799750E+7,    -7.407740E-6,    -5.141273E-5
1.800375E+7,    -5.070679E-5,    3.447197E-5
1.801000E+7,    3.360212E-5,    -1.806952E-5
1.801625E+7,    1.826212E-4,    1.227856E-5
1.802250E+7,    4.850328E-6,    -3.387779E-5
1.802875E+7,    6.348640E-5,    -3.157929E-5
1.803500E+7,    8.771196E-6,    4.498288E-5
1.804125E+7,    9.428710E-5,    -3.688410E-5
1.804750E+7,    1.910180E-4,    7.221103E-5
1.805375E+7,    1.765229E-5,    2.948008E-5
1.806000E+7,    -3.449246E-5,    9.793788E-6
1.806625E+7,    1.030862E-4,    -1.129173E-4
1.807250E+7,    -2.816506E-5,    -3.049895E-5
1.807875E+7,    2.202019E-5,    -5.022995E-5
1.808500E+7,    4.498847E-5,    -8.756295E-6
1.809125E+7,    3.070012E-5,    5.534291E-5
1.809750E+7,    9.463727E-5,    -7.427111E-5
1.810375E+7,    -4.205853E-6,    -4.130602E-5
1.811000E+7,    -5.583093E-5,    -1.518428E-5
1.811625E+7,    -9.419024E-5,    -8.440763E-5
1.812250E+7,    -8.661300E-6,    -1.056455E-4
1.812875E+7,    1.131445E-4,    -3.651157E-5
1.813500E+7,    2.701581E-4,    8.255243E-6
1.814125E+7,    8.041412E-5,    -9.382144E-5
1.814750E+7,    -5.085021E-5,    3.440306E-5
1.815375E+7,    -6.288290E-5,    -4.381686E-5
1.816000E+7,    4.303269E-5,    1.236424E-5
1.816625E+7,    -1.942925E-5,    1.449138E-5
1.817250E+7,    1.166537E-4,    -3.349036E-6
1.817875E+7,    3.586709E-5,    -9.964779E-5
1.818500E+7,    9.130687E-5,    3.660470E-5
1.819125E+7,    1.192689E-4,    -1.456141E-4
1.819750E+7,    5.092286E-5,    -3.436208E-5
1.820375E+7,    1.014024E-5,    -4.486740E-5
1.821000E+7,    -2.023205E-5,    8.978695E-5
1.821625E+7,    -4.731119E-6,    -2.667867E-5
1.822250E+7,    -1.123697E-4,    6.753951E-5
1.822875E+7,    -3.332272E-6,    5.054474E-5
1.823500E+7,    3.767200E-5,    4.675239E-7
1.824125E+7,    3.704987E-5,    1.510605E-5
1.824750E+7,    -5.958602E-5,    -1.085550E-5
1.825375E+7,    1.919642E-5,    4.618615E-5
1.826000E+7,    7.660687E-5,    7.821620E-5
1.826625E+7,    1.364667E-5,    1.119915E-5
1.827250E+7,    -4.200265E-6,    4.221313E-5
1.827875E+7,    1.162663E-5,    -5.131774E-5
1.828500E+7,    -3.188476E-5,    8.047745E-5
1.829125E+7,    2.905168E-5,    -4.469976E-5
1.829750E+7,    1.708418E-5,    6.732345E-5
1.830375E+7,    1.738686E-5,    6.649643E-6
1.831000E+7,    8.945912E-5,    -2.548099E-5
1.831625E+7,    -2.339203E-5,    -3.989786E-6
1.832250E+7,    4.758686E-5,    1.628324E-5
1.832875E+7,    3.230572E-5,    9.508431E-5
1.833500E+7,    1.366809E-5,    -9.551644E-5
1.834125E+7,    -1.935661E-5,    3.742613E-5
1.834750E+7,    -1.032054E-4,    1.419708E-5
1.835375E+7,    9.414554E-5,    -2.175942E-5
1.836000E+7,    -9.313226E-6,    7.621944E-5
1.836625E+7,    6.542727E-5,    -3.772229E-5
1.837250E+7,    3.359467E-5,    -6.389618E-5
1.837875E+7,    -8.576736E-5,    4.386157E-5
1.838500E+7,    8.921698E-5,    -9.452179E-5
1.839125E+7,    1.094416E-4,    -1.234785E-4
1.839750E+7,    7.925183E-5,    -3.468245E-6
1.840375E+7,    -5.385652E-5,    9.308010E-5
1.841000E+7,    -3.194436E-5,    -4.928932E-5
1.841625E+7,    3.464893E-5,    -9.611249E-6
1.842250E+7,    3.241561E-5,    -1.149997E-5
1.842875E+7,    4.937500E-5,    5.605072E-5
1.843500E+7,    1.465902E-5,    6.559864E-5
1.844125E+7,    8.568168E-8,    2.302229E-5
1.844750E+7,    -3.003329E-5,    -1.165494E-4
1.845375E+7,    3.707968E-5,    1.530349E-5
1.846000E+7,    -1.967419E-5,    -8.593313E-6
1.846625E+7,    1.544878E-5,    -7.896125E-5
1.847250E+7,    -1.335517E-6,    5.246513E-5
1.847875E+7,    2.083555E-5,    -6.688759E-5
1.848500E+7,    3.172085E-5,    3.280118E-6
1.849125E+7,    2.096407E-5,    -4.387833E-5
1.849750E+7,    -1.448952E-5,    -4.262477E-5
1.850375E+7,    -2.506375E-5,    -4.372373E-5
1.851000E+7,    8.537248E-5,    1.704693E-5
1.851625E+7,    -3.505126E-5,    -8.255243E-5
1.852250E+7,    6.506592E-5,    2.324581E-5
1.852875E+7,    8.380786E-5,    4.842877E-7
1.853500E+7,    8.477643E-5,    3.185868E-5
1.854125E+7,    -1.559258E-4,    -1.215339E-4
1.854750E+7,    3.760308E-5,    -6.848946E-5
1.855375E+7,    2.861023E-5,    -5.297177E-5
1.856000E+7,    -4.797429E-5,    -1.317784E-4