SAVED BY: 
TITLE: 
COMMENTS: 
DATE: 10/27/2020
TIME: 3:21 PM

STIMULUS, REAL, IMAGINARY

8.560000E+6,    -8.545816E-6,    -1.409128E-4
8.566250E+6,    1.007318E-5,    -1.787245E-4
8.572500E+6,    -8.970499E-6,    -1.722649E-4
8.578750E+6,    -3.576279E-7,    -1.755282E-4
8.585000E+6,    1.987070E-5,    -1.539290E-4
8.591250E+6,    4.857779E-6,    -1.881048E-4
8.597500E+6,    -2.913177E-6,    -1.723915E-4
8.603750E+6,    -1.243502E-5,    -1.691133E-4
8.610000E+6,    5.908310E-6,    -1.600310E-4
8.616250E+6,    8.061528E-6,    -1.819804E-4
8.622500E+6,    -1.218915E-5,    -1.719669E-4
8.628750E+6,    -9.432435E-6,    -1.941398E-4
8.635000E+6,    9.357929E-6,    -1.695082E-4
8.641250E+6,    -3.527850E-5,    -1.743957E-4
8.647500E+6,    -3.136694E-6,    -1.785085E-4
8.653750E+6,    -2.190471E-5,    -1.715943E-4
8.660000E+6,    -2.352893E-5,    -1.684949E-4
8.666250E+6,    -1.324713E-5,    -1.753196E-4
8.672500E+6,    -7.964671E-6,    -1.532882E-4
8.678750E+6,    -2.654642E-5,    -1.808256E-4
8.685000E+6,    -2.086163E-5,    -1.779124E-4
8.691250E+6,    -2.136081E-5,    -1.778901E-4
8.697500E+6,    -7.420778E-6,    -1.752898E-4
8.703750E+6,    -3.326684E-5,    -1.864880E-4
8.710000E+6,    -9.119511E-6,    -1.910850E-4
8.716250E+6,    -1.735985E-5,    -1.904964E-4
8.722500E+6,    -2.177805E-5,    -1.809001E-4
8.728750E+6,    -7.048249E-6,    -1.627579E-4
8.735000E+6,    -2.043694E-5,    -1.682863E-4
8.741250E+6,    -2.227724E-6,    -1.759827E-4
8.747500E+6,    -1.552701E-5,    -1.623333E-4
8.753750E+6,    -1.990795E-5,    -1.713634E-4
8.760000E+6,    -3.635883E-6,    -1.756400E-4
8.766250E+6,    -2.177060E-5,    -1.870692E-4
8.772500E+6,    -1.460314E-5,    -1.874492E-4
8.778750E+6,    -3.098696E-5,    -1.672730E-4
8.785000E+6,    -2.948940E-5,    -1.892969E-4
8.791250E+6,    -1.738966E-5,    -1.842231E-4
8.797500E+6,    -8.918345E-6,    -1.879483E-4
8.803750E+6,    -1.204759E-5,    -2.005175E-4
8.810000E+6,    -1.072139E-5,    -1.659542E-4
8.816250E+6,    -1.555681E-5,    -1.939982E-4
8.822500E+6,    -1.262128E-5,    -2.004653E-4
8.828750E+6,    -2.823770E-6,    -1.889467E-4
8.835000E+6,    -1.330674E-5,    -1.814663E-4
8.841250E+6,    -1.637638E-5,    -1.747310E-4
8.847500E+6,    -2.127886E-5,    -2.027825E-4
8.853750E+6,    -2.215058E-5,    -2.027452E-4
8.860000E+6,    -3.276765E-5,    -1.951307E-4
8.866250E+6,    -2.007931E-5,    -1.901388E-4
8.872500E+6,    -2.562255E-5,    -1.769140E-4
8.878750E+6,    -1.645833E-5,    -1.809746E-4
8.885000E+6,    -1.844764E-5,    -1.778156E-4
8.891250E+6,    -2.161413E-5,    -1.900271E-4
8.897500E+6,    -2.663583E-5,    -1.769066E-4
8.903750E+6,    -1.480430E-5,    -1.908615E-4
8.910000E+6,    -6.973743E-6,    -1.920611E-4
8.916250E+6,    -1.435727E-5,    -1.941994E-4
8.922500E+6,    -3.142655E-5,    -2.110898E-4
8.928750E+6,    -1.224875E-5,    -2.042800E-4
8.935000E+6,    -2.885610E-5,    -1.987815E-4
8.941250E+6,    -2.300739E-5,    -2.186745E-4
8.947500E+6,    -1.638383E-5,    -2.166480E-4
8.953750E+6,    -2.685189E-5,    -1.862720E-4
8.960000E+6,    -1.738966E-5,    -1.717061E-4
8.966250E+6,    -4.462898E-5,    -2.027154E-4
8.972500E+6,    -2.624094E-5,    -1.927763E-4
8.978750E+6,    -3.449619E-6,    -1.962408E-4
8.985000E+6,    -1.480430E-5,    -1.848787E-4
8.991250E+6,    -1.510233E-5,    -2.074391E-4
8.997500E+6,    -3.471971E-5,    -1.944676E-4
9.003750E+6,    -4.693866E-7,    -1.874268E-4
9.010000E+6,    -2.549589E-5,    -2.023280E-4
9.016250E+6,    -3.322959E-5,    -2.013072E-4
9.022500E+6,    -8.240342E-6,    -1.896545E-4
9.028750E+6,    -2.878904E-5,    -1.958162E-4
9.035000E+6,    -5.364418E-6,    -2.030209E-4
9.041250E+6,    -1.467764E-5,    -2.237856E-4
9.047500E+6,    -3.060699E-5,    -1.954958E-4
9.053750E+6,    -3.082305E-5,    -1.953840E-4
9.060000E+6,    -3.126264E-5,    -1.950786E-4
9.066250E+6,    -1.858175E-5,    -2.168864E-4
9.072500E+6,    -3.576279E-5,    -2.072453E-4
9.078750E+6,    -2.600253E-5,    -2.187490E-4
9.085000E+6,    -1.379848E-5,    -2.117008E-4
9.091250E+6,    -1.615286E-5,    -2.049804E-4
9.097500E+6,    -1.339614E-5,    -1.894757E-4
9.103750E+6,    -5.275011E-5,    -2.070665E-4
9.110000E+6,    -3.203750E-5,    -2.050847E-4
9.116250E+6,    -2.743304E-5,    -2.219230E-4
9.122500E+6,    -2.510101E-5,    -2.064407E-4
9.128750E+6,    -2.718717E-5,    -1.994520E-4
9.135000E+6,    -4.105270E-5,    -2.064705E-4
9.141250E+6,    -3.754348E-5,    -1.944080E-4
9.147500E+6,    -4.357100E-5,    -1.993477E-4
9.153750E+6,    -3.923476E-5,    -2.162904E-4
9.160000E+6,    -3.404915E-5,    -2.112836E-4
9.166250E+6,    -2.907217E-5,    -2.314746E-4
9.172500E+6,    -1.655519E-5,    -1.958683E-4
9.178750E+6,    -2.272427E-5,    -2.332777E-4
9.185000E+6,    -2.545118E-5,    -1.939088E-4
9.191250E+6,    -2.938509E-5,    -2.093464E-4
9.197500E+6,    -4.494190E-5,    -2.057254E-4
9.203750E+6,    -5.343556E-5,    -2.036840E-4
9.210000E+6,    -5.084276E-5,    -2.173781E-4
9.216250E+6,    -3.248453E-5,    -2.055764E-4
9.222500E+6,    -2.580881E-5,    -2.331287E-4
9.228750E+6,    -2.127886E-5,    -2.278239E-4
9.235000E+6,    -2.878904E-5,    -2.261102E-4
9.241250E+6,    -4.500151E-5,    -2.188832E-4
9.247500E+6,    -2.714992E-5,    -2.039373E-4
9.253750E+6,    -2.834946E-5,    -2.003610E-4
9.260000E+6,    -3.273785E-5,    -2.157241E-4
9.266250E+6,    -4.062057E-5,    -2.169013E-4
9.272500E+6,    -4.664063E-5,    -2.254248E-4
9.278750E+6,    -3.638864E-5,    -2.410412E-4
9.285000E+6,    -5.356967E-5,    -2.299994E-4
9.291250E+6,    -5.994737E-5,    -2.348721E-4
9.297500E+6,    -1.908839E-5,    -2.260953E-4
9.303750E+6,    -3.682077E-5,    -2.152324E-4
9.310000E+6,    -3.333390E-5,    -2.325177E-4
9.316250E+6,    -4.003942E-5,    -2.375096E-4
9.322500E+6,    -3.062189E-5,    -2.136678E-4
9.328750E+6,    -4.287064E-5,    -2.301186E-4
9.335000E+6,    -1.013279E-5,    -2.165958E-4
9.341250E+6,    -3.401935E-5,    -2.425015E-4
9.347500E+6,    -3.507733E-5,    -2.389550E-4
9.353750E+6,    -5.121529E-5,    -2.310574E-4
9.360000E+6,    -4.118681E-5,    -2.079010E-4
9.366250E+6,    -3.838539E-5,    -2.284348E-4
9.372500E+6,    -4.012883E-5,    -2.215654E-4
9.378750E+6,    -3.877282E-5,    -2.350509E-4
9.385000E+6,    -4.848838E-5,    -2.223849E-4
9.391250E+6,    -3.880262E-5,    -2.383441E-4
9.397500E+6,    -4.018843E-5,    -2.314895E-4
9.403750E+6,    -1.740456E-5,    -2.425015E-4
9.410000E+6,    -3.498793E-5,    -2.266765E-4
9.416250E+6,    -2.013147E-5,    -2.348870E-4
9.422500E+6,    -4.434586E-5,    -2.206862E-4
9.428750E+6,    -4.974008E-5,    -2.323985E-4
9.435000E+6,    -4.267693E-5,    -2.377927E-4
9.441250E+6,    -3.522635E-5,    -2.402365E-4
9.447500E+6,    -4.947186E-5,    -2.457201E-4
9.453750E+6,    -3.537536E-5,    -2.473891E-4
9.460000E+6,    -5.197525E-5,    -2.351999E-4
9.466250E+6,    -5.295873E-5,    -2.314150E-4
9.472500E+6,    -6.684661E-5,    -2.402067E-4
9.478750E+6,    -4.449487E-5,    -2.477467E-4
9.485000E+6,    -4.476309E-5,    -2.512932E-4
9.491250E+6,    -4.470348E-5,    -2.511442E-4
9.497500E+6,    -4.488230E-5,    -2.579987E-4
9.503750E+6,    -4.881620E-5,    -2.332926E-4
9.510000E+6,    -3.126264E-5,    -2.597570E-4
9.516250E+6,    -6.061792E-5,    -2.560019E-4
9.522500E+6,    -5.632639E-5,    -2.411902E-4
9.528750E+6,    -3.546476E-5,    -2.420843E-4
9.535000E+6,    -2.822280E-5,    -2.414882E-4
9.541250E+6,    -5.632639E-5,    -2.481341E-4
9.547500E+6,    -5.772710E-5,    -2.475381E-4
9.553750E+6,    -7.864833E-5,    -2.568960E-4
9.560000E+6,    -3.921986E-5,    -2.314150E-4
9.566250E+6,    -4.354119E-5,    -2.601445E-4
9.572500E+6,    -5.155802E-5,    -2.502799E-4
9.578750E+6,    -4.664063E-5,    -2.386868E-4
9.585000E+6,    -4.494190E-5,    -2.633333E-4
9.591250E+6,    -4.592538E-5,    -2.596974E-4
9.597500E+6,    -3.266335E-5,    -2.545416E-4
9.603750E+6,    -7.522106E-5,    -2.619028E-4
9.610000E+6,    -5.424023E-5,    -2.600849E-4
9.616250E+6,    -5.540252E-5,    -2.528727E-4
9.622500E+6,    -4.181266E-5,    -2.550185E-4
9.628750E+6,    -7.173419E-5,    -2.467632E-4
9.635000E+6,    -5.719066E-5,    -2.523959E-4
9.641250E+6,    -6.520748E-5,    -2.561212E-4
9.647500E+6,    -3.638864E-5,    -2.610683E-4
9.653750E+6,    -5.814433E-5,    -2.590418E-4
9.660000E+6,    -4.386902E-5,    -2.685189E-4
9.666250E+6,    -4.491210E-5,    -2.649724E-4
9.672500E+6,    -6.076694E-5,    -2.517402E-4
9.678750E+6,    -6.091595E-5,    -2.515614E-4
9.685000E+6,    -6.699562E-5,    -2.731979E-4
9.691250E+6,    -6.052852E-5,    -2.691746E-4
9.697500E+6,    -5.453825E-5,    -2.615154E-4
9.703750E+6,    -4.774332E-5,    -2.646148E-4
9.710000E+6,    -3.504753E-5,    -2.494454E-4
9.716250E+6,    -4.896522E-5,    -2.677441E-4
9.722500E+6,    -3.674626E-5,    -2.491176E-4
9.728750E+6,    -6.410480E-5,    -2.646148E-4
9.735000E+6,    -7.987022E-5,    -2.582967E-4
9.741250E+6,    -5.012751E-5,    -2.815425E-4
9.747500E+6,    -5.215406E-5,    -2.672374E-4
9.753750E+6,    -5.900860E-5,    -2.815723E-4
9.760000E+6,    -8.797646E-5,    -2.861917E-4
9.766250E+6,    -6.780028E-5,    -2.677143E-4
9.772500E+6,    -3.901124E-5,    -2.874732E-4
9.778750E+6,    -5.415082E-5,    -2.846420E-4
9.785000E+6,    -5.477667E-5,    -2.773702E-4
9.791250E+6,    -6.985664E-5,    -2.776086E-4
9.797500E+6,    -8.514524E-5,    -2.496541E-4
9.803750E+6,    -5.638599E-5,    -2.805591E-4
9.810000E+6,    -5.063415E-5,    -2.697110E-4
9.816250E+6,    -5.051494E-5,    -2.767146E-4
9.822500E+6,    -5.888939E-5,    -2.554953E-4
9.828750E+6,    -6.574392E-5,    -2.945662E-4
9.835000E+6,    -6.049871E-5,    -2.797544E-4
9.841250E+6,    -6.759167E-5,    -2.730489E-4
9.847500E+6,    -7.465482E-5,    -2.944171E-4
9.853750E+6,    -6.094575E-5,    -2.939999E-4
9.860000E+6,    -7.572770E-5,    -2.903342E-4
9.866250E+6,    -4.148483E-5,    -2.867579E-4
9.872500E+6,    -7.772446E-5,    -2.688169E-4
9.878750E+6,    -5.638599E-5,    -2.864003E-4
9.885000E+6,    -6.449223E-5,    -2.968907E-4
9.891250E+6,    -6.514788E-5,    -2.969205E-4
9.897500E+6,    -5.844235E-5,    -2.719760E-4
9.903750E+6,    -6.589293E-5,    -3.178716E-4
9.910000E+6,    -8.791685E-5,    -2.997816E-4
9.916250E+6,    -9.545684E-5,    -2.889037E-4
9.922500E+6,    -5.397201E-5,    -2.963841E-4
9.928750E+6,    -9.036064E-5,    -2.890527E-4
9.935000E+6,    -6.964803E-5,    -2.963841E-4
9.941250E+6,    -5.608797E-5,    -2.927184E-4
9.947500E+6,    -5.626678E-5,    -2.891421E-4
9.953750E+6,    -6.490946E-5,    -3.135204E-4
9.960000E+6,    -6.595254E-5,    -3.241897E-4
9.966250E+6,    -7.161498E-5,    -2.883375E-4
9.972500E+6,    -5.915761E-5,    -2.849996E-4
9.978750E+6,    -1.021624E-4,    -2.978742E-4
9.985000E+6,    -7.382035E-5,    -2.948642E-4
9.991250E+6,    -7.611513E-5,    -3.125668E-4
9.997500E+6,    -6.929040E-5,    -3.158450E-4
1.000375E+7,    -6.970763E-5,    -3.053546E-4
1.001000E+7,    -7.671118E-5,    -3.051460E-4
1.001625E+7,    -7.030368E-5,    -3.017485E-4
1.002250E+7,    -7.879734E-5,    -3.009140E-4
1.002875E+7,    -7.936358E-5,    -3.115535E-4
1.003500E+7,    -7.939339E-5,    -2.936423E-4
1.004125E+7,    -9.390712E-5,    -2.963841E-4
1.004750E+7,    -7.310510E-5,    -2.942383E-4
1.005375E+7,    -7.539988E-5,    -3.148317E-4
1.006000E+7,    -7.551908E-5,    -3.040135E-4
1.006625E+7,    -7.638335E-5,    -3.183782E-4
1.007250E+7,    -9.900331E-5,    -3.200173E-4
1.007875E+7,    -9.810925E-5,    -2.986789E-4
1.008500E+7,    -9.199977E-5,    -3.063679E-4
1.009125E+7,    -8.636713E-5,    -3.282428E-4
1.009750E+7,    -9.423494E-5,    -3.128946E-4
1.010375E+7,    -8.791685E-5,    -3.092885E-4
1.011000E+7,    -8.288026E-5,    -3.311336E-4
1.011625E+7,    -9.703636E-5,    -3.302395E-4
1.012250E+7,    -8.165836E-5,    -3.065169E-4
1.012875E+7,    -7.602572E-5,    -3.173649E-4
1.013500E+7,    -8.395314E-5,    -3.162026E-4
1.014125E+7,    -9.340048E-5,    -3.368855E-4
1.014750E+7,    -9.942055E-5,    -3.110170E-4
1.015375E+7,    -8.648634E-5,    -3.120899E-4
1.016000E+7,    -8.818507E-5,    -3.225207E-4
1.016625E+7,    -8.797646E-5,    -3.224313E-4
1.017250E+7,    -8.937716E-5,    -3.366470E-4
1.017875E+7,    -1.132488E-4,    -3.487766E-4
1.018500E+7,    -8.904934E-5,    -3.152192E-4
1.019125E+7,    -9.217858E-5,    -3.359914E-4
1.019750E+7,    -7.748604E-5,    -3.228486E-4
1.020375E+7,    -1.022518E-4,    -3.420115E-4
1.021000E+7,    -8.642673E-5,    -3.328919E-4
1.021625E+7,    -9.554625E-5,    -3.462136E-4
1.022250E+7,    -7.373095E-5,    -3.230274E-4
1.022875E+7,    -1.051724E-4,    -3.480017E-4
1.023500E+7,    -7.560849E-5,    -3.371239E-4
1.024125E+7,    -1.144409E-4,    -3.503561E-4
1.024750E+7,    -1.123548E-4,    -3.324747E-4
1.025375E+7,    -8.833408E-5,    -3.571510E-4
1.026000E+7,    -9.545684E-5,    -3.487170E-4
1.026625E+7,    -1.071692E-4,    -3.293157E-4
1.027250E+7,    -1.025498E-4,    -3.441870E-4
1.027875E+7,    -9.483099E-5,    -3.308952E-4
1.028500E+7,    -1.134574E-4,    -3.571808E-4
1.029125E+7,    -9.146333E-5,    -3.489256E-4
1.029750E+7,    -1.261532E-4,    -3.365576E-4
1.030375E+7,    -1.031160E-4,    -3.689528E-4
1.031000E+7,    -9.599328E-5,    -3.624856E-4
1.031625E+7,    -1.032352E-4,    -3.611445E-4
1.032250E+7,    -7.441640E-5,    -3.511012E-4
1.032875E+7,    -1.044571E-4,    -3.500879E-4
1.033500E+7,    -1.210272E-4,    -3.620386E-4
1.034125E+7,    -1.057386E-4,    -3.569126E-4
1.034750E+7,    -1.292825E-4,    -3.641844E-4
1.035375E+7,    -1.235604E-4,    -3.685355E-4
1.036000E+7,    -1.005828E-4,    -3.500879E-4
1.036625E+7,    -1.106560E-4,    -3.667474E-4
1.037250E+7,    -1.165271E-4,    -3.581941E-4
1.037875E+7,    -1.181960E-4,    -3.544688E-4
1.038500E+7,    -1.029968E-4,    -3.462732E-4
1.039125E+7,    -1.002848E-4,    -3.679395E-4
1.039750E+7,    -1.229048E-4,    -3.716350E-4
1.040375E+7,    -1.179576E-4,    -3.792644E-4
1.041000E+7,    -1.249909E-4,    -3.710389E-4
1.041625E+7,    -1.392961E-4,    -3.678203E-4
1.042250E+7,    -1.178980E-4,    -3.648996E-4
1.042875E+7,    -1.285076E-4,    -3.734827E-4
1.043500E+7,    -9.837747E-5,    -3.681183E-4
1.044125E+7,    -1.129806E-4,    -3.689528E-4
1.044750E+7,    -1.207590E-4,    -3.964305E-4
1.045375E+7,    -1.293421E-4,    -3.659129E-4
1.046000E+7,    -1.261830E-4,    -3.804564E-4
1.046625E+7,    -1.139045E-4,    -3.865957E-4
1.047250E+7,    -1.317859E-4,    -3.648996E-4
1.047875E+7,    -1.271963E-4,    -3.732443E-4
1.048500E+7,    -1.078844E-4,    -3.841519E-4
1.049125E+7,    -1.236200E-4,    -3.844500E-4
1.049750E+7,    -1.208186E-4,    -3.999472E-4
1.050375E+7,    -1.137853E-4,    -3.934503E-4
1.051000E+7,    -1.137257E-4,    -3.902316E-4
1.051625E+7,    -1.330376E-4,    -4.113913E-4
1.052250E+7,    -1.418591E-4,    -3.833771E-4
1.052875E+7,    -1.106858E-4,    -4.014969E-4
1.053500E+7,    -1.322627E-4,    -3.964901E-4
1.054125E+7,    -1.353621E-4,    -4.065633E-4
1.054750E+7,    -1.096725E-4,    -3.868937E-4
1.055375E+7,    -1.320839E-4,    -4.107356E-4
1.056000E+7,    -1.325607E-4,    -4.110336E-4
1.056625E+7,    -1.493692E-4,    -4.138350E-4
1.057250E+7,    -1.450777E-4,    -3.967285E-4
1.057875E+7,    -1.549125E-4,    -4.014373E-4
1.058500E+7,    -1.176000E-4,    -3.963113E-4
1.059125E+7,    -1.397133E-4,    -4.234314E-4
1.059750E+7,    -1.094341E-4,    -4.161596E-4
1.060375E+7,    -1.477599E-4,    -4.176497E-4
1.061000E+7,    -1.467466E-4,    -4.071593E-4
1.061625E+7,    -1.336932E-4,    -4.432201E-4
1.062250E+7,    -1.431704E-4,    -4.186034E-4
1.062875E+7,    -1.437664E-4,    -4.144907E-4
1.063500E+7,    -1.464486E-4,    -4.208684E-4
1.064125E+7,    -1.597404E-4,    -4.107952E-4
1.064750E+7,    -1.502037E-4,    -4.280210E-4
1.065375E+7,    -1.460314E-4,    -4.396439E-4
1.066000E+7,    -1.515746E-4,    -4.276037E-4
1.066625E+7,    -1.628399E-4,    -4.385710E-4
1.067250E+7,    -1.288056E-4,    -4.185438E-4
1.067875E+7,    -1.504421E-4,    -4.421473E-4
1.068500E+7,    -1.421571E-4,    -4.330277E-4
1.069125E+7,    -1.546144E-4,    -4.446507E-4
1.069750E+7,    -1.558661E-4,    -4.481673E-4
1.070375E+7,    -1.285076E-4,    -4.519820E-4
1.071000E+7,    -1.459718E-4,    -4.323125E-4
1.071625E+7,    -1.590252E-4,    -4.503727E-4
1.072250E+7,    -1.605153E-4,    -4.501939E-4
1.072875E+7,    -1.586676E-4,    -4.391670E-4
1.073500E+7,    -1.690984E-4,    -4.472136E-4
1.074125E+7,    -1.498461E-4,    -4.750490E-4
1.074750E+7,    -1.616478E-4,    -4.378557E-4
1.075375E+7,    -1.850724E-4,    -4.648566E-4
1.076000E+7,    -1.755953E-4,    -4.526973E-4
1.076625E+7,    -1.696944E-4,    -4.577041E-4
1.077250E+7,    -1.689792E-4,    -4.729629E-4
1.077875E+7,    -1.551509E-4,    -4.732013E-4
1.078500E+7,    -1.518726E-4,    -4.562140E-4
1.079125E+7,    -1.710057E-4,    -4.649758E-4
1.079750E+7,    -1.893640E-4,    -4.513264E-4
1.080375E+7,    -1.707673E-4,    -4.796982E-4
1.081000E+7,    -1.674891E-4,    -4.512668E-4
1.081625E+7,    -1.698136E-4,    -4.763603E-4
1.082250E+7,    -1.727343E-4,    -4.567504E-4
1.082875E+7,    -1.859665E-4,    -4.709959E-4
1.083500E+7,    -1.617670E-4,    -4.642010E-4
1.084125E+7,    -1.654029E-4,    -4.935861E-4
1.084750E+7,    -1.578331E-4,    -4.881620E-4
1.085375E+7,    -1.798272E-4,    -4.842281E-4
1.086000E+7,    -2.047420E-4,    -4.873872E-4
1.086625E+7,    -1.988411E-4,    -4.853606E-4
1.087250E+7,    -1.579523E-4,    -4.731417E-4
1.087875E+7,    -2.130270E-4,    -4.802346E-4
1.088500E+7,    -1.706481E-4,    -4.836917E-4
1.089125E+7,    -1.844764E-4,    -4.979968E-4
1.089750E+7,    -1.837015E-4,    -4.904270E-4
1.090375E+7,    -1.785755E-4,    -4.966855E-4
1.091000E+7,    -1.800656E-4,    -4.807711E-4
1.091625E+7,    -1.802444E-4,    -4.958510E-4
1.092250E+7,    -1.872778E-4,    -4.894137E-4
1.092875E+7,    -1.957417E-4,    -5.129576E-4
1.093500E+7,    -1.658201E-4,    -5.085468E-4
1.094125E+7,    -2.039671E-4,    -5.021691E-4
1.094750E+7,    -1.870394E-4,    -4.935265E-4
1.095375E+7,    -1.887679E-4,    -5.192161E-4
1.096000E+7,    -1.973510E-4,    -5.164742E-4
1.096625E+7,    -2.048612E-4,    -5.291700E-4
1.097250E+7,    -1.847744E-4,    -5.174279E-4
1.097875E+7,    -1.987815E-4,    -5.307794E-4
1.098500E+7,    -1.768470E-4,    -5.093813E-4
1.099125E+7,    -2.325773E-4,    -5.332828E-4
1.099750E+7,    -2.045631E-4,    -5.175471E-4
1.100375E+7,    -2.290606E-4,    -5.352497E-4
1.101000E+7,    -2.087355E-4,    -5.194545E-4
1.101625E+7,    -1.994371E-4,    -5.309582E-4
1.102250E+7,    -2.008677E-4,    -5.491376E-4
1.102875E+7,    -2.157092E-4,    -5.246997E-4
1.103500E+7,    -1.999736E-4,    -5.390644E-4
1.104125E+7,    -2.111793E-4,    -5.496144E-4
1.104750E+7,    -2.004504E-4,    -5.543232E-4
1.105375E+7,    -2.331734E-4,    -5.556345E-4
1.106000E+7,    -2.281070E-4,    -5.386472E-4
1.106625E+7,    -2.340674E-4,    -5.517006E-4
1.107250E+7,    -2.166629E-4,    -5.477667E-4
1.107875E+7,    -2.343059E-4,    -5.639195E-4
1.108500E+7,    -2.359152E-4,    -5.599856E-4
1.109125E+7,    -2.214313E-4,    -5.426407E-4
1.109750E+7,    -2.392530E-4,    -5.621314E-4
1.110375E+7,    -2.328157E-4,    -5.654693E-4
1.111000E+7,    -2.283454E-4,    -5.517602E-4
1.111625E+7,    -2.353787E-4,    -5.832314E-4
1.112250E+7,    -2.519488E-4,    -5.609989E-4
1.112875E+7,    -2.186894E-4,    -5.689263E-4
1.113500E+7,    -2.517104E-4,    -5.702376E-4
1.114125E+7,    -2.272129E-4,    -5.853176E-4
1.114750E+7,    -2.486110E-4,    -5.801320E-4
1.115375E+7,    -2.604723E-4,    -5.951524E-4
1.116000E+7,    -2.250075E-4,    -5.861521E-4
1.116625E+7,    -2.313852E-4,    -5.970597E-4
1.117250E+7,    -2.502203E-4,    -6.166101E-4
1.117875E+7,    -2.647042E-4,    -5.964637E-4
1.118500E+7,    -2.285242E-4,    -6.154180E-4
1.119125E+7,    -2.376437E-4,    -6.188154E-4
1.119750E+7,    -2.655983E-4,    -6.144643E-4
1.120375E+7,    -2.633333E-4,    -6.390214E-4
1.121000E+7,    -2.723336E-4,    -6.493330E-4
1.121625E+7,    -2.775788E-4,    -6.716251E-4
1.122250E+7,    -2.937317E-4,    -6.928444E-4
1.122875E+7,    -3.073215E-4,    -7.320642E-4
1.123500E+7,    -2.957582E-4,    -8.095503E-4
1.124125E+7,    -3.333092E-4,    -7.910728E-4
1.124750E+7,    -3.197193E-4,    -8.233786E-4
1.125375E+7,    -3.497601E-4,    -8.009672E-4
1.126000E+7,    -3.378391E-4,    -7.996559E-4
1.126625E+7,    -3.058910E-4,    -7.731915E-4
1.127250E+7,    -3.364086E-4,    -8.702278E-4
1.127875E+7,    -3.150702E-4,    -7.916689E-4
1.128500E+7,    -3.439188E-4,    -8.108616E-4
1.129125E+7,    -3.377199E-4,    -7.516146E-4
1.129750E+7,    -2.927780E-4,    -6.943941E-4
1.130375E+7,    -3.318787E-4,    -7.419586E-4
1.131000E+7,    -3.411770E-4,    -7.802248E-4
1.131625E+7,    -3.304482E-4,    -7.716417E-4
1.132250E+7,    -3.643036E-4,    -7.947683E-4
1.132875E+7,    -3.284216E-4,    -7.787943E-4
1.133500E+7,    -3.381968E-4,    -8.087158E-4
1.134125E+7,    -3.367662E-4,    -7.675886E-4
1.134750E+7,    -3.314018E-4,    -7.551908E-4
1.135375E+7,    -3.196001E-4,    -7.770061E-4
1.136000E+7,    -3.309250E-4,    -7.325411E-4
1.136625E+7,    -3.606081E-4,    -7.798672E-4
1.137250E+7,    -3.683567E-4,    -8.167028E-4
1.137875E+7,    -3.855228E-4,    -8.131266E-4
1.138500E+7,    -3.924370E-4,    -8.057356E-4
1.139125E+7,    -3.536940E-4,    -7.705688E-4
1.139750E+7,    -3.670454E-4,    -7.826090E-4
1.140375E+7,    -3.520250E-4,    -7.557869E-4
1.141000E+7,    -3.284216E-4,    -7.628202E-4
1.141625E+7,    -3.564358E-4,    -7.658005E-4
1.142250E+7,    -3.631115E-4,    -7.884502E-4
1.142875E+7,    -3.672838E-4,    -8.275509E-4
1.143500E+7,    -3.389120E-4,    -8.206367E-4
1.144125E+7,    -3.975630E-4,    -8.225441E-4
1.144750E+7,    -4.010201E-4,    -8.744001E-4
1.145375E+7,    -4.103184E-4,    -8.896589E-4
1.146000E+7,    -3.987551E-4,    -8.813143E-4
1.146625E+7,    -4.376173E-4,    -9.468794E-4
1.147250E+7,    -3.991127E-4,    -9.089708E-4
1.147875E+7,    -4.218817E-4,    -8.635521E-4
1.148500E+7,    -4.289150E-4,    -9.000301E-4
1.149125E+7,    -4.576445E-4,    -9.853840E-4
1.149750E+7,    -4.091263E-4,    -1.021862E-3
1.150375E+7,    -4.364252E-4,    -9.819269E-4
1.151000E+7,    -4.669428E-4,    -9.896755E-4
1.151625E+7,    -4.413128E-4,    -9.846687E-4
1.152250E+7,    -4.261732E-4,    -9.742975E-4
1.152875E+7,    -4.514456E-4,    -9.316206E-4
1.153500E+7,    -4.487038E-4,    -8.690357E-4
1.154125E+7,    -4.986525E-4,    -1.001000E-3
1.154750E+7,    -4.556179E-4,    -1.049757E-3
1.155375E+7,    -4.701614E-4,    -9.876490E-4
1.156000E+7,    -4.812479E-4,    -1.150846E-3
1.156625E+7,    -4.693270E-4,    -1.167178E-3
1.157250E+7,    -4.845858E-4,    -1.131773E-3
1.157875E+7,    -5.855560E-4,    -1.159072E-3
1.158500E+7,    -5.449057E-4,    -1.287341E-3
1.159125E+7,    -4.942417E-4,    -1.133204E-3
1.159750E+7,    -4.317760E-4,    -1.156330E-3
1.160375E+7,    -5.658865E-4,    -1.200914E-3
1.161000E+7,    -5.303621E-4,    -1.189828E-3
1.161625E+7,    -5.941391E-4,    -1.319408E-3
1.162250E+7,    -6.039143E-4,    -1.364708E-3
1.162875E+7,    -5.471706E-4,    -1.625776E-3
1.163500E+7,    -4.317760E-4,    -1.801968E-3
1.164125E+7,    -1.668930E-4,    -2.056837E-3
1.164750E+7,    2.412796E-4,    -2.342939E-3
1.165375E+7,    -3.361702E-5,    -2.239704E-3
1.166000E+7,    4.639626E-4,    -2.108097E-3
1.166625E+7,    9.803772E-4,    -2.202511E-3
1.167250E+7,    1.134157E-3,    -1.972914E-3
1.167875E+7,    1.167536E-3,    -2.004623E-3
1.168500E+7,    1.188993E-3,    -1.983643E-3
1.169125E+7,    1.113415E-3,    -2.016306E-3
1.169750E+7,    1.161575E-3,    -2.078295E-3
1.170375E+7,    1.161337E-3,    -2.049446E-3
1.171000E+7,    1.190186E-3,    -2.093077E-3
1.171625E+7,    1.198053E-3,    -2.070904E-3
1.172250E+7,    1.236439E-3,    -2.096415E-3
1.172875E+7,    1.181841E-3,    -2.161741E-3
1.173500E+7,    1.176596E-3,    -2.153158E-3
1.174125E+7,    1.250505E-3,    -2.157450E-3
1.174750E+7,    1.256227E-3,    -2.169132E-3
1.175375E+7,    1.211405E-3,    -2.166748E-3
1.176000E+7,    1.267672E-3,    -2.213955E-3
1.176625E+7,    1.198530E-3,    -2.241850E-3
1.177250E+7,    1.226187E-3,    -2.229452E-3
1.177875E+7,    1.268387E-3,    -2.281189E-3
1.178500E+7,    1.264334E-3,    -2.287865E-3
1.179125E+7,    1.277208E-3,    -2.347946E-3
1.179750E+7,    1.299858E-3,    -2.321005E-3
1.180375E+7,    1.229048E-3,    -2.355099E-3
1.181000E+7,    1.229286E-3,    -2.320051E-3
1.181625E+7,    1.202345E-3,    -2.339125E-3
1.182250E+7,    1.283169E-3,    -2.390146E-3
1.182875E+7,    1.267433E-3,    -2.486944E-3
1.183500E+7,    1.318693E-3,    -2.455235E-3
1.184125E+7,    1.311064E-3,    -2.510548E-3
1.184750E+7,    1.306534E-3,    -2.505302E-3
1.185375E+7,    1.317978E-3,    -2.576828E-3
1.186000E+7,    1.361847E-3,    -2.561569E-3
1.186625E+7,    1.363277E-3,    -2.579927E-3
1.187250E+7,    1.387835E-3,    -2.596617E-3
1.187875E+7,    1.344204E-3,    -2.619028E-3
1.188500E+7,    1.363993E-3,    -2.671242E-3
1.189125E+7,    1.359940E-3,    -2.681732E-3
1.189750E+7,    1.395226E-3,    -2.719879E-3
1.190375E+7,    1.388073E-3,    -2.718449E-3
1.191000E+7,    1.435518E-3,    -2.740622E-3
1.191625E+7,    1.390219E-3,    -2.818346E-3
1.192250E+7,    1.427889E-3,    -2.778530E-3
1.192875E+7,    1.402140E-3,    -2.819538E-3
1.193500E+7,    1.414537E-3,    -2.830029E-3
1.194125E+7,    1.465321E-3,    -2.888441E-3
1.194750E+7,    1.427412E-3,    -2.904892E-3
1.195375E+7,    1.510859E-3,    -2.917767E-3
1.196000E+7,    1.517773E-3,    -2.939939E-3
1.196625E+7,    1.533985E-3,    -2.946854E-3
1.197250E+7,    1.485586E-3,    -2.991438E-3
1.197875E+7,    1.493216E-3,    -3.043413E-3
1.198500E+7,    1.530409E-3,    -3.059626E-3
1.199125E+7,    1.488209E-3,    -3.107071E-3
1.199750E+7,    1.436234E-3,    -3.079414E-3
1.200375E+7,    1.493931E-3,    -3.167391E-3
1.201000E+7,    1.507282E-3,    -3.213882E-3
1.201625E+7,    1.457691E-3,    -3.238678E-3
1.202250E+7,    1.534462E-3,    -3.225803E-3
1.202875E+7,    1.498699E-3,    -3.260851E-3
1.203500E+7,    1.534462E-3,    -3.306627E-3
1.204125E+7,    1.502037E-3,    -3.263235E-3
1.204750E+7,    1.516342E-3,    -3.320932E-3
1.205375E+7,    1.588345E-3,    -3.330946E-3
1.206000E+7,    1.505375E-3,    -3.292322E-3
1.206625E+7,    1.499176E-3,    -3.451109E-3
1.207250E+7,    1.609325E-3,    -3.487587E-3
1.207875E+7,    1.550913E-3,    -3.463984E-3
1.208500E+7,    1.523972E-3,    -3.468990E-3
1.209125E+7,    1.492500E-3,    -3.495216E-3
1.209750E+7,    1.545668E-3,    -3.494978E-3
1.210375E+7,    1.560450E-3,    -3.555298E-3
1.211000E+7,    1.560450E-3,    -3.619432E-3
1.211625E+7,    1.572847E-3,    -3.626108E-3
1.212250E+7,    1.505852E-3,    -3.623962E-3
1.212875E+7,    1.576662E-3,    -3.710032E-3
1.213500E+7,    1.558781E-3,    -3.715515E-3
1.214125E+7,    1.620531E-3,    -3.784418E-3
1.214750E+7,    1.653671E-3,    -3.782272E-3
1.215375E+7,    1.663208E-3,    -3.826141E-3
1.216000E+7,    1.633644E-3,    -3.857851E-3
1.216625E+7,    1.634359E-3,    -3.915071E-3
1.217250E+7,    1.674175E-3,    -3.975868E-3
1.217875E+7,    1.671791E-3,    -3.983021E-3
1.218500E+7,    1.712799E-3,    -4.006386E-3
1.219125E+7,    1.698494E-3,    -4.066467E-3
1.219750E+7,    1.698017E-3,    -4.132271E-3
1.220375E+7,    1.719952E-3,    -4.199028E-3
1.221000E+7,    1.732826E-3,    -4.206657E-3
1.221625E+7,    1.829624E-3,    -4.269600E-3
1.222250E+7,    1.820564E-3,    -4.287720E-3
1.222875E+7,    1.772404E-3,    -4.344940E-3
1.223500E+7,    1.791477E-3,    -4.465103E-3
1.224125E+7,    1.797676E-3,    -4.484653E-3
1.224750E+7,    1.818657E-3,    -4.522324E-3
1.225375E+7,    1.863956E-3,    -4.549980E-3
1.226000E+7,    1.840115E-3,    -4.583836E-3
1.226625E+7,    1.846790E-3,    -4.647732E-3
1.227250E+7,    1.929283E-3,    -4.717827E-3
1.227875E+7,    1.877308E-3,    -4.807472E-3
1.228500E+7,    1.896858E-3,    -4.841805E-3
1.229125E+7,    1.971722E-3,    -4.949093E-3
1.229750E+7,    1.923084E-3,    -4.969597E-3
1.230375E+7,    1.977444E-3,    -5.006790E-3
1.231000E+7,    2.011299E-3,    -5.098343E-3
1.231625E+7,    2.027512E-3,    -5.171299E-3
1.232250E+7,    2.048016E-3,    -5.209446E-3
1.232875E+7,    2.101421E-3,    -5.288124E-3
1.233500E+7,    2.024174E-3,    -5.340099E-3
1.234125E+7,    2.135754E-3,    -5.412102E-3
1.234750E+7,    2.073765E-3,    -5.487442E-3
1.235375E+7,    2.097607E-3,    -5.535603E-3
1.236000E+7,    2.174377E-3,    -5.637169E-3
1.236625E+7,    2.196789E-3,    -5.701065E-3
1.237250E+7,    2.173424E-3,    -5.735874E-3
1.237875E+7,    2.230167E-3,    -5.862236E-3
1.238500E+7,    2.244949E-3,    -5.924702E-3
1.239125E+7,    2.255440E-3,    -6.019115E-3
1.239750E+7,    2.273560E-3,    -6.082535E-3
1.240375E+7,    2.272606E-3,    -6.178856E-3
1.241000E+7,    2.348423E-3,    -6.238461E-3
1.241625E+7,    2.399445E-3,    -6.348610E-3
1.242250E+7,    2.434254E-3,    -6.410599E-3
1.242875E+7,    2.429485E-3,    -6.536007E-3
1.243500E+7,    2.420425E-3,    -6.644726E-3
1.244125E+7,    2.485752E-3,    -6.707668E-3
1.244750E+7,    2.547741E-3,    -6.817341E-3
1.245375E+7,    2.562046E-3,    -6.874084E-3
1.246000E+7,    2.557278E-3,    -7.013321E-3
1.246625E+7,    2.629757E-3,    -7.137299E-3
1.247250E+7,    2.681255E-3,    -7.194996E-3
1.247875E+7,    2.680302E-3,    -7.248878E-3
1.248500E+7,    2.734184E-3,    -7.411957E-3
1.249125E+7,    2.706051E-3,    -7.602215E-3
1.249750E+7,    2.744675E-3,    -7.620811E-3
1.250375E+7,    2.833366E-3,    -7.830143E-3
1.251000E+7,    2.861977E-3,    -7.881165E-3
1.251625E+7,    2.956390E-3,    -8.008957E-3
1.252250E+7,    2.945900E-3,    -8.144379E-3
1.252875E+7,    2.959251E-3,    -8.299828E-3
1.253500E+7,    2.977371E-3,    -8.363724E-3
1.254125E+7,    3.040314E-3,    -8.561134E-3
1.254750E+7,    3.034592E-3,    -8.708000E-3
1.255375E+7,    3.141403E-3,    -8.820534E-3
1.256000E+7,    3.163338E-3,    -8.975029E-3
1.256625E+7,    3.224373E-3,    -9.167671E-3
1.257250E+7,    3.307343E-3,    -9.317398E-3
1.257875E+7,    3.315926E-3,    -9.474754E-3
1.258500E+7,    3.406525E-3,    -9.593010E-3
1.259125E+7,    3.458023E-3,    -9.788513E-3
1.259750E+7,    3.449440E-3,    -9.988785E-3
1.260375E+7,    3.485680E-3,    -1.017857E-2
1.261000E+7,    3.447533E-3,    -1.032829E-2
1.261625E+7,    3.593445E-3,    -1.065922E-2
1.262250E+7,    3.665924E-3,    -1.074314E-2
1.262875E+7,    3.352165E-3,    -1.137829E-2
1.263500E+7,    3.716469E-3,    -1.104736E-2
1.264125E+7,    3.837585E-3,    -1.139641E-2
1.264750E+7,    3.900528E-3,    -1.173878E-2
1.265375E+7,    3.952980E-3,    -1.185894E-2
1.266000E+7,    3.859520E-3,    -1.219273E-2
1.266625E+7,    4.001617E-3,    -1.232958E-2
1.267250E+7,    1.228333E-3,    -1.336575E-2
1.267875E+7,    2.495766E-3,    -1.363087E-2
1.268500E+7,    1.193047E-3,    -1.435852E-2
1.269125E+7,    2.910614E-3,    -1.429749E-2
1.269750E+7,    4.273415E-3,    -1.350498E-2
1.270375E+7,    -2.713203E-4,    -1.409197E-2
1.271000E+7,    1.169205E-3,    -1.625824E-2
1.271625E+7,    4.630089E-3,    -1.458931E-2
1.272250E+7,    4.710674E-3,    -1.489449E-2
1.272875E+7,    4.773140E-3,    -1.525736E-2
1.273500E+7,    4.609108E-3,    -1.594448E-2
1.274125E+7,    4.899979E-3,    -1.610088E-2
1.274750E+7,    4.816055E-3,    -1.669502E-2
1.275375E+7,    5.119324E-3,    -1.676846E-2
1.276000E+7,    4.189491E-3,    -1.749229E-2
1.276625E+7,    1.991272E-3,    -1.818752E-2
1.277250E+7,    -3.692627E-3,    -1.326180E-2
1.277875E+7,    -5.773544E-3,    -1.668358E-2
1.278500E+7,    -3.099442E-3,    -2.003098E-2
1.279125E+7,    -4.873276E-4,    -2.136517E-2
1.279750E+7,    3.936768E-3,    -2.035046E-2
1.280375E+7,    -2.994537E-3,    -1.982975E-2
1.281000E+7,    -8.148193E-3,    -1.689148E-2
1.281625E+7,    -7.031441E-3,    -2.291012E-2
1.282250E+7,    -7.646561E-3,    -2.282429E-2
1.282875E+7,    8.640289E-4,    -2.412033E-2
1.283500E+7,    -1.084232E-2,    -2.008343E-2
1.284125E+7,    5.409241E-3,    -2.664280E-2
1.284750E+7,    6.320953E-3,    -2.651501E-2
1.285375E+7,    4.357338E-3,    -2.828598E-2
1.286000E+7,    4.436493E-3,    -2.842140E-2
1.286625E+7,    4.149437E-3,    -3.020096E-2
1.287250E+7,    5.330086E-3,    -3.067017E-2
1.287875E+7,    6.889343E-3,    -3.047752E-2
1.288500E+7,    5.003929E-3,    -3.116035E-2
1.289125E+7,    2.681732E-3,    -3.454590E-2
1.289750E+7,    -2.050400E-3,    -3.510857E-2
1.290375E+7,    3.870010E-3,    -3.509903E-2
1.291000E+7,    1.314163E-3,    -3.679657E-2
1.291625E+7,    -7.934570E-4,    -3.967476E-2
1.292250E+7,    -4.995346E-3,    -3.522873E-2
1.292875E+7,    -2.799988E-3,    -3.984070E-2
1.293500E+7,    -1.827812E-2,    -3.269958E-2
1.294125E+7,    -1.402473E-2,    -3.737640E-2
1.294750E+7,    -1.838684E-2,    -2.880859E-2
1.295375E+7,    -1.800919E-2,    -1.878166E-2
1.296000E+7,    -1.577950E-2,    -1.426220E-2
1.296625E+7,    -1.572514E-2,    -1.369190E-2
1.297250E+7,    -1.665401E-2,    -1.430321E-2
1.297875E+7,    -1.735687E-2,    -1.462746E-2
1.298500E+7,    -1.808167E-2,    -1.498032E-2
1.299125E+7,    -1.899338E-2,    -1.545715E-2
1.299750E+7,    -1.994705E-2,    -1.584625E-2
1.300375E+7,    -2.108765E-2,    -1.637268E-2
1.301000E+7,    -2.227402E-2,    -1.690483E-2
1.301625E+7,    -2.344704E-2,    -1.737213E-2
1.302250E+7,    -2.494812E-2,    -1.802063E-2
1.302875E+7,    -2.644920E-2,    -1.849747E-2
1.303500E+7,    -2.814674E-2,    -1.910973E-2
1.304125E+7,    -2.995682E-2,    -1.957321E-2
1.304750E+7,    -3.195000E-2,    -2.014923E-2
1.305375E+7,    -3.409004E-2,    -2.066040E-2
1.306000E+7,    -3.650093E-2,    -2.109718E-2
1.306625E+7,    -3.934288E-2,    -2.160263E-2
1.307250E+7,    -4.234123E-2,    -2.193642E-2
1.307875E+7,    -4.605865E-2,    -2.234268E-2
1.308500E+7,    -4.986954E-2,    -2.233887E-2
1.309125E+7,    -5.424118E-2,    -2.233505E-2
1.309750E+7,    -5.894852E-2,    -2.177429E-2
1.310375E+7,    -6.431961E-2,    -2.077866E-2
1.311000E+7,    -7.035828E-2,    -1.926804E-2
1.311625E+7,    -7.711411E-2,    -1.685715E-2
1.312250E+7,    -8.480835E-2,    -1.333237E-2
1.312875E+7,    -9.296036E-2,    -8.438110E-3
1.313500E+7,    -1.013069E-1,    -1.419067E-3
1.314125E+7,    -1.091080E-1,    7.984161E-3
1.314750E+7,    -1.166878E-1,    2.015305E-2
1.315375E+7,    -1.233711E-1,    3.578568E-2
1.316000E+7,    -1.259079E-1,    5.357361E-2
1.316625E+7,    -1.231689E-1,    7.217026E-2
1.317250E+7,    -1.147995E-1,    9.052277E-2
1.317875E+7,    -1.031647E-1,    1.072769E-1
1.318500E+7,    -8.723450E-2,    1.193161E-1
1.319125E+7,    -7.008362E-2,    1.271820E-1
1.319750E+7,    -5.287170E-2,    1.287537E-1
1.320375E+7,    -3.668213E-2,    1.283112E-1
1.321000E+7,    -2.410889E-2,    1.264954E-1
1.321625E+7,    -1.277924E-2,    1.201706E-1
1.322250E+7,    -3.692627E-3,    1.146393E-1
1.322875E+7,    3.631592E-3,    1.097183E-1
1.323500E+7,    9.513855E-3,    1.050568E-1
1.324125E+7,    1.421356E-2,    1.005554E-1
1.324750E+7,    1.839447E-2,    9.799194E-2
1.325375E+7,    2.132416E-2,    9.483337E-2
1.326000E+7,    2.402496E-2,    8.961487E-2
1.326625E+7,    2.593231E-2,    8.615112E-2
1.327250E+7,    2.783966E-2,    8.286285E-2
1.327875E+7,    2.970123E-2,    8.053589E-2
1.328500E+7,    3.054810E-2,    7.685852E-2
1.329125E+7,    3.186798E-2,    7.559967E-2
1.329750E+7,    3.265381E-2,    7.300568E-2
1.330375E+7,    3.357697E-2,    7.007599E-2
1.331000E+7,    3.540802E-2,    6.990051E-2
1.331625E+7,    3.600311E-2,    6.827545E-2
1.332250E+7,    3.759766E-2,    6.817627E-2
1.332875E+7,    3.669357E-2,    6.486130E-2
1.333500E+7,    3.686523E-2,    6.137085E-2
1.334125E+7,    3.679276E-2,    5.958939E-2
1.334750E+7,    3.742218E-2,    5.787277E-2
1.335375E+7,    3.877640E-2,    5.785751E-2
1.336000E+7,    3.881836E-2,    5.688858E-2
1.336625E+7,    3.950500E-2,    5.514145E-2
1.337250E+7,    4.050446E-2,    5.533981E-2
1.337875E+7,    4.101944E-2,    5.404663E-2
1.338500E+7,    4.156494E-2,    5.302811E-2
1.339125E+7,    4.322433E-2,    5.310822E-2
1.339750E+7,    4.380798E-2,    5.228043E-2
1.340375E+7,    4.457855E-2,    5.123138E-2
1.341000E+7,    4.573822E-2,    5.081177E-2
1.341625E+7,    4.751968E-2,    5.094528E-2
1.342250E+7,    4.889297E-2,    5.047226E-2
1.342875E+7,    5.088043E-2,    5.040359E-2
1.343500E+7,    5.308914E-2,    5.043411E-2
1.344125E+7,    5.444717E-2,    4.968262E-2
1.344750E+7,    5.694199E-2,    4.947662E-2
1.345375E+7,    5.925751E-2,    4.921341E-2
1.346000E+7,    6.186676E-2,    4.856110E-2
1.346625E+7,    6.523514E-2,    4.833984E-2
1.347250E+7,    6.915665E-2,    4.812241E-2
1.347875E+7,    7.230377E-2,    4.703140E-2
1.348500E+7,    7.559967E-2,    4.528046E-2
1.349125E+7,    7.971191E-2,    4.381180E-2
1.349750E+7,    8.457565E-2,    4.188156E-2
1.350375E+7,    9.032440E-2,    3.961182E-2
1.351000E+7,    9.527588E-2,    3.604126E-2
1.351625E+7,    1.005859E-1,    3.167725E-2
1.352250E+7,    1.064529E-1,    2.615356E-2
1.352875E+7,    1.121902E-1,    1.942444E-2
1.353500E+7,    1.180878E-1,    1.065826E-2
1.354125E+7,    1.221123E-1,    8.201599E-4
1.354750E+7,    1.253052E-1,    -1.095581E-2
1.355375E+7,    1.262131E-1,    -2.383423E-2
1.356000E+7,    1.247253E-1,    -3.796005E-2
1.356625E+7,    1.197281E-1,    -5.162048E-2
1.357250E+7,    1.119537E-1,    -6.467438E-2
1.357875E+7,    1.017685E-1,    -7.482910E-2
1.358500E+7,    8.980560E-2,    -8.273315E-2
1.359125E+7,    7.740784E-2,    -8.769226E-2
1.359750E+7,    6.504059E-2,    -9.024811E-2
1.360375E+7,    5.360413E-2,    -9.059143E-2
1.361000E+7,    4.331970E-2,    -8.872986E-2
1.361625E+7,    3.411102E-2,    -8.583832E-2
1.362250E+7,    2.646637E-2,    -8.235931E-2
1.362875E+7,    2.033997E-2,    -7.811737E-2
1.363500E+7,    1.507568E-2,    -7.426453E-2
1.364125E+7,    1.068115E-2,    -7.025146E-2
1.364750E+7,    7.164001E-3,    -6.601715E-2
1.365375E+7,    4.203796E-3,    -6.222916E-2
1.366000E+7,    2.017975E-3,    -5.864334E-2
1.366625E+7,    7.629395E-5,    -5.541229E-2
1.367250E+7,    -1.461029E-3,    -5.233765E-2
1.367875E+7,    -2.765656E-3,    -4.941940E-2
1.368500E+7,    -3.730774E-3,    -4.668045E-2
1.369125E+7,    -4.535675E-3,    -4.414368E-2
1.369750E+7,    -5.153656E-3,    -4.182053E-2
1.370375E+7,    -5.680084E-3,    -3.961945E-2
1.371000E+7,    -6.095886E-3,    -3.769302E-2
1.371625E+7,    -6.423950E-3,    -3.589630E-2
1.372250E+7,    -6.740570E-3,    -3.422165E-2
1.372875E+7,    -6.923676E-3,    -3.269196E-2
1.373500E+7,    -7.076263E-3,    -3.124619E-2
1.374125E+7,    -7.152557E-3,    -2.988434E-2
1.374750E+7,    -7.217407E-3,    -2.860641E-2
1.375375E+7,    -7.316589E-3,    -2.745056E-2
1.376000E+7,    -7.286072E-3,    -2.640152E-2
1.376625E+7,    -7.293701E-3,    -2.534485E-2
1.377250E+7,    -7.278442E-3,    -2.439117E-2
1.377875E+7,    -7.261276E-3,    -2.350998E-2
1.378500E+7,    -7.217407E-3,    -2.268028E-2
1.379125E+7,    -7.188797E-3,    -2.185822E-2
1.379750E+7,    -7.131577E-3,    -2.113914E-2
1.380375E+7,    -7.120132E-3,    -2.040482E-2
1.381000E+7,    -7.043839E-3,    -1.973343E-2
1.381625E+7,    -6.958008E-3,    -1.911163E-2
1.382250E+7,    -6.885529E-3,    -1.852989E-2
1.382875E+7,    -6.832123E-3,    -1.797676E-2
1.383500E+7,    -6.763458E-3,    -1.746750E-2
1.384125E+7,    -6.692886E-3,    -1.697922E-2
1.384750E+7,    -6.610870E-3,    -1.646614E-2
1.385375E+7,    -6.565094E-3,    -1.603889E-2
1.386000E+7,    -6.494522E-3,    -1.556396E-2
1.386625E+7,    -6.443024E-3,    -1.517296E-2
1.387250E+7,    -6.343842E-3,    -1.478577E-2
1.387875E+7,    -6.296158E-3,    -1.443481E-2
1.388500E+7,    -6.202698E-3,    -1.408005E-2
1.389125E+7,    -6.156921E-3,    -1.377487E-2
1.389750E+7,    -6.063461E-3,    -1.341438E-2
1.390375E+7,    -6.023407E-3,    -1.312065E-2
1.391000E+7,    -5.933762E-3,    -1.284027E-2
1.391625E+7,    -5.897522E-3,    -1.254272E-2
1.392250E+7,    -5.834579E-3,    -1.227379E-2
1.392875E+7,    -5.805969E-3,    -1.202393E-2
1.393500E+7,    -5.739212E-3,    -1.177025E-2
1.394125E+7,    -5.699158E-3,    -1.156998E-2
1.394750E+7,    -5.642891E-3,    -1.132488E-2
1.395375E+7,    -5.586624E-3,    -1.111317E-2
1.396000E+7,    -5.529404E-3,    -1.091957E-2
1.396625E+7,    -5.502701E-3,    -1.072216E-2
1.397250E+7,    -5.486488E-3,    -1.052952E-2
1.397875E+7,    -5.435467E-3,    -1.035070E-2
1.398500E+7,    -5.379677E-3,    -1.018476E-2
1.399125E+7,    -5.352974E-3,    -1.002741E-2
1.399750E+7,    -5.313873E-3,    -9.866238E-3
1.400375E+7,    -5.292892E-3,    -9.727955E-3
1.401000E+7,    -5.270481E-3,    -9.584904E-3
1.401625E+7,    -5.238533E-3,    -9.449482E-3
1.402250E+7,    -5.218506E-3,    -9.324074E-3
1.402875E+7,    -5.193710E-3,    -9.219646E-3
1.403500E+7,    -5.174637E-3,    -9.057045E-3
1.404125E+7,    -5.158424E-3,    -8.970737E-3
1.404750E+7,    -5.084038E-3,    -8.839130E-3
1.405375E+7,    -5.100250E-3,    -8.761883E-3
1.406000E+7,    -5.070210E-3,    -8.698940E-3
1.406625E+7,    -5.078793E-3,    -8.559227E-3
1.407250E+7,    -5.076885E-3,    -8.489609E-3
1.407875E+7,    -5.052567E-3,    -8.409023E-3
1.408500E+7,    -5.067348E-3,    -8.347988E-3
1.409125E+7,    -5.070210E-3,    -8.276939E-3
1.409750E+7,    -5.043983E-3,    -8.210182E-3
1.410375E+7,    -5.073547E-3,    -8.134842E-3
1.411000E+7,    -5.074978E-3,    -8.082867E-3
1.411625E+7,    -5.091667E-3,    -8.036613E-3
1.412250E+7,    -5.121231E-3,    -7.983208E-3
1.412875E+7,    -5.128384E-3,    -7.908821E-3
1.413500E+7,    -5.143166E-3,    -7.922173E-3
1.414125E+7,    -5.156517E-3,    -7.874012E-3
1.414750E+7,    -5.173683E-3,    -7.816315E-3
1.415375E+7,    -5.212784E-3,    -7.806778E-3
1.416000E+7,    -5.247116E-3,    -7.771492E-3
1.416625E+7,    -5.297184E-3,    -7.758617E-3
1.417250E+7,    -5.315304E-3,    -7.744789E-3
1.417875E+7,    -5.381107E-3,    -7.761002E-3
1.418500E+7,    -5.420685E-3,    -7.746220E-3
1.419125E+7,    -5.481720E-3,    -7.769108E-3
1.419750E+7,    -5.569935E-3,    -7.754326E-3
1.420375E+7,    -5.630016E-3,    -7.780075E-3
1.421000E+7,    -5.730152E-3,    -7.810593E-3
1.421625E+7,    -5.787849E-3,    -7.824421E-3
1.422250E+7,    -5.892277E-3,    -7.840157E-3
1.422875E+7,    -5.981445E-3,    -7.899761E-3
1.423500E+7,    -6.121635E-3,    -7.938385E-3
1.424125E+7,    -6.243706E-3,    -8.010864E-3
1.424750E+7,    -6.367683E-3,    -8.055687E-3
1.425375E+7,    -6.531239E-3,    -8.146286E-3
1.426000E+7,    -6.680012E-3,    -8.209229E-3
1.426625E+7,    -6.904125E-3,    -8.304596E-3
1.427250E+7,    -7.096291E-3,    -8.362770E-3
1.427875E+7,    -7.315636E-3,    -8.493423E-3
1.428500E+7,    -7.550240E-3,    -8.595467E-3
1.429125E+7,    -7.849693E-3,    -8.710861E-3
1.429750E+7,    -8.161545E-3,    -8.859634E-3
1.430375E+7,    -8.527756E-3,    -9.004593E-3
1.431000E+7,    -8.932114E-3,    -9.157181E-3
1.431625E+7,    -9.381294E-3,    -9.347916E-3
1.432250E+7,    -9.906769E-3,    -9.541512E-3
1.432875E+7,    -1.052475E-2,    -9.680748E-3
1.433500E+7,    -1.117802E-2,    -9.924889E-3
1.434125E+7,    -1.200008E-2,    -1.010990E-2
1.434750E+7,    -1.292133E-2,    -1.028061E-2
1.435375E+7,    -1.403809E-2,    -1.045799E-2
1.436000E+7,    -1.533508E-2,    -1.056194E-2
1.436625E+7,    -1.694870E-2,    -1.054096E-2
1.437250E+7,    -1.882172E-2,    -1.037979E-2
1.437875E+7,    -2.109337E-2,    -9.902000E-3
1.438500E+7,    -2.377510E-2,    -9.050369E-3
1.439125E+7,    -2.689171E-2,    -7.299423E-3
1.439750E+7,    -3.021812E-2,    -4.352570E-3
1.440375E+7,    -3.326988E-2,    2.880096E-4
1.441000E+7,    -3.487396E-2,    6.759644E-3
1.441625E+7,    -3.380966E-2,    1.436234E-2
1.442250E+7,    -2.947140E-2,    2.129745E-2
1.442875E+7,    -2.278042E-2,    2.565956E-2
1.443500E+7,    -1.582432E-2,    2.677536E-2
1.444125E+7,    -1.003933E-2,    2.562046E-2
1.444750E+7,    -5.814552E-3,    2.341557E-2
1.445375E+7,    -2.935410E-3,    2.097130E-2
1.446000E+7,    -1.016617E-3,    1.859093E-2
1.446625E+7,    1.869202E-4,    1.649094E-2
1.447250E+7,    1.017094E-3,    1.461077E-2
1.447875E+7,    1.507282E-3,    1.304960E-2
1.448500E+7,    1.793385E-3,    1.172161E-2
1.449125E+7,    2.007961E-3,    1.055336E-2
1.449750E+7,    2.120972E-3,    9.552479E-3
1.450375E+7,    2.136230E-3,    8.727074E-3
1.451000E+7,    2.150536E-3,    7.959843E-3
1.451625E+7,    2.128601E-3,    7.318497E-3
1.452250E+7,    2.081871E-3,    6.725788E-3
1.452875E+7,    2.016068E-3,    6.218433E-3
1.453500E+7,    1.987457E-3,    5.745173E-3
1.454125E+7,    1.893044E-3,    5.365372E-3
1.454750E+7,    1.827717E-3,    4.979134E-3
1.455375E+7,    1.762867E-3,    4.643679E-3
1.456000E+7,    1.722574E-3,    4.360914E-3
1.456625E+7,    1.641989E-3,    4.082441E-3
1.457250E+7,    1.581669E-3,    3.836870E-3
1.457875E+7,    1.513481E-3,    3.606319E-3
1.458500E+7,    1.461506E-3,    3.397465E-3
1.459125E+7,    1.397133E-3,    3.211737E-3
1.459750E+7,    1.370907E-3,    3.054619E-3
1.460375E+7,    1.293659E-3,    2.893925E-3
1.461000E+7,    1.264930E-3,    2.730727E-3
1.461625E+7,    1.213312E-3,    2.588391E-3
1.462250E+7,    1.185536E-3,    2.485991E-3
1.462875E+7,    1.119375E-3,    2.345204E-3
1.463500E+7,    1.076102E-3,    2.218127E-3
1.464125E+7,    1.024365E-3,    2.091527E-3
1.464750E+7,    1.008511E-3,    2.010822E-3
1.465375E+7,    9.692907E-4,    1.934767E-3
1.466000E+7,    9.338856E-4,    1.832008E-3
1.466625E+7,    9.096861E-4,    1.770854E-3
1.467250E+7,    8.932352E-4,    1.665473E-3
1.467875E+7,    8.289814E-4,    1.615644E-3
1.468500E+7,    8.045435E-4,    1.529574E-3
1.469125E+7,    7.742643E-4,    1.469374E-3
1.469750E+7,    7.557869E-4,    1.403332E-3
1.470375E+7,    7.336140E-4,    1.353979E-3
1.471000E+7,    7.044077E-4,    1.308918E-3
1.471625E+7,    6.816983E-4,    1.244366E-3
1.472250E+7,    6.715655E-4,    1.187086E-3
1.472875E+7,    6.327033E-4,    1.172006E-3
1.473500E+7,    6.301403E-4,    1.092076E-3
1.474125E+7,    5.945563E-4,    1.064539E-3
1.474750E+7,    5.881190E-4,    1.009941E-3
1.475375E+7,    5.578399E-4,    9.921789E-4
1.476000E+7,    5.361438E-4,    9.548664E-4
1.476625E+7,    5.136728E-4,    9.204745E-4
1.477250E+7,    5.069375E-4,    8.904934E-4
1.477875E+7,    4.870296E-4,    8.625984E-4
1.478500E+7,    4.644394E-4,    8.192658E-4
1.479125E+7,    4.638433E-4,    8.030534E-4
1.479750E+7,    4.452467E-4,    7.609129E-4
1.480375E+7,    4.488826E-4,    7.294416E-4
1.481000E+7,    4.290342E-4,    6.948709E-4
1.481625E+7,    3.958941E-4,    6.907582E-4
1.482250E+7,    4.073977E-4,    6.672740E-4
1.482875E+7,    3.970265E-4,    6.463528E-4
1.483500E+7,    3.763437E-4,    6.260276E-4
1.484125E+7,    3.701150E-4,    6.115139E-4
1.484750E+7,    3.463030E-4,    5.836487E-4
1.485375E+7,    3.421903E-4,    5.613267E-4
1.486000E+7,    3.359020E-4,    5.325973E-4
1.486625E+7,    2.990663E-4,    5.309582E-4
1.487250E+7,    3.041625E-4,    5.224049E-4
1.487875E+7,    3.037751E-4,    4.841685E-4
1.488500E+7,    2.977848E-4,    4.622936E-4
1.489125E+7,    3.001690E-4,    4.698336E-4
1.489750E+7,    2.711713E-4,    4.359782E-4
1.490375E+7,    2.698898E-4,    4.436076E-4
1.491000E+7,    2.701879E-4,    4.350543E-4
1.491625E+7,    2.671182E-4,    4.284084E-4
1.492250E+7,    2.481043E-4,    3.942251E-4
1.492875E+7,    2.292991E-4,    3.895760E-4
1.493500E+7,    2.341866E-4,    3.807545E-4
1.494125E+7,    2.477467E-4,    3.783703E-4
1.494750E+7,    2.230704E-4,    3.298521E-4
1.495375E+7,    2.093017E-4,    3.330708E-4
1.496000E+7,    2.226830E-4,    3.369451E-4
1.496625E+7,    2.181232E-4,    3.075898E-4
1.497250E+7,    2.107918E-4,    3.162026E-4
1.497875E+7,    1.982450E-4,    3.258288E-4
1.498500E+7,    2.051890E-4,    3.018677E-4
1.499125E+7,    1.990646E-4,    3.028065E-4
1.499750E+7,    1.863390E-4,    2.760291E-4
1.500375E+7,    1.764148E-4,    2.773255E-4
1.501000E+7,    1.541078E-4,    2.364814E-4
1.501625E+7,    1.713932E-4,    2.632290E-4
1.502250E+7,    1.446009E-4,    2.389252E-4
1.502875E+7,    1.610070E-4,    2.575070E-4
1.503500E+7,    1.679212E-4,    2.333224E-4
1.504125E+7,    1.422167E-4,    2.317131E-4
1.504750E+7,    1.541078E-4,    2.137870E-4
1.505375E+7,    1.532435E-4,    1.910925E-4
1.506000E+7,    1.446009E-4,    1.850873E-4
1.506625E+7,    1.483262E-4,    1.990348E-4
1.507250E+7,    1.222789E-4,    1.827478E-4
1.507875E+7,    1.138747E-4,    1.918375E-4
1.508500E+7,    1.247674E-4,    1.884997E-4
1.509125E+7,    1.062006E-4,    1.853704E-4
1.509750E+7,    1.349747E-4,    1.621991E-4
1.510375E+7,    9.645522E-5,    1.878291E-4
1.511000E+7,    1.248717E-4,    1.647174E-4
1.511625E+7,    1.115501E-4,    1.678765E-4
1.512250E+7,    1.010001E-4,    1.706332E-4
1.512875E+7,    1.022965E-4,    1.316443E-4
1.513500E+7,    1.171678E-4,    1.426190E-4
1.514125E+7,    1.054034E-4,    1.380816E-4
1.514750E+7,    7.865578E-5,    1.379997E-4
1.515375E+7,    9.744614E-5,    1.479909E-4
1.516000E+7,    1.093000E-4,    1.213998E-4
1.516625E+7,    8.659065E-5,    1.202598E-4
1.517250E+7,    8.467585E-5,    1.128763E-4
1.517875E+7,    8.134544E-5,    1.138523E-4
1.518500E+7,    9.201467E-5,    1.337677E-4
1.519125E+7,    7.251650E-5,    1.320615E-4
1.519750E+7,    8.872151E-5,    9.585917E-5
1.520375E+7,    9.369850E-5,    1.098290E-4
1.521000E+7,    8.360296E-5,    8.961558E-5
1.521625E+7,    7.225573E-5,    1.014173E-4
1.522250E+7,    6.024539E-5,    9.808689E-5
1.522875E+7,    7.227808E-5,    1.096576E-4
1.523500E+7,    8.086860E-5,    1.223162E-4
1.524125E+7,    7.199496E-5,    1.172647E-4
1.524750E+7,    6.972253E-5,    8.683652E-5
1.525375E+7,    5.964190E-5,    9.015203E-5
1.526000E+7,    7.647276E-5,    9.226054E-5
1.526625E+7,    6.756932E-5,    8.825213E-5
1.527250E+7,    6.540865E-5,    8.111447E-5
1.527875E+7,    6.856769E-5,    8.847564E-5
1.528500E+7,    6.411225E-5,    7.412583E-5
1.529125E+7,    5.630404E-5,    8.551031E-5
1.529750E+7,    6.742030E-5,    8.118898E-5
1.530375E+7,    4.760548E-5,    3.935024E-5
1.531000E+7,    6.436557E-5,    4.954636E-5
1.531625E+7,    3.032014E-5,    7.848442E-5
1.532250E+7,    3.125519E-5,    6.956607E-5
1.532875E+7,    3.558770E-5,    5.959347E-5
1.533500E+7,    7.032603E-5,    7.218868E-5
1.534125E+7,    5.428493E-5,    6.246939E-5
1.534750E+7,    5.646050E-5,    4.505739E-5
1.535375E+7,    4.860759E-5,    6.187335E-5
1.536000E+7,    2.650172E-5,    4.301220E-5
1.536625E+7,    6.464869E-5,    3.614277E-5
1.537250E+7,    5.238503E-5,    4.995614E-5
1.537875E+7,    4.218519E-5,    4.572049E-5
1.538500E+7,    3.930554E-5,    4.805252E-5
1.539125E+7,    1.454353E-5,    7.683039E-5
1.539750E+7,    4.991144E-5,    6.205216E-5
1.540375E+7,    3.629923E-5,    5.340576E-5
1.541000E+7,    2.845377E-5,    6.449968E-5
1.541625E+7,    3.813952E-5,    3.585219E-5
1.542250E+7,    3.287196E-5,    3.140792E-5
1.542875E+7,    2.229959E-5,    6.970763E-5
1.543500E+7,    4.046038E-5,    5.053356E-5
1.544125E+7,    4.334748E-5,    7.391348E-5
1.544750E+7,    2.149493E-5,    5.627424E-5
1.545375E+7,    5.300343E-5,    4.264340E-5
1.546000E+7,    1.937710E-5,    2.020225E-5
1.546625E+7,    7.191673E-6,    2.448447E-5
1.547250E+7,    3.000163E-5,    1.380779E-5
1.547875E+7,    -4.358590E-6,    2.989359E-5
1.548500E+7,    3.609434E-5,    4.608557E-5
1.549125E+7,    2.611242E-5,    2.497248E-5
1.549750E+7,    4.364923E-5,    4.721805E-5
1.550375E+7,    3.946945E-5,    5.150959E-5
1.551000E+7,    3.616512E-5,    3.214180E-5
1.551625E+7,    1.183152E-5,    4.289672E-5
1.552250E+7,    3.324822E-5,    3.891811E-5
1.552875E+7,    1.529604E-5,    2.063997E-5
1.553500E+7,    3.290549E-5,    2.847612E-5
1.554125E+7,    2.973527E-5,    4.501641E-5
1.554750E+7,    1.017656E-5,    2.004206E-5
1.555375E+7,    1.505204E-5,    4.061311E-5
1.556000E+7,    4.136935E-5,    4.772469E-5
1.556625E+7,    1.467206E-5,    3.753230E-5
1.557250E+7,    9.151176E-6,    2.793223E-5
1.557875E+7,    1.788326E-5,    4.199706E-5
1.558500E+7,    1.109159E-5,    3.247056E-6
1.559125E+7,    9.171665E-6,    4.157797E-5
1.559750E+7,    1.540780E-5,    1.925789E-5
1.560375E+7,    1.661852E-5,    4.598126E-5
1.561000E+7,    -1.457566E-5,    -1.053791E-6
1.561625E+7,    1.576729E-5,    1.933612E-5
1.562250E+7,    -1.292676E-6,    3.802404E-5
1.562875E+7,    5.383044E-7,    9.138137E-6
1.563500E+7,    2.575107E-5,    1.260638E-5
1.564125E+7,    1.722947E-6,    2.610032E-5
1.564750E+7,    1.777615E-5,    7.385388E-6
1.565375E+7,    1.921318E-5,    2.455525E-5
1.566000E+7,    1.770817E-5,    7.245690E-6
1.566625E+7,    1.060311E-5,    2.607703E-6
1.567250E+7,    2.661161E-5,    2.884679E-5
1.567875E+7,    2.256408E-5,    2.211146E-5
1.568500E+7,    2.088584E-5,    4.108809E-5
1.569125E+7,    3.066286E-5,    3.506616E-5
1.569750E+7,    9.734184E-6,    2.994761E-5
1.570375E+7,    2.593547E-5,    1.976639E-5
1.571000E+7,    3.463030E-5,    5.019829E-6
1.571625E+7,    -1.100823E-5,    2.506003E-5
1.572250E+7,    1.144782E-5,    1.074187E-5
1.572875E+7,    3.714114E-6,    3.383867E-5
1.573500E+7,    1.243781E-5,    1.905579E-5
1.574125E+7,    3.163354E-6,    -2.076267E-6
1.574750E+7,    -1.367368E-5,    -5.681068E-8
1.575375E+7,    7.356517E-6,    4.201662E-6
1.576000E+7,    1.059659E-5,    2.936088E-5
1.576625E+7,    7.396098E-6,    4.169997E-6
1.577250E+7,    2.013054E-6,    -1.053885E-5
1.577875E+7,    -3.958121E-6,    2.109911E-5
1.578500E+7,    2.345629E-5,    2.069771E-5
1.579125E+7,    -4.326459E-6,    -6.235205E-6
1.579750E+7,    2.167001E-5,    3.104657E-5
1.580375E+7,    -1.671538E-5,    2.560206E-6
1.581000E+7,    9.242445E-6,    -6.566755E-6
1.581625E+7,    8.737668E-6,    1.229625E-5
1.582250E+7,    1.491793E-5,    7.900409E-6
1.582875E+7,    -3.902242E-7,    1.881924E-5
1.583500E+7,    -1.053233E-5,    -1.670793E-6
1.584125E+7,    1.944788E-5,    1.381896E-5
1.584750E+7,    -7.347204E-6,    -2.269447E-5
1.585375E+7,    1.502037E-5,    7.601455E-6
1.586000E+7,    -4.536938E-6,    1.278846E-5
1.586625E+7,    -2.108887E-5,    -2.183951E-5
1.587250E+7,    5.903654E-6,    -2.333615E-5
1.587875E+7,    2.126768E-5,    2.160296E-5
1.588500E+7,    2.095476E-7,    1.878757E-5
1.589125E+7,    -2.978253E-6,    2.297340E-6
1.589750E+7,    -1.053093E-5,    -1.337379E-6
1.590375E+7,    8.866191E-6,    -6.942544E-6
1.591000E+7,    8.854549E-6,    -6.970018E-6
1.591625E+7,    1.708046E-6,    8.215662E-6
1.592250E+7,    -1.406297E-5,    -1.758151E-5
1.592875E+7,    6.993301E-6,    -1.523551E-5
1.593500E+7,    -2.288818E-5,    -1.041777E-5
1.594125E+7,    -4.734378E-6,    -5.804002E-6
1.594750E+7,    -9.482726E-6,    -1.157913E-5
1.595375E+7,    -4.760455E-6,    -5.776063E-6
1.596000E+7,    5.757669E-6,    -4.781410E-6
1.596625E+7,    -1.341570E-5,    1.482666E-6
1.597250E+7,    1.341198E-5,    -1.521781E-6
1.597875E+7,    -8.847564E-7,    1.055934E-5
1.598500E+7,    7.707160E-6,    3.270339E-6
1.599125E+7,    -9.736046E-6,    -1.137704E-5
1.599750E+7,    5.650800E-6,    -4.902482E-6
1.600375E+7,    -6.202236E-5,    -4.586577E-5
1.601000E+7,    2.247095E-5,    1.242459E-4
1.601625E+7,    5.799159E-5,    1.162663E-5
1.602250E+7,    -1.098961E-4,    -6.544590E-5
1.602875E+7,    3.646314E-5,    -3.667735E-5
1.603500E+7,    1.140647E-4,    -8.759275E-5
1.604125E+7,    2.042390E-5,    4.268996E-5
1.604750E+7,    -2.388656E-5,    -8.881837E-5
1.605375E+7,    5.800650E-5,    1.166016E-5
1.606000E+7,    -3.725290E-7,    7.031113E-5
1.606625E+7,    1.419336E-5,    5.567819E-5
1.607250E+7,    -4.565343E-5,    -6.696582E-5
1.607875E+7,    2.176315E-5,    -1.098067E-4
1.608500E+7,    -1.791865E-6,    -1.110546E-4
1.609125E+7,    7.358566E-5,    -1.144037E-4
1.609750E+7,    6.929040E-7,    1.345426E-4
1.610375E+7,    1.486689E-4,    4.042685E-5
1.611000E+7,    -1.631528E-4,    1.207590E-4
1.611625E+7,    -1.291931E-5,    3.771111E-5
1.612250E+7,    6.647035E-5,    1.012534E-5
1.612875E+7,    -3.434531E-5,    -1.067668E-5
1.613500E+7,    -6.253645E-5,    2.419204E-5
1.614125E+7,    -4.495494E-6,    -2.253801E-5
1.614750E+7,    -7.856637E-6,    -3.941357E-5
1.615375E+7,    -1.232699E-5,    -9.119883E-5
1.616000E+7,    -2.759323E-5,    -6.185845E-6
1.616625E+7,    1.240894E-5,    -2.589542E-5
1.617250E+7,    5.651265E-6,    -3.040861E-5
1.617875E+7,    6.815791E-5,    -2.525747E-5
1.618500E+7,    1.378357E-7,    -8.783117E-5
1.619125E+7,    3.149919E-5,    1.133792E-5
1.619750E+7,    2.318248E-5,    -4.561432E-5
1.620375E+7,    4.287995E-5,    -2.016127E-5
1.621000E+7,    4.094467E-5,    7.389486E-5
1.621625E+7,    1.808349E-5,    -2.699718E-5
1.622250E+7,    6.140023E-5,    -4.209578E-7
1.622875E+7,    -1.231767E-5,    -3.267638E-5
1.623500E+7,    4.369766E-5,    1.026094E-4
1.624125E+7,    -2.297759E-5,    -4.233047E-5
1.624750E+7,    -2.130866E-6,    -4.055351E-5
1.625375E+7,    1.023859E-4,    4.424900E-5
1.626000E+7,    4.098937E-5,    4.461780E-5
1.626625E+7,    -1.024380E-4,    -4.434586E-5
1.627250E+7,    -2.253614E-5,    4.438683E-6
1.627875E+7,    3.923476E-5,    5.082041E-5
1.628500E+7,    3.984198E-5,    -9.560212E-5
1.629125E+7,    1.237914E-5,    3.430992E-6
1.629750E+7,    -6.860122E-6,    2.476573E-5
1.630375E+7,    -4.328042E-5,    -2.665445E-5
1.631000E+7,    -2.183393E-5,    -3.673881E-5
1.631625E+7,    -3.762916E-5,    -2.777576E-5
1.632250E+7,    9.290874E-6,    6.257370E-5
1.632875E+7,    4.730374E-5,    2.471730E-6
1.633500E+7,    -1.118332E-5,    -1.031123E-4
1.634125E+7,    1.602620E-5,    -6.759167E-5
1.634750E+7,    1.018830E-4,    -2.302229E-6
1.635375E+7,    7.685274E-6,    3.946386E-5
1.636000E+7,    2.193358E-5,    7.443130E-6
1.636625E+7,    1.988746E-5,    -3.312528E-5
1.637250E+7,    7.938594E-6,    8.625910E-5
1.637875E+7,    -9.398535E-5,    -1.689419E-5
1.638500E+7,    -2.381951E-5,    -7.731840E-5
1.639125E+7,    -6.642193E-5,    -1.159161E-4
1.639750E+7,    -8.374453E-5,    1.274273E-4
1.640375E+7,    2.502650E-5,    5.374849E-5
1.641000E+7,    -1.170449E-4,    4.604831E-5
1.641625E+7,    -5.675852E-5,    -1.119822E-4
1.642250E+7,    1.823902E-5,    -2.693012E-5
1.642875E+7,    -8.286536E-5,    8.624792E-5
1.643500E+7,    6.189942E-5,    9.346008E-5
1.644125E+7,    3.465917E-6,    -1.238193E-5
1.644750E+7,    5.391054E-5,    -3.965944E-5
1.645375E+7,    -3.753789E-5,    4.823133E-5
1.646000E+7,    5.079620E-5,    -9.780750E-6
1.646625E+7,    -4.171580E-5,    -3.674999E-6
1.647250E+7,    -6.829202E-5,    7.159635E-5
1.647875E+7,    -6.732065E-6,    -4.561618E-6
1.648500E+7,    2.298504E-5,    8.926541E-5
1.649125E+7,    -3.061816E-5,    -5.271286E-5
1.649750E+7,    -4.778802E-5,    -2.015010E-5
1.650375E+7,    -6.736070E-5,    -4.567578E-5
1.651000E+7,    1.803972E-5,    2.417713E-6
1.651625E+7,    3.743544E-5,    -1.888536E-5
1.652250E+7,    -9.328499E-5,    1.778454E-5
1.652875E+7,    1.086034E-4,    -1.480058E-5
1.653500E+7,    -2.954528E-5,    -4.712865E-5
1.654125E+7,    -5.319715E-5,    -4.849955E-5
1.654750E+7,    -5.951151E-5,    -3.554672E-5
1.655375E+7,    -2.143160E-5,    5.683489E-5
1.656000E+7,    -2.164952E-5,    -3.688224E-5
1.656625E+7,    3.649108E-5,    2.236478E-5
1.657250E+7,    6.571412E-5,    9.886920E-5
1.657875E+7,    3.507826E-6,    -1.239777E-5
1.658500E+7,    -2.128445E-5,    -1.943484E-5
1.659125E+7,    1.960248E-5,    7.252395E-5
1.659750E+7,    4.673004E-5,    1.456961E-5
1.660375E+7,    -6.470829E-5,    2.980977E-5
1.661000E+7,    2.306327E-5,    6.010756E-5
1.661625E+7,    -2.223998E-6,    -5.825609E-5
1.662250E+7,    -4.238263E-5,    5.488656E-5
1.662875E+7,    -1.851469E-5,    -1.138151E-4
1.663500E+7,    3.539026E-8,    4.695356E-5
1.664125E+7,    -5.416572E-6,    -1.222566E-4
1.664750E+7,    9.555370E-5,    -1.470894E-4
1.665375E+7,    5.105138E-5,    8.428097E-5
1.666000E+7,    1.281872E-4,    -8.282065E-5
1.666625E+7,    -2.763234E-5,    -6.526709E-6
1.667250E+7,    -4.595146E-6,    5.367771E-5
1.667875E+7,    -3.911555E-7,    -6.447732E-5
1.668500E+7,    6.316230E-5,    -1.174323E-4
1.669125E+7,    6.692484E-6,    5.149841E-5
1.669750E+7,    -3.379583E-5,    1.178272E-4
1.670375E+7,    8.826330E-5,    1.136214E-6
1.671000E+7,    -5.358644E-5,    2.760254E-5
1.671625E+7,    5.284138E-5,    -1.576729E-5
1.672250E+7,    -6.682426E-5,    1.298860E-4
1.672875E+7,    -4.991889E-5,    -7.892400E-5
1.673500E+7,    6.631017E-5,    -6.508082E-6
1.674125E+7,    -1.206212E-4,    9.275600E-5
1.674750E+7,    1.058215E-6,    5.675713E-6
1.675375E+7,    8.658320E-5,    -3.970042E-5
1.676000E+7,    4.062802E-5,    9.226054E-5
1.676625E+7,    -2.042949E-5,    -7.844344E-5
1.677250E+7,    2.978183E-5,    1.795404E-5
1.677875E+7,    4.859641E-5,    8.573756E-6
1.678500E+7,    -1.439080E-5,    -6.197765E-5
1.679125E+7,    -5.671382E-5,    -3.650784E-5
1.679750E+7,    1.735613E-5,    1.441129E-5
1.680375E+7,    6.312504E-5,    2.355874E-5
1.681000E+7,    6.017089E-5,    -8.746982E-5
1.681625E+7,    -5.187094E-5,    -1.374260E-4
1.682250E+7,    -4.697591E-5,    3.218651E-5
1.682875E+7,    -6.393343E-5,    -1.174957E-5
1.683500E+7,    -1.672842E-5,    2.071261E-5
1.684125E+7,    -3.078766E-5,    -2.372451E-5
1.684750E+7,    -3.051013E-5,    -6.118789E-6
1.685375E+7,    -1.744553E-5,    -7.908791E-5
1.686000E+7,    3.721565E-5,    1.082942E-5
1.686625E+7,    -3.647618E-5,    -2.272613E-5
1.687250E+7,    5.375221E-5,    -2.751313E-5
1.687875E+7,    -1.905486E-6,    -5.845912E-5
1.688500E+7,    1.043454E-5,    5.687401E-5
1.689125E+7,    -4.133210E-5,    3.105402E-5
1.689750E+7,    -4.087202E-5,    1.581386E-6
1.690375E+7,    2.331845E-5,    3.102235E-5
1.691000E+7,    -6.663427E-5,    -5.840883E-5
1.691625E+7,    -2.948847E-5,    -4.926696E-7
1.692250E+7,    -7.746741E-6,    5.431287E-5
1.692875E+7,    -1.103319E-4,    8.426607E-6
1.693500E+7,    -2.668146E-5,    -1.039356E-6
1.694125E+7,    2.636388E-5,    -8.128211E-5
1.694750E+7,    -9.377673E-5,    -2.999976E-5
1.695375E+7,    1.046211E-4,    -1.367331E-4
1.696000E+7,    -4.917849E-6,    -1.087366E-5
1.696625E+7,    3.600307E-5,    -1.240335E-5
1.697250E+7,    4.534423E-5,    -2.586842E-5
1.697875E+7,    -3.002957E-5,    -3.577769E-5
1.698500E+7,    -1.430735E-4,    5.521625E-5
1.699125E+7,    1.197681E-5,    -3.159046E-5
1.699750E+7,    -3.111549E-5,    2.329238E-5
1.700375E+7,    -9.903684E-5,    7.086247E-5
1.701000E+7,    6.757677E-6,    -1.249388E-4
1.701625E+7,    6.664172E-5,    -6.154180E-6
1.702250E+7,    9.650737E-5,    -5.278364E-5
1.702875E+7,    6.754696E-5,    -1.477078E-4
1.703500E+7,    2.874807E-5,    1.246668E-5
1.704125E+7,    3.226474E-5,    6.490946E-5
1.704750E+7,    1.243874E-4,    3.653020E-5
1.705375E+7,    1.274049E-5,    1.036562E-4
1.706000E+7,    -4.345551E-5,    -4.522502E-5
1.706625E+7,    -3.825873E-5,    6.575510E-5
1.707250E+7,    -5.343370E-5,    -2.214685E-6
1.707875E+7,    -1.831213E-6,    6.218441E-6
1.708500E+7,    -2.730917E-5,    2.846587E-5
1.709125E+7,    6.216764E-5,    -6.413087E-5
1.709750E+7,    6.895512E-5,    -5.947053E-5
1.710375E+7,    3.836490E-5,    1.672283E-5
1.711000E+7,    -2.899393E-5,    5.231798E-5
1.711625E+7,    -1.632143E-5,    -8.882955E-6
1.712250E+7,    7.815659E-5,    -8.028001E-6
1.712875E+7,    -5.239248E-5,    -7.907301E-5
1.713500E+7,    4.464760E-5,    6.863847E-5
1.714125E+7,    -1.875032E-5,    2.692267E-5
1.714750E+7,    -4.776567E-5,    -3.295019E-6
1.715375E+7,    2.228282E-5,    -5.701929E-5
1.716000E+7,    -4.838780E-5,    -5.628541E-5
1.716625E+7,    -2.083927E-5,    1.548883E-5
1.717250E+7,    3.916398E-5,    4.827976E-6
1.717875E+7,    3.132969E-6,    -6.544217E-5
1.718500E+7,    -6.277859E-5,    -7.144362E-5
1.719125E+7,    -4.207715E-6,    -4.051439E-5
1.719750E+7,    -2.019294E-5,    -1.414120E-5
1.720375E+7,    6.833673E-5,    -4.746020E-5
1.721000E+7,    -5.889684E-6,    -1.667067E-5
1.721625E+7,    -2.055988E-5,    -4.947186E-5
1.722250E+7,    -7.469580E-5,    -2.226233E-5
1.722875E+7,    -3.129244E-7,    -3.536232E-5
1.723500E+7,    3.031641E-5,    -2.893712E-5
1.724125E+7,    -2.642348E-5,    -6.612018E-5
1.724750E+7,    -5.564652E-6,    1.867022E-5
1.725375E+7,    -1.034886E-5,    1.256391E-4
1.726000E+7,    2.763607E-5,    -1.074281E-5
1.726625E+7,    2.336130E-5,    4.901364E-5
1.727250E+7,    3.696978E-5,    7.617474E-5
1.727875E+7,    3.136322E-5,    -2.321415E-5
1.728500E+7,    -1.369044E-7,    -1.767930E-5
1.729125E+7,    -1.246575E-5,    -3.724359E-6
1.729750E+7,    2.490915E-5,    7.431954E-6
1.730375E+7,    -2.982281E-5,    -1.843087E-5
1.731000E+7,    1.647323E-5,    -9.145588E-5
1.731625E+7,    4.416704E-5,    -1.022071E-4
1.732250E+7,    -1.471490E-6,    5.931221E-5
1.732875E+7,    -6.876886E-5,    1.195446E-5
1.733500E+7,    2.279878E-5,    1.141727E-4
1.734125E+7,    5.258806E-5,    -3.278255E-6
1.734750E+7,    6.738305E-5,    -7.082522E-5
1.735375E+7,    2.866727E-6,    -4.984904E-7
1.736000E+7,    9.882450E-5,    4.193187E-5
1.736625E+7,    4.538521E-5,    5.707145E-5
1.737250E+7,    -8.229166E-6,    -9.901077E-5
1.737875E+7,    8.817762E-5,    1.424178E-5
1.738500E+7,    3.753603E-5,    2.896786E-5
1.739125E+7,    7.760152E-5,    4.258007E-6
1.739750E+7,    -3.673881E-5,    -5.867332E-5
1.740375E+7,    -3.265589E-5,    -1.799129E-5
1.741000E+7,    -2.262741E-5,    -9.658560E-5
1.741625E+7,    -9.005889E-5,    -8.136034E-6
1.742250E+7,    1.783483E-6,    -2.396386E-5
1.742875E+7,    -4.613400E-5,    -2.751499E-5
1.743500E+7,    -3.137589E-4,    -2.593100E-4
1.744125E+7,    -1.165718E-4,    6.137043E-5
1.744750E+7,    -7.456169E-5,    3.053993E-5
1.745375E+7,    -4.943460E-6,    -2.872385E-5
1.746000E+7,    7.795170E-6,    2.824329E-5
1.746625E+7,    6.040558E-5,    7.383525E-6
1.747250E+7,    5.847029E-5,    -4.088506E-6
1.747875E+7,    -3.001094E-5,    1.352280E-4
1.748500E+7,    2.612919E-5,    4.869327E-5
1.749125E+7,    -7.935613E-5,    -1.521260E-4
1.749750E+7,    2.187863E-5,    -4.518963E-5
1.750375E+7,    -7.893890E-5,    -6.341934E-5
1.751000E+7,    -1.776591E-5,    1.036339E-4
1.751625E+7,    2.953038E-5,    -5.239435E-5
1.752250E+7,    5.857646E-5,    1.368672E-5
1.752875E+7,    1.824647E-5,    2.809800E-6
1.753500E+7,    -1.260266E-5,    -3.929250E-5
1.754125E+7,    1.735985E-5,    3.256090E-5
1.754750E+7,    4.315563E-5,    -7.372350E-6
1.755375E+7,    -4.718453E-5,    -5.118549E-5
1.756000E+7,    -3.965572E-6,    -4.074909E-5
1.756625E+7,    -1.036413E-4,    -2.197921E-7
1.757250E+7,    -2.402440E-5,    -1.958758E-5
1.757875E+7,    -4.399754E-5,    5.473010E-5
1.758500E+7,    4.990399E-5,    -2.029538E-5
1.759125E+7,    7.664319E-6,    -7.218681E-6
1.759750E+7,    2.712011E-6,    -5.372427E-5
1.760375E+7,    5.397201E-5,    9.150058E-5
1.761000E+7,    1.124963E-4,    1.054332E-4
1.761625E+7,    5.088933E-5,    3.237277E-6
1.762250E+7,    -1.438940E-5,    2.422370E-6
1.762875E+7,    -5.955994E-5,    -3.732368E-5
1.763500E+7,    -2.401136E-5,    -1.895241E-6
1.764125E+7,    -6.147847E-5,    4.380941E-6
1.764750E+7,    -8.453429E-5,    -9.465963E-6
1.765375E+7,    3.544241E-5,    -7.119402E-5
1.766000E+7,    6.911531E-5,    -2.936274E-5
1.766625E+7,    -3.074482E-5,    1.107156E-5
1.767250E+7,    -7.890165E-5,    -1.349896E-4
1.767875E+7,    1.376197E-4,    -2.891570E-5
1.768500E+7,    -1.173392E-4,    -9.900331E-5
1.769125E+7,    8.360296E-5,    9.270757E-5
1.769750E+7,    1.009554E-4,    9.350479E-7
1.770375E+7,    -5.197898E-5,    -6.248429E-5
1.771000E+7,    -2.980232E-5,    5.237386E-5
1.771625E+7,    9.806454E-5,    1.920387E-5
1.772250E+7,    4.137121E-5,    -3.650784E-5
1.772875E+7,    -6.742775E-6,    1.374334E-4
1.773500E+7,    1.076423E-4,    -1.187511E-4
1.774125E+7,    8.646399E-6,    5.193055E-5
1.774750E+7,    3.171340E-5,    -1.119860E-4
1.775375E+7,    3.454089E-5,    1.367182E-4
1.776000E+7,    -1.098365E-4,    1.071393E-4
1.776625E+7,    -6.151199E-5,    -1.380667E-4
1.777250E+7,    1.823157E-5,    2.070516E-5
1.777875E+7,    9.164214E-7,    4.136376E-5
1.778500E+7,    -9.736978E-7,    1.202850E-5
1.779125E+7,    6.641448E-5,    -2.877414E-5
1.779750E+7,    5.872920E-5,    1.401827E-5
1.780375E+7,    -8.770451E-5,    6.194785E-5
1.781000E+7,    1.910701E-5,    9.767339E-5
1.781625E+7,    -3.068149E-5,    -9.581447E-5
1.782250E+7,    7.125363E-5,    -1.770258E-5
1.782875E+7,    4.693866E-6,    4.665181E-5
1.783500E+7,    -8.589402E-5,    9.133667E-5
1.784125E+7,    -4.727393E-6,    -6.455928E-5
1.784750E+7,    -3.656186E-5,    -2.366677E-5
1.785375E+7,    9.622425E-5,    4.355609E-5
1.786000E+7,    2.779812E-5,    4.293770E-5
1.786625E+7,    -6.068870E-5,    -7.878989E-6
1.787250E+7,    3.479794E-5,    -7.691234E-5
1.787875E+7,    -3.564730E-5,    -8.940697E-8
1.788500E+7,    6.015599E-5,    1.683086E-4
1.789125E+7,    2.211612E-5,    8.240342E-6
1.789750E+7,    8.318946E-5,    -9.090453E-5
1.790375E+7,    4.649535E-5,    -6.106868E-5
1.791000E+7,    -1.435541E-5,    -3.330596E-5
1.791625E+7,    2.580136E-5,    6.706268E-5
1.792250E+7,    1.803041E-6,    4.720874E-5
1.792875E+7,    5.587935E-6,    5.252101E-5
1.793500E+7,    -7.675029E-6,    -1.063384E-5
1.794125E+7,    1.055934E-4,    -1.183003E-4
1.794750E+7,    7.326901E-5,    1.186877E-5
1.795375E+7,    4.717894E-5,    1.609884E-5
1.796000E+7,    5.632639E-6,    3.474765E-5
1.796625E+7,    2.402253E-5,    1.987256E-5
1.797250E+7,    6.311759E-5,    -8.754805E-5
1.797875E+7,    -4.196540E-5,    1.078323E-4
1.798500E+7,    -1.106784E-5,    1.146793E-4
1.799125E+7,    1.246408E-4,    -3.810227E-5
1.799750E+7,    -9.087473E-5,    2.655759E-5
1.800375E+7,    8.114427E-5,    -1.306459E-5
1.801000E+7,    8.486211E-6,    3.429130E-5
1.801625E+7,    -1.621544E-4,    -1.937151E-4
1.802250E+7,    -2.749264E-5,    2.363101E-4
1.802875E+7,    3.228337E-5,    -7.652491E-5
1.803500E+7,    1.203939E-4,    -1.203716E-4
1.804125E+7,    3.785081E-5,    -4.179776E-5
1.804750E+7,    1.203641E-5,    -7.328391E-5
1.805375E+7,    -4.833378E-5,    1.375377E-5
1.806000E+7,    -7.249415E-5,    1.782179E-4
1.806625E+7,    -1.066551E-5,    7.653609E-6
1.807250E+7,    -7.884204E-5,    -4.686415E-5
1.807875E+7,    -4.753005E-6,    -1.113256E-5
1.808500E+7,    -4.198402E-5,    7.209182E-5
1.809125E+7,    -4.844368E-5,    1.804531E-4
1.809750E+7,    1.193583E-5,    -5.540252E-5
1.810375E+7,    1.332685E-4,    -1.521483E-4
1.811000E+7,    -5.993247E-5,    1.463443E-4
1.811625E+7,    -7.032230E-5,    -3.046915E-5
1.812250E+7,    5.697832E-5,    2.838671E-6
1.812875E+7,    5.800463E-5,    -9.221956E-6
1.813500E+7,    3.798679E-5,    -4.174933E-5
1.814125E+7,    1.683682E-4,    1.042485E-4
1.814750E+7,    1.384392E-4,    -2.796203E-5
1.815375E+7,    6.579235E-5,    -1.640618E-5
1.816000E+7,    -2.019554E-4,    -1.286715E-4
1.816625E+7,    -8.429587E-5,    -9.977072E-5
1.817250E+7,    1.218170E-6,    -2.994202E-5
1.817875E+7,    -4.947558E-5,    2.565794E-5
1.818500E+7,    -6.073713E-5,    -8.184463E-6
1.819125E+7,    5.292520E-5,    -7.971749E-5
1.819750E+7,    -5.308539E-5,    -1.547113E-5
1.820375E+7,    -2.136454E-5,    -9.780377E-5
1.821000E+7,    3.632158E-6,    -8.995086E-5
1.821625E+7,    5.167164E-5,    -4.979037E-5
1.822250E+7,    -9.802636E-6,    1.344737E-5
1.822875E+7,    -3.379583E-5,    -6.577000E-6
1.823500E+7,    1.046024E-4,    -1.633167E-5
1.824125E+7,    -1.188368E-5,    -7.558241E-5
1.824750E+7,    -1.628622E-4,    1.386702E-4
1.825375E+7,    3.997236E-5,    -3.007986E-5
1.826000E+7,    -7.685274E-5,    -5.348772E-5
1.826625E+7,    -5.865842E-5,    6.275997E-5
1.827250E+7,    7.990748E-5,    3.514066E-5
1.827875E+7,    -7.157400E-5,    -7.040799E-7
1.828500E+7,    -2.708565E-5,    -1.745299E-6
1.829125E+7,    -3.143772E-5,    -4.874170E-5
1.829750E+7,    2.379902E-5,    -5.735457E-5
1.830375E+7,    2.490729E-5,    2.592430E-5
1.831000E+7,    2.941489E-5,    5.497038E-5
1.831625E+7,    -2.919510E-5,    -7.287413E-5
1.832250E+7,    1.914799E-5,    -6.854534E-5
1.832875E+7,    -3.200956E-5,    4.962087E-6
1.833500E+7,    -1.189187E-4,    -1.729280E-5
1.834125E+7,    -1.107194E-4,    3.506243E-5
1.834750E+7,    4.535168E-5,    -7.256493E-5
1.835375E+7,    -4.706532E-5,    -3.444776E-5
1.836000E+7,    -1.613237E-5,    -2.729893E-5
1.836625E+7,    -1.884066E-5,    -4.476868E-5
1.837250E+7,    5.168840E-5,    -3.185123E-5
1.837875E+7,    -7.463992E-5,    -7.788092E-5
1.838500E+7,    1.354218E-4,    2.671033E-5
1.839125E+7,    9.626150E-6,    -7.299706E-5
1.839750E+7,    -1.546368E-5,    -3.579073E-6
1.840375E+7,    -3.225729E-5,    -5.466491E-5
1.841000E+7,    -5.844980E-6,    -7.669628E-5
1.841625E+7,    3.315881E-5,    -9.454414E-5
1.842250E+7,    4.507042E-5,    -3.669783E-5
1.842875E+7,    1.164898E-5,    -7.940829E-5
1.843500E+7,    -1.075938E-4,    -1.400709E-6
1.844125E+7,    5.767494E-5,    -3.270432E-5
1.844750E+7,    3.425777E-5,    1.259893E-4
1.845375E+7,    -3.874302E-5,    -7.756799E-5
1.846000E+7,    6.403029E-5,    6.774068E-5
1.846625E+7,    5.065091E-5,    -1.972727E-5
1.847250E+7,    1.034699E-5,    -4.929863E-5
1.847875E+7,    2.826843E-5,    -1.029018E-5
1.848500E+7,    2.143532E-5,    1.995265E-4
1.849125E+7,    -1.533702E-5,    -8.118525E-5
1.849750E+7,    -4.833378E-5,    5.508028E-5
1.850375E+7,    9.114668E-5,    -6.756932E-5
1.851000E+7,    -2.459809E-5,    -4.401430E-5
1.851625E+7,    -1.255050E-5,    -4.062429E-6
1.852250E+7,    -5.469471E-5,    -1.051277E-4
1.852875E+7,    -1.891404E-4,    -6.674230E-5
1.853500E+7,    -6.595999E-5,    1.354814E-4
1.854125E+7,    -5.141646E-5,    1.330823E-4
1.854750E+7,    6.888807E-5,    1.549721E-6
1.855375E+7,    -6.780028E-6,    -6.465986E-5
1.856000E+7,    4.243106E-5,    8.314103E-5