SAVED BY: 
TITLE: 
COMMENTS: 
DATE: 10/27/2020
TIME: 3:39 PM

STIMULUS, REAL, IMAGINARY

8.560000E+6,    -2.239645E-5,    -1.595914E-4
8.566250E+6,    -7.882714E-6,    -1.337305E-4
8.572500E+6,    -1.955032E-5,    -1.747757E-4
8.578750E+6,    4.999340E-6,    -1.723617E-4
8.585000E+6,    -1.661479E-6,    -1.867786E-4
8.591250E+6,    7.696450E-6,    -1.876578E-4
8.597500E+6,    -1.196563E-5,    -1.857504E-4
8.603750E+6,    -1.582503E-5,    -1.925752E-4
8.610000E+6,    -1.837313E-5,    -1.674667E-4
8.616250E+6,    -2.600253E-6,    -1.543239E-4
8.622500E+6,    -1.584738E-5,    -1.825988E-4
8.628750E+6,    6.690621E-6,    -1.778230E-4
8.635000E+6,    -1.119077E-5,    -1.782179E-4
8.641250E+6,    -2.093613E-5,    -1.771748E-4
8.647500E+6,    -1.089275E-5,    -1.907349E-4
8.653750E+6,    1.192093E-7,    -1.822561E-4
8.660000E+6,    -2.388656E-5,    -1.867041E-4
8.666250E+6,    -2.036244E-5,    -1.922250E-4
8.672500E+6,    -2.539903E-5,    -1.741126E-4
8.678750E+6,    -2.266467E-5,    -1.669750E-4
8.685000E+6,    -1.505017E-5,    -1.654997E-4
8.691250E+6,    -6.183982E-7,    -1.851320E-4
8.697500E+6,    -2.720952E-5,    -1.738146E-4
8.703750E+6,    -7.450581E-8,    -1.751706E-4
8.710000E+6,    -3.650784E-5,    -1.851693E-4
8.716250E+6,    -1.511723E-5,    -1.906902E-4
8.722500E+6,    -1.653284E-5,    -1.781806E-4
8.728750E+6,    -7.495284E-6,    -1.794994E-4
8.735000E+6,    -1.266599E-5,    -1.962855E-4
8.741250E+6,    -1.218170E-5,    -1.739189E-4
8.747500E+6,    -3.477931E-5,    -1.901686E-4
8.753750E+6,    -3.970414E-5,    -1.844168E-4
8.760000E+6,    1.193583E-5,    -1.853555E-4
8.766250E+6,    -2.183020E-6,    -1.779720E-4
8.772500E+6,    -2.155453E-5,    -1.875535E-4
8.778750E+6,    -1.237541E-5,    -1.890510E-4
8.785000E+6,    -1.610816E-5,    -1.958385E-4
8.791250E+6,    -2.623349E-5,    -2.069622E-4
8.797500E+6,    -2.142042E-5,    -1.774728E-4
8.803750E+6,    -1.568347E-5,    -2.112761E-4
8.810000E+6,    -3.407151E-5,    -1.727119E-4
8.816250E+6,    -2.775341E-5,    -2.066568E-4
8.822500E+6,    -2.114475E-5,    -1.803488E-4
8.828750E+6,    -1.753122E-5,    -1.986027E-4
8.835000E+6,    -2.371520E-5,    -1.897588E-4
8.841250E+6,    -2.248585E-5,    -1.924708E-4
8.847500E+6,    -1.515448E-5,    -1.791865E-4
8.853750E+6,    -1.817942E-6,    -1.868233E-4
8.860000E+6,    -3.106892E-5,    -1.934841E-4
8.866250E+6,    -2.581626E-5,    -1.767501E-4
8.872500E+6,    -2.633035E-5,    -2.019554E-4
8.878750E+6,    -3.993511E-6,    -2.118871E-4
8.885000E+6,    -2.144277E-5,    -1.855344E-4
8.891250E+6,    -2.609193E-5,    -2.175570E-4
8.897500E+6,    -1.845509E-5,    -1.911744E-4
8.903750E+6,    -3.302097E-5,    -1.960024E-4
8.910000E+6,    -1.117587E-5,    -1.906306E-4
8.916250E+6,    -1.977384E-5,    -2.040565E-4
8.922500E+6,    -2.429634E-5,    -1.978800E-4
8.928750E+6,    -1.362711E-5,    -2.155900E-4
8.935000E+6,    -2.711266E-5,    -1.950711E-4
8.941250E+6,    -3.156811E-5,    -2.015904E-4
8.947500E+6,    -1.417845E-5,    -1.905337E-4
8.953750E+6,    -1.316518E-5,    -1.932755E-4
8.960000E+6,    -1.158565E-5,    -2.089292E-4
8.966250E+6,    -1.407415E-5,    -2.059117E-4
8.972500E+6,    -2.001971E-5,    -1.969337E-4
8.978750E+6,    -2.264977E-5,    -1.936629E-4
8.985000E+6,    -2.162904E-5,    -2.095103E-4
8.991250E+6,    -2.948940E-5,    -2.102256E-4
8.997500E+6,    -3.773719E-5,    -1.976863E-4
9.003750E+6,    -2.138317E-5,    -2.123043E-4
9.010000E+6,    -1.899153E-5,    -2.025887E-4
9.016250E+6,    -2.456456E-5,    -1.936629E-4
9.022500E+6,    -3.425777E-5,    -2.065897E-4
9.028750E+6,    -2.488494E-6,    -2.205968E-4
9.035000E+6,    -4.473329E-5,    -2.037585E-4
9.041250E+6,    -1.613051E-5,    -2.116710E-4
9.047500E+6,    -1.336634E-5,    -1.893789E-4
9.053750E+6,    -2.416968E-5,    -1.992062E-4
9.060000E+6,    -3.235042E-5,    -1.995116E-4
9.066250E+6,    -3.716350E-5,    -2.060682E-4
9.072500E+6,    -2.059340E-5,    -2.084523E-4
9.078750E+6,    -2.424419E-5,    -2.305806E-4
9.085000E+6,    -2.568960E-5,    -2.148002E-4
9.091250E+6,    -2.381951E-5,    -1.897514E-4
9.097500E+6,    -3.048778E-5,    -2.084076E-4
9.103750E+6,    8.568168E-7,    -2.072975E-4
9.110000E+6,    -7.271767E-6,    -2.077967E-4
9.116250E+6,    -1.118332E-5,    -2.014935E-4
9.122500E+6,    -2.612919E-5,    -1.891032E-4
9.128750E+6,    -2.688169E-5,    -2.176315E-4
9.135000E+6,    -2.474338E-5,    -2.079904E-4
9.141250E+6,    5.796552E-6,    -2.074763E-4
9.147500E+6,    -4.082918E-5,    -2.239943E-4
9.153750E+6,    -3.442168E-5,    -2.079308E-4
9.160000E+6,    -2.981722E-5,    -2.172887E-4
9.166250E+6,    -2.859533E-5,    -2.201796E-4
9.172500E+6,    -2.919137E-5,    -2.203137E-4
9.178750E+6,    -1.196563E-5,    -2.232492E-4
9.185000E+6,    -1.852214E-5,    -2.262741E-4
9.191250E+6,    -4.476309E-5,    -2.232492E-4
9.197500E+6,    -4.465878E-5,    -2.233982E-4
9.203750E+6,    -4.962087E-6,    -2.103597E-4
9.210000E+6,    -2.472103E-5,    -2.200454E-4
9.216250E+6,    -2.017617E-5,    -2.292097E-4
9.222500E+6,    -2.337992E-5,    -2.231151E-4
9.228750E+6,    -5.753338E-5,    -2.352595E-4
9.235000E+6,    -2.475083E-5,    -2.229661E-4
9.241250E+6,    -4.701316E-5,    -2.256930E-4
9.247500E+6,    -3.045797E-5,    -2.131909E-4
9.253750E+6,    -3.285706E-5,    -2.413690E-4
9.260000E+6,    -2.658367E-5,    -2.070889E-4
9.266250E+6,    -4.258752E-5,    -2.222359E-4
9.272500E+6,    -4.477799E-5,    -2.192408E-4
9.278750E+6,    -4.431605E-5,    -2.379119E-4
9.285000E+6,    -3.358722E-5,    -2.287179E-4
9.291250E+6,    -3.124774E-5,    -2.350658E-4
9.297500E+6,    -3.920496E-5,    -2.348125E-4
9.303750E+6,    -3.713369E-5,    -2.413094E-4
9.310000E+6,    -2.953410E-5,    -2.068058E-4
9.316250E+6,    -3.933907E-5,    -2.379864E-4
9.322500E+6,    -4.868209E-5,    -2.342165E-4
9.328750E+6,    -1.935661E-5,    -2.324283E-4
9.335000E+6,    -2.094358E-5,    -2.132282E-4
9.341250E+6,    -2.975762E-5,    -2.285987E-4
9.347500E+6,    -4.124641E-5,    -2.218485E-4
9.353750E+6,    -3.808737E-5,    -2.468526E-4
9.360000E+6,    -6.654859E-5,    -2.361536E-4
9.366250E+6,    -4.482269E-5,    -2.338290E-4
9.372500E+6,    -4.300475E-5,    -2.402663E-4
9.378750E+6,    -5.018711E-5,    -2.430677E-4
9.385000E+6,    -4.622340E-5,    -2.527535E-4
9.391250E+6,    -3.530085E-5,    -2.245903E-4
9.397500E+6,    -4.838407E-5,    -2.304167E-4
9.403750E+6,    -4.509091E-5,    -2.403259E-4
9.410000E+6,    -3.150105E-5,    -2.187490E-4
9.416250E+6,    -6.358325E-5,    -2.352893E-4
9.422500E+6,    -2.229214E-5,    -2.447665E-4
9.428750E+6,    -5.093217E-5,    -2.487004E-4
9.435000E+6,    -3.242493E-5,    -2.217889E-4
9.441250E+6,    -5.206466E-5,    -2.295673E-4
9.447500E+6,    -3.984571E-5,    -2.433062E-4
9.453750E+6,    -5.614758E-5,    -2.418160E-4
9.460000E+6,    -3.552437E-5,    -2.563894E-4
9.466250E+6,    -4.285574E-5,    -2.396703E-4
9.472500E+6,    -4.342198E-5,    -2.396107E-4
9.478750E+6,    -4.777312E-5,    -2.485514E-4
9.485000E+6,    -2.354383E-5,    -2.543926E-4
9.491250E+6,    -3.811717E-5,    -2.749264E-4
9.497500E+6,    -5.123019E-5,    -2.450943E-4
9.503750E+6,    -6.020069E-5,    -2.405941E-4
9.510000E+6,    -4.038215E-5,    -2.557039E-4
9.516250E+6,    -6.169081E-5,    -2.596974E-4
9.522500E+6,    -6.061792E-5,    -2.437830E-4
9.528750E+6,    -4.851818E-5,    -2.579689E-4
9.535000E+6,    -3.865361E-5,    -2.242923E-4
9.541250E+6,    -4.288554E-5,    -2.555847E-4
9.547500E+6,    -5.921721E-5,    -2.531707E-4
9.553750E+6,    -4.750490E-5,    -2.675056E-4
9.560000E+6,    -6.857514E-5,    -2.490282E-4
9.566250E+6,    -4.673004E-5,    -2.712011E-4
9.572500E+6,    -7.811189E-5,    -2.699196E-4
9.578750E+6,    -4.875660E-5,    -2.480149E-4
9.585000E+6,    -6.443262E-5,    -2.462268E-4
9.591250E+6,    -4.699826E-5,    -2.546310E-4
9.597500E+6,    -6.863475E-5,    -2.578795E-4
9.603750E+6,    -4.076958E-5,    -2.554059E-4
9.610000E+6,    -5.903840E-5,    -2.689660E-4
9.616250E+6,    -5.063415E-5,    -2.731085E-4
9.622500E+6,    -5.584955E-5,    -2.596378E-4
9.628750E+6,    -4.416704E-5,    -2.520680E-4
9.635000E+6,    -3.558397E-5,    -2.564192E-4
9.641250E+6,    -5.945563E-5,    -2.526641E-4
9.647500E+6,    -4.723668E-5,    -2.672076E-4
9.653750E+6,    -5.614758E-5,    -2.658367E-4
9.660000E+6,    -3.340840E-5,    -2.695620E-4
9.666250E+6,    -6.693602E-5,    -2.834499E-4
9.672500E+6,    -6.783009E-5,    -2.576411E-4
9.678750E+6,    -6.228685E-5,    -2.777278E-4
9.685000E+6,    -6.675720E-5,    -2.639890E-4
9.691250E+6,    -3.749132E-5,    -2.658367E-4
9.697500E+6,    -4.842877E-5,    -2.799630E-4
9.703750E+6,    -6.538630E-5,    -2.993643E-4
9.710000E+6,    -5.072355E-5,    -2.509058E-4
9.716250E+6,    -5.182624E-5,    -2.731383E-4
9.722500E+6,    -8.338690E-5,    -2.705157E-4
9.728750E+6,    -5.078316E-5,    -2.796948E-4
9.735000E+6,    -6.452203E-5,    -2.612174E-4
9.741250E+6,    -5.009770E-5,    -2.636909E-4
9.747500E+6,    -6.824732E-5,    -2.796352E-4
9.753750E+6,    -4.982948E-5,    -2.669096E-4
9.760000E+6,    -5.713105E-5,    -2.689064E-4
9.766250E+6,    -6.309152E-5,    -2.774596E-4
9.772500E+6,    -5.501509E-5,    -2.793074E-4
9.778750E+6,    -6.914139E-5,    -2.826750E-4
9.785000E+6,    -7.110834E-5,    -2.790689E-4
9.791250E+6,    -5.039573E-5,    -2.767742E-4
9.797500E+6,    -6.824732E-5,    -2.666414E-4
9.803750E+6,    -5.319715E-5,    -2.988279E-4
9.810000E+6,    -7.000566E-5,    -2.922118E-4
9.816250E+6,    -6.639957E-5,    -2.799928E-4
9.822500E+6,    -4.622340E-5,    -2.748072E-4
9.828750E+6,    -6.920099E-5,    -2.987981E-4
9.835000E+6,    -5.099177E-5,    -2.896488E-4
9.841250E+6,    -6.562471E-5,    -2.934039E-4
9.847500E+6,    -9.480119E-5,    -2.671182E-4
9.853750E+6,    -3.698468E-5,    -2.967119E-4
9.860000E+6,    -4.553795E-5,    -2.912283E-4
9.866250E+6,    -5.263090E-5,    -2.964437E-4
9.872500E+6,    -6.356835E-5,    -3.099740E-4
9.878750E+6,    -6.636977E-5,    -3.028810E-4
9.885000E+6,    -6.201863E-5,    -2.942681E-4
9.891250E+6,    -8.571148E-5,    -2.887249E-4
9.897500E+6,    -5.680323E-5,    -2.889633E-4
9.903750E+6,    -8.103251E-5,    -3.125370E-4
9.910000E+6,    -6.592274E-5,    -2.868176E-4
9.916250E+6,    -5.564094E-5,    -3.059804E-4
9.922500E+6,    -8.544326E-5,    -3.015101E-4
9.928750E+6,    -7.358193E-5,    -2.951920E-4
9.935000E+6,    -8.073449E-5,    -2.968311E-4
9.941250E+6,    -1.028776E-4,    -2.969801E-4
9.947500E+6,    -8.803606E-5,    -3.010631E-4
9.953750E+6,    -5.972385E-5,    -2.990067E-4
9.960000E+6,    -6.943941E-5,    -2.933741E-4
9.966250E+6,    -7.086992E-5,    -2.861917E-4
9.972500E+6,    -9.036064E-5,    -3.040433E-4
9.978750E+6,    -9.259582E-5,    -2.967417E-4
9.985000E+6,    -6.687641E-5,    -3.165603E-4
9.991250E+6,    -8.159876E-5,    -3.228486E-4
9.997500E+6,    -7.456541E-5,    -3.211796E-4
1.000375E+7,    -1.009405E-4,    -3.337562E-4
1.001000E+7,    -7.346272E-5,    -2.921224E-4
1.001625E+7,    -9.799004E-5,    -3.148317E-4
1.002250E+7,    -9.390712E-5,    -3.090799E-4
1.002875E+7,    -9.879470E-5,    -3.244579E-4
1.003500E+7,    -6.520748E-5,    -3.141761E-4
1.004125E+7,    -7.084012E-5,    -3.293157E-4
1.004750E+7,    -6.556511E-5,    -3.212690E-4
1.005375E+7,    -7.712841E-5,    -3.375411E-4
1.006000E+7,    -8.124113E-5,    -3.198385E-4
1.006625E+7,    -7.426739E-5,    -3.255308E-4
1.007250E+7,    -9.629130E-5,    -3.219843E-4
1.007875E+7,    -9.402633E-5,    -3.389120E-4
1.008500E+7,    -7.727742E-5,    -3.148615E-4
1.009125E+7,    -8.276105E-5,    -3.295541E-4
1.009750E+7,    -8.317828E-5,    -3.327727E-4
1.010375E+7,    -1.173019E-4,    -3.482699E-4
1.011000E+7,    -7.072091E-5,    -3.267825E-4
1.011625E+7,    -7.721782E-5,    -3.382564E-4
1.012250E+7,    -8.597970E-5,    -3.288388E-4
1.012875E+7,    -9.724498E-5,    -3.085434E-4
1.013500E+7,    -8.106232E-5,    -3.236234E-4
1.014125E+7,    -1.087189E-4,    -3.349185E-4
1.014750E+7,    -8.791685E-5,    -3.381968E-4
1.015375E+7,    -9.733438E-5,    -3.286004E-4
1.016000E+7,    -8.264184E-5,    -3.336668E-4
1.016625E+7,    -9.581447E-5,    -3.389418E-4
1.017250E+7,    -9.077787E-5,    -3.310740E-4
1.017875E+7,    -1.050234E-4,    -3.431737E-4
1.018500E+7,    -1.006424E-4,    -3.308654E-4
1.019125E+7,    -8.738041E-5,    -3.257096E-4
1.019750E+7,    -8.672476E-5,    -3.324449E-4
1.020375E+7,    -8.481741E-5,    -3.433228E-4
1.021000E+7,    -8.571148E-5,    -3.462434E-4
1.021625E+7,    -1.011193E-4,    -3.516972E-4
1.022250E+7,    -1.037419E-4,    -3.334582E-4
1.022875E+7,    -7.608533E-5,    -3.335774E-4
1.023500E+7,    -7.450581E-5,    -3.542900E-4
1.024125E+7,    -1.043677E-4,    -3.472865E-4
1.024750E+7,    -9.697676E-5,    -3.495216E-4
1.025375E+7,    -8.967519E-5,    -3.626943E-4
1.026000E+7,    -1.069307E-4,    -3.432333E-4
1.026625E+7,    -1.072884E-4,    -3.463030E-4
1.027250E+7,    -1.085699E-4,    -3.392696E-4
1.027875E+7,    -1.212955E-4,    -3.615916E-4
1.028500E+7,    -1.153350E-4,    -3.534257E-4
1.029125E+7,    -1.010001E-4,    -3.657639E-4
1.029750E+7,    -9.536743E-5,    -3.546476E-4
1.030375E+7,    -1.243651E-4,    -3.570914E-4
1.031000E+7,    -1.186728E-4,    -3.591180E-4
1.031625E+7,    -1.045465E-4,    -3.549159E-4
1.032250E+7,    -8.431077E-5,    -3.564954E-4
1.032875E+7,    -1.252890E-4,    -3.804564E-4
1.033500E+7,    -1.145303E-4,    -3.510416E-4
1.034125E+7,    -1.141727E-4,    -3.579855E-4
1.034750E+7,    -1.149476E-4,    -3.677011E-4
1.035375E+7,    -1.017153E-4,    -3.668368E-4
1.036000E+7,    -1.162291E-4,    -3.606975E-4
1.036625E+7,    -6.744266E-5,    -3.708601E-4
1.037250E+7,    -9.509921E-5,    -3.833473E-4
1.037875E+7,    -1.025796E-4,    -3.907681E-4
1.038500E+7,    -1.180172E-4,    -3.878474E-4
1.039125E+7,    -1.190305E-4,    -3.805161E-4
1.039750E+7,    -1.210570E-4,    -3.696680E-4
1.040375E+7,    -1.068711E-4,    -3.827810E-4
1.041000E+7,    -1.212955E-4,    -3.833771E-4
1.041625E+7,    -1.007915E-4,    -3.821850E-4
1.042250E+7,    -1.307726E-4,    -3.728271E-4
1.042875E+7,    -1.242161E-4,    -3.794432E-4
1.043500E+7,    -1.177788E-4,    -3.859997E-4
1.044125E+7,    -1.255870E-4,    -3.859401E-4
1.044750E+7,    -1.405478E-4,    -3.722906E-4
1.045375E+7,    -1.133680E-4,    -3.777146E-4
1.046000E+7,    -1.137257E-4,    -3.808737E-4
1.046625E+7,    -1.149774E-4,    -3.914833E-4
1.047250E+7,    -1.219511E-4,    -3.951788E-4
1.047875E+7,    -1.147985E-4,    -4.194975E-4
1.048500E+7,    -1.240373E-4,    -4.122257E-4
1.049125E+7,    -1.384020E-4,    -4.056692E-4
1.049750E+7,    -1.323223E-4,    -3.838539E-4
1.050375E+7,    -1.401901E-4,    -4.085302E-4
1.051000E+7,    -1.204610E-4,    -4.037619E-4
1.051625E+7,    -1.204610E-4,    -4.076362E-4
1.052250E+7,    -1.205206E-4,    -4.075766E-4
1.052875E+7,    -1.301169E-4,    -3.964305E-4
1.053500E+7,    -1.381636E-4,    -3.960729E-4
1.054125E+7,    -1.240969E-4,    -3.920794E-4
1.054750E+7,    -1.243949E-4,    -3.992319E-4
1.055375E+7,    -1.186132E-4,    -4.203916E-4
1.056000E+7,    -1.263022E-4,    -4.057288E-4
1.056625E+7,    -1.485944E-4,    -4.303455E-4
1.057250E+7,    -1.351237E-4,    -4.013181E-4
1.057875E+7,    -1.372099E-4,    -4.223585E-4
1.058500E+7,    -1.586080E-4,    -4.116893E-4
1.059125E+7,    -1.316667E-4,    -4.184842E-4
1.059750E+7,    -1.243353E-4,    -3.970861E-4
1.060375E+7,    -1.401305E-4,    -4.292130E-4
1.061000E+7,    -1.411438E-4,    -4.144311E-4
1.061625E+7,    -1.201630E-4,    -4.181862E-4
1.062250E+7,    -1.496077E-4,    -4.206896E-4
1.062875E+7,    -1.370907E-4,    -4.382730E-4
1.063500E+7,    -1.439452E-4,    -4.165173E-4
1.064125E+7,    -1.820922E-4,    -4.441738E-4
1.064750E+7,    -1.403689E-4,    -4.482865E-4
1.065375E+7,    -1.686811E-4,    -4.473329E-4
1.066000E+7,    -1.484752E-4,    -4.439950E-4
1.066625E+7,    -1.497269E-4,    -4.403591E-4
1.067250E+7,    -1.292229E-4,    -4.408360E-4
1.067875E+7,    -1.654029E-4,    -4.321933E-4
1.068500E+7,    -1.527667E-4,    -4.500747E-4
1.069125E+7,    -1.468062E-4,    -4.466772E-4
1.069750E+7,    -1.623034E-4,    -4.493594E-4
1.070375E+7,    -1.553893E-4,    -4.490614E-4
1.071000E+7,    -1.571774E-4,    -4.666448E-4
1.071625E+7,    -1.567602E-4,    -4.521608E-4
1.072250E+7,    -1.655817E-4,    -4.513264E-4
1.072875E+7,    -1.611114E-4,    -4.690886E-4
1.073500E+7,    -1.527667E-4,    -4.552007E-4
1.074125E+7,    -1.696348E-4,    -4.715323E-4
1.074750E+7,    -1.689792E-4,    -4.458427E-4
1.075375E+7,    -1.500845E-4,    -4.621744E-4
1.076000E+7,    -1.516342E-4,    -4.757047E-4
1.076625E+7,    -1.744628E-4,    -4.803538E-4
1.077250E+7,    -1.676083E-4,    -4.774928E-4
1.077875E+7,    -1.687407E-4,    -4.699826E-4
1.078500E+7,    -1.758337E-4,    -4.657507E-4
1.079125E+7,    -1.718998E-4,    -5.052090E-4
1.079750E+7,    -1.522303E-4,    -4.842877E-4
1.080375E+7,    -1.801848E-4,    -4.711747E-4
1.081000E+7,    -1.900196E-4,    -4.850626E-4
1.081625E+7,    -1.825094E-4,    -4.891753E-4
1.082250E+7,    -1.617074E-4,    -4.903078E-4
1.082875E+7,    -1.926422E-4,    -4.801154E-4
1.083500E+7,    -1.709461E-4,    -4.711151E-4
1.084125E+7,    -1.797080E-4,    -4.776716E-4
1.084750E+7,    -1.589656E-4,    -4.750490E-4
1.085375E+7,    -1.967549E-4,    -4.823208E-4
1.086000E+7,    -1.832247E-4,    -4.904270E-4
1.086625E+7,    -1.847148E-4,    -4.860759E-4
1.087250E+7,    -1.913309E-4,    -4.783869E-4
1.087875E+7,    -1.961589E-4,    -5.064011E-4
1.088500E+7,    -2.116561E-4,    -4.968643E-4
1.089125E+7,    -1.913905E-4,    -5.134940E-4
1.089750E+7,    -2.003908E-4,    -5.159378E-4
1.090375E+7,    -2.024174E-4,    -5.189776E-4
1.091000E+7,    -1.721382E-4,    -5.044341E-4
1.091625E+7,    -1.980066E-4,    -5.226731E-4
1.092250E+7,    -1.817346E-4,    -5.059242E-4
1.092875E+7,    -2.062917E-4,    -5.171299E-4
1.093500E+7,    -2.074838E-4,    -5.131960E-4
1.094125E+7,    -2.046824E-4,    -5.418658E-4
1.094750E+7,    -2.084374E-4,    -5.013347E-4
1.095375E+7,    -2.110004E-4,    -5.081296E-4
1.096000E+7,    -1.986027E-4,    -5.207658E-4
1.096625E+7,    -2.226233E-4,    -5.349517E-4
1.097250E+7,    -1.904368E-4,    -5.463958E-4
1.097875E+7,    -2.065301E-4,    -5.436540E-4
1.098500E+7,    -2.039075E-4,    -5.266070E-4
1.099125E+7,    -2.207160E-4,    -5.235672E-4
1.099750E+7,    -2.121329E-4,    -5.097389E-4
1.100375E+7,    -2.152920E-4,    -5.307794E-4
1.101000E+7,    -2.111197E-4,    -5.379319E-4
1.101625E+7,    -2.153516E-4,    -5.586743E-4
1.102250E+7,    -2.297163E-4,    -5.459189E-4
1.102875E+7,    -2.107024E-4,    -5.628467E-4
1.103500E+7,    -2.042055E-4,    -5.601645E-4
1.104125E+7,    -2.197027E-4,    -5.570650E-4
1.104750E+7,    -2.282858E-4,    -5.558133E-4
1.105375E+7,    -2.329946E-4,    -5.686283E-4
1.106000E+7,    -2.328753E-4,    -5.571246E-4
1.106625E+7,    -2.261996E-4,    -5.690455E-4
1.107250E+7,    -2.209544E-4,    -5.668998E-4
1.107875E+7,    -2.380610E-4,    -5.712509E-4
1.108500E+7,    -2.564192E-4,    -5.788207E-4
1.109125E+7,    -2.226233E-4,    -5.879402E-4
1.109750E+7,    -2.428889E-4,    -5.731583E-4
1.110375E+7,    -2.533793E-4,    -5.893707E-4
1.111000E+7,    -2.452135E-4,    -5.766749E-4
1.111625E+7,    -2.412796E-4,    -5.872250E-4
1.112250E+7,    -2.418160E-4,    -5.767941E-4
1.112875E+7,    -2.571940E-4,    -6.062984E-4
1.113500E+7,    -2.446175E-4,    -5.763769E-4
1.114125E+7,    -2.374053E-4,    -6.105304E-4
1.114750E+7,    -2.756119E-4,    -6.029010E-4
1.115375E+7,    -2.417564E-4,    -6.133914E-4
1.116000E+7,    -2.846122E-4,    -5.995631E-4
1.116625E+7,    -2.803802E-4,    -6.389618E-4
1.117250E+7,    -2.718568E-4,    -6.257296E-4
1.117875E+7,    -2.474785E-4,    -6.105900E-4
1.118500E+7,    -2.731085E-4,    -6.104708E-4
1.119125E+7,    -2.687573E-4,    -6.483197E-4
1.119750E+7,    -2.687573E-4,    -6.405115E-4
1.120375E+7,    -2.724528E-4,    -6.418228E-4
1.121000E+7,    -2.934933E-4,    -6.867647E-4
1.121625E+7,    -3.094673E-4,    -6.942749E-4
1.122250E+7,    -2.989769E-4,    -7.100105E-4
1.122875E+7,    -3.222227E-4,    -7.758141E-4
1.123500E+7,    -3.192425E-4,    -8.505583E-4
1.124125E+7,    -3.471375E-4,    -8.053780E-4
1.124750E+7,    -3.448725E-4,    -8.251667E-4
1.125375E+7,    -3.600121E-4,    -8.083582E-4
1.126000E+7,    -3.262758E-4,    -8.103848E-4
1.126625E+7,    -3.370047E-4,    -7.756948E-4
1.127250E+7,    -3.588200E-4,    -8.592606E-4
1.127875E+7,    -3.494024E-4,    -7.976294E-4
1.128500E+7,    -3.677607E-4,    -8.103848E-4
1.129125E+7,    -3.499985E-4,    -7.790327E-4
1.129750E+7,    -3.067255E-4,    -7.088184E-4
1.130375E+7,    -3.454685E-4,    -7.728338E-4
1.131000E+7,    -3.449917E-4,    -7.978678E-4
1.131625E+7,    -3.261566E-4,    -7.811785E-4
1.132250E+7,    -3.513098E-4,    -8.338690E-4
1.132875E+7,    -3.612041E-4,    -7.952452E-4
1.133500E+7,    -3.310442E-4,    -8.467436E-4
1.134125E+7,    -3.558397E-4,    -7.852316E-4
1.134750E+7,    -3.529787E-4,    -7.903576E-4
1.135375E+7,    -3.629923E-4,    -7.700920E-4
1.136000E+7,    -3.682375E-4,    -7.443428E-4
1.136625E+7,    -3.671646E-4,    -8.016825E-4
1.137250E+7,    -3.893375E-4,    -8.103848E-4
1.137875E+7,    -4.127026E-4,    -8.579493E-4
1.138500E+7,    -3.595352E-4,    -8.410215E-4
1.139125E+7,    -3.432035E-4,    -8.150339E-4
1.139750E+7,    -3.764629E-4,    -7.947683E-4
1.140375E+7,    -3.663301E-4,    -8.029938E-4
1.141000E+7,    -3.603697E-4,    -7.693768E-4
1.141625E+7,    -3.716946E-4,    -7.865429E-4
1.142250E+7,    -4.048347E-4,    -7.995367E-4
1.142875E+7,    -3.798008E-4,    -8.625984E-4
1.143500E+7,    -3.937483E-4,    -8.287430E-4
1.144125E+7,    -4.035234E-4,    -8.213520E-4
1.144750E+7,    -4.041195E-4,    -9.063482E-4
1.145375E+7,    -4.032850E-4,    -9.195805E-4
1.146000E+7,    -4.442930E-4,    -9.011030E-4
1.146625E+7,    -4.343987E-4,    -9.573698E-4
1.147250E+7,    -3.778934E-4,    -9.346008E-4
1.147875E+7,    -4.163980E-4,    -8.620024E-4
1.148500E+7,    -4.290342E-4,    -9.278059E-4
1.149125E+7,    -4.775524E-4,    -9.900331E-4
1.149750E+7,    -4.819632E-4,    -1.059532E-3
1.150375E+7,    -4.419088E-4,    -1.033545E-3
1.151000E+7,    -4.807711E-4,    -1.028180E-3
1.151625E+7,    -4.471540E-4,    -1.024485E-3
1.152250E+7,    -4.762411E-4,    -1.011491E-3
1.152875E+7,    -4.509687E-4,    -9.852648E-4
1.153500E+7,    -4.611015E-4,    -9.139776E-4
1.154125E+7,    -5.078316E-4,    -1.051784E-3
1.154750E+7,    -4.779100E-4,    -1.044750E-3
1.155375E+7,    -4.895926E-4,    -1.025200E-3
1.156000E+7,    -4.899502E-4,    -1.206636E-3
1.156625E+7,    -5.215406E-4,    -1.194239E-3
1.157250E+7,    -5.121231E-4,    -1.198530E-3
1.157875E+7,    -5.886555E-4,    -1.205802E-3
1.158500E+7,    -5.872250E-4,    -1.317501E-3
1.159125E+7,    -4.978180E-4,    -1.191258E-3
1.159750E+7,    -4.941225E-4,    -1.158953E-3
1.160375E+7,    -5.445480E-4,    -1.233578E-3
1.161000E+7,    -5.340576E-4,    -1.220942E-3
1.161625E+7,    -6.290674E-4,    -1.321793E-3
1.162250E+7,    -6.258488E-4,    -1.414537E-3
1.162875E+7,    -5.488396E-4,    -1.740456E-3
1.163500E+7,    -4.651546E-4,    -1.866579E-3
1.164125E+7,    -1.952648E-4,    -2.182484E-3
1.164750E+7,    2.646446E-4,    -2.413511E-3
1.165375E+7,    -5.388260E-5,    -2.351284E-3
1.166000E+7,    4.508495E-4,    -2.240419E-3
1.166625E+7,    9.961128E-4,    -2.293825E-3
1.167250E+7,    1.201868E-3,    -2.050161E-3
1.167875E+7,    1.164913E-3,    -2.065182E-3
1.168500E+7,    1.180887E-3,    -2.115488E-3
1.169125E+7,    1.191378E-3,    -2.094984E-3
1.169750E+7,    1.165867E-3,    -2.131462E-3
1.170375E+7,    1.244545E-3,    -2.110958E-3
1.171000E+7,    1.193047E-3,    -2.138615E-3
1.171625E+7,    1.224041E-3,    -2.181053E-3
1.172250E+7,    1.243353E-3,    -2.165556E-3
1.172875E+7,    1.236439E-3,    -2.219915E-3
1.173500E+7,    1.204014E-3,    -2.236843E-3
1.174125E+7,    1.300097E-3,    -2.232790E-3
1.174750E+7,    1.255035E-3,    -2.290010E-3
1.175375E+7,    1.241207E-3,    -2.341032E-3
1.176000E+7,    1.276970E-3,    -2.311468E-3
1.176625E+7,    1.320601E-3,    -2.310991E-3
1.177250E+7,    1.287222E-3,    -2.354383E-3
1.177875E+7,    1.280785E-3,    -2.418518E-3
1.178500E+7,    1.232386E-3,    -2.393961E-3
1.179125E+7,    1.327515E-3,    -2.412319E-3
1.179750E+7,    1.306295E-3,    -2.484083E-3
1.180375E+7,    1.227379E-3,    -2.403021E-3
1.181000E+7,    1.259089E-3,    -2.460480E-3
1.181625E+7,    1.285791E-3,    -2.444983E-3
1.182250E+7,    1.332521E-3,    -2.549887E-3
1.182875E+7,    1.365900E-3,    -2.543449E-3
1.183500E+7,    1.394987E-3,    -2.638340E-3
1.184125E+7,    1.366615E-3,    -2.562761E-3
1.184750E+7,    1.395941E-3,    -2.645254E-3
1.185375E+7,    1.374245E-3,    -2.647638E-3
1.186000E+7,    1.376867E-3,    -2.695799E-3
1.186625E+7,    1.367092E-3,    -2.656937E-3
1.187250E+7,    1.395226E-3,    -2.753258E-3
1.187875E+7,    1.381159E-3,    -2.778530E-3
1.188500E+7,    1.410246E-3,    -2.788067E-3
1.189125E+7,    1.394749E-3,    -2.803802E-3
1.189750E+7,    1.411915E-3,    -2.825022E-3
1.190375E+7,    1.471281E-3,    -2.842903E-3
1.191000E+7,    1.462460E-3,    -2.839804E-3
1.191625E+7,    1.483917E-3,    -2.907038E-3
1.192250E+7,    1.472712E-3,    -2.910614E-3
1.192875E+7,    1.495123E-3,    -2.927303E-3
1.193500E+7,    1.513720E-3,    -3.008366E-3
1.194125E+7,    1.493692E-3,    -3.021002E-3
1.194750E+7,    1.502752E-3,    -3.017426E-3
1.195375E+7,    1.518488E-3,    -3.016472E-3
1.196000E+7,    1.553774E-3,    -3.115416E-3
1.196625E+7,    1.568317E-3,    -3.108263E-3
1.197250E+7,    1.558781E-3,    -3.204584E-3
1.197875E+7,    1.493692E-3,    -3.211498E-3
1.198500E+7,    1.502514E-3,    -3.217697E-3
1.199125E+7,    1.532555E-3,    -3.292322E-3
1.199750E+7,    1.481295E-3,    -3.290176E-3
1.200375E+7,    1.525879E-3,    -3.342867E-3
1.201000E+7,    1.570225E-3,    -3.347874E-3
1.201625E+7,    1.542807E-3,    -3.389835E-3
1.202250E+7,    1.545906E-3,    -3.443956E-3
1.202875E+7,    1.566648E-3,    -3.446341E-3
1.203500E+7,    1.578808E-3,    -3.450871E-3
1.204125E+7,    1.543283E-3,    -3.457308E-3
1.204750E+7,    1.532793E-3,    -3.466368E-3
1.205375E+7,    1.614332E-3,    -3.555059E-3
1.206000E+7,    1.577854E-3,    -3.477335E-3
1.206625E+7,    1.627207E-3,    -3.666878E-3
1.207250E+7,    1.658201E-3,    -3.681183E-3
1.207875E+7,    1.595020E-3,    -3.638268E-3
1.208500E+7,    1.602411E-3,    -3.626823E-3
1.209125E+7,    1.604557E-3,    -3.685474E-3
1.209750E+7,    1.600504E-3,    -3.697395E-3
1.210375E+7,    1.639128E-3,    -3.798008E-3
1.211000E+7,    1.661301E-3,    -3.750801E-3
1.211625E+7,    1.685619E-3,    -3.795385E-3
1.212250E+7,    1.651049E-3,    -3.809690E-3
1.212875E+7,    1.685381E-3,    -3.870249E-3
1.213500E+7,    1.677513E-3,    -3.969193E-3
1.214125E+7,    1.660347E-3,    -4.000664E-3
1.214750E+7,    1.691818E-3,    -4.031181E-3
1.215375E+7,    1.688004E-3,    -4.113674E-3
1.216000E+7,    1.672745E-3,    -4.078388E-3
1.216625E+7,    1.758575E-3,    -4.166603E-3
1.217250E+7,    1.729012E-3,    -4.188538E-3
1.217875E+7,    1.756191E-3,    -4.231930E-3
1.218500E+7,    1.775265E-3,    -4.274845E-3
1.219125E+7,    1.783371E-3,    -4.334450E-3
1.219750E+7,    1.769543E-3,    -4.376411E-3
1.220375E+7,    1.796246E-3,    -4.386425E-3
1.221000E+7,    1.844406E-3,    -4.430294E-3
1.221625E+7,    1.792908E-3,    -4.540443E-3
1.222250E+7,    1.822472E-3,    -4.567146E-3
1.222875E+7,    1.897335E-3,    -4.668713E-3
1.223500E+7,    1.902580E-3,    -4.738331E-3
1.224125E+7,    1.880169E-3,    -4.756451E-3
1.224750E+7,    1.886845E-3,    -4.817009E-3
1.225375E+7,    1.940250E-3,    -4.911423E-3
1.226000E+7,    2.003670E-3,    -4.953861E-3
1.226625E+7,    1.951694E-3,    -5.011082E-3
1.227250E+7,    1.977921E-3,    -5.055904E-3
1.227875E+7,    1.980305E-3,    -5.115032E-3
1.228500E+7,    2.041817E-3,    -5.155087E-3
1.229125E+7,    2.062798E-3,    -5.261421E-3
1.229750E+7,    2.102375E-3,    -5.328178E-3
1.230375E+7,    2.090454E-3,    -5.385399E-3
1.231000E+7,    2.127647E-3,    -5.493164E-3
1.231625E+7,    2.085686E-3,    -5.558968E-3
1.232250E+7,    2.136707E-3,    -5.608559E-3
1.232875E+7,    2.150536E-3,    -5.661011E-3
1.233500E+7,    2.209663E-3,    -5.729675E-3
1.234125E+7,    2.223492E-3,    -5.795002E-3
1.234750E+7,    2.240658E-3,    -5.903721E-3
1.235375E+7,    2.252102E-3,    -5.998611E-3
1.236000E+7,    2.311707E-3,    -6.077290E-3
1.236625E+7,    2.247810E-3,    -6.156445E-3
1.237250E+7,    2.368450E-3,    -6.253719E-3
1.237875E+7,    2.329350E-3,    -6.326675E-3
1.238500E+7,    2.374172E-3,    -6.436348E-3
1.239125E+7,    2.364635E-3,    -6.547928E-3
1.239750E+7,    2.401829E-3,    -6.595135E-3
1.240375E+7,    2.418518E-3,    -6.660938E-3
1.241000E+7,    2.475262E-3,    -6.811142E-3
1.241625E+7,    2.519608E-3,    -6.934643E-3
1.242250E+7,    2.567768E-3,    -6.998539E-3
1.242875E+7,    2.546310E-3,    -7.094860E-3
1.243500E+7,    2.548218E-3,    -7.223129E-3
1.244125E+7,    2.601624E-3,    -7.356167E-3
1.244750E+7,    2.663612E-3,    -7.452011E-3
1.245375E+7,    2.682686E-3,    -7.539749E-3
1.246000E+7,    2.742290E-3,    -7.682800E-3
1.246625E+7,    2.799511E-3,    -7.783413E-3
1.247250E+7,    2.781868E-3,    -7.911682E-3
1.247875E+7,    2.829552E-3,    -8.039474E-3
1.248500E+7,    2.878189E-3,    -8.135796E-3
1.249125E+7,    2.919197E-3,    -8.301735E-3
1.249750E+7,    2.989769E-3,    -8.461952E-3
1.250375E+7,    3.034592E-3,    -8.704185E-3
1.251000E+7,    3.015518E-3,    -8.752823E-3
1.251625E+7,    3.065109E-3,    -8.906364E-3
1.252250E+7,    3.129005E-3,    -9.038925E-3
1.252875E+7,    3.191948E-3,    -9.208679E-3
1.253500E+7,    3.195763E-3,    -9.357452E-3
1.254125E+7,    3.209114E-3,    -9.606361E-3
1.254750E+7,    3.311157E-3,    -9.709358E-3
1.255375E+7,    3.353119E-3,    -9.905815E-3
1.256000E+7,    3.366470E-3,    -1.011562E-2
1.256625E+7,    3.399849E-3,    -1.030540E-2
1.257250E+7,    3.502846E-3,    -1.046658E-2
1.257875E+7,    3.507614E-3,    -1.069832E-2
1.258500E+7,    3.564835E-3,    -1.089191E-2
1.259125E+7,    3.625870E-3,    -1.106834E-2
1.259750E+7,    3.662109E-3,    -1.134491E-2
1.260375E+7,    3.776550E-3,    -1.156998E-2
1.261000E+7,    3.726959E-3,    -1.181793E-2
1.261625E+7,    3.804207E-3,    -1.224327E-2
1.262250E+7,    3.934860E-3,    -1.229668E-2
1.262875E+7,    3.581524E-3,    -1.300669E-2
1.263500E+7,    3.968716E-3,    -1.266241E-2
1.264125E+7,    4.078865E-3,    -1.318169E-2
1.264750E+7,    4.185200E-3,    -1.351166E-2
1.265375E+7,    4.209042E-3,    -1.373148E-2
1.266000E+7,    4.132271E-3,    -1.421070E-2
1.266625E+7,    4.228592E-3,    -1.437235E-2
1.267250E+7,    9.822845E-4,    -1.552773E-2
1.267875E+7,    2.450943E-3,    -1.590157E-2
1.268500E+7,    9.737015E-4,    -1.679707E-2
1.269125E+7,    3.013611E-3,    -1.680565E-2
1.269750E+7,    4.605293E-3,    -1.591682E-2
1.270375E+7,    -7.762909E-4,    -1.649952E-2
1.271000E+7,    8.955002E-4,    -1.914310E-2
1.271625E+7,    4.953384E-3,    -1.736450E-2
1.272250E+7,    5.032539E-3,    -1.782322E-2
1.272875E+7,    5.081177E-3,    -1.836872E-2
1.273500E+7,    4.877090E-3,    -1.920319E-2
1.274125E+7,    5.198479E-3,    -1.950741E-2
1.274750E+7,    5.062103E-3,    -2.035618E-2
1.275375E+7,    5.412102E-3,    -2.044392E-2
1.276000E+7,    4.231453E-3,    -2.140045E-2
1.276625E+7,    1.547813E-3,    -2.223778E-2
1.277250E+7,    -5.238533E-3,    -1.603413E-2
1.277875E+7,    -7.876396E-3,    -2.019596E-2
1.278500E+7,    -5.023003E-3,    -2.460384E-2
1.279125E+7,    -1.826286E-3,    -2.646828E-2
1.279750E+7,    3.641129E-3,    -2.565384E-2
1.280375E+7,    -4.996300E-3,    -2.460003E-2
1.281000E+7,    -1.141548E-2,    -2.069473E-2
1.281625E+7,    -1.048851E-2,    -2.846146E-2
1.282250E+7,    -1.139832E-2,    -2.849007E-2
1.282875E+7,    -7.171631E-4,    -3.088379E-2
1.283500E+7,    -1.554489E-2,    -2.494240E-2
1.284125E+7,    4.785538E-3,    -3.505898E-2
1.284750E+7,    5.832672E-3,    -3.518105E-2
1.285375E+7,    3.009796E-3,    -3.756332E-2
1.286000E+7,    3.076553E-3,    -3.809929E-2
1.286625E+7,    2.479553E-3,    -4.073906E-2
1.287250E+7,    3.755569E-3,    -4.189110E-2
1.287875E+7,    5.788803E-3,    -4.211617E-2
1.288500E+7,    3.023148E-3,    -4.324722E-2
1.289125E+7,    -8.373260E-4,    -4.809189E-2
1.289750E+7,    -7.831573E-3,    -4.860115E-2
1.290375E+7,    3.337860E-4,    -4.999352E-2
1.291000E+7,    -4.117966E-3,    -5.255508E-2
1.291625E+7,    -8.003235E-3,    -5.685425E-2
1.292250E+7,    -1.387024E-2,    -5.026627E-2
1.292875E+7,    -1.197815E-2,    -5.817795E-2
1.293500E+7,    -3.427887E-2,    -4.476929E-2
1.294125E+7,    -2.999496E-2,    -5.318451E-2
1.294750E+7,    -3.550339E-2,    -3.950500E-2
1.295375E+7,    -3.316498E-2,    -2.420235E-2
1.296000E+7,    -2.913857E-2,    -1.772499E-2
1.296625E+7,    -2.972984E-2,    -1.670837E-2
1.297250E+7,    -3.226852E-2,    -1.721954E-2
1.297875E+7,    -3.452301E-2,    -1.719666E-2
1.298500E+7,    -3.704834E-2,    -1.708794E-2
1.299125E+7,    -4.008484E-2,    -1.685524E-2
1.299750E+7,    -4.337311E-2,    -1.633835E-2
1.300375E+7,    -4.722214E-2,    -1.564789E-2
1.301000E+7,    -5.148697E-2,    -1.446915E-2
1.301625E+7,    -5.582809E-2,    -1.259613E-2
1.302250E+7,    -6.100082E-2,    -1.008606E-2
1.302875E+7,    -6.611252E-2,    -6.423950E-3
1.303500E+7,    -7.154846E-2,    -1.621246E-3
1.304125E+7,    -7.655716E-2,    4.875183E-3
1.304750E+7,    -8.090591E-2,    1.292801E-2
1.305375E+7,    -8.377075E-2,    2.240372E-2
1.306000E+7,    -8.483505E-2,    3.356171E-2
1.306625E+7,    -8.329010E-2,    4.536057E-2
1.307250E+7,    -7.865143E-2,    5.686569E-2
1.307875E+7,    -7.169342E-2,    6.729889E-2
1.308500E+7,    -6.217194E-2,    7.514954E-2
1.309125E+7,    -5.184174E-2,    8.040619E-2
1.309750E+7,    -4.122162E-2,    8.271790E-2
1.310375E+7,    -3.134918E-2,    8.293915E-2
1.311000E+7,    -2.268219E-2,    8.158875E-2
1.311625E+7,    -1.533508E-2,    7.917023E-2
1.312250E+7,    -9.208679E-3,    7.646942E-2
1.312875E+7,    -4.249573E-3,    7.326508E-2
1.313500E+7,    -1.144409E-4,    6.996155E-2
1.314125E+7,    3.128052E-3,    6.642151E-2
1.314750E+7,    5.950928E-3,    6.344604E-2
1.315375E+7,    8.270264E-3,    6.124115E-2
1.316000E+7,    9.956360E-3,    5.856323E-2
1.316625E+7,    1.128387E-2,    5.598450E-2
1.317250E+7,    1.253510E-2,    5.319977E-2
1.317875E+7,    1.345062E-2,    5.126190E-2
1.318500E+7,    1.421356E-2,    4.927063E-2
1.319125E+7,    1.506042E-2,    4.774857E-2
1.319750E+7,    1.535416E-2,    4.550552E-2
1.320375E+7,    1.587677E-2,    4.402161E-2
1.321000E+7,    1.630783E-2,    4.305267E-2
1.321625E+7,    1.652908E-2,    4.118347E-2
1.322250E+7,    1.676178E-2,    3.993988E-2
1.322875E+7,    1.716995E-2,    3.916931E-2
1.323500E+7,    1.759338E-2,    3.838348E-2
1.324125E+7,    1.800919E-2,    3.789139E-2
1.324750E+7,    1.856613E-2,    3.780365E-2
1.325375E+7,    1.903534E-2,    3.768158E-2
1.326000E+7,    1.916122E-2,    3.664780E-2
1.326625E+7,    1.944351E-2,    3.607178E-2
1.327250E+7,    1.972580E-2,    3.565216E-2
1.327875E+7,    2.017212E-2,    3.543472E-2
1.328500E+7,    2.026749E-2,    3.470230E-2
1.329125E+7,    2.083588E-2,    3.480911E-2
1.329750E+7,    2.093124E-2,    3.438950E-2
1.330375E+7,    2.120590E-2,    3.360748E-2
1.331000E+7,    2.219009E-2,    3.414917E-2
1.331625E+7,    2.237892E-2,    3.393555E-2
1.332250E+7,    2.326775E-2,    3.446388E-2
1.332875E+7,    2.269745E-2,    3.330994E-2
1.333500E+7,    2.265739E-2,    3.197670E-2
1.334125E+7,    2.263260E-2,    3.149796E-2
1.334750E+7,    2.295303E-2,    3.098679E-2
1.335375E+7,    2.375793E-2,    3.134155E-2
1.336000E+7,    2.386284E-2,    3.120613E-2
1.336625E+7,    2.423477E-2,    3.061485E-2
1.337250E+7,    2.490044E-2,    3.103828E-2
1.337875E+7,    2.527237E-2,    3.066063E-2
1.338500E+7,    2.569199E-2,    3.031921E-2
1.339125E+7,    2.664566E-2,    3.069305E-2
1.339750E+7,    2.708054E-2,    3.047943E-2
1.340375E+7,    2.762413E-2,    3.017426E-2
1.341000E+7,    2.837372E-2,    3.013229E-2
1.341625E+7,    2.954292E-2,    3.046417E-2
1.342250E+7,    3.045273E-2,    3.038788E-2
1.342875E+7,    3.171349E-2,    3.066826E-2
1.343500E+7,    3.316116E-2,    3.086472E-2
1.344125E+7,    3.405762E-2,    3.066254E-2
1.344750E+7,    3.568649E-2,    3.078842E-2
1.345375E+7,    3.721237E-2,    3.089523E-2
1.346000E+7,    3.895569E-2,    3.070068E-2
1.346625E+7,    4.108047E-2,    3.083801E-2
1.347250E+7,    4.365540E-2,    3.098297E-2
1.347875E+7,    4.567719E-2,    3.062439E-2
1.348500E+7,    4.790115E-2,    2.980423E-2
1.349125E+7,    5.061722E-2,    2.920914E-2
1.349750E+7,    5.389023E-2,    2.838135E-2
1.350375E+7,    5.777359E-2,    2.735138E-2
1.351000E+7,    6.117630E-2,    2.561188E-2
1.351625E+7,    6.497192E-2,    2.329636E-2
1.352250E+7,    6.922531E-2,    2.028656E-2
1.352875E+7,    7.357407E-2,    1.649857E-2
1.353500E+7,    7.801437E-2,    1.150894E-2
1.354125E+7,    8.196640E-2,    5.386353E-3
1.354750E+7,    8.532333E-2,    -2.014160E-3
1.355375E+7,    8.744812E-2,    -1.072311E-2
1.356000E+7,    8.775330E-2,    -2.044296E-2
1.356625E+7,    8.592224E-2,    -3.053284E-2
1.357250E+7,    8.174133E-2,    -4.045868E-2
1.357875E+7,    7.560730E-2,    -4.928589E-2
1.358500E+7,    6.765747E-2,    -5.633545E-2
1.359125E+7,    5.863190E-2,    -6.119537E-2
1.359750E+7,    4.955292E-2,    -6.392670E-2
1.360375E+7,    4.076385E-2,    -6.465149E-2
1.361000E+7,    3.277588E-2,    -6.399536E-2
1.361625E+7,    2.592087E-2,    -6.211090E-2
1.362250E+7,    2.001953E-2,    -5.957413E-2
1.362875E+7,    1.509094E-2,    -5.671692E-2
1.363500E+7,    1.107788E-2,    -5.377960E-2
1.364125E+7,    7.850647E-3,    -5.072403E-2
1.364750E+7,    5.119324E-3,    -4.771805E-2
1.365375E+7,    2.998352E-3,    -4.493713E-2
1.366000E+7,    1.274109E-3,    -4.222488E-2
1.366625E+7,    -1.144409E-4,    -3.985596E-2
1.367250E+7,    -1.235962E-3,    -3.757095E-2
1.367875E+7,    -2.155304E-3,    -3.540802E-2
1.368500E+7,    -2.857208E-3,    -3.339767E-2
1.369125E+7,    -3.448486E-3,    -3.151321E-2
1.369750E+7,    -3.864288E-3,    -2.980042E-2
1.370375E+7,    -4.261017E-3,    -2.825928E-2
1.371000E+7,    -4.505157E-3,    -2.681732E-2
1.371625E+7,    -4.713058E-3,    -2.549934E-2
1.372250E+7,    -4.919052E-3,    -2.426910E-2
1.372875E+7,    -5.033493E-3,    -2.316093E-2
1.373500E+7,    -5.125046E-3,    -2.215004E-2
1.374125E+7,    -5.153656E-3,    -2.110672E-2
1.374750E+7,    -5.178452E-3,    -2.022362E-2
1.375375E+7,    -5.245209E-3,    -1.935005E-2
1.376000E+7,    -5.233765E-3,    -1.858521E-2
1.376625E+7,    -5.222321E-3,    -1.782608E-2
1.377250E+7,    -5.207062E-3,    -1.712227E-2
1.377875E+7,    -5.191803E-3,    -1.653099E-2
1.378500E+7,    -5.125046E-3,    -1.592255E-2
1.379125E+7,    -5.092621E-3,    -1.535034E-2
1.379750E+7,    -5.031586E-3,    -1.474380E-2
1.380375E+7,    -4.972458E-3,    -1.425362E-2
1.381000E+7,    -4.943848E-3,    -1.376724E-2
1.381625E+7,    -4.884720E-3,    -1.332664E-2
1.382250E+7,    -4.814148E-3,    -1.290512E-2
1.382875E+7,    -4.737854E-3,    -1.250839E-2
1.383500E+7,    -4.703522E-3,    -1.212502E-2
1.384125E+7,    -4.638672E-3,    -1.176262E-2
1.384750E+7,    -4.562378E-3,    -1.140404E-2
1.385375E+7,    -4.516602E-3,    -1.108074E-2
1.386000E+7,    -4.460335E-3,    -1.072979E-2
1.386625E+7,    -4.438400E-3,    -1.043510E-2
1.387250E+7,    -4.357338E-3,    -1.018810E-2
1.387875E+7,    -4.291534E-3,    -9.902000E-3
1.388500E+7,    -4.245758E-3,    -9.616852E-3
1.389125E+7,    -4.173279E-3,    -9.419441E-3
1.389750E+7,    -4.109383E-3,    -9.158134E-3
1.390375E+7,    -4.067421E-3,    -8.954048E-3
1.391000E+7,    -3.993988E-3,    -8.735657E-3
1.391625E+7,    -3.973007E-3,    -8.536339E-3
1.392250E+7,    -3.923416E-3,    -8.326530E-3
1.392875E+7,    -3.864288E-3,    -8.140564E-3
1.393500E+7,    -3.798485E-3,    -7.949829E-3
1.394125E+7,    -3.771782E-3,    -7.773876E-3
1.394750E+7,    -3.733158E-3,    -7.601738E-3
1.395375E+7,    -3.674030E-3,    -7.462025E-3
1.396000E+7,    -3.653526E-3,    -7.310867E-3
1.396625E+7,    -3.611088E-3,    -7.153988E-3
1.397250E+7,    -3.555298E-3,    -7.015705E-3
1.397875E+7,    -3.529549E-3,    -6.866932E-3
1.398500E+7,    -3.502369E-3,    -6.752968E-3
1.399125E+7,    -3.472328E-3,    -6.617069E-3
1.399750E+7,    -3.412724E-3,    -6.473541E-3
1.400375E+7,    -3.376484E-3,    -6.405830E-3
1.401000E+7,    -3.348351E-3,    -6.263256E-3
1.401625E+7,    -3.312111E-3,    -6.165981E-3
1.402250E+7,    -3.267288E-3,    -6.061554E-3
1.402875E+7,    -3.241539E-3,    -5.953312E-3
1.403500E+7,    -3.224850E-3,    -5.864620E-3
1.404125E+7,    -3.202915E-3,    -5.754948E-3
1.404750E+7,    -3.157616E-3,    -5.674362E-3
1.405375E+7,    -3.150463E-3,    -5.603313E-3
1.406000E+7,    -3.113270E-3,    -5.513668E-3
1.406625E+7,    -3.101826E-3,    -5.438805E-3
1.407250E+7,    -3.090382E-3,    -5.364895E-3
1.407875E+7,    -3.045082E-3,    -5.280495E-3
1.408500E+7,    -3.018856E-3,    -5.223751E-3
1.409125E+7,    -3.015518E-3,    -5.152225E-3
1.409750E+7,    -3.018856E-3,    -5.078793E-3
1.410375E+7,    -2.993584E-3,    -5.015850E-3
1.411000E+7,    -2.956152E-3,    -4.963636E-3
1.411625E+7,    -2.951860E-3,    -4.900217E-3
1.412250E+7,    -2.934456E-3,    -4.858017E-3
1.412875E+7,    -2.938509E-3,    -4.780293E-3
1.413500E+7,    -2.914429E-3,    -4.757643E-3
1.414125E+7,    -2.909660E-3,    -4.676104E-3
1.414750E+7,    -2.888203E-3,    -4.638433E-3
1.415375E+7,    -2.875805E-3,    -4.610062E-3
1.416000E+7,    -2.864599E-3,    -4.550219E-3
1.416625E+7,    -2.850294E-3,    -4.494905E-3
1.417250E+7,    -2.826929E-3,    -4.475594E-3
1.417875E+7,    -2.831697E-3,    -4.439831E-3
1.418500E+7,    -2.827644E-3,    -4.406452E-3
1.419125E+7,    -2.840519E-3,    -4.383802E-3
1.419750E+7,    -2.828360E-3,    -4.331350E-3
1.420375E+7,    -2.829075E-3,    -4.311085E-3
1.421000E+7,    -2.843142E-3,    -4.294634E-3
1.421625E+7,    -2.848864E-3,    -4.267931E-3
1.422250E+7,    -2.826452E-3,    -4.233837E-3
1.422875E+7,    -2.863407E-3,    -4.215956E-3
1.423500E+7,    -2.833128E-3,    -4.197836E-3
1.424125E+7,    -2.868176E-3,    -4.166126E-3
1.424750E+7,    -2.860785E-3,    -4.178286E-3
1.425375E+7,    -2.908707E-3,    -4.140854E-3
1.426000E+7,    -2.876997E-3,    -4.165411E-3
1.426625E+7,    -2.909899E-3,    -4.121780E-3
1.427250E+7,    -2.916813E-3,    -4.116297E-3
1.427875E+7,    -2.941370E-3,    -4.116297E-3
1.428500E+7,    -2.948523E-3,    -4.097700E-3
1.429125E+7,    -3.010750E-3,    -4.104376E-3
1.429750E+7,    -2.998352E-3,    -4.122972E-3
1.430375E+7,    -3.038168E-3,    -4.114389E-3
1.431000E+7,    -3.054619E-3,    -4.132509E-3
1.431625E+7,    -3.122330E-3,    -4.132986E-3
1.432250E+7,    -3.137589E-3,    -4.141808E-3
1.432875E+7,    -3.177643E-3,    -4.127264E-3
1.433500E+7,    -3.228188E-3,    -4.143715E-3
1.434125E+7,    -3.278732E-3,    -4.170895E-3
1.434750E+7,    -3.339291E-3,    -4.209042E-3
1.435375E+7,    -3.388882E-3,    -4.227400E-3
1.436000E+7,    -3.464222E-3,    -4.273653E-3
1.436625E+7,    -3.517389E-3,    -4.293919E-3
1.437250E+7,    -3.628731E-3,    -4.328728E-3
1.437875E+7,    -3.713608E-3,    -4.349709E-3
1.438500E+7,    -3.810883E-3,    -4.446507E-3
1.439125E+7,    -3.891945E-3,    -4.467964E-3
1.439750E+7,    -3.996849E-3,    -4.535198E-3
1.440375E+7,    -4.129410E-3,    -4.584789E-3
1.441000E+7,    -4.240513E-3,    -4.635811E-3
1.441625E+7,    -4.420757E-3,    -4.720211E-3
1.442250E+7,    -4.596710E-3,    -4.772186E-3
1.442875E+7,    -4.796028E-3,    -4.884720E-3
1.443500E+7,    -5.013466E-3,    -4.964828E-3
1.444125E+7,    -5.259037E-3,    -5.050659E-3
1.444750E+7,    -5.548477E-3,    -5.147934E-3
1.445375E+7,    -5.863190E-3,    -5.260944E-3
1.446000E+7,    -6.253719E-3,    -5.358696E-3
1.446625E+7,    -6.670952E-3,    -5.481243E-3
1.447250E+7,    -7.185936E-3,    -5.589008E-3
1.447875E+7,    -7.791519E-3,    -5.658627E-3
1.448500E+7,    -8.500576E-3,    -5.725861E-3
1.449125E+7,    -9.343624E-3,    -5.705357E-3
1.449750E+7,    -1.035881E-2,    -5.655289E-3
1.450375E+7,    -1.160526E-2,    -5.414009E-3
1.451000E+7,    -1.304722E-2,    -4.930496E-3
1.451625E+7,    -1.474857E-2,    -4.081726E-3
1.452250E+7,    -1.657677E-2,    -2.541542E-3
1.452875E+7,    -1.834393E-2,    -1.077652E-4
1.453500E+7,    -1.940632E-2,    3.357887E-3
1.454125E+7,    -1.912785E-2,    7.591248E-3
1.454750E+7,    -1.686764E-2,    1.167488E-2
1.455375E+7,    -1.324272E-2,    1.434898E-2
1.456000E+7,    -9.217739E-3,    1.517391E-2
1.456625E+7,    -5.824089E-3,    1.464748E-2
1.457250E+7,    -3.344536E-3,    1.345921E-2
1.457875E+7,    -1.646519E-3,    1.201391E-2
1.458500E+7,    -5.083084E-4,    1.063824E-2
1.459125E+7,    2.017021E-4,    9.391785E-3
1.459750E+7,    6.475449E-4,    8.340836E-3
1.460375E+7,    9.498596E-4,    7.409096E-3
1.461000E+7,    1.106501E-3,    6.649733E-3
1.461625E+7,    1.207590E-3,    5.986691E-3
1.462250E+7,    1.258135E-3,    5.380392E-3
1.462875E+7,    1.257420E-3,    4.909515E-3
1.463500E+7,    1.258135E-3,    4.454374E-3
1.464125E+7,    1.271009E-3,    4.110575E-3
1.464750E+7,    1.228571E-3,    3.754616E-3
1.465375E+7,    1.194000E-3,    3.486872E-3
1.466000E+7,    1.148939E-3,    3.225327E-3
1.466625E+7,    1.109362E-3,    2.965927E-3
1.467250E+7,    1.085162E-3,    2.774000E-3
1.467875E+7,    1.030445E-3,    2.603650E-3
1.468500E+7,    9.994507E-4,    2.412319E-3
1.469125E+7,    9.539127E-4,    2.286315E-3
1.469750E+7,    9.155273E-4,    2.140880E-3
1.470375E+7,    8.749962E-4,    1.991749E-3
1.471000E+7,    8.472204E-4,    1.859426E-3
1.471625E+7,    7.933378E-4,    1.795053E-3
1.472250E+7,    7.969141E-4,    1.677275E-3
1.472875E+7,    7.320642E-4,    1.584411E-3
1.473500E+7,    7.227659E-4,    1.504421E-3
1.474125E+7,    6.954670E-4,    1.419425E-3
1.474750E+7,    6.718636E-4,    1.346350E-3
1.475375E+7,    6.574988E-4,    1.273870E-3
1.476000E+7,    6.211400E-4,    1.223207E-3
1.476625E+7,    5.884171E-4,    1.137018E-3
1.477250E+7,    5.607009E-4,    1.109838E-3
1.477875E+7,    5.310774E-4,    1.046479E-3
1.478500E+7,    5.193353E-4,    9.878874E-4
1.479125E+7,    5.283952E-4,    9.714365E-4
1.479750E+7,    4.922152E-4,    8.941889E-4
1.480375E+7,    4.677773E-4,    8.661747E-4
1.481000E+7,    4.481077E-4,    8.243322E-4
1.481625E+7,    4.307032E-4,    8.108616E-4
1.482250E+7,    4.167557E-4,    7.609725E-4
1.482875E+7,    4.137158E-4,    7.389784E-4
1.483500E+7,    3.900528E-4,    6.976128E-4
1.484125E+7,    3.890395E-4,    6.595254E-4
1.484750E+7,    3.762841E-4,    6.674528E-4
1.485375E+7,    3.316998E-4,    6.363988E-4
1.486000E+7,    3.364980E-4,    5.993247E-4
1.486625E+7,    3.255010E-4,    5.781353E-4
1.487250E+7,    3.229082E-4,    5.187988E-4
1.487875E+7,    3.148317E-4,    5.193651E-4
1.488500E+7,    3.002286E-4,    5.062222E-4
1.489125E+7,    2.932847E-4,    4.922152E-4
1.489750E+7,    2.723634E-4,    4.874468E-4
1.490375E+7,    2.576113E-4,    4.528463E-4
1.491000E+7,    2.572536E-4,    4.306138E-4
1.491625E+7,    2.450049E-4,    4.319549E-4
1.492250E+7,    2.508163E-4,    4.084706E-4
1.492875E+7,    2.220869E-4,    3.906488E-4
1.493500E+7,    2.277493E-4,    3.666878E-4
1.494125E+7,    2.298355E-4,    3.734231E-4
1.494750E+7,    2.187788E-4,    3.540218E-4
1.495375E+7,    2.033114E-4,    3.557801E-4
1.496000E+7,    2.075136E-4,    3.180802E-4
1.496625E+7,    1.747310E-4,    3.161430E-4
1.497250E+7,    1.897663E-4,    2.905726E-4
1.497875E+7,    1.651496E-4,    3.105104E-4
1.498500E+7,    1.698583E-4,    2.567917E-4
1.499125E+7,    1.717359E-4,    2.786070E-4
1.499750E+7,    1.453161E-4,    2.543330E-4
1.500375E+7,    1.597553E-4,    2.507269E-4
1.501000E+7,    1.601726E-4,    2.655387E-4
1.501625E+7,    1.400560E-4,    2.252907E-4
1.502250E+7,    1.659989E-4,    2.341568E-4
1.502875E+7,    1.357943E-4,    1.951903E-4
1.503500E+7,    1.327097E-4,    2.263337E-4
1.504125E+7,    1.333952E-4,    2.261251E-4
1.504750E+7,    1.327842E-4,    2.035648E-4
1.505375E+7,    1.408905E-4,    2.169013E-4
1.506000E+7,    1.192540E-4,    1.913011E-4
1.506625E+7,    1.197904E-4,    1.906902E-4
1.507250E+7,    1.280010E-4,    1.887828E-4
1.507875E+7,    1.138300E-4,    1.612902E-4
1.508500E+7,    1.020581E-4,    1.866519E-4
1.509125E+7,    8.929521E-5,    1.212731E-4
1.509750E+7,    1.113489E-4,    1.302660E-4
1.510375E+7,    8.537620E-5,    1.603141E-4
1.511000E+7,    1.005456E-4,    1.334921E-4
1.511625E+7,    9.642541E-5,    1.416802E-4
1.512250E+7,    9.480864E-5,    1.342520E-4
1.512875E+7,    9.138137E-5,    1.194477E-4
1.513500E+7,    8.251518E-5,    1.142249E-4
1.514125E+7,    5.665421E-5,    1.293197E-4
1.514750E+7,    8.011609E-5,    1.301020E-4
1.515375E+7,    7.142127E-5,    1.249909E-4
1.516000E+7,    7.109344E-5,    1.095235E-4
1.516625E+7,    6.786734E-5,    1.105592E-4
1.517250E+7,    7.108599E-5,    9.396672E-5
1.517875E+7,    6.998330E-5,    1.019388E-4
1.518500E+7,    6.730855E-5,    7.971376E-5
1.519125E+7,    5.548447E-5,    9.096414E-5
1.519750E+7,    8.992851E-5,    1.108944E-4
1.520375E+7,    5.743653E-5,    1.058951E-4
1.521000E+7,    7.057935E-5,    1.096651E-4
1.521625E+7,    7.959455E-5,    7.540733E-5
1.522250E+7,    7.203221E-5,    8.635968E-5
1.522875E+7,    5.333126E-5,    1.003519E-4
1.523500E+7,    5.932152E-5,    5.871058E-5
1.524125E+7,    2.897531E-5,    6.105751E-5
1.524750E+7,    5.784631E-5,    7.493794E-5
1.525375E+7,    4.252791E-5,    6.450713E-5
1.526000E+7,    5.076081E-5,    5.372241E-5
1.526625E+7,    4.933402E-5,    7.068366E-5
1.527250E+7,    3.743172E-5,    5.905330E-5
1.527875E+7,    2.099574E-5,    5.718321E-5
1.528500E+7,    4.021823E-5,    4.211441E-5
1.529125E+7,    5.284324E-5,    5.405024E-5
1.529750E+7,    5.922839E-5,    5.980954E-5
1.530375E+7,    3.219396E-5,    5.341694E-5
1.531000E+7,    3.922731E-5,    5.922094E-5
1.531625E+7,    3.353506E-5,    4.451349E-5
1.532250E+7,    3.239885E-5,    2.000667E-5
1.532875E+7,    2.454966E-5,    3.122725E-5
1.533500E+7,    4.310906E-5,    2.466142E-5
1.534125E+7,    3.046170E-5,    5.507097E-5
1.534750E+7,    2.801418E-5,    4.806742E-5
1.535375E+7,    5.821139E-5,    8.533895E-5
1.536000E+7,    3.174692E-5,    2.295896E-5
1.536625E+7,    1.097471E-5,    5.855784E-5
1.537250E+7,    3.136136E-5,    3.180094E-5
1.537875E+7,    3.398210E-5,    5.831569E-5
1.538500E+7,    2.709404E-5,    6.262586E-5
1.539125E+7,    3.042817E-5,    6.077066E-5
1.539750E+7,    1.739152E-5,    2.963096E-5
1.540375E+7,    3.588572E-5,    -7.066876E-6
1.541000E+7,    3.375858E-5,    2.784654E-5
1.541625E+7,    1.647323E-5,    3.674999E-5
1.542250E+7,    4.438311E-5,    2.625957E-5
1.542875E+7,    -4.503876E-6,    1.969654E-5
1.543500E+7,    3.089383E-5,    2.045371E-5
1.544125E+7,    1.811050E-5,    2.919137E-5
1.544750E+7,    1.478009E-5,    2.150238E-5
1.545375E+7,    6.968156E-6,    2.548657E-5
1.546000E+7,    3.121048E-5,    2.440438E-5
1.546625E+7,    2.939999E-5,    5.104765E-5
1.547250E+7,    1.817010E-5,    3.819726E-5
1.547875E+7,    2.171099E-5,    3.612228E-5
1.548500E+7,    -1.798756E-5,    -2.763420E-5
1.549125E+7,    1.842529E-5,    3.807433E-5
1.549750E+7,    3.178418E-5,    3.343076E-5
1.550375E+7,    -4.537404E-6,    2.221670E-5
1.551000E+7,    8.040108E-6,    -4.027504E-6
1.551625E+7,    1.972914E-5,    3.890693E-5
1.552250E+7,    -7.413095E-6,    3.680587E-6
1.552875E+7,    -7.613562E-6,    -5.591195E-6
1.553500E+7,    -2.151821E-5,    1.119636E-5
1.554125E+7,    1.216633E-5,    3.563706E-6
1.554750E+7,    3.023818E-5,    9.931624E-6
1.555375E+7,    2.442673E-5,    2.362765E-5
1.556000E+7,    3.192760E-5,    -4.796311E-6
1.556625E+7,    3.613532E-7,    1.118053E-5
1.557250E+7,    -4.110392E-6,    1.302781E-5
1.557875E+7,    3.737956E-5,    2.089329E-5
1.558500E+7,    1.501199E-5,    1.039729E-5
1.559125E+7,    1.584366E-5,    2.859905E-5
1.559750E+7,    -7.494353E-6,    -5.096663E-6
1.560375E+7,    -1.814216E-6,    3.787689E-5
1.561000E+7,    -1.672469E-5,    2.805237E-5
1.561625E+7,    -1.265109E-5,    3.566593E-5
1.562250E+7,    -4.032161E-6,    -6.989110E-6
1.562875E+7,    -7.101102E-6,    4.082220E-6
1.563500E+7,    3.435882E-6,    -2.003042E-6
1.564125E+7,    -7.872470E-6,    -1.347065E-5
1.564750E+7,    1.386460E-5,    7.492490E-7
1.565375E+7,    6.639166E-6,    -3.977446E-6
1.566000E+7,    3.286754E-6,    -1.961016E-6
1.566625E+7,    7.082708E-7,    8.606352E-6
1.567250E+7,    8.021481E-6,    1.314469E-5
1.567875E+7,    -1.055142E-5,    -2.512243E-6
1.568500E+7,    -1.782551E-5,    -7.000752E-6
1.569125E+7,    -9.764452E-6,    6.048940E-6
1.569750E+7,    1.611188E-6,    1.701433E-5
1.570375E+7,    1.937151E-5,    -1.221150E-5
1.571000E+7,    -8.136034E-6,    -1.282059E-5
1.571625E+7,    8.171424E-6,    1.279172E-5
1.572250E+7,    -2.196804E-5,    -1.303852E-5
1.572875E+7,    -2.423301E-5,    -2.443790E-6
1.573500E+7,    1.367740E-5,    1.373701E-7
1.574125E+7,    3.162189E-6,    -2.076849E-6
1.574750E+7,    -6.324379E-6,    4.188158E-6
1.575375E+7,    1.054723E-6,    8.403324E-6
1.576000E+7,    1.050252E-5,    2.061948E-6
1.576625E+7,    -3.151363E-6,    2.126326E-6
1.577250E+7,    6.270595E-6,    -4.262896E-6
1.577875E+7,    -8.102506E-7,    1.894590E-5
1.578500E+7,    -1.055747E-5,    -1.951121E-6
1.579125E+7,    -2.300367E-5,    6.752089E-6
1.579750E+7,    -6.818213E-6,    -2.295896E-5
1.580375E+7,    -7.443596E-6,    -4.007015E-6
1.581000E+7,    5.085021E-7,    -1.889374E-5
1.581625E+7,    -7.452909E-6,    -3.943220E-6
1.582250E+7,    6.131362E-6,    -4.393049E-6
1.582875E+7,    3.050081E-6,    -2.207933E-6
1.583500E+7,    -2.716854E-5,    1.084991E-6
1.584125E+7,    -1.641922E-5,    -1.601502E-5
1.584750E+7,    1.620501E-6,    -1.054257E-5
1.585375E+7,    -1.053186E-5,    -1.592562E-6
1.586000E+7,    2.410449E-5,    8.447096E-7
1.586625E+7,    -1.478475E-6,    1.054257E-5
1.587250E+7,    -6.123446E-6,    -1.425389E-5
1.587875E+7,    1.353445E-5,    -8.684583E-7
1.588500E+7,    -1.394190E-6,    1.054211E-5
1.589125E+7,    1.190603E-5,    -9.198207E-6
1.589750E+7,    -1.515727E-5,    -7.216819E-6
1.590375E+7,    -1.090299E-5,    -2.006721E-5
1.591000E+7,    -1.350092E-5,    1.067761E-6
1.591625E+7,    -1.224689E-6,    1.054211E-5
1.592250E+7,    9.374693E-6,    1.170486E-5
1.592875E+7,    -2.108887E-5,    -2.268702E-6
1.593500E+7,    2.107956E-5,    2.231449E-6
1.594125E+7,    -5.797716E-6,    4.737405E-6
1.594750E+7,    -1.039356E-6,    1.053652E-5
1.595375E+7,    -1.529697E-5,    -6.776303E-6
1.596000E+7,    -1.048483E-5,    -3.021769E-5
1.596625E+7,    2.866844E-6,    -2.406654E-6
1.597250E+7,    -1.537427E-5,    -6.620772E-6
1.597875E+7,    1.255516E-5,    9.000301E-6
1.598500E+7,    -9.709969E-6,    -1.139846E-5
1.599125E+7,    7.953495E-7,    -1.056120E-5
1.599750E+7,    -2.111401E-5,    -1.507811E-6
1.600375E+7,    7.494912E-5,    -2.656505E-5
1.601000E+7,    -1.316145E-5,    9.670854E-5
1.601625E+7,    2.036802E-5,    2.529658E-5
1.602250E+7,    -4.389137E-5,    1.395568E-4
1.602875E+7,    9.506196E-5,    -2.432242E-5
1.603500E+7,    2.235919E-5,    6.021932E-5
1.604125E+7,    -3.652833E-5,    -9.702519E-6
1.604750E+7,    -6.175786E-5,    1.066551E-5
1.605375E+7,    -4.206598E-5,    4.164875E-5
1.606000E+7,    -4.031509E-5,    -2.747029E-5
1.606625E+7,    -1.733378E-5,    -1.059137E-4
1.607250E+7,    3.843009E-5,    4.465505E-5
1.607875E+7,    2.025533E-5,    -2.668332E-5
1.608500E+7,    -1.492444E-5,    4.145317E-6
1.609125E+7,    -6.155297E-5,    -1.831725E-5
1.609750E+7,    1.227483E-4,    1.345575E-5
1.610375E+7,    3.048033E-5,    3.801659E-5
1.611000E+7,    5.776063E-5,    5.587935E-7
1.611625E+7,    -1.110025E-4,    1.082197E-5
1.612250E+7,    -1.151524E-4,    2.188981E-5
1.612875E+7,    2.978370E-5,    -6.027520E-5
1.613500E+7,    -5.801022E-5,    -2.381951E-5
1.614125E+7,    3.993139E-5,    5.646423E-5
1.614750E+7,    6.213039E-5,    1.167059E-4
1.615375E+7,    2.156943E-5,    -1.420304E-4
1.616000E+7,    -1.265183E-4,    7.259846E-5
1.616625E+7,    3.712811E-5,    4.157424E-6
1.617250E+7,    -2.384000E-5,    3.199838E-5
1.617875E+7,    -1.427578E-5,    -1.612585E-6
1.618500E+7,    -5.617738E-6,    1.265705E-4
1.619125E+7,    -5.577505E-5,    -1.789257E-5
1.619750E+7,    -3.141165E-5,    -3.555790E-6
1.620375E+7,    7.505715E-5,    -4.930049E-5
1.621000E+7,    -5.442090E-5,    4.590675E-5
1.621625E+7,    5.660765E-5,    -3.985502E-5
1.622250E+7,    2.984516E-5,    -8.159317E-6
1.622875E+7,    -6.125122E-5,    1.317859E-4
1.623500E+7,    -2.374128E-5,    -2.003461E-5
1.624125E+7,    -3.684312E-6,    5.741045E-5
1.624750E+7,    5.346164E-5,    6.397441E-5
1.625375E+7,    1.290590E-4,    1.362413E-4
1.626000E+7,    -4.217401E-5,    -1.059659E-5
1.626625E+7,    -5.794875E-5,    5.121157E-5
1.627250E+7,    -1.493236E-5,    4.081056E-6
1.627875E+7,    -6.165355E-6,    -4.696101E-5
1.628500E+7,    7.281452E-5,    1.704916E-4
1.629125E+7,    -1.206249E-5,    7.963553E-5
1.629750E+7,    -1.405254E-4,    -8.566678E-5
1.630375E+7,    -3.997236E-5,    -4.597008E-6
1.631000E+7,    2.745353E-5,    -3.736466E-5
1.631625E+7,    -1.625810E-5,    1.546647E-5
1.632250E+7,    -5.289912E-5,    -9.291619E-5
1.632875E+7,    -6.370945E-6,    5.046604E-6
1.633500E+7,    6.341934E-5,    1.631677E-6
1.634125E+7,    1.123920E-5,    -9.708479E-5
1.634750E+7,    4.994869E-5,    -1.561865E-4
1.635375E+7,    -5.609542E-5,    1.843870E-4
1.636000E+7,    5.615130E-5,    -1.092069E-4
1.636625E+7,    -1.865067E-5,    -1.376122E-5
1.637250E+7,    -1.170412E-4,    8.472428E-5
1.637875E+7,    -3.413856E-5,    1.927540E-4
1.638500E+7,    8.317828E-5,    5.599856E-5
1.639125E+7,    -7.692352E-5,    1.414493E-5
1.639750E+7,    4.285388E-5,    5.032867E-6
1.640375E+7,    -1.361780E-5,    -7.392839E-6
1.641000E+7,    -2.336316E-5,    2.622511E-5
1.641625E+7,    -1.335815E-4,    7.685274E-5
1.642250E+7,    6.160140E-5,    2.390146E-4
1.642875E+7,    1.354609E-6,    -1.142547E-5
1.643500E+7,    -4.824996E-5,    4.060008E-5
1.644125E+7,    4.373491E-6,    1.210067E-5
1.644750E+7,    -5.390123E-5,    6.318092E-5
1.645375E+7,    -9.009615E-5,    7.620826E-5
1.646000E+7,    5.673245E-5,    -6.277859E-5
1.646625E+7,    5.281530E-5,    -5.362555E-6
1.647250E+7,    4.353374E-5,    -5.699694E-7
1.647875E+7,    -2.766773E-5,    -8.443370E-5
1.648500E+7,    -1.767371E-5,    2.685934E-5
1.649125E+7,    -1.659244E-5,    -3.095157E-5
1.649750E+7,    -2.082996E-5,    -1.989491E-5
1.650375E+7,    4.983321E-5,    -2.888590E-5
1.651000E+7,    3.408641E-5,    1.026541E-4
1.651625E+7,    3.235787E-5,    4.452839E-5
1.652250E+7,    -1.369510E-6,    1.142779E-5
1.652875E+7,    -3.077090E-5,    1.588389E-4
1.653500E+7,    2.466328E-5,    -6.084889E-5
1.654125E+7,    -3.661215E-5,    -3.340468E-5
1.654750E+7,    -6.335601E-5,    6.780773E-5
1.655375E+7,    3.985502E-5,    -4.163757E-5
1.656000E+7,    -2.138689E-5,    9.007752E-6
1.656625E+7,    -3.934652E-5,    -1.057982E-5
1.657250E+7,    -4.606694E-5,    -7.522106E-5
1.657875E+7,    -6.018206E-5,    -3.051758E-5
1.658500E+7,    5.907565E-5,    1.116768E-4
1.659125E+7,    -3.447384E-5,    1.642331E-4
1.659750E+7,    -7.890631E-6,    -6.766990E-6
1.660375E+7,    -1.973659E-5,    9.047240E-5
1.661000E+7,    -6.528199E-5,    -8.342415E-5
1.661625E+7,    -3.524497E-5,    -6.816164E-5
1.662250E+7,    2.716016E-5,    -8.287840E-6
1.662875E+7,    -2.956390E-5,    -9.074807E-5
1.663500E+7,    -9.734184E-6,    8.016825E-5
1.664125E+7,    -3.220886E-5,    1.858920E-6
1.664750E+7,    -2.801418E-5,    -5.577877E-5
1.665375E+7,    -9.373575E-5,    2.921745E-5
1.666000E+7,    3.507733E-5,    -1.501292E-6
1.666625E+7,    2.419949E-5,    -7.844716E-5
1.667250E+7,    6.297231E-5,    -1.547858E-5
1.667875E+7,    7.842481E-5,    -1.647025E-4
1.668500E+7,    -1.745969E-4,    7.138401E-5
1.669125E+7,    1.415145E-6,    -1.144595E-5
1.669750E+7,    4.725903E-5,    4.075095E-5
1.670375E+7,    4.855916E-5,    -1.103580E-4
1.671000E+7,    -7.718801E-6,    1.560301E-4
1.671625E+7,    2.067909E-5,    -7.310882E-5
1.672250E+7,    -3.870577E-5,    -6.303936E-5
1.672875E+7,    -3.083237E-5,    -9.678304E-6
1.673500E+7,    6.946921E-5,    -2.050400E-5
1.674125E+7,    -4.723854E-5,    5.744398E-6
1.674750E+7,    -1.017265E-4,    2.218783E-5
1.675375E+7,    2.726912E-5,    3.834069E-5
1.676000E+7,    -7.519871E-5,    1.972541E-5
1.676625E+7,    2.293661E-5,    -6.702542E-5
1.677250E+7,    6.733462E-5,    -7.313490E-5
1.677875E+7,    -5.755574E-6,    -4.729629E-5
1.678500E+7,    5.529076E-5,    -9.207428E-5
1.679125E+7,    -7.886440E-5,    2.499297E-5
1.679750E+7,    -3.369525E-5,    -1.006201E-5
1.680375E+7,    -1.794379E-5,    2.686214E-5
1.681000E+7,    -1.645461E-5,    -3.119744E-5
1.681625E+7,    -3.732182E-5,    1.858920E-5
1.682250E+7,    -4.592538E-5,    1.753494E-5
1.682875E+7,    -4.798174E-5,    -5.856156E-5
1.683500E+7,    -6.873906E-5,    -1.019686E-4
1.684125E+7,    -1.083687E-5,    3.940985E-5
1.684750E+7,    -2.218597E-5,    -3.196672E-5
1.685375E+7,    5.665421E-5,    1.302361E-5
1.686000E+7,    2.116635E-4,    9.447336E-6
1.686625E+7,    4.948862E-5,    4.898757E-7
1.687250E+7,    3.065914E-6,    -9.291619E-5
1.687875E+7,    -5.378574E-5,    -3.600121E-5
1.688500E+7,    -2.143532E-5,    -3.775023E-5
1.689125E+7,    -2.934970E-5,    -2.125092E-5
1.689750E+7,    7.725507E-5,    -1.243055E-4
1.690375E+7,    -5.942211E-5,    -6.009266E-5
1.691000E+7,    4.891865E-5,    -1.709722E-5
1.691625E+7,    1.116470E-4,    -1.431555E-4
1.692250E+7,    -1.804437E-5,    2.686679E-5
1.692875E+7,    -8.272380E-5,    3.028661E-5
1.693500E+7,    3.824010E-5,    -4.763156E-5
1.694125E+7,    -2.468005E-5,    7.855892E-5
1.694750E+7,    1.000613E-5,    1.297519E-5
1.695375E+7,    -7.314608E-6,    3.411435E-5
1.696000E+7,    8.822978E-5,    4.057586E-5
1.696625E+7,    -6.595626E-5,    -3.194436E-5
1.697250E+7,    9.355694E-5,    -2.289191E-5
1.697875E+7,    2.095252E-4,    2.318174E-4
1.698500E+7,    1.528859E-4,    -3.425181E-4
1.699125E+7,    -3.425032E-5,    -5.123392E-5
1.699750E+7,    -2.399087E-5,    -2.194420E-4
1.700375E+7,    7.012859E-6,    3.595278E-5
1.701000E+7,    9.798259E-5,    1.237020E-4
1.701625E+7,    -6.128475E-5,    2.126768E-5
1.702250E+7,    9.205192E-5,    -1.225695E-4
1.702875E+7,    -2.589449E-5,    -3.388152E-6
1.703500E+7,    -4.951656E-5,    -2.401695E-5
1.704125E+7,    2.406165E-5,    6.165728E-5
1.704750E+7,    -4.380010E-6,    1.112744E-5
1.705375E+7,    8.828938E-5,    4.080683E-5
1.706000E+7,    -2.785586E-5,    -3.288500E-5
1.706625E+7,    -3.512762E-5,    -2.215430E-5
1.707250E+7,    -6.182119E-5,    9.134784E-5
1.707875E+7,    -1.664832E-5,    1.535565E-5
1.708500E+7,    -1.746342E-4,    -5.231798E-5
1.709125E+7,    8.504838E-5,    8.731335E-5
1.709750E+7,    -1.230985E-4,    -1.100004E-4
1.710375E+7,    2.133846E-5,    3.792346E-5
1.711000E+7,    4.564039E-5,    -3.489107E-5
1.711625E+7,    2.625957E-5,    -4.340895E-5
1.712250E+7,    -6.197393E-5,    3.505498E-6
1.712875E+7,    -1.174212E-5,    -6.600469E-5
1.713500E+7,    3.984384E-5,    -3.571808E-5
1.714125E+7,    7.070228E-5,    -2.577528E-5
1.714750E+7,    3.581494E-5,    -7.138401E-5
1.715375E+7,    -5.047955E-5,    4.999340E-6
1.716000E+7,    -2.744421E-5,    8.073635E-6
1.716625E+7,    1.099110E-4,    3.219396E-5
1.717250E+7,    1.189858E-5,    4.257075E-5
1.717875E+7,    5.813316E-5,    -6.255880E-5
1.718500E+7,    -1.383107E-5,    1.574494E-5
1.719125E+7,    4.085153E-5,    2.306700E-5
1.719750E+7,    3.483146E-7,    4.111789E-5
1.720375E+7,    -9.345263E-5,    4.027039E-5
1.721000E+7,    1.817569E-5,    6.110594E-5
1.721625E+7,    1.019007E-5,    -1.036609E-5
1.722250E+7,    2.748054E-5,    -8.022413E-6
1.722875E+7,    2.349913E-5,    -4.376471E-5
1.723500E+7,    2.678856E-5,    6.229803E-5
1.724125E+7,    3.824383E-5,    -7.152557E-7
1.724750E+7,    5.592406E-5,    1.073256E-4
1.725375E+7,    -4.500896E-5,    -1.878887E-4
1.726000E+7,    6.575137E-6,    5.956739E-5
1.726625E+7,    -8.340925E-6,    3.995188E-5
1.727250E+7,    -4.624948E-5,    8.174777E-5
1.727875E+7,    1.866743E-5,    7.886812E-5
1.728500E+7,    8.017197E-5,    -6.735325E-6
1.729125E+7,    9.074807E-6,    -1.103692E-4
1.729750E+7,    -2.102926E-6,    -6.154645E-6
1.730375E+7,    -1.520896E-5,    3.810972E-6
1.731000E+7,    1.746044E-5,    -8.568913E-5
1.731625E+7,    2.089292E-4,    1.048744E-4
1.732250E+7,    3.769994E-6,    1.238436E-4
1.732875E+7,    1.402348E-4,    -1.611561E-5
1.733500E+7,    5.348213E-5,    -4.447997E-6
1.734125E+7,    2.912339E-5,    -1.954194E-5
1.734750E+7,    -2.096593E-5,    -1.262203E-4
1.735375E+7,    -1.066364E-6,    2.922770E-5
1.736000E+7,    -1.594350E-4,    -1.612306E-5
1.736625E+7,    -3.330968E-5,    7.187948E-6
1.737250E+7,    8.189306E-5,    -8.273125E-5
1.737875E+7,    2.353936E-4,    2.045929E-5
1.738500E+7,    6.057322E-5,    7.297844E-5
1.739125E+7,    -5.326793E-5,    -1.907721E-5
1.739750E+7,    -7.513911E-5,    -1.162514E-4
1.740375E+7,    1.559779E-5,    -9.192526E-5
1.741000E+7,    2.967287E-5,    -1.790933E-6
1.741625E+7,    4.136935E-5,    -6.489456E-5
1.742250E+7,    1.364108E-5,    7.759780E-6
1.742875E+7,    2.020504E-5,    2.779998E-6
1.743500E+7,    -2.391636E-6,    1.732074E-5
1.744125E+7,    2.632383E-5,    -1.987815E-5
1.744750E+7,    3.931299E-5,    3.486499E-5
1.745375E+7,    5.736947E-6,    -1.051687E-4
1.746000E+7,    1.347624E-5,    -3.346242E-5
1.746625E+7,    8.116290E-5,    -1.225621E-5
1.747250E+7,    5.828589E-5,    -8.024275E-5
1.747875E+7,    -2.423581E-5,    2.606306E-5
1.748500E+7,    -8.334965E-5,    -9.988248E-5
1.749125E+7,    -6.171316E-5,    -8.522719E-5
1.749750E+7,    7.293746E-5,    -3.696233E-5
1.750375E+7,    -5.428866E-5,    -5.469099E-5
1.751000E+7,    -6.220490E-5,    4.430488E-5
1.751625E+7,    4.590303E-5,    3.000349E-5
1.752250E+7,    4.214421E-5,    3.540516E-5
1.752875E+7,    -3.283843E-5,    -8.133054E-5
1.753500E+7,    2.323464E-5,    4.454702E-5
1.754125E+7,    -3.921427E-5,    6.256625E-6
1.754750E+7,    -1.039356E-6,    -7.686764E-5
1.755375E+7,    -8.586794E-6,    4.007481E-5
1.756000E+7,    9.483658E-6,    -4.560687E-6
1.756625E+7,    -7.621571E-5,    5.995482E-5
1.757250E+7,    -4.595518E-5,    -7.138401E-5
1.757875E+7,    1.815520E-5,    -3.323890E-6
1.758500E+7,    2.853945E-5,    2.767146E-5
1.759125E+7,    -3.887713E-5,    -1.728907E-5
1.759750E+7,    -1.477599E-4,    -1.448095E-4
1.760375E+7,    1.660362E-5,    4.950911E-5
1.761000E+7,    2.518669E-5,    -3.182329E-5
1.761625E+7,    2.811477E-5,    9.898096E-6
1.762250E+7,    -5.618110E-5,    -1.983345E-5
1.762875E+7,    -7.063150E-5,    -2.184883E-5
1.763500E+7,    2.893060E-5,    4.151836E-6
1.764125E+7,    -9.515882E-5,    4.116446E-6
1.764750E+7,    1.380593E-4,    2.551824E-5
1.765375E+7,    -3.846735E-5,    -8.225068E-5
1.766000E+7,    3.285706E-6,    -6.448478E-5
1.766625E+7,    -1.984555E-5,    1.488999E-5
1.767250E+7,    -2.272800E-5,    -2.690405E-5
1.767875E+7,    -8.076429E-5,    1.302063E-4
1.768500E+7,    3.882125E-5,    5.877018E-5
1.769125E+7,    1.142919E-5,    1.257583E-4
1.769750E+7,    -1.608059E-4,    -1.127273E-5
1.770375E+7,    2.890080E-5,    8.692220E-5
1.771000E+7,    -5.722046E-5,    6.857514E-5
1.771625E+7,    1.184642E-6,    5.337223E-5
1.772250E+7,    -1.899898E-6,    -8.894131E-5
1.772875E+7,    -2.486445E-5,    4.962645E-5
1.773500E+7,    2.403930E-5,    -4.384853E-5
1.774125E+7,    2.945773E-5,    -6.083027E-5
1.774750E+7,    5.952269E-5,    3.813207E-5
1.775375E+7,    7.421896E-5,    -8.392334E-5
1.776000E+7,    -7.397681E-5,    -4.032999E-5
1.776625E+7,    1.551509E-4,    9.341538E-5
1.777250E+7,    8.624047E-5,    7.765740E-5
1.777875E+7,    -1.503378E-4,    3.737211E-5
1.778500E+7,    3.262237E-5,    4.023686E-5
1.779125E+7,    -8.583069E-6,    -4.268810E-5
1.779750E+7,    -2.937950E-5,    -2.203323E-5
1.780375E+7,    -1.041815E-4,    -5.662441E-5
1.781000E+7,    3.678724E-7,    1.779757E-5
1.781625E+7,    -1.448859E-5,    -2.108514E-6
1.782250E+7,    -2.016127E-5,    -4.437566E-5
1.782875E+7,    -8.331612E-6,    1.652725E-5
1.783500E+7,    -2.197921E-5,    8.638017E-6
1.784125E+7,    1.300126E-5,    -6.921217E-5
1.784750E+7,    -4.460290E-5,    8.232519E-5
1.785375E+7,    1.972541E-5,    -7.412210E-5
1.786000E+7,    1.006108E-5,    -2.815481E-5
1.786625E+7,    -3.207847E-5,    -6.397441E-5
1.787250E+7,    4.193559E-5,    -2.345815E-5
1.787875E+7,    -3.804080E-5,    -2.336688E-5
1.788500E+7,    7.269159E-5,    -3.078580E-5
1.789125E+7,    -4.127994E-5,    -4.157051E-5
1.789750E+7,    4.831515E-5,    -4.627928E-5
1.790375E+7,    -4.168227E-5,    4.128926E-5
1.791000E+7,    5.854852E-5,    -1.507439E-5
1.791625E+7,    -3.001094E-5,    -5.780160E-5
1.792250E+7,    2.183393E-5,    3.283098E-5
1.792875E+7,    -2.576783E-5,    1.397729E-5
1.793500E+7,    -4.294328E-6,    2.901815E-5
1.794125E+7,    9.927154E-5,    -9.119511E-6
1.794750E+7,    -4.261732E-5,    4.707463E-5
1.795375E+7,    -5.922467E-5,    -2.066791E-5
1.796000E+7,    -4.026666E-5,    7.115304E-5
1.796625E+7,    -3.977865E-5,    -1.186132E-5
1.797250E+7,    -3.343076E-5,    -3.468245E-5
1.797875E+7,    2.791360E-5,    5.163252E-5
1.798500E+7,    -4.485250E-6,    -8.968264E-5
1.799125E+7,    1.135767E-4,    3.464520E-5
1.799750E+7,    -1.167879E-6,    -1.205411E-5
1.800375E+7,    5.464256E-5,    3.194809E-5
1.801000E+7,    -2.757460E-5,    2.554618E-5
1.801625E+7,    2.026744E-5,    -5.630963E-5
1.802250E+7,    -4.007109E-5,    2.961978E-5
1.802875E+7,    -3.368035E-5,    6.618723E-5
1.803500E+7,    -1.095422E-4,    3.704429E-5
1.804125E+7,    4.268996E-5,    -4.706345E-5
1.804750E+7,    -1.478568E-4,    5.497038E-5
1.805375E+7,    -2.468005E-5,    -3.339723E-5
1.806000E+7,    7.294491E-5,    -3.062934E-5
1.806625E+7,    -5.519018E-6,    1.699105E-5
1.807250E+7,    8.974224E-5,    -1.231208E-4
1.807875E+7,    -5.809823E-6,    -8.752104E-7
1.808500E+7,    1.507625E-5,    3.788806E-5
1.809125E+7,    -4.131906E-5,    1.756847E-5
1.809750E+7,    4.015863E-5,    -1.482442E-4
1.810375E+7,    -1.039505E-4,    -3.949553E-5
1.811000E+7,    4.684925E-5,    -9.393692E-5
1.811625E+7,    -1.810491E-5,    8.044019E-5
1.812250E+7,    3.108755E-5,    1.066178E-5
1.812875E+7,    4.201382E-5,    -1.599714E-4
1.813500E+7,    -3.372505E-5,    6.729737E-6
1.814125E+7,    1.147017E-4,    -3.021583E-5
1.814750E+7,    -1.214445E-5,    -3.755093E-5
1.815375E+7,    -9.737909E-6,    -7.288530E-5
1.816000E+7,    -3.326684E-6,    -9.567663E-5
1.816625E+7,    2.646446E-5,    -1.744851E-4
1.817250E+7,    -6.335601E-5,    -3.345311E-5
1.817875E+7,    -8.434057E-5,    1.238585E-4
1.818500E+7,    2.635643E-6,    -1.741387E-5
1.819125E+7,    -1.050904E-5,    8.765981E-5
1.819750E+7,    4.835054E-5,    7.285178E-5
1.820375E+7,    -6.567314E-5,    1.829118E-6
1.821000E+7,    -6.578863E-5,    1.821667E-6
1.821625E+7,    4.870817E-5,    -4.607253E-5
1.822250E+7,    1.075864E-5,    -6.979704E-5
1.822875E+7,    7.397681E-5,    1.006648E-4
1.823500E+7,    8.724164E-6,    1.344364E-6
1.824125E+7,    -3.725290E-5,    1.074336E-4
1.824750E+7,    5.589053E-5,    -9.258464E-5
1.825375E+7,    -1.024604E-4,    -6.939471E-5
1.826000E+7,    8.725002E-5,    1.347065E-5
1.826625E+7,    -2.589077E-7,    5.954690E-5
1.827250E+7,    3.538840E-5,    -3.622286E-5
1.827875E+7,    4.230253E-5,    -2.324395E-5
1.828500E+7,    8.952245E-5,    3.772601E-5
1.829125E+7,    3.560260E-5,    5.910918E-5
1.829750E+7,    -1.521781E-6,    -4.789978E-5
1.830375E+7,    -1.073256E-5,    -8.507818E-5
1.831000E+7,    4.782900E-5,    3.722310E-5
1.831625E+7,    -2.914667E-5,    -9.983033E-5
1.832250E+7,    -2.309121E-5,    1.429673E-5
1.832875E+7,    -7.630326E-6,    1.073489E-5
1.833500E+7,    -1.655668E-4,    -1.628399E-4
1.834125E+7,    1.274049E-5,    1.389720E-5
1.834750E+7,    -8.749589E-5,    6.386638E-5
1.835375E+7,    -4.345551E-6,    4.705042E-5
1.836000E+7,    -6.383285E-6,    -5.467795E-5
1.836625E+7,    7.092953E-6,    3.091991E-5
1.837250E+7,    2.563745E-5,    4.576519E-5
1.837875E+7,    5.294755E-5,    -3.350340E-5
1.838500E+7,    -5.696528E-5,    2.097711E-5
1.839125E+7,    3.010035E-5,    1.121014E-4
1.839750E+7,    3.897771E-5,    1.803972E-5
1.840375E+7,    -9.523332E-5,    -2.089515E-5
1.841000E+7,    1.182873E-5,    1.976360E-5
1.841625E+7,    1.946744E-5,    9.027310E-6
1.842250E+7,    4.761294E-5,    -9.405613E-5
1.842875E+7,    -7.470325E-5,    2.048910E-7
1.843500E+7,    7.997081E-5,    -5.312264E-5
1.844125E+7,    -7.822178E-6,    -7.203314E-6
1.844750E+7,    -1.697429E-5,    5.105324E-5
1.845375E+7,    -6.156415E-5,    -4.552305E-5
1.846000E+7,    -1.564529E-5,    -1.440290E-5
1.846625E+7,    -6.243214E-5,    5.581602E-5
1.847250E+7,    -1.185462E-4,    -2.476573E-5
1.847875E+7,    6.921589E-6,    1.264811E-4
1.848500E+7,    -4.810095E-5,    -7.329509E-5
1.849125E+7,    5.306304E-5,    8.013099E-5
1.849750E+7,    -1.590326E-5,    -5.030259E-5
1.850375E+7,    -1.042709E-4,    7.307529E-5
1.851000E+7,    -7.396191E-5,    -2.368167E-5
1.851625E+7,    2.045184E-5,    -1.102313E-4
1.852250E+7,    -8.720532E-5,    2.199411E-5
1.852875E+7,    5.590171E-5,    -5.087815E-5
1.853500E+7,    -5.931407E-5,    -1.349971E-4
1.854125E+7,    1.074597E-4,    9.476393E-5
1.854750E+7,    3.581680E-5,    -1.821667E-5
1.855375E+7,    -3.136098E-4,    5.176663E-5
1.856000E+7,    1.273230E-4,    8.381903E-6