SAVED BY: 
TITLE: 
COMMENTS: 
DATE: 10/27/2020
TIME: 3:23 PM

STIMULUS, REAL, IMAGINARY

8.560000E+6,    -1.790375E-5,    -1.853630E-4
8.566250E+6,    -5.804002E-6,    -1.683831E-4
8.572500E+6,    -1.557916E-5,    -1.578778E-4
8.578750E+6,    -1.405180E-5,    -1.804754E-4
8.585000E+6,    -1.125038E-5,    -1.633614E-4
8.591250E+6,    7.480383E-6,    -1.838207E-4
8.597500E+6,    -1.458824E-5,    -1.606345E-4
8.603750E+6,    -1.556426E-5,    -1.804009E-4
8.610000E+6,    1.937151E-7,    -1.563206E-4
8.616250E+6,    3.978610E-6,    -1.713410E-4
8.622500E+6,    -1.722574E-5,    -1.898855E-4
8.628750E+6,    1.133978E-5,    -1.594126E-4
8.635000E+6,    -2.939254E-5,    -1.768097E-4
8.641250E+6,    -1.019984E-5,    -1.680851E-4
8.647500E+6,    -2.329051E-5,    -1.748651E-4
8.653750E+6,    -2.081692E-5,    -1.775995E-4
8.660000E+6,    -6.295741E-6,    -1.832098E-4
8.666250E+6,    -2.413988E-6,    -1.887083E-4
8.672500E+6,    -9.894371E-6,    -1.806095E-4
8.678750E+6,    -3.010035E-5,    -1.792461E-4
8.685000E+6,    1.406670E-5,    -1.775771E-4
8.691250E+6,    -2.954155E-5,    -1.916960E-4
8.697500E+6,    -1.834333E-5,    -2.048314E-4
8.703750E+6,    -2.101064E-6,    -1.813322E-4
8.710000E+6,    -2.287328E-6,    -1.813397E-4
8.716250E+6,    -2.183020E-5,    -1.697093E-4
8.722500E+6,    -7.607043E-6,    -1.761913E-4
8.728750E+6,    -1.430511E-6,    -1.840740E-4
8.735000E+6,    5.900860E-6,    -1.823008E-4
8.741250E+6,    -8.039176E-6,    -1.885518E-4
8.747500E+6,    -3.844500E-6,    -1.712963E-4
8.753750E+6,    -1.961738E-5,    -1.748353E-4
8.760000E+6,    -1.090020E-5,    -1.857355E-4
8.766250E+6,    -1.119822E-5,    -1.856461E-4
8.772500E+6,    -1.833588E-5,    -1.776591E-4
8.778750E+6,    -2.680719E-5,    -1.790971E-4
8.785000E+6,    -4.559010E-5,    -1.894906E-4
8.791250E+6,    -2.969056E-5,    -1.763850E-4
8.797500E+6,    -1.683831E-5,    -1.924932E-4
8.803750E+6,    1.452863E-6,    -1.823381E-4
8.810000E+6,    4.045665E-6,    -1.751855E-4
8.816250E+6,    -1.760572E-5,    -2.052486E-4
8.822500E+6,    -1.505017E-5,    -1.857132E-4
8.828750E+6,    -2.393126E-5,    -1.745895E-4
8.835000E+6,    -2.008677E-5,    -1.572967E-4
8.841250E+6,    -2.519786E-5,    -1.742095E-4
8.847500E+6,    -1.088530E-5,    -1.936778E-4
8.853750E+6,    -1.229346E-6,    -1.951829E-4
8.860000E+6,    -2.766401E-5,    -1.838058E-4
8.866250E+6,    -6.102026E-6,    -1.891628E-4
8.872500E+6,    -2.817065E-5,    -1.836270E-4
8.878750E+6,    -1.704693E-5,    -1.878515E-4
8.885000E+6,    -1.152605E-5,    -1.962557E-4
8.891250E+6,    -6.295741E-6,    -1.920834E-4
8.897500E+6,    5.602837E-6,    -1.963228E-4
8.903750E+6,    3.725290E-7,    -1.781732E-4
8.910000E+6,    -9.179115E-6,    -1.893118E-4
8.916250E+6,    -2.174824E-5,    -1.848042E-4
8.922500E+6,    -1.440197E-5,    -1.834109E-4
8.928750E+6,    -2.788007E-5,    -2.015531E-4
8.935000E+6,    -9.581447E-6,    -1.793727E-4
8.941250E+6,    -1.163036E-5,    -1.892224E-4
8.947500E+6,    -2.013892E-5,    -1.777485E-4
8.953750E+6,    -6.332994E-6,    -1.850426E-4
8.960000E+6,    -1.040846E-5,    -1.919493E-4
8.966250E+6,    4.298985E-6,    -1.896247E-4
8.972500E+6,    -2.150983E-5,    -1.901463E-4
8.978750E+6,    -1.585484E-5,    -2.113506E-4
8.985000E+6,    -1.439452E-5,    -1.889542E-4
8.991250E+6,    -1.244992E-5,    -2.174005E-4
8.997500E+6,    -1.975894E-5,    -1.576692E-4
9.003750E+6,    -2.712011E-5,    -2.219081E-4
9.010000E+6,    -1.242012E-5,    -2.070740E-4
9.016250E+6,    -1.093745E-5,    -1.975074E-4
9.022500E+6,    -5.404651E-5,    -2.092123E-4
9.028750E+6,    -1.937896E-5,    -1.986474E-4
9.035000E+6,    -2.369285E-5,    -1.925156E-4
9.041250E+6,    -1.641363E-5,    -2.042055E-4
9.047500E+6,    -2.706796E-5,    -1.894981E-4
9.053750E+6,    -2.728403E-5,    -2.149642E-4
9.060000E+6,    -3.504008E-5,    -1.901984E-4
9.066250E+6,    -2.229214E-5,    -2.109483E-4
9.072500E+6,    -1.461804E-5,    -1.973212E-4
9.078750E+6,    -2.357364E-5,    -2.108514E-4
9.085000E+6,    -2.394617E-5,    -2.107620E-4
9.091250E+6,    -1.628697E-5,    -2.102032E-4
9.097500E+6,    -2.653897E-5,    -2.075806E-4
9.103750E+6,    -4.307926E-5,    -2.217740E-4
9.110000E+6,    -5.275011E-5,    -1.943856E-4
9.116250E+6,    -1.135468E-5,    -1.809299E-4
9.122500E+6,    -1.011789E-5,    -1.837909E-4
9.128750E+6,    -3.546476E-5,    -2.239794E-4
9.135000E+6,    -2.912432E-5,    -1.948401E-4
9.141250E+6,    -2.168119E-5,    -2.224147E-4
9.147500E+6,    -3.056228E-5,    -2.200603E-4
9.153750E+6,    -4.009902E-5,    -2.049357E-4
9.160000E+6,    -2.607703E-5,    -2.290010E-4
9.166250E+6,    -3.796816E-5,    -2.104789E-4
9.172500E+6,    -4.132837E-5,    -1.919493E-4
9.178750E+6,    -1.953542E-5,    -1.872256E-4
9.185000E+6,    -3.084540E-5,    -2.381951E-4
9.191250E+6,    -9.879470E-6,    -2.052784E-4
9.197500E+6,    -3.252923E-5,    -2.226979E-4
9.203750E+6,    -3.257394E-5,    -2.098083E-4
9.210000E+6,    -4.151464E-5,    -2.102554E-4
9.216250E+6,    -3.366172E-5,    -2.096444E-4
9.222500E+6,    -4.184246E-5,    -2.100170E-4
9.228750E+6,    -2.066791E-5,    -2.057329E-4
9.235000E+6,    -2.577901E-5,    -2.122074E-4
9.241250E+6,    -4.777312E-5,    -2.163202E-4
9.247500E+6,    -3.141910E-5,    -2.030730E-4
9.253750E+6,    -3.100932E-5,    -2.186000E-4
9.260000E+6,    -1.443923E-5,    -2.210736E-4
9.266250E+6,    -2.573431E-5,    -2.306551E-4
9.272500E+6,    -2.644956E-5,    -2.150536E-4
9.278750E+6,    -2.528727E-5,    -2.179742E-4
9.285000E+6,    -4.616380E-5,    -2.248436E-4
9.291250E+6,    -4.643202E-5,    -2.407283E-4
9.297500E+6,    -2.531707E-5,    -2.210140E-4
9.303750E+6,    -1.297891E-5,    -2.302974E-4
9.310000E+6,    -2.738833E-5,    -2.178997E-4
9.316250E+6,    -3.708899E-5,    -2.307594E-4
9.322500E+6,    -3.771484E-5,    -2.303571E-4
9.328750E+6,    -2.698600E-5,    -2.367795E-4
9.335000E+6,    -3.249943E-5,    -2.270639E-4
9.341250E+6,    -2.822280E-5,    -2.207905E-4
9.347500E+6,    -3.471971E-5,    -2.240241E-4
9.353750E+6,    -5.093217E-5,    -2.241284E-4
9.360000E+6,    -2.160668E-5,    -2.207756E-4
9.366250E+6,    -4.291534E-5,    -2.269447E-4
9.372500E+6,    -3.582239E-5,    -2.112091E-4
9.378750E+6,    -2.941489E-5,    -2.237558E-4
9.385000E+6,    -4.476309E-5,    -2.267063E-4
9.391250E+6,    -4.017353E-5,    -2.203733E-4
9.397500E+6,    -3.457069E-5,    -2.169758E-4
9.403750E+6,    -1.883507E-5,    -2.174973E-4
9.410000E+6,    -4.291534E-5,    -2.169311E-4
9.416250E+6,    -3.622472E-5,    -2.483279E-4
9.422500E+6,    -3.349781E-5,    -2.232194E-4
9.428750E+6,    -5.164742E-5,    -2.512038E-4
9.435000E+6,    -4.395843E-5,    -2.356768E-4
9.441250E+6,    -3.656745E-5,    -2.355576E-4
9.447500E+6,    -4.458427E-5,    -2.194047E-4
9.453750E+6,    -6.124377E-5,    -2.505779E-4
9.460000E+6,    -5.650520E-5,    -2.285838E-4
9.466250E+6,    -3.650784E-5,    -2.385378E-4
9.472500E+6,    -6.145239E-5,    -2.532601E-4
9.478750E+6,    -3.471971E-5,    -2.447665E-4
9.485000E+6,    -6.204844E-5,    -2.374053E-4
9.491250E+6,    -4.658103E-5,    -2.377629E-4
9.497500E+6,    -4.097819E-5,    -2.348125E-4
9.503750E+6,    -3.972650E-5,    -2.377629E-4
9.510000E+6,    -4.798174E-5,    -2.565980E-4
9.516250E+6,    -5.117059E-5,    -2.501309E-4
9.522500E+6,    -2.878904E-5,    -2.132356E-4
9.528750E+6,    -6.005168E-5,    -2.495050E-4
9.535000E+6,    -5.462766E-5,    -2.277792E-4
9.541250E+6,    -4.351139E-5,    -2.722144E-4
9.547500E+6,    -5.823374E-5,    -2.206266E-4
9.553750E+6,    -2.926588E-5,    -2.540648E-4
9.560000E+6,    -5.239248E-5,    -2.370775E-4
9.566250E+6,    -4.133582E-5,    -2.471805E-4
9.572500E+6,    -4.184246E-5,    -2.470016E-4
9.578750E+6,    -7.203221E-5,    -2.480447E-4
9.585000E+6,    -3.430247E-5,    -2.476871E-4
9.591250E+6,    -6.371737E-5,    -2.516508E-4
9.597500E+6,    -6.839633E-5,    -2.416968E-4
9.603750E+6,    -4.452467E-5,    -2.654791E-4
9.610000E+6,    -6.449223E-5,    -2.545118E-4
9.616250E+6,    -5.319715E-5,    -2.456307E-4
9.622500E+6,    -6.338954E-5,    -2.604723E-4
9.628750E+6,    -4.637241E-5,    -2.464652E-4
9.635000E+6,    -5.194545E-5,    -2.519786E-4
9.641250E+6,    -6.178021E-5,    -2.478063E-4
9.647500E+6,    -4.974008E-5,    -2.422035E-4
9.653750E+6,    -2.822280E-5,    -2.602637E-4
9.660000E+6,    -6.622076E-5,    -2.597868E-4
9.666250E+6,    -3.251433E-5,    -2.505779E-4
9.672500E+6,    -5.000830E-5,    -2.455413E-4
9.678750E+6,    -5.349517E-5,    -2.768636E-4
9.685000E+6,    -5.263090E-5,    -2.613962E-4
9.691250E+6,    -4.184246E-5,    -2.526939E-4
9.697500E+6,    -6.511807E-5,    -2.499819E-4
9.703750E+6,    -6.720424E-5,    -2.656281E-4
9.710000E+6,    -6.231666E-5,    -2.599359E-4
9.716250E+6,    -7.706881E-5,    -2.423227E-4
9.722500E+6,    -4.684925E-5,    -2.454519E-4
9.728750E+6,    -7.390976E-5,    -2.742708E-4
9.735000E+6,    -5.984306E-5,    -2.729595E-4
9.741250E+6,    -4.887581E-5,    -2.643168E-4
9.747500E+6,    -7.325411E-5,    -2.613068E-4
9.753750E+6,    -6.413460E-5,    -2.880394E-4
9.760000E+6,    -6.651878E-5,    -2.592504E-4
9.766250E+6,    -6.890297E-5,    -2.775788E-4
9.772500E+6,    -3.898144E-5,    -2.561510E-4
9.778750E+6,    -6.079674E-5,    -2.596676E-4
9.785000E+6,    -5.945563E-5,    -2.437234E-4
9.791250E+6,    -6.279349E-5,    -2.783239E-4
9.797500E+6,    -6.499887E-5,    -2.749264E-4
9.803750E+6,    -5.868077E-5,    -2.726316E-4
9.810000E+6,    -7.569790E-5,    -2.670288E-4
9.816250E+6,    -5.161762E-5,    -2.735853E-4
9.822500E+6,    -5.576015E-5,    -2.634227E-4
9.828750E+6,    -6.702542E-5,    -2.776980E-4
9.835000E+6,    -5.805492E-5,    -2.598763E-4
9.841250E+6,    -7.086992E-5,    -2.898276E-4
9.847500E+6,    -5.006790E-5,    -2.897978E-4
9.853750E+6,    -6.654859E-5,    -2.870560E-4
9.860000E+6,    -6.502867E-5,    -2.908409E-4
9.866250E+6,    -7.274747E-5,    -2.925992E-4
9.872500E+6,    -5.537271E-5,    -2.762377E-4
9.878750E+6,    -6.011128E-5,    -2.882481E-4
9.885000E+6,    -6.523728E-5,    -2.744794E-4
9.891250E+6,    -6.198883E-5,    -2.882779E-4
9.897500E+6,    -6.419420E-5,    -2.810359E-4
9.903750E+6,    -3.963709E-5,    -2.920330E-4
9.910000E+6,    -7.188320E-5,    -2.826452E-4
9.916250E+6,    -7.197261E-5,    -2.861023E-4
9.922500E+6,    -6.213784E-5,    -2.685487E-4
9.928750E+6,    -8.344650E-5,    -3.001988E-4
9.935000E+6,    -6.914139E-5,    -3.029108E-4
9.941250E+6,    -6.940961E-5,    -2.768040E-4
9.947500E+6,    -5.713105E-5,    -2.696514E-4
9.953750E+6,    -6.809831E-5,    -2.577901E-4
9.960000E+6,    -5.367398E-5,    -2.864301E-4
9.966250E+6,    -5.814433E-5,    -2.985895E-4
9.972500E+6,    -6.586313E-5,    -2.746582E-4
9.978750E+6,    -7.659197E-5,    -3.141761E-4
9.985000E+6,    -5.477667E-5,    -2.893806E-4
9.991250E+6,    -7.486343E-5,    -3.015101E-4
9.997500E+6,    -7.396936E-5,    -3.081262E-4
1.000375E+7,    -7.516146E-5,    -3.015995E-4
1.001000E+7,    -4.625320E-5,    -3.012121E-4
1.001625E+7,    -7.507205E-5,    -3.077984E-4
1.002250E+7,    -6.532669E-5,    -2.903044E-4
1.002875E+7,    -7.358193E-5,    -2.887547E-4
1.003500E+7,    -8.282065E-5,    -3.126264E-4
1.004125E+7,    -6.312132E-5,    -3.074408E-4
1.004750E+7,    -6.538630E-5,    -3.004372E-4
1.005375E+7,    -6.425381E-5,    -3.073514E-4
1.006000E+7,    -5.802512E-5,    -3.054440E-4
1.006625E+7,    -8.863211E-5,    -3.015697E-4
1.007250E+7,    -7.840991E-5,    -3.170967E-4
1.007875E+7,    -8.615851E-5,    -3.181696E-4
1.008500E+7,    -8.371472E-5,    -2.996027E-4
1.009125E+7,    -7.683039E-5,    -3.302693E-4
1.009750E+7,    -6.181002E-5,    -3.077388E-4
1.010375E+7,    -8.711219E-5,    -3.245473E-4
1.011000E+7,    -9.220839E-5,    -3.036857E-4
1.011625E+7,    -8.264184E-5,    -3.159046E-4
1.012250E+7,    -7.027388E-5,    -3.093481E-4
1.012875E+7,    -6.809831E-5,    -3.228486E-4
1.013500E+7,    -9.277463E-5,    -3.131330E-4
1.014125E+7,    -9.348989E-5,    -3.165603E-4
1.014750E+7,    -6.568432E-5,    -3.102124E-4
1.015375E+7,    -9.831786E-5,    -3.313720E-4
1.016000E+7,    -9.515882E-5,    -3.159642E-4
1.016625E+7,    -9.196997E-5,    -3.331602E-4
1.017250E+7,    -9.503961E-5,    -3.223419E-4
1.017875E+7,    -1.054108E-4,    -3.100634E-4
1.018500E+7,    -9.593368E-5,    -3.218055E-4
1.019125E+7,    -8.815527E-5,    -3.275871E-4
1.019750E+7,    -8.183718E-5,    -3.257990E-4
1.020375E+7,    -9.682775E-5,    -3.286004E-4
1.021000E+7,    -9.331107E-5,    -3.131330E-4
1.021625E+7,    -6.785989E-5,    -3.335178E-4
1.022250E+7,    -9.572506E-5,    -3.485978E-4
1.022875E+7,    -8.183718E-5,    -3.461540E-4
1.023500E+7,    -1.070499E-4,    -3.286600E-4
1.024125E+7,    -8.511543E-5,    -3.353059E-4
1.024750E+7,    -8.693337E-5,    -3.282726E-4
1.025375E+7,    -8.761883E-5,    -3.282726E-4
1.026000E+7,    -1.145303E-4,    -3.469884E-4
1.026625E+7,    -8.729100E-5,    -3.381968E-4
1.027250E+7,    -1.029372E-4,    -3.336668E-4
1.027875E+7,    -7.656217E-5,    -3.254116E-4
1.028500E+7,    -1.080632E-4,    -3.588200E-4
1.029125E+7,    -1.090169E-4,    -3.582537E-4
1.029750E+7,    -9.250641E-5,    -3.304183E-4
1.030375E+7,    -1.098514E-4,    -3.618598E-4
1.031000E+7,    -9.152293E-5,    -3.472269E-4
1.031625E+7,    -1.126230E-4,    -3.541112E-4
1.032250E+7,    -8.505583E-5,    -3.462434E-4
1.032875E+7,    -1.209676E-4,    -3.577173E-4
1.033500E+7,    -1.074672E-4,    -3.557801E-4
1.034125E+7,    -8.454919E-5,    -3.667474E-4
1.034750E+7,    -9.620190E-5,    -3.424585E-4
1.035375E+7,    -1.238883E-4,    -3.503859E-4
1.036000E+7,    -9.572506E-5,    -3.561676E-4
1.036625E+7,    -9.196997E-5,    -3.379285E-4
1.037250E+7,    -1.251996E-4,    -3.531575E-4
1.037875E+7,    -1.218915E-4,    -3.845692E-4
1.038500E+7,    -1.125336E-4,    -3.575683E-4
1.039125E+7,    -1.062751E-4,    -3.531277E-4
1.039750E+7,    -1.068711E-4,    -3.600121E-4
1.040375E+7,    -1.066923E-4,    -3.669262E-4
1.041000E+7,    -1.294017E-4,    -3.585219E-4
1.041625E+7,    -1.355410E-4,    -3.765225E-4
1.042250E+7,    -1.215339E-4,    -3.749728E-4
1.042875E+7,    -9.307265E-5,    -3.823340E-4
1.043500E+7,    -1.115501E-4,    -3.619194E-4
1.044125E+7,    -1.233816E-4,    -3.781319E-4
1.044750E+7,    -1.064837E-4,    -3.504455E-4
1.045375E+7,    -1.257658E-4,    -3.775358E-4
1.046000E+7,    -1.125932E-4,    -3.717542E-4
1.046625E+7,    -1.133084E-4,    -3.786087E-4
1.047250E+7,    -1.282692E-4,    -3.731251E-4
1.047875E+7,    -1.076460E-4,    -3.775358E-4
1.048500E+7,    -1.165867E-4,    -3.603101E-4
1.049125E+7,    -1.014173E-4,    -3.801286E-4
1.049750E+7,    -1.240373E-4,    -3.783703E-4
1.050375E+7,    -1.317859E-4,    -3.822446E-4
1.051000E+7,    -1.259446E-4,    -3.775358E-4
1.051625E+7,    -1.237392E-4,    -4.125834E-4
1.052250E+7,    -1.131892E-4,    -3.689528E-4
1.052875E+7,    -1.261830E-4,    -3.985167E-4
1.053500E+7,    -1.326799E-4,    -4.025698E-4
1.054125E+7,    -1.125336E-4,    -3.932714E-4
1.054750E+7,    -1.163483E-4,    -3.786087E-4
1.055375E+7,    -1.441240E-4,    -3.945827E-4
1.056000E+7,    -1.440644E-4,    -4.017949E-4
1.056625E+7,    -1.597404E-4,    -3.982782E-4
1.057250E+7,    -1.183152E-4,    -3.885031E-4
1.057875E+7,    -1.474619E-4,    -3.970265E-4
1.058500E+7,    -1.469254E-4,    -4.107356E-4
1.059125E+7,    -1.550317E-4,    -4.250407E-4
1.059750E+7,    -1.201630E-4,    -4.193187E-4
1.060375E+7,    -1.274943E-4,    -4.161596E-4
1.061000E+7,    -1.289845E-4,    -4.122853E-4
1.061625E+7,    -1.369715E-4,    -4.090667E-4
1.062250E+7,    -1.237392E-4,    -3.972054E-4
1.062875E+7,    -1.391768E-4,    -4.149675E-4
1.063500E+7,    -1.397729E-4,    -4.072785E-4
1.064125E+7,    -1.189113E-4,    -4.213452E-4
1.064750E+7,    -1.270175E-4,    -4.106760E-4
1.065375E+7,    -1.348257E-4,    -4.249215E-4
1.066000E+7,    -1.293421E-4,    -3.993511E-4
1.066625E+7,    -1.500845E-4,    -4.351735E-4
1.067250E+7,    -1.378059E-4,    -4.136562E-4
1.067875E+7,    -1.589656E-4,    -4.460216E-4
1.068500E+7,    -1.530647E-4,    -4.268885E-4
1.069125E+7,    -1.409054E-4,    -4.124045E-4
1.069750E+7,    -1.555681E-4,    -4.337430E-4
1.070375E+7,    -1.621246E-4,    -4.298687E-4
1.071000E+7,    -1.427531E-4,    -4.259944E-4
1.071625E+7,    -1.579523E-4,    -4.363060E-4
1.072250E+7,    -1.794696E-4,    -4.367828E-4
1.072875E+7,    -1.593232E-4,    -4.251599E-4
1.073500E+7,    -1.672506E-4,    -4.387498E-4
1.074125E+7,    -1.618266E-4,    -4.594326E-4
1.074750E+7,    -1.410842E-4,    -4.378557E-4
1.075375E+7,    -1.557469E-4,    -4.422069E-4
1.076000E+7,    -1.565218E-4,    -4.376769E-4
1.076625E+7,    -1.713634E-4,    -4.476905E-4
1.077250E+7,    -1.590848E-4,    -4.369617E-4
1.077875E+7,    -1.679659E-4,    -4.578829E-4
1.078500E+7,    -1.544356E-4,    -4.397631E-4
1.079125E+7,    -1.547337E-4,    -4.398227E-4
1.079750E+7,    -1.626611E-4,    -4.428029E-4
1.080375E+7,    -1.713037E-4,    -4.704595E-4
1.081000E+7,    -1.508594E-4,    -4.534721E-4
1.081625E+7,    -1.866817E-4,    -4.701614E-4
1.082250E+7,    -1.528263E-4,    -4.521012E-4
1.082875E+7,    -1.471639E-4,    -4.597902E-4
1.083500E+7,    -1.550913E-4,    -4.734397E-4
1.084125E+7,    -1.643300E-4,    -4.726052E-4
1.084750E+7,    -1.849532E-4,    -4.681945E-4
1.085375E+7,    -1.800656E-4,    -4.713535E-4
1.086000E+7,    -1.798272E-4,    -4.605651E-4
1.086625E+7,    -1.949072E-4,    -4.628301E-4
1.087250E+7,    -1.681447E-4,    -4.791021E-4
1.087875E+7,    -1.769066E-4,    -4.848242E-4
1.088500E+7,    -1.849532E-4,    -4.731417E-4
1.089125E+7,    -1.866817E-4,    -4.731417E-4
1.089750E+7,    -1.938939E-4,    -4.832149E-4
1.090375E+7,    -1.811981E-4,    -4.873872E-4
1.091000E+7,    -1.950264E-4,    -4.755855E-4
1.091625E+7,    -1.903772E-4,    -4.966259E-4
1.092250E+7,    -1.837611E-4,    -4.822016E-4
1.092875E+7,    -1.922250E-4,    -4.813671E-4
1.093500E+7,    -1.801848E-4,    -4.892349E-4
1.094125E+7,    -2.024770E-4,    -4.978180E-4
1.094750E+7,    -1.768470E-4,    -5.129576E-4
1.095375E+7,    -1.696348E-4,    -4.991889E-4
1.096000E+7,    -1.915693E-4,    -5.016327E-4
1.096625E+7,    -2.355576E-4,    -4.943013E-4
1.097250E+7,    -1.945496E-4,    -5.037189E-4
1.097875E+7,    -1.910925E-4,    -5.326271E-4
1.098500E+7,    -1.906753E-4,    -5.112290E-4
1.099125E+7,    -1.981854E-4,    -5.139709E-4
1.099750E+7,    -1.918674E-4,    -5.027652E-4
1.100375E+7,    -1.948476E-4,    -5.282760E-4
1.101000E+7,    -2.033114E-4,    -5.264878E-4
1.101625E+7,    -2.193451E-4,    -5.244017E-4
1.102250E+7,    -1.829863E-4,    -5.169511E-4
1.102875E+7,    -1.995564E-4,    -5.259514E-4
1.103500E+7,    -2.067685E-4,    -5.174279E-4
1.104125E+7,    -2.114177E-4,    -5.498528E-4
1.104750E+7,    -2.098083E-4,    -5.205870E-4
1.105375E+7,    -2.058148E-4,    -5.343556E-4
1.106000E+7,    -2.196431E-4,    -5.292296E-4
1.106625E+7,    -2.231002E-4,    -5.426407E-4
1.107250E+7,    -2.252460E-4,    -5.351305E-4
1.107875E+7,    -2.135634E-4,    -5.547404E-4
1.108500E+7,    -2.067089E-4,    -5.480051E-4
1.109125E+7,    -2.215505E-4,    -5.605221E-4
1.109750E+7,    -2.309084E-4,    -5.592704E-4
1.110375E+7,    -2.446175E-4,    -5.466938E-4
1.111000E+7,    -2.326965E-4,    -5.476475E-4
1.111625E+7,    -2.120137E-4,    -5.493760E-4
1.112250E+7,    -2.572536E-4,    -5.516410E-4
1.112875E+7,    -2.166629E-4,    -5.600452E-4
1.113500E+7,    -2.278090E-4,    -5.730391E-4
1.114125E+7,    -2.352595E-4,    -5.721450E-4
1.114750E+7,    -2.505183E-4,    -5.661249E-4
1.115375E+7,    -2.400875E-4,    -5.856752E-4
1.116000E+7,    -2.180338E-4,    -5.609989E-4
1.116625E+7,    -2.502203E-4,    -5.811453E-4
1.117250E+7,    -2.357364E-4,    -5.673170E-4
1.117875E+7,    -2.176166E-4,    -5.910397E-4
1.118500E+7,    -2.356768E-4,    -5.931854E-4
1.119125E+7,    -2.607107E-4,    -6.327033E-4
1.119750E+7,    -2.481937E-4,    -5.936027E-4
1.120375E+7,    -2.567768E-4,    -6.235838E-4
1.121000E+7,    -2.635121E-4,    -6.393790E-4
1.121625E+7,    -2.804399E-4,    -6.620288E-4
1.122250E+7,    -2.890229E-4,    -6.882548E-4
1.122875E+7,    -3.147125E-4,    -7.265806E-4
1.123500E+7,    -3.068447E-4,    -8.257627E-4
1.124125E+7,    -3.228188E-4,    -7.708073E-4
1.124750E+7,    -3.160238E-4,    -8.052588E-4
1.125375E+7,    -3.182888E-4,    -7.735491E-4
1.126000E+7,    -3.100634E-4,    -7.697344E-4
1.126625E+7,    -3.076792E-4,    -7.526875E-4
1.127250E+7,    -3.243685E-4,    -8.347034E-4
1.127875E+7,    -3.441572E-4,    -7.708073E-4
1.128500E+7,    -3.350973E-4,    -7.836819E-4
1.129125E+7,    -3.219843E-4,    -7.326603E-4
1.129750E+7,    -2.850294E-4,    -6.995201E-4
1.130375E+7,    -3.241301E-4,    -7.293224E-4
1.131000E+7,    -3.316402E-4,    -7.389784E-4
1.131625E+7,    -3.176928E-4,    -7.586479E-4
1.132250E+7,    -3.082752E-4,    -7.655621E-4
1.132875E+7,    -3.536940E-4,    -7.741451E-4
1.133500E+7,    -3.532171E-4,    -8.127689E-4
1.134125E+7,    -3.440380E-4,    -7.530451E-4
1.134750E+7,    -3.167391E-4,    -7.587671E-4
1.135375E+7,    -3.318787E-4,    -7.591248E-4
1.136000E+7,    -3.048182E-4,    -6.992817E-4
1.136625E+7,    -3.545284E-4,    -7.724762E-4
1.137250E+7,    -3.411770E-4,    -7.780790E-4
1.137875E+7,    -3.459454E-4,    -8.248091E-4
1.138500E+7,    -3.479719E-4,    -7.934570E-4
1.139125E+7,    -3.265142E-4,    -7.746220E-4
1.139750E+7,    -3.653765E-4,    -7.431507E-4
1.140375E+7,    -3.459454E-4,    -7.500648E-4
1.141000E+7,    -3.311634E-4,    -7.197857E-4
1.141625E+7,    -3.348589E-4,    -7.627010E-4
1.142250E+7,    -3.377199E-4,    -7.878542E-4
1.142875E+7,    -3.656149E-4,    -8.164644E-4
1.143500E+7,    -3.430843E-4,    -7.960796E-4
1.144125E+7,    -3.514290E-4,    -7.767677E-4
1.144750E+7,    -4.037619E-4,    -8.424520E-4
1.145375E+7,    -3.982782E-4,    -8.738041E-4
1.146000E+7,    -4.131794E-4,    -8.269548E-4
1.146625E+7,    -4.198551E-4,    -8.887053E-4
1.147250E+7,    -3.666878E-4,    -8.721352E-4
1.147875E+7,    -4.173517E-4,    -8.536577E-4
1.148500E+7,    -4.081726E-4,    -8.623600E-4
1.149125E+7,    -4.467964E-4,    -9.500980E-4
1.149750E+7,    -4.110336E-4,    -9.928942E-4
1.150375E+7,    -3.905296E-4,    -9.599924E-4
1.151000E+7,    -4.304647E-4,    -9.781122E-4
1.151625E+7,    -4.249811E-4,    -9.846687E-4
1.152250E+7,    -4.031658E-4,    -9.819269E-4
1.152875E+7,    -4.035234E-4,    -9.027719E-4
1.153500E+7,    -4.240274E-4,    -8.882284E-4
1.154125E+7,    -4.559755E-4,    -9.887218E-4
1.154750E+7,    -4.409552E-4,    -1.002789E-3
1.155375E+7,    -4.465580E-4,    -9.670258E-4
1.156000E+7,    -4.848242E-4,    -1.103401E-3
1.156625E+7,    -4.838705E-4,    -1.100421E-3
1.157250E+7,    -4.544258E-4,    -1.128554E-3
1.157875E+7,    -5.573034E-4,    -1.123190E-3
1.158500E+7,    -5.427599E-4,    -1.246929E-3
1.159125E+7,    -4.625320E-4,    -1.103163E-3
1.159750E+7,    -4.078150E-4,    -1.123071E-3
1.160375E+7,    -5.291700E-4,    -1.160502E-3
1.161000E+7,    -4.876852E-4,    -1.137376E-3
1.161625E+7,    -5.735159E-4,    -1.291037E-3
1.162250E+7,    -5.819798E-4,    -1.324177E-3
1.162875E+7,    -5.109310E-4,    -1.616955E-3
1.163500E+7,    -4.396439E-4,    -1.736879E-3
1.164125E+7,    -1.940727E-4,    -1.988411E-3
1.164750E+7,    2.317429E-4,    -2.232313E-3
1.165375E+7,    1.358986E-5,    -2.213955E-3
1.166000E+7,    4.467964E-4,    -2.068758E-3
1.166625E+7,    9.477139E-4,    -2.147198E-3
1.167250E+7,    1.102686E-3,    -1.934648E-3
1.167875E+7,    1.067162E-3,    -1.960993E-3
1.168500E+7,    1.092434E-3,    -1.922727E-3
1.169125E+7,    1.159430E-3,    -1.967669E-3
1.169750E+7,    1.149893E-3,    -1.966000E-3
1.170375E+7,    1.128674E-3,    -1.974583E-3
1.171000E+7,    1.111269E-3,    -1.989365E-3
1.171625E+7,    1.122713E-3,    -2.027988E-3
1.172250E+7,    1.121044E-3,    -2.062798E-3
1.172875E+7,    1.158476E-3,    -2.073765E-3
1.173500E+7,    1.190186E-3,    -2.100468E-3
1.174125E+7,    1.152277E-3,    -2.094269E-3
1.174750E+7,    1.204252E-3,    -2.088547E-3
1.175375E+7,    1.175642E-3,    -2.161264E-3
1.176000E+7,    1.225710E-3,    -2.153873E-3
1.176625E+7,    1.179218E-3,    -2.157927E-3
1.177250E+7,    1.197100E-3,    -2.177715E-3
1.177875E+7,    1.227379E-3,    -2.216339E-3
1.178500E+7,    1.222610E-3,    -2.226830E-3
1.179125E+7,    1.265764E-3,    -2.273321E-3
1.179750E+7,    1.264095E-3,    -2.262354E-3
1.180375E+7,    1.170635E-3,    -2.203465E-3
1.181000E+7,    1.193285E-3,    -2.274513E-3
1.181625E+7,    1.173496E-3,    -2.279997E-3
1.182250E+7,    1.222134E-3,    -2.298355E-3
1.182875E+7,    1.301765E-3,    -2.364397E-3
1.183500E+7,    1.313925E-3,    -2.385139E-3
1.184125E+7,    1.229286E-3,    -2.405167E-3
1.184750E+7,    1.263142E-3,    -2.392530E-3
1.185375E+7,    1.304865E-3,    -2.416372E-3
1.186000E+7,    1.259089E-3,    -2.500296E-3
1.186625E+7,    1.324415E-3,    -2.481937E-3
1.187250E+7,    1.325846E-3,    -2.512932E-3
1.187875E+7,    1.327038E-3,    -2.537966E-3
1.188500E+7,    1.353025E-3,    -2.579689E-3
1.189125E+7,    1.323700E-3,    -2.565145E-3
1.189750E+7,    1.385927E-3,    -2.594471E-3
1.190375E+7,    1.396179E-3,    -2.632141E-3
1.191000E+7,    1.380205E-3,    -2.621651E-3
1.191625E+7,    1.346588E-3,    -2.671957E-3
1.192250E+7,    1.403570E-3,    -2.676487E-3
1.192875E+7,    1.408815E-3,    -2.674341E-3
1.193500E+7,    1.372576E-3,    -2.736092E-3
1.194125E+7,    1.373768E-3,    -2.753019E-3
1.194750E+7,    1.385450E-3,    -2.804279E-3
1.195375E+7,    1.442194E-3,    -2.776623E-3
1.196000E+7,    1.443624E-3,    -2.835989E-3
1.196625E+7,    1.446009E-3,    -2.834082E-3
1.197250E+7,    1.407146E-3,    -2.918720E-3
1.197875E+7,    1.432419E-3,    -2.899885E-3
1.198500E+7,    1.472235E-3,    -2.918243E-3
1.199125E+7,    1.417875E-3,    -3.003836E-3
1.199750E+7,    1.414537E-3,    -2.961874E-3
1.200375E+7,    1.439810E-3,    -3.066778E-3
1.201000E+7,    1.417875E-3,    -3.049612E-3
1.201625E+7,    1.410961E-3,    -3.090620E-3
1.202250E+7,    1.450539E-3,    -3.079653E-3
1.202875E+7,    1.413584E-3,    -3.157139E-3
1.203500E+7,    1.417637E-3,    -3.138781E-3
1.204125E+7,    1.450062E-3,    -3.141403E-3
1.204750E+7,    1.440763E-3,    -3.178120E-3
1.205375E+7,    1.521111E-3,    -3.180981E-3
1.206000E+7,    1.460314E-3,    -3.161192E-3
1.206625E+7,    1.515388E-3,    -3.351212E-3
1.207250E+7,    1.538754E-3,    -3.377914E-3
1.207875E+7,    1.502991E-3,    -3.295660E-3
1.208500E+7,    1.477242E-3,    -3.278494E-3
1.209125E+7,    1.484632E-3,    -3.320932E-3
1.209750E+7,    1.508951E-3,    -3.325701E-3
1.210375E+7,    1.487017E-3,    -3.391743E-3
1.211000E+7,    1.525402E-3,    -3.392220E-3
1.211625E+7,    1.499653E-3,    -3.421307E-3
1.212250E+7,    1.522779E-3,    -3.475666E-3
1.212875E+7,    1.512289E-3,    -3.529549E-3
1.213500E+7,    1.561642E-3,    -3.517151E-3
1.214125E+7,    1.498461E-3,    -3.641605E-3
1.214750E+7,    1.559973E-3,    -3.633738E-3
1.215375E+7,    1.567841E-3,    -3.673315E-3
1.216000E+7,    1.567841E-3,    -3.703356E-3
1.216625E+7,    1.596928E-3,    -3.738880E-3
1.217250E+7,    1.620770E-3,    -3.706932E-3
1.217875E+7,    1.615047E-3,    -3.794432E-3
1.218500E+7,    1.612186E-3,    -3.854275E-3
1.219125E+7,    1.649380E-3,    -3.916025E-3
1.219750E+7,    1.646519E-3,    -3.902912E-3
1.220375E+7,    1.666546E-3,    -3.970623E-3
1.221000E+7,    1.673698E-3,    -3.993034E-3
1.221625E+7,    1.677036E-3,    -4.043579E-3
1.222250E+7,    1.701832E-3,    -4.080772E-3
1.222875E+7,    1.724720E-3,    -4.164219E-3
1.223500E+7,    1.746178E-3,    -4.201412E-3
1.224125E+7,    1.704693E-3,    -4.219532E-3
1.224750E+7,    1.783848E-3,    -4.261971E-3
1.225375E+7,    1.751423E-3,    -4.326344E-3
1.226000E+7,    1.808167E-3,    -4.412651E-3
1.226625E+7,    1.795769E-3,    -4.417419E-3
1.227250E+7,    1.861095E-3,    -4.468441E-3
1.227875E+7,    1.842022E-3,    -4.530907E-3
1.228500E+7,    1.819611E-3,    -4.555702E-3
1.229125E+7,    1.886368E-3,    -4.630089E-3
1.229750E+7,    1.885414E-3,    -4.653931E-3
1.230375E+7,    1.867294E-3,    -4.785061E-3
1.231000E+7,    1.916409E-3,    -4.812717E-3
1.231625E+7,    1.900673E-3,    -4.835606E-3
1.232250E+7,    1.948357E-3,    -4.883289E-3
1.232875E+7,    1.941204E-3,    -4.975796E-3
1.233500E+7,    1.993179E-3,    -5.032063E-3
1.234125E+7,    2.037525E-3,    -5.101681E-3
1.234750E+7,    2.039433E-3,    -5.148411E-3
1.235375E+7,    2.050400E-3,    -5.273342E-3
1.236000E+7,    2.070427E-3,    -5.282402E-3
1.236625E+7,    2.040386E-3,    -5.372524E-3
1.237250E+7,    2.124310E-3,    -5.410194E-3
1.237875E+7,    2.157688E-3,    -5.501747E-3
1.238500E+7,    2.169132E-3,    -5.546093E-3
1.239125E+7,    2.127171E-3,    -5.620480E-3
1.239750E+7,    2.190113E-3,    -5.693913E-3
1.240375E+7,    2.233982E-3,    -5.750656E-3
1.241000E+7,    2.233982E-3,    -5.857468E-3
1.241625E+7,    2.246380E-3,    -5.926132E-3
1.242250E+7,    2.293110E-3,    -6.031036E-3
1.242875E+7,    2.292633E-3,    -6.068707E-3
1.243500E+7,    2.302647E-3,    -6.175518E-3
1.244125E+7,    2.330780E-3,    -6.323814E-3
1.244750E+7,    2.360344E-3,    -6.318569E-3
1.245375E+7,    2.425671E-3,    -6.454945E-3
1.246000E+7,    2.394199E-3,    -6.528378E-3
1.246625E+7,    2.487183E-3,    -6.571770E-3
1.247250E+7,    2.543449E-3,    -6.660938E-3
1.247875E+7,    2.528667E-3,    -6.830215E-3
1.248500E+7,    2.582550E-3,    -6.880283E-3
1.249125E+7,    2.597332E-3,    -6.967068E-3
1.249750E+7,    2.639771E-3,    -7.135391E-3
1.250375E+7,    2.685070E-3,    -7.284164E-3
1.251000E+7,    2.740860E-3,    -7.305622E-3
1.251625E+7,    2.737045E-3,    -7.364273E-3
1.252250E+7,    2.777576E-3,    -7.522583E-3
1.252875E+7,    2.769947E-3,    -7.642746E-3
1.253500E+7,    2.851009E-3,    -7.714748E-3
1.254125E+7,    2.854824E-3,    -7.884979E-3
1.254750E+7,    2.918243E-3,    -7.987976E-3
1.255375E+7,    2.977371E-3,    -8.144379E-3
1.256000E+7,    3.046989E-3,    -8.271217E-3
1.256625E+7,    3.012657E-3,    -8.401871E-3
1.257250E+7,    3.060341E-3,    -8.543015E-3
1.257875E+7,    3.104210E-3,    -8.712769E-3
1.258500E+7,    3.125191E-3,    -8.810043E-3
1.259125E+7,    3.214836E-3,    -8.973122E-3
1.259750E+7,    3.218651E-3,    -9.075165E-3
1.260375E+7,    3.242493E-3,    -9.267807E-3
1.261000E+7,    3.239632E-3,    -9.462357E-3
1.261625E+7,    3.352165E-3,    -9.677887E-3
1.262250E+7,    3.414154E-3,    -9.729385E-3
1.262875E+7,    3.168106E-3,    -1.028633E-2
1.263500E+7,    3.475189E-3,    -9.970665E-3
1.264125E+7,    3.553391E-3,    -1.031876E-2
1.264750E+7,    3.667831E-3,    -1.052380E-2
1.265375E+7,    3.729820E-3,    -1.063919E-2
1.266000E+7,    3.623962E-3,    -1.105118E-2
1.266625E+7,    3.736496E-3,    -1.105785E-2
1.267250E+7,    1.194000E-3,    -1.207924E-2
1.267875E+7,    2.397537E-3,    -1.220512E-2
1.268500E+7,    1.273155E-3,    -1.290417E-2
1.269125E+7,    2.802849E-3,    -1.280880E-2
1.269750E+7,    4.047394E-3,    -1.201534E-2
1.270375E+7,    -4.196167E-5,    -1.259041E-2
1.271000E+7,    1.325607E-3,    -1.447964E-2
1.271625E+7,    4.299641E-3,    -1.295710E-2
1.272250E+7,    4.390717E-3,    -1.318741E-2
1.272875E+7,    4.494190E-3,    -1.348495E-2
1.273500E+7,    4.305840E-3,    -1.409149E-2
1.274125E+7,    4.569530E-3,    -1.423550E-2
1.274750E+7,    4.560471E-3,    -1.471186E-2
1.275375E+7,    4.755020E-3,    -1.464033E-2
1.276000E+7,    3.887177E-3,    -1.534986E-2
1.276625E+7,    2.043724E-3,    -1.596642E-2
1.277250E+7,    -3.047466E-3,    -1.166534E-2
1.277875E+7,    -4.762650E-3,    -1.468086E-2
1.278500E+7,    -2.388954E-3,    -1.750946E-2
1.279125E+7,    -4.863739E-5,    -1.862717E-2
1.279750E+7,    3.783226E-3,    -1.762104E-2
1.280375E+7,    -2.211571E-3,    -1.719952E-2
1.281000E+7,    -6.708145E-3,    -1.470089E-2
1.281625E+7,    -5.583763E-3,    -1.986504E-2
1.282250E+7,    -6.032944E-3,    -1.971149E-2
1.282875E+7,    1.280785E-3,    -2.059650E-2
1.283500E+7,    -8.827209E-3,    -1.735592E-2
1.284125E+7,    5.186081E-3,    -2.253246E-2
1.284750E+7,    6.033897E-3,    -2.229977E-2
1.285375E+7,    4.357338E-3,    -2.376461E-2
1.286000E+7,    4.446983E-3,    -2.386284E-2
1.286625E+7,    4.332542E-3,    -2.520180E-2
1.287250E+7,    5.268097E-3,    -2.549553E-2
1.287875E+7,    6.547928E-3,    -2.514935E-2
1.288500E+7,    5.066872E-3,    -2.568054E-2
1.289125E+7,    3.217697E-3,    -2.841282E-2
1.289750E+7,    -6.294250E-4,    -2.883720E-2
1.290375E+7,    4.396439E-3,    -2.853203E-2
1.291000E+7,    2.178192E-3,    -2.987957E-2
1.291625E+7,    6.999969E-4,    -3.213882E-2
1.292250E+7,    -2.832413E-3,    -2.851105E-2
1.292875E+7,    -7.266998E-4,    -3.201675E-2
1.293500E+7,    -1.330566E-2,    -2.672386E-2
1.294125E+7,    -9.618759E-3,    -3.008461E-2
1.294750E+7,    -1.328278E-2,    -2.341652E-2
1.295375E+7,    -1.329994E-2,    -1.540089E-2
1.296000E+7,    -1.158047E-2,    -1.176167E-2
1.296625E+7,    -1.149654E-2,    -1.125813E-2
1.297250E+7,    -1.201916E-2,    -1.171589E-2
1.297875E+7,    -1.241589E-2,    -1.194286E-2
1.298500E+7,    -1.281452E-2,    -1.221275E-2
1.299125E+7,    -1.331615E-2,    -1.252556E-2
1.299750E+7,    -1.378632E-2,    -1.286316E-2
1.300375E+7,    -1.438522E-2,    -1.323032E-2
1.301000E+7,    -1.501083E-2,    -1.364613E-2
1.301625E+7,    -1.559448E-2,    -1.399899E-2
1.302250E+7,    -1.634979E-2,    -1.448727E-2
1.302875E+7,    -1.705456E-2,    -1.486492E-2
1.303500E+7,    -1.788521E-2,    -1.533890E-2
1.304125E+7,    -1.868057E-2,    -1.579475E-2
1.304750E+7,    -1.959229E-2,    -1.628494E-2
1.305375E+7,    -2.045441E-2,    -1.677322E-2
1.306000E+7,    -2.147484E-2,    -1.726341E-2
1.306625E+7,    -2.263832E-2,    -1.785088E-2
1.307250E+7,    -2.383041E-2,    -1.836205E-2
1.307875E+7,    -2.524376E-2,    -1.910210E-2
1.308500E+7,    -2.668571E-2,    -1.967812E-2
1.309125E+7,    -2.828789E-2,    -2.038574E-2
1.309750E+7,    -2.986145E-2,    -2.096176E-2
1.310375E+7,    -3.166199E-2,    -2.159500E-2
1.311000E+7,    -3.364182E-2,    -2.231789E-2
1.311625E+7,    -3.593063E-2,    -2.297974E-2
1.312250E+7,    -3.851509E-2,    -2.378654E-2
1.312875E+7,    -4.124451E-2,    -2.447128E-2
1.313500E+7,    -4.426956E-2,    -2.516174E-2
1.314125E+7,    -4.748535E-2,    -2.568054E-2
1.314750E+7,    -5.135727E-2,    -2.628708E-2
1.315375E+7,    -5.622864E-2,    -2.698517E-2
1.316000E+7,    -6.092453E-2,    -2.738571E-2
1.316625E+7,    -6.618118E-2,    -2.755737E-2
1.317250E+7,    -7.162094E-2,    -2.687073E-2
1.317875E+7,    -7.854843E-2,    -2.627945E-2
1.318500E+7,    -8.574677E-2,    -2.503586E-2
1.319125E+7,    -9.464645E-2,    -2.276230E-2
1.319750E+7,    -1.026344E-1,    -1.935959E-2
1.320375E+7,    -1.126556E-1,    -1.429749E-2
1.321000E+7,    -1.245651E-1,    -7.987976E-3
1.321625E+7,    -1.339035E-1,    2.006531E-3
1.322250E+7,    -1.451645E-1,    1.481628E-2
1.322875E+7,    -1.552429E-1,    3.147888E-2
1.323500E+7,    -1.639481E-1,    5.258942E-2
1.324125E+7,    -1.688080E-1,    7.759094E-2
1.324750E+7,    -1.688309E-1,    1.065063E-1
1.325375E+7,    -1.611786E-1,    1.352768E-1
1.326000E+7,    -1.422501E-1,    1.580963E-1
1.326625E+7,    -1.201630E-1,    1.766357E-1
1.327250E+7,    -9.486389E-2,    1.887970E-1
1.327875E+7,    -7.031250E-2,    1.956635E-1
1.328500E+7,    -4.692078E-2,    1.940460E-1
1.329125E+7,    -2.728271E-2,    1.926727E-1
1.329750E+7,    -1.110840E-2,    1.856384E-1
1.330375E+7,    3.890991E-3,    1.762695E-1
1.331000E+7,    1.600647E-2,    1.725159E-1
1.331625E+7,    2.439880E-2,    1.646118E-1
1.332250E+7,    3.273010E-2,    1.607666E-1
1.332875E+7,    3.637695E-2,    1.488647E-1
1.333500E+7,    4.161072E-2,    1.376648E-1
1.334125E+7,    4.467773E-2,    1.302490E-1
1.334750E+7,    4.774475E-2,    1.235352E-1
1.335375E+7,    5.145264E-2,    1.207123E-1
1.336000E+7,    5.265808E-2,    1.162567E-1
1.336625E+7,    5.502319E-2,    1.103058E-1
1.337250E+7,    5.731201E-2,    1.085052E-1
1.337875E+7,    5.842590E-2,    1.043091E-1
1.338500E+7,    6.008911E-2,    1.006546E-1
1.339125E+7,    6.278992E-2,    9.884644E-2
1.339750E+7,    6.390381E-2,    9.584045E-2
1.340375E+7,    6.537628E-2,    9.307098E-2
1.341000E+7,    6.730652E-2,    9.068298E-2
1.341625E+7,    6.977081E-2,    9.001160E-2
1.342250E+7,    7.173157E-2,    8.818817E-2
1.342875E+7,    7.486725E-2,    8.691406E-2
1.343500E+7,    7.794952E-2,    8.623505E-2
1.344125E+7,    7.987976E-2,    8.386230E-2
1.344750E+7,    8.333588E-2,    8.338165E-2
1.345375E+7,    8.668518E-2,    8.217621E-2
1.346000E+7,    9.046173E-2,    8.040619E-2
1.346625E+7,    9.510803E-2,    7.934570E-2
1.347250E+7,    1.005020E-1,    7.877350E-2
1.347875E+7,    1.049118E-1,    7.675934E-2
1.348500E+7,    1.095963E-1,    7.342529E-2
1.349125E+7,    1.155014E-1,    7.095337E-2
1.349750E+7,    1.219254E-1,    6.825256E-2
1.350375E+7,    1.299438E-1,    6.476593E-2
1.351000E+7,    1.369324E-1,    5.965424E-2
1.351625E+7,    1.444626E-1,    5.323792E-2
1.352250E+7,    1.531830E-1,    4.499817E-2
1.352875E+7,    1.612473E-1,    3.533173E-2
1.353500E+7,    1.693802E-1,    2.348328E-2
1.354125E+7,    1.757355E-1,    9.078979E-3
1.354750E+7,    1.808014E-1,    -7.926941E-3
1.355375E+7,    1.824646E-1,    -2.666473E-2
1.356000E+7,    1.806030E-1,    -4.650116E-2
1.356625E+7,    1.741486E-1,    -6.654358E-2
1.357250E+7,    1.636353E-1,    -8.518982E-2
1.357875E+7,    1.495361E-1,    -1.013794E-1
1.358500E+7,    1.326752E-1,    -1.135254E-1
1.359125E+7,    1.146622E-1,    -1.212082E-1
1.359750E+7,    9.693909E-2,    -1.257172E-1
1.360375E+7,    8.000183E-2,    -1.261597E-1
1.361000E+7,    6.478882E-2,    -1.241455E-1
1.361625E+7,    5.197144E-2,    -1.203308E-1
1.362250E+7,    4.052734E-2,    -1.150513E-1
1.362875E+7,    3.128052E-2,    -1.099625E-1
1.363500E+7,    2.349854E-2,    -1.044540E-1
1.364125E+7,    1.712799E-2,    -9.859467E-2
1.364750E+7,    1.170349E-2,    -9.256744E-2
1.365375E+7,    7.637024E-3,    -8.748627E-2
1.366000E+7,    3.791809E-3,    -8.241272E-2
1.366625E+7,    1.029968E-3,    -7.779694E-2
1.367250E+7,    -9.613037E-4,    -7.303619E-2
1.367875E+7,    -2.975464E-3,    -6.912994E-2
1.368500E+7,    -4.364014E-3,    -6.535339E-2
1.369125E+7,    -5.615234E-3,    -6.168365E-2
1.369750E+7,    -6.546021E-3,    -5.834961E-2
1.370375E+7,    -7.484436E-3,    -5.532837E-2
1.371000E+7,    -8.033752E-3,    -5.257797E-2
1.371625E+7,    -8.525848E-3,    -5.009460E-2
1.372250E+7,    -8.945465E-3,    -4.770279E-2
1.372875E+7,    -9.273529E-3,    -4.555511E-2
1.373500E+7,    -9.502411E-3,    -4.353333E-2
1.374125E+7,    -9.651184E-3,    -4.161072E-2
1.374750E+7,    -9.826660E-3,    -3.985977E-2
1.375375E+7,    -9.895325E-3,    -3.817749E-2
1.376000E+7,    -9.998322E-3,    -3.672791E-2
1.376625E+7,    -9.971619E-3,    -3.528214E-2
1.377250E+7,    -9.990692E-3,    -3.396606E-2
1.377875E+7,    -1.000595E-2,    -3.276062E-2
1.378500E+7,    -1.000214E-2,    -3.156281E-2
1.379125E+7,    -9.963989E-3,    -3.049469E-2
1.379750E+7,    -9.906769E-3,    -2.946472E-2
1.380375E+7,    -9.868622E-3,    -2.850723E-2
1.381000E+7,    -9.792328E-3,    -2.756882E-2
1.381625E+7,    -9.723663E-3,    -2.676010E-2
1.382250E+7,    -9.635925E-3,    -2.591705E-2
1.382875E+7,    -9.586334E-3,    -2.515030E-2
1.383500E+7,    -9.502411E-3,    -2.447891E-2
1.384125E+7,    -9.445190E-3,    -2.376938E-2
1.384750E+7,    -9.372711E-3,    -2.310181E-2
1.385375E+7,    -9.273529E-3,    -2.250671E-2
1.386000E+7,    -9.201050E-3,    -2.193451E-2
1.386625E+7,    -9.134293E-3,    -2.136612E-2
1.387250E+7,    -9.077072E-3,    -2.085114E-2
1.387875E+7,    -8.995056E-3,    -2.039337E-2
1.388500E+7,    -8.882523E-3,    -1.992798E-2
1.389125E+7,    -8.836746E-3,    -1.947784E-2
1.389750E+7,    -8.758545E-3,    -1.902962E-2
1.390375E+7,    -8.743286E-3,    -1.864433E-2
1.391000E+7,    -8.647919E-3,    -1.829720E-2
1.391625E+7,    -8.592606E-3,    -1.790619E-2
1.392250E+7,    -8.535385E-3,    -1.758957E-2
1.392875E+7,    -8.504868E-3,    -1.723671E-2
1.393500E+7,    -8.441925E-3,    -1.694489E-2
1.394125E+7,    -8.391380E-3,    -1.668358E-2
1.394750E+7,    -8.364677E-3,    -1.634598E-2
1.395375E+7,    -8.337021E-3,    -1.613140E-2
1.396000E+7,    -8.312225E-3,    -1.586342E-2
1.396625E+7,    -8.276939E-3,    -1.562595E-2
1.397250E+7,    -8.245468E-3,    -1.540661E-2
1.397875E+7,    -8.232117E-3,    -1.519108E-2
1.398500E+7,    -8.215904E-3,    -1.498222E-2
1.399125E+7,    -8.230209E-3,    -1.480103E-2
1.399750E+7,    -8.188248E-3,    -1.462841E-2
1.400375E+7,    -8.183479E-3,    -1.446152E-2
1.401000E+7,    -8.172989E-3,    -1.431274E-2
1.401625E+7,    -8.195877E-3,    -1.417637E-2
1.402250E+7,    -8.188248E-3,    -1.404285E-2
1.402875E+7,    -8.236885E-3,    -1.389408E-2
1.403500E+7,    -8.246422E-3,    -1.379108E-2
1.404125E+7,    -8.274078E-3,    -1.369381E-2
1.404750E+7,    -8.275032E-3,    -1.361275E-2
1.405375E+7,    -8.379936E-3,    -1.351929E-2
1.406000E+7,    -8.380890E-3,    -1.344109E-2
1.406625E+7,    -8.443832E-3,    -1.334000E-2
1.407250E+7,    -8.522034E-3,    -1.333523E-2
1.407875E+7,    -8.592606E-3,    -1.327991E-2
1.408500E+7,    -8.668900E-3,    -1.325226E-2
1.409125E+7,    -8.762360E-3,    -1.323700E-2
1.409750E+7,    -8.846283E-3,    -1.321030E-2
1.410375E+7,    -8.962631E-3,    -1.321220E-2
1.411000E+7,    -9.115219E-3,    -1.320457E-2
1.411625E+7,    -9.222984E-3,    -1.323795E-2
1.412250E+7,    -9.390831E-3,    -1.329231E-2
1.412875E+7,    -9.557724E-3,    -1.329327E-2
1.413500E+7,    -9.722710E-3,    -1.336098E-2
1.414125E+7,    -9.951591E-3,    -1.342201E-2
1.414750E+7,    -1.016331E-2,    -1.350594E-2
1.415375E+7,    -1.044083E-2,    -1.361179E-2
1.416000E+7,    -1.068783E-2,    -1.370335E-2
1.416625E+7,    -1.102448E-2,    -1.386642E-2
1.417250E+7,    -1.133823E-2,    -1.399422E-2
1.417875E+7,    -1.172352E-2,    -1.416588E-2
1.418500E+7,    -1.214314E-2,    -1.430321E-2
1.419125E+7,    -1.264572E-2,    -1.457691E-2
1.419750E+7,    -1.315212E-2,    -1.472855E-2
1.420375E+7,    -1.374912E-2,    -1.497841E-2
1.421000E+7,    -1.448250E-2,    -1.526356E-2
1.421625E+7,    -1.525974E-2,    -1.554298E-2
1.422250E+7,    -1.618958E-2,    -1.582336E-2
1.422875E+7,    -1.720238E-2,    -1.617813E-2
1.423500E+7,    -1.847076E-2,    -1.645279E-2
1.424125E+7,    -1.990509E-2,    -1.679420E-2
1.424750E+7,    -2.157593E-2,    -1.709747E-2
1.425375E+7,    -2.362442E-2,    -1.723099E-2
1.426000E+7,    -2.603149E-2,    -1.727486E-2
1.426625E+7,    -2.894592E-2,    -1.708794E-2
1.427250E+7,    -3.245163E-2,    -1.642799E-2
1.427875E+7,    -3.664970E-2,    -1.507378E-2
1.428500E+7,    -4.152870E-2,    -1.248360E-2
1.429125E+7,    -4.681015E-2,    -8.087158E-3
1.429750E+7,    -5.160904E-2,    -1.056671E-3
1.430375E+7,    -5.449867E-2,    8.909225E-3
1.431000E+7,    -5.319786E-2,    2.086067E-2
1.431625E+7,    -4.673767E-2,    3.181648E-2
1.432250E+7,    -3.643036E-2,    3.886604E-2
1.432875E+7,    -2.551270E-2,    4.087830E-2
1.433500E+7,    -1.648331E-2,    3.932953E-2
1.434125E+7,    -9.777069E-3,    3.603745E-2
1.434750E+7,    -5.218506E-3,    3.229904E-2
1.435375E+7,    -2.204895E-3,    2.864456E-2
1.436000E+7,    -1.764297E-4,    2.540493E-2
1.436625E+7,    1.093864E-3,    2.258301E-2
1.437250E+7,    1.910210E-3,    2.014542E-2
1.437875E+7,    2.457619E-3,    1.805019E-2
1.438500E+7,    2.751350E-3,    1.626110E-2
1.439125E+7,    2.931595E-3,    1.472950E-2
1.439750E+7,    3.027916E-3,    1.339245E-2
1.440375E+7,    3.043175E-3,    1.221657E-2
1.441000E+7,    3.028393E-3,    1.121998E-2
1.441625E+7,    2.974987E-3,    1.028585E-2
1.442250E+7,    2.892017E-3,    9.553432E-3
1.442875E+7,    2.839088E-3,    8.824825E-3
1.443500E+7,    2.728462E-3,    8.194447E-3
1.444125E+7,    2.667904E-3,    7.637978E-3
1.444750E+7,    2.579689E-3,    7.138252E-3
1.445375E+7,    2.489090E-3,    6.675243E-3
1.446000E+7,    2.410889E-3,    6.241798E-3
1.446625E+7,    2.307415E-3,    5.862713E-3
1.447250E+7,    2.221823E-3,    5.537748E-3
1.447875E+7,    2.139807E-3,    5.203485E-3
1.448500E+7,    2.078772E-3,    4.884005E-3
1.449125E+7,    1.995564E-3,    4.636526E-3
1.449750E+7,    1.909494E-3,    4.384041E-3
1.450375E+7,    1.819372E-3,    4.148960E-3
1.451000E+7,    1.762390E-3,    3.964663E-3
1.451625E+7,    1.704693E-3,    3.748894E-3
1.452250E+7,    1.643896E-3,    3.548622E-3
1.452875E+7,    1.577854E-3,    3.371716E-3
1.453500E+7,    1.520872E-3,    3.228903E-3
1.454125E+7,    1.456022E-3,    3.031492E-3
1.454750E+7,    1.418591E-3,    2.917528E-3
1.455375E+7,    1.355171E-3,    2.805948E-3
1.456000E+7,    1.310706E-3,    2.663016E-3
1.456625E+7,    1.269698E-3,    2.544165E-3
1.457250E+7,    1.244426E-3,    2.432704E-3
1.457875E+7,    1.176596E-3,    2.330184E-3
1.458500E+7,    1.142383E-3,    2.247334E-3
1.459125E+7,    1.116037E-3,    2.149582E-3
1.459750E+7,    1.056433E-3,    2.036929E-3
1.460375E+7,    1.020193E-3,    1.967907E-3
1.461000E+7,    9.911060E-4,    1.889944E-3
1.461625E+7,    9.653568E-4,    1.846910E-3
1.462250E+7,    9.298325E-4,    1.724839E-3
1.462875E+7,    8.881092E-4,    1.677752E-3
1.463500E+7,    8.667707E-4,    1.590848E-3
1.464125E+7,    8.324385E-4,    1.565218E-3
1.464750E+7,    8.213520E-4,    1.482248E-3
1.465375E+7,    7.891655E-4,    1.463890E-3
1.466000E+7,    7.807016E-4,    1.382113E-3
1.466625E+7,    7.497072E-4,    1.337528E-3
1.467250E+7,    7.134080E-4,    1.287162E-3
1.467875E+7,    6.961226E-4,    1.258075E-3
1.468500E+7,    6.924272E-4,    1.199484E-3
1.469125E+7,    6.672740E-4,    1.146913E-3
1.469750E+7,    6.418824E-4,    1.115203E-3
1.470375E+7,    6.074309E-4,    1.086235E-3
1.471000E+7,    6.216764E-4,    1.052737E-3
1.471625E+7,    5.928278E-4,    1.001060E-3
1.472250E+7,    5.779862E-4,    9.575486E-4
1.472875E+7,    5.363226E-4,    9.562969E-4
1.473500E+7,    5.442500E-4,    9.048581E-4
1.474125E+7,    5.195141E-4,    8.825660E-4
1.474750E+7,    5.059242E-4,    8.372068E-4
1.475375E+7,    5.033612E-4,    8.363724E-4
1.476000E+7,    4.804134E-4,    7.754564E-4
1.476625E+7,    4.641414E-4,    7.612109E-4
1.477250E+7,    4.473329E-4,    7.534027E-4
1.477875E+7,    4.209280E-4,    7.157326E-4
1.478500E+7,    4.361868E-4,    7.005334E-4
1.479125E+7,    4.299879E-4,    6.769300E-4
1.479750E+7,    4.053116E-4,    6.705523E-4
1.480375E+7,    3.832877E-4,    6.194413E-4
1.481000E+7,    3.739595E-4,    6.052256E-4
1.481625E+7,    3.574491E-4,    6.051660E-4
1.482250E+7,    3.646910E-4,    5.822480E-4
1.482875E+7,    3.645122E-4,    5.598664E-4
1.483500E+7,    3.460050E-4,    5.597472E-4
1.484125E+7,    3.385246E-4,    5.228817E-4
1.484750E+7,    3.033876E-4,    5.324781E-4
1.485375E+7,    3.106296E-4,    5.165935E-4
1.486000E+7,    3.212392E-4,    5.008876E-4
1.486625E+7,    2.866983E-4,    4.880130E-4
1.487250E+7,    2.961457E-4,    4.577935E-4
1.487875E+7,    2.789497E-4,    4.581213E-4
1.488500E+7,    2.759695E-4,    4.498959E-4
1.489125E+7,    2.740324E-4,    3.983080E-4
1.489750E+7,    2.603233E-4,    4.066229E-4
1.490375E+7,    2.509058E-4,    3.783107E-4
1.491000E+7,    2.678931E-4,    3.903210E-4
1.491625E+7,    2.311170E-4,    3.642738E-4
1.492250E+7,    2.682805E-4,    3.517270E-4
1.492875E+7,    2.149940E-4,    3.652275E-4
1.493500E+7,    2.299845E-4,    3.634095E-4
1.494125E+7,    2.179146E-4,    3.418028E-4
1.494750E+7,    2.380908E-4,    3.392398E-4
1.495375E+7,    2.006590E-4,    3.288686E-4
1.496000E+7,    1.990795E-4,    3.066063E-4
1.496625E+7,    2.001971E-4,    2.759099E-4
1.497250E+7,    2.035499E-4,    2.680570E-4
1.497875E+7,    1.896471E-4,    2.993494E-4
1.498500E+7,    1.843274E-4,    2.776086E-4
1.499125E+7,    1.839101E-4,    2.699792E-4
1.499750E+7,    1.948923E-4,    2.606660E-4
1.500375E+7,    1.624674E-4,    2.651662E-4
1.501000E+7,    1.733154E-4,    2.556890E-4
1.501625E+7,    1.573563E-4,    2.654642E-4
1.502250E+7,    1.583993E-4,    2.206564E-4
1.502875E+7,    1.563132E-4,    2.284199E-4
1.503500E+7,    1.532286E-4,    2.433956E-4
1.504125E+7,    1.649112E-4,    1.963377E-4
1.504750E+7,    1.539588E-4,    2.129972E-4
1.505375E+7,    1.526326E-4,    2.205819E-4
1.506000E+7,    1.338720E-4,    2.009720E-4
1.506625E+7,    1.358241E-4,    2.076477E-4
1.507250E+7,    1.367629E-4,    2.074242E-4
1.507875E+7,    1.229346E-4,    1.719892E-4
1.508500E+7,    1.335889E-4,    1.841784E-4
1.509125E+7,    1.118928E-4,    1.656562E-4
1.509750E+7,    1.257807E-4,    1.777560E-4
1.510375E+7,    1.203716E-4,    1.862794E-4
1.511000E+7,    1.227111E-4,    1.782924E-4
1.511625E+7,    1.121461E-4,    1.424402E-4
1.512250E+7,    1.194477E-4,    1.555085E-4
1.512875E+7,    1.116022E-4,    1.340136E-4
1.513500E+7,    8.855760E-5,    1.463816E-4
1.514125E+7,    1.031160E-4,    1.580715E-4
1.514750E+7,    7.712096E-5,    1.410022E-4
1.515375E+7,    1.045540E-4,    1.274571E-4
1.516000E+7,    8.743256E-5,    1.159906E-4
1.516625E+7,    8.197129E-5,    1.399294E-4
1.517250E+7,    8.647144E-5,    1.083240E-4
1.517875E+7,    9.561330E-5,    1.135692E-4
1.518500E+7,    9.082258E-5,    1.221672E-4
1.519125E+7,    7.309765E-5,    1.263842E-4
1.519750E+7,    9.149313E-5,    9.135902E-5
1.520375E+7,    7.763505E-5,    1.253560E-4
1.521000E+7,    8.889288E-5,    1.225844E-4
1.521625E+7,    7.861853E-5,    1.099557E-4
1.522250E+7,    7.204711E-5,    9.680539E-5
1.522875E+7,    7.785112E-5,    1.028627E-4
1.523500E+7,    7.425249E-5,    1.036376E-4
1.524125E+7,    7.331371E-5,    1.114830E-4
1.524750E+7,    7.447600E-5,    7.255375E-5
1.525375E+7,    7.161498E-5,    8.885562E-5
1.526000E+7,    7.363409E-5,    8.038431E-5
1.526625E+7,    6.412715E-5,    9.946525E-5
1.527250E+7,    7.379800E-5,    1.048818E-4
1.527875E+7,    4.799664E-5,    8.101761E-5
1.528500E+7,    7.253885E-5,    8.200854E-5
1.529125E+7,    7.076561E-5,    7.473677E-5
1.529750E+7,    4.746020E-5,    8.976460E-5
1.530375E+7,    5.838275E-5,    8.627027E-5
1.531000E+7,    4.862249E-5,    6.554276E-5
1.531625E+7,    5.061552E-5,    7.234886E-5
1.532250E+7,    5.178899E-5,    8.746982E-5
1.532875E+7,    2.218038E-5,    5.675852E-5
1.533500E+7,    5.353242E-5,    6.407499E-5
1.534125E+7,    6.029755E-5,    7.058680E-5
1.534750E+7,    4.339218E-5,    6.855652E-5
1.535375E+7,    5.392730E-5,    7.943809E-5
1.536000E+7,    6.597489E-5,    6.549805E-5
1.536625E+7,    3.619492E-5,    6.679818E-5
1.537250E+7,    6.087124E-5,    4.908442E-5
1.537875E+7,    5.042553E-5,    7.984787E-5
1.538500E+7,    3.917143E-5,    5.847961E-5
1.539125E+7,    5.743653E-5,    6.074831E-5
1.539750E+7,    3.888831E-5,    5.854666E-5
1.540375E+7,    2.477132E-5,    3.320724E-5
1.541000E+7,    6.189942E-5,    7.732213E-5
1.541625E+7,    2.554059E-5,    6.785244E-5
1.542250E+7,    5.760044E-5,    6.853044E-5
1.542875E+7,    3.114715E-5,    4.875660E-5
1.543500E+7,    4.262850E-5,    3.404543E-5
1.544125E+7,    3.439933E-5,    4.152581E-5
1.544750E+7,    2.625585E-5,    8.106232E-6
1.545375E+7,    6.061792E-5,    6.033480E-5
1.546000E+7,    3.605708E-5,    4.285574E-5
1.546625E+7,    2.204254E-5,    5.445629E-5
1.547250E+7,    2.205372E-5,    5.495176E-5
1.547875E+7,    1.242571E-5,    3.110990E-5
1.548500E+7,    3.897958E-5,    1.930445E-5
1.549125E+7,    3.733858E-5,    5.779415E-5
1.549750E+7,    2.097338E-5,    4.864484E-5
1.550375E+7,    3.356114E-5,    3.543496E-5
1.551000E+7,    4.585460E-5,    3.900751E-5
1.551625E+7,    2.925843E-5,    3.487617E-5
1.552250E+7,    3.071129E-5,    4.093722E-5
1.552875E+7,    3.954023E-5,    3.810599E-5
1.553500E+7,    4.629791E-5,    1.481548E-5
1.554125E+7,    1.088157E-5,    4.436634E-5
1.554750E+7,    2.812594E-5,    3.682077E-5
1.555375E+7,    7.025152E-5,    3.942475E-5
1.556000E+7,    4.635751E-5,    6.898493E-5
1.556625E+7,    3.458932E-5,    3.908947E-5
1.557250E+7,    1.171790E-5,    2.651103E-5
1.557875E+7,    -9.518117E-7,    4.058145E-5
1.558500E+7,    3.955886E-5,    2.645701E-5
1.559125E+7,    1.790561E-5,    1.861900E-5
1.559750E+7,    1.063291E-5,    1.288019E-5
1.560375E+7,    2.135895E-5,    1.648441E-5
1.561000E+7,    2.887100E-5,    1.302734E-5
1.561625E+7,    1.085550E-5,    2.209842E-5
1.562250E+7,    7.221941E-6,    -3.591413E-6
1.562875E+7,    3.294460E-5,    2.017990E-5
1.563500E+7,    3.501773E-6,    4.269183E-5
1.564125E+7,    4.536286E-5,    2.082065E-5
1.564750E+7,    2.069026E-5,    6.748363E-6
1.565375E+7,    7.180497E-6,    2.241228E-5
1.566000E+7,    1.005828E-7,    8.558854E-6
1.566625E+7,    2.068933E-5,    -2.116896E-6
1.567250E+7,    1.093000E-5,    2.908148E-5
1.567875E+7,    1.733936E-5,    8.160248E-6
1.568500E+7,    1.439080E-5,    2.703629E-5
1.569125E+7,    1.422875E-5,    1.843274E-5
1.569750E+7,    2.716482E-5,    -5.984679E-6
1.570375E+7,    -1.277309E-5,    2.434943E-5
1.571000E+7,    4.341826E-6,    2.358295E-5
1.571625E+7,    1.096725E-5,    1.994707E-5
1.572250E+7,    -1.662318E-5,    9.262934E-6
1.572875E+7,    1.738500E-5,    7.716008E-6
1.573500E+7,    2.860557E-6,    -1.034187E-5
1.574125E+7,    1.408719E-5,    9.369105E-6
1.574750E+7,    2.547540E-5,    2.905913E-5
1.575375E+7,    1.184642E-5,    2.815388E-5
1.576000E+7,    3.795605E-6,    6.547198E-6
1.576625E+7,    -1.254212E-5,    1.613889E-5
1.577250E+7,    7.752329E-6,    1.303945E-5
1.577875E+7,    -2.635177E-6,    1.039729E-5
1.578500E+7,    -2.081506E-5,    -5.217269E-6
1.579125E+7,    7.174443E-6,    4.518777E-6
1.579750E+7,    -6.475020E-6,    3.939029E-6
1.580375E+7,    2.151541E-5,    1.342967E-5
1.581000E+7,    1.833402E-5,    1.530349E-5
1.581625E+7,    1.757964E-5,    6.807968E-6
1.582250E+7,    2.079643E-5,    4.768372E-6
1.582875E+7,    -2.630427E-5,    7.672235E-6
1.583500E+7,    2.329238E-6,    -1.040194E-5
1.584125E+7,    -1.269998E-5,    8.136965E-6
1.584750E+7,    1.585670E-5,    -1.020078E-5
1.585375E+7,    9.460375E-6,    -6.164424E-6
1.586000E+7,    3.151363E-6,    -2.062297E-6
1.586625E+7,    9.224750E-6,    2.096035E-5
1.587250E+7,    1.067296E-6,    -1.876336E-5
1.587875E+7,    1.052395E-5,    2.915598E-5
1.588500E+7,    1.883321E-5,    1.450814E-5
1.589125E+7,    4.223082E-6,    6.224494E-6
1.589750E+7,    -1.122709E-6,    -8.308329E-6
1.590375E+7,    -1.353817E-5,    1.811422E-7
1.591000E+7,    -7.361639E-6,    -4.044268E-6
1.591625E+7,    -3.797002E-6,    2.087466E-5
1.592250E+7,    1.409464E-5,    -1.907069E-5
1.592875E+7,    -1.838151E-5,    1.295470E-5
1.593500E+7,    2.396014E-5,    1.400709E-6
1.594125E+7,    3.044028E-6,    -2.178713E-6
1.594750E+7,    2.189726E-5,    3.032200E-5
1.595375E+7,    -8.789822E-6,    -1.212489E-5
1.596000E+7,    -1.624692E-6,    1.045689E-5
1.596625E+7,    -4.434958E-6,    -6.029848E-6
1.597250E+7,    -1.656916E-5,    2.164114E-5
1.597875E+7,    -9.008218E-6,    6.728806E-6
1.598500E+7,    -2.995599E-6,    2.247165E-6
1.599125E+7,    1.048576E-5,    1.468696E-6
1.599750E+7,    8.909032E-6,    -6.825197E-6
1.600375E+7,    -3.246963E-5,    2.152994E-4
1.601000E+7,    5.461276E-6,    1.836866E-4
1.601625E+7,    1.038648E-4,    3.643334E-6
1.602250E+7,    -2.218038E-4,    3.400445E-5
1.602875E+7,    1.492426E-4,    -1.205355E-4
1.603500E+7,    -5.812198E-5,    2.231598E-4
1.604125E+7,    -1.819432E-5,    6.472692E-5
1.604750E+7,    1.135021E-4,    3.251433E-4
1.605375E+7,    -2.944469E-5,    -2.395958E-4
1.606000E+7,    -7.778034E-5,    -4.026666E-5
1.606625E+7,    -1.372471E-4,    9.073317E-5
1.607250E+7,    4.218519E-5,    2.570078E-5
1.607875E+7,    9.946525E-5,    1.768768E-4
1.608500E+7,    1.034066E-4,    1.134276E-4
1.609125E+7,    1.290739E-4,    7.116795E-5
1.609750E+7,    3.341585E-5,    -5.426630E-5
1.610375E+7,    -7.388182E-6,    -2.249517E-5
1.611000E+7,    2.401695E-5,    -6.508455E-5
1.611625E+7,    7.853657E-5,    1.151487E-5
1.612250E+7,    1.296550E-4,    -3.824383E-5
1.612875E+7,    1.456887E-4,    1.447946E-4
1.613500E+7,    -4.130229E-5,    6.622449E-5
1.614125E+7,    9.614974E-5,    -2.415478E-5
1.614750E+7,    -2.291892E-5,    1.636334E-6
1.615375E+7,    6.544217E-5,    2.983212E-5
1.616000E+7,    -3.557093E-5,    2.557598E-5
1.616625E+7,    -1.084358E-4,    -6.715208E-5
1.617250E+7,    1.039691E-4,    -3.615394E-5
1.617875E+7,    -2.335571E-5,    3.622286E-5
1.618500E+7,    2.005696E-5,    -1.391396E-6
1.619125E+7,    1.157485E-4,    9.249896E-6
1.619750E+7,    -6.306171E-5,    4.421920E-6
1.620375E+7,    -8.374453E-6,    8.697063E-5
1.621000E+7,    4.280359E-5,    1.180321E-4
1.621625E+7,    -8.798018E-5,    -2.263114E-5
1.622250E+7,    4.773960E-5,    6.574392E-5
1.622875E+7,    1.161024E-4,    5.522370E-5
1.623500E+7,    -6.344914E-5,    -1.352280E-6
1.624125E+7,    -9.990484E-5,    1.265854E-5
1.624750E+7,    -2.748985E-5,    1.917500E-5
1.625375E+7,    -1.314841E-5,    1.818873E-5
1.626000E+7,    -3.230199E-5,    -9.261072E-6
1.626625E+7,    3.375858E-5,    -5.416945E-5
1.627250E+7,    3.477372E-5,    3.345311E-6
1.627875E+7,    1.192987E-4,    6.086379E-5
1.628500E+7,    -1.032650E-4,    1.740456E-4
1.629125E+7,    2.111495E-5,    -1.973733E-4
1.629750E+7,    8.289143E-5,    -5.170703E-5
1.630375E+7,    -1.036972E-4,    -8.507818E-5
1.631000E+7,    9.939075E-5,    -1.046918E-4
1.631625E+7,    -1.572445E-5,    -6.227568E-5
1.632250E+7,    -6.450340E-5,    -5.896017E-5
1.632875E+7,    1.542643E-5,    -7.013977E-5
1.633500E+7,    1.715571E-4,    1.152903E-4
1.634125E+7,    -4.684553E-5,    -5.451962E-5
1.634750E+7,    -1.506731E-4,    -5.893409E-5
1.635375E+7,    -1.444370E-4,    -7.629395E-6
1.636000E+7,    -4.474074E-5,    -1.525283E-4
1.636625E+7,    1.987629E-5,    3.900565E-5
1.637250E+7,    2.158806E-5,    -6.479397E-5
1.637875E+7,    -2.427958E-5,    2.463255E-5
1.638500E+7,    4.529580E-5,    3.155321E-5
1.639125E+7,    -5.838275E-5,    -2.265722E-4
1.639750E+7,    -2.672896E-5,    -5.585328E-5
1.640375E+7,    1.766533E-5,    -8.186325E-5
1.641000E+7,    -2.159365E-5,    -2.164952E-5
1.641625E+7,    -6.175414E-5,    -1.898780E-5
1.642250E+7,    -1.578927E-4,    1.023710E-5
1.642875E+7,    1.778677E-4,    -1.158565E-5
1.643500E+7,    5.189516E-5,    -4.369020E-5
1.644125E+7,    2.093241E-5,    -7.630885E-5
1.644750E+7,    -6.462634E-5,    -1.890212E-5
1.645375E+7,    -7.383525E-5,    1.635775E-5
1.646000E+7,    -1.905039E-4,    -4.947186E-6
1.646625E+7,    -7.182360E-5,    1.373440E-4
1.647250E+7,    1.322106E-5,    -6.424263E-5
1.647875E+7,    1.796335E-5,    1.036283E-5
1.648500E+7,    7.678941E-5,    2.959743E-5
1.649125E+7,    9.897351E-5,    1.674518E-5
1.649750E+7,    -6.554276E-5,    1.021735E-4
1.650375E+7,    2.658926E-5,    9.821728E-6
1.651000E+7,    3.885478E-6,    -7.520244E-5
1.651625E+7,    -6.288290E-5,    9.726733E-6
1.652250E+7,    -2.012402E-5,    -9.099394E-5
1.652875E+7,    -2.335012E-5,    4.186668E-5
1.653500E+7,    -1.211092E-5,    8.153170E-5
1.654125E+7,    -3.877655E-5,    2.553128E-5
1.654750E+7,    -7.226691E-5,    -4.740804E-5
1.655375E+7,    -1.575798E-5,    1.626238E-4
1.656000E+7,    2.115220E-5,    1.082569E-4
1.656625E+7,    -5.966797E-5,    6.143376E-5
1.657250E+7,    5.353615E-5,    -2.070144E-5
1.657875E+7,    -4.814938E-5,    -7.784739E-5
1.658500E+7,    -3.991649E-5,    8.244067E-6
1.659125E+7,    3.360212E-6,    -1.330227E-4
1.659750E+7,    -3.199652E-5,    8.855015E-5
1.660375E+7,    -6.325915E-5,    3.878027E-6
1.661000E+7,    1.032911E-4,    -5.826354E-5
1.661625E+7,    8.079410E-5,    9.322166E-5
1.662250E+7,    -4.941970E-5,    -1.008511E-4
1.662875E+7,    1.569986E-4,    6.549060E-5
1.663500E+7,    1.018494E-5,    2.131537E-4
1.664125E+7,    -8.248910E-5,    2.232939E-5
1.664750E+7,    -5.424023E-5,    -4.242808E-4
1.665375E+7,    1.003668E-4,    3.435463E-5
1.666000E+7,    -5.654059E-5,    2.077408E-5
1.666625E+7,    1.281500E-6,    6.926432E-5
1.667250E+7,    -3.045797E-5,    -1.716018E-4
1.667875E+7,    1.328662E-4,    -4.845858E-5
1.668500E+7,    1.477599E-4,    2.974421E-4
1.669125E+7,    1.063980E-4,    -6.362796E-6
1.669750E+7,    1.075491E-4,    1.093373E-5
1.670375E+7,    -2.471358E-4,    2.634078E-4
1.671000E+7,    -9.885803E-5,    8.674338E-5
1.671625E+7,    -8.992106E-5,    -5.248189E-5
1.672250E+7,    -1.353025E-5,    2.609342E-4
1.672875E+7,    -7.583946E-5,    1.375303E-4
1.673500E+7,    -2.484322E-4,    -9.512901E-5
1.674125E+7,    -8.726120E-5,    -5.847216E-5
1.674750E+7,    -1.772642E-4,    -1.282990E-5
1.675375E+7,    9.381026E-5,    -2.871454E-5
1.676000E+7,    6.011873E-5,    1.872703E-4
1.676625E+7,    -1.394302E-4,    -2.061129E-4
1.677250E+7,    1.630932E-4,    -1.311377E-4
1.677875E+7,    -1.085177E-4,    1.220852E-4
1.678500E+7,    -4.678965E-6,    6.974861E-5
1.679125E+7,    -1.778081E-5,    9.363517E-5
1.679750E+7,    -8.780509E-5,    1.844764E-4
1.680375E+7,    5.502999E-5,    1.009628E-4
1.681000E+7,    -3.132224E-5,    -1.428276E-4
1.681625E+7,    -8.941442E-5,    5.726144E-5
1.682250E+7,    2.944656E-5,    -4.222803E-5
1.682875E+7,    -9.696931E-5,    -7.563829E-5
1.683500E+7,    3.213994E-6,    5.604699E-6
1.684125E+7,    1.306608E-4,    -9.426475E-5
1.684750E+7,    4.286692E-5,    -6.038882E-5
1.685375E+7,    5.762652E-5,    -1.075678E-4
1.686000E+7,    -3.849156E-5,    -1.522899E-5
1.686625E+7,    -4.518777E-5,    7.196516E-5
1.687250E+7,    7.458031E-6,    1.328364E-4
1.687875E+7,    5.038828E-5,    7.244200E-5
1.688500E+7,    -1.045465E-4,    -2.142042E-4
1.689125E+7,    -6.742775E-7,    -6.362423E-5
1.689750E+7,    7.288158E-5,    -4.456937E-5
1.690375E+7,    -2.213195E-5,    7.075444E-5
1.691000E+7,    7.125735E-5,    8.295476E-5
1.691625E+7,    -6.709620E-5,    9.639561E-5
1.692250E+7,    -9.209663E-5,    -4.133582E-5
1.692875E+7,    3.053248E-5,    1.316220E-4
1.693500E+7,    -3.941357E-5,    -8.482486E-5
1.694125E+7,    3.656745E-5,    3.273785E-5
1.694750E+7,    -7.171184E-5,    6.766990E-5
1.695375E+7,    4.548579E-6,    -7.566065E-5
1.696000E+7,    -2.206489E-5,    -8.577481E-5
1.696625E+7,    1.122802E-4,    4.035234E-5
1.697250E+7,    -1.694858E-4,    -7.787347E-5
1.697875E+7,    -7.025525E-5,    9.664148E-5
1.698500E+7,    -1.665652E-4,    -7.812679E-5
1.699125E+7,    -9.894371E-5,    1.039430E-4
1.699750E+7,    -5.017221E-5,    -1.250133E-4
1.700375E+7,    -1.269579E-4,    -9.763241E-5
1.701000E+7,    7.977709E-6,    4.017167E-5
1.701625E+7,    -1.234263E-4,    -1.907796E-4
1.702250E+7,    -1.167133E-5,    -1.096874E-4
1.702875E+7,    -1.183078E-4,    1.223609E-4
1.703500E+7,    1.685321E-5,    2.079457E-4
1.704125E+7,    1.567602E-5,    -8.787587E-5
1.704750E+7,    1.098663E-4,    1.567602E-4
1.705375E+7,    -1.141056E-4,    -1.275837E-4
1.706000E+7,    -9.855628E-5,    -1.632124E-4
1.706625E+7,    -4.810095E-5,    1.360402E-4
1.707250E+7,    -2.184883E-4,    -1.185387E-5
1.707875E+7,    -1.084134E-4,    -7.560849E-5
1.708500E+7,    -8.164346E-5,    -1.177713E-4
1.709125E+7,    5.383044E-5,    -2.601929E-5
1.709750E+7,    1.370162E-4,    -4.771352E-5
1.710375E+7,    -3.604591E-5,    8.902326E-5
1.711000E+7,    2.372414E-4,    9.252131E-5
1.711625E+7,    -9.930134E-5,    -1.227409E-4
1.712250E+7,    3.809482E-5,    1.201332E-4
1.712875E+7,    1.843870E-4,    8.362532E-5
1.713500E+7,    4.982576E-5,    9.043142E-6
1.714125E+7,    -4.062802E-5,    -5.600229E-5
1.714750E+7,    1.906604E-5,    -8.227676E-5
1.715375E+7,    3.742240E-5,    -7.700175E-6
1.716000E+7,    -1.770444E-5,    -4.910864E-6
1.716625E+7,    -3.203750E-7,    -6.392226E-5
1.717250E+7,    1.217145E-5,    1.100358E-5
1.717875E+7,    2.929196E-5,    -1.118928E-4
1.718500E+7,    1.741201E-5,    -8.726493E-7
1.719125E+7,    8.732080E-6,    -5.855039E-5
1.719750E+7,    5.222484E-5,    -2.577901E-6
1.720375E+7,    -1.263618E-5,    -1.973137E-4
1.721000E+7,    -1.003593E-4,    -8.809566E-5
1.721625E+7,    -5.546957E-6,    6.430224E-5
1.722250E+7,    1.462922E-4,    -4.206598E-5
1.722875E+7,    -1.104884E-4,    6.362796E-5
1.723500E+7,    4.544854E-5,    -8.366629E-5
1.724125E+7,    3.606081E-6,    -1.049489E-4
1.724750E+7,    1.601502E-4,    3.859401E-6
1.725375E+7,    7.338822E-7,    -1.047775E-4
1.726000E+7,    1.023263E-4,    7.076561E-5
1.726625E+7,    9.910017E-5,    -5.716085E-5
1.727250E+7,    1.150966E-4,    1.517236E-4
1.727875E+7,    4.645251E-5,    -2.210960E-6
1.728500E+7,    -6.693974E-5,    6.139651E-5
1.729125E+7,    7.055327E-5,    1.404434E-5
1.729750E+7,    -6.623566E-5,    1.483411E-5
1.730375E+7,    -1.964420E-4,    9.670109E-5
1.731000E+7,    -2.283230E-5,    -5.129352E-5
1.731625E+7,    1.656637E-5,    1.041032E-4
1.732250E+7,    -3.054738E-6,    -6.394088E-5
1.732875E+7,    5.945191E-5,    2.632290E-5
1.733500E+7,    -1.069903E-5,    8.203089E-5
1.734125E+7,    -1.542196E-4,    -5.680323E-5
1.734750E+7,    -2.773106E-4,    -1.011789E-5
1.735375E+7,    4.072487E-5,    -1.884252E-4
1.736000E+7,    1.613237E-5,    3.422797E-5
1.736625E+7,    -2.149791E-4,    -1.706183E-4
1.737250E+7,    -4.979968E-5,    -1.957566E-4
1.737875E+7,    -1.315698E-4,    1.169443E-4
1.738500E+7,    4.867464E-5,    1.668036E-4
1.739125E+7,    -2.954528E-5,    1.179986E-4
1.739750E+7,    6.480142E-5,    -4.959852E-5
1.740375E+7,    2.222229E-5,    -2.431870E-5
1.741000E+7,    1.033507E-4,    -9.816512E-5
1.741625E+7,    -3.198534E-4,    -1.722425E-4
1.742250E+7,    8.641183E-5,    -3.421903E-4
1.742875E+7,    -4.551932E-5,    -3.876537E-5
1.743500E+7,    -7.300824E-5,    -6.668270E-5
1.744125E+7,    -1.485497E-4,    -1.917332E-4
1.744750E+7,    1.322106E-5,    3.440492E-5
1.745375E+7,    -2.100691E-4,    6.193668E-5
1.746000E+7,    1.319721E-4,    8.159131E-5
1.746625E+7,    -9.524077E-5,    -1.066104E-4
1.747250E+7,    6.750226E-5,    8.683652E-6
1.747875E+7,    8.322299E-6,    -1.403615E-4
1.748500E+7,    1.072884E-6,    -1.693144E-4
1.749125E+7,    -1.333654E-4,    -1.109838E-4
1.749750E+7,    1.620501E-4,    -1.005158E-4
1.750375E+7,    2.939254E-5,    4.539266E-6
1.751000E+7,    -7.554144E-5,    -1.251698E-4
1.751625E+7,    3.710389E-5,    -2.877265E-4
1.752250E+7,    -7.580966E-7,    -1.749024E-5
1.752875E+7,    -8.726120E-5,    -1.247302E-4
1.753500E+7,    1.373440E-4,    -5.960464E-8
1.754125E+7,    6.449223E-5,    2.132505E-4
1.754750E+7,    4.694238E-5,    3.792346E-6
1.755375E+7,    1.126900E-5,    -7.645786E-5
1.756000E+7,    5.123951E-5,    -3.140792E-5
1.756625E+7,    5.774200E-7,    8.177012E-5
1.757250E+7,    -1.982599E-5,    8.262694E-5
1.757875E+7,    3.736094E-5,    -8.337572E-5
1.758500E+7,    -2.969429E-5,    -8.058921E-5
1.759125E+7,    1.855195E-6,    -9.357557E-5
1.759750E+7,    -9.519607E-5,    9.757653E-5
1.760375E+7,    -7.682666E-5,    -2.011284E-5
1.761000E+7,    -9.911880E-5,    4.116446E-6
1.761625E+7,    -1.436695E-4,    5.863607E-5
1.762250E+7,    -1.246035E-4,    -1.176223E-4
1.762875E+7,    -1.548752E-4,    7.075816E-5
1.763500E+7,    -6.328151E-5,    9.612367E-5
1.764125E+7,    1.069158E-6,    -1.170784E-4
1.764750E+7,    1.349524E-4,    -1.283437E-4
1.765375E+7,    4.158542E-5,    1.585297E-5
1.766000E+7,    6.879121E-5,    3.815815E-5
1.766625E+7,    -3.577583E-5,    -1.607090E-5
1.767250E+7,    -4.602224E-5,    1.941808E-5
1.767875E+7,    1.689419E-5,    -8.850917E-5
1.768500E+7,    -9.173155E-5,    -2.560392E-5
1.769125E+7,    1.489297E-4,    6.424636E-5
1.769750E+7,    3.960356E-5,    3.936887E-5
1.770375E+7,    -1.301244E-4,    4.038960E-5
1.771000E+7,    -1.929328E-5,    3.001187E-5
1.771625E+7,    -5.785748E-5,    9.006634E-5
1.772250E+7,    1.580268E-5,    1.047365E-4
1.772875E+7,    -3.833324E-5,    -8.040667E-5
1.773500E+7,    -1.846999E-5,    -2.268143E-5
1.774125E+7,    1.038425E-4,    -3.922731E-5
1.774750E+7,    -1.393631E-4,    -4.708022E-5
1.775375E+7,    8.707494E-5,    5.517155E-5
1.776000E+7,    5.637109E-5,    2.496839E-4
1.776625E+7,    -6.379187E-5,    9.036437E-5
1.777250E+7,    -3.951043E-5,    -1.156330E-4
1.777875E+7,    1.548827E-4,    1.461506E-4
1.778500E+7,    -3.395230E-5,    -4.556775E-5
1.779125E+7,    3.641099E-4,    -3.535002E-4
1.779750E+7,    -1.537055E-5,    -1.694486E-4
1.780375E+7,    -1.260638E-5,    1.293868E-4
1.781000E+7,    9.448081E-5,    1.976639E-5
1.781625E+7,    -1.662746E-4,    1.801550E-5
1.782250E+7,    2.179295E-5,    1.104474E-4
1.782875E+7,    -2.897158E-5,    -6.917492E-5
1.783500E+7,    2.570450E-5,    -9.474158E-5
1.784125E+7,    -9.906292E-5,    1.550838E-5
1.784750E+7,    -1.127319E-5,    1.215050E-5
1.785375E+7,    1.082346E-4,    -1.624301E-4
1.786000E+7,    -3.633462E-5,    4.825555E-5
1.786625E+7,    9.925663E-5,    -1.679882E-4
1.787250E+7,    -5.459785E-5,    -1.269430E-4
1.787875E+7,    2.829731E-5,    5.171821E-5
1.788500E+7,    9.968132E-5,    7.843226E-5
1.789125E+7,    9.939075E-5,    7.249415E-5
1.789750E+7,    5.525537E-5,    -1.380965E-5
1.790375E+7,    6.221235E-6,    -7.065758E-5
1.791000E+7,    -8.455664E-5,    1.483411E-5
1.791625E+7,    -6.043538E-5,    3.152341E-5
1.792250E+7,    9.834766E-7,    -5.284697E-5
1.792875E+7,    6.716326E-5,    -8.266419E-6
1.793500E+7,    7.027015E-5,    -8.467585E-5
1.794125E+7,    -2.052356E-5,    7.497147E-7
1.794750E+7,    -7.318333E-6,    4.136376E-5
1.795375E+7,    -6.333739E-5,    -1.327321E-4
1.796000E+7,    6.300583E-5,    3.882870E-5
1.796625E+7,    1.819618E-5,    1.696497E-5
1.797250E+7,    4.222617E-6,    -4.712492E-5
1.797875E+7,    6.461143E-5,    1.680776E-4
1.798500E+7,    -6.127357E-5,    -7.417798E-5
1.799125E+7,    6.555766E-5,    1.092628E-4
1.799750E+7,    5.886890E-5,    3.835186E-6
1.800375E+7,    -1.803041E-5,    -1.816377E-4
1.801000E+7,    -7.321686E-5,    9.058416E-5
1.801625E+7,    -9.991974E-5,    7.980689E-5
1.802250E+7,    -4.320778E-5,    2.493523E-5
1.802875E+7,    -7.629395E-6,    -2.229661E-4
1.803500E+7,    -9.015948E-5,    1.087338E-4
1.804125E+7,    2.831686E-5,    -3.035832E-5
1.804750E+7,    8.362904E-5,    -4.389510E-5
1.805375E+7,    -1.455545E-4,    -4.786998E-5
1.806000E+7,    1.045242E-4,    4.930049E-5
1.806625E+7,    -2.449751E-5,    -1.166686E-4
1.807250E+7,    -2.259538E-4,    1.557171E-6
1.807875E+7,    -6.828457E-5,    -2.128258E-5
1.808500E+7,    1.362488E-4,    3.654510E-5
1.809125E+7,    -3.860332E-5,    -1.048669E-5
1.809750E+7,    -3.265403E-5,    -1.064874E-5
1.810375E+7,    1.360178E-4,    1.188368E-4
1.811000E+7,    -2.600625E-5,    1.007691E-4
1.811625E+7,    5.513057E-5,    -1.135357E-4
1.812250E+7,    -1.551360E-4,    -2.536178E-4
1.812875E+7,    5.897135E-5,    1.860932E-4
1.813500E+7,    1.396313E-4,    4.846603E-5
1.814125E+7,    -9.129196E-5,    -9.710342E-5
1.814750E+7,    6.435066E-5,    -1.962930E-4
1.815375E+7,    -1.088530E-5,    1.179017E-4
1.816000E+7,    -2.099872E-4,    5.375594E-5
1.816625E+7,    1.216233E-4,    -1.509935E-4
1.817250E+7,    1.559481E-4,    9.513646E-5
1.817875E+7,    1.962855E-5,    -3.001560E-5
1.818500E+7,    7.219613E-5,    1.444668E-4
1.819125E+7,    -3.642775E-5,    5.994923E-5
1.819750E+7,    -1.542643E-5,    -2.305396E-5
1.820375E+7,    3.505498E-6,    -7.654354E-5
1.821000E+7,    -8.732826E-5,    -6.207079E-5
1.821625E+7,    -1.514629E-4,    4.579127E-5
1.822250E+7,    6.347895E-5,    5.689263E-5
1.822875E+7,    1.659244E-4,    1.304001E-4
1.823500E+7,    4.444271E-5,    1.043268E-5
1.824125E+7,    8.858368E-5,    9.004027E-6
1.824750E+7,    -2.232939E-5,    -5.815923E-5
1.825375E+7,    -1.376122E-5,    1.299381E-4
1.826000E+7,    1.712237E-5,    -1.815613E-5
1.826625E+7,    8.215755E-5,    -1.083687E-4
1.827250E+7,    1.015365E-4,    4.993379E-5
1.827875E+7,    5.178154E-6,    -2.370402E-5
1.828500E+7,    4.083663E-5,    -1.296215E-5
1.829125E+7,    -1.155064E-4,    -1.203120E-4
1.829750E+7,    -2.801046E-5,    -5.217642E-5
1.830375E+7,    7.614493E-6,    -4.146621E-5
1.831000E+7,    2.687424E-5,    -8.905679E-5
1.831625E+7,    1.302361E-5,    1.467541E-4
1.832250E+7,    5.447492E-5,    5.146489E-5
1.832875E+7,    -2.354104E-5,    6.668270E-7
1.833500E+7,    -1.693964E-4,    -4.813820E-5
1.834125E+7,    -4.363246E-5,    1.892075E-5
1.834750E+7,    7.499754E-5,    -5.515665E-5
1.835375E+7,    -1.258105E-4,    3.307313E-5
1.836000E+7,    1.032017E-4,    2.976507E-6
1.836625E+7,    6.004050E-5,    3.958493E-5
1.837250E+7,    -4.365295E-5,    1.889095E-5
1.837875E+7,    -2.322905E-5,    1.244247E-5
1.838500E+7,    3.813580E-5,    -6.981194E-6
1.839125E+7,    1.391117E-5,    -2.983306E-5
1.839750E+7,    -4.261732E-6,    -4.706345E-5
1.840375E+7,    -4.427880E-5,    -1.108199E-4
1.841000E+7,    3.863312E-5,    1.073815E-5
1.841625E+7,    -1.218989E-4,    -3.795326E-5
1.842250E+7,    3.154948E-5,    7.579476E-5
1.842875E+7,    1.442572E-5,    -1.219613E-5
1.843500E+7,    -6.210059E-6,    -1.161918E-5
1.844125E+7,    1.029521E-4,    -1.206733E-4
1.844750E+7,    1.335889E-5,    5.860999E-5
1.845375E+7,    -1.043454E-5,    -5.872920E-5
1.846000E+7,    -3.786013E-5,    1.868047E-5
1.846625E+7,    -5.083159E-6,    2.961326E-5
1.847250E+7,    2.125651E-5,    1.350939E-4
1.847875E+7,    -1.038313E-4,    -2.083927E-5
1.848500E+7,    -2.197921E-6,    -2.005249E-4
1.849125E+7,    -5.198270E-5,    1.547933E-4
1.849750E+7,    -1.209080E-4,    -1.149550E-4
1.850375E+7,    7.859617E-5,    7.474422E-5
1.851000E+7,    -4.199892E-5,    8.961186E-5
1.851625E+7,    -6.303564E-5,    7.243454E-5
1.852250E+7,    -5.724654E-5,    7.226318E-5
1.852875E+7,    -9.465218E-5,    -9.417534E-6
1.853500E+7,    -1.826733E-4,    -9.578466E-5
1.854125E+7,    -2.295524E-4,    -9.463727E-5
1.854750E+7,    -1.467019E-5,    -1.177862E-4
1.855375E+7,    1.318753E-4,    1.976341E-4
1.856000E+7,    1.226366E-5,    1.354516E-4