SAVED BY: 
TITLE: 
COMMENTS: 
DATE: 10/27/2020
TIME: 3:20 PM

STIMULUS, REAL, IMAGINARY

8.560000E+6,    -1.346320E-5,    -1.482591E-4
8.566250E+6,    -2.374500E-5,    -1.779571E-4
8.572500E+6,    -2.095848E-5,    -1.704097E-4
8.578750E+6,    -1.296401E-6,    -1.609400E-4
8.585000E+6,    -1.202524E-5,    -1.708344E-4
8.591250E+6,    -1.189858E-5,    -1.608133E-4
8.597500E+6,    -9.775162E-6,    -1.632646E-4
8.603750E+6,    -9.834766E-7,    -1.734495E-4
8.610000E+6,    -2.606213E-5,    -1.775548E-4
8.616250E+6,    -3.449619E-6,    -1.610368E-4
8.622500E+6,    -7.309020E-6,    -1.977608E-4
8.628750E+6,    -1.900643E-5,    -1.553297E-4
8.635000E+6,    -1.677126E-5,    -1.578555E-4
8.641250E+6,    3.658235E-6,    -1.910254E-4
8.647500E+6,    -6.042421E-6,    -1.808405E-4
8.653750E+6,    -1.186877E-5,    -1.855344E-4
8.660000E+6,    -1.567602E-5,    -2.025813E-4
8.666250E+6,    -2.472848E-5,    -1.823977E-4
8.672500E+6,    -1.025200E-5,    -1.781359E-4
8.678750E+6,    -1.218915E-5,    -1.656413E-4
8.685000E+6,    -1.744926E-5,    -1.702160E-4
8.691250E+6,    -2.875924E-6,    -1.661703E-4
8.697500E+6,    -1.095235E-5,    -1.681149E-4
8.703750E+6,    -1.663715E-5,    -1.727864E-4
8.710000E+6,    -1.221895E-5,    -1.780465E-4
8.716250E+6,    -9.275973E-6,    -2.031252E-4
8.722500E+6,    -1.039356E-5,    -1.808107E-4
8.728750E+6,    -6.720424E-6,    -2.182871E-4
8.735000E+6,    -4.135072E-6,    -1.786500E-4
8.741250E+6,    -2.755970E-5,    -1.843795E-4
8.747500E+6,    -2.001971E-5,    -1.824498E-4
8.753750E+6,    -5.751848E-6,    -1.884773E-4
8.760000E+6,    -1.313537E-5,    -1.804233E-4
8.766250E+6,    2.443790E-6,    -1.667887E-4
8.772500E+6,    -5.260110E-6,    -1.912490E-4
8.778750E+6,    -1.141429E-5,    -1.732707E-4
8.785000E+6,    -1.130253E-5,    -1.954809E-4
8.791250E+6,    -2.599508E-5,    -1.893863E-4
8.797500E+6,    -2.338737E-5,    -2.042502E-4
8.803750E+6,    -3.229827E-5,    -1.935810E-4
8.810000E+6,    -2.398342E-5,    -1.818612E-4
8.816250E+6,    -3.844500E-6,    -1.740754E-4
8.822500E+6,    -3.033876E-5,    -1.863837E-4
8.828750E+6,    -2.850592E-5,    -1.889840E-4
8.835000E+6,    -3.822148E-6,    -1.865998E-4
8.841250E+6,    -6.444752E-6,    -1.839399E-4
8.847500E+6,    -6.668270E-6,    -1.839474E-4
8.853750E+6,    -2.501905E-5,    -1.843572E-4
8.860000E+6,    -2.593547E-5,    -1.940951E-4
8.866250E+6,    -2.487004E-5,    -1.965612E-4
8.872500E+6,    -1.990795E-5,    -1.923740E-4
8.878750E+6,    -1.972169E-5,    -2.048090E-4
8.885000E+6,    -2.673268E-5,    -1.965240E-4
8.891250E+6,    -2.261996E-5,    -2.020523E-4
8.897500E+6,    -2.075732E-5,    -1.921728E-4
8.903750E+6,    -3.130734E-5,    -2.259463E-4
8.910000E+6,    -1.251698E-5,    -1.936778E-4
8.916250E+6,    -2.269447E-5,    -1.920164E-4
8.922500E+6,    1.788139E-6,    -1.907423E-4
8.928750E+6,    -2.019852E-5,    -1.849830E-4
8.935000E+6,    -3.731251E-5,    -1.975670E-4
8.941250E+6,    -4.625320E-5,    -2.340525E-4
8.947500E+6,    -3.280491E-5,    -1.933128E-4
8.953750E+6,    -1.955032E-5,    -1.876280E-4
8.960000E+6,    -1.582503E-5,    -2.057776E-4
8.966250E+6,    -4.272163E-5,    -2.166480E-4
8.972500E+6,    -1.097471E-5,    -2.017915E-4
8.978750E+6,    -3.071129E-5,    -1.985878E-4
8.985000E+6,    -2.685189E-5,    -2.166331E-4
8.991250E+6,    -4.467368E-5,    -2.164096E-4
8.997500E+6,    -9.536743E-7,    -1.933351E-4
9.003750E+6,    -2.884865E-5,    -2.038926E-4
9.010000E+6,    -4.315376E-5,    -1.960546E-4
9.016250E+6,    -1.975149E-5,    -2.055019E-4
9.022500E+6,    -4.191697E-5,    -1.990795E-4
9.028750E+6,    -3.214180E-5,    -2.136528E-4
9.035000E+6,    -5.751848E-6,    -1.781210E-4
9.041250E+6,    -2.568215E-5,    -1.870468E-4
9.047500E+6,    -3.410876E-5,    -2.131313E-4
9.053750E+6,    -2.887100E-5,    -1.967922E-4
9.060000E+6,    -2.061576E-5,    -1.953393E-4
9.066250E+6,    -3.509969E-5,    -2.004430E-4
9.072500E+6,    -1.792610E-5,    -2.138838E-4
9.078750E+6,    -4.622340E-5,    -1.981556E-4
9.085000E+6,    -3.106892E-5,    -2.089739E-4
9.091250E+6,    -3.513694E-5,    -2.031773E-4
9.097500E+6,    -2.225488E-5,    -1.982898E-4
9.103750E+6,    -3.050268E-5,    -2.243966E-4
9.110000E+6,    -2.685934E-5,    -1.924112E-4
9.116250E+6,    -2.796948E-5,    -2.303571E-4
9.122500E+6,    -2.547354E-5,    -2.077073E-4
9.128750E+6,    -2.381951E-5,    -2.109408E-4
9.135000E+6,    -1.691282E-5,    -2.100840E-4
9.141250E+6,    -4.062057E-5,    -1.996905E-4
9.147500E+6,    -3.154576E-5,    -2.142638E-4
9.153750E+6,    -3.546476E-5,    -2.082735E-4
9.160000E+6,    -4.102290E-5,    -2.148598E-4
9.166250E+6,    -1.449883E-5,    -2.185330E-4
9.172500E+6,    -2.443790E-5,    -2.289712E-4
9.178750E+6,    -2.990663E-5,    -2.073944E-4
9.185000E+6,    -2.504885E-5,    -2.160519E-4
9.191250E+6,    -3.343821E-5,    -2.168268E-4
9.197500E+6,    -2.226233E-5,    -2.223998E-4
9.203750E+6,    -3.543496E-5,    -2.292842E-4
9.210000E+6,    -4.340708E-5,    -2.300292E-4
9.216250E+6,    -1.627207E-5,    -2.215058E-4
9.222500E+6,    -2.538413E-5,    -2.064258E-4
9.228750E+6,    -3.258884E-5,    -2.226532E-4
9.235000E+6,    -3.217161E-5,    -2.100170E-4
9.241250E+6,    -4.543364E-5,    -2.295971E-4
9.247500E+6,    -3.315508E-5,    -2.100170E-4
9.253750E+6,    -2.226233E-5,    -2.437532E-4
9.260000E+6,    -3.905594E-5,    -2.291799E-4
9.266250E+6,    -4.509091E-5,    -2.351254E-4
9.272500E+6,    -4.908442E-5,    -2.136081E-4
9.278750E+6,    -3.854930E-5,    -2.318323E-4
9.285000E+6,    -2.843142E-5,    -2.373904E-4
9.291250E+6,    -3.421307E-5,    -2.282709E-4
9.297500E+6,    -2.589822E-5,    -2.151281E-4
9.303750E+6,    -3.725290E-5,    -2.249926E-4
9.310000E+6,    -4.625320E-5,    -2.381504E-4
9.316250E+6,    -5.917251E-5,    -2.447516E-4
9.322500E+6,    -4.370511E-5,    -2.438128E-4
9.328750E+6,    -4.290044E-5,    -2.314597E-4
9.335000E+6,    -4.589558E-5,    -2.280176E-4
9.341250E+6,    -1.920760E-5,    -2.177656E-4
9.347500E+6,    -3.051758E-5,    -2.120435E-4
9.353750E+6,    -2.309680E-5,    -2.428442E-4
9.360000E+6,    -4.905462E-5,    -2.246201E-4
9.366250E+6,    -2.115965E-5,    -2.332926E-4
9.372500E+6,    -3.112853E-5,    -2.148151E-4
9.378750E+6,    -2.664328E-5,    -2.397895E-4
9.385000E+6,    -3.084540E-5,    -2.332330E-4
9.391250E+6,    -4.169345E-5,    -2.427995E-4
9.397500E+6,    -1.393259E-5,    -2.361089E-4
9.403750E+6,    -5.587935E-5,    -2.335310E-4
9.410000E+6,    -2.309680E-5,    -2.204776E-4
9.416250E+6,    -3.583729E-5,    -2.424270E-4
9.422500E+6,    -5.069375E-5,    -2.458096E-4
9.428750E+6,    -3.838539E-5,    -2.392530E-4
9.435000E+6,    -4.184246E-5,    -2.487302E-4
9.441250E+6,    -4.485250E-5,    -2.450943E-4
9.447500E+6,    -6.079674E-5,    -2.292991E-4
9.453750E+6,    -4.234910E-5,    -2.514422E-4
9.460000E+6,    -4.839897E-5,    -2.575815E-4
9.466250E+6,    -4.118681E-5,    -2.387762E-4
9.472500E+6,    -3.102422E-5,    -2.293885E-4
9.478750E+6,    -3.939867E-5,    -2.290905E-4
9.485000E+6,    -3.555417E-5,    -2.385676E-4
9.491250E+6,    -2.637506E-5,    -2.419055E-4
9.497500E+6,    -5.686283E-5,    -2.442002E-4
9.503750E+6,    -3.084540E-5,    -2.510548E-4
9.510000E+6,    -4.684925E-5,    -2.350211E-4
9.516250E+6,    -4.991889E-5,    -2.287328E-4
9.522500E+6,    -5.146861E-5,    -2.439916E-4
9.528750E+6,    -5.999207E-5,    -2.437532E-4
9.535000E+6,    -4.163384E-5,    -2.510250E-4
9.541250E+6,    -4.851818E-5,    -2.537370E-4
9.547500E+6,    -4.136562E-5,    -2.536476E-4
9.553750E+6,    -6.303191E-5,    -2.400875E-4
9.560000E+6,    -4.813075E-5,    -2.407134E-4
9.566250E+6,    -4.020333E-5,    -2.602637E-4
9.572500E+6,    -4.321337E-5,    -2.537370E-4
9.578750E+6,    -4.088879E-5,    -2.598464E-4
9.585000E+6,    -2.908707E-5,    -2.353787E-4
9.591250E+6,    -4.199147E-5,    -2.596676E-4
9.597500E+6,    -5.930662E-5,    -2.553463E-4
9.603750E+6,    -4.011393E-5,    -2.658367E-4
9.610000E+6,    -3.862381E-5,    -2.723634E-4
9.616250E+6,    -4.875660E-5,    -2.684891E-4
9.622500E+6,    -4.938245E-5,    -2.495050E-4
9.628750E+6,    -4.720688E-5,    -2.561510E-4
9.635000E+6,    -5.123019E-5,    -2.650023E-4
9.641250E+6,    -3.629923E-5,    -2.661347E-4
9.647500E+6,    -4.571676E-5,    -2.620816E-4
9.653750E+6,    -3.868341E-5,    -2.624989E-4
9.660000E+6,    -8.171797E-5,    -2.338290E-4
9.666250E+6,    -4.413724E-5,    -2.528131E-4
9.672500E+6,    -5.066395E-5,    -2.555251E-4
9.678750E+6,    -6.973743E-5,    -2.661943E-4
9.685000E+6,    -2.974272E-5,    -2.728999E-4
9.691250E+6,    -4.559755E-5,    -2.715886E-4
9.697500E+6,    -6.958842E-5,    -2.721548E-4
9.703750E+6,    -4.181266E-5,    -2.655089E-4
9.710000E+6,    -5.397201E-5,    -2.739429E-4
9.716250E+6,    -4.586577E-5,    -2.776384E-4
9.722500E+6,    -5.847216E-5,    -2.668500E-4
9.728750E+6,    -6.461143E-5,    -2.693236E-4
9.735000E+6,    -5.117059E-5,    -2.675951E-4
9.741250E+6,    -6.601214E-5,    -2.690852E-4
9.747500E+6,    -6.043911E-5,    -2.666414E-4
9.753750E+6,    -6.499887E-5,    -2.752841E-4
9.760000E+6,    -5.644560E-5,    -2.795458E-4
9.766250E+6,    -5.200505E-5,    -2.959669E-4
9.772500E+6,    -5.936623E-5,    -2.759397E-4
9.778750E+6,    -4.470348E-5,    -2.747774E-4
9.785000E+6,    -7.501245E-5,    -2.768934E-4
9.791250E+6,    -6.979704E-5,    -2.714694E-4
9.797500E+6,    -5.787611E-5,    -2.633631E-4
9.803750E+6,    -6.762147E-5,    -2.810657E-4
9.810000E+6,    -4.816055E-5,    -2.741814E-4
9.816250E+6,    -5.090237E-5,    -2.896488E-4
9.822500E+6,    -5.519390E-5,    -2.763569E-4
9.828750E+6,    -6.082654E-5,    -2.852678E-4
9.835000E+6,    -6.502867E-5,    -2.748668E-4
9.841250E+6,    -7.441640E-5,    -2.703071E-4
9.847500E+6,    -6.452203E-5,    -2.784133E-4
9.853750E+6,    -6.058812E-5,    -2.692044E-4
9.860000E+6,    -4.807115E-5,    -2.645254E-4
9.866250E+6,    -7.355213E-5,    -3.025532E-4
9.872500E+6,    -5.871058E-5,    -2.791286E-4
9.878750E+6,    -6.246567E-5,    -2.944469E-4
9.885000E+6,    -6.732345E-5,    -2.808273E-4
9.891250E+6,    -7.942319E-5,    -2.915859E-4
9.897500E+6,    -8.079410E-5,    -2.882183E-4
9.903750E+6,    -5.662441E-5,    -2.953708E-4
9.910000E+6,    -5.027652E-5,    -2.930462E-4
9.916250E+6,    -5.322695E-5,    -2.863407E-4
9.922500E+6,    -7.051229E-5,    -2.800524E-4
9.928750E+6,    -6.213784E-5,    -3.107488E-4
9.935000E+6,    -7.620454E-5,    -3.149211E-4
9.941250E+6,    -7.563829E-5,    -2.950728E-4
9.947500E+6,    -6.625056E-5,    -3.036857E-4
9.953750E+6,    -8.159876E-5,    -3.007352E-4
9.960000E+6,    -7.417798E-5,    -3.085136E-4
9.966250E+6,    -6.991625E-5,    -3.220439E-4
9.972500E+6,    -7.849932E-5,    -2.946258E-4
9.978750E+6,    -7.450581E-5,    -3.113449E-4
9.985000E+6,    -7.209182E-5,    -2.955198E-4
9.991250E+6,    -6.297231E-5,    -3.040731E-4
9.997500E+6,    -6.359816E-5,    -3.000200E-4
1.000375E+7,    -7.835031E-5,    -3.074408E-4
1.001000E+7,    -6.693602E-5,    -3.226995E-4
1.001625E+7,    -7.799268E-5,    -3.106296E-4
1.002250E+7,    -8.580089E-5,    -3.090203E-4
1.002875E+7,    -7.525086E-5,    -3.240705E-4
1.003500E+7,    -9.053946E-5,    -3.241301E-4
1.004125E+7,    -8.988380E-5,    -3.306568E-4
1.004750E+7,    -1.063645E-4,    -2.982020E-4
1.005375E+7,    -8.621812E-5,    -3.215075E-4
1.006000E+7,    -5.793571E-5,    -2.921224E-4
1.006625E+7,    -6.625056E-5,    -3.458858E-4
1.007250E+7,    -7.465482E-5,    -3.145039E-4
1.007875E+7,    -7.721782E-5,    -3.072917E-4
1.008500E+7,    -1.034439E-4,    -2.952516E-4
1.009125E+7,    -7.542968E-5,    -3.210604E-4
1.009750E+7,    -8.916855E-5,    -3.272593E-4
1.010375E+7,    -7.683039E-5,    -3.203750E-4
1.011000E+7,    -7.957220E-5,    -3.135800E-4
1.011625E+7,    -8.973479E-5,    -3.014505E-4
1.012250E+7,    -8.103251E-5,    -3.097653E-4
1.012875E+7,    -8.597970E-5,    -3.249049E-4
1.013500E+7,    -1.001954E-4,    -3.279150E-4
1.014125E+7,    -7.772446E-5,    -3.368556E-4
1.014750E+7,    -8.094311E-5,    -3.226995E-4
1.015375E+7,    -9.056926E-5,    -3.171563E-4
1.016000E+7,    -9.524822E-5,    -3.290176E-4
1.016625E+7,    -1.046658E-4,    -3.526807E-4
1.017250E+7,    -7.265806E-5,    -3.381968E-4
1.017875E+7,    -8.869171E-5,    -3.374815E-4
1.018500E+7,    -9.146333E-5,    -3.263950E-4
1.019125E+7,    -8.207560E-5,    -3.390610E-4
1.019750E+7,    -9.649992E-5,    -3.382862E-4
1.020375E+7,    -9.086728E-5,    -3.368556E-4
1.021000E+7,    -1.141429E-4,    -3.333092E-4
1.021625E+7,    -9.891391E-5,    -3.409386E-4
1.022250E+7,    -8.407235E-5,    -3.482997E-4
1.022875E+7,    -8.285046E-5,    -3.590286E-4
1.023500E+7,    -9.518862E-5,    -3.354549E-4
1.024125E+7,    -8.311868E-5,    -3.291965E-4
1.024750E+7,    -1.040697E-4,    -3.333092E-4
1.025375E+7,    -9.447336E-5,    -3.493726E-4
1.026000E+7,    -9.113550E-5,    -3.339350E-4
1.026625E+7,    -9.396672E-5,    -3.592074E-4
1.027250E+7,    -8.970499E-5,    -3.471673E-4
1.027875E+7,    -1.130402E-4,    -3.437698E-4
1.028500E+7,    -9.602308E-5,    -3.589392E-4
1.029125E+7,    -9.843707E-5,    -3.514588E-4
1.029750E+7,    -9.799004E-5,    -3.550053E-4
1.030375E+7,    -1.049340E-4,    -3.629923E-4
1.031000E+7,    -9.503961E-5,    -3.428757E-4
1.031625E+7,    -8.350611E-5,    -3.696084E-4
1.032250E+7,    -1.252890E-4,    -3.432035E-4
1.032875E+7,    -9.337068E-5,    -3.633201E-4
1.033500E+7,    -1.012683E-4,    -3.644526E-4
1.034125E+7,    -1.212955E-4,    -3.813505E-4
1.034750E+7,    -9.125471E-5,    -3.439486E-4
1.035375E+7,    -9.694695E-5,    -3.623962E-4
1.036000E+7,    -1.117587E-4,    -3.609955E-4
1.036625E+7,    -1.120865E-4,    -3.674030E-4
1.037250E+7,    -1.132488E-4,    -3.603995E-4
1.037875E+7,    -9.992719E-5,    -3.620684E-4
1.038500E+7,    -1.133680E-4,    -3.743768E-4
1.039125E+7,    -1.005530E-4,    -3.649592E-4
1.039750E+7,    -1.004040E-4,    -3.718138E-4
1.040375E+7,    -1.149178E-4,    -3.800988E-4
1.041000E+7,    -1.046658E-4,    -3.571510E-4
1.041625E+7,    -1.160502E-4,    -3.834367E-4
1.042250E+7,    -1.171231E-4,    -3.799200E-4
1.042875E+7,    -1.228452E-4,    -3.913045E-4
1.043500E+7,    -1.240969E-4,    -3.908873E-4
1.044125E+7,    -1.117587E-4,    -3.818870E-4
1.044750E+7,    -1.069307E-4,    -3.734231E-4
1.045375E+7,    -1.234412E-4,    -3.609359E-4
1.046000E+7,    -9.909272E-5,    -3.830492E-4
1.046625E+7,    -1.274943E-4,    -3.968477E-4
1.047250E+7,    -1.158118E-4,    -3.812313E-4
1.047875E+7,    -1.020432E-4,    -3.828406E-4
1.048500E+7,    -1.245141E-4,    -3.811121E-4
1.049125E+7,    -1.311898E-4,    -3.954768E-4
1.049750E+7,    -1.180768E-4,    -3.941655E-4
1.050375E+7,    -1.394153E-4,    -3.926158E-4
1.051000E+7,    -1.194477E-4,    -3.898740E-4
1.051625E+7,    -1.546741E-4,    -4.071593E-4
1.052250E+7,    -1.216531E-4,    -3.891587E-4
1.052875E+7,    -1.208782E-4,    -4.103780E-4
1.053500E+7,    -1.504421E-4,    -3.984571E-4
1.054125E+7,    -1.283884E-4,    -4.174709E-4
1.054750E+7,    -1.301765E-4,    -3.997087E-4
1.055375E+7,    -1.377463E-4,    -4.103184E-4
1.056000E+7,    -1.247525E-4,    -3.985763E-4
1.056625E+7,    -1.385212E-4,    -4.204512E-4
1.057250E+7,    -1.477599E-4,    -4.103184E-4
1.057875E+7,    -1.355410E-4,    -3.946424E-4
1.058500E+7,    -1.337528E-4,    -4.191995E-4
1.059125E+7,    -1.224279E-4,    -4.040003E-4
1.059750E+7,    -1.232028E-4,    -3.928542E-4
1.060375E+7,    -1.438856E-4,    -4.191995E-4
1.061000E+7,    -1.164675E-4,    -4.237890E-4
1.061625E+7,    -1.384020E-4,    -4.213452E-4
1.062250E+7,    -1.316071E-4,    -4.382730E-4
1.062875E+7,    -1.472235E-4,    -4.177690E-4
1.063500E+7,    -1.415610E-4,    -4.095435E-4
1.064125E+7,    -1.351237E-4,    -4.237890E-4
1.064750E+7,    -1.347065E-4,    -4.377961E-4
1.065375E+7,    -1.279116E-4,    -4.512072E-4
1.066000E+7,    -1.516342E-4,    -4.130602E-4
1.066625E+7,    -1.659989E-4,    -4.311800E-4
1.067250E+7,    -1.458526E-4,    -4.299283E-4
1.067875E+7,    -1.473427E-4,    -4.296899E-4
1.068500E+7,    -1.614094E-4,    -4.404783E-4
1.069125E+7,    -1.428127E-4,    -4.284382E-4
1.069750E+7,    -1.636147E-4,    -4.258156E-4
1.070375E+7,    -1.708269E-4,    -4.572868E-4
1.071000E+7,    -1.447797E-4,    -4.348755E-4
1.071625E+7,    -1.521111E-4,    -4.451275E-4
1.072250E+7,    -1.599789E-4,    -4.523993E-4
1.072875E+7,    -1.457334E-4,    -4.699230E-4
1.073500E+7,    -1.540184E-4,    -4.517436E-4
1.074125E+7,    -1.553297E-4,    -4.514456E-4
1.074750E+7,    -1.704097E-4,    -4.406571E-4
1.075375E+7,    -1.857281E-4,    -4.549623E-4
1.076000E+7,    -1.587272E-4,    -4.500747E-4
1.076625E+7,    -1.450777E-4,    -4.708767E-4
1.077250E+7,    -1.460314E-4,    -4.745126E-4
1.077875E+7,    -1.608729E-4,    -4.570484E-4
1.078500E+7,    -1.831651E-4,    -4.742146E-4
1.079125E+7,    -1.627803E-4,    -4.736781E-4
1.079750E+7,    -1.783371E-4,    -4.727840E-4
1.080375E+7,    -1.736879E-4,    -4.831553E-4
1.081000E+7,    -1.800656E-4,    -4.619360E-4
1.081625E+7,    -1.466870E-4,    -4.579425E-4
1.082250E+7,    -1.688600E-4,    -4.900098E-4
1.082875E+7,    -1.837015E-4,    -4.856586E-4
1.083500E+7,    -1.640320E-4,    -4.854202E-4
1.084125E+7,    -1.794100E-4,    -4.960299E-4
1.084750E+7,    -1.788735E-4,    -4.742742E-4
1.085375E+7,    -1.649261E-4,    -4.848242E-4
1.086000E+7,    -1.806021E-4,    -4.736781E-4
1.086625E+7,    -1.692772E-4,    -4.905462E-4
1.087250E+7,    -1.708269E-4,    -4.979968E-4
1.087875E+7,    -1.922846E-4,    -5.182624E-4
1.088500E+7,    -1.658797E-4,    -4.934669E-4
1.089125E+7,    -1.806617E-4,    -5.075932E-4
1.089750E+7,    -1.733303E-4,    -4.824400E-4
1.090375E+7,    -1.908541E-4,    -5.133748E-4
1.091000E+7,    -2.058744E-4,    -5.090237E-4
1.091625E+7,    -2.192855E-4,    -4.873872E-4
1.092250E+7,    -1.850724E-4,    -5.019903E-4
1.092875E+7,    -1.878142E-4,    -5.229712E-4
1.093500E+7,    -1.955628E-4,    -4.975200E-4
1.094125E+7,    -2.114773E-4,    -5.102158E-4
1.094750E+7,    -2.061129E-4,    -5.282760E-4
1.095375E+7,    -2.070069E-4,    -5.199313E-4
1.096000E+7,    -1.937151E-4,    -5.183220E-4
1.096625E+7,    -1.880527E-4,    -5.245209E-4
1.097250E+7,    -1.955032E-4,    -5.093217E-4
1.097875E+7,    -2.056360E-4,    -5.187988E-4
1.098500E+7,    -2.135634E-4,    -5.287528E-4
1.099125E+7,    -2.092123E-4,    -5.397201E-4
1.099750E+7,    -2.226233E-4,    -5.241632E-4
1.100375E+7,    -1.971722E-4,    -5.510449E-4
1.101000E+7,    -2.111197E-4,    -5.352497E-4
1.101625E+7,    -2.281070E-4,    -5.511642E-4
1.102250E+7,    -2.145767E-4,    -5.450845E-4
1.102875E+7,    -2.165437E-4,    -5.590320E-4
1.103500E+7,    -2.453923E-4,    -5.415678E-4
1.104125E+7,    -2.191067E-4,    -5.467534E-4
1.104750E+7,    -2.131462E-4,    -5.436540E-4
1.105375E+7,    -2.142787E-4,    -5.611181E-4
1.106000E+7,    -2.229214E-4,    -5.592108E-4
1.106625E+7,    -2.393723E-4,    -5.646348E-4
1.107250E+7,    -2.194047E-4,    -5.666614E-4
1.107875E+7,    -2.302527E-4,    -5.799532E-4
1.108500E+7,    -2.161860E-4,    -5.699396E-4
1.109125E+7,    -2.395511E-4,    -5.781651E-4
1.109750E+7,    -2.390742E-4,    -5.672574E-4
1.110375E+7,    -2.415180E-4,    -5.773902E-4
1.111000E+7,    -2.409220E-4,    -5.671978E-4
1.111625E+7,    -2.427697E-4,    -5.733967E-4
1.112250E+7,    -2.310276E-4,    -5.786419E-4
1.112875E+7,    -2.525449E-4,    -6.117225E-4
1.113500E+7,    -2.410412E-4,    -5.807281E-4
1.114125E+7,    -2.491474E-4,    -5.760789E-4
1.114750E+7,    -2.280474E-4,    -6.072521E-4
1.115375E+7,    -2.561808E-4,    -6.073117E-4
1.116000E+7,    -2.510548E-4,    -5.950928E-4
1.116625E+7,    -2.409220E-4,    -6.166697E-4
1.117250E+7,    -2.467632E-4,    -6.009340E-4
1.117875E+7,    -2.825260E-4,    -5.954504E-4
1.118500E+7,    -2.513528E-4,    -6.031990E-4
1.119125E+7,    -2.613664E-4,    -6.527901E-4
1.119750E+7,    -2.731681E-4,    -6.211996E-4
1.120375E+7,    -2.708435E-4,    -6.238222E-4
1.121000E+7,    -2.631545E-4,    -6.569624E-4
1.121625E+7,    -2.993345E-4,    -6.889105E-4
1.122250E+7,    -3.223419E-4,    -7.007122E-4
1.122875E+7,    -3.036261E-4,    -7.654428E-4
1.123500E+7,    -3.135204E-4,    -8.174181E-4
1.124125E+7,    -3.448725E-4,    -8.159876E-4
1.124750E+7,    -3.275871E-4,    -8.195639E-4
1.125375E+7,    -3.576279E-4,    -8.052588E-4
1.126000E+7,    -3.401041E-4,    -8.078814E-4
1.126625E+7,    -3.182888E-4,    -7.841587E-4
1.127250E+7,    -3.412962E-4,    -8.389950E-4
1.127875E+7,    -3.309250E-4,    -8.101463E-4
1.128500E+7,    -3.479719E-4,    -8.193254E-4
1.129125E+7,    -3.448725E-4,    -7.817745E-4
1.129750E+7,    -2.970695E-4,    -6.873608E-4
1.130375E+7,    -3.339052E-4,    -7.464886E-4
1.131000E+7,    -3.192425E-4,    -7.771254E-4
1.131625E+7,    -3.303289E-4,    -7.877350E-4
1.132250E+7,    -3.573895E-4,    -8.498430E-4
1.132875E+7,    -3.343821E-4,    -7.755756E-4
1.133500E+7,    -3.631115E-4,    -8.304119E-4
1.134125E+7,    -3.573895E-4,    -7.985830E-4
1.134750E+7,    -3.235340E-4,    -7.674694E-4
1.135375E+7,    -3.492832E-4,    -7.783175E-4
1.136000E+7,    -3.323555E-4,    -7.259846E-4
1.136625E+7,    -3.806353E-4,    -7.895231E-4
1.137250E+7,    -3.803968E-4,    -8.059740E-4
1.137875E+7,    -4.193783E-4,    -8.198023E-4
1.138500E+7,    -3.609657E-4,    -8.230209E-4
1.139125E+7,    -3.628731E-4,    -8.062124E-4
1.139750E+7,    -3.697872E-4,    -7.772446E-4
1.140375E+7,    -3.547668E-4,    -7.742643E-4
1.141000E+7,    -3.768206E-4,    -7.619858E-4
1.141625E+7,    -3.365278E-4,    -7.829666E-4
1.142250E+7,    -3.640652E-4,    -8.043051E-4
1.142875E+7,    -3.757477E-4,    -8.341074E-4
1.143500E+7,    -3.592968E-4,    -8.108616E-4
1.144125E+7,    -3.650188E-4,    -8.157492E-4
1.144750E+7,    -4.296303E-4,    -9.080172E-4
1.145375E+7,    -4.146099E-4,    -9.248257E-4
1.146000E+7,    -4.395247E-4,    -8.803606E-4
1.146625E+7,    -4.535913E-4,    -9.324551E-4
1.147250E+7,    -3.976822E-4,    -8.995533E-4
1.147875E+7,    -4.249811E-4,    -8.839369E-4
1.148500E+7,    -3.966093E-4,    -9.133816E-4
1.149125E+7,    -4.483461E-4,    -1.017570E-3
1.149750E+7,    -4.450083E-4,    -1.035690E-3
1.150375E+7,    -4.298687E-4,    -9.933710E-4
1.151000E+7,    -4.792213E-4,    -1.036644E-3
1.151625E+7,    -4.531145E-4,    -9.989738E-4
1.152250E+7,    -4.669428E-4,    -1.005530E-3
1.152875E+7,    -4.382133E-4,    -9.665489E-4
1.153500E+7,    -4.395247E-4,    -9.227991E-4
1.154125E+7,    -4.751682E-4,    -1.026750E-3
1.154750E+7,    -4.626513E-4,    -1.033068E-3
1.155375E+7,    -4.823208E-4,    -1.018047E-3
1.156000E+7,    -4.632473E-4,    -1.201510E-3
1.156625E+7,    -4.985332E-4,    -1.184821E-3
1.157250E+7,    -4.866123E-4,    -1.182795E-3
1.157875E+7,    -6.051064E-4,    -1.167774E-3
1.158500E+7,    -5.663633E-4,    -1.283765E-3
1.159125E+7,    -4.982948E-4,    -1.159072E-3
1.159750E+7,    -4.646778E-4,    -1.147747E-3
1.160375E+7,    -5.552769E-4,    -1.197219E-3
1.161000E+7,    -5.521774E-4,    -1.219511E-3
1.161625E+7,    -6.117821E-4,    -1.316547E-3
1.162250E+7,    -5.533695E-4,    -1.381278E-3
1.162875E+7,    -5.431175E-4,    -1.711845E-3
1.163500E+7,    -4.830360E-4,    -1.837969E-3
1.164125E+7,    -1.900196E-4,    -2.120495E-3
1.164750E+7,    1.902580E-4,    -2.333879E-3
1.165375E+7,    -4.220009E-5,    -2.299309E-3
1.166000E+7,    4.172325E-4,    -2.188206E-3
1.166625E+7,    9.994507E-4,    -2.268076E-3
1.167250E+7,    1.135111E-3,    -2.044916E-3
1.167875E+7,    1.177549E-3,    -2.029181E-3
1.168500E+7,    1.165867E-3,    -2.022028E-3
1.169125E+7,    1.185417E-3,    -2.052784E-3
1.169750E+7,    1.215458E-3,    -2.080441E-3
1.170375E+7,    1.234055E-3,    -2.089739E-3
1.171000E+7,    1.211166E-3,    -2.071142E-3
1.171625E+7,    1.162529E-3,    -2.133608E-3
1.172250E+7,    1.279593E-3,    -2.117157E-3
1.172875E+7,    1.196146E-3,    -2.173185E-3
1.173500E+7,    1.265049E-3,    -2.173901E-3
1.174125E+7,    1.213551E-3,    -2.234936E-3
1.174750E+7,    1.231909E-3,    -2.222538E-3
1.175375E+7,    1.265049E-3,    -2.261639E-3
1.176000E+7,    1.288652E-3,    -2.272606E-3
1.176625E+7,    1.279116E-3,    -2.271891E-3
1.177250E+7,    1.295567E-3,    -2.330542E-3
1.177875E+7,    1.306772E-3,    -2.345800E-3
1.178500E+7,    1.306772E-3,    -2.341032E-3
1.179125E+7,    1.297951E-3,    -2.375364E-3
1.179750E+7,    1.311779E-3,    -2.365112E-3
1.180375E+7,    1.295090E-3,    -2.387047E-3
1.181000E+7,    1.223087E-3,    -2.386332E-3
1.181625E+7,    1.265526E-3,    -2.384424E-3
1.182250E+7,    1.301527E-3,    -2.526522E-3
1.182875E+7,    1.298666E-3,    -2.529621E-3
1.183500E+7,    1.289845E-3,    -2.544641E-3
1.184125E+7,    1.280069E-3,    -2.563238E-3
1.184750E+7,    1.348495E-3,    -2.596140E-3
1.185375E+7,    1.323462E-3,    -2.554655E-3
1.186000E+7,    1.372814E-3,    -2.613068E-3
1.186625E+7,    1.413822E-3,    -2.644062E-3
1.187250E+7,    1.355886E-3,    -2.686024E-3
1.187875E+7,    1.383066E-3,    -2.674580E-3
1.188500E+7,    1.411915E-3,    -2.774715E-3
1.189125E+7,    1.430273E-3,    -2.736568E-3
1.189750E+7,    1.470804E-3,    -2.749443E-3
1.190375E+7,    1.423120E-3,    -2.774477E-3
1.191000E+7,    1.449108E-3,    -2.845049E-3
1.191625E+7,    1.449347E-3,    -2.869606E-3
1.192250E+7,    1.438618E-3,    -2.848148E-3
1.192875E+7,    1.489401E-3,    -2.936125E-3
1.193500E+7,    1.472712E-3,    -2.910852E-3
1.194125E+7,    1.499176E-3,    -2.960682E-3
1.194750E+7,    1.470089E-3,    -2.985477E-3
1.195375E+7,    1.497507E-3,    -3.035069E-3
1.196000E+7,    1.518488E-3,    -2.976894E-3
1.196625E+7,    1.528263E-3,    -3.046989E-3
1.197250E+7,    1.460314E-3,    -3.122568E-3
1.197875E+7,    1.489162E-3,    -3.125429E-3
1.198500E+7,    1.487255E-3,    -3.153086E-3
1.199125E+7,    1.494884E-3,    -3.209352E-3
1.199750E+7,    1.469135E-3,    -3.221750E-3
1.200375E+7,    1.586676E-3,    -3.205061E-3
1.201000E+7,    1.532078E-3,    -3.240824E-3
1.201625E+7,    1.526356E-3,    -3.338814E-3
1.202250E+7,    1.563311E-3,    -3.328085E-3
1.202875E+7,    1.533270E-3,    -3.420591E-3
1.203500E+7,    1.517773E-3,    -3.432512E-3
1.204125E+7,    1.509666E-3,    -3.360033E-3
1.204750E+7,    1.530409E-3,    -3.381729E-3
1.205375E+7,    1.611710E-3,    -3.469706E-3
1.206000E+7,    1.541615E-3,    -3.390789E-3
1.206625E+7,    1.637936E-3,    -3.584623E-3
1.207250E+7,    1.633883E-3,    -3.641367E-3
1.207875E+7,    1.580715E-3,    -3.510952E-3
1.208500E+7,    1.577854E-3,    -3.527403E-3
1.209125E+7,    1.587391E-3,    -3.602028E-3
1.209750E+7,    1.614571E-3,    -3.624916E-3
1.210375E+7,    1.590252E-3,    -3.635168E-3
1.211000E+7,    1.597166E-3,    -3.710747E-3
1.211625E+7,    1.625776E-3,    -3.742218E-3
1.212250E+7,    1.628876E-3,    -3.800154E-3
1.212875E+7,    1.613140E-3,    -3.822088E-3
1.213500E+7,    1.623869E-3,    -3.848076E-3
1.214125E+7,    1.646280E-3,    -3.902197E-3
1.214750E+7,    1.698494E-3,    -3.925323E-3
1.215375E+7,    1.655579E-3,    -3.992558E-3
1.216000E+7,    1.674652E-3,    -4.008770E-3
1.216625E+7,    1.715183E-3,    -4.024982E-3
1.217250E+7,    1.679897E-3,    -4.080296E-3
1.217875E+7,    1.759529E-3,    -4.148960E-3
1.218500E+7,    1.740456E-3,    -4.135609E-3
1.219125E+7,    1.749992E-3,    -4.203796E-3
1.219750E+7,    1.781940E-3,    -4.248619E-3
1.220375E+7,    1.819134E-3,    -4.353523E-3
1.221000E+7,    1.830578E-3,    -4.370213E-3
1.221625E+7,    1.817226E-3,    -4.394054E-3
1.222250E+7,    1.768112E-3,    -4.425049E-3
1.222875E+7,    1.860142E-3,    -4.482269E-3
1.223500E+7,    1.857281E-3,    -4.625320E-3
1.224125E+7,    1.821518E-3,    -4.672527E-3
1.224750E+7,    1.889229E-3,    -4.709244E-3
1.225375E+7,    1.938820E-3,    -4.762173E-3
1.226000E+7,    1.922607E-3,    -4.788876E-3
1.226625E+7,    1.936913E-3,    -4.855633E-3
1.227250E+7,    1.937866E-3,    -4.986286E-3
1.227875E+7,    2.005100E-3,    -5.006790E-3
1.228500E+7,    2.023220E-3,    -5.054474E-3
1.229125E+7,    2.065182E-3,    -5.121708E-3
1.229750E+7,    2.065659E-3,    -5.157471E-3
1.230375E+7,    2.048016E-3,    -5.277634E-3
1.231000E+7,    2.098083E-3,    -5.360603E-3
1.231625E+7,    2.106667E-3,    -5.435467E-3
1.232250E+7,    2.130985E-3,    -5.429745E-3
1.232875E+7,    2.103806E-3,    -5.541801E-3
1.233500E+7,    2.122879E-3,    -5.557537E-3
1.234125E+7,    2.102852E-3,    -5.708694E-3
1.234750E+7,    2.184868E-3,    -5.764008E-3
1.235375E+7,    2.198696E-3,    -5.821705E-3
1.236000E+7,    2.212524E-3,    -5.909443E-3
1.236625E+7,    2.286434E-3,    -5.975723E-3
1.237250E+7,    2.258301E-3,    -5.997181E-3
1.237875E+7,    2.340317E-3,    -6.165504E-3
1.238500E+7,    2.281666E-3,    -6.225586E-3
1.239125E+7,    2.345562E-3,    -6.389141E-3
1.239750E+7,    2.335548E-3,    -6.395817E-3
1.240375E+7,    2.422333E-3,    -6.488323E-3
1.241000E+7,    2.469540E-3,    -6.603241E-3
1.241625E+7,    2.431870E-3,    -6.699562E-3
1.242250E+7,    2.522945E-3,    -6.770134E-3
1.242875E+7,    2.518177E-3,    -6.888866E-3
1.243500E+7,    2.515793E-3,    -7.014751E-3
1.244125E+7,    2.532005E-3,    -7.122040E-3
1.244750E+7,    2.612591E-3,    -7.252216E-3
1.245375E+7,    2.646446E-3,    -7.315636E-3
1.246000E+7,    2.705574E-3,    -7.390022E-3
1.246625E+7,    2.751350E-3,    -7.556915E-3
1.247250E+7,    2.733231E-3,    -7.631302E-3
1.247875E+7,    2.748966E-3,    -7.789612E-3
1.248500E+7,    2.813339E-3,    -7.820129E-3
1.249125E+7,    2.804756E-3,    -8.024216E-3
1.249750E+7,    2.911568E-3,    -8.184433E-3
1.250375E+7,    2.885818E-3,    -8.380890E-3
1.251000E+7,    2.991676E-3,    -8.438110E-3
1.251625E+7,    3.038406E-3,    -8.580208E-3
1.252250E+7,    3.073692E-3,    -8.689880E-3
1.252875E+7,    3.099442E-3,    -8.870125E-3
1.253500E+7,    3.146172E-3,    -8.951187E-3
1.254125E+7,    3.206253E-3,    -9.147644E-3
1.254750E+7,    3.226280E-3,    -9.352684E-3
1.255375E+7,    3.277779E-3,    -9.492874E-3
1.256000E+7,    3.320694E-3,    -9.687424E-3
1.256625E+7,    3.353119E-3,    -9.880066E-3
1.257250E+7,    3.464699E-3,    -1.004505E-2
1.257875E+7,    3.427505E-3,    -1.021099E-2
1.258500E+7,    3.471375E-3,    -1.042843E-2
1.259125E+7,    3.505707E-3,    -1.064682E-2
1.259750E+7,    3.568649E-3,    -1.086903E-2
1.260375E+7,    3.666878E-3,    -1.110077E-2
1.261000E+7,    3.656387E-3,    -1.130199E-2
1.261625E+7,    3.724098E-3,    -1.166630E-2
1.262250E+7,    3.811836E-3,    -1.169586E-2
1.262875E+7,    3.527641E-3,    -1.243114E-2
1.263500E+7,    3.845215E-3,    -1.206923E-2
1.264125E+7,    3.988266E-3,    -1.248646E-2
1.264750E+7,    4.055977E-3,    -1.288319E-2
1.265375E+7,    4.135132E-3,    -1.302767E-2
1.266000E+7,    3.989220E-3,    -1.348209E-2
1.266625E+7,    4.230022E-3,    -1.363850E-2
1.267250E+7,    1.096725E-3,    -1.477575E-2
1.267875E+7,    2.513885E-3,    -1.502275E-2
1.268500E+7,    1.069069E-3,    -1.587105E-2
1.269125E+7,    3.005981E-3,    -1.587772E-2
1.269750E+7,    4.525185E-3,    -1.504087E-2
1.270375E+7,    -5.636215E-4,    -1.560593E-2
1.271000E+7,    1.056671E-3,    -1.815796E-2
1.271625E+7,    4.821777E-3,    -1.631641E-2
1.272250E+7,    4.915237E-3,    -1.679611E-2
1.272875E+7,    4.978180E-3,    -1.721191E-2
1.273500E+7,    4.797935E-3,    -1.797676E-2
1.274125E+7,    5.097389E-3,    -1.824951E-2
1.274750E+7,    4.988670E-3,    -1.898956E-2
1.275375E+7,    5.300522E-3,    -1.906204E-2
1.276000E+7,    4.242897E-3,    -1.995850E-2
1.276625E+7,    1.740456E-3,    -2.072716E-2
1.277250E+7,    -4.625320E-3,    -1.498795E-2
1.277875E+7,    -7.081985E-3,    -1.891232E-2
1.278500E+7,    -4.248619E-3,    -2.292538E-2
1.279125E+7,    -1.214027E-3,    -2.460194E-2
1.279750E+7,    3.869057E-3,    -2.369118E-2
1.280375E+7,    -4.165649E-3,    -2.287579E-2
1.281000E+7,    -1.011944E-2,    -1.937675E-2
1.281625E+7,    -9.092331E-3,    -2.649307E-2
1.282250E+7,    -9.849548E-3,    -2.649879E-2
1.282875E+7,    9.536743E-5,    -2.839661E-2
1.283500E+7,    -1.364326E-2,    -2.322769E-2
1.284125E+7,    5.199432E-3,    -3.197479E-2
1.284750E+7,    6.195068E-3,    -3.196907E-2
1.285375E+7,    3.734589E-3,    -3.410530E-2
1.286000E+7,    3.749847E-3,    -3.457069E-2
1.286625E+7,    3.437042E-3,    -3.678513E-2
1.287250E+7,    4.667282E-3,    -3.763580E-2
1.287875E+7,    6.601334E-3,    -3.771973E-2
1.288500E+7,    4.184723E-3,    -3.869247E-2
1.289125E+7,    9.117126E-4,    -4.299164E-2
1.289750E+7,    -5.163193E-3,    -4.364014E-2
1.290375E+7,    2.241135E-3,    -4.432106E-2
1.291000E+7,    -1.459122E-3,    -4.660034E-2
1.291625E+7,    -4.531860E-3,    -5.039978E-2
1.292250E+7,    -9.790421E-3,    -4.467392E-2
1.292875E+7,    -7.627487E-3,    -5.138397E-2
1.293500E+7,    -2.730560E-2,    -4.069901E-2
1.294125E+7,    -2.272415E-2,    -4.757690E-2
1.294750E+7,    -2.805710E-2,    -3.600693E-2
1.295375E+7,    -2.668571E-2,    -2.273178E-2
1.296000E+7,    -2.343369E-2,    -1.702118E-2
1.296625E+7,    -2.374458E-2,    -1.628304E-2
1.297250E+7,    -2.551460E-2,    -1.697159E-2
1.297875E+7,    -2.708244E-2,    -1.730347E-2
1.298500E+7,    -2.874756E-2,    -1.762199E-2
1.299125E+7,    -3.083038E-2,    -1.795006E-2
1.299750E+7,    -3.302956E-2,    -1.823044E-2
1.300375E+7,    -3.569984E-2,    -1.848221E-2
1.301000E+7,    -3.859711E-2,    -1.868629E-2
1.301625E+7,    -4.164886E-2,    -1.856422E-2
1.302250E+7,    -4.542351E-2,    -1.842308E-2
1.302875E+7,    -4.940414E-2,    -1.778030E-2
1.303500E+7,    -5.393600E-2,    -1.688385E-2
1.304125E+7,    -5.882645E-2,    -1.517487E-2
1.304750E+7,    -6.427383E-2,    -1.283264E-2
1.305375E+7,    -6.997299E-2,    -9.555817E-3
1.306000E+7,    -7.613373E-2,    -4.772186E-3
1.306625E+7,    -8.244705E-2,    1.586914E-3
1.307250E+7,    -8.812332E-2,    9.876251E-3
1.307875E+7,    -9.322357E-2,    2.038956E-2
1.308500E+7,    -9.569931E-2,    3.291702E-2
1.309125E+7,    -9.541321E-2,    4.682541E-2
1.309750E+7,    -9.106064E-2,    6.055832E-2
1.310375E+7,    -8.342361E-2,    7.345200E-2
1.311000E+7,    -7.301331E-2,    8.355713E-2
1.311625E+7,    -6.051636E-2,    9.039307E-2
1.312250E+7,    -4.818726E-2,    9.481812E-2
1.312875E+7,    -3.633881E-2,    9.545135E-2
1.313500E+7,    -2.533722E-2,    9.393311E-2
1.314125E+7,    -1.663208E-2,    9.091187E-2
1.314750E+7,    -9.178162E-3,    8.776093E-2
1.315375E+7,    -3.120422E-3,    8.456421E-2
1.316000E+7,    1.480103E-3,    8.064270E-2
1.316625E+7,    5.455017E-3,    7.662964E-2
1.317250E+7,    8.682251E-3,    7.216644E-2
1.317875E+7,    1.101685E-2,    6.891632E-2
1.318500E+7,    1.297760E-2,    6.559753E-2
1.319125E+7,    1.474762E-2,    6.288910E-2
1.319750E+7,    1.567078E-2,    5.945587E-2
1.320375E+7,    1.680756E-2,    5.694580E-2
1.321000E+7,    1.773834E-2,    5.524445E-2
1.321625E+7,    1.824951E-2,    5.236816E-2
1.322250E+7,    1.882172E-2,    5.036926E-2
1.322875E+7,    1.946259E-2,    4.898834E-2
1.323500E+7,    2.003479E-2,    4.769135E-2
1.324125E+7,    2.068329E-2,    4.684448E-2
1.324750E+7,    2.140045E-2,    4.640198E-2
1.325375E+7,    2.201080E-2,    4.596710E-2
1.326000E+7,    2.217102E-2,    4.444122E-2
1.326625E+7,    2.256012E-2,    4.354858E-2
1.327250E+7,    2.293396E-2,    4.279327E-2
1.327875E+7,    2.353668E-2,    4.231262E-2
1.328500E+7,    2.361298E-2,    4.120636E-2
1.329125E+7,    2.426910E-2,    4.124069E-2
1.329750E+7,    2.435303E-2,    4.051971E-2
1.330375E+7,    2.468872E-2,    3.953552E-2
1.331000E+7,    2.581787E-2,    3.995514E-2
1.331625E+7,    2.603149E-2,    3.957367E-2
1.332250E+7,    2.701569E-2,    4.005051E-2
1.332875E+7,    2.641296E-2,    3.860092E-2
1.333500E+7,    2.631760E-2,    3.697968E-2
1.334125E+7,    2.626610E-2,    3.629875E-2
1.334750E+7,    2.663803E-2,    3.562355E-2
1.335375E+7,    2.755356E-2,    3.590393E-2
1.336000E+7,    2.767944E-2,    3.565598E-2
1.336625E+7,    2.811432E-2,    3.485107E-2
1.337250E+7,    2.886581E-2,    3.520203E-2
1.337875E+7,    2.926445E-2,    3.471184E-2
1.338500E+7,    2.976990E-2,    3.427505E-2
1.339125E+7,    3.088760E-2,    3.457642E-2
1.339750E+7,    3.137207E-2,    3.425598E-2
1.340375E+7,    3.200912E-2,    3.378677E-2
1.341000E+7,    3.286743E-2,    3.367996E-2
1.341625E+7,    3.419495E-2,    3.401184E-2
1.342250E+7,    3.523636E-2,    3.382111E-2
1.342875E+7,    3.669739E-2,    3.393936E-2
1.343500E+7,    3.838730E-2,    3.409958E-2
1.344125E+7,    3.939438E-2,    3.373718E-2
1.344750E+7,    4.127884E-2,    3.376770E-2
1.345375E+7,    4.310226E-2,    3.370667E-2
1.346000E+7,    4.502106E-2,    3.333282E-2
1.346625E+7,    4.751968E-2,    3.323746E-2
1.347250E+7,    5.046463E-2,    3.319168E-2
1.347875E+7,    5.283356E-2,    3.247070E-2
1.348500E+7,    5.531693E-2,    3.137207E-2
1.349125E+7,    5.839920E-2,    3.031540E-2
1.349750E+7,    6.205368E-2,    2.890778E-2
1.350375E+7,    6.629181E-2,    2.727509E-2
1.351000E+7,    6.999207E-2,    2.473831E-2
1.351625E+7,    7.398987E-2,    2.151489E-2
1.352250E+7,    7.829666E-2,    1.742554E-2
1.352875E+7,    8.255386E-2,    1.243591E-2
1.353500E+7,    8.670044E-2,    6.149292E-3
1.354125E+7,    8.986282E-2,    -1.365662E-3
1.354750E+7,    9.217834E-2,    -9.994507E-3
1.355375E+7,    9.274673E-2,    -1.977921E-2
1.356000E+7,    9.117889E-2,    -2.989960E-2
1.356625E+7,    8.747101E-2,    -3.985596E-2
1.357250E+7,    8.147430E-2,    -4.896545E-2
1.357875E+7,    7.398987E-2,    -5.679321E-2
1.358500E+7,    6.520844E-2,    -6.245422E-2
1.359125E+7,    5.593872E-2,    -6.600952E-2
1.359750E+7,    4.682922E-2,    -6.761932E-2
1.360375E+7,    3.841400E-2,    -6.734467E-2
1.361000E+7,    3.090668E-2,    -6.609344E-2
1.361625E+7,    2.442932E-2,    -6.381226E-2
1.362250E+7,    1.892471E-2,    -6.119919E-2
1.362875E+7,    1.424789E-2,    -5.815887E-2
1.363500E+7,    1.049805E-2,    -5.514908E-2
1.364125E+7,    7.408142E-3,    -5.208206E-2
1.364750E+7,    4.848480E-3,    -4.909134E-2
1.365375E+7,    2.773285E-3,    -4.624557E-2
1.366000E+7,    1.148224E-3,    -4.361343E-2
1.366625E+7,    -2.479553E-4,    -4.122543E-2
1.367250E+7,    -1.342773E-3,    -3.897095E-2
1.367875E+7,    -2.311707E-3,    -3.677368E-2
1.368500E+7,    -2.956390E-3,    -3.475571E-2
1.369125E+7,    -3.578186E-3,    -3.288269E-2
1.369750E+7,    -4.024506E-3,    -3.108978E-2
1.370375E+7,    -4.371643E-3,    -2.954865E-2
1.371000E+7,    -4.688263E-3,    -2.809906E-2
1.371625E+7,    -4.901886E-3,    -2.674103E-2
1.372250E+7,    -5.083084E-3,    -2.549553E-2
1.372875E+7,    -5.266190E-3,    -2.436447E-2
1.373500E+7,    -5.338669E-3,    -2.330399E-2
1.374125E+7,    -5.384445E-3,    -2.227592E-2
1.374750E+7,    -5.437851E-3,    -2.132607E-2
1.375375E+7,    -5.456924E-3,    -2.043343E-2
1.376000E+7,    -5.487442E-3,    -1.965714E-2
1.376625E+7,    -5.475998E-3,    -1.886559E-2
1.377250E+7,    -5.470276E-3,    -1.816368E-2
1.377875E+7,    -5.443573E-3,    -1.750755E-2
1.378500E+7,    -5.388260E-3,    -1.687050E-2
1.379125E+7,    -5.373001E-3,    -1.626015E-2
1.379750E+7,    -5.289078E-3,    -1.570320E-2
1.380375E+7,    -5.262375E-3,    -1.514816E-2
1.381000E+7,    -5.193710E-3,    -1.466370E-2
1.381625E+7,    -5.153656E-3,    -1.420975E-2
1.382250E+7,    -5.077362E-3,    -1.374626E-2
1.382875E+7,    -5.012512E-3,    -1.332664E-2
1.383500E+7,    -4.964828E-3,    -1.292801E-2
1.384125E+7,    -4.932404E-3,    -1.253700E-2
1.384750E+7,    -4.863739E-3,    -1.217079E-2
1.385375E+7,    -4.806519E-3,    -1.185417E-2
1.386000E+7,    -4.739761E-3,    -1.147842E-2
1.386625E+7,    -4.697800E-3,    -1.118279E-2
1.387250E+7,    -4.589081E-3,    -1.090431E-2
1.387875E+7,    -4.578590E-3,    -1.060390E-2
1.388500E+7,    -4.495621E-3,    -1.032734E-2
1.389125E+7,    -4.457474E-3,    -1.009750E-2
1.389750E+7,    -4.395485E-3,    -9.818077E-3
1.390375E+7,    -4.341125E-3,    -9.584427E-3
1.391000E+7,    -4.281044E-3,    -9.366035E-3
1.391625E+7,    -4.253387E-3,    -9.152412E-3
1.392250E+7,    -4.208565E-3,    -8.922577E-3
1.392875E+7,    -4.136086E-3,    -8.754730E-3
1.393500E+7,    -4.090309E-3,    -8.566856E-3
1.394125E+7,    -4.070282E-3,    -8.412361E-3
1.394750E+7,    -3.993034E-3,    -8.213997E-3
1.395375E+7,    -3.963947E-3,    -8.044720E-3
1.396000E+7,    -3.911972E-3,    -7.857323E-3
1.396625E+7,    -3.883839E-3,    -7.724285E-3
1.397250E+7,    -3.841877E-3,    -7.586002E-3
1.397875E+7,    -3.808022E-3,    -7.425308E-3
1.398500E+7,    -3.747463E-3,    -7.277012E-3
1.399125E+7,    -3.728867E-3,    -7.174015E-3
1.399750E+7,    -3.700733E-3,    -7.063866E-3
1.400375E+7,    -3.666401E-3,    -6.930828E-3
1.401000E+7,    -3.623009E-3,    -6.826401E-3
1.401625E+7,    -3.579140E-3,    -6.700993E-3
1.402250E+7,    -3.565311E-3,    -6.573677E-3
1.402875E+7,    -3.546715E-3,    -6.500244E-3
1.403500E+7,    -3.510952E-3,    -6.422043E-3
1.404125E+7,    -3.482819E-3,    -6.293297E-3
1.404750E+7,    -3.444672E-3,    -6.189823E-3
1.405375E+7,    -3.440857E-3,    -6.102085E-3
1.406000E+7,    -3.387928E-3,    -6.020546E-3
1.406625E+7,    -3.368378E-3,    -5.953789E-3
1.407250E+7,    -3.364563E-3,    -5.889416E-3
1.407875E+7,    -3.324032E-3,    -5.779743E-3
1.408500E+7,    -3.323078E-3,    -5.722523E-3
1.409125E+7,    -3.304958E-3,    -5.645752E-3
1.409750E+7,    -3.293037E-3,    -5.571842E-3
1.410375E+7,    -3.294945E-3,    -5.482197E-3
1.411000E+7,    -3.262520E-3,    -5.451679E-3
1.411625E+7,    -3.269196E-3,    -5.403519E-3
1.412250E+7,    -3.243446E-3,    -5.351067E-3
1.412875E+7,    -3.243446E-3,    -5.288601E-3
1.413500E+7,    -3.216267E-3,    -5.229950E-3
1.414125E+7,    -3.225803E-3,    -5.189896E-3
1.414750E+7,    -3.211021E-3,    -5.163193E-3
1.415375E+7,    -3.213882E-3,    -5.107403E-3
1.416000E+7,    -3.202915E-3,    -5.052567E-3
1.416625E+7,    -3.211975E-3,    -5.033016E-3
1.417250E+7,    -3.203392E-3,    -4.980087E-3
1.417875E+7,    -3.196239E-3,    -4.938126E-3
1.418500E+7,    -3.185272E-3,    -4.926682E-3
1.419125E+7,    -3.193378E-3,    -4.902840E-3
1.419750E+7,    -3.229618E-3,    -4.862785E-3
1.420375E+7,    -3.210068E-3,    -4.835129E-3
1.421000E+7,    -3.214836E-3,    -4.845142E-3
1.421625E+7,    -3.238201E-3,    -4.768372E-3
1.422250E+7,    -3.256321E-3,    -4.790306E-3
1.422875E+7,    -3.253937E-3,    -4.742622E-3
1.423500E+7,    -3.282070E-3,    -4.742146E-3
1.424125E+7,    -3.294945E-3,    -4.710674E-3
1.424750E+7,    -3.303051E-3,    -4.725456E-3
1.425375E+7,    -3.343105E-3,    -4.728317E-3
1.426000E+7,    -3.347874E-3,    -4.695892E-3
1.426625E+7,    -3.382683E-3,    -4.707336E-3
1.427250E+7,    -3.436565E-3,    -4.712582E-3
1.427875E+7,    -3.445625E-3,    -4.700184E-3
1.428500E+7,    -3.468037E-3,    -4.725933E-3
1.429125E+7,    -3.537178E-3,    -4.738331E-3
1.429750E+7,    -3.559589E-3,    -4.750729E-3
1.430375E+7,    -3.618717E-3,    -4.757404E-3
1.431000E+7,    -3.670692E-3,    -4.795551E-3
1.431625E+7,    -3.744125E-3,    -4.810810E-3
1.432250E+7,    -3.791809E-3,    -4.850864E-3
1.432875E+7,    -3.870964E-3,    -4.872799E-3
1.433500E+7,    -3.947735E-3,    -4.911900E-3
1.434125E+7,    -4.034519E-3,    -4.933357E-3
1.434750E+7,    -4.143238E-3,    -4.989147E-3
1.435375E+7,    -4.237652E-3,    -5.056858E-3
1.436000E+7,    -4.369259E-3,    -5.109310E-3
1.436625E+7,    -4.476070E-3,    -5.149364E-3
1.437250E+7,    -4.633427E-3,    -5.222797E-3
1.437875E+7,    -4.767895E-3,    -5.295277E-3
1.438500E+7,    -4.934788E-3,    -5.377769E-3
1.439125E+7,    -5.101681E-3,    -5.448341E-3
1.439750E+7,    -5.325317E-3,    -5.579472E-3
1.440375E+7,    -5.593777E-3,    -5.643368E-3
1.441000E+7,    -5.859375E-3,    -5.756855E-3
1.441625E+7,    -6.155968E-3,    -5.874634E-3
1.442250E+7,    -6.498337E-3,    -5.998135E-3
1.442875E+7,    -6.923199E-3,    -6.111622E-3
1.443500E+7,    -7.388592E-3,    -6.256580E-3
1.444125E+7,    -7.929802E-3,    -6.386757E-3
1.444750E+7,    -8.583069E-3,    -6.490231E-3
1.445375E+7,    -9.334087E-3,    -6.610394E-3
1.446000E+7,    -1.027393E-2,    -6.611824E-3
1.446625E+7,    -1.135731E-2,    -6.585121E-3
1.447250E+7,    -1.267338E-2,    -6.409645E-3
1.447875E+7,    -1.426220E-2,    -5.990028E-3
1.448500E+7,    -1.613903E-2,    -5.180359E-3
1.449125E+7,    -1.823711E-2,    -3.744125E-3
1.449750E+7,    -2.034378E-2,    -1.387596E-3
1.450375E+7,    -2.200317E-2,    2.210617E-3
1.451000E+7,    -2.230644E-2,    6.862640E-3
1.451625E+7,    -2.058315E-2,    1.183128E-2
1.452250E+7,    -1.678658E-2,    1.560593E-2
1.452875E+7,    -1.217556E-2,    1.727486E-2
1.453500E+7,    -7.911682E-3,    1.711559E-2
1.454125E+7,    -4.688263E-3,    1.590538E-2
1.454750E+7,    -2.460003E-3,    1.428556E-2
1.455375E+7,    -9.818077E-4,    1.268005E-2
1.456000E+7,    -1.573563E-5,    1.119137E-2
1.456625E+7,    5.984306E-4,    9.928226E-3
1.457250E+7,    9.942055E-4,    8.816242E-3
1.457875E+7,    1.195431E-3,    7.893562E-3
1.458500E+7,    1.356125E-3,    7.092476E-3
1.459125E+7,    1.422882E-3,    6.407738E-3
1.459750E+7,    1.451492E-3,    5.788088E-3
1.460375E+7,    1.456261E-3,    5.297899E-3
1.461000E+7,    1.426697E-3,    4.831076E-3
1.461625E+7,    1.404762E-3,    4.439116E-3
1.462250E+7,    1.382589E-3,    4.100084E-3
1.462875E+7,    1.338243E-3,    3.766537E-3
1.463500E+7,    1.284361E-3,    3.511906E-3
1.464125E+7,    1.211166E-3,    3.285885E-3
1.464750E+7,    1.187325E-3,    3.034353E-3
1.465375E+7,    1.147747E-3,    2.859831E-3
1.466000E+7,    1.098275E-3,    2.675176E-3
1.466625E+7,    1.070142E-3,    2.529383E-3
1.467250E+7,    1.028538E-3,    2.361894E-3
1.467875E+7,    9.723902E-4,    2.222061E-3
1.468500E+7,    9.510517E-4,    2.082348E-3
1.469125E+7,    8.987188E-4,    1.969218E-3
1.469750E+7,    8.635521E-4,    1.850843E-3
1.470375E+7,    8.172989E-4,    1.761913E-3
1.471000E+7,    8.143187E-4,    1.645088E-3
1.471625E+7,    7.811785E-4,    1.589894E-3
1.472250E+7,    7.392168E-4,    1.499772E-3
1.472875E+7,    7.003546E-4,    1.425862E-3
1.473500E+7,    6.742477E-4,    1.374722E-3
1.474125E+7,    6.582737E-4,    1.286507E-3
1.474750E+7,    6.278753E-4,    1.233816E-3
1.475375E+7,    5.970001E-4,    1.174331E-3
1.476000E+7,    5.793571E-4,    1.105011E-3
1.476625E+7,    5.525351E-4,    1.076162E-3
1.477250E+7,    5.460382E-4,    1.010060E-3
1.477875E+7,    5.495548E-4,    9.717345E-4
1.478500E+7,    4.915595E-4,    9.363890E-4
1.479125E+7,    4.841685E-4,    9.203553E-4
1.479750E+7,    4.616976E-4,    8.699298E-4
1.480375E+7,    4.585981E-4,    8.245111E-4
1.481000E+7,    4.444122E-4,    7.867217E-4
1.481625E+7,    3.996491E-4,    7.673502E-4
1.482250E+7,    4.094839E-4,    7.141232E-4
1.482875E+7,    3.926754E-4,    6.863475E-4
1.483500E+7,    4.025102E-4,    6.476045E-4
1.484125E+7,    3.563166E-4,    6.499290E-4
1.484750E+7,    3.513992E-4,    6.061792E-4
1.485375E+7,    3.546178E-4,    6.041229E-4
1.486000E+7,    3.428757E-4,    5.747378E-4
1.486625E+7,    3.085136E-4,    5.622208E-4
1.487250E+7,    3.219247E-4,    5.393624E-4
1.487875E+7,    3.018975E-4,    5.104542E-4
1.488500E+7,    2.919436E-4,    4.805326E-4
1.489125E+7,    2.665818E-4,    4.680753E-4
1.489750E+7,    2.787113E-4,    4.662871E-4
1.490375E+7,    2.712011E-4,    4.443824E-4
1.491000E+7,    2.636611E-4,    4.372895E-4
1.491625E+7,    2.366602E-4,    4.031360E-4
1.492250E+7,    2.509952E-4,    4.154742E-4
1.492875E+7,    2.425015E-4,    3.862679E-4
1.493500E+7,    2.151132E-4,    3.669858E-4
1.494125E+7,    2.346337E-4,    3.718734E-4
1.494750E+7,    2.150238E-4,    3.363490E-4
1.495375E+7,    1.957119E-4,    3.533065E-4
1.496000E+7,    1.971424E-4,    3.233850E-4
1.496625E+7,    1.959205E-4,    3.083050E-4
1.497250E+7,    1.733154E-4,    2.960712E-4
1.497875E+7,    1.911819E-4,    3.161132E-4
1.498500E+7,    1.727045E-4,    2.812296E-4
1.499125E+7,    1.591891E-4,    2.745539E-4
1.499750E+7,    1.894087E-4,    2.786815E-4
1.500375E+7,    1.636147E-4,    2.439022E-4
1.501000E+7,    1.678914E-4,    2.434105E-4
1.501625E+7,    1.368225E-4,    2.251863E-4
1.502250E+7,    1.469404E-4,    2.385974E-4
1.502875E+7,    1.294017E-4,    2.109706E-4
1.503500E+7,    1.448393E-4,    2.086014E-4
1.504125E+7,    1.341999E-4,    2.107322E-4
1.504750E+7,    1.407266E-4,    2.020150E-4
1.505375E+7,    1.178086E-4,    2.130121E-4
1.506000E+7,    1.520813E-4,    1.916140E-4
1.506625E+7,    1.122952E-4,    1.979321E-4
1.507250E+7,    1.311153E-4,    1.721382E-4
1.507875E+7,    1.072139E-4,    1.832992E-4
1.508500E+7,    1.038462E-4,    1.611263E-4
1.509125E+7,    1.056343E-4,    1.680255E-4
1.509750E+7,    1.048148E-4,    1.604110E-4
1.510375E+7,    9.322166E-5,    1.549572E-4
1.511000E+7,    9.966642E-5,    1.458749E-4
1.511625E+7,    1.097769E-4,    1.588762E-4
1.512250E+7,    1.016259E-4,    1.525432E-4
1.512875E+7,    7.076561E-5,    1.432374E-4
1.513500E+7,    7.555634E-5,    1.121387E-4
1.514125E+7,    8.388609E-5,    1.330450E-4
1.514750E+7,    1.080707E-4,    1.200661E-4
1.515375E+7,    7.387996E-5,    1.499280E-4
1.516000E+7,    7.760525E-5,    9.626895E-5
1.516625E+7,    6.866455E-5,    1.056269E-4
1.517250E+7,    6.259978E-5,    7.660687E-5
1.517875E+7,    7.636845E-5,    1.187623E-4
1.518500E+7,    6.799400E-5,    9.804219E-5
1.519125E+7,    6.303191E-5,    9.144098E-5
1.519750E+7,    5.628169E-5,    9.306520E-5
1.520375E+7,    6.890297E-5,    1.279563E-4
1.521000E+7,    6.603450E-5,    8.293241E-5
1.521625E+7,    5.017966E-5,    9.468943E-5
1.522250E+7,    7.274002E-5,    7.411093E-5
1.522875E+7,    2.755225E-5,    7.778034E-5
1.523500E+7,    6.213784E-5,    7.644296E-5
1.524125E+7,    5.674735E-5,    5.463883E-5
1.524750E+7,    7.328391E-5,    5.801767E-5
1.525375E+7,    5.044788E-5,    8.726865E-5
1.526000E+7,    5.431846E-5,    7.076934E-5
1.526625E+7,    5.245581E-5,    4.823878E-5
1.527250E+7,    4.419684E-5,    7.424131E-5
1.527875E+7,    4.455075E-5,    7.456169E-5
1.528500E+7,    3.935024E-5,    6.825477E-5
1.529125E+7,    4.908442E-5,    7.370859E-5
1.529750E+7,    5.244464E-5,    5.662441E-5
1.530375E+7,    2.891943E-5,    7.135794E-5
1.531000E+7,    4.793331E-5,    2.588704E-5
1.531625E+7,    3.221631E-5,    5.425885E-5
1.532250E+7,    2.489798E-5,    1.626462E-5
1.532875E+7,    5.069748E-5,    4.794821E-5
1.533500E+7,    4.443526E-5,    5.107746E-5
1.534125E+7,    2.603605E-5,    5.727634E-5
1.534750E+7,    3.824383E-5,    2.903119E-5
1.535375E+7,    3.043190E-5,    5.209073E-5
1.536000E+7,    5.978718E-5,    5.069748E-5
1.536625E+7,    2.746657E-5,    4.351512E-5
1.537250E+7,    2.359226E-5,    4.455075E-5
1.537875E+7,    1.733191E-5,    3.833510E-5
1.538500E+7,    4.246831E-5,    5.752593E-5
1.539125E+7,    2.171658E-5,    3.741309E-5
1.539750E+7,    2.847612E-5,    1.721457E-5
1.540375E+7,    2.059527E-5,    3.483705E-5
1.541000E+7,    2.038106E-5,    3.432482E-5
1.541625E+7,    2.411008E-5,    4.259124E-5
1.542250E+7,    2.826005E-5,    5.263835E-5
1.542875E+7,    1.089834E-5,    3.039651E-5
1.543500E+7,    2.729148E-5,    4.016981E-5
1.544125E+7,    2.675690E-5,    3.557093E-5
1.544750E+7,    2.325885E-5,    3.707595E-5
1.545375E+7,    4.038215E-6,    3.558397E-5
1.546000E+7,    1.366250E-5,    2.321228E-5
1.546625E+7,    1.703203E-5,    2.033077E-5
1.547250E+7,    2.005883E-5,    2.849102E-5
1.547875E+7,    -8.847564E-7,    9.322073E-6
1.548500E+7,    1.060916E-5,    4.589558E-6
1.549125E+7,    -4.181638E-6,    4.708394E-5
1.549750E+7,    1.421012E-5,    2.277456E-5
1.550375E+7,    -2.309121E-5,    2.829172E-5
1.551000E+7,    3.780052E-5,    3.302097E-5
1.551625E+7,    1.169741E-6,    3.721379E-5
1.552250E+7,    2.611242E-5,    -1.678243E-6
1.552875E+7,    2.019107E-5,    3.731251E-5
1.553500E+7,    2.064556E-5,    1.754612E-5
1.554125E+7,    1.723319E-5,    7.086620E-5
1.554750E+7,    2.851151E-5,    2.462231E-5
1.555375E+7,    -1.340732E-5,    6.413087E-5
1.556000E+7,    2.902746E-5,    4.317984E-5
1.556625E+7,    4.061032E-6,    9.134877E-6
1.557250E+7,    7.609837E-6,    1.774915E-5
1.557875E+7,    6.744638E-6,    3.684685E-5
1.558500E+7,    3.716792E-6,    -1.684995E-6
1.559125E+7,    -1.140684E-5,    1.425529E-5
1.559750E+7,    3.167428E-6,    1.640525E-5
1.560375E+7,    2.090633E-5,    2.572313E-5
1.561000E+7,    7.114373E-6,    5.617738E-6
1.561625E+7,    1.765974E-5,    3.704242E-5
1.562250E+7,    -1.465809E-5,    1.599267E-5
1.562875E+7,    -3.690133E-6,    1.769280E-6
1.563500E+7,    1.062918E-5,    3.667548E-6
1.564125E+7,    -3.579538E-6,    1.043035E-5
1.564750E+7,    3.091618E-5,    1.051649E-5
1.565375E+7,    3.441237E-6,    1.556426E-5
1.566000E+7,    -6.840564E-6,    -5.143229E-6
1.566625E+7,    -2.407841E-5,    1.225807E-5
1.567250E+7,    6.927643E-6,    5.117152E-6
1.567875E+7,    1.388043E-5,    1.869909E-5
1.568500E+7,    2.104789E-7,    1.711119E-5
1.569125E+7,    2.095662E-5,    2.358854E-5
1.569750E+7,    -3.296882E-7,    -1.708791E-5
1.570375E+7,    3.375812E-6,    -1.777662E-6
1.571000E+7,    1.695845E-5,    -4.321337E-7
1.571625E+7,    7.170253E-6,    1.338217E-5
1.572250E+7,    2.603047E-7,    8.513685E-6
1.572875E+7,    -1.396518E-5,    -9.725802E-6
1.573500E+7,    3.324938E-6,    -1.830165E-6
1.574125E+7,    -1.689978E-5,    7.115304E-7
1.574750E+7,    1.730584E-5,    7.726252E-6
1.575375E+7,    -1.441687E-5,    -1.796708E-5
1.576000E+7,    4.176982E-6,    1.503713E-5
1.576625E+7,    1.676312E-10,    -6.166374E-10
1.577250E+7,    -1.008622E-6,    -1.692027E-5
1.577875E+7,    6.559072E-6,    -3.806548E-6
1.578500E+7,    7.097144E-6,    4.634261E-6
1.579125E+7,    -5.750917E-7,    -8.461066E-6
1.579750E+7,    2.641696E-6,    -1.037912E-5
1.580375E+7,    3.249384E-6,    -1.930399E-6
1.581000E+7,    -9.709504E-6,    5.830545E-6
1.581625E+7,    1.979992E-6,    2.520625E-5
1.582250E+7,    1.440756E-6,    1.678802E-5
1.582875E+7,    -1.283642E-5,    7.863156E-6
1.583500E+7,    1.209602E-5,    -1.630466E-5
1.584125E+7,    1.999177E-5,    -3.564171E-6
1.584750E+7,    5.573500E-6,    -1.240708E-5
1.585375E+7,    6.367452E-6,    -4.020985E-6
1.586000E+7,    -7.209834E-6,    -4.337635E-6
1.586625E+7,    2.282206E-6,    -1.039682E-5
1.587250E+7,    1.133233E-5,    1.058821E-5
1.587875E+7,    -1.039868E-5,    -2.223998E-6
1.588500E+7,    6.288989E-6,    -4.114583E-6
1.589125E+7,    -7.277355E-6,    -4.200730E-6
1.589750E+7,    -6.151386E-6,    -2.291892E-5
1.590375E+7,    8.306466E-6,    -1.457613E-5
1.591000E+7,    9.555370E-7,    -1.875311E-5
1.591625E+7,    7.303897E-6,    4.114583E-6
1.592250E+7,    -3.376976E-6,    -2.492126E-5
1.592875E+7,    -3.093039E-6,    2.114801E-6
1.593500E+7,    -5.437993E-6,    -1.446251E-5
1.594125E+7,    -2.455339E-5,    1.713075E-5
1.594750E+7,    1.653284E-5,    -2.512708E-6
1.595375E+7,    1.254957E-6,    8.275267E-6
1.596000E+7,    -9.937212E-6,    -2.047513E-5
1.596625E+7,    1.716428E-6,    -1.044897E-5
1.597250E+7,    6.065704E-6,    -4.389323E-6
1.597875E+7,    -1.211930E-5,    8.803327E-6
1.598500E+7,    -1.929700E-5,    -1.368672E-5
1.599125E+7,    3.018416E-6,    -2.213987E-6
1.599750E+7,    7.636845E-8,    -1.871027E-5
1.600375E+7,    -2.468824E-4,    -3.850460E-5
1.601000E+7,    -5.270168E-5,    2.218410E-5
1.601625E+7,    -4.773587E-5,    -8.729845E-5
1.602250E+7,    -2.796389E-5,    -6.379560E-6
1.602875E+7,    -6.350875E-5,    -4.395843E-5
1.603500E+7,    -2.064109E-4,    -6.596744E-5
1.604125E+7,    -3.074482E-5,    -7.176027E-5
1.604750E+7,    -1.246631E-4,    3.036857E-5
1.605375E+7,    -3.529713E-6,    1.802295E-5
1.606000E+7,    6.185099E-5,    -8.236244E-5
1.606625E+7,    1.674518E-6,    2.864748E-5
1.607250E+7,    -6.296486E-5,    -7.453561E-5
1.607875E+7,    5.895644E-5,    2.531707E-5
1.608500E+7,    -4.907697E-5,    1.466870E-4
1.609125E+7,    -9.629875E-7,    -3.674813E-5
1.609750E+7,    1.077875E-4,    7.430464E-5
1.610375E+7,    -1.202375E-4,    -7.133931E-5
1.611000E+7,    -6.526336E-5,    2.506375E-5
1.611625E+7,    3.443286E-5,    -2.150610E-5
1.612250E+7,    4.128367E-5,    -1.248121E-4
1.612875E+7,    2.575293E-5,    8.305535E-6
1.613500E+7,    -6.469712E-5,    -5.602837E-6
1.614125E+7,    4.252233E-5,    -2.078526E-5
1.614750E+7,    -3.270805E-6,    8.525327E-5
1.615375E+7,    -4.041195E-5,    -3.483146E-6
1.616000E+7,    2.471730E-5,    9.171665E-5
1.616625E+7,    -8.828938E-7,    -3.676489E-5
1.617250E+7,    -9.378791E-5,    -1.161620E-4
1.617875E+7,    4.130229E-5,    4.030392E-5
1.618500E+7,    -2.265163E-5,    4.894473E-5
1.619125E+7,    9.120256E-5,    2.843142E-5
1.619750E+7,    -9.004027E-6,    -5.988404E-5
1.620375E+7,    -4.205108E-5,    -5.469471E-5
1.621000E+7,    -6.972253E-5,    7.330254E-5
1.621625E+7,    1.617987E-5,    1.419336E-6
1.622250E+7,    -5.122274E-8,    -2.241693E-5
1.622875E+7,    2.937671E-5,    -9.649433E-6
1.623500E+7,    2.652407E-6,    -9.967759E-5
1.624125E+7,    -6.727874E-6,    -6.173924E-5
1.624750E+7,    -1.922622E-5,    -5.880371E-5
1.625375E+7,    -1.044199E-4,    4.906207E-6
1.626000E+7,    8.151680E-5,    -4.578382E-5
1.626625E+7,    -5.566329E-5,    1.663268E-4
1.627250E+7,    -1.025572E-5,    2.354104E-5
1.627875E+7,    -6.468594E-5,    -5.830079E-6
1.628500E+7,    -1.616310E-5,    2.095569E-5
1.629125E+7,    6.168708E-5,    -9.636581E-5
1.629750E+7,    7.876754E-5,    9.886920E-5
1.630375E+7,    -1.000017E-4,    1.166016E-6
1.631000E+7,    5.814433E-5,    1.132488E-5
1.631625E+7,    3.527105E-5,    3.783405E-5
1.632250E+7,    -1.176726E-5,    -5.138107E-6
1.632875E+7,    -7.061288E-5,    -8.456409E-6
1.633500E+7,    1.557171E-5,    -1.249239E-4
1.634125E+7,    -8.067116E-6,    4.414096E-5
1.634750E+7,    -2.940185E-5,    -1.285598E-5
1.635375E+7,    -1.286045E-4,    2.502650E-5
1.636000E+7,    2.504513E-5,    -7.316843E-5
1.636625E+7,    2.058595E-5,    4.266948E-5
1.637250E+7,    -2.038330E-4,    8.733571E-5
1.637875E+7,    -4.329532E-5,    -1.058877E-4
1.638500E+7,    -1.433268E-4,    -1.517683E-5
1.639125E+7,    3.602356E-5,    2.980605E-5
1.639750E+7,    2.062880E-5,    -2.462044E-5
1.640375E+7,    -9.860098E-5,    -6.014854E-5
1.641000E+7,    -7.715821E-5,    -1.152828E-4
1.641625E+7,    4.479662E-5,    4.497170E-5
1.642250E+7,    6.545335E-5,    2.034754E-5
1.642875E+7,    -4.035980E-5,    -7.103756E-5
1.643500E+7,    2.793595E-5,    6.664544E-6
1.644125E+7,    -3.762543E-6,    6.291643E-5
1.644750E+7,    7.504970E-5,    2.745166E-5
1.645375E+7,    -2.956484E-6,    9.923708E-6
1.646000E+7,    -5.875900E-5,    -4.835799E-5
1.646625E+7,    -8.332729E-5,    3.925338E-5
1.647250E+7,    3.192574E-6,    -7.729605E-5
1.647875E+7,    2.142601E-5,    -3.272295E-5
1.648500E+7,    -4.059076E-5,    4.109927E-5
1.649125E+7,    -3.313832E-5,    5.055219E-6
1.649750E+7,    -1.628231E-5,    2.093893E-5
1.650375E+7,    3.037974E-5,    -6.252527E-5
1.651000E+7,    -2.624840E-5,    -6.788597E-5
1.651625E+7,    7.434748E-6,    -1.360802E-5
1.652250E+7,    1.047775E-4,    -4.930422E-5
1.652875E+7,    5.109236E-6,    1.070742E-5
1.653500E+7,    5.020946E-5,    -3.407896E-5
1.654125E+7,    6.987900E-5,    3.930181E-5
1.654750E+7,    2.740230E-5,    -3.010314E-5
1.655375E+7,    9.384006E-6,    5.201250E-5
1.656000E+7,    -4.494935E-5,    -1.955777E-7
1.656625E+7,    3.208220E-5,    -7.874519E-5
1.657250E+7,    1.423433E-5,    -6.409362E-5
1.657875E+7,    4.864484E-5,    4.628673E-6
1.658500E+7,    -6.599724E-5,    -8.001179E-5
1.659125E+7,    1.357868E-5,    -5.596690E-5
1.659750E+7,    5.866587E-5,    -7.823482E-5
1.660375E+7,    -4.846603E-6,    7.113442E-5
1.661000E+7,    7.327646E-6,    8.886680E-6
1.661625E+7,    3.986806E-5,    -1.048483E-5
1.662250E+7,    -3.859587E-5,    3.919378E-5
1.662875E+7,    -7.323176E-5,    -8.901209E-5
1.663500E+7,    -8.781999E-5,    -2.350658E-6
1.664125E+7,    -9.082630E-5,    7.558614E-6
1.664750E+7,    8.493662E-7,    -1.351535E-4
1.665375E+7,    6.403774E-6,    3.954023E-5
1.666000E+7,    -1.595728E-5,    -4.660152E-5
1.666625E+7,    2.706423E-5,    3.743917E-5
1.667250E+7,    -2.704561E-5,    -3.747270E-5
1.667875E+7,    2.037548E-5,    4.291721E-5
1.668500E+7,    -3.704429E-5,    -8.154288E-5
1.669125E+7,    -1.016036E-4,    -2.839416E-5
1.669750E+7,    -2.211984E-5,    -4.235655E-6
1.670375E+7,    -3.994815E-5,    1.041777E-5
1.671000E+7,    2.689660E-5,    1.419783E-4
1.671625E+7,    3.801659E-5,    5.090609E-5
1.672250E+7,    1.096204E-4,    5.183369E-5
1.672875E+7,    4.100613E-5,    -4.105270E-5
1.673500E+7,    3.518537E-5,    -6.624311E-5
1.674125E+7,    6.039441E-5,    -7.181615E-5
1.674750E+7,    -1.121461E-4,    -2.758950E-5
1.675375E+7,    6.924197E-5,    -5.679578E-5
1.676000E+7,    -1.807138E-5,    -4.485995E-5
1.676625E+7,    -4.617870E-5,    -5.181879E-5
1.677250E+7,    4.631653E-5,    2.921373E-5
1.677875E+7,    1.063198E-4,    1.069903E-4
1.678500E+7,    3.216788E-6,    4.958175E-5
1.679125E+7,    2.841465E-6,    1.259055E-5
1.679750E+7,    4.063919E-5,    4.081056E-6
1.680375E+7,    -9.920448E-6,    -4.409626E-5
1.681000E+7,    2.643280E-5,    -5.893409E-5
1.681625E+7,    4.186109E-5,    3.296137E-5
1.682250E+7,    3.474951E-5,    1.432374E-6
1.682875E+7,    -3.279187E-5,    1.928024E-5
1.683500E+7,    1.952983E-5,    -3.085099E-5
1.684125E+7,    -3.875792E-5,    -4.294142E-5
1.684750E+7,    -2.239272E-5,    1.829024E-5
1.685375E+7,    2.157036E-5,    -1.012627E-5
1.686000E+7,    -4.863739E-5,    -8.706748E-5
1.686625E+7,    -6.197765E-5,    -1.661107E-5
1.687250E+7,    -6.390736E-5,    2.227724E-5
1.687875E+7,    1.093000E-4,    -4.436076E-5
1.688500E+7,    2.439413E-5,    2.483837E-6
1.689125E+7,    1.792423E-5,    -1.458451E-5
1.689750E+7,    -4.177541E-5,    2.651103E-5
1.690375E+7,    5.750731E-5,    2.025068E-5
1.691000E+7,    -3.344566E-5,    -1.144856E-4
1.691625E+7,    2.154335E-5,    -6.969646E-5
1.692250E+7,    -1.852959E-5,    1.406297E-7
1.692875E+7,    6.373227E-5,    3.166497E-7
1.693500E+7,    -2.413802E-5,    3.452040E-5
1.694125E+7,    3.024936E-5,    -1.140796E-4
1.694750E+7,    -8.059293E-5,    4.312769E-5
1.695375E+7,    -3.647059E-5,    7.444248E-5
1.696000E+7,    1.100563E-4,    -2.967194E-5
1.696625E+7,    -7.329136E-5,    5.197898E-5
1.697250E+7,    -9.153038E-6,    -8.941814E-5
1.697875E+7,    -1.830012E-4,    -1.199841E-4
1.698500E+7,    1.214072E-4,    1.177043E-4
1.699125E+7,    -1.915544E-5,    4.532374E-5
1.699750E+7,    6.034225E-5,    3.306568E-5
1.700375E+7,    -6.117672E-5,    -2.492219E-5
1.701000E+7,    -1.059175E-4,    -1.100451E-5
1.701625E+7,    -1.690723E-5,    4.354119E-5
1.702250E+7,    -1.801364E-5,    1.457985E-5
1.702875E+7,    -6.157532E-5,    -2.358109E-6
1.703500E+7,    5.509891E-5,    -1.483224E-5
1.704125E+7,    1.268089E-5,    9.405613E-5
1.704750E+7,    -8.678995E-6,    -1.532864E-5
1.705375E+7,    -1.093224E-4,    -3.835559E-5
1.706000E+7,    7.096678E-5,    6.932765E-5
1.706625E+7,    1.041032E-5,    -9.648502E-7
1.707250E+7,    -2.863072E-5,    -2.160110E-5
1.707875E+7,    3.434718E-5,    8.403137E-5
1.708500E+7,    -6.303191E-5,    -1.056120E-4
1.709125E+7,    1.458451E-5,    -7.881597E-5
1.709750E+7,    -4.755519E-5,    1.104549E-6
1.710375E+7,    -4.428253E-5,    -6.864592E-5
1.711000E+7,    -2.764631E-6,    -1.267390E-5
1.711625E+7,    4.823133E-5,    5.052984E-5
1.712250E+7,    -3.521889E-5,    -7.596985E-5
1.712875E+7,    -2.083275E-5,    1.884997E-6
1.713500E+7,    -2.164394E-6,    -9.511039E-5
1.714125E+7,    -4.693866E-7,    8.242205E-5
1.714750E+7,    -2.873316E-5,    -5.881116E-5
1.715375E+7,    -3.274903E-5,    -4.066527E-5
1.716000E+7,    3.165938E-5,    -2.550893E-5
1.716625E+7,    3.163703E-5,    -2.546981E-5
1.717250E+7,    3.750809E-5,    -2.279133E-5
1.717875E+7,    9.923242E-6,    -1.544133E-5
1.718500E+7,    -3.266148E-6,    -2.720207E-5
1.719125E+7,    -2.180971E-5,    -2.715364E-5
1.719750E+7,    6.146729E-8,    3.718957E-5
1.720375E+7,    -1.532286E-4,    4.112720E-5
1.721000E+7,    7.761270E-5,    2.700463E-5
1.721625E+7,    -4.971027E-5,    -9.422749E-5
1.722250E+7,    3.457814E-5,    6.163493E-5
1.722875E+7,    -8.393079E-5,    -7.051975E-6
1.723500E+7,    -1.538824E-5,    2.723280E-5
1.724125E+7,    -1.826510E-5,    -5.985051E-5
1.724750E+7,    -5.764887E-5,    -2.077967E-5
1.725375E+7,    3.945641E-5,    -1.851469E-6
1.726000E+7,    2.720859E-5,    -2.179854E-5
1.726625E+7,    1.066551E-4,    2.624094E-5
1.727250E+7,    2.964586E-5,    1.252368E-4
1.727875E+7,    -5.173124E-5,    1.912564E-5
1.728500E+7,    1.103655E-4,    6.806850E-5
1.729125E+7,    -6.032363E-5,    4.093908E-5
1.729750E+7,    4.401989E-5,    -5.481765E-6
1.730375E+7,    -1.544785E-5,    -9.978190E-6
1.731000E+7,    2.226047E-5,    4.513189E-6
1.731625E+7,    -8.536130E-5,    9.810552E-5
1.732250E+7,    -5.905051E-6,    -2.723187E-6
1.732875E+7,    -1.403689E-4,    8.997321E-5
1.733500E+7,    1.180917E-5,    4.269741E-5
1.734125E+7,    8.493289E-5,    -9.275973E-7
1.734750E+7,    6.361865E-6,    1.725927E-5
1.735375E+7,    -8.403510E-5,    -8.182973E-5
1.736000E+7,    -6.135181E-5,    1.174584E-5
1.736625E+7,    3.453717E-5,    -8.725375E-5
1.737250E+7,    1.220927E-4,    7.365644E-5
1.737875E+7,    7.631630E-5,    9.546429E-5
1.738500E+7,    -2.774410E-5,    4.452653E-5
1.739125E+7,    -2.135709E-5,    -1.276284E-5
1.739750E+7,    4.730187E-5,    -1.538731E-5
1.740375E+7,    -3.524125E-5,    -1.281872E-4
1.741000E+7,    -8.866936E-5,    -4.103035E-5
1.741625E+7,    -8.463860E-5,    1.532584E-5
1.742250E+7,    2.817623E-5,    7.316470E-6
1.742875E+7,    2.498738E-5,    1.732446E-5
1.743500E+7,    7.330254E-5,    -4.352257E-5
1.744125E+7,    -5.191937E-5,    1.895800E-5
1.744750E+7,    -3.189966E-5,    2.539530E-5
1.745375E+7,    5.065277E-5,    -9.997562E-5
1.746000E+7,    1.130253E-5,    2.822839E-5
1.746625E+7,    5.655736E-5,    -5.993247E-5
1.747250E+7,    -2.684630E-5,    -9.704381E-7
1.747875E+7,    -7.481128E-5,    7.441267E-5
1.748500E+7,    9.720773E-5,    5.657226E-5
1.749125E+7,    -2.522767E-5,    5.724840E-5
1.749750E+7,    2.485514E-5,    5.472451E-5
1.750375E+7,    -4.344061E-5,    7.183850E-5
1.751000E+7,    -1.880340E-6,    1.638010E-5
1.751625E+7,    4.217029E-5,    -7.823110E-5
1.752250E+7,    1.625158E-5,    3.922731E-5
1.752875E+7,    3.292784E-5,    -3.360212E-5
1.753500E+7,    -4.556589E-5,    -1.089647E-6
1.754125E+7,    -1.291744E-5,    4.000217E-5
1.754750E+7,    4.020520E-5,    -2.448261E-5
1.755375E+7,    -5.747378E-5,    -9.590387E-5
1.756000E+7,    -7.360801E-5,    -4.589558E-5
1.756625E+7,    -2.450123E-5,    8.641556E-5
1.757250E+7,    -1.385808E-6,    -9.565428E-5
1.757875E+7,    6.107613E-6,    5.467981E-5
1.758500E+7,    4.044920E-5,    2.754852E-5
1.759125E+7,    -1.389533E-5,    4.824996E-5
1.759750E+7,    -1.254864E-5,    5.461276E-5
1.760375E+7,    3.514066E-5,    9.130314E-5
1.761000E+7,    -3.254414E-5,    -1.305193E-4
1.761625E+7,    5.091354E-5,    2.669170E-5
1.762250E+7,    -6.304309E-5,    -4.681572E-5
1.762875E+7,    -2.249517E-5,    3.268570E-5
1.763500E+7,    4.567578E-5,    -8.820742E-5
1.764125E+7,    5.730428E-5,    -4.525483E-5
1.764750E+7,    -5.330890E-6,    -2.557784E-5
1.765375E+7,    -2.056360E-5,    -7.311627E-5
1.766000E+7,    3.536791E-5,    -1.247153E-4
1.766625E+7,    1.605880E-5,    -1.267437E-5
1.767250E+7,    4.227273E-6,    -1.822039E-5
1.767875E+7,    7.910281E-5,    -1.775473E-5
1.768500E+7,    8.709729E-6,    -7.389486E-5
1.769125E+7,    -1.155585E-5,    -4.296564E-5
1.769750E+7,    -7.252768E-5,    -2.309680E-6
1.770375E+7,    -1.969095E-5,    8.089468E-6
1.771000E+7,    -2.635270E-5,    -7.594749E-5
1.771625E+7,    5.979091E-5,    5.701557E-5
1.772250E+7,    4.862994E-5,    2.866611E-5
1.772875E+7,    -5.518645E-5,    -8.605421E-6
1.773500E+7,    -9.978563E-5,    3.398210E-5
1.774125E+7,    -1.051137E-5,    8.339994E-7
1.774750E+7,    1.014676E-5,    -1.544878E-5
1.775375E+7,    5.391240E-5,    2.242625E-6
1.776000E+7,    1.090504E-4,    -4.110485E-5
1.776625E+7,    -1.168102E-4,    -1.910180E-4
1.777250E+7,    3.386103E-5,    -5.630404E-5
1.777875E+7,    8.935854E-5,    1.894683E-5
1.778500E+7,    -3.019907E-5,    6.096996E-5
1.779125E+7,    -1.215562E-5,    3.187358E-5
1.779750E+7,    7.202849E-6,    -4.291348E-5
1.780375E+7,    -6.998330E-5,    1.035631E-5
1.781000E+7,    -1.008436E-4,    4.205853E-5
1.781625E+7,    2.304092E-6,    5.027838E-5
1.782250E+7,    -4.732981E-5,    -2.236292E-5
1.782875E+7,    -2.498366E-5,    3.446452E-5
1.783500E+7,    -7.894356E-6,    1.364388E-5
1.784125E+7,    -3.092736E-5,    -2.038106E-5
1.784750E+7,    -5.606562E-6,    6.395206E-5
1.785375E+7,    1.094416E-4,    2.574176E-5
1.786000E+7,    6.645545E-5,    -1.488999E-5
1.786625E+7,    7.406250E-5,    -4.314259E-5
1.787250E+7,    -6.845221E-7,    2.285186E-5
1.787875E+7,    -1.880154E-5,    5.195290E-5
1.788500E+7,    -1.906231E-5,    -1.484156E-5
1.789125E+7,    -4.429743E-5,    -4.706159E-5
1.789750E+7,    -1.676939E-5,    -1.666509E-5
1.790375E+7,    6.806105E-6,    4.675798E-5
1.791000E+7,    2.129748E-5,    6.523728E-5
1.791625E+7,    -7.764995E-5,    -1.362711E-5
1.792250E+7,    3.073364E-7,    1.464924E-5
1.792875E+7,    2.064556E-5,    3.588945E-5
1.793500E+7,    -5.918089E-6,    -2.809800E-6
1.794125E+7,    3.465265E-5,    -2.711266E-5
1.794750E+7,    7.943250E-6,    -1.364341E-5
1.795375E+7,    4.966184E-5,    2.071634E-5
1.796000E+7,    -8.582324E-5,    5.215406E-5
1.796625E+7,    9.243377E-6,    -7.217284E-6
1.797250E+7,    -4.809164E-5,    3.334135E-7
1.797875E+7,    2.887100E-5,    3.698468E-5
1.798500E+7,    -6.930903E-5,    5.413592E-5
1.799125E+7,    2.730824E-5,    1.589395E-5
1.799750E+7,    -4.431978E-5,    -4.728138E-5
1.800375E+7,    -5.280226E-5,    -6.301701E-5
1.801000E+7,    3.527850E-5,    6.916746E-5
1.801625E+7,    7.604808E-5,    1.117364E-4
1.802250E+7,    -5.709007E-5,    8.904934E-5
1.802875E+7,    -5.688146E-5,    -3.005192E-5
1.803500E+7,    -4.475564E-5,    -7.662922E-5
1.804125E+7,    -3.802031E-5,    -1.489744E-4
1.804750E+7,    4.220195E-5,    -3.095716E-6
1.805375E+7,    -4.711933E-5,    -7.940456E-6
1.806000E+7,    1.697987E-5,    -3.554299E-5
1.806625E+7,    4.867464E-5,    2.906471E-5
1.807250E+7,    -5.636737E-5,    6.612390E-5
1.807875E+7,    -8.986518E-5,    3.266335E-5
1.808500E+7,    -6.098300E-5,    -6.409734E-5
1.809125E+7,    -1.859665E-5,    8.139014E-5
1.809750E+7,    -6.019324E-5,    1.137219E-4
1.810375E+7,    2.265908E-5,    -4.733540E-5
1.811000E+7,    6.023794E-5,    2.008677E-5
1.811625E+7,    1.061969E-4,    -4.523620E-5
1.812250E+7,    -2.866611E-6,    3.939494E-5
1.812875E+7,    2.747029E-5,    1.644865E-4
1.813500E+7,    8.132681E-5,    1.865253E-5
1.814125E+7,    -4.221871E-5,    -6.395206E-5
1.814750E+7,    -2.161972E-5,    -2.786517E-5
1.815375E+7,    5.593151E-5,    -2.851896E-5
1.816000E+7,    5.684048E-5,    -1.184791E-4
1.816625E+7,    -5.295873E-5,    -7.791817E-5
1.817250E+7,    -1.184363E-5,    -5.695038E-6
1.817875E+7,    7.094443E-5,    -1.960918E-4
1.818500E+7,    -2.984703E-5,    3.201813E-4
1.819125E+7,    6.105751E-6,    -6.415695E-5
1.819750E+7,    -7.890165E-5,    -5.826354E-6
1.820375E+7,    1.305938E-4,    9.197742E-5
1.821000E+7,    6.973976E-6,    -5.401438E-6
1.821625E+7,    5.917624E-6,    2.850313E-6
1.822250E+7,    -4.098937E-5,    9.421259E-6
1.822875E+7,    -8.086860E-5,    -5.646795E-5
1.823500E+7,    -2.960116E-5,    -1.428090E-5
1.824125E+7,    -5.991757E-5,    -7.264316E-5
1.824750E+7,    7.909164E-5,    2.061203E-5
1.825375E+7,    1.923926E-5,    2.971478E-5
1.826000E+7,    -8.644536E-6,    -3.046542E-5
1.826625E+7,    -4.272163E-5,    -2.648309E-5
1.827250E+7,    -4.924089E-5,    -1.551658E-4
1.827875E+7,    -6.264076E-5,    6.319582E-5
1.828500E+7,    1.085922E-5,    -6.781891E-5
1.829125E+7,    -1.841970E-5,    2.910476E-5
1.829750E+7,    4.989654E-5,    3.581122E-5
1.830375E+7,    5.142018E-5,    5.698204E-5
1.831000E+7,    -2.076104E-5,    3.087707E-5
1.831625E+7,    -1.447275E-6,    -2.116058E-5
1.832250E+7,    -4.019774E-5,    -1.360290E-5
1.832875E+7,    -7.913634E-5,    -2.073869E-5
1.833500E+7,    -3.457069E-5,    5.638227E-5
1.834125E+7,    1.272745E-5,    -1.722854E-5
1.834750E+7,    -4.182197E-5,    4.704483E-5
1.835375E+7,    4.663831E-6,    -3.591646E-6
1.836000E+7,    -1.131371E-5,    -5.817413E-5
1.836625E+7,    1.329929E-6,    -9.014085E-5
1.837250E+7,    1.202524E-5,    2.046861E-5
1.837875E+7,    4.970655E-5,    2.115220E-5
1.838500E+7,    6.250292E-5,    -9.271875E-5
1.839125E+7,    -2.335059E-6,    1.791748E-6
1.839750E+7,    3.304332E-5,    4.312024E-6
1.840375E+7,    -2.694316E-5,    1.327973E-5
1.841000E+7,    4.580989E-5,    -1.288764E-5
1.841625E+7,    -1.323372E-4,    -3.214180E-5
1.842250E+7,    -1.151487E-5,    2.371054E-5
1.842875E+7,    1.152419E-5,    -2.372544E-5
1.843500E+7,    -2.681557E-5,    2.800114E-5
1.844125E+7,    4.101545E-5,    8.738786E-5
1.844750E+7,    -9.483099E-5,    -4.607439E-5
1.845375E+7,    3.741868E-5,    -2.872571E-5
1.846000E+7,    9.313226E-6,    1.042224E-4
1.846625E+7,    -3.790297E-5,    -1.547858E-5
1.847250E+7,    -8.009374E-7,    3.772043E-5
1.847875E+7,    6.110221E-5,    9.423494E-5
1.848500E+7,    -7.681549E-5,    -1.341626E-4
1.849125E+7,    3.994629E-5,    -1.573190E-5
1.849750E+7,    -5.222112E-5,    -3.429130E-5
1.850375E+7,    -2.203137E-5,    -2.133027E-4
1.851000E+7,    -1.863390E-4,    -1.025647E-4
1.851625E+7,    -5.684793E-6,    -9.951368E-5
1.852250E+7,    1.954213E-4,    -1.864955E-4
1.852875E+7,    4.943088E-5,    -8.132309E-6
1.853500E+7,    -3.031269E-5,    3.806688E-5
1.854125E+7,    -1.445785E-5,    -3.349222E-5
1.854750E+7,    -6.167218E-6,    -3.241189E-5
1.855375E+7,    -1.003221E-5,    -6.661192E-5
1.856000E+7,    -8.407235E-5,    -3.229827E-5