SAVED BY: 
TITLE: 
COMMENTS: 
DATE: 10/27/2020
TIME: 3:30 PM

STIMULUS, REAL, IMAGINARY

8.560000E+6,    -1.960993E-5,    -1.523569E-4
8.566250E+6,    -1.557916E-5,    -1.716763E-4
8.572500E+6,    -2.804399E-5,    -1.641214E-4
8.578750E+6,    -2.503395E-6,    -1.556054E-4
8.585000E+6,    -2.276152E-5,    -1.680255E-4
8.591250E+6,    -1.084059E-5,    -1.751408E-4
8.597500E+6,    -2.107769E-5,    -1.773983E-4
8.603750E+6,    -8.329749E-6,    -1.691878E-4
8.610000E+6,    -2.358854E-5,    -1.597479E-4
8.616250E+6,    -1.662970E-5,    -1.558661E-4
8.622500E+6,    8.985400E-6,    -1.474246E-4
8.628750E+6,    9.134412E-6,    -1.727790E-4
8.635000E+6,    -8.396804E-6,    -1.864061E-4
8.641250E+6,    -2.524257E-5,    -1.925975E-4
8.647500E+6,    -1.262873E-5,    -1.593754E-4
8.653750E+6,    -9.283423E-6,    -1.789108E-4
8.660000E+6,    7.271767E-6,    -1.476929E-4
8.666250E+6,    -8.925796E-6,    -1.711100E-4
8.672500E+6,    -1.990050E-5,    -1.807883E-4
8.678750E+6,    -1.674891E-5,    -2.001971E-4
8.685000E+6,    -1.675636E-5,    -1.748800E-4
8.691250E+6,    -6.452203E-6,    -1.651570E-4
8.697500E+6,    -2.550334E-5,    -1.863390E-4
8.703750E+6,    -2.086163E-7,    -1.614019E-4
8.710000E+6,    5.207956E-6,    -1.655370E-4
8.716250E+6,    -1.390278E-5,    -1.436546E-4
8.722500E+6,    -1.349300E-5,    -1.787394E-4
8.728750E+6,    -8.448958E-6,    -2.080426E-4
8.735000E+6,    -2.019107E-6,    -1.615137E-4
8.741250E+6,    -5.289912E-6,    -1.594573E-4
8.747500E+6,    -2.977252E-5,    -1.935512E-4
8.753750E+6,    -9.872019E-6,    -1.651272E-4
8.760000E+6,    -1.173466E-5,    -1.726523E-4
8.766250E+6,    -1.321733E-5,    -1.804754E-4
8.772500E+6,    -1.244992E-5,    -1.727119E-4
8.778750E+6,    -2.197921E-5,    -1.918226E-4
8.785000E+6,    -3.308058E-5,    -1.581237E-4
8.791250E+6,    -1.035631E-5,    -1.748949E-4
8.797500E+6,    -1.805276E-5,    -1.781434E-4
8.803750E+6,    -1.819432E-5,    -1.958311E-4
8.810000E+6,    -3.457069E-6,    -1.458302E-4
8.816250E+6,    -1.244247E-5,    -1.921952E-4
8.822500E+6,    -1.017004E-5,    -1.769289E-4
8.828750E+6,    -2.165139E-5,    -1.859516E-4
8.835000E+6,    3.173947E-6,    -1.870990E-4
8.841250E+6,    -2.438575E-5,    -1.933128E-4
8.847500E+6,    -1.570582E-5,    -1.646727E-4
8.853750E+6,    -2.600253E-5,    -1.835898E-4
8.860000E+6,    -2.742559E-5,    -1.736283E-4
8.866250E+6,    -2.445281E-5,    -1.853406E-4
8.872500E+6,    -2.300739E-5,    -1.952723E-4
8.878750E+6,    -2.208352E-5,    -1.698658E-4
8.885000E+6,    -2.764165E-5,    -1.832843E-4
8.891250E+6,    -1.485646E-5,    -1.939163E-4
8.897500E+6,    -6.221235E-6,    -2.102330E-4
8.903750E+6,    -9.804964E-6,    -1.807958E-4
8.910000E+6,    -7.525086E-6,    -1.830161E-4
8.916250E+6,    -2.516806E-5,    -2.048463E-4
8.922500E+6,    -1.358986E-5,    -1.784787E-4
8.928750E+6,    -3.539026E-5,    -1.881868E-4
8.935000E+6,    -2.590567E-5,    -1.872107E-4
8.941250E+6,    4.358590E-6,    -1.941770E-4
8.947500E+6,    -2.676994E-5,    -1.872033E-4
8.953750E+6,    -2.449751E-5,    -1.892298E-4
8.960000E+6,    -1.779944E-5,    -1.859367E-4
8.966250E+6,    -2.694130E-5,    -1.968518E-4
8.972500E+6,    -2.846122E-5,    -1.868382E-4
8.978750E+6,    -4.314631E-5,    -1.929104E-4
8.985000E+6,    -1.221895E-5,    -1.827329E-4
8.991250E+6,    -2.102554E-5,    -2.034977E-4
8.997500E+6,    -1.187623E-5,    -1.650527E-4
9.003750E+6,    -2.386421E-5,    -2.107546E-4
9.010000E+6,    -3.858656E-5,    -1.891553E-4
9.016250E+6,    -2.345443E-5,    -1.932606E-4
9.022500E+6,    -2.256036E-5,    -1.757070E-4
9.028750E+6,    -1.806766E-5,    -2.078414E-4
9.035000E+6,    -3.500283E-5,    -1.936629E-4
9.041250E+6,    5.453825E-6,    -2.011135E-4
9.047500E+6,    -2.481043E-5,    -2.029687E-4
9.053750E+6,    -2.694130E-5,    -1.829863E-4
9.060000E+6,    -1.598895E-5,    -2.020821E-4
9.066250E+6,    -3.681332E-5,    -1.933798E-4
9.072500E+6,    -1.899153E-5,    -2.095029E-4
9.078750E+6,    -2.491474E-5,    -2.050027E-4
9.085000E+6,    -3.045797E-5,    -2.100468E-4
9.091250E+6,    -1.996756E-5,    -2.295673E-4
9.097500E+6,    -3.878772E-5,    -2.028644E-4
9.103750E+6,    -1.385063E-5,    -2.165735E-4
9.110000E+6,    -1.490861E-5,    -2.067909E-4
9.116250E+6,    -1.550466E-5,    -1.968071E-4
9.122500E+6,    -3.567338E-5,    -1.973882E-4
9.128750E+6,    -2.825260E-5,    -2.144128E-4
9.135000E+6,    -1.453608E-5,    -1.793355E-4
9.141250E+6,    -3.969669E-5,    -2.046674E-4
9.147500E+6,    -2.515316E-5,    -1.894012E-4
9.153750E+6,    -3.993511E-5,    -2.044886E-4
9.160000E+6,    -3.588200E-5,    -1.994818E-4
9.166250E+6,    -6.631017E-6,    -1.985878E-4
9.172500E+6,    -6.899238E-6,    -1.988634E-4
9.178750E+6,    -3.507733E-5,    -2.113730E-4
9.185000E+6,    -4.491210E-5,    -2.016276E-4
9.191250E+6,    -3.062934E-5,    -1.963675E-4
9.197500E+6,    -2.069771E-5,    -1.965016E-4
9.203750E+6,    -4.351139E-6,    -2.137199E-4
9.210000E+6,    -2.974272E-5,    -1.989231E-4
9.216250E+6,    -2.521276E-5,    -1.937225E-4
9.222500E+6,    -3.558397E-5,    -2.034456E-4
9.228750E+6,    -3.115833E-5,    -1.984984E-4
9.235000E+6,    -4.395843E-5,    -2.258420E-4
9.241250E+6,    -1.406670E-5,    -2.261549E-4
9.247500E+6,    -1.972169E-5,    -2.109930E-4
9.253750E+6,    -2.271682E-5,    -1.985356E-4
9.260000E+6,    -5.058944E-5,    -2.206266E-4
9.266250E+6,    -2.881140E-5,    -2.032816E-4
9.272500E+6,    -3.170967E-5,    -2.107024E-4
9.278750E+6,    -2.981722E-5,    -2.332181E-4
9.285000E+6,    -4.710257E-5,    -2.051592E-4
9.291250E+6,    -3.367662E-5,    -2.206266E-4
9.297500E+6,    -5.169213E-5,    -2.422631E-4
9.303750E+6,    -3.466010E-5,    -2.204776E-4
9.310000E+6,    -5.917251E-5,    -2.045929E-4
9.316250E+6,    -3.558397E-5,    -2.304763E-4
9.322500E+6,    -3.450364E-5,    -2.004281E-4
9.328750E+6,    -4.068017E-5,    -2.152771E-4
9.335000E+6,    -3.324449E-5,    -2.028197E-4
9.341250E+6,    -3.965199E-5,    -2.172589E-4
9.347500E+6,    -1.940131E-5,    -2.086014E-4
9.353750E+6,    -3.328919E-5,    -2.351403E-4
9.360000E+6,    -4.479289E-5,    -2.023280E-4
9.366250E+6,    -3.466010E-5,    -2.350807E-4
9.372500E+6,    -5.675852E-5,    -2.112687E-4
9.378750E+6,    -6.195903E-5,    -2.160668E-4
9.385000E+6,    -3.507733E-5,    -2.148747E-4
9.391250E+6,    -4.890561E-5,    -2.213269E-4
9.397500E+6,    -5.218387E-5,    -2.285391E-4
9.403750E+6,    -5.578995E-5,    -2.360940E-4
9.410000E+6,    -4.610419E-5,    -2.039671E-4
9.416250E+6,    -2.686679E-5,    -2.151579E-4
9.422500E+6,    -2.664328E-5,    -2.378523E-4
9.428750E+6,    -3.099442E-5,    -2.125204E-4
9.435000E+6,    -3.218651E-5,    -2.224743E-4
9.441250E+6,    -3.793836E-5,    -2.267361E-4
9.447500E+6,    -5.945563E-5,    -2.350211E-4
9.453750E+6,    -4.318357E-5,    -2.214015E-4
9.460000E+6,    -3.725290E-5,    -2.293587E-4
9.466250E+6,    -4.091859E-5,    -2.138615E-4
9.472500E+6,    -6.267428E-5,    -2.319515E-4
9.478750E+6,    -5.716085E-5,    -2.173483E-4
9.485000E+6,    -5.039573E-5,    -2.154112E-4
9.491250E+6,    -3.427267E-5,    -2.244115E-4
9.497500E+6,    -5.093217E-5,    -2.152622E-4
9.503750E+6,    -4.100800E-5,    -2.385974E-4
9.510000E+6,    -4.172325E-5,    -2.387464E-4
9.516250E+6,    -6.580353E-5,    -2.437532E-4
9.522500E+6,    -6.335974E-5,    -2.464056E-4
9.528750E+6,    -3.987551E-5,    -2.540052E-4
9.535000E+6,    -4.479289E-5,    -2.260804E-4
9.541250E+6,    -5.027652E-5,    -2.429187E-4
9.547500E+6,    -4.827976E-5,    -2.225637E-4
9.553750E+6,    -5.435944E-5,    -2.272427E-4
9.560000E+6,    -3.758073E-5,    -2.365708E-4
9.566250E+6,    -3.513694E-5,    -2.521574E-4
9.572500E+6,    -3.629923E-5,    -2.518594E-4
9.578750E+6,    -3.761053E-5,    -2.390742E-4
9.585000E+6,    -3.308058E-5,    -2.346933E-4
9.591250E+6,    -3.445148E-5,    -2.217591E-4
9.597500E+6,    -5.871058E-5,    -2.360940E-4
9.603750E+6,    -3.507733E-5,    -2.443194E-4
9.610000E+6,    -4.079938E-5,    -2.385378E-4
9.616250E+6,    -4.640222E-5,    -2.778769E-4
9.622500E+6,    -4.550815E-5,    -2.329946E-4
9.628750E+6,    -4.395843E-5,    -2.356172E-4
9.635000E+6,    -3.033876E-5,    -2.425015E-4
9.641250E+6,    -5.125999E-5,    -2.619326E-4
9.647500E+6,    -4.994869E-5,    -2.521276E-4
9.653750E+6,    -6.517768E-5,    -2.446473E-4
9.660000E+6,    -2.604723E-5,    -2.510548E-4
9.666250E+6,    -4.577637E-5,    -2.603829E-4
9.672500E+6,    -6.103516E-5,    -2.527833E-4
9.678750E+6,    -5.072355E-5,    -2.674162E-4
9.685000E+6,    -3.623962E-5,    -2.393723E-4
9.691250E+6,    -5.170703E-5,    -2.544522E-4
9.697500E+6,    -6.088614E-5,    -2.427697E-4
9.703750E+6,    -4.100800E-5,    -2.714097E-4
9.710000E+6,    -7.331371E-5,    -2.507865E-4
9.716250E+6,    -5.364418E-5,    -2.666414E-4
9.722500E+6,    -5.906820E-5,    -2.480447E-4
9.728750E+6,    -4.953146E-5,    -2.498329E-4
9.735000E+6,    -6.219745E-5,    -2.450347E-4
9.741250E+6,    -4.264712E-5,    -2.611876E-4
9.747500E+6,    -4.339218E-5,    -2.610981E-4
9.753750E+6,    -9.036064E-5,    -2.675354E-4
9.760000E+6,    -5.999207E-5,    -2.505183E-4
9.766250E+6,    -4.342198E-5,    -2.638996E-4
9.772500E+6,    -6.312132E-5,    -2.345145E-4
9.778750E+6,    -5.608797E-5,    -2.716482E-4
9.785000E+6,    -7.045269E-5,    -2.508163E-4
9.791250E+6,    -5.516410E-5,    -2.616644E-4
9.797500E+6,    -5.546212E-5,    -2.742708E-4
9.803750E+6,    -7.727742E-5,    -2.675056E-4
9.810000E+6,    -4.503131E-5,    -2.790093E-4
9.816250E+6,    -5.117059E-5,    -2.701283E-4
9.822500E+6,    -4.547834E-5,    -2.535284E-4
9.828750E+6,    -5.447865E-5,    -2.799928E-4
9.835000E+6,    -5.978346E-5,    -2.733171E-4
9.841250E+6,    -7.507205E-5,    -2.626479E-4
9.847500E+6,    -8.153915E-5,    -2.664030E-4
9.853750E+6,    -4.935265E-5,    -2.656877E-4
9.860000E+6,    -5.885959E-5,    -2.504885E-4
9.866250E+6,    -7.143617E-5,    -2.838969E-4
9.872500E+6,    -5.662441E-5,    -2.821386E-4
9.878750E+6,    -6.529689E-5,    -2.828240E-4
9.885000E+6,    -4.306436E-5,    -2.519190E-4
9.891250E+6,    -7.000566E-5,    -2.639592E-4
9.897500E+6,    -7.468462E-5,    -2.703667E-4
9.903750E+6,    -5.704165E-5,    -2.719164E-4
9.910000E+6,    -8.198619E-5,    -2.865493E-4
9.916250E+6,    -5.540252E-5,    -2.905726E-4
9.922500E+6,    -7.876754E-5,    -2.664924E-4
9.928750E+6,    -4.595518E-5,    -2.674460E-4
9.935000E+6,    -5.230308E-5,    -2.710819E-4
9.941250E+6,    -7.757545E-5,    -2.850890E-4
9.947500E+6,    -7.534027E-5,    -2.754629E-4
9.953750E+6,    -5.596876E-5,    -2.803206E-4
9.960000E+6,    -6.875396E-5,    -2.745986E-4
9.966250E+6,    -5.859137E-5,    -2.928376E-4
9.972500E+6,    -6.815791E-5,    -2.490878E-4
9.978750E+6,    -6.639957E-5,    -2.802908E-4
9.985000E+6,    -6.735325E-5,    -2.799630E-4
9.991250E+6,    -7.355213E-5,    -2.995431E-4
9.997500E+6,    -7.230043E-5,    -2.735853E-4
1.000375E+7,    -6.368756E-5,    -2.891123E-4
1.001000E+7,    -7.018447E-5,    -2.927780E-4
1.001625E+7,    -7.212162E-5,    -2.891123E-4
1.002250E+7,    -5.209446E-5,    -2.973974E-4
1.002875E+7,    -4.816055E-5,    -2.909899E-4
1.003500E+7,    -8.237362E-5,    -2.889037E-4
1.004125E+7,    -7.694960E-5,    -2.854466E-4
1.004750E+7,    -7.003546E-5,    -2.850294E-4
1.005375E+7,    -5.921721E-5,    -2.905428E-4
1.006000E+7,    -8.797646E-5,    -2.980232E-4
1.006625E+7,    -9.316206E-5,    -3.044009E-4
1.007250E+7,    -7.101893E-5,    -3.001690E-4
1.007875E+7,    -5.599856E-5,    -3.154874E-4
1.008500E+7,    -7.116795E-5,    -3.034174E-4
1.009125E+7,    -7.534027E-5,    -2.966523E-4
1.009750E+7,    -9.450316E-5,    -3.064871E-4
1.010375E+7,    -8.547306E-5,    -2.934039E-4
1.011000E+7,    -8.669496E-5,    -3.089309E-4
1.011625E+7,    -7.772446E-5,    -2.803802E-4
1.012250E+7,    -8.690357E-5,    -3.088415E-4
1.012875E+7,    -9.655952E-5,    -2.926588E-4
1.013500E+7,    -1.096427E-4,    -3.147125E-4
1.014125E+7,    -9.453297E-5,    -2.987087E-4
1.014750E+7,    -1.172721E-4,    -3.014207E-4
1.015375E+7,    -9.003282E-5,    -3.107190E-4
1.016000E+7,    -8.988380E-5,    -2.948940E-4
1.016625E+7,    -6.932020E-5,    -3.201962E-4
1.017250E+7,    -1.021624E-4,    -3.038347E-4
1.017875E+7,    -9.733438E-5,    -3.164709E-4
1.018500E+7,    -7.471442E-5,    -2.973378E-4
1.019125E+7,    -8.073449E-5,    -3.194809E-4
1.019750E+7,    -1.018941E-4,    -3.092587E-4
1.020375E+7,    -8.672476E-5,    -3.096163E-4
1.021000E+7,    -8.058548E-5,    -3.062487E-4
1.021625E+7,    -1.048744E-4,    -3.218949E-4
1.022250E+7,    -9.039044E-5,    -3.057420E-4
1.022875E+7,    -9.289384E-5,    -3.340840E-4
1.023500E+7,    -8.675456E-5,    -3.149807E-4
1.024125E+7,    -6.669760E-5,    -3.091991E-4
1.024750E+7,    -7.987022E-5,    -3.148913E-4
1.025375E+7,    -1.033545E-4,    -3.170967E-4
1.026000E+7,    -8.052588E-5,    -3.181994E-4
1.026625E+7,    -9.500980E-5,    -3.204644E-4
1.027250E+7,    -8.770823E-5,    -3.205538E-4
1.027875E+7,    -9.056926E-5,    -3.172159E-4
1.028500E+7,    -9.468198E-5,    -3.265738E-4
1.029125E+7,    -8.857250E-5,    -3.231764E-4
1.029750E+7,    -1.009107E-4,    -3.321469E-4
1.030375E+7,    -1.014769E-4,    -3.508329E-4
1.031000E+7,    -8.729100E-5,    -3.134310E-4
1.031625E+7,    -9.879470E-5,    -3.413856E-4
1.032250E+7,    -8.949637E-5,    -3.287494E-4
1.032875E+7,    -1.017749E-4,    -3.372431E-4
1.033500E+7,    -1.129508E-4,    -3.496706E-4
1.034125E+7,    -1.143515E-4,    -3.461540E-4
1.034750E+7,    -9.000301E-5,    -3.153682E-4
1.035375E+7,    -1.019537E-4,    -3.243387E-4
1.036000E+7,    -1.081228E-4,    -3.294647E-4
1.036625E+7,    -1.203716E-4,    -3.577173E-4
1.037250E+7,    -1.011789E-4,    -3.303587E-4
1.037875E+7,    -1.385808E-4,    -3.529787E-4
1.038500E+7,    -1.066327E-4,    -3.393888E-4
1.039125E+7,    -1.077950E-4,    -3.548563E-4
1.039750E+7,    -1.043081E-4,    -3.295541E-4
1.040375E+7,    -1.000762E-4,    -3.614724E-4
1.041000E+7,    -9.649992E-5,    -3.329515E-4
1.041625E+7,    -1.223087E-4,    -3.463626E-4
1.042250E+7,    -1.148880E-4,    -3.473461E-4
1.042875E+7,    -1.142919E-4,    -3.501475E-4
1.043500E+7,    -1.006424E-4,    -3.291368E-4
1.044125E+7,    -9.366870E-5,    -3.677309E-4
1.044750E+7,    -1.272857E-4,    -3.418624E-4
1.045375E+7,    -1.333952E-4,    -3.668070E-4
1.046000E+7,    -1.065135E-4,    -3.595948E-4
1.046625E+7,    -1.438856E-4,    -3.622770E-4
1.047250E+7,    -1.062751E-4,    -3.629327E-4
1.047875E+7,    -1.078844E-4,    -3.624260E-4
1.048500E+7,    -1.117885E-4,    -3.713965E-4
1.049125E+7,    -1.331568E-4,    -3.592968E-4
1.049750E+7,    -1.102686E-4,    -3.620386E-4
1.050375E+7,    -1.518726E-4,    -3.731251E-4
1.051000E+7,    -1.052916E-4,    -3.588796E-4
1.051625E+7,    -1.072884E-4,    -3.747940E-4
1.052250E+7,    -1.277924E-4,    -3.620386E-4
1.052875E+7,    -1.198649E-4,    -3.662705E-4
1.053500E+7,    -1.102090E-4,    -3.710985E-4
1.054125E+7,    -1.088977E-4,    -3.547072E-4
1.054750E+7,    -1.301169E-4,    -3.838539E-4
1.055375E+7,    -1.444221E-4,    -3.881454E-4
1.056000E+7,    -1.240373E-4,    -3.620386E-4
1.056625E+7,    -1.184344E-4,    -3.816485E-4
1.057250E+7,    -1.195669E-4,    -3.784299E-4
1.057875E+7,    -1.536608E-4,    -4.121065E-4
1.058500E+7,    -1.232028E-4,    -3.712773E-4
1.059125E+7,    -1.388788E-4,    -3.749728E-4
1.059750E+7,    -1.531839E-4,    -3.762841E-4
1.060375E+7,    -1.205206E-4,    -3.873706E-4
1.061000E+7,    -1.193881E-4,    -3.936291E-4
1.061625E+7,    -1.168847E-4,    -3.813505E-4
1.062250E+7,    -1.356006E-4,    -3.941059E-4
1.062875E+7,    -1.506209E-4,    -3.947616E-4
1.063500E+7,    -1.462698E-4,    -4.112720E-4
1.064125E+7,    -1.358390E-4,    -4.006028E-4
1.064750E+7,    -1.468658E-4,    -3.921390E-4
1.065375E+7,    -1.229644E-4,    -3.761649E-4
1.066000E+7,    -1.490712E-4,    -3.882051E-4
1.066625E+7,    -1.599193E-4,    -4.022717E-4
1.067250E+7,    -1.387596E-4,    -3.764629E-4
1.067875E+7,    -1.251101E-4,    -4.015565E-4
1.068500E+7,    -1.279712E-4,    -3.941655E-4
1.069125E+7,    -1.420975E-4,    -4.017949E-4
1.069750E+7,    -1.453161E-4,    -4.169941E-4
1.070375E+7,    -1.555085E-4,    -4.084706E-4
1.071000E+7,    -1.345277E-4,    -4.091263E-4
1.071625E+7,    -1.433492E-4,    -4.299283E-4
1.072250E+7,    -1.382232E-4,    -4.014969E-4
1.072875E+7,    -1.397133E-4,    -4.239082E-4
1.073500E+7,    -1.547933E-4,    -4.243851E-4
1.074125E+7,    -1.311302E-4,    -4.350543E-4
1.074750E+7,    -1.349449E-4,    -4.211664E-4
1.075375E+7,    -1.420975E-4,    -4.267097E-4
1.076000E+7,    -1.639128E-4,    -4.056096E-4
1.076625E+7,    -1.351237E-4,    -4.336834E-4
1.077250E+7,    -1.438260E-4,    -4.284978E-4
1.077875E+7,    -1.546144E-4,    -4.198551E-4
1.078500E+7,    -1.448393E-4,    -4.352927E-4
1.079125E+7,    -1.360774E-4,    -4.400015E-4
1.079750E+7,    -1.456738E-4,    -4.373193E-4
1.080375E+7,    -1.543164E-4,    -4.351139E-4
1.081000E+7,    -1.695752E-4,    -4.357100E-4
1.081625E+7,    -1.614690E-4,    -4.436374E-4
1.082250E+7,    -1.711249E-4,    -4.384518E-4
1.082875E+7,    -1.342297E-4,    -4.400611E-4
1.083500E+7,    -1.541972E-4,    -4.483461E-4
1.084125E+7,    -1.839995E-4,    -4.283786E-4
1.084750E+7,    -1.605153E-4,    -4.337430E-4
1.085375E+7,    -1.723170E-4,    -4.471540E-4
1.086000E+7,    -1.714826E-4,    -4.572868E-4
1.086625E+7,    -1.579523E-4,    -4.566908E-4
1.087250E+7,    -1.669526E-4,    -4.515052E-4
1.087875E+7,    -1.599789E-4,    -4.557967E-4
1.088500E+7,    -1.785755E-4,    -4.417896E-4
1.089125E+7,    -1.559258E-4,    -4.474521E-4
1.089750E+7,    -1.851320E-4,    -4.533529E-4
1.090375E+7,    -1.835823E-4,    -4.631281E-4
1.091000E+7,    -1.768470E-4,    -4.716516E-4
1.091625E+7,    -1.727939E-4,    -4.559159E-4
1.092250E+7,    -1.881719E-4,    -4.515648E-4
1.092875E+7,    -1.845360E-4,    -4.756451E-4
1.093500E+7,    -1.669526E-4,    -4.605055E-4
1.094125E+7,    -1.785755E-4,    -4.836321E-4
1.094750E+7,    -1.898408E-4,    -4.638433E-4
1.095375E+7,    -1.648068E-4,    -4.872680E-4
1.096000E+7,    -1.909733E-4,    -4.699826E-4
1.096625E+7,    -1.944900E-4,    -4.958510E-4
1.097250E+7,    -1.810789E-4,    -4.921556E-4
1.097875E+7,    -1.871586E-4,    -5.038977E-4
1.098500E+7,    -1.758933E-4,    -4.908442E-4
1.099125E+7,    -1.963973E-4,    -5.081296E-4
1.099750E+7,    -1.900792E-4,    -4.699230E-4
1.100375E+7,    -1.795292E-4,    -4.897714E-4
1.101000E+7,    -1.891255E-4,    -4.832745E-4
1.101625E+7,    -1.835823E-4,    -4.845858E-4
1.102250E+7,    -2.111197E-4,    -4.929900E-4
1.102875E+7,    -2.101064E-4,    -4.966855E-4
1.103500E+7,    -2.113581E-4,    -5.058050E-4
1.104125E+7,    -1.912713E-4,    -5.019903E-4
1.104750E+7,    -2.025962E-4,    -5.257726E-4
1.105375E+7,    -1.986027E-4,    -5.131960E-4
1.106000E+7,    -2.172589E-4,    -4.937649E-4
1.106625E+7,    -1.845956E-4,    -5.204082E-4
1.107250E+7,    -2.161860E-4,    -5.142093E-4
1.107875E+7,    -2.166033E-4,    -5.179048E-4
1.108500E+7,    -2.100468E-4,    -5.193353E-4
1.109125E+7,    -1.884103E-4,    -5.298853E-4
1.109750E+7,    -2.262592E-4,    -5.307198E-4
1.110375E+7,    -2.253056E-4,    -5.417466E-4
1.111000E+7,    -2.194643E-4,    -5.407929E-4
1.111625E+7,    -2.071857E-4,    -5.204082E-4
1.112250E+7,    -2.141595E-4,    -5.389452E-4
1.112875E+7,    -2.239347E-4,    -5.289316E-4
1.113500E+7,    -2.412200E-4,    -5.169511E-4
1.114125E+7,    -2.169609E-4,    -5.456805E-4
1.114750E+7,    -2.294183E-4,    -5.209446E-4
1.115375E+7,    -2.425313E-4,    -5.471706E-4
1.116000E+7,    -2.220869E-4,    -5.428195E-4
1.116625E+7,    -2.350807E-4,    -5.782843E-4
1.117250E+7,    -2.332926E-4,    -5.438924E-4
1.117875E+7,    -2.091527E-4,    -5.580187E-4
1.118500E+7,    -2.435446E-4,    -5.449057E-4
1.119125E+7,    -2.527237E-4,    -5.821586E-4
1.119750E+7,    -2.301335E-4,    -5.764961E-4
1.120375E+7,    -2.712011E-4,    -5.710721E-4
1.121000E+7,    -2.771020E-4,    -6.151199E-4
1.121625E+7,    -2.857447E-4,    -6.258488E-4
1.122250E+7,    -2.777576E-4,    -6.476641E-4
1.122875E+7,    -2.787709E-4,    -6.894469E-4
1.123500E+7,    -2.820492E-4,    -7.630587E-4
1.124125E+7,    -3.107786E-4,    -7.230043E-4
1.124750E+7,    -2.763271E-4,    -7.387400E-4
1.125375E+7,    -3.119707E-4,    -7.259846E-4
1.126000E+7,    -2.774000E-4,    -7.150173E-4
1.126625E+7,    -2.975464E-4,    -7.053614E-4
1.127250E+7,    -3.045797E-4,    -7.566214E-4
1.127875E+7,    -3.046989E-4,    -7.197857E-4
1.128500E+7,    -3.049374E-4,    -7.197857E-4
1.129125E+7,    -2.869964E-4,    -6.775856E-4
1.129750E+7,    -2.923012E-4,    -6.573796E-4
1.130375E+7,    -3.061295E-4,    -6.811619E-4
1.131000E+7,    -2.903938E-4,    -7.095337E-4
1.131625E+7,    -2.827644E-4,    -7.005930E-4
1.132250E+7,    -3.104210E-4,    -7.500648E-4
1.132875E+7,    -3.136396E-4,    -7.046461E-4
1.133500E+7,    -3.197193E-4,    -7.578135E-4
1.134125E+7,    -3.266335E-4,    -7.117987E-4
1.134750E+7,    -3.011227E-4,    -7.022619E-4
1.135375E+7,    -3.032684E-4,    -6.984472E-4
1.136000E+7,    -2.839565E-4,    -6.792545E-4
1.136625E+7,    -3.387928E-4,    -7.215738E-4
1.137250E+7,    -3.308058E-4,    -7.250309E-4
1.137875E+7,    -3.489256E-4,    -7.338524E-4
1.138500E+7,    -3.253222E-4,    -7.476807E-4
1.139125E+7,    -3.395081E-4,    -7.619858E-4
1.139750E+7,    -3.095865E-4,    -7.171631E-4
1.140375E+7,    -3.203154E-4,    -7.016659E-4
1.141000E+7,    -3.160238E-4,    -6.977320E-4
1.141625E+7,    -3.260374E-4,    -6.974936E-4
1.142250E+7,    -3.204346E-4,    -7.027388E-4
1.142875E+7,    -3.407001E-4,    -7.506609E-4
1.143500E+7,    -3.311634E-4,    -7.299185E-4
1.144125E+7,    -3.325939E-4,    -7.385015E-4
1.144750E+7,    -3.595352E-4,    -7.923841E-4
1.145375E+7,    -3.651381E-4,    -8.014441E-4
1.146000E+7,    -3.945827E-4,    -7.829666E-4
1.146625E+7,    -4.370213E-4,    -8.388758E-4
1.147250E+7,    -3.597736E-4,    -8.181334E-4
1.147875E+7,    -3.768206E-4,    -7.902384E-4
1.148500E+7,    -3.595352E-4,    -8.242130E-4
1.149125E+7,    -4.199743E-4,    -9.194613E-4
1.149750E+7,    -3.856421E-4,    -9.460449E-4
1.150375E+7,    -3.988743E-4,    -8.943081E-4
1.151000E+7,    -4.519224E-4,    -9.149313E-4
1.151625E+7,    -4.264116E-4,    -9.071827E-4
1.152250E+7,    -3.896952E-4,    -8.971691E-4
1.152875E+7,    -3.894567E-4,    -8.734465E-4
1.153500E+7,    -4.129410E-4,    -8.099079E-4
1.154125E+7,    -4.410744E-4,    -9.490252E-4
1.154750E+7,    -4.246235E-4,    -9.505749E-4
1.155375E+7,    -4.299879E-4,    -9.138584E-4
1.156000E+7,    -4.172325E-4,    -1.061201E-3
1.156625E+7,    -4.304647E-4,    -1.042724E-3
1.157250E+7,    -4.190207E-4,    -1.071811E-3
1.157875E+7,    -5.228519E-4,    -1.021266E-3
1.158500E+7,    -4.690886E-4,    -1.169801E-3
1.159125E+7,    -4.343987E-4,    -1.036525E-3
1.159750E+7,    -3.964901E-4,    -1.040697E-3
1.160375E+7,    -4.981756E-4,    -1.083851E-3
1.161000E+7,    -4.781485E-4,    -1.071572E-3
1.161625E+7,    -5.066395E-4,    -1.194119E-3
1.162250E+7,    -5.366802E-4,    -1.220584E-3
1.162875E+7,    -4.804134E-4,    -1.505375E-3
1.163500E+7,    -4.274845E-4,    -1.637459E-3
1.164125E+7,    -1.747608E-4,    -1.869917E-3
1.164750E+7,    2.162457E-4,    -2.060175E-3
1.165375E+7,    -4.053116E-6,    -2.042294E-3
1.166000E+7,    4.014969E-4,    -1.908064E-3
1.166625E+7,    8.385181E-4,    -1.967669E-3
1.167250E+7,    1.028895E-3,    -1.782298E-3
1.167875E+7,    1.026869E-3,    -1.789689E-3
1.168500E+7,    1.000762E-3,    -1.814842E-3
1.169125E+7,    1.057744E-3,    -1.841545E-3
1.169750E+7,    1.065969E-3,    -1.816034E-3
1.170375E+7,    1.076937E-3,    -1.813173E-3
1.171000E+7,    1.065850E-3,    -1.876116E-3
1.171625E+7,    1.092315E-3,    -1.895308E-3
1.172250E+7,    1.078725E-3,    -1.912475E-3
1.172875E+7,    1.074076E-3,    -1.915097E-3
1.173500E+7,    1.055598E-3,    -1.906633E-3
1.174125E+7,    1.078606E-3,    -1.914263E-3
1.174750E+7,    1.130342E-3,    -1.975298E-3
1.175375E+7,    1.105309E-3,    -1.968622E-3
1.176000E+7,    1.140356E-3,    -2.003193E-3
1.176625E+7,    1.120329E-3,    -2.013683E-3
1.177250E+7,    1.171827E-3,    -1.984835E-3
1.177875E+7,    1.139879E-3,    -2.000093E-3
1.178500E+7,    1.130104E-3,    -2.050638E-3
1.179125E+7,    1.223803E-3,    -2.074003E-3
1.179750E+7,    1.152277E-3,    -2.045631E-3
1.180375E+7,    1.117706E-3,    -2.084970E-3
1.181000E+7,    1.095772E-3,    -2.102613E-3
1.181625E+7,    1.152754E-3,    -2.062082E-3
1.182250E+7,    1.081228E-3,    -2.145767E-3
1.182875E+7,    1.175642E-3,    -2.162933E-3
1.183500E+7,    1.152039E-3,    -2.188921E-3
1.184125E+7,    1.168013E-3,    -2.233028E-3
1.184750E+7,    1.175642E-3,    -2.224445E-3
1.185375E+7,    1.197100E-3,    -2.250433E-3
1.186000E+7,    1.201391E-3,    -2.281904E-3
1.186625E+7,    1.241922E-3,    -2.320766E-3
1.187250E+7,    1.228809E-3,    -2.339602E-3
1.187875E+7,    1.168013E-3,    -2.345562E-3
1.188500E+7,    1.256943E-3,    -2.314091E-3
1.189125E+7,    1.286745E-3,    -2.360821E-3
1.189750E+7,    1.251459E-3,    -2.422810E-3
1.190375E+7,    1.275778E-3,    -2.440453E-3
1.191000E+7,    1.228571E-3,    -2.452374E-3
1.191625E+7,    1.295090E-3,    -2.419710E-3
1.192250E+7,    1.272917E-3,    -2.448320E-3
1.192875E+7,    1.261473E-3,    -2.508879E-3
1.193500E+7,    1.317739E-3,    -2.503395E-3
1.194125E+7,    1.294374E-3,    -2.560616E-3
1.194750E+7,    1.273394E-3,    -2.530813E-3
1.195375E+7,    1.283407E-3,    -2.574444E-3
1.196000E+7,    1.339436E-3,    -2.550602E-3
1.196625E+7,    1.364708E-3,    -2.605915E-3
1.197250E+7,    1.314402E-3,    -2.656221E-3
1.197875E+7,    1.374006E-3,    -2.678871E-3
1.198500E+7,    1.280785E-3,    -2.672911E-3
1.199125E+7,    1.363039E-3,    -2.774000E-3
1.199750E+7,    1.319647E-3,    -2.764940E-3
1.200375E+7,    1.318932E-3,    -2.741814E-3
1.201000E+7,    1.291513E-3,    -2.837181E-3
1.201625E+7,    1.394749E-3,    -2.808571E-3
1.202250E+7,    1.345634E-3,    -2.826452E-3
1.202875E+7,    1.322031E-3,    -2.915382E-3
1.203500E+7,    1.354933E-3,    -2.847910E-3
1.204125E+7,    1.341581E-3,    -2.875566E-3
1.204750E+7,    1.353264E-3,    -2.839804E-3
1.205375E+7,    1.376152E-3,    -2.901077E-3
1.206000E+7,    1.361609E-3,    -2.859831E-3
1.206625E+7,    1.352549E-3,    -3.051996E-3
1.207250E+7,    1.415253E-3,    -3.086329E-3
1.207875E+7,    1.374960E-3,    -3.066301E-3
1.208500E+7,    1.378298E-3,    -2.973080E-3
1.209125E+7,    1.324892E-3,    -2.995491E-3
1.209750E+7,    1.393557E-3,    -3.050566E-3
1.210375E+7,    1.340866E-3,    -3.083229E-3
1.211000E+7,    1.372337E-3,    -3.060818E-3
1.211625E+7,    1.389265E-3,    -3.118992E-3
1.212250E+7,    1.408100E-3,    -3.184319E-3
1.212875E+7,    1.405954E-3,    -3.156662E-3
1.213500E+7,    1.453161E-3,    -3.200769E-3
1.214125E+7,    1.373768E-3,    -3.251553E-3
1.214750E+7,    1.470566E-3,    -3.266335E-3
1.215375E+7,    1.421213E-3,    -3.329515E-3
1.216000E+7,    1.463175E-3,    -3.292084E-3
1.216625E+7,    1.460791E-3,    -3.412247E-3
1.217250E+7,    1.482248E-3,    -3.363132E-3
1.217875E+7,    1.484632E-3,    -3.440380E-3
1.218500E+7,    1.434088E-3,    -3.479958E-3
1.219125E+7,    1.488447E-3,    -3.526449E-3
1.219750E+7,    1.491308E-3,    -3.539562E-3
1.220375E+7,    1.504421E-3,    -3.613710E-3
1.221000E+7,    1.512527E-3,    -3.571987E-3
1.221625E+7,    1.528263E-3,    -3.679991E-3
1.222250E+7,    1.564980E-3,    -3.708601E-3
1.222875E+7,    1.534462E-3,    -3.738642E-3
1.223500E+7,    1.556158E-3,    -3.740072E-3
1.224125E+7,    1.560450E-3,    -3.818750E-3
1.224750E+7,    1.622677E-3,    -3.823996E-3
1.225375E+7,    1.624823E-3,    -3.886461E-3
1.226000E+7,    1.631498E-3,    -3.899574E-3
1.226625E+7,    1.632929E-3,    -3.940344E-3
1.227250E+7,    1.645565E-3,    -4.014969E-3
1.227875E+7,    1.624584E-3,    -4.034519E-3
1.228500E+7,    1.684666E-3,    -4.049778E-3
1.229125E+7,    1.688004E-3,    -4.134178E-3
1.229750E+7,    1.698971E-3,    -4.163265E-3
1.230375E+7,    1.736641E-3,    -4.240513E-3
1.231000E+7,    1.704216E-3,    -4.256725E-3
1.231625E+7,    1.743317E-3,    -4.306316E-3
1.232250E+7,    1.771927E-3,    -4.384041E-3
1.232875E+7,    1.798153E-3,    -4.433632E-3
1.233500E+7,    1.796722E-3,    -4.440308E-3
1.234125E+7,    1.789093E-3,    -4.497528E-3
1.234750E+7,    1.787663E-3,    -4.537106E-3
1.235375E+7,    1.827717E-3,    -4.637718E-3
1.236000E+7,    1.848698E-3,    -4.676819E-3
1.236625E+7,    1.840591E-3,    -4.690170E-3
1.237250E+7,    1.862049E-3,    -4.750252E-3
1.237875E+7,    1.890659E-3,    -4.865170E-3
1.238500E+7,    1.897335E-3,    -4.841805E-3
1.239125E+7,    1.970768E-3,    -4.931450E-3
1.239750E+7,    1.938820E-3,    -4.998684E-3
1.240375E+7,    1.985550E-3,    -5.084038E-3
1.241000E+7,    2.014637E-3,    -5.152225E-3
1.241625E+7,    2.008915E-3,    -5.224228E-3
1.242250E+7,    2.064705E-3,    -5.315781E-3
1.242875E+7,    2.046108E-3,    -5.383492E-3
1.243500E+7,    2.089977E-3,    -5.455017E-3
1.244125E+7,    2.122879E-3,    -5.527973E-3
1.244750E+7,    2.140045E-3,    -5.517960E-3
1.245375E+7,    2.204895E-3,    -5.589485E-3
1.246000E+7,    2.183437E-3,    -5.671024E-3
1.246625E+7,    2.232552E-3,    -5.780220E-3
1.247250E+7,    2.249241E-3,    -5.816936E-3
1.247875E+7,    2.255917E-3,    -5.919933E-3
1.248500E+7,    2.281189E-3,    -6.018639E-3
1.249125E+7,    2.346039E-3,    -6.050110E-3
1.249750E+7,    2.366066E-3,    -6.142139E-3
1.250375E+7,    2.367496E-3,    -6.320953E-3
1.251000E+7,    2.440453E-3,    -6.342888E-3
1.251625E+7,    2.464771E-3,    -6.443024E-3
1.252250E+7,    2.460957E-3,    -6.501675E-3
1.252875E+7,    2.510548E-3,    -6.610394E-3
1.253500E+7,    2.530098E-3,    -6.684303E-3
1.254125E+7,    2.602577E-3,    -6.747723E-3
1.254750E+7,    2.570629E-3,    -6.848812E-3
1.255375E+7,    2.596855E-3,    -7.020473E-3
1.256000E+7,    2.677441E-3,    -7.117271E-3
1.256625E+7,    2.677917E-3,    -7.193565E-3
1.257250E+7,    2.756596E-3,    -7.286549E-3
1.257875E+7,    2.753735E-3,    -7.448196E-3
1.258500E+7,    2.718925E-3,    -7.523060E-3
1.259125E+7,    2.830982E-3,    -7.654190E-3
1.259750E+7,    2.890587E-3,    -7.668495E-3
1.260375E+7,    2.898216E-3,    -7.873058E-3
1.261000E+7,    2.832413E-3,    -8.020401E-3
1.261625E+7,    2.976418E-3,    -8.253098E-3
1.262250E+7,    3.005981E-3,    -8.219719E-3
1.262875E+7,    2.804756E-3,    -8.727074E-3
1.263500E+7,    3.053665E-3,    -8.458138E-3
1.264125E+7,    3.137589E-3,    -8.662224E-3
1.264750E+7,    3.197670E-3,    -8.848190E-3
1.265375E+7,    3.243446E-3,    -8.974075E-3
1.266000E+7,    3.171921E-3,    -9.234428E-3
1.266625E+7,    3.255844E-3,    -9.266853E-3
1.267250E+7,    1.129150E-3,    -1.008892E-2
1.267875E+7,    2.109528E-3,    -1.016617E-2
1.268500E+7,    1.176834E-3,    -1.075554E-2
1.269125E+7,    2.519608E-3,    -1.063728E-2
1.269750E+7,    3.489494E-3,    -9.919167E-3
1.270375E+7,    1.192093E-4,    -1.042938E-2
1.271000E+7,    1.325607E-3,    -1.196480E-2
1.271625E+7,    3.757477E-3,    -1.062298E-2
1.272250E+7,    3.757477E-3,    -1.081085E-2
1.272875E+7,    3.839493E-3,    -1.099777E-2
1.273500E+7,    3.787994E-3,    -1.144505E-2
1.274125E+7,    3.924370E-3,    -1.151657E-2
1.274750E+7,    4.000187E-3,    -1.195335E-2
1.275375E+7,    4.056454E-3,    -1.188040E-2
1.276000E+7,    3.469467E-3,    -1.237488E-2
1.276625E+7,    1.973152E-3,    -1.283216E-2
1.277250E+7,    -2.271175E-3,    -9.443283E-3
1.277875E+7,    -3.589153E-3,    -1.192379E-2
1.278500E+7,    -1.584053E-3,    -1.414776E-2
1.279125E+7,    2.632141E-4,    -1.487446E-2
1.279750E+7,    3.402710E-3,    -1.396084E-2
1.280375E+7,    -1.434326E-3,    -1.374149E-2
1.281000E+7,    -5.080223E-3,    -1.181984E-2
1.281625E+7,    -4.106522E-3,    -1.581573E-2
1.282250E+7,    -4.386902E-3,    -1.569557E-2
1.282875E+7,    1.394272E-3,    -1.610470E-2
1.283500E+7,    -6.510735E-3,    -1.375675E-2
1.284125E+7,    4.532814E-3,    -1.748180E-2
1.284750E+7,    5.124092E-3,    -1.724911E-2
1.285375E+7,    3.885269E-3,    -1.831532E-2
1.286000E+7,    3.931046E-3,    -1.829338E-2
1.286625E+7,    3.897667E-3,    -1.927471E-2
1.287250E+7,    4.629135E-3,    -1.941109E-2
1.287875E+7,    5.627632E-3,    -1.901627E-2
1.288500E+7,    4.528046E-3,    -1.931953E-2
1.289125E+7,    3.205299E-3,    -2.139759E-2
1.289750E+7,    2.794266E-4,    -2.173805E-2
1.290375E+7,    4.024506E-3,    -2.126884E-2
1.291000E+7,    2.508163E-3,    -2.219009E-2
1.291625E+7,    1.378059E-3,    -2.379036E-2
1.292250E+7,    -1.243591E-3,    -2.111340E-2
1.292875E+7,    4.310608E-4,    -2.346420E-2
1.293500E+7,    -8.878708E-3,    -1.988888E-2
1.294125E+7,    -5.952835E-3,    -2.210903E-2
1.294750E+7,    -8.774757E-3,    -1.735306E-2
1.295375E+7,    -8.986473E-3,    -1.149750E-2
1.296000E+7,    -7.834435E-3,    -8.750916E-3
1.296625E+7,    -7.684231E-3,    -8.386135E-3
1.297250E+7,    -7.995605E-3,    -8.658409E-3
1.297875E+7,    -8.204460E-3,    -8.794785E-3
1.298500E+7,    -8.359909E-3,    -8.962631E-3
1.299125E+7,    -8.638382E-3,    -9.136200E-3
1.299750E+7,    -8.836746E-3,    -9.310722E-3
1.300375E+7,    -9.167671E-3,    -9.561539E-3
1.301000E+7,    -9.441376E-3,    -9.810448E-3
1.301625E+7,    -9.733200E-3,    -1.000118E-2
1.302250E+7,    -1.004124E-2,    -1.029205E-2
1.302875E+7,    -1.035118E-2,    -1.054001E-2
1.303500E+7,    -1.068306E-2,    -1.082134E-2
1.304125E+7,    -1.106739E-2,    -1.104450E-2
1.304750E+7,    -1.143360E-2,    -1.133060E-2
1.305375E+7,    -1.176643E-2,    -1.160049E-2
1.306000E+7,    -1.220131E-2,    -1.189518E-2
1.306625E+7,    -1.264381E-2,    -1.221752E-2
1.307250E+7,    -1.309967E-2,    -1.252460E-2
1.307875E+7,    -1.364422E-2,    -1.295757E-2
1.308500E+7,    -1.412201E-2,    -1.327991E-2
1.309125E+7,    -1.469040E-2,    -1.369381E-2
1.309750E+7,    -1.521206E-2,    -1.402664E-2
1.310375E+7,    -1.579189E-2,    -1.440811E-2
1.311000E+7,    -1.644039E-2,    -1.485538E-2
1.311625E+7,    -1.709557E-2,    -1.525688E-2
1.312250E+7,    -1.787376E-2,    -1.576042E-2
1.312875E+7,    -1.866531E-2,    -1.627731E-2
1.313500E+7,    -1.945877E-2,    -1.678276E-2
1.314125E+7,    -2.027512E-2,    -1.721954E-2
1.314750E+7,    -2.125359E-2,    -1.781654E-2
1.315375E+7,    -2.252197E-2,    -1.859665E-2
1.316000E+7,    -2.355385E-2,    -1.921654E-2
1.316625E+7,    -2.464294E-2,    -1.987457E-2
1.317250E+7,    -2.569771E-2,    -2.027130E-2
1.317875E+7,    -2.711678E-2,    -2.106476E-2
1.318500E+7,    -2.838707E-2,    -2.178192E-2
1.319125E+7,    -3.007126E-2,    -2.259445E-2
1.319750E+7,    -3.124809E-2,    -2.313805E-2
1.320375E+7,    -3.298950E-2,    -2.384758E-2
1.321000E+7,    -3.507423E-2,    -2.493477E-2
1.321625E+7,    -3.653145E-2,    -2.535820E-2
1.322250E+7,    -3.858948E-2,    -2.622223E-2
1.322875E+7,    -4.113007E-2,    -2.720261E-2
1.323500E+7,    -4.396820E-2,    -2.829742E-2
1.324125E+7,    -4.721451E-2,    -2.954102E-2
1.324750E+7,    -5.120468E-2,    -3.112793E-2
1.325375E+7,    -5.542755E-2,    -3.282166E-2
1.326000E+7,    -5.876923E-2,    -3.356552E-2
1.326625E+7,    -6.298447E-2,    -3.456879E-2
1.327250E+7,    -6.781006E-2,    -3.581619E-2
1.327875E+7,    -7.357788E-2,    -3.702545E-2
1.328500E+7,    -7.863617E-2,    -3.770828E-2
1.329125E+7,    -8.614731E-2,    -3.932571E-2
1.329750E+7,    -9.263611E-2,    -4.018402E-2
1.330375E+7,    -9.973145E-2,    -3.984070E-2
1.331000E+7,    -1.113434E-1,    -4.080963E-2
1.331625E+7,    -1.210403E-1,    -4.109192E-2
1.332250E+7,    -1.352463E-1,    -4.131317E-2
1.332875E+7,    -1.428909E-1,    -3.928375E-2
1.333500E+7,    -1.525650E-1,    -3.461456E-2
1.334125E+7,    -1.649170E-1,    -3.106689E-2
1.334750E+7,    -1.797943E-1,    -2.455902E-2
1.335375E+7,    -2.004776E-1,    -1.728821E-2
1.336000E+7,    -2.187119E-1,    -7.865906E-3
1.336625E+7,    -2.373276E-1,    7.965088E-3
1.337250E+7,    -2.627106E-1,    2.659607E-2
1.337875E+7,    -2.818451E-1,    5.206299E-2
1.338500E+7,    -2.997284E-1,    8.406067E-2
1.339125E+7,    -3.206787E-1,    1.265259E-1
1.339750E+7,    -3.284149E-1,    1.726074E-1
1.340375E+7,    -3.252716E-1,    2.266388E-1
1.341000E+7,    -3.116150E-1,    2.838440E-1
1.341625E+7,    -2.868195E-1,    3.429718E-1
1.342250E+7,    -2.445984E-1,    3.917389E-1
1.342875E+7,    -1.937408E-1,    4.339905E-1
1.343500E+7,    -1.371155E-1,    4.618683E-1
1.344125E+7,    -7.849121E-2,    4.693298E-1
1.344750E+7,    -2.267456E-2,    4.738464E-1
1.345375E+7,    2.655029E-2,    4.671936E-1
1.346000E+7,    7.250977E-2,    4.540405E-1
1.346625E+7,    1.123657E-1,    4.417114E-1
1.347250E+7,    1.482544E-1,    4.296265E-1
1.347875E+7,    1.787109E-1,    4.096680E-1
1.348500E+7,    2.058105E-1,    3.876953E-1
1.349125E+7,    2.315979E-1,    3.699036E-1
1.349750E+7,    2.577820E-1,    3.522644E-1
1.350375E+7,    2.851562E-1,    3.370056E-1
1.351000E+7,    3.078613E-1,    3.160400E-1
1.351625E+7,    3.322144E-1,    2.942200E-1
1.352250E+7,    3.579712E-1,    2.709351E-1
1.352875E+7,    3.841553E-1,    2.451172E-1
1.353500E+7,    4.111328E-1,    2.155457E-1
1.354125E+7,    4.358215E-1,    1.798706E-1
1.354750E+7,    4.594421E-1,    1.384277E-1
1.355375E+7,    4.777527E-1,    9.082031E-2
1.356000E+7,    4.889832E-1,    3.726196E-2
1.356625E+7,    4.898071E-1,    -2.088928E-2
1.357250E+7,    4.795532E-1,    -8.090210E-2
1.357875E+7,    4.575806E-1,    -1.391907E-1
1.358500E+7,    4.234619E-1,    -1.907959E-1
1.359125E+7,    3.801270E-1,    -2.315674E-1
1.359750E+7,    3.322449E-1,    -2.610779E-1
1.360375E+7,    2.828674E-1,    -2.787476E-1
1.361000E+7,    2.353210E-1,    -2.852173E-1
1.361625E+7,    1.929932E-1,    -2.840271E-1
1.362250E+7,    1.558533E-1,    -2.780457E-1
1.362875E+7,    1.236877E-1,    -2.678528E-1
1.363500E+7,    9.729004E-2,    -2.544250E-1
1.364125E+7,    7.571411E-2,    -2.412262E-1
1.364750E+7,    5.761719E-2,    -2.270966E-1
1.365375E+7,    4.299927E-2,    -2.133179E-1
1.366000E+7,    3.096008E-2,    -2.005310E-1
1.366625E+7,    2.104187E-2,    -1.884918E-1
1.367250E+7,    1.301575E-2,    -1.772919E-1
1.367875E+7,    6.561279E-3,    -1.665039E-1
1.368500E+7,    1.327515E-3,    -1.563721E-1
1.369125E+7,    -2.944946E-3,    -1.471100E-1
1.369750E+7,    -6.149292E-3,    -1.385651E-1
1.370375E+7,    -9.597778E-3,    -1.310730E-1
1.371000E+7,    -1.153564E-2,    -1.242218E-1
1.371625E+7,    -1.379395E-2,    -1.175079E-1
1.372250E+7,    -1.528931E-2,    -1.118927E-1
1.372875E+7,    -1.666260E-2,    -1.062927E-1
1.373500E+7,    -1.759338E-2,    -1.015930E-1
1.374125E+7,    -1.857758E-2,    -9.680939E-2
1.374750E+7,    -1.945496E-2,    -9.246063E-2
1.375375E+7,    -2.001953E-2,    -8.866119E-2
1.376000E+7,    -2.027893E-2,    -8.509064E-2
1.376625E+7,    -2.080536E-2,    -8.187866E-2
1.377250E+7,    -2.108002E-2,    -7.877350E-2
1.377875E+7,    -2.136230E-2,    -7.598877E-2
1.378500E+7,    -2.165985E-2,    -7.315063E-2
1.379125E+7,    -2.175140E-2,    -7.076263E-2
1.379750E+7,    -2.187347E-2,    -6.847382E-2
1.380375E+7,    -2.203369E-2,    -6.636810E-2
1.381000E+7,    -2.210236E-2,    -6.433868E-2
1.381625E+7,    -2.215576E-2,    -6.255341E-2
1.382250E+7,    -2.220154E-2,    -6.080627E-2
1.382875E+7,    -2.235413E-2,    -5.925751E-2
1.383500E+7,    -2.236176E-2,    -5.779266E-2
1.384125E+7,    -2.243805E-2,    -5.638885E-2
1.384750E+7,    -2.256012E-2,    -5.507660E-2
1.385375E+7,    -2.262878E-2,    -5.393982E-2
1.386000E+7,    -2.277374E-2,    -5.283356E-2
1.386625E+7,    -2.289581E-2,    -5.184937E-2
1.387250E+7,    -2.297974E-2,    -5.092621E-2
1.387875E+7,    -2.310181E-2,    -4.999542E-2
1.388500E+7,    -2.327728E-2,    -4.931641E-2
1.389125E+7,    -2.340698E-2,    -4.856110E-2
1.389750E+7,    -2.367401E-2,    -4.792023E-2
1.390375E+7,    -2.384949E-2,    -4.733276E-2
1.391000E+7,    -2.415466E-2,    -4.683685E-2
1.391625E+7,    -2.446747E-2,    -4.637146E-2
1.392250E+7,    -2.474976E-2,    -4.598236E-2
1.392875E+7,    -2.518463E-2,    -4.568481E-2
1.393500E+7,    -2.561951E-2,    -4.541779E-2
1.394125E+7,    -2.608109E-2,    -4.524994E-2
1.394750E+7,    -2.659607E-2,    -4.512405E-2
1.395375E+7,    -2.716446E-2,    -4.504013E-2
1.396000E+7,    -2.783966E-2,    -4.507446E-2
1.396625E+7,    -2.859879E-2,    -4.510117E-2
1.397250E+7,    -2.946854E-2,    -4.522324E-2
1.397875E+7,    -3.042984E-2,    -4.545975E-2
1.398500E+7,    -3.149414E-2,    -4.574203E-2
1.399125E+7,    -3.279877E-2,    -4.613876E-2
1.399750E+7,    -3.415680E-2,    -4.659271E-2
1.400375E+7,    -3.577042E-2,    -4.711151E-2
1.401000E+7,    -3.763580E-2,    -4.780197E-2
1.401625E+7,    -3.974533E-2,    -4.850388E-2
1.402250E+7,    -4.220963E-2,    -4.920197E-2
1.402875E+7,    -4.513550E-2,    -5.007935E-2
1.403500E+7,    -4.865646E-2,    -5.101013E-2
1.404125E+7,    -5.271149E-2,    -5.197525E-2
1.404750E+7,    -5.760956E-2,    -5.277252E-2
1.405375E+7,    -6.373215E-2,    -5.342865E-2
1.406000E+7,    -7.101059E-2,    -5.353928E-2
1.406625E+7,    -7.994080E-2,    -5.287933E-2
1.407250E+7,    -9.099579E-2,    -5.056763E-2
1.407875E+7,    -1.042328E-1,    -4.555511E-2
1.408500E+7,    -1.196365E-1,    -3.603363E-2
1.409125E+7,    -1.349792E-1,    -1.908112E-2
1.409750E+7,    -1.462936E-1,    6.843567E-3
1.410375E+7,    -1.472321E-1,    4.004669E-2
1.411000E+7,    -1.323242E-1,    7.302094E-2
1.411625E+7,    -1.045227E-1,    9.518433E-2
1.412250E+7,    -7.427216E-2,    1.030273E-1
1.412875E+7,    -4.839325E-2,    9.983063E-2
1.413500E+7,    -2.970123E-2,    9.130859E-2
1.414125E+7,    -1.694489E-2,    8.094025E-2
1.414750E+7,    -8.674622E-3,    7.147217E-2
1.415375E+7,    -3.250122E-3,    6.303406E-2
1.416000E+7,    2.861023E-4,    5.557251E-2
1.416625E+7,    2.517700E-3,    4.936981E-2
1.417250E+7,    4.001617E-3,    4.396820E-2
1.417875E+7,    4.928589E-3,    3.945160E-2
1.418500E+7,    5.504608E-3,    3.549194E-2
1.419125E+7,    5.802155E-3,    3.216553E-2
1.419750E+7,    5.931854E-3,    2.925873E-2
1.420375E+7,    5.924225E-3,    2.666473E-2
1.421000E+7,    5.915642E-3,    2.447224E-2
1.421625E+7,    5.832672E-3,    2.247334E-2
1.422250E+7,    5.685806E-3,    2.073193E-2
1.422875E+7,    5.508423E-3,    1.918316E-2
1.423500E+7,    5.357742E-3,    1.777840E-2
1.424125E+7,    5.197525E-3,    1.651669E-2
1.424750E+7,    4.997253E-3,    1.539421E-2
1.425375E+7,    4.824638E-3,    1.440620E-2
1.426000E+7,    4.683495E-3,    1.343346E-2
1.426625E+7,    4.447937E-3,    1.261711E-2
1.427250E+7,    4.285812E-3,    1.183891E-2
1.427875E+7,    4.123211E-3,    1.112938E-2
1.428500E+7,    3.974915E-3,    1.046658E-2
1.429125E+7,    3.810406E-3,    9.869099E-3
1.429750E+7,    3.658772E-3,    9.341717E-3
1.430375E+7,    3.531456E-3,    8.819580E-3
1.431000E+7,    3.394604E-3,    8.359909E-3
1.431625E+7,    3.263950E-3,    7.928848E-3
1.432250E+7,    3.149033E-3,    7.496834E-3
1.432875E+7,    3.022671E-3,    7.122040E-3
1.433500E+7,    2.895355E-3,    6.791115E-3
1.434125E+7,    2.802849E-3,    6.450653E-3
1.434750E+7,    2.716064E-3,    6.125927E-3
1.435375E+7,    2.601147E-3,    5.834103E-3
1.436000E+7,    2.521038E-3,    5.547523E-3
1.436625E+7,    2.410173E-3,    5.315065E-3
1.437250E+7,    2.358198E-3,    5.067348E-3
1.437875E+7,    2.249002E-3,    4.846811E-3
1.438500E+7,    2.167463E-3,    4.644394E-3
1.439125E+7,    2.104998E-3,    4.450321E-3
1.439750E+7,    2.022743E-3,    4.240751E-3
1.440375E+7,    1.976013E-3,    4.065514E-3
1.441000E+7,    1.890659E-3,    3.887892E-3
1.441625E+7,    1.796007E-3,    3.712654E-3
1.442250E+7,    1.756191E-3,    3.571987E-3
1.442875E+7,    1.706362E-3,    3.453493E-3
1.443500E+7,    1.662254E-3,    3.292561E-3
1.444125E+7,    1.604319E-3,    3.191710E-3
1.444750E+7,    1.557827E-3,    3.041506E-3
1.445375E+7,    1.491070E-3,    2.925634E-3
1.446000E+7,    1.449823E-3,    2.797604E-3
1.446625E+7,    1.387835E-3,    2.686024E-3
1.447250E+7,    1.350880E-3,    2.603292E-3
1.447875E+7,    1.324415E-3,    2.500892E-3
1.448500E+7,    1.271725E-3,    2.422333E-3
1.449125E+7,    1.214743E-3,    2.328634E-3
1.449750E+7,    1.185060E-3,    2.221823E-3
1.450375E+7,    1.147151E-3,    2.146721E-3
1.451000E+7,    1.131535E-3,    2.070308E-3
1.451625E+7,    1.093149E-3,    2.015352E-3
1.452250E+7,    1.058340E-3,    1.944304E-3
1.452875E+7,    1.001716E-3,    1.862764E-3
1.453500E+7,    1.001477E-3,    1.813412E-3
1.454125E+7,    9.580851E-4,    1.775622E-3
1.454750E+7,    9.344816E-4,    1.706839E-3
1.455375E+7,    9.034872E-4,    1.636863E-3
1.456000E+7,    8.860826E-4,    1.553178E-3
1.456625E+7,    8.513927E-4,    1.529455E-3
1.457250E+7,    8.485317E-4,    1.463413E-3
1.457875E+7,    8.037090E-4,    1.412034E-3
1.458500E+7,    7.836819E-4,    1.387239E-3
1.459125E+7,    7.666349E-4,    1.327753E-3
1.459750E+7,    7.581711E-4,    1.304269E-3
1.460375E+7,    7.014275E-4,    1.277089E-3
1.461000E+7,    6.996393E-4,    1.213372E-3
1.461625E+7,    6.789565E-4,    1.195312E-3
1.462250E+7,    6.812811E-4,    1.137614E-3
1.462875E+7,    6.530285E-4,    1.089990E-3
1.463500E+7,    6.073713E-4,    1.068413E-3
1.464125E+7,    6.027222E-4,    1.046956E-3
1.464750E+7,    6.044507E-4,    1.007617E-3
1.465375E+7,    5.769134E-4,    1.010895E-3
1.466000E+7,    5.666018E-4,    9.524822E-4
1.466625E+7,    5.440116E-4,    9.159446E-4
1.467250E+7,    5.310178E-4,    9.013414E-4
1.467875E+7,    5.190969E-4,    8.726716E-4
1.468500E+7,    5.059838E-4,    8.603334E-4
1.469125E+7,    4.794598E-4,    8.205175E-4
1.469750E+7,    4.869699E-4,    7.825494E-4
1.470375E+7,    4.698038E-4,    7.628798E-4
1.471000E+7,    4.653931E-4,    7.591844E-4
1.471625E+7,    4.432797E-4,    7.121563E-4
1.472250E+7,    4.358888E-4,    7.243156E-4
1.472875E+7,    4.402399E-4,    6.934404E-4
1.473500E+7,    4.271865E-4,    6.598234E-4
1.474125E+7,    3.980398E-4,    6.361008E-4
1.474750E+7,    4.092455E-4,    6.589890E-4
1.475375E+7,    3.874302E-4,    6.300807E-4
1.476000E+7,    3.580451E-4,    6.056130E-4
1.476625E+7,    3.798306E-4,    5.653799E-4
1.477250E+7,    3.635287E-4,    5.608499E-4
1.477875E+7,    3.430843E-4,    5.397499E-4
1.478500E+7,    3.148913E-4,    5.388856E-4
1.479125E+7,    3.090203E-4,    5.281568E-4
1.479750E+7,    3.291965E-4,    5.089343E-4
1.480375E+7,    3.202856E-4,    5.000234E-4
1.481000E+7,    3.275275E-4,    4.774034E-4
1.481625E+7,    2.918541E-4,    4.540980E-4
1.482250E+7,    3.038943E-4,    4.776418E-4
1.482875E+7,    2.790391E-4,    4.414320E-4
1.483500E+7,    3.047287E-4,    4.529953E-4
1.484125E+7,    2.774596E-4,    4.248023E-4
1.484750E+7,    2.793372E-4,    4.018545E-4
1.485375E+7,    2.499223E-4,    4.094243E-4
1.486000E+7,    2.554953E-4,    4.249513E-4
1.486625E+7,    2.516806E-4,    3.714263E-4
1.487250E+7,    2.520382E-4,    3.715456E-4
1.487875E+7,    2.269447E-4,    3.504455E-4
1.488500E+7,    2.205372E-4,    3.334582E-4
1.489125E+7,    2.123713E-4,    3.616512E-4
1.489750E+7,    2.335906E-4,    3.338754E-4
1.490375E+7,    2.222359E-4,    3.168583E-4
1.491000E+7,    2.293289E-4,    3.246069E-4
1.491625E+7,    2.129376E-4,    2.921522E-4
1.492250E+7,    1.889318E-4,    3.101975E-4
1.492875E+7,    1.757741E-4,    3.071278E-4
1.493500E+7,    2.043247E-4,    2.730936E-4
1.494125E+7,    1.888424E-4,    2.783835E-4
1.494750E+7,    1.781285E-4,    2.545863E-4
1.495375E+7,    1.651794E-4,    2.515614E-4
1.496000E+7,    1.776814E-4,    2.456158E-4
1.496625E+7,    2.012402E-4,    2.701283E-4
1.497250E+7,    1.507401E-4,    2.341121E-4
1.497875E+7,    1.682341E-4,    2.501756E-4
1.498500E+7,    1.519769E-4,    2.399981E-4
1.499125E+7,    1.663566E-4,    2.485812E-4
1.499750E+7,    1.647770E-4,    2.042949E-4
1.500375E+7,    1.383871E-4,    2.147108E-4
1.501000E+7,    1.437068E-4,    2.074987E-4
1.501625E+7,    1.401156E-4,    2.076030E-4
1.502250E+7,    1.513362E-4,    2.154708E-4
1.502875E+7,    1.360029E-4,    1.913309E-4
1.503500E+7,    1.321733E-4,    2.053529E-4
1.504125E+7,    1.377165E-4,    1.909286E-4
1.504750E+7,    1.333356E-4,    1.676381E-4
1.505375E+7,    1.399070E-4,    1.829863E-4
1.506000E+7,    1.368523E-4,    1.748800E-4
1.506625E+7,    1.086742E-4,    1.644939E-4
1.507250E+7,    1.107901E-4,    1.425594E-4
1.507875E+7,    1.244098E-4,    1.649261E-4
1.508500E+7,    1.068860E-4,    1.555979E-4
1.509125E+7,    9.015948E-5,    1.394004E-4
1.509750E+7,    1.118928E-4,    1.480132E-4
1.510375E+7,    8.612126E-5,    1.534596E-4
1.511000E+7,    1.170635E-4,    1.399964E-4
1.511625E+7,    7.652491E-5,    1.446307E-4
1.512250E+7,    9.609014E-5,    1.309067E-4
1.512875E+7,    7.719547E-5,    1.441911E-4
1.513500E+7,    8.620322E-5,    1.221299E-4
1.514125E+7,    1.008362E-4,    1.300350E-4
1.514750E+7,    7.915497E-5,    1.285896E-4
1.515375E+7,    9.112805E-5,    1.215413E-4
1.516000E+7,    1.100898E-4,    1.220703E-4
1.516625E+7,    9.199977E-5,    1.138449E-4
1.517250E+7,    8.434802E-5,    1.354367E-4
1.517875E+7,    8.594245E-5,    9.816140E-5
1.518500E+7,    8.599460E-5,    1.128763E-4
1.519125E+7,    7.120520E-5,    1.197383E-4
1.519750E+7,    8.699298E-5,    9.763241E-5
1.520375E+7,    7.247180E-5,    1.046360E-4
1.521000E+7,    8.419901E-5,    8.989871E-5
1.521625E+7,    6.952882E-5,    1.047328E-4
1.522250E+7,    7.799268E-5,    9.742379E-5
1.522875E+7,    7.453561E-5,    8.225441E-5
1.523500E+7,    6.349385E-5,    1.118630E-4
1.524125E+7,    6.751716E-5,    9.684265E-5
1.524750E+7,    7.162243E-5,    8.191168E-5
1.525375E+7,    6.127357E-5,    9.902567E-5
1.526000E+7,    6.816536E-5,    8.524209E-5
1.526625E+7,    5.052984E-5,    8.957833E-5
1.527250E+7,    6.065518E-5,    8.609146E-5
1.527875E+7,    4.655123E-5,    1.002848E-4
1.528500E+7,    5.976111E-5,    7.269531E-5
1.529125E+7,    6.878376E-5,    7.217377E-5
1.529750E+7,    5.641952E-5,    6.244332E-5
1.530375E+7,    4.488975E-5,    6.965175E-5
1.531000E+7,    5.941093E-5,    7.599592E-5
1.531625E+7,    6.208569E-5,    6.853044E-5
1.532250E+7,    5.941838E-5,    7.476658E-5
1.532875E+7,    6.226450E-5,    6.756186E-5
1.533500E+7,    2.805889E-5,    5.369261E-5
1.534125E+7,    5.416572E-5,    7.314980E-5
1.534750E+7,    6.843731E-5,    4.075095E-5
1.535375E+7,    6.572157E-5,    6.257743E-5
1.536000E+7,    4.144013E-5,    5.264580E-5
1.536625E+7,    4.798546E-5,    5.949289E-5
1.537250E+7,    4.935637E-5,    5.523860E-5
1.537875E+7,    5.652010E-5,    6.243959E-5
1.538500E+7,    2.951920E-5,    6.612390E-5
1.539125E+7,    5.256757E-5,    5.223230E-5
1.539750E+7,    5.607307E-5,    4.424155E-5
1.540375E+7,    3.781915E-5,    5.681068E-5
1.541000E+7,    3.776699E-5,    5.588681E-5
1.541625E+7,    4.047900E-5,    5.348027E-5
1.542250E+7,    5.355850E-5,    5.071610E-5
1.542875E+7,    5.608052E-5,    8.107722E-5
1.543500E+7,    2.164580E-5,    3.280118E-5
1.544125E+7,    3.017485E-5,    4.240498E-5
1.544750E+7,    4.156306E-5,    3.724173E-5
1.545375E+7,    1.001731E-5,    4.966930E-5
1.546000E+7,    4.857033E-5,    4.949793E-5
1.546625E+7,    4.241616E-5,    3.191456E-5
1.547250E+7,    1.316145E-5,    4.016049E-5
1.547875E+7,    4.469976E-5,    5.063415E-5
1.548500E+7,    2.072565E-5,    4.136004E-5
1.549125E+7,    6.575137E-6,    6.022677E-5
1.549750E+7,    5.376711E-5,    3.532320E-5
1.550375E+7,    1.540408E-5,    3.887154E-5
1.551000E+7,    3.596768E-5,    3.507361E-5
1.551625E+7,    5.426258E-5,    3.094971E-5
1.552250E+7,    2.364442E-5,    7.573515E-6
1.552875E+7,    3.853068E-5,    4.717335E-5
1.553500E+7,    2.276339E-5,    3.639795E-5
1.554125E+7,    2.487376E-5,    4.420802E-5
1.554750E+7,    4.357100E-5,    4.897267E-5
1.555375E+7,    2.212543E-5,    1.098029E-6
1.556000E+7,    6.719492E-6,    1.276843E-5
1.556625E+7,    9.641051E-6,    3.915466E-5
1.557250E+7,    1.010299E-5,    3.333017E-5
1.557875E+7,    5.513057E-5,    3.895164E-5
1.558500E+7,    2.251938E-5,    1.044944E-5
1.559125E+7,    3.618747E-5,    2.254546E-5
1.559750E+7,    6.769784E-6,    6.023794E-6
1.560375E+7,    1.347251E-5,    1.191068E-5
1.561000E+7,    1.421198E-5,    4.147552E-5
1.561625E+7,    4.354864E-5,    2.823770E-5
1.562250E+7,    1.465064E-5,    7.868744E-6
1.562875E+7,    2.571195E-5,    3.182702E-5
1.563500E+7,    2.990849E-5,    1.155026E-5
1.564125E+7,    9.510666E-6,    2.643839E-5
1.564750E+7,    1.872331E-5,    2.047233E-5
1.565375E+7,    3.134459E-5,    3.529340E-5
1.566000E+7,    2.984889E-6,    2.037920E-5
1.566625E+7,    1.736358E-5,    2.774782E-5
1.567250E+7,    -6.012619E-6,    2.626330E-5
1.567875E+7,    1.646578E-5,    3.123842E-5
1.568500E+7,    1.327787E-5,    1.079869E-5
1.569125E+7,    5.833339E-6,    9.113457E-6
1.569750E+7,    3.652088E-5,    1.179427E-5
1.570375E+7,    5.854294E-6,    9.060372E-6
1.571000E+7,    2.147816E-5,    8.419156E-6
1.571625E+7,    5.113892E-6,    1.267530E-5
1.572250E+7,    2.909824E-5,    9.844080E-6
1.572875E+7,    1.784414E-5,    2.685748E-5
1.573500E+7,    4.515983E-6,    1.634657E-5
1.574125E+7,    1.198240E-5,    1.772679E-5
1.574750E+7,    1.790002E-6,    3.120303E-5
1.575375E+7,    1.883693E-5,    2.280809E-5
1.576000E+7,    -6.841728E-7,    3.720517E-6
1.576625E+7,    1.352280E-6,    3.497861E-5
1.577250E+7,    2.240296E-5,    3.963709E-6
1.577875E+7,    2.790429E-5,    1.640804E-5
1.578500E+7,    6.205868E-6,    8.753035E-6
1.579125E+7,    1.057051E-5,    2.869405E-5
1.579750E+7,    2.179760E-5,    7.472932E-6
1.580375E+7,    2.119318E-5,    1.105666E-5
1.581000E+7,    2.638437E-5,    2.709031E-5
1.581625E+7,    3.984198E-6,    2.351124E-5
1.582250E+7,    8.022413E-6,    -2.593733E-6
1.582875E+7,    1.156330E-5,    2.455339E-5
1.583500E+7,    1.437124E-5,    5.910173E-6
1.584125E+7,    1.386926E-5,    9.572133E-6
1.584750E+7,    1.340918E-5,    1.323782E-5
1.585375E+7,    5.965121E-6,    1.218915E-5
1.586000E+7,    -4.960457E-7,    3.728434E-6
1.586625E+7,    1.347438E-5,    1.313910E-5
1.587250E+7,    -2.330169E-6,    1.865067E-5
1.587875E+7,    7.016119E-6,    4.638918E-6
1.588500E+7,    7.021707E-6,    4.614703E-6
1.589125E+7,    1.493935E-5,    1.722947E-6
1.589750E+7,    -7.878058E-6,    2.882443E-6
1.590375E+7,    -2.839603E-6,    2.611335E-5
1.591000E+7,    3.945315E-7,    -3.731111E-6
1.591625E+7,    -9.006821E-6,    1.415005E-5
1.592250E+7,    6.340444E-6,    1.194049E-5
1.592875E+7,    -1.669861E-5,    1.720898E-5
1.593500E+7,    2.237223E-5,    2.064742E-6
1.594125E+7,    -1.525274E-5,    2.373941E-6
1.594750E+7,    5.551614E-6,    2.299529E-5
1.595375E+7,    1.558103E-6,    -1.864042E-5
1.596000E+7,    -2.090633E-5,    -2.042577E-5
1.596625E+7,    6.895512E-6,    8.031726E-6
1.597250E+7,    8.010305E-6,    -6.922986E-6
1.597875E+7,    6.712042E-6,    1.172069E-5
1.598500E+7,    1.565833E-5,    -1.025107E-5
1.599125E+7,    2.147444E-5,    1.635589E-5
1.599750E+7,    1.494028E-5,    8.819625E-7
1.600375E+7,    7.914007E-5,    5.708635E-5
1.601000E+7,    1.274124E-4,    2.630055E-6
1.601625E+7,    -3.010780E-5,    7.943809E-5
1.602250E+7,    1.243725E-4,    7.696450E-6
1.602875E+7,    1.982786E-5,    -4.180893E-5
1.603500E+7,    -4.008412E-5,    6.296858E-5
1.604125E+7,    2.175570E-6,    -4.622899E-5
1.604750E+7,    -9.793043E-5,    -3.853440E-5
1.605375E+7,    5.965680E-5,    3.454462E-5
1.606000E+7,    6.053410E-5,    1.130626E-6
1.606625E+7,    -1.294240E-4,    -9.609014E-5
1.607250E+7,    -1.154207E-4,    4.207715E-5
1.607875E+7,    2.337713E-5,    -2.597459E-5
1.608500E+7,    2.656132E-5,    -1.057386E-4
1.609125E+7,    -7.424504E-5,    1.162551E-4
1.609750E+7,    5.228817E-5,    6.743893E-5
1.610375E+7,    -1.631230E-4,    -3.268570E-5
1.611000E+7,    -5.502254E-5,    -4.193559E-5
1.611625E+7,    -3.796071E-5,    -1.537874E-4
1.612250E+7,    8.264184E-5,    -1.190603E-5
1.612875E+7,    -5.880184E-5,    6.690621E-6
1.613500E+7,    4.696101E-5,    4.375726E-5
1.614125E+7,    7.502735E-6,    6.274879E-5
1.614750E+7,    -5.898252E-5,    -3.725290E-6
1.615375E+7,    -1.914892E-5,    -2.034940E-6
1.616000E+7,    1.102965E-5,    -6.572809E-6
1.616625E+7,    -2.399087E-6,    4.624762E-5
1.617250E+7,    4.296377E-5,    -3.118068E-6
1.617875E+7,    1.897849E-5,    -8.287840E-6
1.618500E+7,    -5.279481E-5,    -1.347065E-5
1.619125E+7,    -2.145767E-6,    6.692484E-5
1.619750E+7,    -1.553795E-6,    2.416316E-6
1.620375E+7,    7.107854E-5,    5.944073E-5
1.621000E+7,    5.193055E-6,    -7.185712E-5
1.621625E+7,    -7.752329E-6,    -8.357316E-5
1.622250E+7,    4.469790E-5,    4.865229E-6
1.622875E+7,    3.741682E-5,    4.798174E-5
1.623500E+7,    3.092736E-5,    -5.865097E-5
1.624125E+7,    -7.521361E-6,    -7.321313E-5
1.624750E+7,    -2.805144E-5,    -6.254017E-5
1.625375E+7,    1.037531E-4,    8.769333E-6
1.626000E+7,    -6.057136E-5,    -1.473352E-6
1.626625E+7,    3.740564E-5,    4.805624E-5
1.627250E+7,    5.605817E-5,    1.904368E-5
1.627875E+7,    -7.083267E-5,    -4.913658E-5
1.628500E+7,    -2.969522E-6,    1.517497E-5
1.629125E+7,    -2.821721E-5,    3.307872E-5
1.629750E+7,    -1.031756E-4,    -8.378178E-5
1.630375E+7,    -3.957190E-5,    1.888722E-5
1.631000E+7,    4.079193E-5,    6.397441E-5
1.631625E+7,    -5.628541E-5,    -3.983453E-5
1.632250E+7,    -7.824227E-5,    -6.083399E-6
1.632875E+7,    2.481788E-5,    6.731600E-5
1.633500E+7,    -1.289025E-4,    8.769333E-6
1.634125E+7,    1.759641E-5,    4.535541E-6
1.634750E+7,    8.437783E-7,    -5.416945E-5
1.635375E+7,    -3.471226E-5,    -9.431690E-5
1.636000E+7,    4.049391E-6,    -5.901419E-5
1.636625E+7,    -5.643815E-5,    -5.021691E-5
1.637250E+7,    -3.036670E-5,    -5.986542E-6
1.637875E+7,    -1.784600E-5,    -2.527423E-5
1.638500E+7,    1.767278E-5,    -1.118109E-4
1.639125E+7,    -8.187443E-5,    -4.281849E-5
1.639750E+7,    -8.586794E-6,    -5.015917E-5
1.640375E+7,    3.201514E-5,    -1.232177E-4
1.641000E+7,    -7.876754E-5,    -4.768372E-5
1.641625E+7,    2.230611E-5,    -2.656132E-6
1.642250E+7,    1.792237E-5,    -1.014881E-4
1.642875E+7,    1.556128E-4,    7.712096E-5
1.643500E+7,    -1.639128E-5,    -3.807433E-5
1.644125E+7,    -6.860122E-6,    -4.221685E-5
1.644750E+7,    -5.532056E-7,    -5.188026E-5
1.645375E+7,    -3.062189E-5,    1.103170E-4
1.646000E+7,    2.374686E-5,    -1.541339E-5
1.646625E+7,    -3.666431E-5,    3.619120E-6
1.647250E+7,    -1.760479E-5,    -4.608184E-6
1.647875E+7,    2.881140E-5,    8.456409E-6
1.648500E+7,    1.064874E-5,    -4.796311E-5
1.649125E+7,    -4.490465E-5,    -2.584234E-5
1.649750E+7,    1.207739E-5,    8.687377E-5
1.650375E+7,    1.917686E-5,    2.180226E-6
1.651000E+7,    8.048117E-5,    6.626546E-5
1.651625E+7,    -1.103338E-5,    1.688022E-5
1.652250E+7,    -2.821535E-5,    5.370192E-5
1.652875E+7,    -7.137284E-5,    5.658343E-5
1.653500E+7,    1.029298E-5,    -8.953735E-5
1.654125E+7,    6.226823E-5,    -5.885959E-7
1.654750E+7,    1.345575E-5,    7.416308E-5
1.655375E+7,    -1.595262E-5,    3.342517E-6
1.656000E+7,    -5.150214E-5,    -4.747882E-5
1.656625E+7,    -6.396556E-6,    -7.434282E-7
1.657250E+7,    -5.610287E-6,    -8.624047E-5
1.657875E+7,    4.352629E-5,    3.876910E-5
1.658500E+7,    -7.489696E-5,    3.020838E-5
1.659125E+7,    2.101995E-5,    3.100000E-5
1.659750E+7,    -2.245232E-5,    -7.804483E-6
1.660375E+7,    4.026294E-5,    4.361942E-5
1.661000E+7,    -5.068630E-5,    5.632825E-5
1.661625E+7,    -3.492087E-5,    3.224239E-5
1.662250E+7,    -4.383177E-5,    -9.077042E-5
1.662875E+7,    -5.641207E-5,    -6.113946E-5
1.663500E+7,    -2.395082E-5,    4.979782E-6
1.664125E+7,    -5.146489E-5,    -3.723428E-5
1.664750E+7,    -3.017299E-5,    3.540702E-5
1.665375E+7,    -2.827644E-4,    -1.476705E-4
1.666000E+7,    3.581867E-6,    5.754270E-5
1.666625E+7,    3.058650E-5,    2.699159E-5
1.667250E+7,    -1.592748E-5,    1.369417E-5
1.667875E+7,    -9.423867E-5,    1.744181E-5
1.668500E+7,    7.754564E-5,    -1.284108E-4
1.669125E+7,    2.333149E-5,    -9.843707E-5
1.669750E+7,    1.258403E-5,    -4.007667E-5
1.670375E+7,    -9.406731E-5,    5.897507E-5
1.671000E+7,    -1.802295E-5,    -7.751957E-5
1.671625E+7,    -6.863102E-5,    3.080815E-5
1.672250E+7,    4.006550E-5,    1.258031E-5
1.672875E+7,    3.422052E-5,    1.055598E-4
1.673500E+7,    2.881512E-5,    -1.769513E-6
1.674125E+7,    1.359731E-7,    3.118813E-5
1.674750E+7,    4.773727E-6,    -7.230323E-6
1.675375E+7,    -2.016872E-5,    1.043044E-4
1.676000E+7,    1.021884E-4,    -6.060302E-5
1.676625E+7,    -4.630536E-6,    3.848225E-5
1.677250E+7,    4.298054E-5,    -5.467609E-5
1.677875E+7,    -4.804693E-5,    -5.569309E-7
1.678500E+7,    -2.579577E-5,    -3.437512E-5
1.679125E+7,    5.627051E-5,    4.064664E-5
1.679750E+7,    -1.505949E-6,    2.322998E-5
1.680375E+7,    -7.925555E-6,    2.246350E-5
1.681000E+7,    1.576170E-5,    -6.576255E-5
1.681625E+7,    2.694130E-5,    -7.224828E-5
1.682250E+7,    -4.331768E-5,    -7.843599E-6
1.682875E+7,    2.070516E-5,    -5.218759E-5
1.683500E+7,    -7.532910E-5,    -1.333654E-6
1.684125E+7,    -4.813820E-5,    -2.149865E-5
1.684750E+7,    6.414251E-6,    7.781200E-7
1.685375E+7,    4.830211E-5,    6.326661E-5
1.686000E+7,    1.447648E-5,    2.000108E-5
1.686625E+7,    1.280475E-5,    -8.848961E-6
1.687250E+7,    -4.001893E-5,    3.942102E-5
1.687875E+7,    -1.187921E-4,    -3.013760E-5
1.688500E+7,    -1.089945E-4,    3.876910E-5
1.689125E+7,    -5.917624E-5,    6.825477E-5
1.689750E+7,    4.333444E-5,    -2.471730E-6
1.690375E+7,    4.008040E-5,    -1.853332E-5
1.691000E+7,    7.233769E-5,    2.719834E-5
1.691625E+7,    -5.294196E-5,    -3.948808E-6
1.692250E+7,    1.765601E-5,    1.522526E-5
1.692875E+7,    2.557226E-5,    -4.901923E-5
1.693500E+7,    1.396984E-8,    2.087653E-5
1.694125E+7,    5.780160E-5,    1.757592E-5
1.694750E+7,    -3.374927E-5,    -1.564622E-6
1.695375E+7,    -8.027535E-6,    1.617242E-6
1.696000E+7,    5.617365E-5,    -6.345287E-5
1.696625E+7,    -1.429021E-4,    1.309067E-4
1.697250E+7,    2.249517E-5,    -1.283735E-5
1.697875E+7,    1.028776E-4,    6.504357E-5
1.698500E+7,    -3.854185E-5,    -8.839369E-5
1.699125E+7,    -4.179403E-5,    1.043826E-5
1.699750E+7,    6.919354E-5,    -1.349375E-4
1.700375E+7,    6.429106E-5,    -1.381487E-4
1.701000E+7,    6.587058E-5,    -3.622100E-5
1.701625E+7,    9.674579E-6,    -5.623884E-5
1.702250E+7,    3.047287E-5,    1.527667E-4
1.702875E+7,    -8.011237E-6,    -2.976507E-5
1.703500E+7,    -3.692508E-5,    -3.859773E-5
1.704125E+7,    -3.217347E-5,    6.403774E-6
1.704750E+7,    -9.807572E-5,    -2.018735E-5
1.705375E+7,    3.854185E-5,    3.620610E-5
1.706000E+7,    -4.705042E-6,    -6.594136E-5
1.706625E+7,    8.016825E-6,    1.931097E-5
1.707250E+7,    -2.874807E-5,    -9.256601E-5
1.707875E+7,    -2.721697E-5,    -7.403642E-5
1.708500E+7,    -2.252031E-5,    -8.079223E-6
1.709125E+7,    1.775566E-5,    -2.651569E-5
1.709750E+7,    3.549084E-5,    -3.207102E-5
1.710375E+7,    6.765500E-5,    -2.804026E-5
1.711000E+7,    -1.761317E-5,    -3.626011E-5
1.711625E+7,    -2.729706E-5,    -3.227033E-5
1.712250E+7,    6.438931E-6,    8.188654E-7
1.712875E+7,    -2.893806E-5,    -1.939945E-5
1.713500E+7,    -1.615565E-5,    2.409890E-5
1.714125E+7,    -2.091285E-5,    -5.308539E-8
1.714750E+7,    5.136430E-5,    4.845485E-5
1.715375E+7,    1.550652E-6,    1.852028E-5
1.716000E+7,    3.556535E-5,    -4.263036E-5
1.716625E+7,    6.511807E-6,    -2.011191E-5
1.717250E+7,    -4.191324E-5,    2.080202E-5
1.717875E+7,    7.236376E-5,    2.761930E-5
1.718500E+7,    8.198619E-5,    5.503744E-5
1.719125E+7,    -3.367662E-5,    -3.315881E-5
1.719750E+7,    -1.765974E-5,    -1.539662E-5
1.720375E+7,    -1.446716E-5,    -9.731390E-6
1.721000E+7,    1.738966E-5,    7.822365E-5
1.721625E+7,    -4.908070E-6,    1.770351E-5
1.722250E+7,    5.675107E-5,    -6.337836E-5
1.722875E+7,    -2.105348E-5,    2.085045E-5
1.723500E+7,    -2.419855E-5,    4.707836E-6
1.724125E+7,    2.405979E-5,    2.669357E-5
1.724750E+7,    3.458932E-6,    -4.673190E-5
1.725375E+7,    -2.072752E-5,    -4.202500E-5
1.726000E+7,    -1.771376E-5,    -4.946254E-6
1.726625E+7,    2.568215E-5,    2.432242E-5
1.727250E+7,    -2.410822E-5,    -1.625344E-5
1.727875E+7,    -2.432801E-5,    2.565701E-5
1.728500E+7,    2.571754E-5,    1.386739E-5
1.729125E+7,    -1.917593E-5,    -3.396906E-5
1.729750E+7,    -3.751367E-5,    7.636845E-5
1.730375E+7,    -2.133474E-5,    5.235709E-5
1.731000E+7,    2.398156E-5,    3.722124E-5
1.731625E+7,    -1.022071E-4,    -2.024770E-4
1.732250E+7,    6.295368E-5,    3.613532E-7
1.732875E+7,    -6.762519E-5,    -2.468377E-5
1.733500E+7,    -3.363565E-5,    -4.377961E-5
1.734125E+7,    -2.092030E-5,    -1.063105E-5
1.734750E+7,    5.808473E-5,    -2.868474E-6
1.735375E+7,    1.234412E-4,    1.186952E-4
1.736000E+7,    8.404255E-5,    -9.864569E-6
1.736625E+7,    -1.901388E-5,    -5.504489E-5
1.737250E+7,    -1.324341E-4,    8.679926E-6
1.737875E+7,    6.886572E-5,    -1.537800E-4
1.738500E+7,    -4.688278E-5,    6.921589E-6
1.739125E+7,    -8.738786E-5,    1.468509E-5
1.739750E+7,    3.873184E-5,    5.178154E-6
1.740375E+7,    -1.358613E-5,    8.229911E-5
1.741000E+7,    -1.309440E-6,    -3.961287E-5
1.741625E+7,    1.546927E-6,    8.090865E-6
1.742250E+7,    7.325783E-5,    -6.646663E-5
1.742875E+7,    -1.047999E-4,    -3.234297E-5
1.743500E+7,    -1.708418E-5,    1.080744E-4
1.744125E+7,    3.432110E-5,    -4.010648E-5
1.744750E+7,    -5.192868E-5,    2.460741E-5
1.745375E+7,    -3.712066E-5,    -7.588416E-6
1.746000E+7,    2.849847E-7,    -3.152154E-5
1.746625E+7,    2.294220E-5,    -3.376231E-5
1.747250E+7,    2.122391E-5,    -2.082903E-5
1.747875E+7,    -1.867488E-5,    1.000613E-4
1.748500E+7,    -6.460026E-5,    -8.650124E-6
1.749125E+7,    -1.795590E-5,    1.599733E-5
1.749750E+7,    -3.746338E-5,    2.390891E-5
1.750375E+7,    -6.919727E-5,    -4.351139E-5
1.751000E+7,    -5.498715E-5,    -2.175570E-6
1.751625E+7,    -6.245449E-5,    -6.375834E-5
1.752250E+7,    2.092123E-5,    1.073442E-5
1.752875E+7,    -5.425513E-5,    -7.583946E-5
1.753500E+7,    -6.455928E-5,    -1.925975E-5
1.754125E+7,    -1.250729E-4,    3.824383E-5
1.754750E+7,    6.150454E-6,    3.246590E-5
1.755375E+7,    -1.798104E-5,    1.599733E-5
1.756000E+7,    1.325738E-5,    -2.979953E-5
1.756625E+7,    -4.325807E-5,    -4.009157E-5
1.757250E+7,    1.021661E-5,    -4.604645E-5
1.757875E+7,    -2.103578E-5,    -2.523884E-7
1.758500E+7,    -1.825765E-5,    -9.746477E-5
1.759125E+7,    2.600066E-5,    -7.005408E-6
1.759750E+7,    -2.564304E-5,    -2.457574E-5
1.760375E+7,    -3.673136E-5,    -4.978105E-5
1.761000E+7,    2.076477E-5,    -1.131371E-4
1.761625E+7,    -3.185123E-5,    -4.652515E-5
1.762250E+7,    -6.734207E-5,    -5.666539E-5
1.762875E+7,    -8.456409E-5,    3.059953E-5
1.763500E+7,    1.854450E-5,    6.585568E-5
1.764125E+7,    9.509735E-6,    1.713727E-5
1.764750E+7,    -3.070757E-5,    -6.848946E-6
1.765375E+7,    -1.393557E-4,    -1.380444E-4
1.766000E+7,    1.928397E-5,    1.321360E-5
1.766625E+7,    -7.261708E-5,    -2.847612E-5
1.767250E+7,    5.292147E-5,    4.687533E-5
1.767875E+7,    -7.164478E-5,    -1.023337E-4
1.768500E+7,    9.340420E-5,    -7.411093E-5
1.769125E+7,    9.553134E-5,    -1.082085E-4
1.769750E+7,    4.253536E-5,    9.301305E-5
1.770375E+7,    -5.741417E-5,    -7.136911E-5
1.771000E+7,    -6.231293E-5,    -6.413832E-5
1.771625E+7,    -4.383922E-5,    -1.116246E-4
1.772250E+7,    2.251938E-6,    -4.460104E-5
1.772875E+7,    -1.295283E-5,    -1.802109E-6
1.773500E+7,    8.647889E-5,    8.068234E-5
1.774125E+7,    -5.151704E-5,    -2.830476E-5
1.774750E+7,    1.993403E-5,    8.459762E-5
1.775375E+7,    -1.503080E-4,    -5.000830E-5
1.776000E+7,    9.404495E-5,    7.901341E-6
1.776625E+7,    8.756667E-5,    1.205504E-4
1.777250E+7,    -3.887713E-5,    -5.470589E-6
1.777875E+7,    -5.413219E-5,    3.735349E-5
1.778500E+7,    -1.017600E-4,    -3.807247E-5
1.779125E+7,    3.335252E-5,    -5.874783E-5
1.779750E+7,    -7.402152E-6,    6.247684E-5
1.780375E+7,    -2.174266E-5,    4.189461E-5
1.781000E+7,    -4.623830E-5,    -5.671382E-5
1.781625E+7,    6.644987E-6,    -9.640120E-6
1.782250E+7,    -7.478148E-5,    -9.775907E-5
1.782875E+7,    -1.197159E-4,    -2.219528E-5
1.783500E+7,    3.990158E-5,    4.525855E-5
1.784125E+7,    3.860891E-5,    2.660230E-5
1.784750E+7,    5.867705E-5,    -1.287647E-5
1.785375E+7,    -2.795085E-5,    1.986884E-5
1.786000E+7,    1.612864E-5,    7.587485E-6
1.786625E+7,    -4.647672E-5,    5.695410E-5
1.787250E+7,    3.958680E-5,    -3.670715E-5
1.787875E+7,    -9.832159E-5,    4.957989E-5
1.788500E+7,    3.802776E-5,    -1.376048E-4
1.789125E+7,    -9.560585E-5,    -1.625717E-5
1.789750E+7,    1.947489E-5,    2.759509E-6
1.790375E+7,    -6.138533E-5,    -2.467632E-5
1.791000E+7,    -8.522533E-6,    2.262928E-5
1.791625E+7,    -4.252419E-6,    5.764142E-5
1.792250E+7,    -4.689395E-5,    -1.462922E-5
1.792875E+7,    -1.167506E-5,    1.686066E-5
1.793500E+7,    5.616806E-5,    -5.022995E-5
1.794125E+7,    -1.390576E-4,    -5.697459E-5
1.794750E+7,    -2.576970E-5,    -1.429580E-5
1.795375E+7,    -1.071952E-5,    -3.600493E-5
1.796000E+7,    6.551668E-5,    -2.241880E-5
1.796625E+7,    2.507865E-5,    -3.615022E-5
1.797250E+7,    6.854534E-7,    5.051866E-5
1.797875E+7,    2.242625E-5,    1.912937E-5
1.798500E+7,    2.437457E-5,    -8.665398E-5
1.799125E+7,    8.391589E-5,    -4.895777E-5
1.799750E+7,    -8.679926E-5,    -6.028265E-5
1.800375E+7,    -1.111533E-5,    -1.487881E-5
1.801000E+7,    -9.652227E-6,    -8.893013E-5
1.801625E+7,    -6.779283E-5,    -1.184270E-4
1.802250E+7,    8.003414E-5,    6.999075E-5
1.802875E+7,    -4.842877E-5,    -2.292916E-5
1.803500E+7,    2.849475E-5,    -4.093908E-5
1.804125E+7,    -4.193187E-5,    -1.042336E-4
1.804750E+7,    9.069592E-5,    -5.840883E-5
1.805375E+7,    -1.906417E-5,    -2.397224E-5
1.806000E+7,    -5.347282E-5,    -1.572073E-5
1.806625E+7,    -1.079217E-4,    -6.074458E-5
1.807250E+7,    1.131091E-5,    4.295260E-6
1.807875E+7,    -3.519654E-5,    -3.167614E-5
1.808500E+7,    -2.378970E-5,    -1.095980E-4
1.809125E+7,    1.154980E-5,    -6.283633E-6
1.809750E+7,    3.229454E-5,    -6.690249E-5
1.810375E+7,    -3.137439E-5,    -5.766749E-5
1.811000E+7,    -2.305489E-5,    1.254492E-5
1.811625E+7,    -1.344532E-4,    3.867596E-5
1.812250E+7,    5.584210E-6,    4.330277E-5
1.812875E+7,    -9.104609E-5,    -8.501112E-5
1.813500E+7,    2.188236E-5,    -3.131293E-5
1.814125E+7,    1.356155E-4,    -9.410083E-6
1.814750E+7,    -4.542619E-5,    6.516278E-5
1.815375E+7,    -1.804717E-5,    5.306676E-6
1.816000E+7,    -1.358613E-5,    -5.247816E-5
1.816625E+7,    6.146356E-5,    2.498925E-5
1.817250E+7,    5.489029E-5,    -4.773960E-5
1.817875E+7,    -4.906207E-5,    8.040294E-5
1.818500E+7,    -2.682209E-6,    -2.693012E-5
1.819125E+7,    2.408959E-5,    1.688115E-5
1.819750E+7,    -1.493562E-5,    1.109391E-5
1.820375E+7,    2.869964E-5,    -1.126416E-4
1.821000E+7,    1.444947E-5,    1.011230E-5
1.821625E+7,    1.280159E-4,    3.229082E-5
1.822250E+7,    -3.995374E-5,    -3.519282E-5
1.822875E+7,    1.735054E-5,    2.653524E-5
1.823500E+7,    -5.999953E-5,    -1.693889E-5
1.824125E+7,    8.180737E-6,    7.040426E-5
1.824750E+7,    7.936731E-6,    9.166077E-6
1.825375E+7,    -3.315508E-6,    -6.701797E-5
1.826000E+7,    -2.214313E-5,    -2.991781E-5
1.826625E+7,    -5.310215E-5,    3.461912E-5
1.827250E+7,    3.928132E-5,    -4.775822E-6
1.827875E+7,    1.668558E-5,    -8.526072E-5
1.828500E+7,    -3.648922E-6,    1.541991E-5
1.829125E+7,    -6.268546E-5,    -4.397705E-5
1.829750E+7,    -2.628751E-5,    6.726943E-6
1.830375E+7,    -2.619252E-5,    -6.516278E-5
1.831000E+7,    2.419762E-5,    -5.492009E-5
1.831625E+7,    -5.480647E-5,    3.698282E-5
1.832250E+7,    2.844259E-6,    1.640432E-5
1.832875E+7,    7.441640E-5,    2.717972E-5
1.833500E+7,    -2.618507E-5,    -6.520748E-5
1.834125E+7,    -1.952425E-5,    -2.937391E-6
1.834750E+7,    8.320436E-5,    4.526228E-6
1.835375E+7,    2.487842E-5,    -1.490768E-5
1.836000E+7,    3.024191E-5,    -3.273599E-5
1.836625E+7,    5.051494E-6,    -6.855652E-5
1.837250E+7,    6.540865E-5,    -7.636845E-7
1.837875E+7,    -4.808977E-5,    2.735108E-5
1.838500E+7,    -2.063438E-5,    3.955700E-5
1.839125E+7,    -5.973317E-5,    3.357045E-5
1.839750E+7,    -3.666617E-6,    1.543481E-5
1.840375E+7,    -4.701689E-5,    -1.511723E-5
1.841000E+7,    -1.332024E-5,    8.648261E-6
1.841625E+7,    1.274142E-5,    1.259893E-5
1.842250E+7,    4.251860E-5,    1.126900E-6
1.842875E+7,    -6.815419E-6,    -5.175173E-5
1.843500E+7,    -1.077540E-5,    -2.563372E-5
1.844125E+7,    -5.835108E-5,    4.172325E-5
1.844750E+7,    5.382113E-5,    -5.586818E-5
1.845375E+7,    -5.383044E-6,    1.785904E-5
1.846000E+7,    6.261840E-5,    -1.712143E-5
1.846625E+7,    6.175786E-5,    1.468882E-5
1.847250E+7,    3.138557E-5,    4.749000E-5
1.847875E+7,    -1.576692E-4,    1.860410E-5
1.848500E+7,    6.444752E-7,    -8.262694E-5
1.849125E+7,    -7.109344E-5,    -9.364635E-5
1.849750E+7,    8.328259E-5,    4.790723E-6
1.850375E+7,    -7.628463E-6,    -1.986977E-5
1.851000E+7,    -3.409013E-5,    4.814565E-5
1.851625E+7,    -3.932416E-5,    -5.671754E-5
1.852250E+7,    -2.628192E-5,    -5.480647E-5
1.852875E+7,    -1.524016E-5,    -3.970414E-5
1.853500E+7,    -7.268041E-6,    -9.197742E-5
1.854125E+7,    -6.376952E-5,    -1.821667E-6
1.854750E+7,    2.515875E-5,    3.597327E-5
1.855375E+7,    2.857298E-5,    3.114529E-5
1.856000E+7,    -2.015382E-6,    1.304410E-5