SAVED BY: 
TITLE: 
COMMENTS: 
DATE: 10/27/2020
TIME: 3:32 PM

STIMULUS, REAL, IMAGINARY

8.560000E+6,    -2.188981E-5,    -1.594797E-4
8.566250E+6,    9.462237E-7,    -1.556054E-4
8.572500E+6,    -1.821667E-5,    -1.651272E-4
8.578750E+6,    5.140901E-7,    -1.556128E-4
8.585000E+6,    -5.379319E-6,    -1.597330E-4
8.591250E+6,    -1.653284E-5,    -1.804754E-4
8.597500E+6,    -2.343208E-5,    -1.593530E-4
8.603750E+6,    -1.387298E-5,    -1.733005E-4
8.610000E+6,    -1.630932E-5,    -1.705214E-4
8.616250E+6,    -2.853572E-6,    -1.652315E-4
8.622500E+6,    -1.817197E-5,    -1.800954E-4
8.628750E+6,    -2.653897E-5,    -1.814365E-4
8.635000E+6,    -5.833805E-6,    -1.748726E-4
8.641250E+6,    -2.153218E-6,    -1.933575E-4
8.647500E+6,    -1.437962E-5,    -1.887158E-4
8.653750E+6,    -7.115304E-6,    -1.624152E-4
8.660000E+6,    -1.472980E-5,    -1.885816E-4
8.666250E+6,    -6.265938E-6,    -1.779497E-4
8.672500E+6,    -3.114343E-5,    -1.906529E-4
8.678750E+6,    5.498528E-6,    -1.826659E-4
8.685000E+6,    -2.965331E-6,    -1.708865E-4
8.691250E+6,    2.592802E-6,    -1.924336E-4
8.697500E+6,    -2.107769E-5,    -1.701042E-4
8.703750E+6,    -5.848706E-6,    -1.681745E-4
8.710000E+6,    -6.549060E-6,    -1.682416E-4
8.716250E+6,    -1.125038E-6,    -1.769513E-4
8.722500E+6,    1.425296E-5,    -1.750588E-4
8.728750E+6,    -2.299249E-5,    -1.699775E-4
8.735000E+6,    -3.573298E-5,    -2.026409E-4
8.741250E+6,    -8.806586E-6,    -1.807734E-4
8.747500E+6,    -2.621859E-5,    -1.794174E-4
8.753750E+6,    -1.490116E-8,    -1.954287E-4
8.760000E+6,    -1.333654E-5,    -1.620278E-4
8.766250E+6,    -1.953542E-5,    -1.785457E-4
8.772500E+6,    -2.028793E-5,    -1.784787E-4
8.778750E+6,    -9.253621E-6,    -1.835600E-4
8.785000E+6,    2.287328E-6,    -1.760349E-4
8.791250E+6,    -1.406670E-5,    -1.903400E-4
8.797500E+6,    3.650784E-7,    -2.012104E-4
8.803750E+6,    -1.180917E-5,    -2.088919E-4
8.810000E+6,    -1.034141E-5,    -1.582280E-4
8.816250E+6,    -1.436472E-5,    -1.931190E-4
8.822500E+6,    -1.721829E-5,    -1.745671E-4
8.828750E+6,    -2.383441E-5,    -1.782030E-4
8.835000E+6,    -1.212955E-5,    -1.707599E-4
8.841250E+6,    -7.838011E-6,    -1.924336E-4
8.847500E+6,    -1.152605E-5,    -1.863390E-4
8.853750E+6,    -2.490729E-5,    -1.934990E-4
8.860000E+6,    -2.235174E-5,    -1.838058E-4
8.866250E+6,    -1.788884E-5,    -2.054051E-4
8.872500E+6,    -1.007318E-5,    -1.922101E-4
8.878750E+6,    -3.916025E-5,    -2.126843E-4
8.885000E+6,    -1.761317E-5,    -1.956224E-4
8.891250E+6,    -1.358241E-5,    -1.891106E-4
8.897500E+6,    -1.663715E-5,    -1.985431E-4
8.903750E+6,    -6.422400E-6,    -1.887977E-4
8.910000E+6,    -8.054078E-6,    -1.857877E-4
8.916250E+6,    1.341105E-6,    -1.884475E-4
8.922500E+6,    -4.880130E-6,    -1.791045E-4
8.928750E+6,    -1.443923E-5,    -1.920760E-4
8.935000E+6,    -9.924173E-6,    -1.574606E-4
8.941250E+6,    -4.157424E-5,    -2.025813E-4
8.947500E+6,    -1.073629E-5,    -1.857728E-4
8.953750E+6,    -3.649294E-5,    -2.116561E-4
8.960000E+6,    -2.296269E-5,    -1.795217E-4
8.966250E+6,    -2.601743E-5,    -1.890212E-4
8.972500E+6,    -1.691282E-5,    -1.919195E-4
8.978750E+6,    -2.197921E-6,    -1.757368E-4
8.985000E+6,    -3.046542E-5,    -1.983568E-4
8.991250E+6,    -1.410395E-5,    -2.010688E-4
8.997500E+6,    -3.789365E-5,    -2.014190E-4
9.003750E+6,    7.569790E-6,    -1.818314E-4
9.010000E+6,    -1.835078E-5,    -1.946464E-4
9.016250E+6,    -2.022833E-5,    -2.074093E-4
9.022500E+6,    -3.775954E-5,    -2.042651E-4
9.028750E+6,    -2.566725E-5,    -1.979694E-4
9.035000E+6,    -1.645833E-5,    -1.852661E-4
9.041250E+6,    -2.789497E-5,    -1.947358E-4
9.047500E+6,    -2.843142E-5,    -2.102852E-4
9.053750E+6,    -2.112985E-5,    -2.102852E-4
9.060000E+6,    -5.699694E-6,    -1.944005E-4
9.066250E+6,    -1.744181E-5,    -2.038330E-4
9.072500E+6,    -2.092123E-5,    -1.974180E-4
9.078750E+6,    -2.924353E-5,    -1.974404E-4
9.085000E+6,    -2.612919E-5,    -1.880303E-4
9.091250E+6,    -3.188103E-5,    -1.943186E-4
9.097500E+6,    -2.956390E-5,    -2.158582E-4
9.103750E+6,    -7.651746E-6,    -1.975000E-4
9.110000E+6,    -1.426786E-5,    -2.005845E-4
9.116250E+6,    -1.155585E-5,    -1.756772E-4
9.122500E+6,    -4.057586E-5,    -2.122074E-4
9.128750E+6,    -4.531443E-5,    -2.028644E-4
9.135000E+6,    -3.668666E-5,    -2.064854E-4
9.141250E+6,    -3.701448E-5,    -2.407283E-4
9.147500E+6,    -3.115833E-5,    -2.029762E-4
9.153750E+6,    -2.422929E-5,    -2.188087E-4
9.160000E+6,    -3.251433E-5,    -2.187043E-4
9.166250E+6,    -5.252659E-6,    -1.944527E-4
9.172500E+6,    -1.842529E-5,    -2.002120E-4
9.178750E+6,    -2.580136E-5,    -2.030805E-4
9.185000E+6,    -1.539290E-5,    -2.097264E-4
9.191250E+6,    -1.740456E-5,    -2.067387E-4
9.197500E+6,    -2.785027E-5,    -2.186149E-4
9.203750E+6,    -3.209710E-5,    -2.278686E-4
9.210000E+6,    -3.159046E-5,    -2.122223E-4
9.216250E+6,    -2.919137E-5,    -2.185106E-4
9.222500E+6,    -1.896918E-5,    -2.253056E-4
9.228750E+6,    -3.774464E-5,    -2.179593E-4
9.235000E+6,    -1.663715E-5,    -2.162606E-4
9.241250E+6,    -4.930794E-5,    -2.108514E-4
9.247500E+6,    -4.258752E-5,    -2.111346E-4
9.253750E+6,    -3.631413E-5,    -2.275258E-4
9.260000E+6,    -3.561378E-5,    -2.117455E-4
9.266250E+6,    -4.099309E-5,    -2.173930E-4
9.272500E+6,    -3.005564E-5,    -2.089739E-4
9.278750E+6,    -4.874170E-5,    -2.198219E-4
9.285000E+6,    -4.623830E-5,    -2.076477E-4
9.291250E+6,    -2.460182E-5,    -2.252758E-4
9.297500E+6,    -2.993643E-5,    -2.119988E-4
9.303750E+6,    -3.388524E-5,    -2.245158E-4
9.310000E+6,    -4.181266E-5,    -2.237558E-4
9.316250E+6,    -3.303587E-5,    -2.278239E-4
9.322500E+6,    -3.455579E-5,    -2.243072E-4
9.328750E+6,    -2.390146E-5,    -2.159029E-4
9.335000E+6,    -3.912300E-5,    -1.954287E-4
9.341250E+6,    -5.076826E-5,    -2.065599E-4
9.347500E+6,    -1.867115E-5,    -2.134144E-4
9.353750E+6,    -4.820526E-5,    -2.354831E-4
9.360000E+6,    -4.428625E-5,    -2.454519E-4
9.366250E+6,    -6.079674E-5,    -2.434552E-4
9.372500E+6,    -4.000962E-5,    -2.204776E-4
9.378750E+6,    -2.568960E-5,    -2.412796E-4
9.385000E+6,    -4.261732E-5,    -2.169609E-4
9.391250E+6,    -4.309416E-5,    -2.356023E-4
9.397500E+6,    -1.369417E-5,    -2.363920E-4
9.403750E+6,    -4.002452E-5,    -2.490282E-4
9.410000E+6,    -4.175305E-5,    -2.232194E-4
9.416250E+6,    -4.692376E-5,    -2.320260E-4
9.422500E+6,    -3.051758E-5,    -2.376139E-4
9.428750E+6,    -7.420778E-5,    -2.411902E-4
9.435000E+6,    -3.337860E-5,    -2.529621E-4
9.441250E+6,    -5.769730E-5,    -2.493560E-4
9.447500E+6,    -5.117059E-5,    -2.249777E-4
9.453750E+6,    -3.138185E-5,    -2.183616E-4
9.460000E+6,    -2.494454E-5,    -2.414882E-4
9.466250E+6,    -3.564358E-5,    -2.335906E-4
9.472500E+6,    -2.294779E-5,    -2.260506E-4
9.478750E+6,    -5.084276E-5,    -2.311766E-4
9.485000E+6,    -2.861023E-5,    -2.349019E-4
9.491250E+6,    -3.567338E-5,    -2.368093E-4
9.497500E+6,    -5.182624E-5,    -2.375543E-4
9.503750E+6,    -6.169081E-5,    -2.515912E-4
9.510000E+6,    -4.974008E-5,    -2.442896E-4
9.516250E+6,    -4.845858E-5,    -2.507865E-4
9.522500E+6,    -4.512072E-5,    -2.386272E-4
9.528750E+6,    -5.012751E-5,    -2.727509E-4
9.535000E+6,    -3.585219E-5,    -2.243817E-4
9.541250E+6,    -3.433228E-5,    -2.309978E-4
9.547500E+6,    -3.001094E-5,    -2.475679E-4
9.553750E+6,    -4.118681E-5,    -2.585351E-4
9.560000E+6,    -4.494190E-5,    -2.480149E-4
9.566250E+6,    -4.124641E-5,    -2.396107E-4
9.572500E+6,    -4.649162E-5,    -2.481639E-4
9.578750E+6,    -4.750490E-5,    -2.703369E-4
9.585000E+6,    -4.720688E-5,    -2.479255E-4
9.591250E+6,    -2.565980E-5,    -2.488792E-4
9.597500E+6,    -2.968311E-5,    -2.351105E-4
9.603750E+6,    -4.121661E-5,    -2.489984E-4
9.610000E+6,    -4.899502E-5,    -2.509654E-4
9.616250E+6,    -4.929304E-5,    -2.507269E-4
9.622500E+6,    -6.332994E-5,    -2.544522E-4
9.628750E+6,    -4.997849E-5,    -2.509058E-4
9.635000E+6,    -4.118681E-5,    -2.589226E-4
9.641250E+6,    -6.854534E-5,    -2.691150E-4
9.647500E+6,    -5.897880E-5,    -2.487302E-4
9.653750E+6,    -6.571412E-5,    -2.568662E-4
9.660000E+6,    -4.833937E-5,    -2.413392E-4
9.666250E+6,    -4.488230E-5,    -2.551079E-4
9.672500E+6,    -4.610419E-5,    -2.516210E-4
9.678750E+6,    -5.263090E-5,    -2.567768E-4
9.685000E+6,    -4.500151E-5,    -2.614856E-4
9.691250E+6,    -6.294250E-5,    -2.479255E-4
9.697500E+6,    -7.686019E-5,    -2.543926E-4
9.703750E+6,    -6.926060E-5,    -2.558827E-4
9.710000E+6,    -4.544854E-5,    -2.683699E-4
9.716250E+6,    -6.166101E-5,    -2.643764E-4
9.722500E+6,    -3.477931E-5,    -2.547503E-4
9.728750E+6,    -6.985664E-5,    -2.623200E-4
9.735000E+6,    -6.675720E-5,    -2.470613E-4
9.741250E+6,    -6.526709E-5,    -2.538264E-4
9.747500E+6,    -5.415082E-5,    -2.435744E-4
9.753750E+6,    -6.330013E-5,    -2.706349E-4
9.760000E+6,    -3.930926E-5,    -2.507567E-4
9.766250E+6,    -4.386902E-5,    -2.659559E-4
9.772500E+6,    -6.008148E-5,    -2.585351E-4
9.778750E+6,    -6.020069E-5,    -2.620816E-4
9.785000E+6,    -4.002452E-5,    -2.574027E-4
9.791250E+6,    -6.562471E-5,    -2.735853E-4
9.797500E+6,    -5.468726E-5,    -2.602339E-4
9.803750E+6,    -5.427003E-5,    -2.637208E-4
9.810000E+6,    -5.179644E-5,    -2.775490E-4
9.816250E+6,    -5.903840E-5,    -2.460182E-4
9.822500E+6,    -7.390976E-5,    -2.814829E-4
9.828750E+6,    -6.884336E-5,    -2.765656E-4
9.835000E+6,    -5.659461E-5,    -2.698004E-4
9.841250E+6,    -5.325675E-5,    -2.873242E-4
9.847500E+6,    -7.373095E-5,    -2.585649E-4
9.853750E+6,    -7.933378E-5,    -2.701283E-4
9.860000E+6,    -7.790327E-5,    -2.803504E-4
9.866250E+6,    -8.127093E-5,    -2.662539E-4
9.872500E+6,    -5.891919E-5,    -2.694726E-4
9.878750E+6,    -8.016825E-5,    -2.731085E-4
9.885000E+6,    -6.523728E-5,    -2.843440E-4
9.891250E+6,    -6.535649E-5,    -2.878904E-4
9.897500E+6,    -6.541610E-5,    -2.876818E-4
9.903750E+6,    -6.681681E-5,    -2.841949E-4
9.910000E+6,    -4.559755E-5,    -2.871454E-4
9.916250E+6,    -6.896257E-5,    -2.769828E-4
9.922500E+6,    -5.707145E-5,    -2.638698E-4
9.928750E+6,    -5.620718E-5,    -2.778172E-4
9.935000E+6,    -6.350875E-5,    -2.790093E-4
9.941250E+6,    -7.918477E-5,    -2.772510E-4
9.947500E+6,    -8.505583E-5,    -2.855659E-4
9.953750E+6,    -6.371737E-5,    -2.822280E-4
9.960000E+6,    -6.642938E-5,    -2.749562E-4
9.966250E+6,    -8.064508E-5,    -2.804995E-4
9.972500E+6,    -5.206466E-5,    -2.830923E-4
9.978750E+6,    -6.550550E-5,    -2.919137E-4
9.985000E+6,    -7.462502E-5,    -2.822280E-4
9.991250E+6,    -7.987022E-5,    -3.077090E-4
9.997500E+6,    -7.307529E-5,    -2.994239E-4
1.000375E+7,    -7.531047E-5,    -2.889037E-4
1.001000E+7,    -8.314848E-5,    -2.866387E-4
1.001625E+7,    -6.750226E-5,    -3.018379E-4
1.002250E+7,    -7.301569E-5,    -3.199577E-4
1.002875E+7,    -7.492304E-5,    -3.096759E-4
1.003500E+7,    -6.997585E-5,    -2.977848E-4
1.004125E+7,    -7.244945E-5,    -2.837777E-4
1.004750E+7,    -6.622076E-5,    -2.862811E-4
1.005375E+7,    -5.811453E-5,    -2.922714E-4
1.006000E+7,    -5.841255E-5,    -2.954900E-4
1.006625E+7,    -7.066131E-5,    -3.220141E-4
1.007250E+7,    -9.661913E-5,    -2.889037E-4
1.007875E+7,    -7.897615E-5,    -3.153086E-4
1.008500E+7,    -6.771088E-5,    -2.961457E-4
1.009125E+7,    -7.307529E-5,    -3.178716E-4
1.009750E+7,    -8.285046E-5,    -3.039837E-4
1.010375E+7,    -5.480647E-5,    -3.150702E-4
1.011000E+7,    -7.808208E-5,    -2.892613E-4
1.011625E+7,    -6.979704E-5,    -3.095567E-4
1.012250E+7,    -7.677078E-5,    -3.103316E-4
1.012875E+7,    -7.057190E-5,    -3.163815E-4
1.013500E+7,    -9.298325E-5,    -3.105402E-4
1.014125E+7,    -7.864833E-5,    -3.167689E-4
1.014750E+7,    -8.672476E-5,    -3.097951E-4
1.015375E+7,    -9.542704E-5,    -3.102124E-4
1.016000E+7,    -6.657839E-5,    -3.148019E-4
1.016625E+7,    -1.082420E-4,    -3.321469E-4
1.017250E+7,    -7.387996E-5,    -3.289580E-4
1.017875E+7,    -1.036525E-4,    -3.275275E-4
1.018500E+7,    -6.154180E-5,    -3.275573E-4
1.019125E+7,    -9.787083E-5,    -3.230274E-4
1.019750E+7,    -9.772182E-5,    -3.299713E-4
1.020375E+7,    -1.054704E-4,    -3.307760E-4
1.021000E+7,    -9.256601E-5,    -3.183484E-4
1.021625E+7,    -9.983778E-5,    -3.294051E-4
1.022250E+7,    -8.749962E-5,    -3.141463E-4
1.022875E+7,    -1.097023E-4,    -3.150105E-4
1.023500E+7,    -1.026988E-4,    -3.183186E-4
1.024125E+7,    -8.112192E-5,    -3.382266E-4
1.024750E+7,    -8.216500E-5,    -3.202856E-4
1.025375E+7,    -8.994341E-5,    -3.311634E-4
1.026000E+7,    -9.807944E-5,    -3.349781E-4
1.026625E+7,    -9.015203E-5,    -3.379583E-4
1.027250E+7,    -9.846687E-5,    -3.276169E-4
1.027875E+7,    -1.060367E-4,    -3.418624E-4
1.028500E+7,    -1.069903E-4,    -3.416836E-4
1.029125E+7,    -1.080632E-4,    -3.409386E-4
1.029750E+7,    -1.029372E-4,    -3.191233E-4
1.030375E+7,    -1.021028E-4,    -3.478527E-4
1.031000E+7,    -9.587407E-5,    -3.436804E-4
1.031625E+7,    -1.100600E-4,    -3.441274E-4
1.032250E+7,    -1.185536E-4,    -3.402233E-4
1.032875E+7,    -1.057386E-4,    -3.395975E-4
1.033500E+7,    -9.852648E-5,    -3.466904E-4
1.034125E+7,    -8.487701E-5,    -3.532767E-4
1.034750E+7,    -1.070201E-4,    -3.496110E-4
1.035375E+7,    -1.223385E-4,    -3.570020E-4
1.036000E+7,    -1.015067E-4,    -3.526211E-4
1.036625E+7,    -1.097620E-4,    -3.527701E-4
1.037250E+7,    -1.380444E-4,    -3.525019E-4
1.037875E+7,    -1.186728E-4,    -3.591478E-4
1.038500E+7,    -1.052022E-4,    -3.624856E-4
1.039125E+7,    -1.049936E-4,    -3.517866E-4
1.039750E+7,    -1.123548E-4,    -3.591180E-4
1.040375E+7,    -1.134872E-4,    -3.727674E-4
1.041000E+7,    -1.358986E-4,    -3.507137E-4
1.041625E+7,    -1.079142E-4,    -3.684163E-4
1.042250E+7,    -1.160502E-4,    -3.752708E-4
1.042875E+7,    -1.248121E-4,    -3.645420E-4
1.043500E+7,    -1.180768E-4,    -3.716350E-4
1.044125E+7,    -1.402497E-4,    -3.710389E-4
1.044750E+7,    -1.121759E-4,    -3.783107E-4
1.045375E+7,    -1.134276E-4,    -3.710389E-4
1.046000E+7,    -1.427531E-4,    -3.845096E-4
1.046625E+7,    -1.071095E-4,    -3.812909E-4
1.047250E+7,    -1.080036E-4,    -3.708899E-4
1.047875E+7,    -1.239181E-4,    -3.985763E-4
1.048500E+7,    -1.092255E-4,    -3.562570E-4
1.049125E+7,    -1.106262E-4,    -3.736019E-4
1.049750E+7,    -1.329780E-4,    -3.727674E-4
1.050375E+7,    -1.267195E-4,    -3.691912E-4
1.051000E+7,    -1.208782E-4,    -3.721118E-4
1.051625E+7,    -1.278520E-4,    -3.756881E-4
1.052250E+7,    -1.229048E-4,    -3.861189E-4
1.052875E+7,    -1.580715E-4,    -3.845096E-4
1.053500E+7,    -1.162887E-4,    -3.859997E-4
1.054125E+7,    -1.319647E-4,    -3.921986E-4
1.054750E+7,    -1.030564E-4,    -3.758073E-4
1.055375E+7,    -1.266599E-4,    -3.886223E-4
1.056000E+7,    -1.266599E-4,    -3.743768E-4
1.056625E+7,    -1.361966E-4,    -3.977418E-4
1.057250E+7,    -1.081228E-4,    -4.000068E-4
1.057875E+7,    -1.429915E-4,    -3.834963E-4
1.058500E+7,    -1.382232E-4,    -4.047155E-4
1.059125E+7,    -1.260042E-4,    -4.087687E-4
1.059750E+7,    -1.481175E-4,    -4.104972E-4
1.060375E+7,    -1.330972E-4,    -3.868341E-4
1.061000E+7,    -1.348853E-4,    -3.970265E-4
1.061625E+7,    -1.303554E-4,    -4.113913E-4
1.062250E+7,    -1.231432E-4,    -4.154444E-4
1.062875E+7,    -1.306534E-4,    -4.070997E-4
1.063500E+7,    -1.378655E-4,    -3.991127E-4
1.064125E+7,    -1.406670E-4,    -4.207492E-4
1.064750E+7,    -1.409054E-4,    -4.024506E-4
1.065375E+7,    -1.431704E-4,    -4.196167E-4
1.066000E+7,    -1.518726E-4,    -4.301667E-4
1.066625E+7,    -1.150966E-4,    -4.110932E-4
1.067250E+7,    -1.370311E-4,    -4.093647E-4
1.067875E+7,    -1.394153E-4,    -4.264116E-4
1.068500E+7,    -1.534224E-4,    -4.105568E-4
1.069125E+7,    -1.484156E-4,    -4.217625E-4
1.069750E+7,    -1.357794E-4,    -4.265308E-4
1.070375E+7,    -1.430511E-4,    -4.181266E-4
1.071000E+7,    -1.580715E-4,    -4.128218E-4
1.071625E+7,    -1.748204E-4,    -4.398227E-4
1.072250E+7,    -1.251101E-4,    -4.412532E-4
1.072875E+7,    -1.469851E-4,    -4.316568E-4
1.073500E+7,    -1.581311E-4,    -4.441142E-4
1.074125E+7,    -1.700521E-4,    -4.245639E-4
1.074750E+7,    -1.499057E-4,    -4.301667E-4
1.075375E+7,    -1.454353E-4,    -4.345179E-4
1.076000E+7,    -1.741052E-4,    -4.305840E-4
1.076625E+7,    -1.527667E-4,    -4.330873E-4
1.077250E+7,    -1.547337E-4,    -4.395247E-4
1.077875E+7,    -1.713037E-4,    -4.485250E-4
1.078500E+7,    -1.496673E-4,    -4.327893E-4
1.079125E+7,    -1.724958E-4,    -4.442334E-4
1.079750E+7,    -1.814961E-4,    -4.351139E-4
1.080375E+7,    -1.412630E-4,    -4.585385E-4
1.081000E+7,    -1.485348E-4,    -4.580617E-4
1.081625E+7,    -1.710653E-4,    -4.504323E-4
1.082250E+7,    -1.547933E-4,    -4.310608E-4
1.082875E+7,    -1.607537E-4,    -4.659891E-4
1.083500E+7,    -1.535416E-4,    -4.560947E-4
1.084125E+7,    -1.784563E-4,    -4.669428E-4
1.084750E+7,    -1.736879E-4,    -4.777312E-4
1.085375E+7,    -1.653433E-4,    -4.646182E-4
1.086000E+7,    -1.581311E-4,    -4.732609E-4
1.086625E+7,    -1.732707E-4,    -4.557371E-4
1.087250E+7,    -1.822114E-4,    -4.577041E-4
1.087875E+7,    -1.708269E-4,    -4.703403E-4
1.088500E+7,    -1.842976E-4,    -4.532933E-4
1.089125E+7,    -1.794100E-4,    -4.687905E-4
1.089750E+7,    -1.673102E-4,    -4.778504E-4
1.090375E+7,    -1.611710E-4,    -4.788041E-4
1.091000E+7,    -1.704097E-4,    -4.808307E-4
1.091625E+7,    -1.944304E-4,    -4.866719E-4
1.092250E+7,    -1.984835E-4,    -4.684329E-4
1.092875E+7,    -1.646280E-4,    -4.775524E-4
1.093500E+7,    -1.494884E-4,    -5.055666E-4
1.094125E+7,    -1.921654E-4,    -4.938841E-4
1.094750E+7,    -1.993775E-4,    -4.813671E-4
1.095375E+7,    -1.956820E-4,    -4.992485E-4
1.096000E+7,    -1.787543E-4,    -4.777312E-4
1.096625E+7,    -2.090931E-4,    -5.187392E-4
1.097250E+7,    -2.016425E-4,    -5.127788E-4
1.097875E+7,    -2.130866E-4,    -4.921556E-4
1.098500E+7,    -1.956224E-4,    -5.027056E-4
1.099125E+7,    -2.023578E-4,    -4.940033E-4
1.099750E+7,    -1.918674E-4,    -5.067587E-4
1.100375E+7,    -2.081990E-4,    -5.145073E-4
1.101000E+7,    -1.752973E-4,    -5.244017E-4
1.101625E+7,    -1.881719E-4,    -5.140901E-4
1.102250E+7,    -2.250075E-4,    -5.062222E-4
1.102875E+7,    -1.878142E-4,    -5.357265E-4
1.103500E+7,    -2.366900E-4,    -5.177855E-4
1.104125E+7,    -2.191663E-4,    -5.291700E-4
1.104750E+7,    -2.027750E-4,    -5.138516E-4
1.105375E+7,    -2.311468E-4,    -5.398393E-4
1.106000E+7,    -1.922846E-4,    -5.192161E-4
1.106625E+7,    -2.020597E-4,    -5.312562E-4
1.107250E+7,    -2.074242E-4,    -5.454421E-4
1.107875E+7,    -2.208948E-4,    -5.315542E-4
1.108500E+7,    -2.213120E-4,    -5.313158E-4
1.109125E+7,    -2.309084E-4,    -5.395412E-4
1.109750E+7,    -2.115369E-4,    -5.409122E-4
1.110375E+7,    -2.203584E-4,    -5.456805E-4
1.111000E+7,    -2.046227E-4,    -5.389452E-4
1.111625E+7,    -2.331138E-4,    -5.531311E-4
1.112250E+7,    -2.164245E-4,    -5.390048E-4
1.112875E+7,    -2.238750E-4,    -5.604625E-4
1.113500E+7,    -2.318621E-4,    -5.617142E-4
1.114125E+7,    -2.231598E-4,    -5.491972E-4
1.114750E+7,    -2.328157E-4,    -5.841255E-4
1.115375E+7,    -2.331734E-4,    -5.724430E-4
1.116000E+7,    -2.411604E-4,    -5.696416E-4
1.116625E+7,    -2.381802E-4,    -5.863309E-4
1.117250E+7,    -2.433658E-4,    -5.661845E-4
1.117875E+7,    -2.426505E-4,    -5.649328E-4
1.118500E+7,    -2.515912E-4,    -5.822182E-4
1.119125E+7,    -2.554655E-4,    -6.148815E-4
1.119750E+7,    -2.564788E-4,    -5.886555E-4
1.120375E+7,    -2.398491E-4,    -6.030202E-4
1.121000E+7,    -2.390742E-4,    -6.470084E-4
1.121625E+7,    -2.794862E-4,    -6.341338E-4
1.122250E+7,    -2.790689E-4,    -6.878972E-4
1.122875E+7,    -3.089905E-4,    -7.189512E-4
1.123500E+7,    -2.992153E-4,    -7.854700E-4
1.124125E+7,    -2.964735E-4,    -7.787943E-4
1.124750E+7,    -3.064871E-4,    -8.021593E-4
1.125375E+7,    -3.259182E-4,    -7.638931E-4
1.126000E+7,    -3.279448E-4,    -7.759333E-4
1.126625E+7,    -3.200769E-4,    -7.369518E-4
1.127250E+7,    -3.309250E-4,    -8.051395E-4
1.127875E+7,    -3.193617E-4,    -7.548332E-4
1.128500E+7,    -3.205538E-4,    -7.795095E-4
1.129125E+7,    -3.151894E-4,    -7.303953E-4
1.129750E+7,    -2.919436E-4,    -6.512403E-4
1.130375E+7,    -3.285408E-4,    -6.948709E-4
1.131000E+7,    -3.154278E-4,    -7.302761E-4
1.131625E+7,    -3.043413E-4,    -7.135868E-4
1.132250E+7,    -3.308058E-4,    -7.672310E-4
1.132875E+7,    -3.627539E-4,    -7.523298E-4
1.133500E+7,    -3.257990E-4,    -7.673502E-4
1.134125E+7,    -3.339052E-4,    -7.482767E-4
1.134750E+7,    -2.994537E-4,    -7.331371E-4
1.135375E+7,    -3.248453E-4,    -7.300377E-4
1.136000E+7,    -3.144741E-4,    -6.815195E-4
1.136625E+7,    -3.499985E-4,    -7.491112E-4
1.137250E+7,    -3.246069E-4,    -7.742643E-4
1.137875E+7,    -3.479719E-4,    -7.623434E-4
1.138500E+7,    -3.542900E-4,    -7.505417E-4
1.139125E+7,    -3.241301E-4,    -7.535219E-4
1.139750E+7,    -3.161430E-4,    -7.354021E-4
1.140375E+7,    -3.387928E-4,    -7.368326E-4
1.141000E+7,    -3.454685E-4,    -7.287264E-4
1.141625E+7,    -3.505945E-4,    -7.351637E-4
1.142250E+7,    -3.637075E-4,    -7.612705E-4
1.142875E+7,    -3.595352E-4,    -7.947683E-4
1.143500E+7,    -3.614426E-4,    -7.674694E-4
1.144125E+7,    -3.632307E-4,    -7.641315E-4
1.144750E+7,    -3.763437E-4,    -8.174181E-4
1.145375E+7,    -3.775358E-4,    -8.597374E-4
1.146000E+7,    -4.222393E-4,    -8.513927E-4
1.146625E+7,    -4.317760E-4,    -8.589029E-4
1.147250E+7,    -3.799200E-4,    -8.721352E-4
1.147875E+7,    -3.972054E-4,    -8.203983E-4
1.148500E+7,    -3.880262E-4,    -8.394718E-4
1.149125E+7,    -4.270077E-4,    -9.591579E-4
1.149750E+7,    -3.995895E-4,    -9.672642E-4
1.150375E+7,    -4.062653E-4,    -9.317398E-4
1.151000E+7,    -4.222393E-4,    -9.572506E-4
1.151625E+7,    -4.177094E-4,    -9.497404E-4
1.152250E+7,    -3.967285E-4,    -9.309053E-4
1.152875E+7,    -3.951788E-4,    -9.114742E-4
1.153500E+7,    -4.298687E-4,    -8.689165E-4
1.154125E+7,    -4.521608E-4,    -9.616613E-4
1.154750E+7,    -4.377365E-4,    -9.621382E-4
1.155375E+7,    -4.252195E-4,    -9.558201E-4
1.156000E+7,    -4.369020E-4,    -1.097083E-3
1.156625E+7,    -4.535913E-4,    -1.091957E-3
1.157250E+7,    -4.266500E-4,    -1.083016E-3
1.157875E+7,    -5.270243E-4,    -1.121283E-3
1.158500E+7,    -5.381107E-4,    -1.207471E-3
1.159125E+7,    -4.658699E-4,    -1.099586E-3
1.159750E+7,    -3.951788E-4,    -1.085401E-3
1.160375E+7,    -5.139112E-4,    -1.133919E-3
1.161000E+7,    -5.142689E-4,    -1.143575E-3
1.161625E+7,    -5.633831E-4,    -1.243830E-3
1.162250E+7,    -5.475283E-4,    -1.314878E-3
1.162875E+7,    -4.837513E-4,    -1.571894E-3
1.163500E+7,    -4.608631E-4,    -1.732826E-3
1.164125E+7,    -1.900196E-4,    -1.958132E-3
1.164750E+7,    2.365112E-4,    -2.192259E-3
1.165375E+7,    -2.670288E-5,    -2.155304E-3
1.166000E+7,    4.067421E-4,    -2.043009E-3
1.166625E+7,    9.131432E-4,    -2.089739E-3
1.167250E+7,    1.134276E-3,    -1.829267E-3
1.167875E+7,    1.069427E-3,    -1.914024E-3
1.168500E+7,    1.118422E-3,    -1.898885E-3
1.169125E+7,    1.081586E-3,    -1.929522E-3
1.169750E+7,    1.077175E-3,    -1.928568E-3
1.170375E+7,    1.065969E-3,    -2.015114E-3
1.171000E+7,    1.107931E-3,    -1.917481E-3
1.171625E+7,    1.194239E-3,    -1.997232E-3
1.172250E+7,    1.127958E-3,    -1.954794E-3
1.172875E+7,    1.162291E-3,    -1.973391E-3
1.173500E+7,    1.134634E-3,    -1.987696E-3
1.174125E+7,    1.127481E-3,    -2.027273E-3
1.174750E+7,    1.171112E-3,    -2.049208E-3
1.175375E+7,    1.181126E-3,    -2.074003E-3
1.176000E+7,    1.147509E-3,    -2.086639E-3
1.176625E+7,    1.203537E-3,    -2.102375E-3
1.177250E+7,    1.211643E-3,    -2.103806E-3
1.177875E+7,    1.180887E-3,    -2.157211E-3
1.178500E+7,    1.208544E-3,    -2.165794E-3
1.179125E+7,    1.178503E-3,    -2.219439E-3
1.179750E+7,    1.191616E-3,    -2.198219E-3
1.180375E+7,    1.140833E-3,    -2.207041E-3
1.181000E+7,    1.127005E-3,    -2.193689E-3
1.181625E+7,    1.202822E-3,    -2.216339E-3
1.182250E+7,    1.195908E-3,    -2.315760E-3
1.182875E+7,    1.227856E-3,    -2.336979E-3
1.183500E+7,    1.205683E-3,    -2.356529E-3
1.184125E+7,    1.237631E-3,    -2.369642E-3
1.184750E+7,    1.265764E-3,    -2.424955E-3
1.185375E+7,    1.279831E-3,    -2.372503E-3
1.186000E+7,    1.256704E-3,    -2.405167E-3
1.186625E+7,    1.290560E-3,    -2.452374E-3
1.187250E+7,    1.252651E-3,    -2.444506E-3
1.187875E+7,    1.267672E-3,    -2.510071E-3
1.188500E+7,    1.311064E-3,    -2.504349E-3
1.189125E+7,    1.324654E-3,    -2.569199E-3
1.189750E+7,    1.287699E-3,    -2.560377E-3
1.190375E+7,    1.325607E-3,    -2.547026E-3
1.191000E+7,    1.307011E-3,    -2.608776E-3
1.191625E+7,    1.366615E-3,    -2.628803E-3
1.192250E+7,    1.341343E-3,    -2.618074E-3
1.192875E+7,    1.394987E-3,    -2.639294E-3
1.193500E+7,    1.390934E-3,    -2.670765E-3
1.194125E+7,    1.333952E-3,    -2.686262E-3
1.194750E+7,    1.395464E-3,    -2.689123E-3
1.195375E+7,    1.399517E-3,    -2.703428E-3
1.196000E+7,    1.368523E-3,    -2.785444E-3
1.196625E+7,    1.417875E-3,    -2.804756E-3
1.197250E+7,    1.390696E-3,    -2.832174E-3
1.197875E+7,    1.366377E-3,    -2.861500E-3
1.198500E+7,    1.396179E-3,    -2.891064E-3
1.199125E+7,    1.337290E-3,    -2.897978E-3
1.199750E+7,    1.440525E-3,    -2.909422E-3
1.200375E+7,    1.361370E-3,    -2.987385E-3
1.201000E+7,    1.363277E-3,    -2.979994E-3
1.201625E+7,    1.419783E-3,    -2.993345E-3
1.202250E+7,    1.432180E-3,    -3.010511E-3
1.202875E+7,    1.368046E-3,    -3.058434E-3
1.203500E+7,    1.406670E-3,    -3.059149E-3
1.204125E+7,    1.393557E-3,    -3.042221E-3
1.204750E+7,    1.454353E-3,    -3.095865E-3
1.205375E+7,    1.500368E-3,    -3.113508E-3
1.206000E+7,    1.389027E-3,    -3.101349E-3
1.206625E+7,    1.502514E-3,    -3.219366E-3
1.207250E+7,    1.458645E-3,    -3.253460E-3
1.207875E+7,    1.490355E-3,    -3.239632E-3
1.208500E+7,    1.396418E-3,    -3.251314E-3
1.209125E+7,    1.467466E-3,    -3.250599E-3
1.209750E+7,    1.444578E-3,    -3.214359E-3
1.210375E+7,    1.442194E-3,    -3.278971E-3
1.211000E+7,    1.488447E-3,    -3.325701E-3
1.211625E+7,    1.439095E-3,    -3.347635E-3
1.212250E+7,    1.445055E-3,    -3.379583E-3
1.212875E+7,    1.488686E-3,    -3.398657E-3
1.213500E+7,    1.538754E-3,    -3.429651E-3
1.214125E+7,    1.501083E-3,    -3.484964E-3
1.214750E+7,    1.522303E-3,    -3.474712E-3
1.215375E+7,    1.594543E-3,    -3.602266E-3
1.216000E+7,    1.508474E-3,    -3.542900E-3
1.216625E+7,    1.550913E-3,    -3.629923E-3
1.217250E+7,    1.540184E-3,    -3.673553E-3
1.217875E+7,    1.613140E-3,    -3.685474E-3
1.218500E+7,    1.608849E-3,    -3.725767E-3
1.219125E+7,    1.594782E-3,    -3.785610E-3
1.219750E+7,    1.592636E-3,    -3.827095E-3
1.220375E+7,    1.590729E-3,    -3.901958E-3
1.221000E+7,    1.632690E-3,    -3.847599E-3
1.221625E+7,    1.639128E-3,    -3.925562E-3
1.222250E+7,    1.619816E-3,    -3.961563E-3
1.222875E+7,    1.663208E-3,    -3.999710E-3
1.223500E+7,    1.638412E-3,    -4.057884E-3
1.224125E+7,    1.705170E-3,    -4.080772E-3
1.224750E+7,    1.699448E-3,    -4.118919E-3
1.225375E+7,    1.729488E-3,    -4.192352E-3
1.226000E+7,    1.740456E-3,    -4.221916E-3
1.226625E+7,    1.712799E-3,    -4.258156E-3
1.227250E+7,    1.747131E-3,    -4.290581E-3
1.227875E+7,    1.794815E-3,    -4.417896E-3
1.228500E+7,    1.863003E-3,    -4.424572E-3
1.229125E+7,    1.805782E-3,    -4.469872E-3
1.229750E+7,    1.838207E-3,    -4.549026E-3
1.230375E+7,    1.865387E-3,    -4.594326E-3
1.231000E+7,    1.868725E-3,    -4.610062E-3
1.231625E+7,    1.868725E-3,    -4.690647E-3
1.232250E+7,    1.877308E-3,    -4.741192E-3
1.232875E+7,    1.829147E-3,    -4.789352E-3
1.233500E+7,    1.946926E-3,    -4.787922E-3
1.234125E+7,    1.933575E-3,    -4.926682E-3
1.234750E+7,    2.002716E-3,    -4.911423E-3
1.235375E+7,    1.975060E-3,    -5.060673E-3
1.236000E+7,    2.010345E-3,    -5.093098E-3
1.236625E+7,    1.990318E-3,    -5.172253E-3
1.237250E+7,    2.070904E-3,    -5.163193E-3
1.237875E+7,    2.035141E-3,    -5.311012E-3
1.238500E+7,    2.052784E-3,    -5.383492E-3
1.239125E+7,    2.110958E-3,    -5.428791E-3
1.239750E+7,    2.098560E-3,    -5.445480E-3
1.240375E+7,    2.134800E-3,    -5.524158E-3
1.241000E+7,    2.180576E-3,    -5.600452E-3
1.241625E+7,    2.236366E-3,    -5.680561E-3
1.242250E+7,    2.225399E-3,    -5.754471E-3
1.242875E+7,    2.232552E-3,    -5.853653E-3
1.243500E+7,    2.245903E-3,    -5.966663E-3
1.244125E+7,    2.276897E-3,    -6.035805E-3
1.244750E+7,    2.343178E-3,    -6.078720E-3
1.245375E+7,    2.326012E-3,    -6.160736E-3
1.246000E+7,    2.358437E-3,    -6.198883E-3
1.246625E+7,    2.380371E-3,    -6.359100E-3
1.247250E+7,    2.420902E-3,    -6.387711E-3
1.247875E+7,    2.473354E-3,    -6.514549E-3
1.248500E+7,    2.490044E-3,    -6.571770E-3
1.249125E+7,    2.534389E-3,    -6.671429E-3
1.249750E+7,    2.508640E-3,    -6.778240E-3
1.250375E+7,    2.565861E-3,    -6.942272E-3
1.251000E+7,    2.617836E-3,    -6.951332E-3
1.251625E+7,    2.657413E-3,    -7.086277E-3
1.252250E+7,    2.669334E-3,    -7.196903E-3
1.252875E+7,    2.744198E-3,    -7.285118E-3
1.253500E+7,    2.752304E-3,    -7.357121E-3
1.254125E+7,    2.796173E-3,    -7.495403E-3
1.254750E+7,    2.784252E-3,    -7.596970E-3
1.255375E+7,    2.861500E-3,    -7.714272E-3
1.256000E+7,    2.866268E-3,    -7.835388E-3
1.256625E+7,    2.905846E-3,    -7.986069E-3
1.257250E+7,    2.971649E-3,    -8.074760E-3
1.257875E+7,    3.005028E-3,    -8.195877E-3
1.258500E+7,    3.024101E-3,    -8.344650E-3
1.259125E+7,    3.038406E-3,    -8.491516E-3
1.259750E+7,    3.172874E-3,    -8.632660E-3
1.260375E+7,    3.182411E-3,    -8.800507E-3
1.261000E+7,    3.095627E-3,    -8.982658E-3
1.261625E+7,    3.173828E-3,    -9.202957E-3
1.262250E+7,    3.257751E-3,    -9.248734E-3
1.262875E+7,    3.047943E-3,    -9.732246E-3
1.263500E+7,    3.319740E-3,    -9.442329E-3
1.264125E+7,    3.405571E-3,    -9.739876E-3
1.264750E+7,    3.457069E-3,    -9.950638E-3
1.265375E+7,    3.520966E-3,    -1.002598E-2
1.266000E+7,    3.452301E-3,    -1.039028E-2
1.266625E+7,    3.590584E-3,    -1.040840E-2
1.267250E+7,    1.210213E-3,    -1.135921E-2
1.267875E+7,    2.270699E-3,    -1.151752E-2
1.268500E+7,    1.238823E-3,    -1.207542E-2
1.269125E+7,    2.706528E-3,    -1.204395E-2
1.269750E+7,    3.851891E-3,    -1.125431E-2
1.270375E+7,    -2.861023E-5,    -1.176548E-2
1.271000E+7,    1.335144E-3,    -1.360798E-2
1.271625E+7,    4.095078E-3,    -1.207256E-2
1.272250E+7,    4.146576E-3,    -1.226902E-2
1.272875E+7,    4.224777E-3,    -1.254368E-2
1.273500E+7,    4.123688E-3,    -1.308918E-2
1.274125E+7,    4.352093E-3,    -1.322079E-2
1.274750E+7,    4.267693E-3,    -1.366091E-2
1.275375E+7,    4.528046E-3,    -1.361990E-2
1.276000E+7,    3.748894E-3,    -1.422834E-2
1.276625E+7,    1.969337E-3,    -1.476622E-2
1.277250E+7,    -2.778053E-3,    -1.083088E-2
1.277875E+7,    -4.263878E-3,    -1.366138E-2
1.278500E+7,    -2.154350E-3,    -1.624775E-2
1.279125E+7,    1.373291E-4,    -1.720810E-2
1.279750E+7,    3.662109E-3,    -1.618385E-2
1.280375E+7,    -1.919746E-3,    -1.581478E-2
1.281000E+7,    -6.027222E-3,    -1.362324E-2
1.281625E+7,    -4.982948E-3,    -1.828003E-2
1.282250E+7,    -5.393982E-3,    -1.813698E-2
1.282875E+7,    1.362801E-3,    -1.886368E-2
1.283500E+7,    -7.849693E-3,    -1.598930E-2
1.284125E+7,    4.950523E-3,    -2.054596E-2
1.284750E+7,    5.720139E-3,    -2.027512E-2
1.285375E+7,    4.212379E-3,    -2.158928E-2
1.286000E+7,    4.284859E-3,    -2.162170E-2
1.286625E+7,    4.172325E-3,    -2.284431E-2
1.287250E+7,    5.064964E-3,    -2.308559E-2
1.287875E+7,    6.185532E-3,    -2.276993E-2
1.288500E+7,    4.916191E-3,    -2.314949E-2
1.289125E+7,    3.280640E-3,    -2.557087E-2
1.289750E+7,    -1.754761E-4,    -2.601147E-2
1.290375E+7,    4.227638E-3,    -2.559185E-2
1.291000E+7,    2.351761E-3,    -2.673531E-2
1.291625E+7,    1.019478E-3,    -2.867222E-2
1.292250E+7,    -2.123833E-3,    -2.548790E-2
1.292875E+7,    -1.392365E-4,    -2.854919E-2
1.293500E+7,    -1.136780E-2,    -2.394676E-2
1.294125E+7,    -8.033752E-3,    -2.682877E-2
1.294750E+7,    -1.133156E-2,    -2.086830E-2
1.295375E+7,    -1.144218E-2,    -1.382256E-2
1.296000E+7,    -9.960175E-3,    -1.053333E-2
1.296625E+7,    -9.850502E-3,    -1.009560E-2
1.297250E+7,    -1.027393E-2,    -1.048183E-2
1.297875E+7,    -1.055431E-2,    -1.068592E-2
1.298500E+7,    -1.084042E-2,    -1.086617E-2
1.299125E+7,    -1.126003E-2,    -1.112556E-2
1.299750E+7,    -1.160431E-2,    -1.138973E-2
1.300375E+7,    -1.205063E-2,    -1.171780E-2
1.301000E+7,    -1.249790E-2,    -1.206493E-2
1.301625E+7,    -1.290417E-2,    -1.233292E-2
1.302250E+7,    -1.342964E-2,    -1.272774E-2
1.302875E+7,    -1.395702E-2,    -1.306248E-2
1.303500E+7,    -1.449680E-2,    -1.344395E-2
1.304125E+7,    -1.512241E-2,    -1.375389E-2
1.304750E+7,    -1.571751E-2,    -1.419067E-2
1.305375E+7,    -1.629257E-2,    -1.454830E-2
1.306000E+7,    -1.700401E-2,    -1.494598E-2
1.306625E+7,    -1.778030E-2,    -1.541901E-2
1.307250E+7,    -1.856995E-2,    -1.588821E-2
1.307875E+7,    -1.952171E-2,    -1.646042E-2
1.308500E+7,    -2.041435E-2,    -1.696968E-2
1.309125E+7,    -2.144051E-2,    -1.753044E-2
1.309750E+7,    -2.240372E-2,    -1.802254E-2
1.310375E+7,    -2.351189E-2,    -1.855087E-2
1.311000E+7,    -2.474213E-2,    -1.916695E-2
1.311625E+7,    -2.605820E-2,    -1.978302E-2
1.312250E+7,    -2.753830E-2,    -2.048874E-2
1.312875E+7,    -2.917290E-2,    -2.123833E-2
1.313500E+7,    -3.079987E-2,    -2.189827E-2
1.314125E+7,    -3.259850E-2,    -2.252960E-2
1.314750E+7,    -3.465080E-2,    -2.331161E-2
1.315375E+7,    -3.727341E-2,    -2.435684E-2
1.316000E+7,    -3.973007E-2,    -2.515030E-2
1.316625E+7,    -4.232025E-2,    -2.601242E-2
1.317250E+7,    -4.489899E-2,    -2.647400E-2
1.317875E+7,    -4.825592E-2,    -2.736282E-2
1.318500E+7,    -5.167389E-2,    -2.812958E-2
1.319125E+7,    -5.599976E-2,    -2.883530E-2
1.319750E+7,    -5.948639E-2,    -2.917099E-2
1.320375E+7,    -6.430054E-2,    -2.946091E-2
1.321000E+7,    -7.018280E-2,    -3.017044E-2
1.321625E+7,    -7.506943E-2,    -2.964401E-2
1.322250E+7,    -8.149338E-2,    -2.929306E-2
1.322875E+7,    -8.944702E-2,    -2.849960E-2
1.323500E+7,    -9.836578E-2,    -2.710724E-2
1.324125E+7,    -1.088715E-1,    -2.503204E-2
1.324750E+7,    -1.215897E-1,    -2.175140E-2
1.325375E+7,    -1.352463E-1,    -1.708221E-2
1.326000E+7,    -1.470337E-1,    -9.063721E-3
1.326625E+7,    -1.609650E-1,    1.426697E-3
1.327250E+7,    -1.755295E-1,    1.541138E-2
1.327875E+7,    -1.905136E-1,    3.441620E-2
1.328500E+7,    -1.997681E-1,    5.700684E-2
1.329125E+7,    -2.104950E-1,    8.628845E-2
1.329750E+7,    -2.110367E-1,    1.167831E-1
1.330375E+7,    -2.020569E-1,    1.500931E-1
1.331000E+7,    -1.912918E-1,    1.875763E-1
1.331625E+7,    -1.682434E-1,    2.145615E-1
1.332250E+7,    -1.421509E-1,    2.410126E-1
1.332875E+7,    -1.088104E-1,    2.459412E-1
1.333500E+7,    -7.386780E-2,    2.448120E-1
1.334125E+7,    -4.699707E-2,    2.404480E-1
1.334750E+7,    -2.227783E-2,    2.341766E-1
1.335375E+7,    -2.426147E-3,    2.307587E-1
1.336000E+7,    1.271057E-2,    2.206268E-1
1.336625E+7,    2.766418E-2,    2.089996E-1
1.337250E+7,    3.802490E-2,    2.030487E-1
1.337875E+7,    4.733276E-2,    1.921387E-1
1.338500E+7,    5.502319E-2,    1.820221E-1
1.339125E+7,    6.222534E-2,    1.766510E-1
1.339750E+7,    6.680298E-2,    1.686249E-1
1.340375E+7,    7.185364E-2,    1.609192E-1
1.341000E+7,    7.618713E-2,    1.552124E-1
1.341625E+7,    8.103943E-2,    1.517029E-1
1.342250E+7,    8.504486E-2,    1.465836E-1
1.342875E+7,    8.972931E-2,    1.435394E-1
1.343500E+7,    9.483337E-2,    1.406021E-1
1.344125E+7,    9.754181E-2,    1.359100E-1
1.344750E+7,    1.027374E-1,    1.334610E-1
1.345375E+7,    1.074142E-1,    1.305923E-1
1.346000E+7,    1.121140E-1,    1.272049E-1
1.346625E+7,    1.183167E-1,    1.256790E-1
1.347250E+7,    1.254120E-1,    1.240234E-1
1.347875E+7,    1.310120E-1,    1.208191E-1
1.348500E+7,    1.367950E-1,    1.166077E-1
1.349125E+7,    1.441193E-1,    1.132050E-1
1.349750E+7,    1.529388E-1,    1.096344E-1
1.350375E+7,    1.629486E-1,    1.060638E-1
1.351000E+7,    1.722870E-1,    1.001434E-1
1.351625E+7,    1.827087E-1,    9.242249E-2
1.352250E+7,    1.940918E-1,    8.403015E-2
1.352875E+7,    2.063141E-1,    7.316589E-2
1.353500E+7,    2.187042E-1,    5.935669E-2
1.354125E+7,    2.300262E-1,    4.272461E-2
1.354750E+7,    2.402649E-1,    2.227783E-2
1.355375E+7,    2.474060E-1,    -1.655579E-3
1.356000E+7,    2.504578E-1,    -2.856445E-2
1.356625E+7,    2.474136E-1,    -5.718994E-2
1.357250E+7,    2.381516E-1,    -8.612061E-2
1.357875E+7,    2.233582E-1,    -1.130371E-1
1.358500E+7,    2.025146E-1,    -1.355438E-1
1.359125E+7,    1.782379E-1,    -1.518707E-1
1.359750E+7,    1.528320E-1,    -1.624146E-1
1.360375E+7,    1.276703E-1,    -1.671753E-1
1.361000E+7,    1.040344E-1,    -1.671295E-1
1.361625E+7,    8.366394E-2,    -1.638489E-1
1.362250E+7,    6.625366E-2,    -1.578674E-1
1.362875E+7,    5.122375E-2,    -1.507111E-1
1.363500E+7,    3.918457E-2,    -1.432037E-1
1.364125E+7,    2.905273E-2,    -1.353302E-1
1.364750E+7,    2.084351E-2,    -1.268158E-1
1.365375E+7,    1.425171E-2,    -1.193695E-1
1.366000E+7,    8.720398E-3,    -1.119080E-1
1.366625E+7,    4.501343E-3,    -1.058960E-1
1.367250E+7,    7.781982E-4,    -9.933472E-2
1.367875E+7,    -2.296448E-3,    -9.365845E-2
1.368500E+7,    -4.341125E-3,    -8.829498E-2
1.369125E+7,    -6.187439E-3,    -8.338165E-2
1.369750E+7,    -7.446289E-3,    -7.849884E-2
1.370375E+7,    -8.972168E-3,    -7.395172E-2
1.371000E+7,    -9.872437E-3,    -7.037354E-2
1.371625E+7,    -1.065063E-2,    -6.687927E-2
1.372250E+7,    -1.125336E-2,    -6.361389E-2
1.372875E+7,    -1.184845E-2,    -6.063080E-2
1.373500E+7,    -1.217651E-2,    -5.785370E-2
1.374125E+7,    -1.248169E-2,    -5.529785E-2
1.374750E+7,    -1.273346E-2,    -5.288696E-2
1.375375E+7,    -1.284790E-2,    -5.068970E-2
1.376000E+7,    -1.298141E-2,    -4.867172E-2
1.376625E+7,    -1.305771E-2,    -4.668808E-2
1.377250E+7,    -1.311111E-2,    -4.491043E-2
1.377875E+7,    -1.311111E-2,    -4.329681E-2
1.378500E+7,    -1.310349E-2,    -4.173660E-2
1.379125E+7,    -1.309967E-2,    -4.026031E-2
1.379750E+7,    -1.311111E-2,    -3.890610E-2
1.380375E+7,    -1.305389E-2,    -3.764343E-2
1.381000E+7,    -1.301956E-2,    -3.641510E-2
1.381625E+7,    -1.288223E-2,    -3.531265E-2
1.382250E+7,    -1.278687E-2,    -3.423691E-2
1.382875E+7,    -1.276779E-2,    -3.327179E-2
1.383500E+7,    -1.266479E-2,    -3.233719E-2
1.384125E+7,    -1.259232E-2,    -3.144836E-2
1.384750E+7,    -1.254654E-2,    -3.061295E-2
1.385375E+7,    -1.249695E-2,    -2.983856E-2
1.386000E+7,    -1.238632E-2,    -2.912521E-2
1.386625E+7,    -1.236343E-2,    -2.840805E-2
1.387250E+7,    -1.224899E-2,    -2.772903E-2
1.387875E+7,    -1.221848E-2,    -2.710724E-2
1.388500E+7,    -1.210403E-2,    -2.656555E-2
1.389125E+7,    -1.206207E-2,    -2.604675E-2
1.389750E+7,    -1.200867E-2,    -2.548218E-2
1.390375E+7,    -1.195908E-2,    -2.500534E-2
1.391000E+7,    -1.189804E-2,    -2.453613E-2
1.391625E+7,    -1.188660E-2,    -2.408218E-2
1.392250E+7,    -1.184464E-2,    -2.366257E-2
1.392875E+7,    -1.181412E-2,    -2.331924E-2
1.393500E+7,    -1.181984E-2,    -2.293777E-2
1.394125E+7,    -1.181221E-2,    -2.258873E-2
1.394750E+7,    -1.178551E-2,    -2.227783E-2
1.395375E+7,    -1.178741E-2,    -2.197456E-2
1.396000E+7,    -1.181793E-2,    -2.169418E-2
1.396625E+7,    -1.181984E-2,    -2.147102E-2
1.397250E+7,    -1.186371E-2,    -2.118301E-2
1.397875E+7,    -1.192856E-2,    -2.098083E-2
1.398500E+7,    -1.191521E-2,    -2.079582E-2
1.399125E+7,    -1.197052E-2,    -2.064133E-2
1.399750E+7,    -1.206398E-2,    -2.046204E-2
1.400375E+7,    -1.213646E-2,    -2.032852E-2
1.401000E+7,    -1.225471E-2,    -2.020264E-2
1.401625E+7,    -1.234055E-2,    -2.009773E-2
1.402250E+7,    -1.245880E-2,    -1.999092E-2
1.402875E+7,    -1.260948E-2,    -1.993752E-2
1.403500E+7,    -1.276207E-2,    -1.987457E-2
1.404125E+7,    -1.291656E-2,    -1.980972E-2
1.404750E+7,    -1.309013E-2,    -1.981735E-2
1.405375E+7,    -1.333618E-2,    -1.981354E-2
1.406000E+7,    -1.359367E-2,    -1.986885E-2
1.406625E+7,    -1.380157E-2,    -1.990891E-2
1.407250E+7,    -1.410294E-2,    -1.995087E-2
1.407875E+7,    -1.446152E-2,    -2.006912E-2
1.408500E+7,    -1.484680E-2,    -2.018547E-2
1.409125E+7,    -1.520157E-2,    -2.027893E-2
1.409750E+7,    -1.562119E-2,    -2.044106E-2
1.410375E+7,    -1.613235E-2,    -2.060318E-2
1.411000E+7,    -1.672363E-2,    -2.087975E-2
1.411625E+7,    -1.733780E-2,    -2.108765E-2
1.412250E+7,    -1.802444E-2,    -2.136612E-2
1.412875E+7,    -1.885796E-2,    -2.165222E-2
1.413500E+7,    -1.975822E-2,    -2.200699E-2
1.414125E+7,    -2.080917E-2,    -2.232170E-2
1.414750E+7,    -2.200317E-2,    -2.277184E-2
1.415375E+7,    -2.344131E-2,    -2.320099E-2
1.416000E+7,    -2.504349E-2,    -2.361298E-2
1.416625E+7,    -2.699280E-2,    -2.404213E-2
1.417250E+7,    -2.920532E-2,    -2.438927E-2
1.417875E+7,    -3.188705E-2,    -2.470398E-2
1.418500E+7,    -3.510094E-2,    -2.482605E-2
1.419125E+7,    -3.904915E-2,    -2.461815E-2
1.419750E+7,    -4.369354E-2,    -2.397537E-2
1.420375E+7,    -4.928207E-2,    -2.230835E-2
1.421000E+7,    -5.585861E-2,    -1.920700E-2
1.421625E+7,    -6.308746E-2,    -1.366806E-2
1.422250E+7,    -7.009888E-2,    -4.795074E-3
1.422875E+7,    -7.474899E-2,    8.190155E-3
1.423500E+7,    -7.441711E-2,    2.431488E-2
1.424125E+7,    -6.679916E-2,    4.011536E-2
1.424750E+7,    -5.352402E-2,    5.090332E-2
1.425375E+7,    -3.865433E-2,    5.519104E-2
1.426000E+7,    -2.554321E-2,    5.385208E-2
1.426625E+7,    -1.576614E-2,    4.983139E-2
1.427250E+7,    -8.888245E-3,    4.476166E-2
1.427875E+7,    -4.360199E-3,    3.980255E-2
1.428500E+7,    -1.335144E-3,    3.522873E-2
1.429125E+7,    6.637573E-4,    3.130341E-2
1.429750E+7,    1.921654E-3,    2.792645E-2
1.430375E+7,    2.748489E-3,    2.499008E-2
1.431000E+7,    3.277779E-3,    2.249146E-2
1.431625E+7,    3.563881E-3,    2.033615E-2
1.432250E+7,    3.715515E-3,    1.845646E-2
1.432875E+7,    3.834724E-3,    1.681900E-2
1.433500E+7,    3.812790E-3,    1.542950E-2
1.434125E+7,    3.780365E-3,    1.414680E-2
1.434750E+7,    3.721237E-3,    1.304436E-2
1.435375E+7,    3.639698E-3,    1.208735E-2
1.436000E+7,    3.501415E-3,    1.118994E-2
1.436625E+7,    3.429890E-3,    1.040459E-2
1.437250E+7,    3.311157E-3,    9.721279E-3
1.437875E+7,    3.218174E-3,    9.086132E-3
1.438500E+7,    3.089905E-3,    8.511543E-3
1.439125E+7,    2.979755E-3,    7.953167E-3
1.439750E+7,    2.881050E-3,    7.478714E-3
1.440375E+7,    2.750397E-3,    7.059574E-3
1.441000E+7,    2.683163E-3,    6.650448E-3
1.441625E+7,    2.559185E-3,    6.253242E-3
1.442250E+7,    2.477169E-3,    5.908966E-3
1.442875E+7,    2.362013E-3,    5.608797E-3
1.443500E+7,    2.284765E-3,    5.341053E-3
1.444125E+7,    2.188683E-3,    5.025148E-3
1.444750E+7,    2.120018E-3,    4.759073E-3
1.445375E+7,    2.034426E-3,    4.536629E-3
1.446000E+7,    1.985788E-3,    4.334927E-3
1.446625E+7,    1.894712E-3,    4.111290E-3
1.447250E+7,    1.829624E-3,    3.911972E-3
1.447875E+7,    1.771688E-3,    3.751516E-3
1.448500E+7,    1.689672E-3,    3.586769E-3
1.449125E+7,    1.628160E-3,    3.426552E-3
1.449750E+7,    1.587868E-3,    3.254175E-3
1.450375E+7,    1.534224E-3,    3.115892E-3
1.451000E+7,    1.486778E-3,    2.989292E-3
1.451625E+7,    1.412630E-3,    2.875805E-3
1.452250E+7,    1.386404E-3,    2.754688E-3
1.452875E+7,    1.316786E-3,    2.640247E-3
1.453500E+7,    1.303434E-3,    2.508163E-3
1.454125E+7,    1.224518E-3,    2.445459E-3
1.454750E+7,    1.209974E-3,    2.321720E-3
1.455375E+7,    1.164556E-3,    2.244115E-3
1.456000E+7,    1.149178E-3,    2.150297E-3
1.456625E+7,    1.074672E-3,    2.067089E-3
1.457250E+7,    1.052976E-3,    1.973271E-3
1.457875E+7,    1.024485E-3,    1.905084E-3
1.458500E+7,    9.946823E-4,    1.818538E-3
1.459125E+7,    9.593964E-4,    1.762152E-3
1.459750E+7,    9.467602E-4,    1.715541E-3
1.460375E+7,    9.031296E-4,    1.673460E-3
1.461000E+7,    8.791685E-4,    1.579762E-3
1.461625E+7,    8.624792E-4,    1.532793E-3
1.462250E+7,    8.358955E-4,    1.474023E-3
1.462875E+7,    7.972717E-4,    1.433611E-3
1.463500E+7,    7.610321E-4,    1.377583E-3
1.464125E+7,    7.443428E-4,    1.320124E-3
1.464750E+7,    7.330179E-4,    1.287460E-3
1.465375E+7,    7.122755E-4,    1.244545E-3
1.466000E+7,    7.047653E-4,    1.186609E-3
1.466625E+7,    6.738305E-4,    1.154184E-3
1.467250E+7,    6.815791E-4,    1.119316E-3
1.467875E+7,    6.062388E-4,    1.091480E-3
1.468500E+7,    6.366968E-4,    1.050532E-3
1.469125E+7,    5.917549E-4,    1.032412E-3
1.469750E+7,    5.941987E-4,    9.868145E-4
1.470375E+7,    5.701780E-4,    9.456277E-4
1.471000E+7,    5.466342E-4,    8.959770E-4
1.471625E+7,    5.390048E-4,    8.864999E-4
1.472250E+7,    5.475879E-4,    8.635521E-4
1.472875E+7,    4.845262E-4,    8.412004E-4
1.473500E+7,    4.844666E-4,    8.114576E-4
1.474125E+7,    4.823804E-4,    7.889867E-4
1.474750E+7,    4.680157E-4,    7.609129E-4
1.475375E+7,    4.555583E-4,    7.398129E-4
1.476000E+7,    4.460812E-4,    7.237196E-4
1.476625E+7,    4.339814E-4,    6.953478E-4
1.477250E+7,    4.266500E-4,    6.753206E-4
1.477875E+7,    4.062653E-4,    6.470084E-4
1.478500E+7,    4.119277E-4,    6.389618E-4
1.479125E+7,    3.791749E-4,    6.141961E-4
1.479750E+7,    3.784299E-4,    5.989671E-4
1.480375E+7,    3.795326E-4,    5.902052E-4
1.481000E+7,    3.596246E-4,    5.630553E-4
1.481625E+7,    3.576875E-4,    5.631745E-4
1.482250E+7,    3.364384E-4,    5.514324E-4
1.482875E+7,    3.279746E-4,    5.236566E-4
1.483500E+7,    3.186762E-4,    5.027950E-4
1.484125E+7,    3.027916E-4,    5.050302E-4
1.484750E+7,    3.169775E-4,    4.717112E-4
1.485375E+7,    3.189743E-4,    4.784763E-4
1.486000E+7,    2.975762E-4,    4.600286E-4
1.486625E+7,    2.898276E-4,    4.464686E-4
1.487250E+7,    2.782643E-4,    4.557669E-4
1.487875E+7,    2.716482E-4,    4.190505E-4
1.488500E+7,    2.567470E-4,    4.143715E-4
1.489125E+7,    2.512038E-4,    4.157424E-4
1.489750E+7,    2.545714E-4,    3.691018E-4
1.490375E+7,    2.476275E-4,    4.005432E-4
1.491000E+7,    2.307892E-4,    3.740788E-4
1.491625E+7,    2.256334E-4,    3.601611E-4
1.492250E+7,    2.282560E-4,    3.440082E-4
1.492875E+7,    2.254546E-4,    3.525913E-4
1.493500E+7,    2.003610E-4,    3.125966E-4
1.494125E+7,    1.915991E-4,    3.218353E-4
1.494750E+7,    2.090633E-4,    2.947748E-4
1.495375E+7,    1.953542E-4,    3.286004E-4
1.496000E+7,    2.022982E-4,    3.037453E-4
1.496625E+7,    1.963377E-4,    3.048480E-4
1.497250E+7,    2.059340E-4,    2.641529E-4
1.497875E+7,    1.779348E-4,    2.715588E-4
1.498500E+7,    1.817793E-4,    2.552271E-4
1.499125E+7,    1.671463E-4,    2.505779E-4
1.499750E+7,    1.735389E-4,    2.417415E-4
1.500375E+7,    1.576245E-4,    2.378821E-4
1.501000E+7,    1.477599E-4,    2.409071E-4
1.501625E+7,    1.649559E-4,    2.435148E-4
1.502250E+7,    1.492798E-4,    2.249926E-4
1.502875E+7,    1.444221E-4,    2.341419E-4
1.503500E+7,    1.630634E-4,    2.128482E-4
1.504125E+7,    1.287460E-4,    2.004504E-4
1.504750E+7,    1.245737E-4,    2.094954E-4
1.505375E+7,    1.510978E-4,    2.170503E-4
1.506000E+7,    1.519769E-4,    1.929253E-4
1.506625E+7,    1.274347E-4,    2.001524E-4
1.507250E+7,    1.229942E-4,    1.704842E-4
1.507875E+7,    1.363754E-4,    1.966059E-4
1.508500E+7,    1.365095E-4,    1.731515E-4
1.509125E+7,    1.350343E-4,    1.655519E-4
1.509750E+7,    1.375824E-4,    1.720935E-4
1.510375E+7,    1.137257E-4,    1.566708E-4
1.511000E+7,    1.155287E-4,    1.480430E-4
1.511625E+7,    8.791685E-5,    1.803488E-4
1.512250E+7,    9.988993E-5,    1.450405E-4
1.512875E+7,    1.200736E-4,    1.454353E-4
1.513500E+7,    1.053438E-4,    1.348332E-4
1.514125E+7,    9.406358E-5,    1.465231E-4
1.514750E+7,    1.126081E-4,    1.084134E-4
1.515375E+7,    1.043156E-4,    1.269206E-4
1.516000E+7,    1.010597E-4,    1.282841E-4
1.516625E+7,    1.064911E-4,    1.418069E-4
1.517250E+7,    9.405613E-5,    1.383349E-4
1.517875E+7,    8.177757E-5,    1.348630E-4
1.518500E+7,    1.036003E-4,    1.188144E-4
1.519125E+7,    6.856769E-5,    1.082644E-4
1.519750E+7,    7.675588E-5,    9.719282E-5
1.520375E+7,    6.493926E-5,    8.589029E-5
1.521000E+7,    6.977469E-5,    1.080781E-4
1.521625E+7,    8.161366E-5,    9.553134E-5
1.522250E+7,    1.045316E-4,    1.112893E-4
1.522875E+7,    7.129461E-5,    1.082793E-4
1.523500E+7,    6.975979E-5,    9.243935E-5
1.524125E+7,    7.692724E-5,    8.963048E-5
1.524750E+7,    7.615238E-5,    1.062974E-4
1.525375E+7,    6.607175E-5,    1.104623E-4
1.526000E+7,    6.820261E-5,    8.527935E-5
1.526625E+7,    6.596744E-5,    7.882714E-5
1.527250E+7,    5.888194E-5,    9.020418E-5
1.527875E+7,    6.312877E-5,    8.881092E-5
1.528500E+7,    8.440763E-5,    8.828938E-5
1.529125E+7,    5.769730E-5,    8.355826E-5
1.529750E+7,    7.601827E-5,    5.877018E-5
1.530375E+7,    7.133186E-5,    8.570403E-5
1.531000E+7,    5.942211E-5,    6.610528E-5
1.531625E+7,    5.472451E-5,    8.445233E-5
1.532250E+7,    3.101304E-5,    8.630753E-5
1.532875E+7,    6.573647E-5,    7.024407E-5
1.533500E+7,    5.622208E-5,    9.360164E-5
1.534125E+7,    4.281849E-5,    9.201467E-5
1.534750E+7,    5.128235E-5,    7.148087E-5
1.535375E+7,    5.913526E-5,    8.370727E-5
1.536000E+7,    4.373863E-5,    4.356727E-5
1.536625E+7,    3.641471E-5,    7.490069E-5
1.537250E+7,    5.113706E-5,    5.809963E-5
1.537875E+7,    4.826114E-5,    6.022677E-5
1.538500E+7,    6.090477E-5,    5.560368E-5
1.539125E+7,    2.631545E-5,    6.271899E-5
1.539750E+7,    4.956126E-5,    5.150959E-5
1.540375E+7,    4.640222E-5,    6.547198E-5
1.541000E+7,    4.258007E-5,    5.742162E-5
1.541625E+7,    4.463643E-5,    8.574128E-5
1.542250E+7,    6.149337E-5,    5.363300E-5
1.542875E+7,    4.726648E-5,    2.112240E-5
1.543500E+7,    3.612414E-5,    4.315749E-5
1.544125E+7,    1.634285E-5,    4.922971E-5
1.544750E+7,    2.732873E-5,    1.458079E-5
1.545375E+7,    4.040822E-5,    5.728379E-5
1.546000E+7,    5.298480E-5,    4.181638E-5
1.546625E+7,    3.916025E-5,    3.580749E-5
1.547250E+7,    1.353025E-5,    6.005913E-5
1.547875E+7,    2.786890E-5,    4.205853E-5
1.548500E+7,    1.234002E-6,    2.742000E-5
1.549125E+7,    1.601875E-5,    2.013892E-5
1.549750E+7,    5.146489E-5,    8.158386E-7
1.550375E+7,    5.844980E-5,    5.085766E-5
1.551000E+7,    3.907457E-5,    5.007163E-5
1.551625E+7,    3.750250E-5,    3.875792E-5
1.552250E+7,    4.316866E-5,    4.204735E-5
1.552875E+7,    4.387274E-5,    3.298745E-5
1.553500E+7,    4.497916E-5,    2.022833E-5
1.554125E+7,    5.212799E-5,    4.148111E-5
1.554750E+7,    7.936731E-6,    4.736893E-5
1.555375E+7,    3.494695E-5,    1.673400E-5
1.556000E+7,    3.895909E-5,    3.636628E-5
1.556625E+7,    2.852269E-5,    1.763552E-5
1.557250E+7,    2.892315E-5,    3.901124E-5
1.557875E+7,    8.659437E-6,    4.811399E-5
1.558500E+7,    1.121312E-5,    4.112534E-5
1.559125E+7,    3.308803E-5,    3.706291E-5
1.559750E+7,    1.988746E-5,    1.615845E-5
1.560375E+7,    1.488067E-5,    3.819913E-5
1.561000E+7,    1.752935E-5,    2.726354E-5
1.561625E+7,    3.135949E-5,    4.813075E-5
1.562250E+7,    2.999231E-5,    3.819540E-5
1.562875E+7,    2.927519E-5,    2.976879E-5
1.563500E+7,    1.870282E-5,    6.703660E-6
1.564125E+7,    2.904609E-5,    3.686175E-5
1.564750E+7,    3.095716E-5,    -2.199784E-6
1.565375E+7,    7.546041E-6,    4.236586E-6
1.566000E+7,    -2.024695E-6,    1.063105E-5
1.566625E+7,    4.692003E-6,    3.422983E-5
1.567250E+7,    1.429394E-5,    2.753362E-5
1.567875E+7,    1.937523E-5,    1.452863E-5
1.568500E+7,    3.386848E-5,    -5.008653E-6
1.569125E+7,    -4.393980E-6,    -6.274320E-6
1.569750E+7,    -2.373941E-6,    2.973806E-5
1.570375E+7,    1.591444E-5,    3.547035E-5
1.571000E+7,    9.248964E-6,    -6.632414E-6
1.571625E+7,    -7.201917E-6,    -2.290308E-5
1.572250E+7,    1.374166E-6,    8.398201E-6
1.572875E+7,    2.268702E-5,    1.170672E-5
1.573500E+7,    2.842396E-6,    1.673866E-5
1.574125E+7,    2.104230E-5,    2.207048E-5
1.574750E+7,    -7.078052E-8,    1.896732E-5
1.575375E+7,    1.969188E-5,    1.364015E-5
1.576000E+7,    7.718801E-6,    2.263486E-5
1.576625E+7,    2.904981E-5,    2.563000E-5
1.577250E+7,    -2.570078E-5,    1.009181E-5
1.577875E+7,    6.003072E-6,    -4.637754E-6
1.578500E+7,    1.857989E-5,    2.400950E-5
1.579125E+7,    -1.334585E-6,    1.064735E-5
1.579750E+7,    1.489650E-5,    -1.168577E-5
1.580375E+7,    1.288392E-5,    2.839044E-5
1.581000E+7,    -2.954854E-6,    2.357294E-6
1.581625E+7,    2.470613E-5,    1.887605E-5
1.582250E+7,    -2.937159E-6,    2.367888E-6
1.582875E+7,    -8.760020E-6,    7.121358E-6
1.583500E+7,    1.936406E-5,    -6.060116E-6
1.584125E+7,    -7.701106E-6,    -3.428664E-6
1.584750E+7,    -6.022560E-11,    6.316156E-10
1.585375E+7,    -3.166497E-8,    2.939627E-5
1.586000E+7,    1.831539E-5,    4.295260E-6
1.586625E+7,    5.417178E-11,    -6.305356E-10
1.587250E+7,    5.723443E-6,    -4.876871E-6
1.587875E+7,    -1.999550E-5,    1.712423E-5
1.588500E+7,    7.749069E-6,    3.260560E-6
1.589125E+7,    1.306646E-5,    1.056492E-5
1.589750E+7,    3.504939E-5,    1.524389E-5
1.590375E+7,    9.978190E-6,    2.516061E-5
1.591000E+7,    1.546647E-5,    -6.081536E-7
1.591625E+7,    1.162849E-5,    1.774635E-5
1.592250E+7,    -7.349998E-6,    -1.486391E-6
1.592875E+7,    7.336494E-7,    -3.674999E-6
1.593500E+7,    -9.516254E-6,    9.574927E-6
1.594125E+7,    3.807247E-6,    1.978502E-5
1.594750E+7,    2.064742E-6,    -1.103012E-5
1.595375E+7,    9.412412E-6,    -9.681098E-6
1.596000E+7,    1.995824E-6,    -1.105387E-5
1.596625E+7,    1.143850E-5,    2.106838E-5
1.597250E+7,    -6.071758E-6,    -8.675270E-6
1.597875E+7,    -9.919517E-6,    1.349440E-5
1.598500E+7,    9.839423E-6,    -1.352886E-5
1.599125E+7,    -1.538359E-5,    1.263805E-6
1.599750E+7,    -1.476984E-5,    -2.358109E-6
1.600375E+7,    2.162997E-5,    -2.907775E-5
1.601000E+7,    -8.670613E-5,    1.061298E-4
1.601625E+7,    -3.083050E-5,    -1.043156E-4
1.602250E+7,    -1.224875E-5,    2.253801E-5
1.602875E+7,    -1.868233E-5,    -5.692616E-5
1.603500E+7,    -4.731305E-5,    2.249703E-5
1.604125E+7,    1.937151E-5,    -6.250292E-5
1.604750E+7,    -6.021187E-5,    -6.641075E-5
1.605375E+7,    -7.143244E-5,    7.834285E-6
1.606000E+7,    -2.048910E-6,    5.733036E-5
1.606625E+7,    -1.343861E-4,    1.284555E-4
1.607250E+7,    -2.584979E-5,    6.335601E-5
1.607875E+7,    -8.441508E-5,    -8.115172E-5
1.608500E+7,    7.536262E-5,    1.085699E-4
1.609125E+7,    1.944005E-4,    8.270144E-6
1.609750E+7,    6.167591E-5,    -2.185255E-5
1.610375E+7,    -2.463348E-5,    4.504062E-5
1.611000E+7,    7.255003E-5,    -3.647059E-5
1.611625E+7,    -5.070865E-5,    -7.309765E-5
1.612250E+7,    3.269874E-6,    4.719477E-6
1.612875E+7,    9.472668E-5,    -4.475936E-5
1.613500E+7,    5.031377E-5,    -3.828481E-5
1.614125E+7,    3.865734E-5,    2.558902E-5
1.614750E+7,    -3.195554E-5,    -5.818903E-6
1.615375E+7,    -1.052134E-4,    7.986650E-5
1.616000E+7,    -3.740564E-5,    -4.388765E-5
1.616625E+7,    -9.202957E-5,    -7.254630E-5
1.617250E+7,    4.742295E-5,    -2.228282E-5
1.617875E+7,    9.413064E-5,    -8.596480E-5
1.618500E+7,    2.769195E-5,    -6.095320E-5
1.619125E+7,    -8.673966E-5,    5.628541E-5
1.619750E+7,    6.407872E-5,    2.208725E-5
1.620375E+7,    -6.422028E-5,    -3.248826E-5
1.621000E+7,    9.948760E-5,    4.307926E-5
1.621625E+7,    -1.093466E-5,    1.450954E-5
1.622250E+7,    -4.730001E-5,    3.255531E-5
1.622875E+7,    -2.969429E-5,    3.787316E-5
1.623500E+7,    -4.378706E-5,    -5.346537E-5
1.624125E+7,    5.335361E-5,    -5.418994E-5
1.624750E+7,    -2.426095E-5,    -2.514757E-5
1.625375E+7,    1.153722E-5,    2.693012E-5
1.626000E+7,    -4.395843E-5,    -6.385148E-5
1.626625E+7,    4.913285E-5,    -1.984648E-5
1.627250E+7,    -3.414229E-5,    6.182119E-5
1.627875E+7,    -9.160489E-6,    2.719462E-5
1.628500E+7,    3.599934E-5,    -4.904158E-5
1.629125E+7,    -1.093373E-5,    -9.705126E-5
1.629750E+7,    1.843646E-5,    6.743148E-5
1.630375E+7,    -9.952486E-5,    -5.357713E-5
1.631000E+7,    1.821667E-5,    4.675239E-5
1.631625E+7,    7.511675E-5,    1.811981E-5
1.632250E+7,    7.956475E-5,    1.160353E-4
1.632875E+7,    7.059425E-5,    -7.979944E-5
1.633500E+7,    -3.363006E-6,    -1.507904E-5
1.634125E+7,    8.229911E-5,    -4.250929E-5
1.634750E+7,    3.206730E-5,    -1.055077E-4
1.635375E+7,    -9.822473E-5,    3.946200E-5
1.636000E+7,    -9.470060E-5,    7.523224E-5
1.636625E+7,    7.772446E-5,    -2.880394E-5
1.637250E+7,    -4.055724E-5,    -5.927309E-5
1.637875E+7,    8.540601E-5,    -4.801899E-5
1.638500E+7,    9.057671E-5,    -1.524687E-4
1.639125E+7,    -8.367002E-6,    9.965897E-5
1.639750E+7,    -3.240537E-6,    -4.745089E-6
1.640375E+7,    -5.514175E-5,    6.201863E-5
1.641000E+7,    -4.024804E-5,    1.041144E-4
1.641625E+7,    -5.557574E-5,    2.054684E-5
1.642250E+7,    3.148615E-5,    -3.542006E-5
1.642875E+7,    1.099985E-5,    -1.446810E-5
1.643500E+7,    9.061769E-5,    -2.010167E-5
1.644125E+7,    -1.181215E-4,    -9.834766E-6
1.644750E+7,    -1.729000E-6,    -1.274748E-5
1.645375E+7,    -1.261663E-5,    1.209322E-5
1.646000E+7,    -2.213009E-5,    1.855940E-5
1.646625E+7,    -3.477186E-5,    3.066286E-5
1.647250E+7,    4.276633E-5,    -2.913177E-5
1.647875E+7,    -3.369153E-5,    -1.879409E-5
1.648500E+7,    -3.993697E-5,    -7.569790E-6
1.649125E+7,    2.102740E-5,    3.089570E-5
1.649750E+7,    2.294406E-5,    -9.911507E-5
1.650375E+7,    -2.657808E-5,    5.291402E-5
1.651000E+7,    -3.142050E-6,    5.614245E-6
1.651625E+7,    -1.293048E-5,    -1.905113E-5
1.652250E+7,    -1.011640E-4,    -7.725507E-5
1.652875E+7,    5.420111E-5,    -1.242198E-5
1.653500E+7,    -1.083501E-5,    3.522448E-5
1.654125E+7,    -2.209935E-5,    2.893247E-5
1.654750E+7,    -4.782155E-5,    1.160987E-5
1.655375E+7,    -2.041645E-5,    4.170276E-5
1.656000E+7,    -3.229361E-6,    -4.761387E-6
1.656625E+7,    -2.084672E-5,    -1.021288E-5
1.657250E+7,    -1.086108E-4,    4.142523E-6
1.657875E+7,    -3.241748E-5,    -5.807355E-5
1.658500E+7,    1.705438E-5,    -6.727129E-5
1.659125E+7,    -8.009747E-5,    -2.577901E-5
1.659750E+7,    4.194304E-5,    5.156174E-5
1.660375E+7,    -2.022833E-5,    7.278100E-5
1.661000E+7,    -1.437590E-5,    -6.821938E-7
1.661625E+7,    -1.148582E-4,    2.567470E-5
1.662250E+7,    1.620315E-5,    3.424473E-5
1.662875E+7,    2.276152E-6,    1.062416E-4
1.663500E+7,    1.057833E-4,    4.327297E-5
1.664125E+7,    -1.774952E-4,    1.546741E-5
1.664750E+7,    -9.736419E-5,    3.092363E-5
1.665375E+7,    1.705438E-5,    -7.769838E-5
1.666000E+7,    -2.321601E-5,    -1.270175E-4
1.666625E+7,    5.641580E-5,    7.314980E-5
1.667250E+7,    -2.684444E-5,    6.332248E-5
1.667875E+7,    -1.899898E-7,    -3.117137E-5
1.668500E+7,    1.389161E-4,    -3.109127E-5
1.669125E+7,    -3.365614E-5,    -1.900271E-5
1.669750E+7,    -4.631840E-5,    1.382641E-5
1.670375E+7,    2.079736E-5,    -1.201406E-7
1.671000E+7,    -4.990026E-5,    -6.371737E-5
1.671625E+7,    -4.628859E-5,    2.427213E-5
1.672250E+7,    2.913550E-5,    7.423386E-5
1.672875E+7,    -5.339086E-5,    -1.102835E-4
1.673500E+7,    -3.688224E-5,    -1.342222E-5
1.674125E+7,    -4.148856E-5,    2.096593E-5
1.674750E+7,    -7.494166E-5,    7.472187E-5
1.675375E+7,    -7.823855E-5,    5.967915E-5
1.676000E+7,    -1.486391E-4,    5.823374E-5
1.676625E+7,    6.263331E-5,    3.098696E-5
1.677250E+7,    -1.614913E-5,    -3.436767E-5
1.677875E+7,    -3.231689E-5,    -6.869063E-5
1.678500E+7,    9.121373E-5,    -4.037470E-5
1.679125E+7,    1.933984E-5,    3.918447E-5
1.679750E+7,    8.492917E-5,    2.119690E-6
1.680375E+7,    -3.559142E-5,    -1.048297E-4
1.681000E+7,    -5.290285E-5,    -1.664832E-5
1.681625E+7,    -4.965439E-5,    8.959323E-6
1.682250E+7,    -4.657358E-5,    -2.789125E-5
1.682875E+7,    -4.966930E-5,    1.933239E-5
1.683500E+7,    -7.661059E-5,    1.034997E-4
1.684125E+7,    1.755077E-5,    -2.566818E-5
1.684750E+7,    -5.438179E-5,    4.344434E-5
1.685375E+7,    3.207475E-5,    6.342307E-6
1.686000E+7,    1.248345E-4,    -1.356304E-4
1.686625E+7,    1.683831E-6,    4.406460E-5
1.687250E+7,    1.448952E-5,    3.203563E-5
1.687875E+7,    1.606531E-5,    2.403557E-5
1.688500E+7,    -1.756102E-5,    4.648976E-5
1.689125E+7,    -2.254546E-5,    -6.486475E-5
1.689750E+7,    -6.086752E-5,    5.460717E-5
1.690375E+7,    2.877973E-5,    -6.102026E-5
1.691000E+7,    -1.443317E-5,    9.645708E-6
1.691625E+7,    -8.011237E-5,    6.739423E-5
1.692250E+7,    2.402440E-5,    -2.648029E-5
1.692875E+7,    -1.931563E-5,    -2.885051E-5
1.693500E+7,    -7.061288E-5,    -4.331768E-5
1.694125E+7,    5.453266E-5,    -2.249889E-5
1.694750E+7,    7.867813E-5,    9.714067E-5
1.695375E+7,    -4.842877E-6,    -6.985292E-5
1.696000E+7,    -1.075566E-4,    3.690645E-5
1.696625E+7,    -1.090989E-4,    -3.851950E-5
1.697250E+7,    4.936010E-6,    -1.075827E-4
1.697875E+7,    -1.189634E-4,    1.556724E-4
1.698500E+7,    -8.162111E-6,    9.230897E-5
1.699125E+7,    -5.625375E-5,    4.090369E-5
1.699750E+7,    -3.220513E-5,    5.618669E-5
1.700375E+7,    -4.483014E-5,    -8.834898E-5
1.701000E+7,    -6.757677E-5,    1.596957E-4
1.701625E+7,    -1.612585E-6,    8.034986E-6
1.702250E+7,    -2.246723E-5,    -4.421547E-5
1.702875E+7,    -1.349747E-4,    -7.737428E-5
1.703500E+7,    -7.864833E-5,    -6.601959E-5
1.704125E+7,    1.746416E-5,    8.921325E-5
1.704750E+7,    -1.610536E-5,    2.810825E-5
1.705375E+7,    -9.174272E-5,    2.950802E-5
1.706000E+7,    1.268387E-4,    6.534159E-5
1.706625E+7,    -1.919642E-5,    -6.032363E-5
1.707250E+7,    1.157522E-4,    3.798306E-5
1.707875E+7,    3.369339E-5,    1.935475E-5
1.708500E+7,    7.959083E-6,    3.300980E-5
1.709125E+7,    -2.238527E-5,    -4.430488E-5
1.709750E+7,    3.841519E-5,    5.802512E-5
1.710375E+7,    -8.273870E-6,    8.203834E-5
1.711000E+7,    1.145154E-5,    -5.627982E-5
1.711625E+7,    -5.775690E-5,    -6.616861E-5
1.712250E+7,    9.790063E-6,    -3.779680E-5
1.712875E+7,    -4.172698E-5,    -3.150478E-5
1.713500E+7,    9.703172E-11,    -4.781953E-10
1.714125E+7,    -6.594509E-5,    -4.976988E-6
1.714750E+7,    2.739858E-5,    -1.116283E-5
1.715375E+7,    8.370355E-5,    -1.019984E-5
1.716000E+7,    -4.507788E-5,    -4.986301E-6
1.716625E+7,    -5.464256E-5,    -1.952425E-5
1.717250E+7,    5.769357E-5,    6.613508E-5
1.717875E+7,    5.764142E-5,    6.620213E-5
1.718500E+7,    -5.432963E-5,    -9.291619E-5
1.719125E+7,    3.567711E-5,    -5.136989E-5
1.719750E+7,    1.798198E-5,    -4.664809E-5
1.720375E+7,    6.645918E-6,    -4.267693E-5
1.721000E+7,    -4.808977E-5,    -5.179271E-5
1.721625E+7,    -7.398799E-5,    -2.769753E-5
1.722250E+7,    -6.112084E-5,    -1.887232E-5
1.722875E+7,    -6.145611E-5,    4.397705E-5
1.723500E+7,    -6.135926E-5,    2.300739E-5
1.724125E+7,    -9.839609E-5,    1.966208E-5
1.724750E+7,    -2.602674E-5,    4.496798E-5
1.725375E+7,    -6.479025E-5,    6.001815E-5
1.726000E+7,    1.596753E-6,    2.427725E-6
1.726625E+7,    4.185550E-5,    1.073070E-5
1.727250E+7,    -2.734549E-5,    -9.845942E-6
1.727875E+7,    1.749769E-5,    3.720634E-5
1.728500E+7,    4.362874E-5,    -1.824275E-5
1.729125E+7,    -2.288446E-5,    4.987046E-5
1.729750E+7,    1.929142E-5,    8.172356E-6
1.730375E+7,    1.125131E-5,    6.526709E-6
1.731000E+7,    -1.423061E-5,    -5.330890E-5
1.731625E+7,    -1.855195E-5,    -1.235530E-4
1.732250E+7,    4.041940E-5,    -1.264922E-5
1.732875E+7,    -4.504807E-5,    -1.564249E-5
1.733500E+7,    -4.561618E-6,    -3.876351E-5
1.734125E+7,    -8.838624E-5,    -4.984438E-5
1.734750E+7,    1.594657E-6,    2.430519E-6
1.735375E+7,    -2.621487E-5,    5.543232E-5
1.736000E+7,    9.376556E-6,    3.558770E-5
1.736625E+7,    -1.426786E-6,    -2.342463E-5
1.737250E+7,    7.868744E-6,    2.264604E-5
1.737875E+7,    1.425073E-4,    -5.869567E-5
1.738500E+7,    -1.336485E-4,    1.571774E-4
1.739125E+7,    -5.818903E-6,    1.185723E-4
1.739750E+7,    -1.603086E-5,    -1.387671E-5
1.740375E+7,    -5.209446E-5,    4.795939E-5
1.741000E+7,    7.619709E-5,    -3.249943E-5
1.741625E+7,    -3.411248E-5,    2.231635E-5
1.742250E+7,    1.063123E-4,    3.484637E-5
1.742875E+7,    -6.257370E-5,    -5.306304E-5
1.743500E+7,    -8.951128E-5,    -1.050606E-4
1.744125E+7,    -8.638576E-5,    7.021055E-5
1.744750E+7,    3.731437E-5,    -1.742877E-5
1.745375E+7,    -7.148832E-5,    3.969297E-5
1.746000E+7,    -2.920628E-6,    1.340955E-4
1.746625E+7,    -1.424365E-5,    -3.246218E-5
1.747250E+7,    9.971671E-6,    -2.739206E-5
1.747875E+7,    -5.177408E-5,    5.930662E-6
1.748500E+7,    -1.584738E-5,    -3.490224E-5
1.749125E+7,    1.082979E-4,    6.027520E-6
1.749750E+7,    5.907565E-5,    -8.031726E-5
1.750375E+7,    -6.499887E-5,    2.848729E-5
1.751000E+7,    6.366149E-5,    -5.192682E-5
1.751625E+7,    1.139157E-4,    -6.030872E-5
1.752250E+7,    -9.342283E-5,    -3.661960E-5
1.752875E+7,    -2.966262E-6,    -2.592523E-5
1.753500E+7,    -1.097135E-4,    1.096800E-4
1.754125E+7,    4.501641E-5,    2.641231E-5
1.754750E+7,    -5.440786E-5,    -6.213039E-5
1.755375E+7,    -3.071688E-5,    -4.373491E-6
1.756000E+7,    3.388152E-5,    9.272248E-6
1.756625E+7,    4.528090E-6,    2.835691E-5
1.757250E+7,    -6.355345E-6,    -9.790994E-6
1.757875E+7,    -9.549409E-5,    2.861023E-6
1.758500E+7,    -5.297735E-5,    -3.870577E-5
1.759125E+7,    5.390495E-6,    -4.526973E-5
1.759750E+7,    2.274755E-5,    -7.819384E-6
1.760375E+7,    -3.545545E-6,    2.665725E-5
1.761000E+7,    -6.803870E-5,    2.369285E-6
1.761625E+7,    -7.279590E-5,    -4.954636E-6
1.762250E+7,    -2.194569E-5,    -5.531684E-5
1.762875E+7,    -7.719919E-5,    -4.391372E-5
1.763500E+7,    3.330037E-5,    -6.674603E-5
1.764125E+7,    8.396432E-5,    2.215803E-5
1.764750E+7,    -4.169345E-5,    -3.210455E-5
1.765375E+7,    5.324557E-5,    1.771748E-5
1.766000E+7,    -3.457814E-5,    4.329160E-5
1.766625E+7,    3.447942E-5,    -3.279001E-5
1.767250E+7,    1.203381E-4,    -2.909824E-5
1.767875E+7,    -3.696047E-5,    -2.485700E-5
1.768500E+7,    -5.677342E-6,    5.585328E-5
1.769125E+7,    -2.766401E-5,    -1.074225E-4
1.769750E+7,    -3.548898E-5,    -1.186319E-5
1.770375E+7,    -6.190687E-5,    -9.573251E-5
1.771000E+7,    -5.820394E-5,    1.037158E-4
1.771625E+7,    7.889792E-5,    3.596768E-5
1.772250E+7,    -2.741814E-5,    -1.013093E-5
1.772875E+7,    -1.376793E-4,    -8.516014E-6
1.773500E+7,    -1.636147E-4,    2.101064E-4
1.774125E+7,    -6.311014E-5,    -1.147762E-5
1.774750E+7,    4.541129E-6,    -8.992106E-5
1.775375E+7,    8.403882E-5,    -8.552521E-5
1.776000E+7,    -1.267195E-4,    -8.887053E-5
1.776625E+7,    1.525134E-4,    -2.062023E-4
1.777250E+7,    -6.910414E-5,    5.484745E-5
1.777875E+7,    3.329851E-5,    -5.626306E-5
1.778500E+7,    -1.891032E-4,    -5.566329E-5
1.779125E+7,    -9.201467E-7,    -4.462712E-5
1.779750E+7,    5.431473E-5,    -4.544668E-5
1.780375E+7,    1.633763E-4,    3.740937E-5
1.781000E+7,    1.333654E-5,    1.828149E-4
1.781625E+7,    -3.183633E-5,    -3.865734E-5
1.782250E+7,    -8.296221E-5,    1.167879E-5
1.782875E+7,    4.384667E-6,    -6.886572E-5
1.783500E+7,    -3.803894E-5,    -5.906448E-5
1.784125E+7,    4.255958E-5,    -2.046674E-5
1.784750E+7,    2.129655E-5,    -1.020264E-5
1.785375E+7,    3.517792E-5,    3.308430E-5
1.786000E+7,    1.842529E-5,    6.125867E-5
1.786625E+7,    -1.655705E-5,    1.759641E-5
1.787250E+7,    -2.566352E-5,    -1.831725E-5
1.787875E+7,    -1.717359E-6,    -8.935109E-5
1.788500E+7,    3.293902E-5,    -2.460927E-5
1.789125E+7,    1.477357E-5,    -9.493902E-6
1.789750E+7,    7.320195E-7,    -4.228577E-5
1.790375E+7,    -1.145294E-5,    3.857072E-6
1.791000E+7,    1.992192E-5,    -2.323370E-5
1.791625E+7,    -3.118627E-5,    1.651421E-5
1.792250E+7,    3.015436E-5,    -5.069189E-5
1.792875E+7,    -5.724654E-5,    1.061894E-4
1.793500E+7,    2.961420E-5,    -1.896825E-5
1.794125E+7,    -2.833828E-5,    -5.502254E-5
1.794750E+7,    -1.640897E-5,    7.007271E-6
1.795375E+7,    5.357340E-5,    -7.950887E-5
1.796000E+7,    -5.098060E-5,    2.914481E-5
1.796625E+7,    5.786493E-5,    3.606454E-5
1.797250E+7,    1.825392E-7,    7.652119E-5
1.797875E+7,    5.705282E-6,    4.159100E-5
1.798500E+7,    -4.033744E-5,    2.415031E-4
1.799125E+7,    7.696450E-6,    -6.416440E-5
1.799750E+7,    -1.241826E-5,    -3.035739E-5
1.800375E+7,    -1.830980E-5,    -6.145984E-5
1.801000E+7,    -1.004003E-4,    -2.641603E-5
1.801625E+7,    -6.119721E-6,    -2.045557E-5
1.802250E+7,    3.756955E-5,    -6.575137E-6
1.802875E+7,    7.466227E-5,    -6.855652E-5
1.803500E+7,    -4.817545E-5,    -3.190711E-5
1.804125E+7,    4.544482E-5,    5.811453E-6
1.804750E+7,    1.950935E-5,    -7.854402E-5
1.805375E+7,    -1.083687E-5,    -2.790242E-5
1.806000E+7,    -2.051331E-5,    -3.217161E-5
1.806625E+7,    2.948474E-5,    -8.340925E-6
1.807250E+7,    1.228452E-4,    -1.895651E-4
1.807875E+7,    9.278208E-5,    -7.293373E-5
1.808500E+7,    -2.183579E-5,    3.127381E-5
1.809125E+7,    -7.452443E-6,    -3.358163E-5
1.809750E+7,    -1.796521E-6,    8.098781E-6
1.810375E+7,    4.118495E-5,    -2.272241E-5
1.811000E+7,    3.378373E-6,    -5.627517E-6
1.811625E+7,    6.085634E-5,    -2.474152E-5
1.812250E+7,    -6.582588E-6,    7.723272E-5
1.812875E+7,    -1.755953E-4,    -9.013712E-5
1.813500E+7,    -3.022887E-5,    4.004501E-5
1.814125E+7,    -1.185723E-4,    5.447119E-5
1.814750E+7,    3.772974E-5,    1.361668E-4
1.815375E+7,    1.863763E-5,    4.035421E-5
1.816000E+7,    1.962204E-5,    -2.017245E-6
1.816625E+7,    -3.742799E-5,    -4.090369E-6
1.817250E+7,    3.505498E-6,    6.040931E-5
1.817875E+7,    1.945347E-5,    -6.796792E-5
1.818500E+7,    -3.667176E-5,    -3.579631E-5
1.819125E+7,    1.014769E-5,    -8.294731E-5
1.819750E+7,    -8.433685E-5,    -2.321228E-5
1.820375E+7,    -6.955117E-5,    -2.201274E-5
1.821000E+7,    -3.221072E-5,    -1.785904E-5
1.821625E+7,    2.124533E-5,    6.649643E-5
1.822250E+7,    -4.048645E-5,    5.689636E-5
1.822875E+7,    -4.164129E-5,    3.330410E-5
1.823500E+7,    2.122670E-5,    6.658584E-5
1.824125E+7,    -2.277736E-5,    -2.980232E-6
1.824750E+7,    -3.507733E-5,    -3.346801E-5
1.825375E+7,    1.595169E-5,    -5.184859E-5
1.826000E+7,    3.245100E-5,    7.316470E-6
1.826625E+7,    1.125634E-4,    1.970679E-6
1.827250E+7,    -4.290044E-5,    -4.595518E-5
1.827875E+7,    -8.665025E-5,    6.005168E-6
1.828500E+7,    -4.268065E-5,    7.560849E-5
1.829125E+7,    -3.433228E-5,    7.841736E-7
1.829750E+7,    2.604909E-6,    2.617296E-5
1.830375E+7,    4.005246E-5,    -3.574044E-5
1.831000E+7,    -1.022965E-5,    1.686998E-5
1.831625E+7,    -1.860317E-5,    2.562907E-5
1.832250E+7,    5.314872E-5,    2.913177E-5
1.832875E+7,    -7.725134E-5,    2.086908E-5
1.833500E+7,    3.900379E-6,    3.929622E-5
1.834125E+7,    2.514571E-5,    -2.631359E-5
1.834750E+7,    -6.179884E-5,    -9.756535E-6
1.835375E+7,    2.805423E-5,    -1.071487E-5
1.836000E+7,    4.526228E-6,    -4.808977E-5
1.836625E+7,    -9.690877E-6,    -4.343223E-6
1.837250E+7,    -4.855171E-5,    4.445016E-5
1.837875E+7,    8.649379E-5,    4.783273E-6
1.838500E+7,    5.230494E-5,    -6.077066E-5
1.839125E+7,    -5.926751E-5,    1.638383E-5
1.839750E+7,    -6.138533E-5,    3.514066E-5
1.840375E+7,    3.219210E-5,    1.800992E-5
1.841000E+7,    -4.076213E-5,    -6.486103E-5
1.841625E+7,    -5.969778E-5,    -2.861023E-5
1.842250E+7,    1.115389E-4,    -1.087040E-5
1.842875E+7,    3.591180E-6,    -7.190183E-5
1.843500E+7,    7.585064E-5,    -2.332777E-5
1.844125E+7,    -5.887821E-6,    3.498420E-5
1.844750E+7,    -2.989918E-5,    -1.030788E-4
1.845375E+7,    -7.427484E-5,    -9.614229E-5
1.846000E+7,    1.810864E-5,    -4.408881E-6
1.846625E+7,    -7.824600E-5,    -6.908178E-5
1.847250E+7,    -2.466235E-5,    5.017035E-6
1.847875E+7,    4.658103E-5,    2.993643E-5
1.848500E+7,    -1.153201E-4,    -2.868474E-5
1.849125E+7,    2.373289E-5,    -2.878532E-5
1.849750E+7,    -3.814697E-5,    -3.870949E-5
1.850375E+7,    -6.627664E-5,    2.750382E-5
1.851000E+7,    7.623807E-5,    2.182275E-5
1.851625E+7,    -3.682449E-5,    3.002025E-5
1.852250E+7,    6.378442E-5,    -5.378574E-5
1.852875E+7,    8.254498E-5,    3.181770E-5
1.853500E+7,    -7.195026E-5,    -3.725290E-6
1.854125E+7,    1.090653E-4,    -3.696606E-5
1.854750E+7,    2.253987E-5,    -4.190579E-5
1.855375E+7,    7.824041E-6,    1.251325E-5
1.856000E+7,    5.192496E-5,    -3.938191E-5