SAVED BY: 
TITLE: 
COMMENTS: 
DATE: 10/27/2020
TIME: 3:29 PM

STIMULUS, REAL, IMAGINARY

8.560000E+6,    -2.744049E-5,    -1.621321E-4
8.566250E+6,    -7.748604E-7,    -1.731142E-4
8.572500E+6,    3.412366E-6,    -1.674891E-4
8.578750E+6,    4.060566E-6,    -1.423359E-4
8.585000E+6,    9.432435E-6,    -1.816079E-4
8.591250E+6,    -6.034970E-7,    -1.654327E-4
8.597500E+6,    -1.327693E-5,    -1.648515E-4
8.603750E+6,    -1.375377E-5,    -1.648217E-4
8.610000E+6,    -1.551211E-5,    -1.723692E-4
8.616250E+6,    -1.338124E-5,    -1.745373E-4
8.622500E+6,    -2.607703E-5,    -1.735464E-4
8.628750E+6,    -3.889203E-6,    -1.555011E-4
8.635000E+6,    -1.394749E-5,    -1.742840E-4
8.641250E+6,    -3.154576E-5,    -1.789257E-4
8.647500E+6,    -2.451986E-5,    -1.580492E-4
8.653750E+6,    -2.413988E-6,    -1.577511E-4
8.660000E+6,    -7.048249E-6,    -1.632050E-4
8.666250E+6,    -1.219660E-5,    -1.862720E-4
8.672500E+6,    -5.468726E-6,    -1.828820E-4
8.678750E+6,    -4.604459E-6,    -1.752377E-4
8.685000E+6,    -9.983778E-6,    -1.708195E-4
8.691250E+6,    -1.936406E-5,    -1.818165E-4
8.697500E+6,    -3.618002E-5,    -1.685396E-4
8.703750E+6,    -3.117323E-5,    -1.905039E-4
8.710000E+6,    -1.025945E-5,    -1.807883E-4
8.716250E+6,    -1.082569E-5,    -1.806915E-4
8.722500E+6,    -1.400709E-5,    -1.786053E-4
8.728750E+6,    -1.743436E-6,    -1.796037E-4
8.735000E+6,    -1.055747E-5,    -1.730919E-4
8.741250E+6,    -1.285225E-5,    -1.806915E-4
8.747500E+6,    -6.653368E-6,    -1.947284E-4
8.753750E+6,    -1.350045E-5,    -1.804382E-4
8.760000E+6,    -3.685057E-5,    -1.701117E-4
8.766250E+6,    -1.227856E-5,    -1.727790E-4
8.772500E+6,    -2.371520E-5,    -1.911372E-4
8.778750E+6,    8.121133E-7,    -1.939535E-4
8.785000E+6,    -1.814961E-5,    -1.779795E-4
8.791250E+6,    -3.106147E-5,    -2.041534E-4
8.797500E+6,    -6.429851E-6,    -1.794249E-4
8.803750E+6,    -1.356006E-5,    -1.924336E-4
8.810000E+6,    -1.838803E-5,    -1.604110E-4
8.816250E+6,    -2.431870E-5,    -1.930669E-4
8.822500E+6,    -9.834766E-7,    -1.767278E-4
8.828750E+6,    -2.656877E-5,    -1.731962E-4
8.835000E+6,    -2.174824E-5,    -1.679063E-4
8.841250E+6,    7.599592E-7,    -1.787990E-4
8.847500E+6,    -1.031160E-5,    -1.696050E-4
8.853750E+6,    -1.700222E-5,    -1.923591E-4
8.860000E+6,    2.093613E-6,    -1.810864E-4
8.866250E+6,    -1.504272E-5,    -1.943484E-4
8.872500E+6,    -1.351535E-5,    -1.867712E-4
8.878750E+6,    -2.532452E-5,    -2.045929E-4
8.885000E+6,    -2.705306E-5,    -1.750216E-4
8.891250E+6,    -6.556511E-6,    -2.036840E-4
8.897500E+6,    -2.253801E-5,    -1.894683E-4
8.903750E+6,    -2.790987E-5,    -1.846328E-4
8.910000E+6,    -2.831966E-5,    -1.846030E-4
8.916250E+6,    -1.391768E-5,    -1.889542E-4
8.922500E+6,    -1.981109E-5,    -1.841262E-4
8.928750E+6,    -3.241748E-5,    -1.818687E-4
8.935000E+6,    -2.034754E-5,    -1.743287E-4
8.941250E+6,    -1.042336E-5,    -2.038702E-4
8.947500E+6,    -2.066791E-5,    -2.041012E-4
8.953750E+6,    -2.393126E-5,    -1.914278E-4
8.960000E+6,    -2.433360E-5,    -1.814365E-4
8.966250E+6,    -2.935529E-5,    -2.063960E-4
8.972500E+6,    -1.727790E-5,    -1.987293E-4
8.978750E+6,    -2.326816E-5,    -1.837462E-4
8.985000E+6,    -2.332032E-5,    -2.034828E-4
8.991250E+6,    -3.375858E-5,    -1.938343E-4
8.997500E+6,    -2.510846E-6,    -1.760721E-4
9.003750E+6,    -4.805624E-6,    -1.935139E-4
9.010000E+6,    -2.729148E-5,    -2.008602E-4
9.016250E+6,    -5.052984E-5,    -1.982898E-4
9.022500E+6,    -3.629178E-5,    -1.931638E-4
9.028750E+6,    -1.908094E-5,    -2.010465E-4
9.035000E+6,    -2.183765E-5,    -1.883283E-4
9.041250E+6,    -3.213435E-5,    -1.780689E-4
9.047500E+6,    -1.534075E-5,    -1.957119E-4
9.053750E+6,    -1.364201E-5,    -1.883209E-4
9.060000E+6,    -2.113730E-5,    -1.807883E-4
9.066250E+6,    -2.666563E-5,    -2.054125E-4
9.072500E+6,    -1.780689E-6,    -1.811236E-4
9.078750E+6,    -2.766401E-5,    -1.854971E-4
9.085000E+6,    -2.595782E-5,    -2.077967E-4
9.091250E+6,    -3.840774E-5,    -1.951531E-4
9.097500E+6,    -1.423806E-5,    -1.908243E-4
9.103750E+6,    -2.221018E-5,    -2.027452E-4
9.110000E+6,    -1.975894E-5,    -1.955777E-4
9.116250E+6,    -1.578033E-5,    -2.106950E-4
9.122500E+6,    -5.841255E-6,    -2.008528E-4
9.128750E+6,    -3.920496E-5,    -2.071261E-4
9.135000E+6,    -4.182756E-5,    -1.945198E-4
9.141250E+6,    -1.504272E-5,    -1.932234E-4
9.147500E+6,    -1.572073E-6,    -1.765043E-4
9.153750E+6,    -1.786649E-5,    -2.004206E-4
9.160000E+6,    -4.422665E-5,    -2.139509E-4
9.166250E+6,    -1.490116E-5,    -2.054721E-4
9.172500E+6,    -4.096329E-5,    -1.866892E-4
9.178750E+6,    -2.054870E-5,    -2.102330E-4
9.185000E+6,    -3.801286E-5,    -2.015531E-4
9.191250E+6,    -3.419816E-5,    -2.168566E-4
9.197500E+6,    -2.925098E-5,    -2.122223E-4
9.203750E+6,    -1.249462E-5,    -2.106205E-4
9.210000E+6,    -3.223866E-5,    -1.994222E-4
9.216250E+6,    -1.786649E-5,    -2.053529E-4
9.222500E+6,    -4.976988E-5,    -1.904070E-4
9.228750E+6,    -2.281368E-5,    -1.900494E-4
9.235000E+6,    -1.770258E-5,    -2.182275E-4
9.241250E+6,    -3.066659E-5,    -2.144426E-4
9.247500E+6,    -1.670420E-5,    -2.208799E-4
9.253750E+6,    -1.719594E-5,    -2.204478E-4
9.260000E+6,    -3.443658E-5,    -2.117306E-4
9.266250E+6,    -3.896654E-5,    -2.285689E-4
9.272500E+6,    -2.784282E-5,    -1.873821E-4
9.278750E+6,    -3.752112E-5,    -2.086312E-4
9.285000E+6,    -2.063811E-5,    -2.078339E-4
9.291250E+6,    -6.197393E-5,    -2.136678E-4
9.297500E+6,    -4.722178E-5,    -2.102256E-4
9.303750E+6,    -1.443923E-5,    -2.062693E-4
9.310000E+6,    -4.374981E-5,    -2.154857E-4
9.316250E+6,    -3.205240E-5,    -2.194792E-4
9.322500E+6,    -3.628433E-5,    -2.137572E-4
9.328750E+6,    -2.785027E-5,    -2.024248E-4
9.335000E+6,    -4.647672E-5,    -2.250075E-4
9.341250E+6,    -4.462898E-5,    -2.051145E-4
9.347500E+6,    -4.309416E-5,    -2.079010E-4
9.353750E+6,    -3.343821E-5,    -2.316386E-4
9.360000E+6,    -3.020465E-5,    -2.021939E-4
9.366250E+6,    -3.552437E-5,    -2.189279E-4
9.372500E+6,    -2.935529E-5,    -2.270937E-4
9.378750E+6,    -4.565716E-5,    -2.300739E-4
9.385000E+6,    -3.336370E-5,    -1.889914E-4
9.391250E+6,    -3.284216E-5,    -2.240986E-4
9.397500E+6,    -3.048778E-5,    -2.170205E-4
9.403750E+6,    -3.838539E-5,    -2.185106E-4
9.410000E+6,    -5.754828E-5,    -2.281964E-4
9.416250E+6,    -3.883243E-5,    -2.307743E-4
9.422500E+6,    -4.622340E-5,    -2.452135E-4
9.428750E+6,    -2.670288E-5,    -2.124906E-4
9.435000E+6,    -3.436208E-5,    -2.265275E-4
9.441250E+6,    -4.428625E-5,    -2.499819E-4
9.447500E+6,    -4.249811E-5,    -1.925826E-4
9.453750E+6,    -5.117059E-5,    -2.289712E-4
9.460000E+6,    -5.257130E-5,    -2.160668E-4
9.466250E+6,    -3.609061E-5,    -2.515316E-4
9.472500E+6,    -5.295873E-5,    -2.284348E-4
9.478750E+6,    -6.094575E-5,    -2.295673E-4
9.485000E+6,    -3.704429E-5,    -2.033710E-4
9.491250E+6,    -4.902482E-5,    -2.241433E-4
9.497500E+6,    -2.804399E-5,    -2.302527E-4
9.503750E+6,    -3.933907E-5,    -2.382100E-4
9.510000E+6,    -4.228950E-5,    -2.228320E-4
9.516250E+6,    -3.871322E-5,    -2.412498E-4
9.522500E+6,    -3.886223E-5,    -2.410114E-4
9.528750E+6,    -3.391504E-5,    -2.371073E-4
9.535000E+6,    -4.237890E-5,    -2.256930E-4
9.541250E+6,    -6.279349E-5,    -2.468824E-4
9.547500E+6,    -6.672740E-5,    -2.154410E-4
9.553750E+6,    -4.151464E-5,    -2.281666E-4
9.560000E+6,    -2.855062E-5,    -2.358854E-4
9.566250E+6,    -3.692508E-5,    -2.496243E-4
9.572500E+6,    -3.901124E-5,    -2.339482E-4
9.578750E+6,    -4.804134E-5,    -2.601445E-4
9.585000E+6,    -5.057454E-5,    -2.316236E-4
9.591250E+6,    -5.239248E-5,    -2.286732E-4
9.597500E+6,    -4.363060E-5,    -2.557933E-4
9.603750E+6,    -3.820658E-5,    -2.391934E-4
9.610000E+6,    -5.257130E-5,    -2.693236E-4
9.616250E+6,    -2.002716E-5,    -2.433956E-4
9.622500E+6,    -5.564094E-5,    -2.406240E-4
9.628750E+6,    -5.427003E-5,    -2.436638E-4
9.635000E+6,    -6.246567E-5,    -2.441406E-4
9.641250E+6,    -5.355477E-5,    -2.589226E-4
9.647500E+6,    -6.663799E-5,    -2.382100E-4
9.653750E+6,    -3.623962E-5,    -2.347231E-4
9.660000E+6,    -4.103780E-5,    -2.415180E-4
9.666250E+6,    -3.978610E-5,    -2.444685E-4
9.672500E+6,    -5.146861E-5,    -2.264380E-4
9.678750E+6,    -4.833937E-5,    -2.451241E-4
9.685000E+6,    -4.628301E-5,    -2.354681E-4
9.691250E+6,    -6.479025E-5,    -2.462566E-4
9.697500E+6,    -6.163120E-5,    -2.519786E-4
9.703750E+6,    -5.480647E-5,    -2.512038E-4
9.710000E+6,    -4.893541E-5,    -2.349317E-4
9.716250E+6,    -5.000830E-5,    -2.474785E-4
9.722500E+6,    -5.641580E-5,    -2.509058E-4
9.728750E+6,    -5.638599E-5,    -2.508461E-4
9.735000E+6,    -4.860759E-5,    -2.660453E-4
9.741250E+6,    -5.418062E-5,    -2.568960E-4
9.747500E+6,    -5.245209E-5,    -2.469718E-4
9.753750E+6,    -6.300211E-5,    -2.570152E-4
9.760000E+6,    -4.354119E-5,    -2.493858E-4
9.766250E+6,    -5.358458E-5,    -2.622902E-4
9.772500E+6,    -6.520748E-5,    -2.565682E-4
9.778750E+6,    -4.962087E-5,    -2.559125E-4
9.785000E+6,    -3.802776E-5,    -2.488792E-4
9.791250E+6,    -6.696582E-5,    -2.407134E-4
9.797500E+6,    -5.614758E-5,    -2.463162E-4
9.803750E+6,    -3.296137E-5,    -2.737939E-4
9.810000E+6,    -4.619360E-5,    -2.520680E-4
9.816250E+6,    -4.324317E-5,    -2.579391E-4
9.822500E+6,    -6.598234E-5,    -2.620220E-4
9.828750E+6,    -6.744266E-5,    -2.748966E-4
9.835000E+6,    -6.839633E-5,    -2.741814E-4
9.841250E+6,    -4.857779E-5,    -2.518594E-4
9.847500E+6,    -6.726384E-5,    -2.775788E-4
9.853750E+6,    -5.331635E-5,    -2.609193E-4
9.860000E+6,    -6.860495E-5,    -2.771318E-4
9.866250E+6,    -5.722046E-5,    -2.704859E-4
9.872500E+6,    -6.535649E-5,    -2.704263E-4
9.878750E+6,    -8.976460E-5,    -2.706647E-4
9.885000E+6,    -8.392334E-5,    -2.675653E-4
9.891250E+6,    -7.694960E-5,    -2.671182E-4
9.897500E+6,    -7.328391E-5,    -2.894104E-4
9.903750E+6,    -5.835295E-5,    -2.729893E-4
9.910000E+6,    -5.623698E-5,    -2.788007E-4
9.916250E+6,    -7.894635E-5,    -2.820492E-4
9.922500E+6,    -5.871058E-5,    -2.913177E-4
9.928750E+6,    -6.872416E-5,    -2.567470E-4
9.935000E+6,    -6.753206E-5,    -2.758205E-4
9.941250E+6,    -6.183982E-5,    -2.563298E-4
9.947500E+6,    -6.234646E-5,    -2.722740E-4
9.953750E+6,    -6.327033E-5,    -2.879798E-4
9.960000E+6,    -8.028746E-5,    -2.874136E-4
9.966250E+6,    -6.005168E-5,    -2.814829E-4
9.972500E+6,    -7.602572E-5,    -2.809763E-4
9.978750E+6,    -7.998943E-5,    -2.903938E-4
9.985000E+6,    -8.881092E-5,    -2.897978E-4
9.991250E+6,    -7.870793E-5,    -2.964437E-4
9.997500E+6,    -7.858872E-5,    -2.802312E-4
1.000375E+7,    -8.246303E-5,    -3.058314E-4
1.001000E+7,    -6.115437E-5,    -2.840757E-4
1.001625E+7,    -5.888939E-5,    -2.742112E-4
1.002250E+7,    -8.326769E-5,    -2.731383E-4
1.002875E+7,    -6.729364E-5,    -2.925992E-4
1.003500E+7,    -6.672740E-5,    -2.955794E-4
1.004125E+7,    -6.875396E-5,    -2.924204E-4
1.004750E+7,    -5.152822E-5,    -2.805293E-4
1.005375E+7,    -5.987287E-5,    -2.796948E-4
1.006000E+7,    -8.228421E-5,    -3.009439E-4
1.006625E+7,    -8.302927E-5,    -3.008544E-4
1.007250E+7,    -8.207560E-5,    -3.041923E-4
1.007875E+7,    -6.124377E-5,    -2.984703E-4
1.008500E+7,    -7.671118E-5,    -2.822280E-4
1.009125E+7,    -7.933378E-5,    -3.133416E-4
1.009750E+7,    -6.809831E-5,    -2.882183E-4
1.010375E+7,    -9.554625E-5,    -3.151000E-4
1.011000E+7,    -9.387732E-5,    -2.838373E-4
1.011625E+7,    -7.680058E-5,    -3.068149E-4
1.012250E+7,    -7.116795E-5,    -3.039241E-4
1.012875E+7,    -9.468198E-5,    -3.051460E-4
1.013500E+7,    -8.946657E-5,    -2.988279E-4
1.014125E+7,    -9.158254E-5,    -3.146231E-4
1.014750E+7,    -1.150668E-4,    -3.156960E-4
1.015375E+7,    -7.745624E-5,    -2.962649E-4
1.016000E+7,    -8.398294E-5,    -2.990663E-4
1.016625E+7,    -9.113550E-5,    -3.203154E-4
1.017250E+7,    -8.293986E-5,    -3.050864E-4
1.017875E+7,    -6.681681E-5,    -3.093779E-4
1.018500E+7,    -8.782744E-5,    -3.141165E-4
1.019125E+7,    -8.419156E-5,    -3.239810E-4
1.019750E+7,    -8.812547E-5,    -2.973676E-4
1.020375E+7,    -7.948279E-5,    -3.018081E-4
1.021000E+7,    -7.021427E-5,    -3.279150E-4
1.021625E+7,    -9.265542E-5,    -3.100336E-4
1.022250E+7,    -1.028478E-4,    -3.246665E-4
1.022875E+7,    -9.813905E-5,    -3.185570E-4
1.023500E+7,    -1.265109E-4,    -3.251731E-4
1.024125E+7,    -1.015365E-4,    -3.339946E-4
1.024750E+7,    -9.050965E-5,    -3.029406E-4
1.025375E+7,    -8.809566E-5,    -3.323257E-4
1.026000E+7,    -1.159012E-4,    -3.197789E-4
1.026625E+7,    -1.010001E-4,    -3.207624E-4
1.027250E+7,    -9.813905E-5,    -3.305376E-4
1.027875E+7,    -7.987022E-5,    -3.200769E-4
1.028500E+7,    -9.360909E-5,    -3.248751E-4
1.029125E+7,    -8.645654E-5,    -3.251433E-4
1.029750E+7,    -8.308887E-5,    -3.159344E-4
1.030375E+7,    -8.568168E-5,    -3.317595E-4
1.031000E+7,    -9.858608E-5,    -2.977550E-4
1.031625E+7,    -8.618832E-5,    -3.345013E-4
1.032250E+7,    -9.736419E-5,    -3.268123E-4
1.032875E+7,    -9.152293E-5,    -3.432631E-4
1.033500E+7,    -8.925796E-5,    -3.310740E-4
1.034125E+7,    -7.098913E-5,    -3.429353E-4
1.034750E+7,    -9.498000E-5,    -3.392398E-4
1.035375E+7,    -1.072288E-4,    -3.506243E-4
1.036000E+7,    -1.035333E-4,    -3.186166E-4
1.036625E+7,    -1.115501E-4,    -3.397465E-4
1.037250E+7,    -8.291006E-5,    -3.373921E-4
1.037875E+7,    -9.590387E-5,    -3.488064E-4
1.038500E+7,    -1.040101E-4,    -3.245771E-4
1.039125E+7,    -9.691715E-5,    -3.482401E-4
1.039750E+7,    -9.617209E-5,    -3.517270E-4
1.040375E+7,    -1.147389E-4,    -3.648400E-4
1.041000E+7,    -9.873509E-5,    -3.508031E-4
1.041625E+7,    -9.688735E-5,    -3.540516E-4
1.042250E+7,    -9.706616E-5,    -3.349781E-4
1.042875E+7,    -8.556247E-5,    -3.497005E-4
1.043500E+7,    -1.220107E-4,    -3.531873E-4
1.044125E+7,    -1.041293E-4,    -3.402829E-4
1.044750E+7,    -1.282394E-4,    -3.386736E-4
1.045375E+7,    -1.231730E-4,    -3.594458E-4
1.046000E+7,    -1.142323E-4,    -3.381968E-4
1.046625E+7,    -1.159310E-4,    -3.601015E-4
1.047250E+7,    -1.080930E-4,    -3.392100E-4
1.047875E+7,    -1.241565E-4,    -3.648400E-4
1.048500E+7,    -1.268089E-4,    -3.580451E-4
1.049125E+7,    -1.110137E-4,    -3.641248E-4
1.049750E+7,    -1.249909E-4,    -3.678799E-4
1.050375E+7,    -1.205206E-4,    -3.849268E-4
1.051000E+7,    -1.384020E-4,    -3.779531E-4
1.051625E+7,    -1.054704E-4,    -3.681481E-4
1.052250E+7,    -1.212955E-4,    -3.648400E-4
1.052875E+7,    -1.236200E-4,    -3.322661E-4
1.053500E+7,    -1.040399E-4,    -3.515780E-4
1.054125E+7,    -9.682775E-5,    -3.790855E-4
1.054750E+7,    -1.449585E-4,    -3.661513E-4
1.055375E+7,    -1.245737E-4,    -3.963709E-4
1.056000E+7,    -1.236200E-4,    -3.706813E-4
1.056625E+7,    -1.401901E-4,    -3.699064E-4
1.057250E+7,    -1.195669E-4,    -3.644824E-4
1.057875E+7,    -1.141429E-4,    -3.884435E-4
1.058500E+7,    -1.474023E-4,    -3.778338E-4
1.059125E+7,    -1.193285E-4,    -3.746152E-4
1.059750E+7,    -1.281500E-4,    -3.721714E-4
1.060375E+7,    -1.422167E-4,    -3.756285E-4
1.061000E+7,    -1.070797E-4,    -3.705621E-4
1.061625E+7,    -1.220703E-4,    -3.734827E-4
1.062250E+7,    -1.271963E-4,    -3.885627E-4
1.062875E+7,    -1.344681E-4,    -3.933311E-4
1.063500E+7,    -1.262426E-4,    -3.981590E-4
1.064125E+7,    -1.257062E-4,    -3.724098E-4
1.064750E+7,    -1.234412E-4,    -3.862977E-4
1.065375E+7,    -1.023412E-4,    -3.845692E-4
1.066000E+7,    -1.196861E-4,    -4.066825E-4
1.066625E+7,    -1.288652E-4,    -4.009008E-4
1.067250E+7,    -1.330376E-4,    -3.900528E-4
1.067875E+7,    -1.243353E-4,    -3.989339E-4
1.068500E+7,    -1.257658E-4,    -3.950596E-4
1.069125E+7,    -1.316071E-4,    -4.070401E-4
1.069750E+7,    -1.417994E-4,    -3.975630E-4
1.070375E+7,    -1.271367E-4,    -4.011989E-4
1.071000E+7,    -1.519918E-4,    -4.211068E-4
1.071625E+7,    -1.368523E-4,    -4.280806E-4
1.072250E+7,    -1.443624E-4,    -3.997684E-4
1.072875E+7,    -1.485348E-4,    -4.150867E-4
1.073500E+7,    -1.435280E-4,    -4.125834E-4
1.074125E+7,    -1.435280E-4,    -4.195571E-4
1.074750E+7,    -1.279116E-4,    -4.236698E-4
1.075375E+7,    -1.449585E-4,    -4.162192E-4
1.076000E+7,    -1.668334E-4,    -4.161596E-4
1.076625E+7,    -1.752973E-4,    -4.170537E-4
1.077250E+7,    -1.534820E-4,    -4.227757E-4
1.077875E+7,    -1.470447E-4,    -4.252195E-4
1.078500E+7,    -1.280904E-4,    -4.139543E-4
1.079125E+7,    -1.227856E-4,    -4.452467E-4
1.079750E+7,    -1.644492E-4,    -4.197359E-4
1.080375E+7,    -1.497865E-4,    -4.270673E-4
1.081000E+7,    -1.582503E-4,    -4.282594E-4
1.081625E+7,    -1.491308E-4,    -4.405975E-4
1.082250E+7,    -1.584888E-4,    -4.312992E-4
1.082875E+7,    -1.525879E-4,    -4.298091E-4
1.083500E+7,    -1.525879E-4,    -4.363060E-4
1.084125E+7,    -1.492500E-4,    -4.174709E-4
1.084750E+7,    -1.520514E-4,    -4.494190E-4
1.085375E+7,    -1.775026E-4,    -4.317164E-4
1.086000E+7,    -1.655817E-4,    -4.190803E-4
1.086625E+7,    -1.614690E-4,    -4.499555E-4
1.087250E+7,    -1.778603E-4,    -4.516840E-4
1.087875E+7,    -1.729131E-4,    -4.398823E-4
1.088500E+7,    -1.586080E-4,    -4.478693E-4
1.089125E+7,    -1.835227E-4,    -4.734397E-4
1.089750E+7,    -1.672506E-4,    -4.448891E-4
1.090375E+7,    -1.671314E-4,    -4.518032E-4
1.091000E+7,    -1.829267E-4,    -4.531741E-4
1.091625E+7,    -1.583695E-4,    -4.819632E-4
1.092250E+7,    -1.831055E-4,    -4.599094E-4
1.092875E+7,    -1.827478E-4,    -4.730225E-4
1.093500E+7,    -1.708865E-4,    -4.541874E-4
1.094125E+7,    -1.654625E-4,    -4.559755E-4
1.094750E+7,    -1.766682E-4,    -4.860759E-4
1.095375E+7,    -1.955628E-4,    -4.614592E-4
1.096000E+7,    -1.828074E-4,    -4.568100E-4
1.096625E+7,    -1.949072E-4,    -4.859567E-4
1.097250E+7,    -1.820326E-4,    -4.700422E-4
1.097875E+7,    -1.884103E-4,    -4.845262E-4
1.098500E+7,    -1.773834E-4,    -4.721284E-4
1.099125E+7,    -1.723766E-4,    -4.739165E-4
1.099750E+7,    -1.664758E-4,    -4.699826E-4
1.100375E+7,    -1.795292E-4,    -4.777908E-4
1.101000E+7,    -1.853704E-4,    -5.033016E-4
1.101625E+7,    -1.925230E-4,    -5.138516E-4
1.102250E+7,    -1.807809E-4,    -4.943609E-4
1.102875E+7,    -2.105832E-4,    -4.931092E-4
1.103500E+7,    -2.002120E-4,    -4.732013E-4
1.104125E+7,    -1.989007E-4,    -4.873276E-4
1.104750E+7,    -1.999736E-4,    -4.874468E-4
1.105375E+7,    -2.068877E-4,    -4.978776E-4
1.106000E+7,    -1.870990E-4,    -5.058050E-4
1.106625E+7,    -2.102852E-4,    -4.861355E-4
1.107250E+7,    -1.955628E-4,    -5.062222E-4
1.107875E+7,    -2.036095E-4,    -5.170703E-4
1.108500E+7,    -2.124906E-4,    -5.100369E-4
1.109125E+7,    -2.203584E-4,    -5.068779E-4
1.109750E+7,    -2.067685E-4,    -5.229115E-4
1.110375E+7,    -2.087355E-4,    -5.156994E-4
1.111000E+7,    -2.086759E-4,    -5.190969E-4
1.111625E+7,    -2.155900E-4,    -5.266070E-4
1.112250E+7,    -2.163649E-4,    -5.226135E-4
1.112875E+7,    -2.191663E-4,    -5.328059E-4
1.113500E+7,    -2.055764E-4,    -5.526543E-4
1.114125E+7,    -2.141595E-4,    -5.464554E-4
1.114750E+7,    -2.138019E-4,    -5.681515E-4
1.115375E+7,    -2.313256E-4,    -5.360842E-4
1.116000E+7,    -2.328157E-4,    -5.410910E-4
1.116625E+7,    -2.353191E-4,    -5.459785E-4
1.117250E+7,    -2.148151E-4,    -5.517006E-4
1.117875E+7,    -2.424717E-4,    -5.590916E-4
1.118500E+7,    -2.243519E-4,    -5.583763E-4
1.119125E+7,    -2.452135E-4,    -5.632639E-4
1.119750E+7,    -2.458096E-4,    -5.671978E-4
1.120375E+7,    -2.406836E-4,    -5.798936E-4
1.121000E+7,    -2.312064E-4,    -6.008744E-4
1.121625E+7,    -2.466440E-4,    -6.240010E-4
1.122250E+7,    -2.692342E-4,    -6.316304E-4
1.122875E+7,    -2.605915E-4,    -6.950498E-4
1.123500E+7,    -2.633333E-4,    -7.454157E-4
1.124125E+7,    -2.982616E-4,    -7.327795E-4
1.124750E+7,    -3.107786E-4,    -7.652044E-4
1.125375E+7,    -2.928972E-4,    -7.212162E-4
1.126000E+7,    -3.045797E-4,    -7.309914E-4
1.126625E+7,    -2.815723E-4,    -7.041693E-4
1.127250E+7,    -2.954006E-4,    -7.784367E-4
1.127875E+7,    -2.809167E-4,    -6.941557E-4
1.128500E+7,    -2.889633E-4,    -7.078648E-4
1.129125E+7,    -2.956986E-4,    -6.791949E-4
1.129750E+7,    -2.570152E-4,    -6.186962E-4
1.130375E+7,    -3.098249E-4,    -6.724596E-4
1.131000E+7,    -2.943277E-4,    -6.985664E-4
1.131625E+7,    -2.931356E-4,    -7.233620E-4
1.132250E+7,    -3.215075E-4,    -7.288456E-4
1.132875E+7,    -3.173351E-4,    -7.133484E-4
1.133500E+7,    -3.334284E-4,    -7.320642E-4
1.134125E+7,    -2.919436E-4,    -6.940365E-4
1.134750E+7,    -3.131628E-4,    -7.026196E-4
1.135375E+7,    -3.072023E-4,    -6.747246E-4
1.136000E+7,    -2.888441E-4,    -6.572008E-4
1.136625E+7,    -3.031492E-4,    -7.013083E-4
1.137250E+7,    -3.101826E-4,    -7.299185E-4
1.137875E+7,    -3.471375E-4,    -7.373095E-4
1.138500E+7,    -3.066063E-4,    -7.356405E-4
1.139125E+7,    -3.174543E-4,    -7.361174E-4
1.139750E+7,    -3.166199E-4,    -7.088184E-4
1.140375E+7,    -3.254414E-4,    -6.889105E-4
1.141000E+7,    -3.014803E-4,    -6.848574E-4
1.141625E+7,    -3.092289E-4,    -6.932020E-4
1.142250E+7,    -3.108978E-4,    -7.071495E-4
1.142875E+7,    -3.317595E-4,    -7.574558E-4
1.143500E+7,    -3.237724E-4,    -7.245541E-4
1.144125E+7,    -3.472567E-4,    -7.263422E-4
1.144750E+7,    -3.678799E-4,    -7.876158E-4
1.145375E+7,    -3.503561E-4,    -8.132458E-4
1.146000E+7,    -3.802776E-4,    -8.019209E-4
1.146625E+7,    -3.796816E-4,    -8.291006E-4
1.147250E+7,    -3.470182E-4,    -8.381605E-4
1.147875E+7,    -3.720522E-4,    -7.804632E-4
1.148500E+7,    -3.566742E-4,    -8.269548E-4
1.149125E+7,    -3.988743E-4,    -8.804798E-4
1.149750E+7,    -3.983974E-4,    -8.985996E-4
1.150375E+7,    -3.910065E-4,    -8.790493E-4
1.151000E+7,    -4.477501E-4,    -9.162426E-4
1.151625E+7,    -4.135370E-4,    -8.983612E-4
1.152250E+7,    -3.900528E-4,    -8.993149E-4
1.152875E+7,    -3.882647E-4,    -8.493662E-4
1.153500E+7,    -3.944635E-4,    -7.972717E-4
1.154125E+7,    -4.458427E-4,    -8.928776E-4
1.154750E+7,    -4.234314E-4,    -9.121895E-4
1.155375E+7,    -4.297495E-4,    -9.012222E-4
1.156000E+7,    -4.369020E-4,    -1.037598E-3
1.156625E+7,    -4.500151E-4,    -1.042604E-3
1.157250E+7,    -4.518032E-4,    -1.029015E-3
1.157875E+7,    -5.277395E-4,    -1.046419E-3
1.158500E+7,    -5.035400E-4,    -1.155138E-3
1.159125E+7,    -4.312992E-4,    -1.011014E-3
1.159750E+7,    -3.983974E-4,    -1.022458E-3
1.160375E+7,    -4.816055E-4,    -1.106501E-3
1.161000E+7,    -4.736185E-4,    -1.066566E-3
1.161625E+7,    -4.829168E-4,    -1.167297E-3
1.162250E+7,    -5.306005E-4,    -1.221299E-3
1.162875E+7,    -4.649162E-4,    -1.494169E-3
1.163500E+7,    -4.661083E-4,    -1.626253E-3
1.164125E+7,    -1.404285E-4,    -1.855612E-3
1.164750E+7,    2.224445E-4,    -2.015591E-3
1.165375E+7,    1.740456E-5,    -2.019167E-3
1.166000E+7,    4.147291E-4,    -1.893401E-3
1.166625E+7,    8.316040E-4,    -1.982450E-3
1.167250E+7,    1.033545E-3,    -1.789689E-3
1.167875E+7,    9.882450E-4,    -1.815319E-3
1.168500E+7,    1.029015E-3,    -1.801491E-3
1.169125E+7,    1.069784E-3,    -1.777768E-3
1.169750E+7,    1.046062E-3,    -1.811743E-3
1.170375E+7,    1.051545E-3,    -1.835823E-3
1.171000E+7,    1.036048E-3,    -1.852989E-3
1.171625E+7,    1.076102E-3,    -1.851201E-3
1.172250E+7,    1.067758E-3,    -1.873255E-3
1.172875E+7,    1.103163E-3,    -1.870632E-3
1.173500E+7,    1.085639E-3,    -1.897931E-3
1.174125E+7,    1.090646E-3,    -1.897454E-3
1.174750E+7,    1.096964E-3,    -1.953125E-3
1.175375E+7,    1.117826E-3,    -1.894474E-3
1.176000E+7,    1.134753E-3,    -1.909852E-3
1.176625E+7,    1.128912E-3,    -2.022743E-3
1.177250E+7,    1.149654E-3,    -1.988649E-3
1.177875E+7,    1.094103E-3,    -2.049446E-3
1.178500E+7,    1.152992E-3,    -2.035141E-3
1.179125E+7,    1.111269E-3,    -2.029896E-3
1.179750E+7,    1.094818E-3,    -2.087116E-3
1.180375E+7,    1.061440E-3,    -2.001286E-3
1.181000E+7,    1.071215E-3,    -2.097368E-3
1.181625E+7,    1.142740E-3,    -2.094030E-3
1.182250E+7,    1.135349E-3,    -2.166271E-3
1.182875E+7,    1.155376E-3,    -2.180338E-3
1.183500E+7,    1.197577E-3,    -2.177477E-3
1.184125E+7,    1.165867E-3,    -2.197981E-3
1.184750E+7,    1.173019E-3,    -2.200365E-3
1.185375E+7,    1.184702E-3,    -2.230883E-3
1.186000E+7,    1.188755E-3,    -2.253056E-3
1.186625E+7,    1.223564E-3,    -2.296448E-3
1.187250E+7,    1.196146E-3,    -2.256155E-3
1.187875E+7,    1.209021E-3,    -2.318859E-3
1.188500E+7,    1.221418E-3,    -2.337933E-3
1.189125E+7,    1.244545E-3,    -2.330542E-3
1.189750E+7,    1.263618E-3,    -2.343416E-3
1.190375E+7,    1.259327E-3,    -2.398968E-3
1.191000E+7,    1.250982E-3,    -2.427816E-3
1.191625E+7,    1.224756E-3,    -2.389193E-3
1.192250E+7,    1.241922E-3,    -2.436876E-3
1.192875E+7,    1.280785E-3,    -2.433300E-3
1.193500E+7,    1.313686E-3,    -2.490044E-3
1.194125E+7,    1.306295E-3,    -2.512217E-3
1.194750E+7,    1.315594E-3,    -2.550125E-3
1.195375E+7,    1.305103E-3,    -2.490044E-3
1.196000E+7,    1.327753E-3,    -2.585173E-3
1.196625E+7,    1.344919E-3,    -2.601862E-3
1.197250E+7,    1.286507E-3,    -2.597094E-3
1.197875E+7,    1.262903E-3,    -2.682209E-3
1.198500E+7,    1.334429E-3,    -2.655983E-3
1.199125E+7,    1.258135E-3,    -2.712965E-3
1.199750E+7,    1.249313E-3,    -2.715826E-3
1.200375E+7,    1.343250E-3,    -2.814531E-3
1.201000E+7,    1.291990E-3,    -2.748489E-3
1.201625E+7,    1.379728E-3,    -2.763271E-3
1.202250E+7,    1.312733E-3,    -2.757072E-3
1.202875E+7,    1.287937E-3,    -2.824545E-3
1.203500E+7,    1.289368E-3,    -2.835751E-3
1.204125E+7,    1.257420E-3,    -2.851725E-3
1.204750E+7,    1.305103E-3,    -2.816439E-3
1.205375E+7,    1.384735E-3,    -2.886295E-3
1.206000E+7,    1.318693E-3,    -2.834558E-3
1.206625E+7,    1.329899E-3,    -2.973318E-3
1.207250E+7,    1.375198E-3,    -3.037214E-3
1.207875E+7,    1.309633E-3,    -3.004313E-3
1.208500E+7,    1.342058E-3,    -2.979279E-3
1.209125E+7,    1.360416E-3,    -2.967834E-3
1.209750E+7,    1.377106E-3,    -2.986193E-3
1.210375E+7,    1.308918E-3,    -3.035545E-3
1.211000E+7,    1.387119E-3,    -3.007889E-3
1.211625E+7,    1.400709E-3,    -3.089666E-3
1.212250E+7,    1.357317E-3,    -3.096819E-3
1.212875E+7,    1.379013E-3,    -3.164768E-3
1.213500E+7,    1.377106E-3,    -3.156424E-3
1.214125E+7,    1.363277E-3,    -3.219366E-3
1.214750E+7,    1.422167E-3,    -3.211737E-3
1.215375E+7,    1.437664E-3,    -3.217697E-3
1.216000E+7,    1.441479E-3,    -3.252029E-3
1.216625E+7,    1.442671E-3,    -3.309011E-3
1.217250E+7,    1.463413E-3,    -3.313303E-3
1.217875E+7,    1.464605E-3,    -3.420591E-3
1.218500E+7,    1.451969E-3,    -3.421307E-3
1.219125E+7,    1.489878E-3,    -3.434420E-3
1.219750E+7,    1.476526E-3,    -3.494263E-3
1.220375E+7,    1.492262E-3,    -3.525019E-3
1.221000E+7,    1.489878E-3,    -3.536701E-3
1.221625E+7,    1.510620E-3,    -3.602266E-3
1.222250E+7,    1.529694E-3,    -3.616333E-3
1.222875E+7,    1.527786E-3,    -3.674269E-3
1.223500E+7,    1.574755E-3,    -3.689051E-3
1.224125E+7,    1.599550E-3,    -3.715754E-3
1.224750E+7,    1.553774E-3,    -3.753662E-3
1.225375E+7,    1.594782E-3,    -3.769636E-3
1.226000E+7,    1.571417E-3,    -3.841400E-3
1.226625E+7,    1.623392E-3,    -3.922939E-3
1.227250E+7,    1.613140E-3,    -3.959179E-3
1.227875E+7,    1.584530E-3,    -3.970623E-3
1.228500E+7,    1.672268E-3,    -3.966808E-3
1.229125E+7,    1.680851E-3,    -4.046440E-3
1.229750E+7,    1.727581E-3,    -4.092693E-3
1.230375E+7,    1.713276E-3,    -4.208565E-3
1.231000E+7,    1.685143E-3,    -4.201889E-3
1.231625E+7,    1.734257E-3,    -4.225731E-3
1.232250E+7,    1.726151E-3,    -4.334450E-3
1.232875E+7,    1.735210E-3,    -4.414558E-3
1.233500E+7,    1.771927E-3,    -4.426479E-3
1.234125E+7,    1.725674E-3,    -4.434109E-3
1.234750E+7,    1.858234E-3,    -4.479408E-3
1.235375E+7,    1.796722E-3,    -4.568577E-3
1.236000E+7,    1.824379E-3,    -4.601479E-3
1.236625E+7,    1.839638E-3,    -4.642010E-3
1.237250E+7,    1.909733E-3,    -4.662514E-3
1.237875E+7,    1.888275E-3,    -4.720211E-3
1.238500E+7,    1.905441E-3,    -4.765511E-3
1.239125E+7,    1.902103E-3,    -4.868507E-3
1.239750E+7,    1.924515E-3,    -4.870415E-3
1.240375E+7,    1.923561E-3,    -4.975319E-3
1.241000E+7,    1.978874E-3,    -5.038261E-3
1.241625E+7,    2.027988E-3,    -5.157948E-3
1.242250E+7,    2.023220E-3,    -5.165577E-3
1.242875E+7,    2.091885E-3,    -5.254269E-3
1.243500E+7,    2.062798E-3,    -5.365372E-3
1.244125E+7,    2.073765E-3,    -5.455017E-3
1.244750E+7,    2.070427E-3,    -5.444050E-3
1.245375E+7,    2.161026E-3,    -5.552292E-3
1.246000E+7,    2.162933E-3,    -5.586624E-3
1.246625E+7,    2.193451E-3,    -5.648613E-3
1.247250E+7,    2.233505E-3,    -5.696297E-3
1.247875E+7,    2.241611E-3,    -5.839825E-3
1.248500E+7,    2.299309E-3,    -5.848408E-3
1.249125E+7,    2.308846E-3,    -5.930901E-3
1.249750E+7,    2.336025E-3,    -5.991936E-3
1.250375E+7,    2.353191E-3,    -6.185532E-3
1.251000E+7,    2.423286E-3,    -6.249905E-3
1.251625E+7,    2.387047E-3,    -6.290436E-3
1.252250E+7,    2.406120E-3,    -6.387234E-3
1.252875E+7,    2.425194E-3,    -6.471157E-3
1.253500E+7,    2.532482E-3,    -6.519794E-3
1.254125E+7,    2.418041E-3,    -6.616116E-3
1.254750E+7,    2.534866E-3,    -6.730556E-3
1.255375E+7,    2.561569E-3,    -6.813526E-3
1.256000E+7,    2.604485E-3,    -6.928444E-3
1.256625E+7,    2.621651E-3,    -7.047176E-3
1.257250E+7,    2.676964E-3,    -7.158756E-3
1.257875E+7,    2.730370E-3,    -7.231712E-3
1.258500E+7,    2.743721E-3,    -7.385731E-3
1.259125E+7,    2.792358E-3,    -7.461548E-3
1.259750E+7,    2.800941E-3,    -7.564068E-3
1.260375E+7,    2.872467E-3,    -7.682800E-3
1.261000E+7,    2.782822E-3,    -7.870674E-3
1.261625E+7,    2.860069E-3,    -8.060455E-3
1.262250E+7,    2.951622E-3,    -8.033752E-3
1.262875E+7,    2.758980E-3,    -8.483887E-3
1.263500E+7,    2.978325E-3,    -8.246422E-3
1.264125E+7,    3.100395E-3,    -8.464813E-3
1.264750E+7,    3.136635E-3,    -8.640289E-3
1.265375E+7,    3.175735E-3,    -8.734703E-3
1.266000E+7,    3.095627E-3,    -9.028435E-3
1.266625E+7,    3.155708E-3,    -9.095192E-3
1.267250E+7,    1.178741E-3,    -9.858131E-3
1.267875E+7,    2.064705E-3,    -9.963989E-3
1.268500E+7,    1.188278E-3,    -1.049614E-2
1.269125E+7,    2.473831E-3,    -1.035404E-2
1.269750E+7,    3.439903E-3,    -9.710312E-3
1.270375E+7,    1.783371E-4,    -1.018238E-2
1.271000E+7,    1.307487E-3,    -1.168633E-2
1.271625E+7,    3.688812E-3,    -1.033401E-2
1.272250E+7,    3.744125E-3,    -1.053905E-2
1.272875E+7,    3.765106E-3,    -1.073265E-2
1.273500E+7,    3.668785E-3,    -1.114464E-2
1.274125E+7,    3.899574E-3,    -1.125717E-2
1.274750E+7,    3.853798E-3,    -1.160574E-2
1.275375E+7,    4.058838E-3,    -1.153612E-2
1.276000E+7,    3.380775E-3,    -1.205587E-2
1.276625E+7,    1.892090E-3,    -1.256657E-2
1.277250E+7,    -2.183437E-3,    -9.246349E-3
1.277875E+7,    -3.447533E-3,    -1.163197E-2
1.278500E+7,    -1.543522E-3,    -1.376677E-2
1.279125E+7,    3.204346E-4,    -1.455069E-2
1.279750E+7,    3.262520E-3,    -1.363182E-2
1.280375E+7,    -1.345634E-3,    -1.334286E-2
1.281000E+7,    -4.885674E-3,    -1.152611E-2
1.281625E+7,    -3.907204E-3,    -1.538086E-2
1.282250E+7,    -4.249573E-3,    -1.525593E-2
1.282875E+7,    1.374245E-3,    -1.572514E-2
1.283500E+7,    -6.305695E-3,    -1.339054E-2
1.284125E+7,    4.479408E-3,    -1.696110E-2
1.284750E+7,    5.016327E-3,    -1.669121E-2
1.285375E+7,    3.787041E-3,    -1.781464E-2
1.286000E+7,    3.849983E-3,    -1.773739E-2
1.286625E+7,    3.829002E-3,    -1.871777E-2
1.287250E+7,    4.544258E-3,    -1.878071E-2
1.287875E+7,    5.443573E-3,    -1.841450E-2
1.288500E+7,    4.366875E-3,    -1.867962E-2
1.289125E+7,    3.141403E-3,    -2.073574E-2
1.289750E+7,    3.280640E-4,    -2.098846E-2
1.290375E+7,    3.926277E-3,    -2.052975E-2
1.291000E+7,    2.457619E-3,    -2.139187E-2
1.291625E+7,    1.406670E-3,    -2.296352E-2
1.292250E+7,    -1.142502E-3,    -2.037334E-2
1.292875E+7,    4.339218E-4,    -2.269268E-2
1.293500E+7,    -8.559227E-3,    -1.921463E-2
1.294125E+7,    -5.675316E-3,    -2.134228E-2
1.294750E+7,    -8.434296E-3,    -1.674747E-2
1.295375E+7,    -8.615494E-3,    -1.112747E-2
1.296000E+7,    -7.503510E-3,    -8.500099E-3
1.296625E+7,    -7.399082E-3,    -8.085728E-3
1.297250E+7,    -7.663727E-3,    -8.402824E-3
1.297875E+7,    -7.864952E-3,    -8.494377E-3
1.298500E+7,    -8.000374E-3,    -8.627892E-3
1.299125E+7,    -8.231163E-3,    -8.827209E-3
1.299750E+7,    -8.472443E-3,    -8.985519E-3
1.300375E+7,    -8.736610E-3,    -9.249687E-3
1.301000E+7,    -8.991241E-3,    -9.447098E-3
1.301625E+7,    -9.258270E-3,    -9.623528E-3
1.302250E+7,    -9.570122E-3,    -9.919167E-3
1.302875E+7,    -9.858131E-3,    -1.012802E-2
1.303500E+7,    -1.016998E-2,    -1.038265E-2
1.304125E+7,    -1.049614E-2,    -1.060295E-2
1.304750E+7,    -1.084232E-2,    -1.089764E-2
1.305375E+7,    -1.115894E-2,    -1.114368E-2
1.306000E+7,    -1.150703E-2,    -1.140213E-2
1.306625E+7,    -1.195240E-2,    -1.171398E-2
1.307250E+7,    -1.238346E-2,    -1.202583E-2
1.307875E+7,    -1.285267E-2,    -1.238918E-2
1.308500E+7,    -1.331234E-2,    -1.273060E-2
1.309125E+7,    -1.383781E-2,    -1.308441E-2
1.309750E+7,    -1.430130E-2,    -1.340771E-2
1.310375E+7,    -1.481247E-2,    -1.376247E-2
1.311000E+7,    -1.540661E-2,    -1.416206E-2
1.311625E+7,    -1.597786E-2,    -1.458073E-2
1.312250E+7,    -1.670456E-2,    -1.505089E-2
1.312875E+7,    -1.741600E-2,    -1.550293E-2
1.313500E+7,    -1.813126E-2,    -1.598358E-2
1.314125E+7,    -1.884079E-2,    -1.638031E-2
1.314750E+7,    -1.972580E-2,    -1.693535E-2
1.315375E+7,    -2.082634E-2,    -1.768112E-2
1.316000E+7,    -2.180672E-2,    -1.826668E-2
1.316625E+7,    -2.276230E-2,    -1.888847E-2
1.317250E+7,    -2.369118E-2,    -1.925659E-2
1.317875E+7,    -2.488327E-2,    -1.997566E-2
1.318500E+7,    -2.601814E-2,    -2.064705E-2
1.319125E+7,    -2.748871E-2,    -2.141380E-2
1.319750E+7,    -2.851105E-2,    -2.190781E-2
1.320375E+7,    -3.001976E-2,    -2.257156E-2
1.321000E+7,    -3.179169E-2,    -2.359581E-2
1.321625E+7,    -3.304863E-2,    -2.404213E-2
1.322250E+7,    -3.476334E-2,    -2.477074E-2
1.322875E+7,    -3.693390E-2,    -2.577209E-2
1.323500E+7,    -3.933334E-2,    -2.680206E-2
1.324125E+7,    -4.209137E-2,    -2.803421E-2
1.324750E+7,    -4.551315E-2,    -2.953720E-2
1.325375E+7,    -4.906082E-2,    -3.115463E-2
1.326000E+7,    -5.175018E-2,    -3.189850E-2
1.326625E+7,    -5.526733E-2,    -3.302383E-2
1.327250E+7,    -5.914688E-2,    -3.425598E-2
1.327875E+7,    -6.394958E-2,    -3.560257E-2
1.328500E+7,    -6.789398E-2,    -3.652573E-2
1.329125E+7,    -7.400131E-2,    -3.828430E-2
1.329750E+7,    -7.907104E-2,    -3.949356E-2
1.330375E+7,    -8.465576E-2,    -3.977966E-2
1.331000E+7,    -9.397888E-2,    -4.154968E-2
1.331625E+7,    -1.014023E-1,    -4.257965E-2
1.332250E+7,    -1.124420E-1,    -4.412842E-2
1.332875E+7,    -1.181183E-1,    -4.371643E-2
1.333500E+7,    -1.254196E-1,    -4.148865E-2
1.334125E+7,    -1.346741E-1,    -4.057312E-2
1.334750E+7,    -1.460876E-1,    -3.832245E-2
1.335375E+7,    -1.624756E-1,    -3.628540E-2
1.336000E+7,    -1.767120E-1,    -3.326416E-2
1.336625E+7,    -1.921997E-1,    -2.645111E-2
1.337250E+7,    -2.141266E-1,    -1.994324E-2
1.337875E+7,    -2.324677E-1,    -8.689880E-3
1.338500E+7,    -2.537842E-1,    6.454468E-3
1.339125E+7,    -2.809448E-1,    2.653503E-2
1.339750E+7,    -3.036652E-1,    5.180359E-2
1.340375E+7,    -3.250580E-1,    8.502197E-2
1.341000E+7,    -3.454895E-1,    1.271973E-1
1.341625E+7,    -3.641815E-1,    1.803131E-1
1.342250E+7,    -3.695221E-1,    2.408142E-1
1.342875E+7,    -3.637238E-1,    3.096924E-1
1.343500E+7,    -3.411560E-1,    3.814545E-1
1.344125E+7,    -2.962952E-1,    4.420624E-1
1.344750E+7,    -2.398376E-1,    4.985199E-1
1.345375E+7,    -1.728210E-1,    5.386963E-1
1.346000E+7,    -9.930420E-2,    5.610657E-1
1.346625E+7,    -2.893066E-2,    5.737915E-1
1.347250E+7,    3.918457E-2,    5.765991E-1
1.347875E+7,    1.000366E-1,    5.615234E-1
1.348500E+7,    1.547241E-1,    5.383911E-1
1.349125E+7,    2.034302E-1,    5.159912E-1
1.349750E+7,    2.493896E-1,    4.924316E-1
1.350375E+7,    2.930908E-1,    4.717712E-1
1.351000E+7,    3.296814E-1,    4.414978E-1
1.351625E+7,    3.666992E-1,    4.110718E-1
1.352250E+7,    4.031372E-1,    3.795471E-1
1.352875E+7,    4.387207E-1,    3.448792E-1
1.353500E+7,    4.746094E-1,    3.059082E-1
1.354125E+7,    5.072021E-1,    2.609863E-1
1.354750E+7,    5.374756E-1,    2.099304E-1
1.355375E+7,    5.624084E-1,    1.512146E-1
1.356000E+7,    5.784607E-1,    8.474731E-2
1.356625E+7,    5.827637E-1,    1.452637E-2
1.357250E+7,    5.733643E-1,    -5.926514E-2
1.357875E+7,    5.501099E-1,    -1.311035E-1
1.358500E+7,    5.119629E-1,    -1.944580E-1
1.359125E+7,    4.624023E-1,    -2.468567E-1
1.359750E+7,    4.066162E-1,    -2.857666E-1
1.360375E+7,    3.479004E-1,    -3.096008E-1
1.361000E+7,    2.918396E-1,    -3.214111E-1
1.361625E+7,    2.402649E-1,    -3.230896E-1
1.362250E+7,    1.958313E-1,    -3.170471E-1
1.362875E+7,    1.564941E-1,    -3.065796E-1
1.363500E+7,    1.242981E-1,    -2.930298E-1
1.364125E+7,    9.729004E-2,    -2.777710E-1
1.364750E+7,    7.516479E-2,    -2.614136E-1
1.365375E+7,    5.693054E-2,    -2.461548E-1
1.366000E+7,    4.235840E-2,    -2.310791E-1
1.366625E+7,    3.002930E-2,    -2.171478E-1
1.367250E+7,    1.994324E-2,    -2.041168E-1
1.367875E+7,    1.208496E-2,    -1.917572E-1
1.368500E+7,    5.371094E-3,    -1.801300E-1
1.369125E+7,    -9.155273E-5,    -1.692352E-1
1.369750E+7,    -4.592896E-3,    -1.595612E-1
1.370375E+7,    -8.300781E-3,    -1.507111E-1
1.371000E+7,    -1.106262E-2,    -1.429138E-1
1.371625E+7,    -1.344299E-2,    -1.356506E-1
1.372250E+7,    -1.536560E-2,    -1.285553E-1
1.372875E+7,    -1.734924E-2,    -1.224060E-1
1.373500E+7,    -1.884460E-2,    -1.165314E-1
1.374125E+7,    -1.966858E-2,    -1.112213E-1
1.374750E+7,    -2.072144E-2,    -1.064301E-1
1.375375E+7,    -2.160645E-2,    -1.020355E-1
1.376000E+7,    -2.239990E-2,    -9.793854E-2
1.376625E+7,    -2.289581E-2,    -9.376526E-2
1.377250E+7,    -2.333069E-2,    -9.038544E-2
1.377875E+7,    -2.418518E-2,    -8.760071E-2
1.378500E+7,    -2.413177E-2,    -8.425140E-2
1.379125E+7,    -2.436829E-2,    -8.152008E-2
1.379750E+7,    -2.467346E-2,    -7.901001E-2
1.380375E+7,    -2.483368E-2,    -7.655334E-2
1.381000E+7,    -2.500153E-2,    -7.432556E-2
1.381625E+7,    -2.529907E-2,    -7.256317E-2
1.382250E+7,    -2.522278E-2,    -7.045746E-2
1.382875E+7,    -2.568054E-2,    -6.856537E-2
1.383500E+7,    -2.584839E-2,    -6.693268E-2
1.384125E+7,    -2.603912E-2,    -6.541443E-2
1.384750E+7,    -2.621460E-2,    -6.398010E-2
1.385375E+7,    -2.642822E-2,    -6.270599E-2
1.386000E+7,    -2.661133E-2,    -6.153107E-2
1.386625E+7,    -2.687073E-2,    -6.046295E-2
1.387250E+7,    -2.706909E-2,    -5.954742E-2
1.387875E+7,    -2.744293E-2,    -5.863953E-2
1.388500E+7,    -2.770233E-2,    -5.793762E-2
1.389125E+7,    -2.803040E-2,    -5.722046E-2
1.389750E+7,    -2.841949E-2,    -5.658722E-2
1.390375E+7,    -2.891541E-2,    -5.610657E-2
1.391000E+7,    -2.931213E-2,    -5.566406E-2
1.391625E+7,    -2.997589E-2,    -5.524445E-2
1.392250E+7,    -3.055573E-2,    -5.505371E-2
1.392875E+7,    -3.128815E-2,    -5.485535E-2
1.393500E+7,    -3.205109E-2,    -5.480194E-2
1.394125E+7,    -3.291702E-2,    -5.480576E-2
1.394750E+7,    -3.392029E-2,    -5.486298E-2
1.395375E+7,    -3.505707E-2,    -5.511475E-2
1.396000E+7,    -3.636169E-2,    -5.542374E-2
1.396625E+7,    -3.784561E-2,    -5.577087E-2
1.397250E+7,    -3.945923E-2,    -5.625916E-2
1.397875E+7,    -4.134750E-2,    -5.690002E-2
1.398500E+7,    -4.355621E-2,    -5.764389E-2
1.399125E+7,    -4.618835E-2,    -5.843735E-2
1.399750E+7,    -4.911041E-2,    -5.944061E-2
1.400375E+7,    -5.257416E-2,    -6.046677E-2
1.401000E+7,    -5.680847E-2,    -6.160355E-2
1.401625E+7,    -6.174850E-2,    -6.268311E-2
1.402250E+7,    -6.781769E-2,    -6.369019E-2
1.402875E+7,    -7.524109E-2,    -6.449890E-2
1.403500E+7,    -8.426666E-2,    -6.468964E-2
1.404125E+7,    -9.544373E-2,    -6.388092E-2
1.404750E+7,    -1.089859E-1,    -6.093597E-2
1.405375E+7,    -1.257324E-1,    -5.395508E-2
1.406000E+7,    -1.443176E-1,    -4.137421E-2
1.406625E+7,    -1.629410E-1,    -1.858521E-2
1.407250E+7,    -1.749268E-1,    1.549530E-2
1.407875E+7,    -1.711273E-1,    5.699921E-2
1.408500E+7,    -1.477509E-1,    9.434509E-2
1.409125E+7,    -1.120911E-1,    1.161804E-1
1.409750E+7,    -7.637024E-2,    1.200256E-1
1.410375E+7,    -4.850006E-2,    1.127243E-1
1.411000E+7,    -2.895355E-2,    1.017151E-1
1.411625E+7,    -1.622009E-2,    8.968353E-2
1.412250E+7,    -7.759094E-3,    7.875824E-2
1.412875E+7,    -2.372742E-3,    6.938171E-2
1.413500E+7,    1.159668E-3,    6.113052E-2
1.414125E+7,    3.391266E-3,    5.416870E-2
1.414750E+7,    4.768372E-3,    4.834366E-2
1.415375E+7,    5.596161E-3,    4.338074E-2
1.416000E+7,    6.164551E-3,    3.900528E-2
1.416625E+7,    6.454468E-3,    3.539658E-2
1.417250E+7,    6.584167E-3,    3.212738E-2
1.417875E+7,    6.553650E-3,    2.935028E-2
1.418500E+7,    6.496429E-3,    2.689362E-2
1.419125E+7,    6.381035E-3,    2.476788E-2
1.419750E+7,    6.239891E-3,    2.286243E-2
1.420375E+7,    6.044388E-3,    2.110386E-2
1.421000E+7,    5.835533E-3,    1.959705E-2
1.421625E+7,    5.647659E-3,    1.819324E-2
1.422250E+7,    5.442619E-3,    1.695633E-2
1.422875E+7,    5.218506E-3,    1.585674E-2
1.423500E+7,    5.048752E-3,    1.478863E-2
1.424125E+7,    4.888535E-3,    1.387691E-2
1.424750E+7,    4.672050E-3,    1.303291E-2
1.425375E+7,    4.481316E-3,    1.222992E-2
1.426000E+7,    4.330158E-3,    1.150656E-2
1.426625E+7,    4.148483E-3,    1.084995E-2
1.427250E+7,    4.012585E-3,    1.023531E-2
1.427875E+7,    3.851414E-3,    9.659290E-3
1.428500E+7,    3.706455E-3,    9.145737E-3
1.429125E+7,    3.558636E-3,    8.694649E-3
1.429750E+7,    3.391743E-3,    8.244038E-3
1.430375E+7,    3.278732E-3,    7.803917E-3
1.431000E+7,    3.157616E-3,    7.406712E-3
1.431625E+7,    3.043652E-3,    7.071972E-3
1.432250E+7,    2.932549E-3,    6.701469E-3
1.432875E+7,    2.815723E-3,    6.390095E-3
1.433500E+7,    2.705574E-3,    6.108284E-3
1.434125E+7,    2.614021E-3,    5.813599E-3
1.434750E+7,    2.540588E-3,    5.528927E-3
1.435375E+7,    2.421618E-3,    5.296469E-3
1.436000E+7,    2.360582E-3,    5.067110E-3
1.436625E+7,    2.259254E-3,    4.838943E-3
1.437250E+7,    2.200127E-3,    4.633665E-3
1.437875E+7,    2.134562E-3,    4.451752E-3
1.438500E+7,    2.043247E-3,    4.266739E-3
1.439125E+7,    1.950979E-3,    4.062891E-3
1.439750E+7,    1.901865E-3,    3.902912E-3
1.440375E+7,    1.836061E-3,    3.767490E-3
1.441000E+7,    1.801491E-3,    3.597736E-3
1.441625E+7,    1.728296E-3,    3.450394E-3
1.442250E+7,    1.666546E-3,    3.302813E-3
1.442875E+7,    1.598358E-3,    3.206491E-3
1.443500E+7,    1.568317E-3,    3.087521E-3
1.444125E+7,    1.490593E-3,    2.947569E-3
1.444750E+7,    1.448870E-3,    2.849817E-3
1.445375E+7,    1.406908E-3,    2.718210E-3
1.446000E+7,    1.354933E-3,    2.632618E-3
1.446625E+7,    1.313329E-3,    2.552032E-3
1.447250E+7,    1.300693E-3,    2.418995E-3
1.447875E+7,    1.224160E-3,    2.341628E-3
1.448500E+7,    1.192689E-3,    2.272367E-3
1.449125E+7,    1.171708E-3,    2.185941E-3
1.449750E+7,    1.136899E-3,    2.123237E-3
1.450375E+7,    1.084447E-3,    2.050877E-3
1.451000E+7,    1.075625E-3,    1.978636E-3
1.451625E+7,    1.032114E-3,    1.918077E-3
1.452250E+7,    1.019359E-3,    1.842618E-3
1.452875E+7,    9.745359E-4,    1.765490E-3
1.453500E+7,    9.748936E-4,    1.704931E-3
1.454125E+7,    9.111166E-4,    1.636863E-3
1.454750E+7,    9.135008E-4,    1.608253E-3
1.455375E+7,    8.553267E-4,    1.553655E-3
1.456000E+7,    8.468628E-4,    1.500845E-3
1.456625E+7,    7.916689E-4,    1.446009E-3
1.457250E+7,    7.922649E-4,    1.400948E-3
1.457875E+7,    7.646084E-4,    1.350999E-3
1.458500E+7,    7.603168E-4,    1.308680E-3
1.459125E+7,    7.346869E-4,    1.272559E-3
1.459750E+7,    7.125735E-4,    1.255572E-3
1.460375E+7,    6.962419E-4,    1.191080E-3
1.461000E+7,    6.738901E-4,    1.166523E-3
1.461625E+7,    6.595254E-4,    1.108229E-3
1.462250E+7,    6.273985E-4,    1.086235E-3
1.462875E+7,    6.026030E-4,    1.047492E-3
1.463500E+7,    6.117821E-4,    1.030564E-3
1.464125E+7,    5.759001E-4,    9.900331E-4
1.464750E+7,    5.633235E-4,    9.723902E-4
1.465375E+7,    5.679727E-4,    9.394884E-4
1.466000E+7,    5.424023E-4,    9.164810E-4
1.466625E+7,    5.214810E-4,    8.830428E-4
1.467250E+7,    5.035996E-4,    8.535385E-4
1.467875E+7,    4.985332E-4,    8.385181E-4
1.468500E+7,    4.891753E-4,    8.116364E-4
1.469125E+7,    4.779696E-4,    7.925034E-4
1.469750E+7,    4.764795E-4,    7.685423E-4
1.470375E+7,    4.466176E-4,    7.684231E-4
1.471000E+7,    4.438758E-4,    7.229447E-4
1.471625E+7,    4.361272E-4,    7.128119E-4
1.472250E+7,    4.287958E-4,    6.781220E-4
1.472875E+7,    4.064441E-4,    6.524920E-4
1.473500E+7,    3.930330E-4,    6.339550E-4
1.474125E+7,    3.952980E-4,    6.400943E-4
1.474750E+7,    3.800988E-4,    6.355047E-4
1.475375E+7,    3.651679E-4,    5.887151E-4
1.476000E+7,    3.602505E-4,    5.852282E-4
1.476625E+7,    3.746152E-4,    5.724132E-4
1.477250E+7,    3.674030E-4,    5.398393E-4
1.477875E+7,    3.305972E-4,    5.323589E-4
1.478500E+7,    3.433824E-4,    5.197227E-4
1.479125E+7,    3.219247E-4,    4.777610E-4
1.479750E+7,    3.008842E-4,    4.812479E-4
1.480375E+7,    3.011525E-4,    4.808903E-4
1.481000E+7,    3.071725E-4,    4.514754E-4
1.481625E+7,    2.866983E-4,    4.476607E-4
1.482250E+7,    2.984405E-4,    4.324615E-4
1.482875E+7,    2.686679E-4,    4.368722E-4
1.483500E+7,    2.766848E-4,    4.217923E-4
1.484125E+7,    2.641976E-4,    4.121661E-4
1.484750E+7,    2.566278E-4,    3.882051E-4
1.485375E+7,    2.549589E-4,    3.868341E-4
1.486000E+7,    2.504587E-4,    3.643930E-4
1.486625E+7,    2.245009E-4,    3.825426E-4
1.487250E+7,    2.362132E-4,    3.535151E-4
1.487875E+7,    2.364516E-4,    3.596246E-4
1.488500E+7,    2.336502E-4,    3.148913E-4
1.489125E+7,    2.231598E-4,    3.208220E-4
1.489750E+7,    2.101362E-4,    3.118813E-4
1.490375E+7,    2.124310E-4,    3.339052E-4
1.491000E+7,    2.094805E-4,    2.960861E-4
1.491625E+7,    1.912415E-4,    3.087223E-4
1.492250E+7,    1.911074E-4,    2.856106E-4
1.492875E+7,    1.919568E-4,    2.853572E-4
1.493500E+7,    1.936555E-4,    2.634525E-4
1.494125E+7,    1.690090E-4,    2.608448E-4
1.494750E+7,    1.998395E-4,    2.622157E-4
1.495375E+7,    1.980513E-4,    2.467334E-4
1.496000E+7,    1.733154E-4,    2.306104E-4
1.496625E+7,    1.630634E-4,    2.364218E-4
1.497250E+7,    1.696646E-4,    1.996458E-4
1.497875E+7,    1.688600E-4,    2.212226E-4
1.498500E+7,    1.591295E-4,    2.130717E-4
1.499125E+7,    1.627356E-4,    2.274215E-4
1.499750E+7,    1.524985E-4,    2.339780E-4
1.500375E+7,    1.424551E-4,    2.184063E-4
1.501000E+7,    1.318902E-4,    2.251863E-4
1.501625E+7,    1.224279E-4,    1.951307E-4
1.502250E+7,    1.421124E-4,    1.808107E-4
1.502875E+7,    1.320094E-4,    1.726449E-4
1.503500E+7,    1.434386E-4,    1.801848E-4
1.504125E+7,    1.257509E-4,    1.868606E-4
1.504750E+7,    1.155585E-4,    1.645684E-4
1.505375E+7,    1.196861E-4,    1.937449E-4
1.506000E+7,    1.386702E-4,    1.714230E-4
1.506625E+7,    9.454787E-5,    1.926273E-4
1.507250E+7,    1.397282E-4,    1.853555E-4
1.507875E+7,    1.034290E-4,    1.770556E-4
1.508500E+7,    1.259297E-4,    1.692623E-4
1.509125E+7,    1.115352E-4,    1.541823E-4
1.509750E+7,    1.264438E-4,    1.168102E-4
1.510375E+7,    8.637458E-5,    1.614615E-4
1.511000E+7,    1.127422E-4,    1.533329E-4
1.511625E+7,    7.265061E-5,    1.463145E-4
1.512250E+7,    9.100884E-5,    1.308918E-4
1.512875E+7,    8.758903E-5,    1.231655E-4
1.513500E+7,    1.031160E-4,    1.370758E-4
1.514125E+7,    8.475780E-5,    1.302436E-4
1.514750E+7,    1.076534E-4,    1.363903E-4
1.515375E+7,    8.191168E-5,    1.223162E-4
1.516000E+7,    9.309500E-5,    1.143739E-4
1.516625E+7,    8.293986E-5,    1.294017E-4
1.517250E+7,    6.704777E-5,    9.293854E-5
1.517875E+7,    8.331984E-5,    1.216233E-4
1.518500E+7,    8.617342E-5,    9.924918E-5
1.519125E+7,    5.974621E-5,    7.817149E-5
1.519750E+7,    8.377433E-5,    1.063868E-4
1.520375E+7,    6.958097E-5,    1.069307E-4
1.521000E+7,    6.667525E-5,    1.145452E-4
1.521625E+7,    6.583333E-5,    9.231269E-5
1.522250E+7,    6.241351E-5,    8.542836E-5
1.522875E+7,    6.317347E-5,    9.280443E-5
1.523500E+7,    8.170307E-5,    9.123981E-5
1.524125E+7,    4.224479E-5,    1.090989E-4
1.524750E+7,    8.153170E-5,    7.578731E-5
1.525375E+7,    6.439537E-5,    9.229034E-5
1.526000E+7,    6.864220E-5,    9.167939E-5
1.526625E+7,    8.066744E-5,    9.118766E-5
1.527250E+7,    6.753951E-5,    6.972998E-5
1.527875E+7,    5.374104E-5,    7.876754E-5
1.528500E+7,    6.496161E-5,    7.026643E-5
1.529125E+7,    5.470216E-5,    7.908046E-5
1.529750E+7,    8.246303E-5,    8.367002E-5
1.530375E+7,    5.244091E-5,    5.590543E-5
1.531000E+7,    7.472187E-5,    7.672608E-5
1.531625E+7,    5.524606E-5,    7.842481E-5
1.532250E+7,    4.144385E-5,    5.630031E-5
1.532875E+7,    5.851686E-5,    6.933510E-5
1.533500E+7,    5.115569E-5,    6.385148E-5
1.534125E+7,    5.538017E-5,    6.382167E-5
1.534750E+7,    4.632771E-5,    4.936755E-5
1.535375E+7,    5.655363E-5,    6.854907E-5
1.536000E+7,    3.143400E-5,    4.603714E-5
1.536625E+7,    5.300343E-5,    7.651001E-5
1.537250E+7,    5.052239E-5,    5.966425E-5
1.537875E+7,    4.206598E-5,    5.283952E-5
1.538500E+7,    5.295500E-5,    3.489479E-5
1.539125E+7,    4.839152E-5,    3.544614E-5
1.539750E+7,    3.449619E-5,    5.501509E-5
1.540375E+7,    4.165992E-5,    3.338605E-5
1.541000E+7,    3.096461E-5,    6.632879E-5
1.541625E+7,    3.091991E-5,    6.003305E-5
1.542250E+7,    4.494563E-5,    6.076321E-5
1.542875E+7,    2.675131E-5,    6.104261E-5
1.543500E+7,    2.387166E-5,    4.357100E-5
1.544125E+7,    2.440810E-5,    3.892183E-5
1.544750E+7,    3.640354E-5,    5.431101E-5
1.545375E+7,    4.503876E-5,    5.361810E-5
1.546000E+7,    3.451109E-5,    3.843382E-5
1.546625E+7,    4.038587E-5,    5.183741E-5
1.547250E+7,    3.870204E-5,    4.419684E-5
1.547875E+7,    3.359653E-5,    1.904927E-5
1.548500E+7,    3.469735E-5,    2.624653E-5
1.549125E+7,    5.915761E-6,    5.060807E-5
1.549750E+7,    2.862513E-5,    4.796684E-5
1.550375E+7,    3.018230E-5,    1.258962E-5
1.551000E+7,    2.081506E-5,    3.224611E-5
1.551625E+7,    4.283711E-5,    5.314499E-5
1.552250E+7,    4.336238E-5,    2.455339E-5
1.552875E+7,    3.130361E-5,    6.216764E-5
1.553500E+7,    2.514757E-5,    1.904927E-5
1.554125E+7,    4.152581E-5,    5.424023E-5
1.554750E+7,    5.913898E-5,    3.291667E-5
1.555375E+7,    4.671328E-5,    1.118146E-5
1.556000E+7,    4.103035E-5,    4.318357E-5
1.556625E+7,    3.153831E-5,    2.302602E-5
1.557250E+7,    3.487244E-5,    2.152659E-5
1.557875E+7,    -8.707866E-6,    2.097618E-5
1.558500E+7,    4.031695E-6,    1.582876E-5
1.559125E+7,    1.408532E-5,    2.162345E-5
1.559750E+7,    2.975948E-5,    1.723692E-5
1.560375E+7,    2.746657E-5,    9.246171E-6
1.561000E+7,    1.205876E-5,    1.352653E-5
1.561625E+7,    4.072860E-5,    3.983453E-5
1.562250E+7,    9.949319E-6,    5.569309E-6
1.562875E+7,    2.850033E-5,    2.607517E-5
1.563500E+7,    2.727099E-5,    8.815899E-6
1.564125E+7,    3.051758E-5,    7.499009E-6
1.564750E+7,    8.609146E-6,    2.954528E-5
1.565375E+7,    9.609852E-6,    5.234499E-6
1.566000E+7,    5.840324E-6,    6.250106E-6
1.566625E+7,    1.116283E-5,    3.696233E-5
1.567250E+7,    6.725080E-6,    2.209935E-5
1.567875E+7,    6.755814E-6,    2.196059E-5
1.568500E+7,    4.702620E-5,    9.428710E-6
1.569125E+7,    2.611428E-5,    3.187172E-5
1.569750E+7,    9.937212E-7,    1.572073E-5
1.570375E+7,    8.000061E-6,    3.748760E-5
1.571000E+7,    -1.273584E-6,    8.388422E-6
1.571625E+7,    2.381857E-6,    7.205177E-6
1.572250E+7,    1.441315E-5,    1.928024E-5
1.572875E+7,    2.046861E-5,    2.522953E-5
1.573500E+7,    4.847534E-6,    1.437962E-5
1.574125E+7,    1.677033E-5,    2.255663E-6
1.574750E+7,    1.572259E-5,    1.058821E-5
1.575375E+7,    1.601130E-5,    3.453903E-5
1.576000E+7,    3.252178E-5,    1.267716E-5
1.576625E+7,    2.739569E-10,    -5.768470E-10
1.577250E+7,    2.004020E-5,    3.306754E-5
1.577875E+7,    2.630427E-5,    3.887340E-5
1.578500E+7,    1.654960E-6,    1.555122E-5
1.579125E+7,    1.593493E-5,    1.027342E-5
1.579750E+7,    2.391078E-5,    3.146194E-5
1.580375E+7,    5.372800E-6,    1.414027E-5
1.581000E+7,    -6.231014E-6,    -5.711801E-6
1.581625E+7,    1.905486E-6,    1.541898E-5
1.582250E+7,    2.928451E-5,    1.286156E-5
1.582875E+7,    3.704242E-5,    1.588836E-6
1.583500E+7,    1.259521E-5,    1.121871E-5
1.584125E+7,    1.960713E-5,    8.405186E-6
1.584750E+7,    -2.491731E-10,    5.838672E-10
1.585375E+7,    3.481284E-6,    -1.421315E-6
1.586000E+7,    9.216368E-6,    1.247693E-5
1.586625E+7,    2.662744E-5,    5.233102E-6
1.587250E+7,    1.387252E-5,    -5.831476E-6
1.587875E+7,    -5.081296E-6,    2.662651E-5
1.588500E+7,    1.677033E-5,    9.844080E-7
1.589125E+7,    1.582876E-5,    1.773983E-5
1.589750E+7,    1.376728E-5,    -5.960930E-6
1.590375E+7,    4.144385E-7,    -8.378644E-6
1.591000E+7,    2.310611E-6,    2.362859E-5
1.591625E+7,    6.482936E-6,    5.318783E-6
1.592250E+7,    -1.676194E-5,    -6.603077E-7
1.592875E+7,    2.221157E-10,    -5.898073E-10
1.593500E+7,    9.619631E-6,    1.208950E-5
1.594125E+7,    -1.046667E-5,    1.307158E-5
1.594750E+7,    1.017423E-5,    -4.735775E-6
1.595375E+7,    3.283843E-5,    2.596155E-5
1.596000E+7,    9.974465E-6,    3.557652E-6
1.596625E+7,    3.507826E-6,    -9.987503E-6
1.597250E+7,    6.848481E-6,    -1.163688E-5
1.597875E+7,    1.992099E-5,    1.532026E-5
1.598500E+7,    1.674797E-5,    1.182780E-7
1.599125E+7,    9.927899E-6,    2.016872E-5
1.599750E+7,    3.351946E-6,    -1.664506E-6
1.600375E+7,    7.015467E-5,    1.578405E-5
1.601000E+7,    1.056343E-4,    1.548976E-4
1.601625E+7,    7.818639E-5,    -1.258999E-4
1.602250E+7,    -3.892183E-5,    1.941994E-4
1.602875E+7,    3.502145E-5,    -7.675216E-5
1.603500E+7,    1.011044E-5,    1.149625E-4
1.604125E+7,    5.656108E-5,    -8.678064E-5
1.604750E+7,    -2.147350E-5,    9.914860E-6
1.605375E+7,    1.053959E-4,    -1.411885E-5
1.606000E+7,    1.367480E-4,    -1.719370E-4
1.606625E+7,    -1.373701E-6,    2.362207E-5
1.607250E+7,    9.490550E-5,    6.970018E-5
1.607875E+7,    -1.278967E-4,    -1.511425E-4
1.608500E+7,    -6.280839E-6,    1.064129E-4
1.609125E+7,    -4.415959E-5,    -7.934123E-5
1.609750E+7,    -9.592623E-5,    -7.538497E-5
1.610375E+7,    1.603067E-4,    -3.923625E-4
1.611000E+7,    7.218868E-5,    -1.598075E-4
1.611625E+7,    -4.583597E-5,    1.604483E-4
1.612250E+7,    -1.654029E-5,    -1.195520E-4
1.612875E+7,    7.899851E-5,    -1.481175E-5
1.613500E+7,    2.683606E-5,    -2.836995E-5
1.614125E+7,    1.175143E-4,    -2.777949E-5
1.614750E+7,    3.672391E-5,    -5.357526E-5
1.615375E+7,    -4.589558E-6,    6.694579E-6
1.616000E+7,    3.174134E-5,    -1.760758E-5
1.616625E+7,    4.533678E-6,    4.005805E-5
1.617250E+7,    7.691607E-5,    2.076849E-5
1.617875E+7,    1.336858E-4,    2.774596E-5
1.618500E+7,    -7.031113E-5,    3.047287E-5
1.619125E+7,    1.590699E-5,    1.022071E-4
1.619750E+7,    -3.672577E-5,    6.793067E-6
1.620375E+7,    -1.694914E-5,    3.125519E-6
1.621000E+7,    -3.496557E-5,    6.053597E-7
1.621625E+7,    1.068227E-5,    -3.703497E-5
1.622250E+7,    5.100481E-5,    -5.613081E-5
1.622875E+7,    1.036078E-4,    3.929436E-5
1.623500E+7,    -6.047077E-5,    5.201437E-5
1.624125E+7,    4.326180E-5,    4.464388E-5
1.624750E+7,    -8.322671E-5,    5.612150E-5
1.625375E+7,    -5.181506E-5,    6.793439E-5
1.626000E+7,    3.124774E-5,    -5.249307E-5
1.626625E+7,    -5.960837E-5,    -6.582588E-6
1.627250E+7,    3.937259E-5,    3.948435E-5
1.627875E+7,    -7.678196E-5,    -2.100319E-5
1.628500E+7,    -5.533546E-5,    -9.499490E-5
1.629125E+7,    2.950616E-5,    -4.628673E-5
1.629750E+7,    4.549883E-5,    9.212643E-6
1.630375E+7,    1.272187E-5,    -8.991733E-5
1.631000E+7,    -8.595735E-5,    1.209080E-4
1.631625E+7,    -1.973659E-5,    6.783009E-5
1.632250E+7,    -7.402524E-5,    -2.150238E-5
1.632875E+7,    -1.050197E-4,    4.827976E-5
1.633500E+7,    1.598150E-5,    -7.290393E-5
1.634125E+7,    9.952486E-5,    -4.735962E-5
1.634750E+7,    6.570667E-5,    1.689345E-4
1.635375E+7,    -2.486259E-4,    -1.473725E-4
1.636000E+7,    -4.323199E-5,    8.371100E-5
1.636625E+7,    5.384535E-5,    1.362488E-4
1.637250E+7,    -4.060753E-5,    1.523644E-6
1.637875E+7,    -7.096678E-5,    5.954504E-5
1.638500E+7,    6.111339E-5,    4.728138E-5
1.639125E+7,    -1.616031E-5,    -1.372769E-4
1.639750E+7,    6.721169E-5,    8.130819E-5
1.640375E+7,    -9.838492E-5,    1.346320E-4
1.641000E+7,    -6.918237E-5,    -1.091510E-5
1.641625E+7,    1.878068E-4,    -1.096874E-4
1.642250E+7,    -7.759035E-5,    -1.554489E-4
1.642875E+7,    4.440546E-6,    -1.702979E-4
1.643500E+7,    1.662597E-5,    4.373491E-5
1.644125E+7,    8.326396E-5,    -7.345900E-5
1.644750E+7,    -2.544373E-5,    8.644909E-5
1.645375E+7,    -7.117167E-6,    -3.960729E-5
1.646000E+7,    -1.244247E-6,    -1.048967E-4
1.646625E+7,    -1.467764E-6,    -4.065968E-5
1.647250E+7,    5.862303E-5,    1.221895E-6
1.647875E+7,    -9.346753E-6,    -6.848574E-5
1.648500E+7,    -1.900177E-5,    -8.283183E-6
1.649125E+7,    -2.235174E-6,    5.300343E-5
1.649750E+7,    -3.520027E-5,    -1.709349E-5
1.650375E+7,    -3.965572E-5,    7.085502E-6
1.651000E+7,    1.680292E-5,    -2.052821E-5
1.651625E+7,    7.503200E-6,    -7.181661E-6
1.652250E+7,    2.111867E-5,    -6.218255E-5
1.652875E+7,    2.306513E-5,    3.101304E-5
1.653500E+7,    -1.206324E-4,    -3.698468E-5
1.654125E+7,    3.766641E-5,    -1.840293E-5
1.654750E+7,    1.004664E-6,    5.673850E-6
1.655375E+7,    -6.072968E-5,    -1.263991E-5
1.656000E+7,    -8.456409E-6,    1.008995E-4
1.656625E+7,    -6.844848E-5,    -1.224577E-4
1.657250E+7,    6.441399E-5,    2.421439E-7
1.657875E+7,    -3.053807E-5,    -2.385303E-5
1.658500E+7,    -4.575402E-5,    -2.705678E-5
1.659125E+7,    -7.516518E-5,    -2.775341E-5
1.659750E+7,    -2.872199E-5,    -1.295209E-4
1.660375E+7,    -5.871803E-5,    -1.369044E-6
1.661000E+7,    -6.242469E-5,    1.095980E-5
1.661625E+7,    -8.593500E-5,    -7.265061E-5
1.662250E+7,    -1.562759E-5,    -5.575269E-5
1.662875E+7,    -1.696944E-4,    -1.165271E-4
1.663500E+7,    -1.299754E-5,    -7.383898E-5
1.664125E+7,    -5.066767E-5,    6.159768E-5
1.664750E+7,    -6.460398E-5,    -1.797453E-5
1.665375E+7,    -1.157969E-4,    -1.261905E-4
1.666000E+7,    -1.245067E-4,    7.456541E-5
1.666625E+7,    -1.373589E-4,    -2.162009E-4
1.667250E+7,    2.915040E-5,    -3.437325E-5
1.667875E+7,    -1.218691E-4,    5.642697E-5
1.668500E+7,    5.495921E-5,    -3.723428E-6
1.669125E+7,    4.462898E-6,    9.283423E-5
1.669750E+7,    5.153194E-5,    4.373491E-5
1.670375E+7,    5.071983E-6,    4.597753E-5
1.671000E+7,    1.792517E-5,    -1.483411E-5
1.671625E+7,    -8.558109E-5,    -2.026930E-5
1.672250E+7,    7.656403E-6,    1.038611E-5
1.672875E+7,    3.909133E-5,    2.253242E-5
1.673500E+7,    -1.647323E-5,    9.072945E-5
1.674125E+7,    2.810545E-5,    -5.755387E-5
1.674750E+7,    -1.544431E-4,    5.604327E-5
1.675375E+7,    -1.297072E-4,    -7.130951E-5
1.676000E+7,    -7.832795E-5,    7.209182E-5
1.676625E+7,    -6.580725E-5,    -4.141405E-5
1.677250E+7,    -4.667789E-5,    1.194924E-4
1.677875E+7,    4.134327E-5,    -6.577000E-5
1.678500E+7,    -4.304945E-5,    -6.299838E-5
1.679125E+7,    1.745299E-5,    6.737560E-5
1.679750E+7,    -1.717173E-5,    -1.464039E-5
1.680375E+7,    3.363937E-5,    7.632747E-5
1.681000E+7,    -2.650637E-5,    1.627300E-5
1.681625E+7,    -2.677552E-5,    -3.646128E-5
1.682250E+7,    -7.112697E-5,    2.985820E-5
1.682875E+7,    5.035102E-5,    -1.446158E-5
1.683500E+7,    1.211651E-5,    -4.899316E-5
1.684125E+7,    -7.572351E-6,    7.157680E-6
1.684750E+7,    -7.614493E-5,    -1.627952E-5
1.685375E+7,    -9.250641E-5,    -7.811189E-5
1.686000E+7,    -1.135841E-4,    -1.332089E-4
1.686625E+7,    -1.076981E-5,    -9.785593E-5
1.687250E+7,    -2.170727E-5,    4.477240E-5
1.687875E+7,    -1.813285E-5,    -2.038106E-5
1.688500E+7,    2.217665E-5,    9.592250E-5
1.689125E+7,    7.224083E-5,    1.114979E-5
1.689750E+7,    -1.907535E-5,    -2.610311E-5
1.690375E+7,    6.178766E-5,    -1.636893E-5
1.691000E+7,    -6.972253E-5,    -6.449223E-5
1.691625E+7,    -1.232326E-5,    1.382129E-5
1.692250E+7,    6.522983E-6,    -4.805811E-5
1.692875E+7,    1.939386E-5,    -1.618937E-4
1.693500E+7,    2.379529E-5,    1.845881E-6
1.694125E+7,    1.378357E-7,    5.276501E-5
1.694750E+7,    -1.428574E-4,    -1.101941E-5
1.695375E+7,    -3.244355E-5,    -3.561750E-5
1.696000E+7,    3.329106E-5,    -1.148507E-5
1.696625E+7,    -2.200902E-5,    -7.849932E-5
1.697250E+7,    -5.716085E-5,    -6.089360E-5
1.697875E+7,    8.016825E-5,    1.098961E-4
1.698500E+7,    1.134872E-4,    2.041459E-4
1.699125E+7,    -2.575666E-5,    -3.094226E-5
1.699750E+7,    1.525134E-5,    3.323890E-6
1.700375E+7,    5.427748E-5,    -9.119511E-6
1.701000E+7,    5.331822E-5,    -1.486018E-5
1.701625E+7,    3.617816E-5,    -4.723296E-5
1.702250E+7,    5.719811E-5,    8.065253E-6
1.702875E+7,    -6.285682E-5,    6.342307E-5
1.703500E+7,    -1.046620E-5,    4.291534E-5
1.704125E+7,    5.050376E-5,    3.860146E-5
1.704750E+7,    1.428276E-5,    6.810948E-5
1.705375E+7,    -8.486211E-5,    -1.034588E-4
1.706000E+7,    -5.703419E-6,    -5.194172E-5
1.706625E+7,    3.051013E-5,    -4.624017E-5
1.707250E+7,    5.146116E-5,    -7.912517E-5
1.707875E+7,    5.751848E-6,    -7.150322E-5
1.708500E+7,    -1.431406E-4,    -1.703203E-4
1.709125E+7,    2.889335E-5,    -2.871156E-4
1.709750E+7,    1.147110E-5,    -1.955591E-5
1.710375E+7,    -5.053356E-5,    -2.104044E-5
1.711000E+7,    -1.725554E-5,    5.579740E-5
1.711625E+7,    -9.511597E-6,    -2.196711E-5
1.712250E+7,    -1.818314E-5,    3.240630E-5
1.712875E+7,    -2.766587E-5,    -7.204711E-6
1.713500E+7,    6.670598E-6,    4.774891E-6
1.714125E+7,    -4.575029E-5,    -1.005456E-5
1.714750E+7,    1.041777E-5,    4.533865E-5
1.715375E+7,    2.012216E-5,    -5.625747E-5
1.716000E+7,    3.348105E-5,    -4.674681E-5
1.716625E+7,    -6.317347E-5,    6.331876E-5
1.717250E+7,    -1.030043E-6,    4.722551E-5
1.717875E+7,    -6.969646E-5,    2.324581E-5
1.718500E+7,    -7.776543E-6,    6.015413E-5
1.719125E+7,    1.158752E-5,    -5.484559E-5
1.719750E+7,    6.707013E-5,    -5.806237E-5
1.720375E+7,    -4.987977E-5,    5.527958E-5
1.721000E+7,    -1.974404E-5,    -1.027435E-4
1.721625E+7,    6.983057E-5,    -2.321601E-5
1.722250E+7,    -3.684312E-5,    -9.996444E-5
1.722875E+7,    -1.791865E-5,    -7.363036E-5
1.723500E+7,    -6.870553E-5,    -2.414361E-5
1.724125E+7,    -3.612041E-5,    -5.893782E-5
1.724750E+7,    4.026294E-5,    1.937002E-4
1.725375E+7,    4.783273E-5,    -1.368113E-5
1.726000E+7,    -4.973449E-5,    2.156943E-6
1.726625E+7,    -6.298721E-5,    -2.515689E-5
1.727250E+7,    -2.397597E-5,    1.568254E-5
1.727875E+7,    4.019774E-5,    -6.528571E-6
1.728500E+7,    -2.254173E-5,    -8.467585E-5
1.729125E+7,    9.477139E-5,    -3.308803E-5
1.729750E+7,    1.526903E-5,    3.414229E-6
1.730375E+7,    -4.014000E-5,    -1.121126E-5
1.731000E+7,    6.242469E-5,    -5.137920E-5
1.731625E+7,    -1.928955E-5,    2.669916E-5
1.732250E+7,    -5.542859E-5,    -1.462176E-5
1.732875E+7,    9.652227E-5,    1.385808E-5
1.733500E+7,    -5.093217E-5,    -1.332387E-4
1.734125E+7,    -1.817942E-5,    1.798272E-4
1.734750E+7,    9.987503E-6,    9.859353E-5
1.735375E+7,    -4.730746E-5,    7.249415E-5
1.736000E+7,    3.481656E-5,    -5.861372E-5
1.736625E+7,    -6.683543E-5,    -3.052130E-5
1.737250E+7,    -3.963692E-10,    -2.870593E-10
1.737875E+7,    7.084757E-5,    1.478195E-4
1.738500E+7,    -6.706268E-5,    4.854053E-6
1.739125E+7,    -7.063150E-5,    -1.834482E-4
1.739750E+7,    -3.647618E-5,    1.170859E-5
1.740375E+7,    -7.771701E-5,    -1.172647E-4
1.741000E+7,    4.694052E-5,    -1.614913E-6
1.741625E+7,    -5.672127E-5,    -9.711832E-5
1.742250E+7,    1.196563E-5,    -2.201647E-4
1.742875E+7,    -5.067140E-5,    1.261160E-4
1.743500E+7,    5.763769E-5,    -2.687424E-5
1.744125E+7,    -1.147240E-4,    -3.492087E-5
1.744750E+7,    2.992153E-5,    -3.428385E-5
1.745375E+7,    1.282059E-5,    -4.926138E-5
1.746000E+7,    2.515782E-5,    -2.756901E-5
1.746625E+7,    3.752857E-5,    1.061708E-4
1.747250E+7,    2.154708E-5,    6.153435E-5
1.747875E+7,    1.091510E-5,    6.907806E-5
1.748500E+7,    -6.267801E-5,    5.128980E-5
1.749125E+7,    -5.868077E-5,    2.105162E-5
1.749750E+7,    -5.585700E-5,    -9.167939E-5
1.750375E+7,    4.624575E-5,    -2.506934E-5
1.751000E+7,    -6.392598E-6,    7.183850E-5
1.751625E+7,    6.202236E-5,    -7.475540E-5
1.752250E+7,    -1.803227E-5,    -2.079271E-5
1.752875E+7,    -9.272248E-5,    -4.449487E-5
1.753500E+7,    -5.406700E-5,    3.214367E-5
1.754125E+7,    -3.636628E-5,    -1.006201E-4
1.754750E+7,    -2.292171E-5,    -1.412630E-5
1.755375E+7,    -4.204363E-5,    -2.295151E-5
1.756000E+7,    -1.481175E-5,    -5.676970E-5
1.756625E+7,    -4.450232E-5,    -5.799159E-5
1.757250E+7,    1.854822E-5,    -3.243797E-5
1.757875E+7,    -4.537404E-5,    -6.377697E-5
1.758500E+7,    3.622845E-5,    -7.067621E-5
1.759125E+7,    2.218597E-5,    -9.381212E-6
1.759750E+7,    4.293025E-5,    2.875924E-5
1.760375E+7,    -4.694797E-6,    -1.108553E-5
1.761000E+7,    -2.788752E-5,    -8.432940E-5
1.761625E+7,    -1.585670E-5,    -4.483014E-5
1.762250E+7,    -1.083277E-4,    -1.271442E-5
1.762875E+7,    -3.014319E-5,    3.423356E-5
1.763500E+7,    -4.955754E-5,    -3.372505E-5
1.764125E+7,    7.974356E-5,    -7.740781E-5
1.764750E+7,    -9.678304E-5,    -1.091734E-4
1.765375E+7,    -1.241267E-4,    -1.523495E-4
1.766000E+7,    4.401430E-6,    -4.798360E-5
1.766625E+7,    -2.373569E-5,    5.694292E-5
1.767250E+7,    -2.822559E-5,    2.802256E-5
1.767875E+7,    -3.913231E-5,    5.338527E-5
1.768500E+7,    3.044493E-5,    2.489053E-5
1.769125E+7,    -4.913285E-5,    8.451194E-5
1.769750E+7,    1.829118E-6,    8.845329E-5
1.770375E+7,    -1.187176E-4,    -4.081428E-5
1.771000E+7,    -1.451150E-4,    7.555634E-5
1.771625E+7,    -5.002134E-5,    1.776963E-6
1.772250E+7,    -1.345053E-4,    6.789714E-5
1.772875E+7,    -1.113638E-4,    -8.935481E-5
1.773500E+7,    -1.229569E-4,    1.432896E-4
1.774125E+7,    -6.962568E-5,    -4.848838E-5
1.774750E+7,    -9.457767E-5,    1.742989E-4
1.775375E+7,    2.834946E-6,    7.653236E-5
1.776000E+7,    1.068367E-5,    -7.551163E-6
1.776625E+7,    2.360530E-5,    -3.918074E-5
1.777250E+7,    1.359358E-4,    -2.061576E-5
1.777875E+7,    -8.476898E-5,    8.400530E-5
1.778500E+7,    8.452684E-5,    1.470670E-4
1.779125E+7,    3.080443E-5,    -6.982312E-5
1.779750E+7,    -7.520616E-5,    -6.551296E-5
1.780375E+7,    4.251488E-5,    -1.241267E-5
1.781000E+7,    -8.225814E-5,    -3.476813E-5
1.781625E+7,    2.919137E-5,    1.140013E-4
1.782250E+7,    -1.138337E-4,    8.827075E-5
1.782875E+7,    2.678484E-5,    7.880479E-5
1.783500E+7,    5.061552E-5,    -3.730692E-5
1.784125E+7,    7.303432E-6,    2.852269E-5
1.784750E+7,    -2.299622E-5,    -7.357448E-5
1.785375E+7,    -2.300367E-5,    -7.355213E-5
1.786000E+7,    1.214370E-4,    -5.103648E-7
1.786625E+7,    -3.276952E-5,    -9.741634E-7
1.787250E+7,    6.169826E-5,    -3.397465E-6
1.787875E+7,    -1.051538E-4,    9.912997E-6
1.788500E+7,    5.192310E-5,    6.924197E-5
1.789125E+7,    -5.992502E-5,    1.498871E-5
1.789750E+7,    -3.461167E-5,    -7.190928E-5
1.790375E+7,    -3.797188E-5,    2.348423E-5
1.791000E+7,    7.136166E-5,    1.132488E-6
1.791625E+7,    3.184378E-5,    -6.406754E-5
1.792250E+7,    -1.061112E-4,    -5.517155E-5
1.792875E+7,    -6.666407E-6,    5.430914E-5
1.793500E+7,    -1.420919E-5,    -1.566205E-5
1.794125E+7,    -7.258728E-6,    -2.858788E-5
1.794750E+7,    -4.473701E-5,    7.789582E-5
1.795375E+7,    2.468191E-5,    -3.335252E-5
1.796000E+7,    -2.284348E-5,    -7.372722E-5
1.796625E+7,    8.154660E-6,    -2.494175E-5
1.797250E+7,    4.936755E-5,    -7.366762E-6
1.797875E+7,    1.858734E-5,    -1.463201E-5
1.798500E+7,    -9.575859E-6,    -4.503876E-6
1.799125E+7,    2.556760E-5,    -2.757180E-5
1.799750E+7,    -1.734495E-5,    -5.679205E-5
1.800375E+7,    9.799749E-5,    -7.988885E-5
1.801000E+7,    -7.548183E-5,    1.115352E-5
1.801625E+7,    -4.678965E-5,    8.407235E-5
1.802250E+7,    -5.153939E-6,    -3.485754E-5
1.802875E+7,    -1.248438E-5,    -4.094094E-6
1.803500E+7,    -1.349375E-4,    -1.106039E-4
1.804125E+7,    -7.369742E-5,    -3.658980E-5
1.804750E+7,    -3.996491E-5,    -2.971664E-5
1.805375E+7,    -1.194589E-4,    9.486824E-5
1.806000E+7,    5.662441E-6,    5.852059E-5
1.806625E+7,    -3.998354E-5,    -2.970174E-5
1.807250E+7,    1.689605E-5,    -2.624281E-5
1.807875E+7,    5.670637E-5,    -1.389757E-4
1.808500E+7,    1.217425E-5,    -7.895008E-5
1.809125E+7,    8.054078E-6,    3.448129E-5
1.809750E+7,    -2.340786E-5,    -3.807060E-5
1.810375E+7,    -6.474927E-5,    3.576279E-6
1.811000E+7,    -2.666749E-5,    -1.982972E-5
1.811625E+7,    2.218038E-5,    -9.231269E-5
1.812250E+7,    3.042631E-5,    2.523884E-5
1.812875E+7,    4.741549E-5,    -1.019277E-4
1.813500E+7,    -1.209341E-4,    5.666167E-6
1.814125E+7,    8.533895E-5,    -2.085194E-4
1.814750E+7,    -3.383309E-5,    9.412318E-5
1.815375E+7,    -2.366230E-4,    8.800626E-5
1.816000E+7,    -1.031980E-4,    -1.462176E-5
1.816625E+7,    1.751110E-4,    -1.713634E-6
1.817250E+7,    -1.094714E-4,    -7.911772E-5
1.817875E+7,    1.533180E-4,    1.325458E-5
1.818500E+7,    -3.703684E-5,    -3.020465E-5
1.819125E+7,    -3.828667E-5,    -1.825951E-5
1.819750E+7,    5.068257E-6,    3.493018E-5
1.820375E+7,    -4.281849E-5,    1.210161E-5
1.821000E+7,    -5.071983E-5,    1.924112E-5
1.821625E+7,    -2.146512E-5,    9.812415E-5
1.822250E+7,    5.275570E-5,    -2.542138E-5
1.822875E+7,    -1.230277E-6,    1.207506E-5
1.823500E+7,    4.908442E-5,    -7.243082E-5
1.824125E+7,    -1.746789E-5,    2.528541E-6
1.824750E+7,    -3.007054E-5,    -8.486211E-5
1.825375E+7,    -3.289059E-5,    -4.283339E-5
1.826000E+7,    -6.200746E-5,    -3.870577E-5
1.826625E+7,    -6.863847E-5,    -4.363433E-5
1.827250E+7,    -6.492808E-5,    -3.825873E-5
1.827875E+7,    5.368888E-5,    6.363168E-5
1.828500E+7,    -5.201995E-5,    -5.202740E-5
1.829125E+7,    -6.541610E-5,    -2.038479E-5
1.829750E+7,    3.293157E-5,    8.445978E-5
1.830375E+7,    2.890825E-6,    -4.204176E-5
1.831000E+7,    4.617497E-5,    5.284697E-5
1.831625E+7,    4.745647E-5,    -7.916242E-7
1.832250E+7,    -1.036748E-5,    -5.204976E-5
1.832875E+7,    1.661479E-6,    5.328096E-5
1.833500E+7,    1.666136E-5,    -4.998222E-5
1.834125E+7,    -5.406514E-5,    -4.583970E-5
1.834750E+7,    2.867728E-5,    5.537271E-5
1.835375E+7,    3.501773E-5,    -4.665367E-5
1.836000E+7,    -4.539639E-5,    -5.465001E-6
1.836625E+7,    -3.292225E-5,    -1.300126E-6
1.837250E+7,    -4.875474E-5,    1.283549E-5
1.837875E+7,    -2.947450E-5,    -1.029372E-4
1.838500E+7,    3.628992E-5,    -1.706928E-5
1.839125E+7,    -3.170967E-5,    2.825819E-5
1.839750E+7,    -2.110377E-5,    -8.628145E-5
1.840375E+7,    -1.270697E-4,    -3.563613E-5
1.841000E+7,    8.687004E-5,    -5.987287E-5
1.841625E+7,    -1.513958E-5,    6.164610E-5
1.842250E+7,    -8.212030E-5,    -1.221895E-5
1.842875E+7,    -2.661347E-5,    -6.178394E-5
1.843500E+7,    -1.042970E-4,    2.064928E-5
1.844125E+7,    7.180125E-5,    -3.986061E-5
1.844750E+7,    4.133210E-5,    -2.367981E-5
1.845375E+7,    4.500151E-5,    2.345815E-5
1.846000E+7,    -9.835884E-5,    -2.193078E-5
1.846625E+7,    -6.550550E-5,    2.112612E-5
1.847250E+7,    -1.086248E-5,    7.469673E-6
1.847875E+7,    8.661300E-5,    2.360716E-5
1.848500E+7,    5.222112E-5,    -3.110059E-5
1.849125E+7,    -7.016212E-5,    -9.740144E-5
1.849750E+7,    -1.476705E-5,    4.374981E-5
1.850375E+7,    -1.443326E-4,    9.748340E-5
1.851000E+7,    -2.241693E-5,    -3.261305E-5
1.851625E+7,    -6.027520E-5,    -6.903708E-5
1.852250E+7,    1.490116E-5,    1.290441E-4
1.852875E+7,    -5.952269E-5,    -1.286790E-4
1.853500E+7,    -6.005168E-6,    4.257262E-5
1.854125E+7,    3.698468E-5,    3.057346E-5
1.854750E+7,    -1.039617E-4,    2.417713E-6
1.855375E+7,    -8.187816E-5,    1.133233E-5
1.856000E+7,    1.317561E-4,    -5.998462E-5