SAVED BY: 
TITLE: 
COMMENTS: 
DATE: 10/27/2020
TIME: 3:26 PM

STIMULUS, REAL, IMAGINARY

8.560000E+6,    -1.735985E-6,    -1.553819E-4
8.566250E+6,    -1.989305E-6,    -1.429245E-4
8.572500E+6,    -9.357929E-6,    -1.692697E-4
8.578750E+6,    -2.115965E-6,    -1.681447E-4
8.585000E+6,    -1.784414E-5,    -1.705065E-4
8.591250E+6,    3.777444E-6,    -1.893640E-4
8.597500E+6,    -2.257526E-5,    -1.645684E-4
8.603750E+6,    -1.631677E-6,    -1.836866E-4
8.610000E+6,    -1.922250E-5,    -1.703128E-4
8.616250E+6,    -7.994473E-6,    -1.751184E-4
8.622500E+6,    -1.461059E-5,    -1.660883E-4
8.628750E+6,    2.689660E-6,    -1.544878E-4
8.635000E+6,    -1.278520E-5,    -1.689717E-4
8.641250E+6,    9.603798E-6,    -1.661032E-4
8.647500E+6,    -2.335757E-5,    -1.671314E-4
8.653750E+6,    -1.397729E-5,    -1.690537E-4
8.660000E+6,    -4.880130E-6,    -1.708269E-4
8.666250E+6,    6.623566E-6,    -1.634285E-4
8.672500E+6,    -1.124293E-5,    -1.747012E-4
8.678750E+6,    -1.986325E-5,    -1.757517E-4
8.685000E+6,    7.294118E-6,    -1.662523E-4
8.691250E+6,    -2.638996E-5,    -1.795217E-4
8.697500E+6,    -2.295524E-5,    -1.725033E-4
8.703750E+6,    -1.523644E-5,    -1.844689E-4
8.710000E+6,    -3.059208E-5,    -1.482069E-4
8.716250E+6,    -1.592189E-5,    -1.717806E-4
8.722500E+6,    -1.016259E-5,    -1.554638E-4
8.728750E+6,    -1.750886E-6,    -1.955032E-4
8.735000E+6,    -1.295656E-5,    -1.652464E-4
8.741250E+6,    -1.437217E-5,    -1.903549E-4
8.747500E+6,    -1.262873E-5,    -1.931414E-4
8.753750E+6,    -1.648068E-5,    -1.871362E-4
8.760000E+6,    -2.826005E-5,    -1.819879E-4
8.766250E+6,    -3.956258E-6,    -1.828000E-4
8.772500E+6,    -1.894683E-5,    -1.588464E-4
8.778750E+6,    -3.268570E-5,    -1.912266E-4
8.785000E+6,    -1.247227E-5,    -1.708046E-4
8.791250E+6,    4.611909E-6,    -1.728237E-4
8.797500E+6,    -2.358854E-5,    -1.807362E-4
8.803750E+6,    9.417534E-6,    -1.816675E-4
8.810000E+6,    -1.796335E-5,    -1.772493E-4
8.816250E+6,    -3.755093E-6,    -1.887307E-4
8.822500E+6,    -5.878508E-6,    -1.859441E-4
8.828750E+6,    -7.927418E-6,    -1.828298E-4
8.835000E+6,    -3.322959E-6,    -1.635253E-4
8.841250E+6,    -2.259761E-5,    -1.865923E-4
8.847500E+6,    -2.474338E-5,    -1.835078E-4
8.853750E+6,    -2.095848E-5,    -1.769066E-4
8.860000E+6,    -3.379583E-5,    -1.836494E-4
8.866250E+6,    -1.119822E-5,    -1.668110E-4
8.872500E+6,    -9.045005E-6,    -1.855493E-4
8.878750E+6,    -1.005828E-6,    -2.008379E-4
8.885000E+6,    -2.349913E-5,    -1.767203E-4
8.891250E+6,    -2.308935E-5,    -1.923367E-4
8.897500E+6,    1.519173E-5,    -1.751110E-4
8.903750E+6,    -2.725422E-5,    -1.860261E-4
8.910000E+6,    -2.582371E-5,    -1.891926E-4
8.916250E+6,    -3.276020E-5,    -1.767278E-4
8.922500E+6,    -2.368540E-5,    -1.792759E-4
8.928750E+6,    -2.171844E-5,    -1.983792E-4
8.935000E+6,    -2.375990E-5,    -2.109632E-4
8.941250E+6,    -1.901388E-5,    -1.762956E-4
8.947500E+6,    -6.422400E-6,    -1.854599E-4
8.953750E+6,    -1.936406E-5,    -1.916736E-4
8.960000E+6,    1.420826E-5,    -1.975670E-4
8.966250E+6,    -1.368672E-5,    -2.041832E-4
8.972500E+6,    -7.964671E-6,    -1.852214E-4
8.978750E+6,    -1.827627E-5,    -1.978055E-4
8.985000E+6,    -1.051277E-5,    -1.977757E-4
8.991250E+6,    -4.260242E-5,    -1.978129E-4
8.997500E+6,    -3.525615E-5,    -1.818240E-4
9.003750E+6,    -2.302229E-5,    -2.071485E-4
9.010000E+6,    -1.990795E-5,    -1.818687E-4
9.016250E+6,    -1.739711E-5,    -2.038702E-4
9.022500E+6,    -3.958493E-5,    -1.911968E-4
9.028750E+6,    -2.834946E-5,    -2.005920E-4
9.035000E+6,    -2.665818E-5,    -1.878217E-4
9.041250E+6,    -1.493841E-5,    -1.976267E-4
9.047500E+6,    -2.726167E-5,    -1.878664E-4
9.053750E+6,    -2.154708E-5,    -2.004802E-4
9.060000E+6,    -1.150370E-5,    -2.066568E-4
9.066250E+6,    -2.339482E-6,    -2.104118E-4
9.072500E+6,    -3.394485E-5,    -1.936182E-4
9.078750E+6,    -2.145022E-5,    -1.878366E-4
9.085000E+6,    -2.682209E-5,    -1.937971E-4
9.091250E+6,    -2.799928E-5,    -2.095997E-4
9.097500E+6,    -2.008677E-5,    -1.939610E-4
9.103750E+6,    -2.854317E-5,    -1.933947E-4
9.110000E+6,    -2.247840E-5,    -1.907274E-4
9.116250E+6,    -2.626330E-5,    -1.999885E-4
9.122500E+6,    -2.669543E-5,    -1.997650E-4
9.128750E+6,    -3.358722E-5,    -2.027601E-4
9.135000E+6,    -7.443130E-6,    -1.759157E-4
9.141250E+6,    -3.497303E-5,    -2.025515E-4
9.147500E+6,    -1.950562E-5,    -2.032891E-4
9.153750E+6,    -2.580881E-5,    -2.248734E-4
9.160000E+6,    -5.058944E-6,    -1.855493E-4
9.166250E+6,    -3.691018E-5,    -2.178997E-4
9.172500E+6,    -2.891570E-5,    -2.027526E-4
9.178750E+6,    -1.391768E-5,    -2.037212E-4
9.185000E+6,    -4.269183E-5,    -1.890510E-4
9.191250E+6,    -2.643466E-5,    -2.121180E-4
9.197500E+6,    -2.553314E-5,    -1.967996E-4
9.203750E+6,    -4.929304E-5,    -2.136230E-4
9.210000E+6,    -2.372265E-5,    -2.031922E-4
9.216250E+6,    -2.944469E-5,    -2.087206E-4
9.222500E+6,    -1.972914E-5,    -1.969412E-4
9.228750E+6,    -3.840029E-5,    -2.081245E-4
9.235000E+6,    -1.016259E-5,    -2.042875E-4
9.241250E+6,    -3.002584E-5,    -2.309531E-4
9.247500E+6,    -3.728271E-5,    -2.143979E-4
9.253750E+6,    -4.407763E-5,    -1.979619E-4
9.260000E+6,    -3.021955E-5,    -2.152324E-4
9.266250E+6,    -2.059340E-5,    -2.223998E-4
9.272500E+6,    -3.381073E-5,    -2.085716E-4
9.278750E+6,    -1.846254E-5,    -2.098307E-4
9.285000E+6,    -4.360080E-5,    -2.042502E-4
9.291250E+6,    -3.010035E-5,    -2.214164E-4
9.297500E+6,    -3.103912E-5,    -1.992136E-4
9.303750E+6,    -4.711747E-5,    -2.196133E-4
9.310000E+6,    -2.995133E-5,    -2.056807E-4
9.316250E+6,    -3.062934E-5,    -2.058074E-4
9.322500E+6,    -4.161894E-5,    -2.171099E-4
9.328750E+6,    -3.272295E-5,    -2.212822E-4
9.335000E+6,    -3.716350E-5,    -2.110600E-4
9.341250E+6,    -4.731119E-5,    -2.256185E-4
9.347500E+6,    -3.767014E-5,    -2.112091E-4
9.353750E+6,    -4.477799E-5,    -2.356470E-4
9.360000E+6,    -3.921986E-5,    -2.299547E-4
9.366250E+6,    -1.993775E-5,    -2.229810E-4
9.372500E+6,    -5.021691E-5,    -2.222061E-4
9.378750E+6,    -5.900860E-5,    -2.207756E-4
9.385000E+6,    -3.716350E-5,    -2.427995E-4
9.391250E+6,    -4.343688E-5,    -2.259016E-4
9.397500E+6,    -5.079806E-5,    -2.279431E-4
9.403750E+6,    -2.339482E-5,    -2.229214E-4
9.410000E+6,    -2.038479E-5,    -2.324283E-4
9.416250E+6,    -4.303455E-5,    -2.324283E-4
9.422500E+6,    -4.920363E-5,    -2.155602E-4
9.428750E+6,    -3.302097E-5,    -2.211332E-4
9.435000E+6,    -5.140901E-5,    -2.344847E-4
9.441250E+6,    -1.367927E-5,    -2.371967E-4
9.447500E+6,    -3.552437E-5,    -2.176762E-4
9.453750E+6,    -3.951788E-5,    -2.297461E-4
9.460000E+6,    -4.380941E-5,    -2.161860E-4
9.466250E+6,    -4.062057E-5,    -2.297461E-4
9.472500E+6,    -2.658367E-5,    -2.287626E-4
9.478750E+6,    -2.974272E-5,    -2.186894E-4
9.485000E+6,    -4.562736E-5,    -2.413988E-4
9.491250E+6,    -6.693602E-5,    -2.441406E-4
9.497500E+6,    -2.649426E-5,    -2.098083E-4
9.503750E+6,    -4.810095E-5,    -2.121031E-4
9.510000E+6,    -3.316998E-5,    -2.406538E-4
9.516250E+6,    -7.128716E-5,    -2.368987E-4
9.522500E+6,    -5.489588E-5,    -2.460480E-4
9.528750E+6,    -4.434586E-5,    -2.322793E-4
9.535000E+6,    -5.224347E-5,    -2.311170E-4
9.541250E+6,    -5.799532E-5,    -2.394617E-4
9.547500E+6,    -4.112720E-5,    -2.233684E-4
9.553750E+6,    -4.434586E-5,    -2.389550E-4
9.560000E+6,    -2.875924E-5,    -2.452731E-4
9.566250E+6,    -3.892183E-5,    -2.369285E-4
9.572500E+6,    -3.999472E-5,    -2.592206E-4
9.578750E+6,    -6.246567E-5,    -2.575219E-4
9.585000E+6,    -4.425645E-5,    -2.489388E-4
9.591250E+6,    -5.704165E-5,    -2.556145E-4
9.597500E+6,    -3.942847E-5,    -2.430379E-4
9.603750E+6,    -5.596876E-5,    -2.397001E-4
9.610000E+6,    -3.969669E-5,    -2.466738E-4
9.616250E+6,    -6.404519E-5,    -2.667308E-4
9.622500E+6,    -5.093217E-5,    -2.346635E-4
9.628750E+6,    -5.599856E-5,    -2.757609E-4
9.635000E+6,    -4.810095E-5,    -2.510548E-4
9.641250E+6,    -4.291534E-5,    -2.459884E-4
9.647500E+6,    -4.217029E-5,    -2.492070E-4
9.653750E+6,    -5.060434E-5,    -2.440214E-4
9.660000E+6,    -1.612306E-5,    -2.392828E-4
9.666250E+6,    -4.291534E-5,    -2.526939E-4
9.672500E+6,    -4.839897E-5,    -2.320409E-4
9.678750E+6,    -5.918741E-5,    -2.488494E-4
9.685000E+6,    -5.567074E-5,    -2.334714E-4
9.691250E+6,    -6.312132E-5,    -2.672970E-4
9.697500E+6,    -3.910065E-5,    -2.149343E-4
9.703750E+6,    -6.332994E-5,    -2.705157E-4
9.710000E+6,    -4.577637E-5,    -2.557039E-4
9.716250E+6,    -5.191565E-5,    -2.638400E-4
9.722500E+6,    -6.550550E-5,    -2.699196E-4
9.728750E+6,    -6.264448E-5,    -2.478957E-4
9.735000E+6,    -6.306171E-5,    -2.512634E-4
9.741250E+6,    -6.771088E-5,    -2.663434E-4
9.747500E+6,    -6.309152E-5,    -2.578199E-4
9.753750E+6,    -6.079674E-5,    -2.353787E-4
9.760000E+6,    -4.053116E-5,    -2.312958E-4
9.766250E+6,    -5.450845E-5,    -2.341270E-4
9.772500E+6,    -4.631281E-5,    -2.428591E-4
9.778750E+6,    -4.255772E-5,    -2.671778E-4
9.785000E+6,    -5.754828E-5,    -2.627969E-4
9.791250E+6,    -5.194545E-5,    -2.577901E-4
9.797500E+6,    -5.203485E-5,    -2.613068E-4
9.803750E+6,    -5.692244E-5,    -2.764165E-4
9.810000E+6,    -4.982948E-5,    -2.391040E-4
9.816250E+6,    -6.726384E-5,    -2.634525E-4
9.822500E+6,    -3.075600E-5,    -2.712905E-4
9.828750E+6,    -5.626678E-5,    -2.540052E-4
9.835000E+6,    -8.073449E-5,    -2.794266E-4
9.841250E+6,    -6.735325E-5,    -2.737343E-4
9.847500E+6,    -6.982684E-5,    -2.664328E-4
9.853750E+6,    -7.665157E-5,    -2.742708E-4
9.860000E+6,    -6.470084E-5,    -2.614856E-4
9.866250E+6,    -6.479025E-5,    -2.650023E-4
9.872500E+6,    -7.814169E-5,    -2.740026E-4
9.878750E+6,    -7.230043E-5,    -2.658069E-4
9.885000E+6,    -7.802248E-5,    -2.841949E-4
9.891250E+6,    -5.057454E-5,    -2.765656E-4
9.897500E+6,    -7.027388E-5,    -2.900660E-4
9.903750E+6,    -7.236004E-5,    -2.828538E-4
9.910000E+6,    -6.583333E-5,    -2.813637E-4
9.916250E+6,    -5.948544E-5,    -2.839267E-4
9.922500E+6,    -7.733703E-5,    -2.578199E-4
9.928750E+6,    -5.391240E-5,    -2.760291E-4
9.935000E+6,    -6.255507E-5,    -2.698004E-4
9.941250E+6,    -5.432963E-5,    -2.822876E-4
9.947500E+6,    -5.638599E-5,    -2.722442E-4
9.953750E+6,    -6.130338E-5,    -2.906024E-4
9.960000E+6,    -7.894635E-5,    -2.713501E-4
9.966250E+6,    -6.958842E-5,    -2.912283E-4
9.972500E+6,    -7.405877E-5,    -2.629459E-4
9.978750E+6,    -7.042289E-5,    -2.942085E-4
9.985000E+6,    -4.500151E-5,    -2.731979E-4
9.991250E+6,    -7.310510E-5,    -2.799928E-4
9.997500E+6,    -5.781651E-5,    -2.918541E-4
1.000375E+7,    -6.926060E-5,    -2.682805E-4
1.001000E+7,    -5.397201E-5,    -2.807081E-4
1.001625E+7,    -6.908178E-5,    -2.749264E-4
1.002250E+7,    -6.094575E-5,    -2.880991E-4
1.002875E+7,    -8.374453E-5,    -2.762675E-4
1.003500E+7,    -6.344914E-5,    -2.739429E-4
1.004125E+7,    -7.721782E-5,    -2.927184E-4
1.004750E+7,    -8.359551E-5,    -3.042519E-4
1.005375E+7,    -7.718801E-5,    -2.998412E-4
1.006000E+7,    -6.911159E-5,    -3.128052E-4
1.006625E+7,    -7.688999E-5,    -3.101826E-4
1.007250E+7,    -6.553531E-5,    -2.908409E-4
1.007875E+7,    -8.624792E-5,    -3.028810E-4
1.008500E+7,    -8.866191E-5,    -2.854764E-4
1.009125E+7,    -5.975366E-5,    -2.969503E-4
1.009750E+7,    -6.076694E-5,    -2.966225E-4
1.010375E+7,    -7.599592E-5,    -2.905130E-4
1.011000E+7,    -7.405877E-5,    -3.156662E-4
1.011625E+7,    -5.468726E-5,    -2.956688E-4
1.012250E+7,    -9.825826E-5,    -2.987683E-4
1.012875E+7,    -1.051128E-4,    -3.027916E-4
1.013500E+7,    -6.955862E-5,    -3.068149E-4
1.014125E+7,    -8.630753E-5,    -2.972782E-4
1.014750E+7,    -8.720160E-5,    -2.932549E-4
1.015375E+7,    -7.304549E-5,    -3.030598E-4
1.016000E+7,    -8.711219E-5,    -3.108978E-4
1.016625E+7,    -9.444356E-5,    -3.180504E-4
1.017250E+7,    -9.486079E-5,    -3.111660E-4
1.017875E+7,    -8.881092E-5,    -3.108084E-4
1.018500E+7,    -8.934736E-5,    -3.170371E-4
1.019125E+7,    -8.323789E-5,    -3.131330E-4
1.019750E+7,    -9.748340E-5,    -3.136098E-4
1.020375E+7,    -8.448958E-5,    -3.060102E-4
1.021000E+7,    -1.062155E-4,    -3.066361E-4
1.021625E+7,    -7.838011E-5,    -3.052950E-4
1.022250E+7,    -7.164478E-5,    -3.294945E-4
1.022875E+7,    -8.660555E-5,    -3.193021E-4
1.023500E+7,    -9.495020E-5,    -3.053546E-4
1.024125E+7,    -7.298589E-5,    -3.395081E-4
1.024750E+7,    -1.031458E-4,    -3.223121E-4
1.025375E+7,    -8.964539E-5,    -3.293157E-4
1.026000E+7,    -8.958578E-5,    -3.188848E-4
1.026625E+7,    -1.177788E-4,    -3.439486E-4
1.027250E+7,    -8.386374E-5,    -3.214180E-4
1.027875E+7,    -9.915233E-5,    -3.360212E-4
1.028500E+7,    -9.959936E-5,    -3.426671E-4
1.029125E+7,    -1.004338E-4,    -3.424585E-4
1.029750E+7,    -9.351969E-5,    -3.422201E-4
1.030375E+7,    -9.423494E-5,    -3.385544E-4
1.031000E+7,    -8.878112E-5,    -3.345609E-4
1.031625E+7,    -8.171797E-5,    -3.449321E-4
1.032250E+7,    -1.044869E-4,    -3.202260E-4
1.032875E+7,    -1.107752E-4,    -3.377199E-4
1.033500E+7,    -9.861588E-5,    -3.339648E-4
1.034125E+7,    -9.202957E-5,    -3.478825E-4
1.034750E+7,    -9.956956E-5,    -3.404617E-4
1.035375E+7,    -7.909536E-5,    -3.372729E-4
1.036000E+7,    -1.007020E-4,    -3.257692E-4
1.036625E+7,    -9.486079E-5,    -3.613830E-4
1.037250E+7,    -1.164377E-4,    -3.432930E-4
1.037875E+7,    -1.320243E-4,    -3.536940E-4
1.038500E+7,    -7.563829E-5,    -3.435612E-4
1.039125E+7,    -9.676814E-5,    -3.609359E-4
1.039750E+7,    -7.700920E-5,    -3.362596E-4
1.040375E+7,    -1.129210E-4,    -3.497303E-4
1.041000E+7,    -1.143813E-4,    -3.597140E-4
1.041625E+7,    -1.218617E-4,    -3.450811E-4
1.042250E+7,    -8.726120E-5,    -3.604293E-4
1.042875E+7,    -1.020133E-4,    -3.560185E-4
1.043500E+7,    -1.103878E-4,    -3.592372E-4
1.044125E+7,    -1.257062E-4,    -3.513098E-4
1.044750E+7,    -1.051724E-4,    -3.696084E-4
1.045375E+7,    -1.406670E-4,    -3.542900E-4
1.046000E+7,    -1.135468E-4,    -3.581941E-4
1.046625E+7,    -1.212955E-4,    -3.650784E-4
1.047250E+7,    -1.079440E-4,    -3.615320E-4
1.047875E+7,    -1.017153E-4,    -3.724396E-4
1.048500E+7,    -1.022220E-4,    -3.583431E-4
1.049125E+7,    -1.097918E-4,    -3.539622E-4
1.049750E+7,    -1.104772E-4,    -3.466606E-4
1.050375E+7,    -1.045465E-4,    -3.722012E-4
1.051000E+7,    -1.190305E-4,    -3.566444E-4
1.051625E+7,    -1.150966E-4,    -3.851056E-4
1.052250E+7,    -1.057982E-4,    -3.427565E-4
1.052875E+7,    -1.161695E-4,    -3.808737E-4
1.053500E+7,    -1.233816E-4,    -3.696680E-4
1.054125E+7,    -1.173615E-4,    -3.806353E-4
1.054750E+7,    -1.090765E-4,    -3.559887E-4
1.055375E+7,    -1.115799E-4,    -3.771186E-4
1.056000E+7,    -1.128316E-4,    -3.843307E-4
1.056625E+7,    -1.144409E-4,    -3.906488E-4
1.057250E+7,    -1.215339E-4,    -3.867745E-4
1.057875E+7,    -1.161695E-4,    -3.867149E-4
1.058500E+7,    -1.243353E-4,    -3.892779E-4
1.059125E+7,    -1.319051E-4,    -3.851056E-4
1.059750E+7,    -1.235604E-4,    -3.679395E-4
1.060375E+7,    -1.415014E-4,    -4.021525E-4
1.061000E+7,    -1.317859E-4,    -3.710389E-4
1.061625E+7,    -1.491904E-4,    -3.826618E-4
1.062250E+7,    -1.240373E-4,    -3.991723E-4
1.062875E+7,    -1.525879E-4,    -4.069209E-4
1.063500E+7,    -1.302361E-4,    -3.836155E-4
1.064125E+7,    -1.311302E-4,    -3.913641E-4
1.064750E+7,    -1.189709E-4,    -3.920794E-4
1.065375E+7,    -1.496077E-4,    -4.097819E-4
1.066000E+7,    -1.353025E-4,    -3.935695E-4
1.066625E+7,    -1.371503E-4,    -4.070401E-4
1.067250E+7,    -1.443624E-4,    -3.997087E-4
1.067875E+7,    -1.516938E-4,    -4.020929E-4
1.068500E+7,    -1.388192E-4,    -3.957152E-4
1.069125E+7,    -1.487732E-4,    -4.165769E-4
1.069750E+7,    -1.341105E-4,    -4.107356E-4
1.070375E+7,    -1.356006E-4,    -4.101992E-4
1.071000E+7,    -1.442432E-4,    -4.166961E-4
1.071625E+7,    -1.362562E-4,    -4.097223E-4
1.072250E+7,    -1.627207E-4,    -3.810525E-4
1.072875E+7,    -1.183748E-4,    -4.150867E-4
1.073500E+7,    -1.329780E-4,    -4.094243E-4
1.074125E+7,    -1.417994E-4,    -4.230738E-4
1.074750E+7,    -1.619458E-4,    -4.020333E-4
1.075375E+7,    -1.513362E-4,    -4.214048E-4
1.076000E+7,    -1.453161E-4,    -4.181862E-4
1.076625E+7,    -1.445413E-4,    -4.071593E-4
1.077250E+7,    -1.383424E-4,    -4.152656E-4
1.077875E+7,    -1.574159E-4,    -4.270673E-4
1.078500E+7,    -1.504421E-4,    -4.346967E-4
1.079125E+7,    -1.325011E-4,    -4.554391E-4
1.079750E+7,    -1.586676E-4,    -4.294515E-4
1.080375E+7,    -1.444221E-4,    -4.242659E-4
1.081000E+7,    -1.503229E-4,    -4.487634E-4
1.081625E+7,    -1.502037E-4,    -4.447699E-4
1.082250E+7,    -1.512766E-4,    -4.443526E-4
1.082875E+7,    -1.734495E-4,    -4.408956E-4
1.083500E+7,    -1.893044E-4,    -4.414916E-4
1.084125E+7,    -1.534224E-4,    -4.332662E-4
1.084750E+7,    -1.690388E-4,    -4.371405E-4
1.085375E+7,    -1.624227E-4,    -4.385710E-4
1.086000E+7,    -1.444221E-4,    -4.560947E-4
1.086625E+7,    -1.665354E-4,    -4.516244E-4
1.087250E+7,    -1.741648E-4,    -4.465580E-4
1.087875E+7,    -1.596212E-4,    -4.853606E-4
1.088500E+7,    -1.611710E-4,    -4.450083E-4
1.089125E+7,    -1.712441E-4,    -4.540086E-4
1.089750E+7,    -1.860857E-4,    -4.509091E-4
1.090375E+7,    -1.835227E-4,    -4.621744E-4
1.091000E+7,    -1.539588E-4,    -4.569292E-4
1.091625E+7,    -1.757741E-4,    -4.596114E-4
1.092250E+7,    -1.601577E-4,    -4.770756E-4
1.092875E+7,    -1.854897E-4,    -4.934669E-4
1.093500E+7,    -1.552701E-4,    -4.526973E-4
1.094125E+7,    -1.929998E-4,    -4.812479E-4
1.094750E+7,    -1.752377E-4,    -4.626513E-4
1.095375E+7,    -1.868606E-4,    -4.743338E-4
1.096000E+7,    -2.033114E-4,    -4.822016E-4
1.096625E+7,    -1.885295E-4,    -4.739761E-4
1.097250E+7,    -1.741648E-4,    -4.726648E-4
1.097875E+7,    -1.857281E-4,    -4.818439E-4
1.098500E+7,    -1.823902E-4,    -4.639626E-4
1.099125E+7,    -1.977682E-4,    -5.006194E-4
1.099750E+7,    -2.110600E-4,    -4.863143E-4
1.100375E+7,    -1.937747E-4,    -5.013943E-4
1.101000E+7,    -1.766682E-4,    -5.119443E-4
1.101625E+7,    -1.996756E-4,    -4.848242E-4
1.102250E+7,    -1.696944E-4,    -5.056858E-4
1.102875E+7,    -1.927614E-4,    -5.080700E-4
1.103500E+7,    -1.779795E-4,    -5.041361E-4
1.104125E+7,    -2.133250E-4,    -4.955530E-4
1.104750E+7,    -1.931190E-4,    -4.927516E-4
1.105375E+7,    -1.804233E-4,    -5.212426E-4
1.106000E+7,    -1.966357E-4,    -4.951358E-4
1.106625E+7,    -1.860261E-4,    -5.120635E-4
1.107250E+7,    -1.972914E-4,    -4.949570E-4
1.107875E+7,    -1.862049E-4,    -5.276799E-4
1.108500E+7,    -2.194047E-4,    -5.117655E-4
1.109125E+7,    -1.938939E-4,    -5.216002E-4
1.109750E+7,    -2.137423E-4,    -5.349517E-4
1.110375E+7,    -1.991987E-4,    -5.314946E-4
1.111000E+7,    -2.093911E-4,    -5.366802E-4
1.111625E+7,    -2.263784E-4,    -5.387068E-4
1.112250E+7,    -2.259612E-4,    -5.277991E-4
1.112875E+7,    -2.092123E-4,    -5.511045E-4
1.113500E+7,    -2.072453E-4,    -5.366206E-4
1.114125E+7,    -2.253652E-4,    -5.431771E-4
1.114750E+7,    -2.202988E-4,    -5.446076E-4
1.115375E+7,    -2.121329E-4,    -5.401969E-4
1.116000E+7,    -2.120137E-4,    -5.347729E-4
1.116625E+7,    -2.232790E-4,    -5.444288E-4
1.117250E+7,    -2.149343E-4,    -5.542040E-4
1.117875E+7,    -2.097487E-4,    -5.620718E-4
1.118500E+7,    -2.415180E-4,    -5.618334E-4
1.119125E+7,    -2.537370E-4,    -5.676150E-4
1.119750E+7,    -2.445579E-4,    -5.788803E-4
1.120375E+7,    -2.391338E-4,    -5.753636E-4
1.121000E+7,    -2.487898E-4,    -6.114841E-4
1.121625E+7,    -2.546310E-4,    -6.161332E-4
1.122250E+7,    -2.929568E-4,    -6.364584E-4
1.122875E+7,    -2.934933E-4,    -6.680489E-4
1.123500E+7,    -2.752542E-4,    -7.431507E-4
1.124125E+7,    -2.806187E-4,    -7.312298E-4
1.124750E+7,    -2.689362E-4,    -7.494688E-4
1.125375E+7,    -3.201962E-4,    -6.995201E-4
1.126000E+7,    -2.738237E-4,    -7.251501E-4
1.126625E+7,    -2.911091E-4,    -7.035732E-4
1.127250E+7,    -2.958775E-4,    -7.565022E-4
1.127875E+7,    -3.185272E-4,    -7.038116E-4
1.128500E+7,    -3.134012E-4,    -7.388592E-4
1.129125E+7,    -3.050566E-4,    -7.014275E-4
1.129750E+7,    -2.621412E-4,    -6.406307E-4
1.130375E+7,    -3.020763E-4,    -6.808043E-4
1.131000E+7,    -3.163815E-4,    -7.075071E-4
1.131625E+7,    -3.098249E-4,    -7.143021E-4
1.132250E+7,    -3.368855E-4,    -7.404089E-4
1.132875E+7,    -3.067255E-4,    -7.181168E-4
1.133500E+7,    -3.026724E-4,    -7.065535E-4
1.134125E+7,    -3.249645E-4,    -6.979704E-4
1.134750E+7,    -3.067255E-4,    -7.086992E-4
1.135375E+7,    -3.069639E-4,    -6.847382E-4
1.136000E+7,    -2.938509E-4,    -6.679296E-4
1.136625E+7,    -3.166199E-4,    -7.047653E-4
1.137250E+7,    -3.380775E-4,    -7.374287E-4
1.137875E+7,    -3.424883E-4,    -7.417202E-4
1.138500E+7,    -3.269911E-4,    -7.456541E-4
1.139125E+7,    -3.044605E-4,    -7.226467E-4
1.139750E+7,    -3.267527E-4,    -7.299185E-4
1.140375E+7,    -3.122091E-4,    -7.170439E-4
1.141000E+7,    -2.891421E-4,    -6.834865E-4
1.141625E+7,    -2.945662E-4,    -7.159710E-4
1.142250E+7,    -3.207922E-4,    -6.972551E-4
1.142875E+7,    -3.114939E-4,    -7.632971E-4
1.143500E+7,    -3.015995E-4,    -7.190704E-4
1.144125E+7,    -3.315210E-4,    -7.290840E-4
1.144750E+7,    -3.424883E-4,    -7.983446E-4
1.145375E+7,    -3.666878E-4,    -8.130074E-4
1.146000E+7,    -3.801584E-4,    -7.942915E-4
1.146625E+7,    -4.068613E-4,    -8.437634E-4
1.147250E+7,    -3.557205E-4,    -8.301735E-4
1.147875E+7,    -3.985167E-4,    -7.644892E-4
1.148500E+7,    -3.651381E-4,    -7.816553E-4
1.149125E+7,    -4.173517E-4,    -8.788109E-4
1.149750E+7,    -3.823042E-4,    -9.142160E-4
1.150375E+7,    -3.818274E-4,    -8.883476E-4
1.151000E+7,    -4.256964E-4,    -8.912086E-4
1.151625E+7,    -4.072189E-4,    -9.143353E-4
1.152250E+7,    -3.892183E-4,    -9.007454E-4
1.152875E+7,    -3.964901E-4,    -8.418560E-4
1.153500E+7,    -3.988743E-4,    -7.940531E-4
1.154125E+7,    -4.497766E-4,    -9.340048E-4
1.154750E+7,    -4.125834E-4,    -9.183884E-4
1.155375E+7,    -4.093647E-4,    -9.150505E-4
1.156000E+7,    -4.124641E-4,    -1.057267E-3
1.156625E+7,    -4.531145E-4,    -1.049995E-3
1.157250E+7,    -4.450083E-4,    -1.043439E-3
1.157875E+7,    -5.370378E-4,    -1.022935E-3
1.158500E+7,    -4.664660E-4,    -1.161456E-3
1.159125E+7,    -4.582405E-4,    -1.040101E-3
1.159750E+7,    -3.930330E-4,    -1.037717E-3
1.160375E+7,    -5.221367E-4,    -1.071692E-3
1.161000E+7,    -4.853010E-4,    -1.070738E-3
1.161625E+7,    -5.335808E-4,    -1.186132E-3
1.162250E+7,    -5.414486E-4,    -1.232743E-3
1.162875E+7,    -4.870892E-4,    -1.523495E-3
1.163500E+7,    -3.910065E-4,    -1.645327E-3
1.164125E+7,    -1.187325E-4,    -1.902342E-3
1.164750E+7,    2.446175E-4,    -2.082109E-3
1.165375E+7,    -6.437302E-6,    -2.034187E-3
1.166000E+7,    4.090071E-4,    -1.884341E-3
1.166625E+7,    9.236336E-4,    -1.938343E-3
1.167250E+7,    1.025677E-3,    -1.755357E-3
1.167875E+7,    1.022577E-3,    -1.757383E-3
1.168500E+7,    1.117706E-3,    -1.805663E-3
1.169125E+7,    1.060605E-3,    -1.808524E-3
1.169750E+7,    1.056671E-3,    -1.857758E-3
1.170375E+7,    1.036644E-3,    -1.827478E-3
1.171000E+7,    1.053214E-3,    -1.831293E-3
1.171625E+7,    1.081705E-3,    -1.885772E-3
1.172250E+7,    1.062274E-3,    -1.862407E-3
1.172875E+7,    1.036406E-3,    -1.960754E-3
1.173500E+7,    1.105309E-3,    -1.893878E-3
1.174125E+7,    1.061678E-3,    -2.001047E-3
1.174750E+7,    1.025200E-3,    -1.974106E-3
1.175375E+7,    1.096010E-3,    -1.986265E-3
1.176000E+7,    1.142025E-3,    -1.916170E-3
1.176625E+7,    1.115322E-3,    -2.032518E-3
1.177250E+7,    1.127958E-3,    -2.037048E-3
1.177875E+7,    1.149416E-3,    -2.018929E-3
1.178500E+7,    1.105309E-3,    -2.074718E-3
1.179125E+7,    1.168966E-3,    -2.097845E-3
1.179750E+7,    1.096010E-3,    -2.046347E-3
1.180375E+7,    1.103401E-3,    -2.083302E-3
1.181000E+7,    1.134396E-3,    -2.067089E-3
1.181625E+7,    1.067877E-3,    -2.086163E-3
1.182250E+7,    1.167536E-3,    -2.151012E-3
1.182875E+7,    1.176596E-3,    -2.181053E-3
1.183500E+7,    1.195908E-3,    -2.180815E-3
1.184125E+7,    1.177311E-3,    -2.219200E-3
1.184750E+7,    1.232147E-3,    -2.222538E-3
1.185375E+7,    1.147270E-3,    -2.241850E-3
1.186000E+7,    1.188278E-3,    -2.258301E-3
1.186625E+7,    1.269102E-3,    -2.256632E-3
1.187250E+7,    1.242638E-3,    -2.288818E-3
1.187875E+7,    1.151323E-3,    -2.351522E-3
1.188500E+7,    1.198292E-3,    -2.297640E-3
1.189125E+7,    1.242161E-3,    -2.375603E-3
1.189750E+7,    1.231194E-3,    -2.338648E-3
1.190375E+7,    1.282930E-3,    -2.389431E-3
1.191000E+7,    1.274109E-3,    -2.421856E-3
1.191625E+7,    1.249313E-3,    -2.470016E-3
1.192250E+7,    1.265287E-3,    -2.439976E-3
1.192875E+7,    1.281261E-3,    -2.460480E-3
1.193500E+7,    1.297951E-3,    -2.516747E-3
1.194125E+7,    1.331806E-3,    -2.517939E-3
1.194750E+7,    1.332521E-3,    -2.566814E-3
1.195375E+7,    1.266479E-3,    -2.543449E-3
1.196000E+7,    1.334190E-3,    -2.596140E-3
1.196625E+7,    1.321077E-3,    -2.663374E-3
1.197250E+7,    1.329422E-3,    -2.644062E-3
1.197875E+7,    1.312733E-3,    -2.655506E-3
1.198500E+7,    1.335859E-3,    -2.662897E-3
1.199125E+7,    1.285553E-3,    -2.710342E-3
1.199750E+7,    1.310587E-3,    -2.730370E-3
1.200375E+7,    1.310825E-3,    -2.740145E-3
1.201000E+7,    1.331091E-3,    -2.740860E-3
1.201625E+7,    1.379490E-3,    -2.802134E-3
1.202250E+7,    1.304388E-3,    -2.846718E-3
1.202875E+7,    1.347303E-3,    -2.868891E-3
1.203500E+7,    1.349449E-3,    -2.917051E-3
1.204125E+7,    1.328468E-3,    -2.911329E-3
1.204750E+7,    1.317501E-3,    -2.854586E-3
1.205375E+7,    1.394749E-3,    -2.917290E-3
1.206000E+7,    1.325369E-3,    -2.875566E-3
1.206625E+7,    1.370668E-3,    -2.971172E-3
1.207250E+7,    1.384735E-3,    -3.047705E-3
1.207875E+7,    1.380682E-3,    -3.005266E-3
1.208500E+7,    1.364231E-3,    -2.978325E-3
1.209125E+7,    1.360655E-3,    -3.008842E-3
1.209750E+7,    1.340628E-3,    -3.064156E-3
1.210375E+7,    1.309395E-3,    -3.078938E-3
1.211000E+7,    1.352787E-3,    -3.030539E-3
1.211625E+7,    1.368284E-3,    -3.118038E-3
1.212250E+7,    1.376629E-3,    -3.126860E-3
1.212875E+7,    1.439095E-3,    -3.177643E-3
1.213500E+7,    1.394033E-3,    -3.181219E-3
1.214125E+7,    1.386404E-3,    -3.223896E-3
1.214750E+7,    1.422644E-3,    -3.290653E-3
1.215375E+7,    1.437664E-3,    -3.304243E-3
1.216000E+7,    1.443386E-3,    -3.310204E-3
1.216625E+7,    1.496792E-3,    -3.360987E-3
1.217250E+7,    1.443863E-3,    -3.400803E-3
1.217875E+7,    1.487255E-3,    -3.407478E-3
1.218500E+7,    1.474619E-3,    -3.443718E-3
1.219125E+7,    1.474142E-3,    -3.473520E-3
1.219750E+7,    1.492262E-3,    -3.497362E-3
1.220375E+7,    1.550436E-3,    -3.508568E-3
1.221000E+7,    1.538038E-3,    -3.612280E-3
1.221625E+7,    1.537323E-3,    -3.624678E-3
1.222250E+7,    1.551151E-3,    -3.667116E-3
1.222875E+7,    1.559258E-3,    -3.712654E-3
1.223500E+7,    1.569986E-3,    -3.791094E-3
1.224125E+7,    1.573324E-3,    -3.763199E-3
1.224750E+7,    1.559973E-3,    -3.756046E-3
1.225375E+7,    1.578569E-3,    -3.839493E-3
1.226000E+7,    1.620054E-3,    -3.847122E-3
1.226625E+7,    1.590967E-3,    -3.917694E-3
1.227250E+7,    1.618862E-3,    -3.959179E-3
1.227875E+7,    1.712799E-3,    -4.045486E-3
1.228500E+7,    1.712799E-3,    -4.014015E-3
1.229125E+7,    1.664162E-3,    -4.126549E-3
1.229750E+7,    1.704693E-3,    -4.125118E-3
1.230375E+7,    1.703739E-3,    -4.188061E-3
1.231000E+7,    1.738548E-3,    -4.236698E-3
1.231625E+7,    1.761913E-3,    -4.318714E-3
1.232250E+7,    1.736164E-3,    -4.302979E-3
1.232875E+7,    1.745701E-3,    -4.403591E-3
1.233500E+7,    1.823425E-3,    -4.429340E-3
1.234125E+7,    1.783848E-3,    -4.498482E-3
1.234750E+7,    1.817226E-3,    -4.499912E-3
1.235375E+7,    1.781940E-3,    -4.614830E-3
1.236000E+7,    1.850605E-3,    -4.655361E-3
1.236625E+7,    1.914024E-3,    -4.694939E-3
1.237250E+7,    1.894951E-3,    -4.755497E-3
1.237875E+7,    1.904488E-3,    -4.825592E-3
1.238500E+7,    1.934528E-3,    -4.842758E-3
1.239125E+7,    1.893044E-3,    -4.940987E-3
1.239750E+7,    1.991272E-3,    -4.981995E-3
1.240375E+7,    1.935005E-3,    -5.062580E-3
1.241000E+7,    2.027988E-3,    -5.077362E-3
1.241625E+7,    1.955032E-3,    -5.193233E-3
1.242250E+7,    2.078056E-3,    -5.229950E-3
1.242875E+7,    2.098083E-3,    -5.340099E-3
1.243500E+7,    2.084732E-3,    -5.416393E-3
1.244125E+7,    2.079487E-3,    -5.470276E-3
1.244750E+7,    2.100945E-3,    -5.516529E-3
1.245375E+7,    2.103329E-3,    -5.596161E-3
1.246000E+7,    2.218723E-3,    -5.635738E-3
1.246625E+7,    2.183437E-3,    -5.713940E-3
1.247250E+7,    2.226353E-3,    -5.798340E-3
1.247875E+7,    2.260208E-3,    -5.874634E-3
1.248500E+7,    2.256870E-3,    -5.970001E-3
1.249125E+7,    2.302170E-3,    -6.050110E-3
1.249750E+7,    2.320766E-3,    -6.080627E-3
1.250375E+7,    2.405167E-3,    -6.284714E-3
1.251000E+7,    2.408504E-3,    -6.283283E-3
1.251625E+7,    2.425671E-3,    -6.367683E-3
1.252250E+7,    2.419472E-3,    -6.490231E-3
1.252875E+7,    2.516270E-3,    -6.532669E-3
1.253500E+7,    2.492905E-3,    -6.622314E-3
1.254125E+7,    2.480507E-3,    -6.741524E-3
1.254750E+7,    2.521038E-3,    -6.835937E-3
1.255375E+7,    2.616405E-3,    -6.903648E-3
1.256000E+7,    2.580643E-3,    -7.055759E-3
1.256625E+7,    2.651691E-3,    -7.117748E-3
1.257250E+7,    2.753258E-3,    -7.253170E-3
1.257875E+7,    2.746582E-3,    -7.351398E-3
1.258500E+7,    2.791405E-3,    -7.444859E-3
1.259125E+7,    2.811432E-3,    -7.541180E-3
1.259750E+7,    2.821922E-3,    -7.659435E-3
1.260375E+7,    2.894402E-3,    -7.866859E-3
1.261000E+7,    2.844334E-3,    -7.899761E-3
1.261625E+7,    2.928734E-3,    -8.149147E-3
1.262250E+7,    2.981186E-3,    -8.189201E-3
1.262875E+7,    2.731323E-3,    -8.590698E-3
1.263500E+7,    3.032684E-3,    -8.297920E-3
1.264125E+7,    3.130913E-3,    -8.606911E-3
1.264750E+7,    3.179550E-3,    -8.787155E-3
1.265375E+7,    3.155708E-3,    -8.888245E-3
1.266000E+7,    3.105164E-3,    -9.139061E-3
1.266625E+7,    3.223419E-3,    -9.229660E-3
1.267250E+7,    1.140594E-3,    -1.004028E-2
1.267875E+7,    2.098083E-3,    -1.012897E-2
1.268500E+7,    1.218796E-3,    -1.062584E-2
1.269125E+7,    2.542496E-3,    -1.050854E-2
1.269750E+7,    3.482819E-3,    -9.842873E-3
1.270375E+7,    1.516342E-4,    -1.028347E-2
1.271000E+7,    1.302719E-3,    -1.186657E-2
1.271625E+7,    3.687859E-3,    -1.055527E-2
1.272250E+7,    3.729820E-3,    -1.068783E-2
1.272875E+7,    3.812790E-3,    -1.091099E-2
1.273500E+7,    3.746986E-3,    -1.134872E-2
1.274125E+7,    3.918648E-3,    -1.144314E-2
1.274750E+7,    3.914356E-3,    -1.183462E-2
1.275375E+7,    4.058838E-3,    -1.176739E-2
1.276000E+7,    3.369808E-3,    -1.225901E-2
1.276625E+7,    1.904488E-3,    -1.273251E-2
1.277250E+7,    -2.230167E-3,    -9.388924E-3
1.277875E+7,    -3.500938E-3,    -1.177311E-2
1.278500E+7,    -1.562119E-3,    -1.398516E-2
1.279125E+7,    3.228188E-4,    -1.473999E-2
1.279750E+7,    3.391743E-3,    -1.380205E-2
1.280375E+7,    -1.412392E-3,    -1.360035E-2
1.281000E+7,    -5.019188E-3,    -1.169300E-2
1.281625E+7,    -4.045486E-3,    -1.564026E-2
1.282250E+7,    -4.362106E-3,    -1.556492E-2
1.282875E+7,    1.349449E-3,    -1.598454E-2
1.283500E+7,    -6.407738E-3,    -1.367092E-2
1.284125E+7,    4.523277E-3,    -1.726532E-2
1.284750E+7,    5.075455E-3,    -1.699734E-2
1.285375E+7,    3.900528E-3,    -1.812363E-2
1.286000E+7,    3.935814E-3,    -1.803398E-2
1.286625E+7,    3.888130E-3,    -1.908588E-2
1.287250E+7,    4.636765E-3,    -1.913834E-2
1.287875E+7,    5.544662E-3,    -1.878834E-2
1.288500E+7,    4.459381E-3,    -1.906300E-2
1.289125E+7,    3.137589E-3,    -2.114487E-2
1.289750E+7,    2.870560E-4,    -2.145481E-2
1.290375E+7,    4.036903E-3,    -2.093983E-2
1.291000E+7,    2.498627E-3,    -2.191830E-2
1.291625E+7,    1.423836E-3,    -2.347374E-2
1.292250E+7,    -1.221657E-3,    -2.086449E-2
1.292875E+7,    3.623962E-4,    -2.319050E-2
1.293500E+7,    -8.707047E-3,    -1.966572E-2
1.294125E+7,    -5.866051E-3,    -2.183723E-2
1.294750E+7,    -8.666992E-3,    -1.710796E-2
1.295375E+7,    -8.821487E-3,    -1.133633E-2
1.296000E+7,    -7.695198E-3,    -8.673668E-3
1.296625E+7,    -7.571220E-3,    -8.262634E-3
1.297250E+7,    -7.877350E-3,    -8.602142E-3
1.297875E+7,    -8.033752E-3,    -8.724213E-3
1.298500E+7,    -8.242607E-3,    -8.846283E-3
1.299125E+7,    -8.473396E-3,    -9.025574E-3
1.299750E+7,    -8.703232E-3,    -9.193420E-3
1.300375E+7,    -8.977890E-3,    -9.450912E-3
1.301000E+7,    -9.264946E-3,    -9.678841E-3
1.301625E+7,    -9.511948E-3,    -9.902954E-3
1.302250E+7,    -9.847641E-3,    -1.016903E-2
1.302875E+7,    -1.015377E-2,    -1.038265E-2
1.303500E+7,    -1.047802E-2,    -1.064873E-2
1.304125E+7,    -1.085758E-2,    -1.088715E-2
1.304750E+7,    -1.120663E-2,    -1.116848E-2
1.305375E+7,    -1.152325E-2,    -1.141834E-2
1.306000E+7,    -1.191616E-2,    -1.169109E-2
1.306625E+7,    -1.236534E-2,    -1.203918E-2
1.307250E+7,    -1.279736E-2,    -1.237392E-2
1.307875E+7,    -1.331520E-2,    -1.273918E-2
1.308500E+7,    -1.380634E-2,    -1.308250E-2
1.309125E+7,    -1.434135E-2,    -1.345730E-2
1.309750E+7,    -1.483345E-2,    -1.379585E-2
1.310375E+7,    -1.542950E-2,    -1.418495E-2
1.311000E+7,    -1.596451E-2,    -1.458645E-2
1.311625E+7,    -1.663685E-2,    -1.498508E-2
1.312250E+7,    -1.737404E-2,    -1.549339E-2
1.312875E+7,    -1.813126E-2,    -1.597404E-2
1.313500E+7,    -1.890564E-2,    -1.647186E-2
1.314125E+7,    -1.969910E-2,    -1.691818E-2
1.314750E+7,    -2.060699E-2,    -1.746559E-2
1.315375E+7,    -2.182198E-2,    -1.823425E-2
1.316000E+7,    -2.286530E-2,    -1.885223E-2
1.316625E+7,    -2.386856E-2,    -1.947403E-2
1.317250E+7,    -2.488327E-2,    -1.994705E-2
1.317875E+7,    -2.617073E-2,    -2.067184E-2
1.318500E+7,    -2.739334E-2,    -2.135277E-2
1.319125E+7,    -2.898407E-2,    -2.214622E-2
1.319750E+7,    -3.006363E-2,    -2.267265E-2
1.320375E+7,    -3.172112E-2,    -2.335930E-2
1.321000E+7,    -3.371620E-2,    -2.446175E-2
1.321625E+7,    -3.509140E-2,    -2.489471E-2
1.322250E+7,    -3.699684E-2,    -2.573204E-2
1.322875E+7,    -3.939819E-2,    -2.666855E-2
1.323500E+7,    -4.201889E-2,    -2.779388E-2
1.324125E+7,    -4.503632E-2,    -2.904129E-2
1.324750E+7,    -4.880905E-2,    -3.060532E-2
1.325375E+7,    -5.271530E-2,    -3.226089E-2
1.326000E+7,    -5.576706E-2,    -3.305817E-2
1.326625E+7,    -5.976868E-2,    -3.416824E-2
1.327250E+7,    -6.409836E-2,    -3.547287E-2
1.327875E+7,    -6.955719E-2,    -3.674316E-2
1.328500E+7,    -7.404327E-2,    -3.756332E-2
1.329125E+7,    -8.097458E-2,    -3.931427E-2
1.329750E+7,    -8.680344E-2,    -4.037094E-2
1.330375E+7,    -9.333038E-2,    -4.051208E-2
1.331000E+7,    -1.039581E-1,    -4.187012E-2
1.331625E+7,    -1.125336E-1,    -4.263306E-2
1.332250E+7,    -1.254883E-1,    -4.367065E-2
1.332875E+7,    -1.323013E-1,    -4.280090E-2
1.333500E+7,    -1.408234E-1,    -3.907013E-2
1.334125E+7,    -1.521912E-1,    -3.723145E-2
1.334750E+7,    -1.655579E-1,    -3.300476E-2
1.335375E+7,    -1.846924E-1,    -2.832794E-2
1.336000E+7,    -2.019196E-1,    -2.239990E-2
1.336625E+7,    -2.197876E-1,    -1.139069E-2
1.337250E+7,    -2.447739E-1,    7.858276E-4
1.337875E+7,    -2.657623E-1,    1.945496E-2
1.338500E+7,    -2.877655E-1,    4.365540E-2
1.339125E+7,    -3.147125E-1,    7.617187E-2
1.339750E+7,    -3.332520E-1,    1.148529E-1
1.340375E+7,    -3.453522E-1,    1.632233E-1
1.341000E+7,    -3.509216E-1,    2.204437E-1
1.341625E+7,    -3.466492E-1,    2.862549E-1
1.342250E+7,    -3.226318E-1,    3.501892E-1
1.342875E+7,    -2.840118E-1,    4.142151E-1
1.343500E+7,    -2.312622E-1,    4.673462E-1
1.344125E+7,    -1.651001E-1,    4.980316E-1
1.344750E+7,    -9.805298E-2,    5.214844E-1
1.345375E+7,    -3.289795E-2,    5.270996E-1
1.346000E+7,    2.838135E-2,    5.206299E-1
1.346625E+7,    8.300781E-2,    5.111694E-1
1.347250E+7,    1.324463E-1,    4.993286E-1
1.347875E+7,    1.744995E-1,    4.757690E-1
1.348500E+7,    2.111816E-1,    4.490967E-1
1.349125E+7,    2.449646E-1,    4.261169E-1
1.349750E+7,    2.774658E-1,    4.036560E-1
1.350375E+7,    3.109741E-1,    3.833313E-1
1.351000E+7,    3.384094E-1,    3.570862E-1
1.351625E+7,    3.663330E-1,    3.289185E-1
1.352250E+7,    3.952026E-1,    3.000488E-1
1.352875E+7,    4.234009E-1,    2.676697E-1
1.353500E+7,    4.520874E-1,    2.314758E-1
1.354125E+7,    4.772644E-1,    1.897278E-1
1.354750E+7,    5.002747E-1,    1.412659E-1
1.355375E+7,    5.166931E-1,    8.685303E-2
1.356000E+7,    5.239563E-1,    2.719116E-2
1.356625E+7,    5.204468E-1,    -3.546143E-2
1.357250E+7,    5.037231E-1,    -9.933472E-2
1.357875E+7,    4.762268E-1,    -1.581116E-1
1.358500E+7,    4.364014E-1,    -2.083435E-1
1.359125E+7,    3.889465E-1,    -2.479248E-1
1.359750E+7,    3.383179E-1,    -2.752991E-1
1.360375E+7,    2.873535E-1,    -2.905273E-1
1.361000E+7,    2.388916E-1,    -2.961731E-1
1.361625E+7,    1.961670E-1,    -2.938232E-1
1.362250E+7,    1.590271E-1,    -2.857361E-1
1.362875E+7,    1.268005E-1,    -2.753296E-1
1.363500E+7,    1.002197E-1,    -2.624512E-1
1.364125E+7,    7.827759E-2,    -2.476501E-1
1.364750E+7,    5.963135E-2,    -2.329407E-1
1.365375E+7,    4.476929E-2,    -2.193298E-1
1.366000E+7,    3.295898E-2,    -2.063904E-1
1.366625E+7,    2.267456E-2,    -1.941986E-1
1.367250E+7,    1.414490E-2,    -1.822357E-1
1.367875E+7,    7.675171E-3,    -1.714478E-1
1.368500E+7,    2.014160E-3,    -1.614838E-1
1.369125E+7,    -2.151489E-3,    -1.517334E-1
1.369750E+7,    -6.057739E-3,    -1.429596E-1
1.370375E+7,    -9.216309E-3,    -1.352844E-1
1.371000E+7,    -1.161194E-2,    -1.281586E-1
1.371625E+7,    -1.345825E-2,    -1.213989E-1
1.372250E+7,    -1.507568E-2,    -1.157990E-1
1.372875E+7,    -1.676941E-2,    -1.103210E-1
1.373500E+7,    -1.775360E-2,    -1.052475E-1
1.374125E+7,    -1.882172E-2,    -1.005096E-1
1.374750E+7,    -1.955414E-2,    -9.617615E-2
1.375375E+7,    -2.023315E-2,    -9.210205E-2
1.376000E+7,    -2.085114E-2,    -8.864594E-2
1.376625E+7,    -2.110291E-2,    -8.473969E-2
1.377250E+7,    -2.155304E-2,    -8.182526E-2
1.377875E+7,    -2.198792E-2,    -7.892609E-2
1.378500E+7,    -2.218628E-2,    -7.622528E-2
1.379125E+7,    -2.215576E-2,    -7.365417E-2
1.379750E+7,    -2.263641E-2,    -7.122040E-2
1.380375E+7,    -2.271271E-2,    -6.912994E-2
1.381000E+7,    -2.276611E-2,    -6.700134E-2
1.381625E+7,    -2.288818E-2,    -6.514740E-2
1.382250E+7,    -2.293396E-2,    -6.336975E-2
1.382875E+7,    -2.310944E-2,    -6.175995E-2
1.383500E+7,    -2.320099E-2,    -6.034088E-2
1.384125E+7,    -2.337646E-2,    -5.886078E-2
1.384750E+7,    -2.349091E-2,    -5.761719E-2
1.385375E+7,    -2.358246E-2,    -5.636597E-2
1.386000E+7,    -2.371979E-2,    -5.527496E-2
1.386625E+7,    -2.385712E-2,    -5.426025E-2
1.387250E+7,    -2.406311E-2,    -5.333710E-2
1.387875E+7,    -2.422333E-2,    -5.242157E-2
1.388500E+7,    -2.439117E-2,    -5.173492E-2
1.389125E+7,    -2.457428E-2,    -5.103302E-2
1.389750E+7,    -2.490997E-2,    -5.033875E-2
1.390375E+7,    -2.519226E-2,    -4.980469E-2
1.391000E+7,    -2.545929E-2,    -4.935455E-2
1.391625E+7,    -2.587128E-2,    -4.891205E-2
1.392250E+7,    -2.629852E-2,    -4.854584E-2
1.392875E+7,    -2.675629E-2,    -4.827881E-2
1.393500E+7,    -2.725220E-2,    -4.811859E-2
1.394125E+7,    -2.785110E-2,    -4.795837E-2
1.394750E+7,    -2.849960E-2,    -4.787064E-2
1.395375E+7,    -2.921295E-2,    -4.792786E-2
1.396000E+7,    -3.009033E-2,    -4.801178E-2
1.396625E+7,    -3.099823E-2,    -4.811096E-2
1.397250E+7,    -3.200912E-2,    -4.834747E-2
1.397875E+7,    -3.325272E-2,    -4.869461E-2
1.398500E+7,    -3.454971E-2,    -4.910660E-2
1.399125E+7,    -3.614426E-2,    -4.964828E-2
1.399750E+7,    -3.788376E-2,    -5.024719E-2
1.400375E+7,    -3.991699E-2,    -5.094910E-2
1.401000E+7,    -4.225540E-2,    -5.180359E-2
1.401625E+7,    -4.507065E-2,    -5.264282E-2
1.402250E+7,    -4.830551E-2,    -5.351639E-2
1.402875E+7,    -5.218124E-2,    -5.451584E-2
1.403500E+7,    -5.684662E-2,    -5.551529E-2
1.404125E+7,    -6.245041E-2,    -5.646515E-2
1.404750E+7,    -6.927872E-2,    -5.704880E-2
1.405375E+7,    -7.774353E-2,    -5.708313E-2
1.406000E+7,    -8.814240E-2,    -5.593872E-2
1.406625E+7,    -1.006470E-1,    -5.274963E-2
1.407250E+7,    -1.159439E-1,    -4.566193E-2
1.407875E+7,    -1.325226E-1,    -3.267670E-2
1.408500E+7,    -1.485214E-1,    -1.161957E-2
1.409125E+7,    -1.572037E-1,    2.011108E-2
1.409750E+7,    -1.514435E-1,    5.761719E-2
1.410375E+7,    -1.287689E-1,    8.917236E-2
1.411000E+7,    -9.640503E-2,    1.063385E-1
1.411625E+7,    -6.555176E-2,    1.081848E-1
1.412250E+7,    -4.132843E-2,    1.013107E-1
1.412875E+7,    -2.404785E-2,    9.101868E-2
1.413500E+7,    -1.333618E-2,    8.063507E-2
1.414125E+7,    -6.248474E-3,    7.061768E-2
1.414750E+7,    -1.457214E-3,    6.228638E-2
1.415375E+7,    1.483917E-3,    5.504227E-2
1.416000E+7,    3.425598E-3,    4.887772E-2
1.416625E+7,    4.673004E-3,    4.368973E-2
1.417250E+7,    5.435944E-3,    3.917694E-2
1.417875E+7,    5.813599E-3,    3.536606E-2
1.418500E+7,    6.088257E-3,    3.204346E-2
1.419125E+7,    6.175995E-3,    2.922058E-2
1.419750E+7,    6.153107E-3,    2.670288E-2
1.420375E+7,    6.068230E-3,    2.445889E-2
1.421000E+7,    5.981445E-3,    2.252483E-2
1.421625E+7,    5.810738E-3,    2.083397E-2
1.422250E+7,    5.654335E-3,    1.927376E-2
1.422875E+7,    5.456924E-3,    1.785564E-2
1.423500E+7,    5.298615E-3,    1.662254E-2
1.424125E+7,    5.089760E-3,    1.548862E-2
1.424750E+7,    4.883766E-3,    1.447296E-2
1.425375E+7,    4.712105E-3,    1.357555E-2
1.426000E+7,    4.553795E-3,    1.268673E-2
1.426625E+7,    4.344940E-3,    1.193619E-2
1.427250E+7,    4.191399E-3,    1.122236E-2
1.427875E+7,    4.030704E-3,    1.058388E-2
1.428500E+7,    3.881931E-3,    9.968281E-3
1.429125E+7,    3.712177E-3,    9.406567E-3
1.429750E+7,    3.586769E-3,    8.915901E-3
1.430375E+7,    3.406048E-3,    8.426666E-3
1.431000E+7,    3.298759E-3,    7.999897E-3
1.431625E+7,    3.166676E-3,    7.592201E-3
1.432250E+7,    3.076553E-3,    7.214069E-3
1.432875E+7,    2.950668E-3,    6.860256E-3
1.433500E+7,    2.834797E-3,    6.541252E-3
1.434125E+7,    2.734661E-3,    6.210804E-3
1.434750E+7,    2.661705E-3,    5.909443E-3
1.435375E+7,    2.547264E-3,    5.658150E-3
1.436000E+7,    2.466917E-3,    5.400896E-3
1.436625E+7,    2.377272E-3,    5.119562E-3
1.437250E+7,    2.279520E-3,    4.918575E-3
1.437875E+7,    2.192020E-3,    4.686117E-3
1.438500E+7,    2.124786E-3,    4.477501E-3
1.439125E+7,    2.051353E-3,    4.320860E-3
1.439750E+7,    1.968622E-3,    4.116058E-3
1.440375E+7,    1.897097E-3,    3.953218E-3
1.441000E+7,    1.821041E-3,    3.795147E-3
1.441625E+7,    1.748323E-3,    3.625631E-3
1.442250E+7,    1.699686E-3,    3.514528E-3
1.442875E+7,    1.658440E-3,    3.340006E-3
1.443500E+7,    1.603842E-3,    3.212929E-3
1.444125E+7,    1.560211E-3,    3.078461E-3
1.444750E+7,    1.514435E-3,    2.986670E-3
1.445375E+7,    1.448631E-3,    2.847433E-3
1.446000E+7,    1.429796E-3,    2.729177E-3
1.446625E+7,    1.351118E-3,    2.668858E-3
1.447250E+7,    1.318216E-3,    2.559662E-3
1.447875E+7,    1.279593E-3,    2.488494E-3
1.448500E+7,    1.242757E-3,    2.368450E-3
1.449125E+7,    1.180649E-3,    2.279401E-3
1.449750E+7,    1.157284E-3,    2.177596E-3
1.450375E+7,    1.115680E-3,    2.112865E-3
1.451000E+7,    1.081109E-3,    2.036452E-3
1.451625E+7,    1.046896E-3,    1.977921E-3
1.452250E+7,    1.043439E-3,    1.901865E-3
1.452875E+7,    1.002789E-3,    1.839042E-3
1.453500E+7,    9.686947E-4,    1.777291E-3
1.454125E+7,    9.402037E-4,    1.730323E-3
1.454750E+7,    9.222031E-4,    1.659632E-3
1.455375E+7,    8.909702E-4,    1.584530E-3
1.456000E+7,    8.691549E-4,    1.546979E-3
1.456625E+7,    8.542538E-4,    1.488447E-3
1.457250E+7,    8.205175E-4,    1.451373E-3
1.457875E+7,    8.102655E-4,    1.399279E-3
1.458500E+7,    7.882118E-4,    1.364350E-3
1.459125E+7,    7.402897E-4,    1.329660E-3
1.459750E+7,    7.321835E-4,    1.269102E-3
1.460375E+7,    7.018447E-4,    1.242638E-3
1.461000E+7,    6.927848E-4,    1.220703E-3
1.461625E+7,    6.664395E-4,    1.170814E-3
1.462250E+7,    6.544590E-4,    1.124561E-3
1.462875E+7,    6.128550E-4,    1.092851E-3
1.463500E+7,    6.313324E-4,    1.038015E-3
1.464125E+7,    6.005168E-4,    1.025558E-3
1.464750E+7,    6.056428E-4,    9.722710E-4
1.465375E+7,    5.617738E-4,    9.546876E-4
1.466000E+7,    5.518198E-4,    9.474158E-4
1.466625E+7,    5.329251E-4,    8.967519E-4
1.467250E+7,    5.438328E-4,    8.788705E-4
1.467875E+7,    5.056858E-4,    8.545518E-4
1.468500E+7,    4.825592E-4,    8.281469E-4
1.469125E+7,    4.965663E-4,    8.031130E-4
1.469750E+7,    4.814863E-4,    7.822514E-4
1.470375E+7,    4.641414E-4,    7.691979E-4
1.471000E+7,    4.633069E-4,    7.535815E-4
1.471625E+7,    4.355311E-4,    7.122159E-4
1.472250E+7,    4.201531E-4,    6.924868E-4
1.472875E+7,    4.143119E-4,    6.840825E-4
1.473500E+7,    4.082918E-4,    6.711483E-4
1.474125E+7,    4.000664E-4,    6.414056E-4
1.474750E+7,    3.784895E-4,    6.070733E-4
1.475375E+7,    3.928244E-4,    6.106198E-4
1.476000E+7,    3.699362E-4,    5.987287E-4
1.476625E+7,    3.713965E-4,    5.618036E-4
1.477250E+7,    3.462434E-4,    5.506873E-4
1.477875E+7,    3.297031E-4,    5.306005E-4
1.478500E+7,    3.402531E-4,    5.351007E-4
1.479125E+7,    3.311932E-4,    5.282760E-4
1.479750E+7,    3.273487E-4,    4.925132E-4
1.480375E+7,    3.196597E-4,    5.002618E-4
1.481000E+7,    3.035665E-4,    4.666150E-4
1.481625E+7,    2.996325E-4,    4.596114E-4
1.482250E+7,    2.965927E-4,    4.662573E-4
1.482875E+7,    2.745986E-4,    4.261732E-4
1.483500E+7,    2.672374E-4,    4.200935E-4
1.484125E+7,    2.545416E-4,    4.226863E-4
1.484750E+7,    2.611876E-4,    3.981888E-4
1.485375E+7,    2.613366E-4,    3.900528E-4
1.486000E+7,    2.273619E-4,    3.824532E-4
1.486625E+7,    2.432466E-4,    3.784299E-4
1.487250E+7,    2.543330E-4,    3.909469E-4
1.487875E+7,    2.279282E-4,    3.510416E-4
1.488500E+7,    2.307594E-4,    3.419816E-4
1.489125E+7,    2.368391E-4,    3.486276E-4
1.489750E+7,    2.025366E-4,    3.114939E-4
1.490375E+7,    1.930296E-4,    3.284514E-4
1.491000E+7,    2.135336E-4,    3.156662E-4
1.491625E+7,    2.075732E-4,    3.020465E-4
1.492250E+7,    1.952052E-4,    2.897680E-4
1.492875E+7,    1.979619E-4,    2.962798E-4
1.493500E+7,    2.017319E-4,    2.799034E-4
1.494125E+7,    1.779199E-4,    3.009588E-4
1.494750E+7,    1.756251E-4,    2.706647E-4
1.495375E+7,    1.727045E-4,    2.871007E-4
1.496000E+7,    1.820475E-4,    2.615750E-4
1.496625E+7,    1.541376E-4,    2.536774E-4
1.497250E+7,    1.571476E-4,    2.072155E-4
1.497875E+7,    1.631230E-4,    2.507865E-4
1.498500E+7,    1.549125E-4,    2.300888E-4
1.499125E+7,    1.405925E-4,    2.342612E-4
1.499750E+7,    1.462549E-4,    2.252012E-4
1.500375E+7,    1.264215E-4,    2.457947E-4
1.501000E+7,    1.564622E-4,    2.137572E-4
1.501625E+7,    1.275688E-4,    1.917779E-4
1.502250E+7,    1.366287E-4,    1.813471E-4
1.502875E+7,    1.441091E-4,    2.018213E-4
1.503500E+7,    1.387745E-4,    1.961440E-4
1.504125E+7,    1.274794E-4,    2.076328E-4
1.504750E+7,    1.521558E-4,    2.072453E-4
1.505375E+7,    1.367927E-4,    1.811236E-4
1.506000E+7,    1.231134E-4,    1.619756E-4
1.506625E+7,    1.081079E-4,    1.974106E-4
1.507250E+7,    1.219511E-4,    1.539886E-4
1.507875E+7,    1.046807E-4,    1.596510E-4
1.508500E+7,    1.082420E-4,    1.578331E-4
1.509125E+7,    8.587539E-5,    1.574382E-4
1.509750E+7,    1.211166E-4,    1.448989E-4
1.510375E+7,    1.031011E-4,    1.591146E-4
1.511000E+7,    1.041144E-4,    1.507998E-4
1.511625E+7,    1.024231E-4,    1.434162E-4
1.512250E+7,    9.179115E-5,    1.235008E-4
1.512875E+7,    1.109317E-4,    1.318231E-4
1.513500E+7,    1.027957E-4,    1.190230E-4
1.514125E+7,    8.496642E-5,    1.334324E-4
1.514750E+7,    9.135902E-5,    1.072735E-4
1.515375E+7,    8.865446E-5,    1.080781E-4
1.516000E+7,    7.672608E-5,    9.696186E-5
1.516625E+7,    8.061528E-5,    1.270175E-4
1.517250E+7,    8.933991E-5,    1.076981E-4
1.517875E+7,    8.130074E-5,    1.265407E-4
1.518500E+7,    7.593632E-5,    8.109212E-5
1.519125E+7,    8.643419E-5,    1.164153E-4
1.519750E+7,    7.927418E-5,    8.742511E-5
1.520375E+7,    7.418543E-5,    1.136288E-4
1.521000E+7,    7.246435E-5,    9.830296E-5
1.521625E+7,    6.617606E-5,    1.011863E-4
1.522250E+7,    7.897615E-5,    7.220358E-5
1.522875E+7,    7.325411E-5,    1.070276E-4
1.523500E+7,    6.593764E-5,    6.926060E-5
1.524125E+7,    5.461276E-5,    9.848922E-5
1.524750E+7,    7.263571E-5,    8.263439E-5
1.525375E+7,    5.588681E-5,    9.000301E-5
1.526000E+7,    6.650388E-5,    8.541346E-5
1.526625E+7,    6.046891E-5,    8.072704E-5
1.527250E+7,    5.447119E-5,    7.530302E-5
1.527875E+7,    5.365163E-5,    1.093447E-4
1.528500E+7,    5.538762E-5,    8.399040E-5
1.529125E+7,    4.563481E-5,    8.030236E-5
1.529750E+7,    4.617125E-5,    6.323308E-5
1.530375E+7,    5.322322E-5,    5.979091E-5
1.531000E+7,    4.672632E-5,    7.161498E-5
1.531625E+7,    3.330037E-5,    4.351512E-5
1.532250E+7,    3.994256E-5,    5.691499E-5
1.532875E+7,    6.041303E-5,    6.375834E-5
1.533500E+7,    4.785508E-5,    8.019805E-5
1.534125E+7,    3.075600E-5,    6.314740E-5
1.534750E+7,    3.500655E-5,    6.174296E-5
1.535375E+7,    6.057322E-5,    4.493445E-5
1.536000E+7,    5.567074E-5,    8.367002E-5
1.536625E+7,    3.762543E-5,    5.561113E-5
1.537250E+7,    5.601346E-5,    4.592910E-5
1.537875E+7,    5.014241E-5,    9.650737E-5
1.538500E+7,    5.476177E-5,    7.735193E-5
1.539125E+7,    6.906316E-5,    5.025789E-5
1.539750E+7,    5.481392E-5,    7.720292E-5
1.540375E+7,    4.003569E-5,    4.167855E-5
1.541000E+7,    4.341081E-5,    4.788116E-5
1.541625E+7,    5.226210E-5,    5.413964E-5
1.542250E+7,    3.584474E-5,    4.780665E-5
1.542875E+7,    3.009662E-5,    3.887340E-5
1.543500E+7,    5.033612E-5,    2.604723E-5
1.544125E+7,    4.514679E-5,    7.244945E-5
1.544750E+7,    4.538894E-5,    6.319582E-5
1.545375E+7,    4.560873E-5,    6.414577E-5
1.546000E+7,    3.788248E-5,    3.957748E-5
1.546625E+7,    -1.584180E-5,    4.800968E-5
1.547250E+7,    4.718080E-5,    3.148988E-5
1.547875E+7,    3.312901E-5,    5.832314E-5
1.548500E+7,    3.474578E-5,    2.706051E-5
1.549125E+7,    5.291402E-5,    5.728006E-5
1.549750E+7,    4.418939E-5,    5.578622E-5
1.550375E+7,    3.430992E-5,    3.259256E-5
1.551000E+7,    3.918260E-5,    3.942475E-5
1.551625E+7,    4.806742E-5,    6.267801E-5
1.552250E+7,    3.832020E-5,    1.564063E-5
1.552875E+7,    2.641603E-5,    4.325062E-5
1.553500E+7,    3.159046E-5,    2.794713E-5
1.554125E+7,    3.036857E-5,    5.503744E-5
1.554750E+7,    3.772229E-5,    2.972409E-5
1.555375E+7,    1.567230E-5,    6.611645E-5
1.556000E+7,    2.564490E-5,    3.221817E-5
1.556625E+7,    5.723536E-5,    7.017702E-5
1.557250E+7,    3.682822E-5,    2.264418E-5
1.557875E+7,    2.854317E-5,    3.561005E-5
1.558500E+7,    2.053566E-6,    1.814030E-5
1.559125E+7,    3.498793E-5,    1.609884E-5
1.559750E+7,    2.019107E-5,    4.497543E-5
1.560375E+7,    2.455339E-5,    2.224930E-5
1.561000E+7,    4.163012E-5,    4.040450E-5
1.561625E+7,    8.260831E-6,    3.406964E-5
1.562250E+7,    1.363456E-5,    1.999177E-5
1.562875E+7,    1.626275E-5,    3.847107E-5
1.563500E+7,    -4.038215E-6,    2.211239E-5
1.564125E+7,    2.612546E-5,    1.034513E-5
1.564750E+7,    -6.798655E-7,    1.923833E-5
1.565375E+7,    1.522899E-5,    8.224510E-6
1.566000E+7,    1.691654E-5,    -2.606772E-6
1.566625E+7,    1.347065E-5,    1.884066E-5
1.567250E+7,    2.731010E-5,    1.830608E-5
1.567875E+7,    2.690032E-5,    3.729761E-5
1.568500E+7,    2.109446E-5,    2.253242E-5
1.569125E+7,    2.115965E-5,    2.244860E-5
1.569750E+7,    1.053140E-5,    2.071820E-5
1.570375E+7,    2.892874E-5,    7.074326E-6
1.571000E+7,    1.970120E-5,    1.371466E-5
1.571625E+7,    9.086914E-6,    1.216028E-5
1.572250E+7,    2.138130E-5,    2.202392E-5
1.572875E+7,    -1.053046E-5,    1.758151E-5
1.573500E+7,    3.048778E-5,    1.486577E-5
1.574125E+7,    2.446584E-5,    1.937151E-5
1.574750E+7,    -1.342501E-6,    1.064222E-5
1.575375E+7,    1.099147E-5,    2.023391E-5
1.576000E+7,    -1.279637E-6,    1.062686E-5
1.576625E+7,    2.978602E-6,    -2.356945E-6
1.577250E+7,    2.482720E-5,    1.901016E-5
1.577875E+7,    1.780502E-5,    3.433414E-5
1.578500E+7,    1.904182E-5,    2.364628E-5
1.579125E+7,    -2.949615E-6,    2.383371E-6
1.579750E+7,    1.359452E-5,    -1.314562E-6
1.580375E+7,    9.592623E-6,    1.170207E-5
1.581000E+7,    1.254398E-5,    9.236857E-6
1.581625E+7,    1.545716E-5,    6.762333E-6
1.582250E+7,    -8.675270E-6,    7.259659E-6
1.582875E+7,    2.895668E-5,    5.189329E-6
1.583500E+7,    2.211239E-5,    -8.899719E-6
1.584125E+7,    1.636986E-5,    -4.056841E-6
1.584750E+7,    -5.715759E-6,    4.920643E-6
1.585375E+7,    -9.277835E-6,    1.802575E-5
1.586000E+7,    2.098735E-6,    8.151401E-6
1.586625E+7,    4.283153E-6,    1.627579E-5
1.587250E+7,    9.923242E-6,    1.130812E-5
1.587875E+7,    -2.815155E-6,    2.493500E-6
1.588500E+7,    2.064556E-5,    1.181290E-5
1.589125E+7,    -1.620129E-5,    4.469417E-6
1.589750E+7,    4.533678E-6,    1.614820E-5
1.590375E+7,    1.191162E-5,    2.976693E-5
1.591000E+7,    1.294818E-5,    8.492731E-6
1.591625E+7,    6.973743E-6,    2.417900E-5
1.592250E+7,    1.021102E-5,    1.098402E-5
1.592875E+7,    1.809746E-5,    1.385249E-5
1.593500E+7,    5.140901E-6,    5.441718E-6
1.594125E+7,    2.715737E-6,    -2.578250E-6
1.594750E+7,    -1.304317E-5,    -8.251518E-6
1.595375E+7,    2.493616E-6,    7.984694E-6
1.596000E+7,    -2.850778E-6,    1.318427E-5
1.596625E+7,    -7.760711E-6,    -1.333840E-5
1.597250E+7,    1.867767E-5,    -1.837965E-5
1.597875E+7,    -7.926021E-6,    -2.709217E-6
1.598500E+7,    2.565794E-6,    1.852773E-5
1.599125E+7,    2.116337E-5,    2.118945E-5
1.599750E+7,    -5.367212E-6,    -1.584925E-5
1.600375E+7,    2.478436E-5,    -9.895116E-5
1.601000E+7,    -1.168028E-4,    9.009987E-5
1.601625E+7,    8.183531E-6,    1.832936E-5
1.602250E+7,    1.062267E-5,    5.181320E-5
1.602875E+7,    6.815419E-5,    -2.171844E-6
1.603500E+7,    3.504381E-5,    5.039200E-5
1.604125E+7,    -1.088753E-4,    5.186349E-5
1.604750E+7,    3.393739E-6,    -4.864670E-5
1.605375E+7,    -3.433786E-5,    2.161972E-5
1.606000E+7,    5.912036E-6,    6.958097E-5
1.606625E+7,    -4.085898E-5,    -6.350502E-5
1.607250E+7,    -7.460266E-5,    -2.651662E-5
1.607875E+7,    5.542487E-5,    8.212030E-5
1.608500E+7,    -1.166714E-5,    2.043322E-6
1.609125E+7,    3.552437E-5,    -1.037680E-4
1.609750E+7,    -1.179054E-6,    -3.090128E-5
1.610375E+7,    -5.858019E-7,    -1.544412E-5
1.611000E+7,    5.131029E-5,    -2.598390E-5
1.611625E+7,    3.383122E-5,    -3.698282E-5
1.612250E+7,    -4.254282E-5,    -2.511218E-5
1.612875E+7,    1.840964E-4,    -6.611645E-5
1.613500E+7,    -2.346560E-5,    1.171157E-4
1.614125E+7,    -2.440438E-5,    -5.511567E-5
1.614750E+7,    3.380515E-5,    -8.698553E-6
1.615375E+7,    8.922443E-5,    -6.773695E-5
1.616000E+7,    8.394197E-5,    -8.963048E-6
1.616625E+7,    8.468330E-5,    -4.999340E-5
1.617250E+7,    6.680936E-5,    8.030981E-5
1.617875E+7,    -1.395121E-4,    3.957748E-5
1.618500E+7,    -6.361678E-5,    1.232699E-5
1.619125E+7,    5.145557E-6,    2.597179E-5
1.619750E+7,    -4.791468E-5,    3.368035E-5
1.620375E+7,    5.666912E-5,    -2.808869E-5
1.621000E+7,    3.700331E-5,    -7.279962E-5
1.621625E+7,    4.267693E-5,    -3.134832E-5
1.622250E+7,    -2.576876E-5,    2.701953E-5
1.622875E+7,    3.043562E-6,    1.209863E-4
1.623500E+7,    -6.957725E-5,    5.576387E-5
1.624125E+7,    -2.721697E-5,    -4.764646E-5
1.624750E+7,    -1.977012E-5,    -1.642294E-5
1.625375E+7,    -3.077090E-6,    3.587268E-5
1.626000E+7,    9.201467E-7,    5.920418E-5
1.626625E+7,    4.488975E-6,    3.881007E-5
1.627250E+7,    -2.663583E-6,    7.959083E-5
1.627875E+7,    -9.633601E-5,    2.345815E-5
1.628500E+7,    4.304200E-5,    -8.788332E-5
1.629125E+7,    -9.804219E-5,    5.349517E-6
1.629750E+7,    -4.427135E-5,    -1.510233E-5
1.630375E+7,    -3.978983E-5,    2.370030E-5
1.631000E+7,    4.397333E-5,    7.173419E-5
1.631625E+7,    3.352389E-5,    4.800782E-5
1.632250E+7,    4.685484E-5,    -3.618933E-5
1.632875E+7,    -7.245690E-6,    -5.949289E-5
1.633500E+7,    -1.013540E-4,    6.927177E-5
1.634125E+7,    4.787743E-5,    -5.297363E-6
1.634750E+7,    1.350790E-5,    8.807331E-5
1.635375E+7,    -7.886440E-6,    5.357713E-5
1.636000E+7,    -2.977345E-5,    3.606081E-6
1.636625E+7,    1.532212E-5,    -2.235547E-5
1.637250E+7,    4.281104E-5,    -3.122725E-5
1.637875E+7,    -8.238479E-6,    9.854324E-6
1.638500E+7,    8.192658E-5,    -4.205853E-5
1.639125E+7,    1.563877E-4,    1.327693E-5
1.639750E+7,    -5.252101E-5,    -5.353242E-6
1.640375E+7,    1.008436E-5,    -2.007186E-5
1.641000E+7,    -1.466554E-5,    9.512063E-6
1.641625E+7,    7.456169E-5,    2.713501E-5
1.642250E+7,    -1.652166E-5,    -5.238503E-5
1.642875E+7,    -1.062751E-4,    8.698180E-5
1.643500E+7,    2.743676E-6,    -5.133450E-5
1.644125E+7,    3.023073E-5,    -6.023422E-5
1.644750E+7,    5.692616E-5,    -2.780929E-5
1.645375E+7,    -9.722263E-5,    -3.606081E-5
1.646000E+7,    -1.717359E-5,    -3.955141E-5
1.646625E+7,    1.606345E-5,    -3.521889E-5
1.647250E+7,    -2.542511E-5,    -2.973154E-5
1.647875E+7,    1.926348E-5,    1.033768E-6
1.648500E+7,    -1.178011E-4,    -1.159310E-5
1.649125E+7,    -2.208166E-5,    5.029142E-5
1.649750E+7,    -7.055700E-6,    -5.964562E-5
1.650375E+7,    -1.468649E-5,    9.517185E-6
1.651000E+7,    9.678304E-6,    -3.553741E-5
1.651625E+7,    -7.071719E-5,    -3.922731E-6
1.652250E+7,    -1.412816E-6,    2.568122E-5
1.652875E+7,    1.097843E-4,    2.157688E-5
1.653500E+7,    4.126132E-5,    2.286956E-5
1.654125E+7,    -1.987442E-5,    -6.041676E-5
1.654750E+7,    6.582588E-6,    4.422478E-5
1.655375E+7,    1.756847E-5,    -6.094202E-5
1.656000E+7,    2.237409E-5,    -1.225024E-4
1.656625E+7,    -1.251251E-4,    6.854534E-7
1.657250E+7,    -4.932284E-5,    7.466227E-5
1.657875E+7,    1.844112E-5,    -2.993084E-5
1.658500E+7,    3.308058E-5,    7.672235E-5
1.659125E+7,    6.532297E-6,    4.425645E-5
1.659750E+7,    2.019480E-5,    7.599592E-5
1.660375E+7,    -1.050532E-4,    3.271922E-5
1.661000E+7,    -3.166310E-5,    5.750358E-5
1.661625E+7,    -1.135208E-4,    -1.322478E-6
1.662250E+7,    7.838011E-6,    -6.923079E-5
1.662875E+7,    -1.735613E-5,    3.256835E-5
1.663500E+7,    1.844764E-5,    -7.382035E-5
1.664125E+7,    -3.298745E-5,    -3.289804E-5
1.664750E+7,    1.435354E-4,    -1.776665E-4
1.665375E+7,    3.105961E-5,    -7.860363E-7
1.666000E+7,    -6.284565E-5,    1.441687E-5
1.666625E+7,    8.636340E-5,    2.565607E-5
1.667250E+7,    3.520772E-5,    -5.681068E-6
1.667875E+7,    1.014359E-4,    -1.218542E-5
1.668500E+7,    -3.067963E-5,    6.021000E-5
1.669125E+7,    -9.232014E-5,    -9.839982E-5
1.669750E+7,    -3.335625E-5,    3.937259E-5
1.670375E+7,    5.500391E-5,    -1.208521E-4
1.671000E+7,    1.314729E-4,    -1.471937E-4
1.671625E+7,    3.748760E-5,    4.360080E-5
1.672250E+7,    -7.306412E-5,    -9.555370E-6
1.672875E+7,    1.088008E-4,    1.941621E-5
1.673500E+7,    -4.807115E-5,    -8.298457E-5
1.674125E+7,    1.740456E-5,    1.137797E-5
1.674750E+7,    -3.702566E-5,    -7.209182E-5
1.675375E+7,    -2.653152E-5,    -3.265217E-5
1.676000E+7,    -1.402199E-5,    -3.434718E-6
1.676625E+7,    -4.743226E-5,    -8.020550E-6
1.677250E+7,    6.086193E-6,    -1.516007E-5
1.677875E+7,    -4.658476E-5,    -2.089888E-5
1.678500E+7,    2.319086E-5,    -1.930632E-5
1.679125E+7,    -7.744879E-5,    3.922731E-5
1.679750E+7,    4.862063E-5,    -3.326684E-5
1.680375E+7,    2.759881E-5,    3.533252E-5
1.681000E+7,    1.571141E-6,    -2.577435E-5
1.681625E+7,    2.580974E-5,    1.572073E-6
1.682250E+7,    1.815437E-10,    -4.509388E-10
1.682875E+7,    2.129842E-5,    -9.042211E-6
1.683500E+7,    2.703443E-5,    -3.975816E-5
1.684125E+7,    -1.598150E-6,    2.578925E-5
1.684750E+7,    -4.119426E-5,    8.035079E-5
1.685375E+7,    -9.845197E-5,    1.979247E-5
1.686000E+7,    3.485382E-5,    2.290867E-5
1.686625E+7,    5.871058E-5,    3.474206E-5
1.687250E+7,    -4.526228E-6,    9.300560E-5
1.687875E+7,    -2.873316E-5,    -3.806129E-5
1.688500E+7,    -2.419762E-5,    -2.742745E-5
1.689125E+7,    4.594401E-5,    -1.007132E-5
1.689750E+7,    1.585111E-5,    -6.641448E-5
1.690375E+7,    -1.184419E-4,    -1.163036E-4
1.691000E+7,    -9.219162E-6,    2.275314E-5
1.691625E+7,    8.150190E-5,    -5.959347E-5
1.692250E+7,    -9.128451E-5,    -5.242974E-5
1.692875E+7,    7.267576E-6,    -1.251278E-5
1.693500E+7,    -5.920790E-5,    5.329773E-5
1.694125E+7,    -6.791577E-5,    -1.207739E-5
1.694750E+7,    1.178756E-4,    -7.816032E-5
1.695375E+7,    1.127715E-6,    2.666959E-6
1.696000E+7,    -4.782528E-5,    -8.343160E-5
1.696625E+7,    3.082678E-6,    -7.581431E-6
1.697250E+7,    -2.808869E-5,    -6.671250E-5
1.697875E+7,    7.899851E-5,    8.300692E-5
1.698500E+7,    -4.609115E-5,    9.929761E-6
1.699125E+7,    1.149401E-4,    -1.301169E-4
1.699750E+7,    -4.130974E-5,    -2.347678E-5
1.700375E+7,    -4.071929E-5,    7.744879E-6
1.701000E+7,    2.103671E-5,    -8.431450E-5
1.701625E+7,    -4.610047E-5,    -4.975870E-5
1.702250E+7,    7.928535E-5,    3.891438E-5
1.702875E+7,    -1.135245E-4,    -3.083050E-5
1.703500E+7,    8.771941E-5,    -9.036437E-5
1.704125E+7,    -6.602705E-5,    -2.260506E-5
1.704750E+7,    -7.227063E-6,    -1.069829E-4
1.705375E+7,    1.619384E-5,    6.864592E-5
1.706000E+7,    -2.500601E-6,    -2.096500E-5
1.706625E+7,    -4.133582E-5,    -2.350658E-5
1.707250E+7,    2.898090E-5,    -5.873851E-6
1.707875E+7,    4.222151E-6,    -4.913425E-6
1.708500E+7,    -1.193210E-4,    1.546741E-5
1.709125E+7,    -4.715472E-5,    -5.253777E-5
1.709750E+7,    -7.729977E-5,    8.575618E-5
1.710375E+7,    -6.550923E-6,    5.933642E-5
1.711000E+7,    2.789404E-5,    -8.522533E-6
1.711625E+7,    -1.182640E-5,    1.806766E-6
1.712250E+7,    -1.729652E-5,    -7.143617E-5
1.712875E+7,    -7.710233E-5,    -3.384426E-5
1.713500E+7,    1.242384E-6,    -5.711801E-5
1.714125E+7,    -4.114583E-5,    5.179271E-5
1.714750E+7,    6.671622E-5,    -5.867332E-6
1.715375E+7,    -1.407135E-5,    -3.554858E-6
1.716000E+7,    2.991501E-5,    -1.881178E-5
1.716625E+7,    2.990477E-5,    -1.876894E-5
1.717250E+7,    -1.372769E-6,    -1.829490E-5
1.717875E+7,    7.409602E-6,    6.297231E-5
1.718500E+7,    -2.923608E-5,    -8.535013E-5
1.719125E+7,    -3.103167E-6,    -6.786361E-5
1.719750E+7,    -3.107451E-5,    1.607090E-5
1.720375E+7,    -5.030259E-5,    3.037974E-5
1.721000E+7,    1.162067E-4,    -2.322346E-5
1.721625E+7,    -2.680998E-5,    1.117866E-5
1.722250E+7,    -6.480888E-5,    7.103756E-5
1.722875E+7,    1.595095E-4,    -1.009554E-4
1.723500E+7,    3.044680E-5,    -6.298348E-5
1.724125E+7,    5.189702E-5,    -7.193536E-5
1.724750E+7,    4.175305E-5,    2.216548E-4
1.725375E+7,    -3.069267E-5,    4.734658E-5
1.726000E+7,    -3.730878E-6,    -3.935955E-5
1.726625E+7,    2.543628E-5,    4.610419E-5
1.727250E+7,    -2.411194E-5,    -2.775528E-5
1.727875E+7,    -1.243316E-5,    -4.520640E-5
1.728500E+7,    -2.371520E-5,    3.530644E-6
1.729125E+7,    -3.028661E-6,    -6.800517E-5
1.729750E+7,    -1.274496E-4,    -3.784895E-6
1.730375E+7,    -4.004687E-5,    -5.468726E-6
1.731000E+7,    5.391426E-5,    -6.636605E-6
1.731625E+7,    -6.933138E-5,    7.592514E-5
1.732250E+7,    -1.574121E-5,    3.801659E-5
1.732875E+7,    -3.225543E-5,    1.333468E-5
1.733500E+7,    -1.426786E-5,    -1.927838E-5
1.734125E+7,    -9.752437E-5,    -2.257898E-5
1.734750E+7,    1.779199E-5,    4.300289E-5
1.735375E+7,    6.003678E-5,    5.388260E-5
1.736000E+7,    3.323331E-5,    -2.628751E-5
1.736625E+7,    -1.075119E-5,    9.581447E-5
1.737250E+7,    1.036450E-4,    -8.136034E-6
1.737875E+7,    9.293109E-5,    -3.777444E-6
1.738500E+7,    -1.538359E-5,    -2.198853E-5
1.739125E+7,    1.555160E-4,    -2.008677E-5
1.739750E+7,    -1.177043E-4,    2.011284E-5
1.740375E+7,    2.535433E-5,    4.620105E-5
1.741000E+7,    -3.391877E-5,    -3.641099E-5
1.741625E+7,    -1.015700E-4,    1.343340E-5
1.742250E+7,    2.957880E-6,    -1.303703E-4
1.742875E+7,    -5.181320E-5,    1.188926E-5
1.743500E+7,    -1.026504E-4,    1.082569E-5
1.744125E+7,    4.161894E-5,    5.536154E-5
1.744750E+7,    5.357340E-5,    -5.356409E-5
1.745375E+7,    7.785857E-5,    -9.920448E-6
1.746000E+7,    -3.373809E-5,    -2.080202E-5
1.746625E+7,    1.197755E-4,    -4.602596E-5
1.747250E+7,    -4.366785E-5,    -4.507229E-5
1.747875E+7,    -2.407283E-5,    -2.792850E-5
1.748500E+7,    -4.357100E-5,    -2.937764E-5
1.749125E+7,    -3.597140E-5,    -1.491755E-4
1.749750E+7,    8.859858E-5,    -2.999604E-5
1.750375E+7,    -2.697855E-5,    1.108553E-5
1.751000E+7,    4.940480E-5,    -4.862249E-5
1.751625E+7,    1.428947E-4,    -2.069771E-5
1.752250E+7,    -6.503239E-5,    -4.883856E-6
1.752875E+7,    8.760393E-5,    -1.699477E-5
1.753500E+7,    -4.642271E-5,    2.528913E-5
1.754125E+7,    -2.193823E-5,    -3.831275E-5
1.754750E+7,    1.361407E-5,    -5.922467E-5
1.755375E+7,    -4.973635E-5,    1.719408E-5
1.756000E+7,    -3.462844E-5,    7.849187E-6
1.756625E+7,    1.497343E-4,    4.272908E-5
1.757250E+7,    8.595642E-6,    -9.817537E-6
1.757875E+7,    -1.206994E-6,    -1.840666E-5
1.758500E+7,    -1.019426E-4,    -2.596527E-6
1.759125E+7,    -2.836064E-5,    -2.309494E-5
1.759750E+7,    -1.069643E-4,    4.688278E-5
1.760375E+7,    -4.534610E-6,    -2.652314E-5
1.761000E+7,    -1.081824E-4,    4.404783E-5
1.761625E+7,    2.805144E-6,    -7.050112E-5
1.762250E+7,    -7.946789E-5,    -5.587190E-5
1.762875E+7,    -4.987232E-5,    1.402572E-6
1.763500E+7,    -7.505715E-5,    -4.514679E-5
1.764125E+7,    -2.028048E-5,    5.869567E-5
1.764750E+7,    7.163361E-5,    5.554408E-6
1.765375E+7,    -1.358315E-4,    -2.366304E-5
1.766000E+7,    9.901822E-6,    2.436154E-5
1.766625E+7,    -1.376718E-4,    3.385544E-5
1.767250E+7,    -4.483387E-5,    -6.377697E-5
1.767875E+7,    9.170175E-5,    1.173764E-4
1.768500E+7,    1.393445E-5,    -4.349463E-5
1.769125E+7,    5.352311E-6,    -1.794007E-5
1.769750E+7,    1.015514E-5,    -1.303181E-4
1.770375E+7,    4.394725E-5,    -1.093708E-4
1.771000E+7,    2.477691E-5,    -4.787743E-5
1.771625E+7,    -5.110726E-5,    -1.712516E-5
1.772250E+7,    -3.161095E-5,    -3.137998E-5
1.772875E+7,    -5.558133E-6,    -2.928264E-5
1.773500E+7,    -1.490116E-7,    -3.151223E-5
1.774125E+7,    -4.122779E-5,    7.266179E-6
1.774750E+7,    9.816140E-6,    8.640811E-6
1.775375E+7,    8.126721E-5,    -6.448105E-5
1.776000E+7,    -2.940372E-5,    -2.595969E-5
1.776625E+7,    4.768185E-5,    -3.823079E-5
1.777250E+7,    -1.433343E-4,    1.992285E-5
1.777875E+7,    3.041700E-5,    -2.818182E-6
1.778500E+7,    -1.848117E-5,    1.152046E-6
1.779125E+7,    1.617707E-5,    -3.808178E-5
1.779750E+7,    -6.196648E-5,    2.928078E-6
1.780375E+7,    -1.795292E-4,    -6.957352E-5
1.781000E+7,    -3.825501E-5,    -6.344542E-5
1.781625E+7,    5.263835E-6,    -6.523356E-5
1.782250E+7,    -3.718585E-5,    -7.652119E-5
1.782875E+7,    -1.749396E-5,    -4.339591E-5
1.783500E+7,    1.762435E-5,    7.491931E-5
1.784125E+7,    7.791445E-6,    5.055778E-5
1.784750E+7,    -3.916584E-5,    -3.144145E-6
1.785375E+7,    4.558451E-5,    -4.363619E-5
1.786000E+7,    -5.447119E-5,    -4.124269E-5
1.786625E+7,    1.177192E-6,    5.004928E-5
1.787250E+7,    -5.217642E-5,    2.728589E-5
1.787875E+7,    -7.271767E-5,    8.609518E-5
1.788500E+7,    -2.272427E-5,    8.491054E-5
1.789125E+7,    9.872019E-6,    4.021265E-5
1.789750E+7,    5.773082E-5,    2.061948E-6
1.790375E+7,    3.374182E-5,    -1.036935E-5
1.791000E+7,    -3.271550E-5,    -3.424659E-5
1.791625E+7,    -1.414260E-5,    1.198705E-5
1.792250E+7,    1.191720E-5,    -4.901178E-5
1.792875E+7,    4.564971E-5,    -9.087101E-5
1.793500E+7,    3.810786E-5,    1.630373E-5
1.794125E+7,    2.507865E-5,    1.522526E-5
1.794750E+7,    -3.594533E-5,    -1.088530E-5
1.795375E+7,    1.307391E-5,    1.084059E-6
1.796000E+7,    -3.263354E-6,    7.082149E-5
1.796625E+7,    -7.299334E-5,    -4.032254E-5
1.797250E+7,    1.526158E-5,    6.538816E-6
1.797875E+7,    4.138239E-5,    8.707866E-6
1.798500E+7,    5.438924E-6,    2.940744E-5
1.799125E+7,    -6.973743E-5,    -5.178154E-7
1.799750E+7,    1.201220E-5,    -3.323704E-5
1.800375E+7,    1.080185E-4,    -4.619732E-5
1.801000E+7,    -9.267777E-5,    2.117828E-5
1.801625E+7,    -1.371056E-4,    -1.536757E-4
1.802250E+7,    3.222376E-6,    3.977306E-5
1.802875E+7,    -4.478544E-5,    6.207079E-5
1.803500E+7,    -2.943538E-5,    5.403534E-6
1.804125E+7,    -1.846254E-5,    -7.794797E-5
1.804750E+7,    2.836157E-5,    -2.392288E-5
1.805375E+7,    -1.055449E-4,    -1.537949E-4
1.806000E+7,    -4.675239E-5,    -1.014918E-4
1.806625E+7,    -2.598017E-5,    -9.706616E-5
1.807250E+7,    7.643178E-5,    -9.353831E-5
1.807875E+7,    -3.483146E-5,    -2.408773E-5
1.808500E+7,    -6.304681E-5,    -7.916987E-5
1.809125E+7,    -5.561486E-5,    -2.847612E-5
1.809750E+7,    -2.390519E-5,    -2.838485E-5
1.810375E+7,    -3.810227E-5,    -1.643784E-5
1.811000E+7,    -5.672313E-5,    1.623482E-5
1.811625E+7,    -1.654401E-5,    6.976724E-5
1.812250E+7,    -3.121793E-6,    -5.567260E-5
1.812875E+7,    -1.748502E-4,    1.167133E-4
1.813500E+7,    1.656450E-5,    -5.393662E-5
1.814125E+7,    -2.586544E-4,    -4.610419E-5
1.814750E+7,    -1.039989E-4,    7.279962E-5
1.815375E+7,    -1.331121E-4,    -1.065433E-6
1.816000E+7,    -1.959875E-5,    -1.751073E-5
1.816625E+7,    1.394376E-5,    6.717816E-5
1.817250E+7,    1.551360E-4,    -3.922731E-5
1.817875E+7,    -3.486872E-5,    -8.299947E-6
1.818500E+7,    5.568191E-5,    -3.470853E-5
1.819125E+7,    1.856405E-5,    -1.005828E-6
1.819750E+7,    1.058355E-5,    7.485598E-5
1.820375E+7,    4.711002E-5,    -4.070066E-5
1.821000E+7,    -7.843226E-5,    -3.851950E-5
1.821625E+7,    -3.741309E-5,    6.530806E-5
1.822250E+7,    3.482215E-5,    2.416782E-5
1.822875E+7,    -4.365481E-5,    -1.441501E-5
1.823500E+7,    -3.684312E-6,    -1.218207E-4
1.824125E+7,    -4.923157E-5,    1.944974E-5
1.824750E+7,    4.792586E-5,    2.534688E-5
1.825375E+7,    -2.546981E-5,    6.378442E-5
1.826000E+7,    -7.531606E-6,    -1.916755E-5
1.826625E+7,    1.551770E-5,    -4.089810E-5
1.827250E+7,    1.319265E-5,    -1.466647E-5
1.827875E+7,    -1.651701E-5,    2.228934E-5
1.828500E+7,    -3.463402E-5,    -5.598366E-5
1.829125E+7,    1.554750E-5,    -4.090741E-5
1.829750E+7,    1.348555E-5,    -6.220117E-5
1.830375E+7,    -2.721138E-5,    -2.092682E-5
1.831000E+7,    -4.510954E-5,    4.612841E-5
1.831625E+7,    -6.968901E-5,    -3.274530E-5
1.832250E+7,    -5.435571E-5,    -4.193932E-5
1.832875E+7,    -1.046807E-4,    -4.119426E-5
1.833500E+7,    -6.459653E-6,    -1.645088E-5
1.834125E+7,    -3.276579E-5,    -2.954155E-6
1.834750E+7,    -2.235919E-5,    7.198378E-5
1.835375E+7,    -2.753176E-5,    2.660695E-5
1.836000E+7,    2.352148E-5,    7.616356E-5
1.836625E+7,    -1.227111E-5,    3.328361E-5
1.837250E+7,    -8.203089E-6,    -6.953254E-5
1.837875E+7,    6.381050E-5,    -4.711375E-5
1.838500E+7,    -4.057586E-5,    9.562820E-6
1.839125E+7,    -1.385286E-4,    -4.699826E-5
1.839750E+7,    -3.817491E-5,    -1.669303E-5
1.840375E+7,    -5.033985E-5,    7.115304E-7
1.841000E+7,    -5.348772E-5,    -2.342090E-5
1.841625E+7,    -1.094081E-4,    -4.727393E-6
1.842250E+7,    -9.912066E-6,    7.035211E-6
1.842875E+7,    3.619120E-5,    -4.628673E-6
1.843500E+7,    2.758112E-5,    -2.660509E-5
1.844125E+7,    -2.839789E-5,    -7.903203E-6
1.844750E+7,    6.804243E-5,    -2.025813E-5
1.845375E+7,    -1.699850E-5,    6.995723E-5
1.846000E+7,    -1.754519E-5,    3.676862E-6
1.846625E+7,    -6.267428E-5,    3.399327E-5
1.847250E+7,    6.560236E-6,    6.067567E-7
1.847875E+7,    -4.227087E-5,    7.024407E-5
1.848500E+7,    5.324185E-5,    -7.453561E-5
1.849125E+7,    -1.273751E-4,    -1.972765E-4
1.849750E+7,    3.914908E-5,    -7.845461E-5
1.850375E+7,    1.550466E-4,    1.549423E-4
1.851000E+7,    -9.987503E-5,    1.988932E-5
1.851625E+7,    -1.620874E-4,    6.027520E-6
1.852250E+7,    -6.570667E-5,    -1.042560E-4
1.852875E+7,    -2.993830E-5,    3.691204E-5
1.853500E+7,    2.610683E-5,    1.323298E-4
1.854125E+7,    2.707541E-5,    -7.696077E-5
1.854750E+7,    -8.574501E-5,    1.217760E-4
1.855375E+7,    4.136562E-5,    -7.303059E-5
1.856000E+7,    -7.636845E-6,    -3.369991E-6