SAVED BY: 
TITLE: 
COMMENTS: 
DATE: 10/27/2020
TIME: 3:27 PM

STIMULUS, RESPONSE

8.560000E+6,  1.497343E-4
8.566250E+6,  1.773760E-4
8.572500E+6,  1.828372E-4
8.578750E+6,  1.665875E-4
8.585000E+6,  1.797229E-4
8.591250E+6,  1.692697E-4
8.597500E+6,  1.731440E-4
8.603750E+6,  1.785532E-4
8.610000E+6,  1.679286E-4
8.616250E+6,  1.541004E-4
8.622500E+6,  1.799688E-4
8.628750E+6,  1.555085E-4
8.635000E+6,  1.704320E-4
8.641250E+6,  1.628846E-4
8.647500E+6,  1.352653E-4
8.653750E+6,  1.488551E-4
8.660000E+6,  1.816377E-4
8.666250E+6,  1.666099E-4
8.672500E+6,  1.679733E-4
8.678750E+6,  1.723319E-4
8.685000E+6,  1.796186E-4
8.691250E+6,  1.679212E-4
8.697500E+6,  1.656935E-4
8.703750E+6,  1.927987E-4
8.710000E+6,  1.602173E-4
8.716250E+6,  1.823008E-4
8.722500E+6,  1.914874E-4
8.728750E+6,  1.630932E-4
8.735000E+6,  1.641735E-4
8.741250E+6,  1.601130E-4
8.747500E+6,  1.723692E-4
8.753750E+6,  1.818165E-4
8.760000E+6,  1.629815E-4
8.766250E+6,  1.958683E-4
8.772500E+6,  1.758710E-4
8.778750E+6,  1.694039E-4
8.785000E+6,  1.974404E-4
8.791250E+6,  2.103746E-4
8.797500E+6,  1.835302E-4
8.803750E+6,  1.862943E-4
8.810000E+6,  1.693889E-4
8.816250E+6,  1.836121E-4
8.822500E+6,  1.775622E-4
8.828750E+6,  1.837313E-4
8.835000E+6,  1.929849E-4
8.841250E+6,  1.896843E-4
8.847500E+6,  2.109483E-4
8.853750E+6,  1.915693E-4
8.860000E+6,  1.713112E-4
8.866250E+6,  1.801923E-4
8.872500E+6,  1.849979E-4
8.878750E+6,  1.630262E-4
8.885000E+6,  1.810342E-4
8.891250E+6,  1.818985E-4
8.897500E+6,  1.880974E-4
8.903750E+6,  2.031177E-4
8.910000E+6,  1.888797E-4
8.916250E+6,  1.901835E-4
8.922500E+6,  1.929477E-4
8.928750E+6,  1.929551E-4
8.935000E+6,  2.010614E-4
8.941250E+6,  2.025291E-4
8.947500E+6,  1.903176E-4
8.953750E+6,  1.866668E-4
8.960000E+6,  1.819283E-4
8.966250E+6,  1.960769E-4
8.972500E+6,  1.837835E-4
8.978750E+6,  1.954362E-4
8.985000E+6,  1.916289E-4
8.991250E+6,  1.903325E-4
8.997500E+6,  2.025366E-4
9.003750E+6,  1.898333E-4
9.010000E+6,  1.803339E-4
9.016250E+6,  2.220944E-4
9.022500E+6,  2.059639E-4
9.028750E+6,  1.996234E-4
9.035000E+6,  1.931041E-4
9.041250E+6,  2.243444E-4
9.047500E+6,  2.008304E-4
9.053750E+6,  2.064183E-4
9.060000E+6,  1.918823E-4
9.066250E+6,  2.056658E-4
9.072500E+6,  1.883060E-4
9.078750E+6,  1.947954E-4
9.085000E+6,  2.179146E-4
9.091250E+6,  1.979992E-4
9.097500E+6,  1.931712E-4
9.103750E+6,  2.040789E-4
9.110000E+6,  1.995340E-4
9.116250E+6,  1.969859E-4
9.122500E+6,  1.901612E-4
9.128750E+6,  1.932457E-4
9.135000E+6,  2.154335E-4
9.141250E+6,  2.217293E-4
9.147500E+6,  1.908913E-4
9.153750E+6,  2.008826E-4
9.160000E+6,  2.171397E-4
9.166250E+6,  2.181381E-4
9.172500E+6,  1.933873E-4
9.178750E+6,  1.963973E-4
9.185000E+6,  1.885369E-4
9.191250E+6,  2.013072E-4
9.197500E+6,  1.813993E-4
9.203750E+6,  1.831576E-4
9.210000E+6,  2.051666E-4
9.216250E+6,  2.030879E-4
9.222500E+6,  1.790673E-4
9.228750E+6,  2.137274E-4
9.235000E+6,  2.032742E-4
9.241250E+6,  2.207085E-4
9.247500E+6,  2.111271E-4
9.253750E+6,  2.042949E-4
9.260000E+6,  2.000928E-4
9.266250E+6,  2.232864E-4
9.272500E+6,  2.251565E-4
9.278750E+6,  2.032146E-4
9.285000E+6,  2.157465E-4
9.291250E+6,  2.219677E-4
9.297500E+6,  2.172589E-4
9.303750E+6,  2.489388E-4
9.310000E+6,  2.129376E-4
9.316250E+6,  2.112389E-4
9.322500E+6,  2.129674E-4
9.328750E+6,  2.150387E-4
9.335000E+6,  2.157763E-4
9.341250E+6,  2.206713E-4
9.347500E+6,  2.067313E-4
9.353750E+6,  2.271309E-4
9.360000E+6,  1.922101E-4
9.366250E+6,  2.017617E-4
9.372500E+6,  2.551228E-4
9.378750E+6,  2.423152E-4
9.385000E+6,  2.114698E-4
9.391250E+6,  2.207160E-4
9.397500E+6,  2.220646E-4
9.403750E+6,  2.033561E-4
9.410000E+6,  2.204627E-4
9.416250E+6,  2.228171E-4
9.422500E+6,  2.205893E-4
9.428750E+6,  2.115071E-4
9.435000E+6,  2.209842E-4
9.441250E+6,  2.271533E-4
9.447500E+6,  2.306104E-4
9.453750E+6,  2.269596E-4
9.460000E+6,  2.175048E-4
9.466250E+6,  2.366826E-4
9.472500E+6,  2.405271E-4
9.478750E+6,  2.344996E-4
9.485000E+6,  2.385005E-4
9.491250E+6,  2.284348E-4
9.497500E+6,  2.255142E-4
9.503750E+6,  2.349913E-4
9.510000E+6,  2.426431E-4
9.516250E+6,  2.527684E-4
9.522500E+6,  2.465546E-4
9.528750E+6,  2.189651E-4
9.535000E+6,  2.233833E-4
9.541250E+6,  2.544820E-4
9.547500E+6,  2.443492E-4
9.553750E+6,  2.230033E-4
9.560000E+6,  2.329126E-4
9.566250E+6,  2.276674E-4
9.572500E+6,  2.372637E-4
9.578750E+6,  2.371520E-4
9.585000E+6,  2.274290E-4
9.591250E+6,  2.524406E-4
9.597500E+6,  2.353340E-4
9.603750E+6,  2.543479E-4
9.610000E+6,  2.504289E-4
9.616250E+6,  2.449304E-4
9.622500E+6,  2.388582E-4
9.628750E+6,  2.372339E-4
9.635000E+6,  2.466291E-4
9.641250E+6,  2.625287E-4
9.647500E+6,  2.328753E-4
9.653750E+6,  2.426952E-4
9.660000E+6,  2.315715E-4
9.666250E+6,  2.683699E-4
9.672500E+6,  2.350435E-4
9.678750E+6,  2.605766E-4
9.685000E+6,  2.545118E-4
9.691250E+6,  2.530217E-4
9.697500E+6,  2.645999E-4
9.703750E+6,  2.582967E-4
9.710000E+6,  2.645403E-4
9.716250E+6,  2.507269E-4
9.722500E+6,  2.682209E-4
9.728750E+6,  2.703071E-4
9.735000E+6,  2.610236E-4
9.741250E+6,  2.637058E-4
9.747500E+6,  2.644062E-4
9.753750E+6,  2.565682E-4
9.760000E+6,  2.528131E-4
9.766250E+6,  2.587438E-4
9.772500E+6,  2.725273E-4
9.778750E+6,  2.728999E-4
9.785000E+6,  2.548844E-4
9.791250E+6,  2.876967E-4
9.797500E+6,  2.615303E-4
9.803750E+6,  2.728254E-4
9.810000E+6,  2.802908E-4
9.816250E+6,  2.517402E-4
9.822500E+6,  2.686828E-4
9.828750E+6,  2.685934E-4
9.835000E+6,  2.721697E-4
9.841250E+6,  2.984852E-4
9.847500E+6,  2.807081E-4
9.853750E+6,  2.771616E-4
9.860000E+6,  2.616644E-4
9.866250E+6,  2.807677E-4
9.872500E+6,  2.695769E-4
9.878750E+6,  2.726167E-4
9.885000E+6,  2.686381E-4
9.891250E+6,  2.708286E-4
9.897500E+6,  2.845079E-4
9.903750E+6,  2.670288E-4
9.910000E+6,  2.673715E-4
9.916250E+6,  2.841949E-4
9.922500E+6,  2.596676E-4
9.928750E+6,  2.888888E-4
9.935000E+6,  2.698302E-4
9.941250E+6,  2.909750E-4
9.947500E+6,  2.691597E-4
9.953750E+6,  2.692789E-4
9.960000E+6,  2.790838E-4
9.966250E+6,  2.775788E-4
9.972500E+6,  2.966076E-4
9.978750E+6,  2.996624E-4
9.985000E+6,  2.875626E-4
9.991250E+6,  3.174394E-4
9.997500E+6,  2.867579E-4
1.000375E+7,  3.053248E-4
1.001000E+7,  2.866685E-4
1.001625E+7,  2.935529E-4
1.002250E+7,  2.985448E-4
1.002875E+7,  3.043562E-4
1.003500E+7,  2.964437E-4
1.004125E+7,  2.957135E-4
1.004750E+7,  3.058463E-4
1.005375E+7,  2.981722E-4
1.006000E+7,  2.789795E-4
1.006625E+7,  2.989024E-4
1.007250E+7,  2.834797E-4
1.007875E+7,  3.041476E-4
1.008500E+7,  3.045648E-4
1.009125E+7,  3.168136E-4
1.009750E+7,  3.178418E-4
1.010375E+7,  3.166199E-4
1.011000E+7,  3.076941E-4
1.011625E+7,  2.977401E-4
1.012250E+7,  3.113747E-4
1.012875E+7,  3.055185E-4
1.013500E+7,  2.998859E-4
1.014125E+7,  3.131479E-4
1.014750E+7,  3.095865E-4
1.015375E+7,  2.990365E-4
1.016000E+7,  3.091544E-4
1.016625E+7,  3.212243E-4
1.017250E+7,  3.038943E-4
1.017875E+7,  3.123283E-4
1.018500E+7,  3.221929E-4
1.019125E+7,  3.245473E-4
1.019750E+7,  3.468692E-4
1.020375E+7,  3.312379E-4
1.021000E+7,  3.214329E-4
1.021625E+7,  3.334284E-4
1.022250E+7,  3.312230E-4
1.022875E+7,  3.277510E-4
1.023500E+7,  3.215671E-4
1.024125E+7,  3.239512E-4
1.024750E+7,  3.363341E-4
1.025375E+7,  3.248155E-4
1.026000E+7,  3.273338E-4
1.026625E+7,  3.266484E-4
1.027250E+7,  3.195107E-4
1.027875E+7,  3.219396E-4
1.028500E+7,  3.438443E-4
1.029125E+7,  3.466606E-4
1.029750E+7,  3.403425E-4
1.030375E+7,  3.603399E-4
1.031000E+7,  3.423840E-4
1.031625E+7,  3.464818E-4
1.032250E+7,  3.318489E-4
1.032875E+7,  3.394336E-4
1.033500E+7,  3.570765E-4
1.034125E+7,  3.349781E-4
1.034750E+7,  3.414154E-4
1.035375E+7,  3.574789E-4
1.036000E+7,  3.410727E-4
1.036625E+7,  3.673583E-4
1.037250E+7,  3.576428E-4
1.037875E+7,  3.671348E-4
1.038500E+7,  3.464371E-4
1.039125E+7,  3.617853E-4
1.039750E+7,  3.477186E-4
1.040375E+7,  3.643036E-4
1.041000E+7,  3.444552E-4
1.041625E+7,  3.618598E-4
1.042250E+7,  3.517419E-4
1.042875E+7,  3.569573E-4
1.043500E+7,  3.720820E-4
1.044125E+7,  3.646016E-4
1.044750E+7,  3.908724E-4
1.045375E+7,  3.570765E-4
1.046000E+7,  3.642291E-4
1.046625E+7,  3.821403E-4
1.047250E+7,  3.769994E-4
1.047875E+7,  3.426373E-4
1.048500E+7,  3.799200E-4
1.049125E+7,  3.799051E-4
1.049750E+7,  3.619045E-4
1.050375E+7,  3.848821E-4
1.051000E+7,  3.644228E-4
1.051625E+7,  3.956854E-4
1.052250E+7,  3.771037E-4
1.052875E+7,  3.780127E-4
1.053500E+7,  3.907382E-4
1.054125E+7,  3.898889E-4
1.054750E+7,  4.026592E-4
1.055375E+7,  3.774017E-4
1.056000E+7,  3.949702E-4
1.056625E+7,  3.966987E-4
1.057250E+7,  3.873706E-4
1.057875E+7,  4.094243E-4
1.058500E+7,  4.198551E-4
1.059125E+7,  4.202276E-4
1.059750E+7,  3.900081E-4
1.060375E+7,  4.022866E-4
1.061000E+7,  4.250556E-4
1.061625E+7,  4.001260E-4
1.062250E+7,  3.997535E-4
1.062875E+7,  4.049689E-4
1.063500E+7,  3.867894E-4
1.064125E+7,  4.051179E-4
1.064750E+7,  4.054457E-4
1.065375E+7,  4.152209E-4
1.066000E+7,  4.054457E-4
1.066625E+7,  4.301369E-4
1.067250E+7,  4.178584E-4
1.067875E+7,  4.153550E-4
1.068500E+7,  4.256666E-4
1.069125E+7,  4.236549E-4
1.069750E+7,  4.356503E-4
1.070375E+7,  4.356354E-4
1.071000E+7,  4.262030E-4
1.071625E+7,  4.455596E-4
1.072250E+7,  4.481375E-4
1.072875E+7,  4.656017E-4
1.073500E+7,  4.456490E-4
1.074125E+7,  4.434586E-4
1.074750E+7,  4.379451E-4
1.075375E+7,  4.486889E-4
1.076000E+7,  4.361272E-4
1.076625E+7,  4.459620E-4
1.077250E+7,  4.446954E-4
1.077875E+7,  4.613101E-4
1.078500E+7,  4.536510E-4
1.079125E+7,  4.559308E-4
1.079750E+7,  4.559904E-4
1.080375E+7,  4.632771E-4
1.081000E+7,  4.559159E-4
1.081625E+7,  4.616976E-4
1.082250E+7,  4.440993E-4
1.082875E+7,  4.709512E-4
1.083500E+7,  4.772097E-4
1.084125E+7,  4.901290E-4
1.084750E+7,  4.869550E-4
1.085375E+7,  4.710257E-4
1.086000E+7,  4.693270E-4
1.086625E+7,  4.826337E-4
1.087250E+7,  4.793406E-4
1.087875E+7,  5.019307E-4
1.088500E+7,  4.720688E-4
1.089125E+7,  4.792958E-4
1.089750E+7,  4.852712E-4
1.090375E+7,  4.941523E-4
1.091000E+7,  4.970729E-4
1.091625E+7,  4.864037E-4
1.092250E+7,  4.808605E-4
1.092875E+7,  4.912019E-4
1.093500E+7,  5.055070E-4
1.094125E+7,  4.922748E-4
1.094750E+7,  5.052686E-4
1.095375E+7,  5.134642E-4
1.096000E+7,  5.279183E-4
1.096625E+7,  5.059242E-4
1.097250E+7,  5.084872E-4
1.097875E+7,  5.186200E-4
1.098500E+7,  4.982352E-4
1.099125E+7,  5.171895E-4
1.099750E+7,  5.214512E-4
1.100375E+7,  5.375445E-4
1.101000E+7,  5.273819E-4
1.101625E+7,  5.397797E-4
1.102250E+7,  5.434752E-4
1.102875E+7,  5.307794E-4
1.103500E+7,  5.299449E-4
1.104125E+7,  5.446076E-4
1.104750E+7,  5.355179E-4
1.105375E+7,  5.525649E-4
1.106000E+7,  5.503297E-4
1.106625E+7,  5.426109E-4
1.107250E+7,  5.572736E-4
1.107875E+7,  5.542338E-4
1.108500E+7,  5.380809E-4
1.109125E+7,  5.598366E-4
1.109750E+7,  5.744100E-4
1.110375E+7,  5.797148E-4
1.111000E+7,  5.704165E-4
1.111625E+7,  5.839467E-4
1.112250E+7,  5.438626E-4
1.112875E+7,  5.821884E-4
1.113500E+7,  5.728006E-4
1.114125E+7,  5.959868E-4
1.114750E+7,  5.685091E-4
1.115375E+7,  5.836785E-4
1.116000E+7,  5.792379E-4
1.116625E+7,  5.911589E-4
1.117250E+7,  6.034374E-4
1.117875E+7,  6.012619E-4
1.118500E+7,  5.887449E-4
1.119125E+7,  6.302893E-4
1.119750E+7,  6.155372E-4
1.120375E+7,  6.177425E-4
1.121000E+7,  6.358027E-4
1.121625E+7,  6.630123E-4
1.122250E+7,  6.880164E-4
1.122875E+7,  7.528067E-4
1.123500E+7,  7.925034E-4
1.124125E+7,  7.882118E-4
1.124750E+7,  8.152425E-4
1.125375E+7,  7.908344E-4
1.126000E+7,  7.646382E-4
1.126625E+7,  7.665753E-4
1.127250E+7,  8.004010E-4
1.127875E+7,  7.795393E-4
1.128500E+7,  7.681847E-4
1.129125E+7,  7.622242E-4
1.129750E+7,  6.789267E-4
1.130375E+7,  7.464290E-4
1.131000E+7,  7.571280E-4
1.131625E+7,  7.287562E-4
1.132250E+7,  7.897913E-4
1.132875E+7,  7.809401E-4
1.133500E+7,  7.683933E-4
1.134125E+7,  7.442832E-4
1.134750E+7,  7.615089E-4
1.135375E+7,  7.589459E-4
1.136000E+7,  7.485449E-4
1.136625E+7,  7.843673E-4
1.137250E+7,  7.763207E-4
1.137875E+7,  8.216202E-4
1.138500E+7,  7.773340E-4
1.139125E+7,  7.800758E-4
1.139750E+7,  7.637143E-4
1.140375E+7,  7.693172E-4
1.141000E+7,  7.578731E-4
1.141625E+7,  7.567704E-4
1.142250E+7,  7.715821E-4
1.142875E+7,  8.307099E-4
1.143500E+7,  7.849932E-4
1.144125E+7,  7.959306E-4
1.144750E+7,  8.785725E-4
1.145375E+7,  8.673072E-4
1.146000E+7,  8.855164E-4
1.146625E+7,  9.451509E-4
1.147250E+7,  8.667111E-4
1.147875E+7,  8.746088E-4
1.148500E+7,  8.693933E-4
1.149125E+7,  9.621382E-4
1.149750E+7,  9.768009E-4
1.150375E+7,  9.823442E-4
1.151000E+7,  9.625256E-4
1.151625E+7,  9.728670E-4
1.152250E+7,  9.646714E-4
1.152875E+7,  9.478927E-4
1.153500E+7,  8.680522E-4
1.154125E+7,  9.950399E-4
1.154750E+7,  1.013279E-3
1.155375E+7,  9.668171E-4
1.156000E+7,  1.155078E-3
1.156625E+7,  1.158059E-3
1.157250E+7,  1.116276E-3
1.157875E+7,  1.139522E-3
1.158500E+7,  1.234114E-3
1.159125E+7,  1.100183E-3
1.159750E+7,  1.078665E-3
1.160375E+7,  1.172781E-3
1.161000E+7,  1.159012E-3
1.161625E+7,  1.287460E-3
1.162250E+7,  1.294851E-3
1.162875E+7,  1.559436E-3
1.163500E+7,  1.657784E-3
1.164125E+7,  1.816750E-3
1.164750E+7,  2.086997E-3
1.165375E+7,  2.004266E-3
1.166000E+7,  1.929164E-3
1.166625E+7,  2.119780E-3
1.167250E+7,  2.030253E-3
1.167875E+7,  2.027988E-3
1.168500E+7,  2.069235E-3
1.169125E+7,  2.065778E-3
1.169750E+7,  2.111673E-3
1.170375E+7,  2.128959E-3
1.171000E+7,  2.077341E-3
1.171625E+7,  2.159953E-3
1.172250E+7,  2.148867E-3
1.172875E+7,  2.155185E-3
1.173500E+7,  2.193213E-3
1.174125E+7,  2.205491E-3
1.174750E+7,  2.226472E-3
1.175375E+7,  2.248764E-3
1.176000E+7,  2.236366E-3
1.176625E+7,  2.253294E-3
1.177250E+7,  2.265573E-3
1.177875E+7,  2.327681E-3
1.178500E+7,  2.327085E-3
1.179125E+7,  2.355337E-3
1.179750E+7,  2.370954E-3
1.180375E+7,  2.296805E-3
1.181000E+7,  2.335072E-3
1.181625E+7,  2.337217E-3
1.182250E+7,  2.391696E-3
1.182875E+7,  2.489328E-3
1.183500E+7,  2.488613E-3
1.184125E+7,  2.509356E-3
1.184750E+7,  2.516866E-3
1.185375E+7,  2.532363E-3
1.186000E+7,  2.524614E-3
1.186625E+7,  2.589822E-3
1.187250E+7,  2.607703E-3
1.187875E+7,  2.602696E-3
1.188500E+7,  2.623320E-3
1.189125E+7,  2.637744E-3
1.189750E+7,  2.682567E-3
1.190375E+7,  2.721548E-3
1.191000E+7,  2.696872E-3
1.191625E+7,  2.745152E-3
1.192250E+7,  2.776623E-3
1.192875E+7,  2.748370E-3
1.193500E+7,  2.741575E-3
1.194125E+7,  2.822399E-3
1.194750E+7,  2.815127E-3
1.195375E+7,  2.860785E-3
1.196000E+7,  2.867699E-3
1.196625E+7,  2.869129E-3
1.197250E+7,  2.914786E-3
1.197875E+7,  2.965569E-3
1.198500E+7,  2.958417E-3
1.199125E+7,  2.971292E-3
1.199750E+7,  2.992630E-3
1.200375E+7,  3.007293E-3
1.201000E+7,  3.020048E-3
1.201625E+7,  3.093481E-3
1.202250E+7,  3.031254E-3
1.202875E+7,  3.111124E-3
1.203500E+7,  3.125191E-3
1.204125E+7,  3.117323E-3
1.204750E+7,  3.120303E-3
1.205375E+7,  3.191948E-3
1.206000E+7,  3.139377E-3
1.206625E+7,  3.234267E-3
1.207250E+7,  3.278375E-3
1.207875E+7,  3.250003E-3
1.208500E+7,  3.272414E-3
1.209125E+7,  3.270864E-3
1.209750E+7,  3.256440E-3
1.210375E+7,  3.299356E-3
1.211000E+7,  3.341198E-3
1.211625E+7,  3.386021E-3
1.212250E+7,  3.384948E-3
1.212875E+7,  3.429294E-3
1.213500E+7,  3.448367E-3
1.214125E+7,  3.480911E-3
1.214750E+7,  3.513217E-3
1.215375E+7,  3.576398E-3
1.216000E+7,  3.563166E-3
1.216625E+7,  3.583789E-3
1.217250E+7,  3.683329E-3
1.217875E+7,  3.689289E-3
1.218500E+7,  3.705978E-3
1.219125E+7,  3.763318E-3
1.219750E+7,  3.773808E-3
1.220375E+7,  3.799558E-3
1.221000E+7,  3.853083E-3
1.221625E+7,  3.870368E-3
1.222250E+7,  3.912449E-3
1.222875E+7,  3.976583E-3
1.223500E+7,  4.042387E-3
1.224125E+7,  4.053593E-3
1.224750E+7,  4.092216E-3
1.225375E+7,  4.140615E-3
1.226000E+7,  4.140615E-3
1.226625E+7,  4.201412E-3
1.227250E+7,  4.253626E-3
1.227875E+7,  4.302979E-3
1.228500E+7,  4.386663E-3
1.229125E+7,  4.377127E-3
1.229750E+7,  4.422665E-3
1.230375E+7,  4.501581E-3
1.231000E+7,  4.518509E-3
1.231625E+7,  4.588604E-3
1.232250E+7,  4.604816E-3
1.232875E+7,  4.658699E-3
1.233500E+7,  4.683495E-3
1.234125E+7,  4.795790E-3
1.234750E+7,  4.823208E-3
1.235375E+7,  4.882812E-3
1.236000E+7,  4.928827E-3
1.236625E+7,  5.015850E-3
1.237250E+7,  5.015135E-3
1.237875E+7,  5.112171E-3
1.238500E+7,  5.127907E-3
1.239125E+7,  5.263567E-3
1.239750E+7,  5.234003E-3
1.240375E+7,  5.375862E-3
1.241000E+7,  5.388975E-3
1.241625E+7,  5.510807E-3
1.242250E+7,  5.571842E-3
1.242875E+7,  5.567312E-3
1.243500E+7,  5.723953E-3
1.244125E+7,  5.768299E-3
1.244750E+7,  5.828619E-3
1.245375E+7,  5.876541E-3
1.246000E+7,  5.948067E-3
1.246625E+7,  6.106853E-3
1.247250E+7,  6.109238E-3
1.247875E+7,  6.177664E-3
1.248500E+7,  6.315947E-3
1.249125E+7,  6.371021E-3
1.249750E+7,  6.429672E-3
1.250375E+7,  6.580353E-3
1.251000E+7,  6.612778E-3
1.251625E+7,  6.671667E-3
1.252250E+7,  6.798983E-3
1.252875E+7,  6.876945E-3
1.253500E+7,  7.024765E-3
1.254125E+7,  7.035732E-3
1.254750E+7,  7.184505E-3
1.255375E+7,  7.273912E-3
1.256000E+7,  7.410288E-3
1.256625E+7,  7.479191E-3
1.257250E+7,  7.607937E-3
1.257875E+7,  7.708073E-3
1.258500E+7,  7.776737E-3
1.259125E+7,  7.966518E-3
1.259750E+7,  8.074760E-3
1.260375E+7,  8.175373E-3
1.261000E+7,  8.310318E-3
1.261625E+7,  8.548260E-3
1.262250E+7,  8.524895E-3
1.262875E+7,  8.868217E-3
1.263500E+7,  8.708000E-3
1.264125E+7,  9.016514E-3
1.264750E+7,  9.190083E-3
1.265375E+7,  9.323120E-3
1.266000E+7,  9.464264E-3
1.266625E+7,  9.563923E-3
1.267250E+7,  9.840488E-3
1.267875E+7,  1.010895E-2
1.268500E+7,  1.051188E-2
1.269125E+7,  1.064587E-2
1.269750E+7,  1.025915E-2
1.270375E+7,  1.014996E-2
1.271000E+7,  1.171255E-2
1.271625E+7,  1.086903E-2
1.272250E+7,  1.110983E-2
1.272875E+7,  1.136255E-2
1.273500E+7,  1.170254E-2
1.274125E+7,  1.181889E-2
1.274750E+7,  1.214981E-2
1.275375E+7,  1.221180E-2
1.276000E+7,  1.248121E-2
1.276625E+7,  1.261950E-2
1.277250E+7,  9.464741E-3
1.277875E+7,  1.205444E-2
1.278500E+7,  1.381207E-2
1.279125E+7,  1.445723E-2
1.279750E+7,  1.393652E-2
1.280375E+7,  1.337957E-2
1.281000E+7,  1.242208E-2
1.281625E+7,  1.580906E-2
1.282250E+7,  1.576996E-2
1.282875E+7,  1.569939E-2
1.283500E+7,  1.472759E-2
1.284125E+7,  1.746082E-2
1.284750E+7,  1.735592E-2
1.285375E+7,  1.810265E-2
1.286000E+7,  1.804066E-2
1.286625E+7,  1.901722E-2
1.287250E+7,  1.929188E-2
1.287875E+7,  1.911259E-2
1.288500E+7,  1.914024E-2
1.289125E+7,  2.086163E-2
1.289750E+7,  2.093983E-2
1.290375E+7,  2.081680E-2
1.291000E+7,  2.152157E-2
1.291625E+7,  2.288914E-2
1.292250E+7,  2.028179E-2
1.292875E+7,  2.257633E-2
1.293500E+7,  2.091312E-2
1.294125E+7,  2.200031E-2
1.294750E+7,  1.863384E-2
1.295375E+7,  1.400757E-2
1.296000E+7,  1.126432E-2
1.296625E+7,  1.090717E-2
1.297250E+7,  1.130819E-2
1.297875E+7,  1.151419E-2
1.298500E+7,  1.172972E-2
1.299125E+7,  1.201439E-2
1.299750E+7,  1.228714E-2
1.300375E+7,  1.263380E-2
1.301000E+7,  1.297140E-2
1.301625E+7,  1.329041E-2
1.302250E+7,  1.370859E-2
1.302875E+7,  1.404524E-2
1.303500E+7,  1.444387E-2
1.304125E+7,  1.485920E-2
1.304750E+7,  1.528597E-2
1.305375E+7,  1.565361E-2
1.306000E+7,  1.611996E-2
1.306625E+7,  1.664639E-2
1.307250E+7,  1.711559E-2
1.307875E+7,  1.774597E-2
1.308500E+7,  1.830006E-2
1.309125E+7,  1.893234E-2
1.309750E+7,  1.946449E-2
1.310375E+7,  2.009869E-2
1.311000E+7,  2.077484E-2
1.311625E+7,  2.149105E-2
1.312250E+7,  2.230167E-2
1.312875E+7,  2.312756E-2
1.313500E+7,  2.397251E-2
1.314125E+7,  2.478409E-2
1.314750E+7,  2.578163E-2
1.315375E+7,  2.709675E-2
1.316000E+7,  2.817440E-2
1.316625E+7,  2.930546E-2
1.317250E+7,  3.026485E-2
1.317875E+7,  3.165054E-2
1.318500E+7,  3.292656E-2
1.319125E+7,  3.454971E-2
1.319750E+7,  3.561211E-2
1.320375E+7,  3.717613E-2
1.321000E+7,  3.922653E-2
1.321625E+7,  4.046822E-2
1.322250E+7,  4.229546E-2
1.322875E+7,  4.460144E-2
1.323500E+7,  4.713631E-2
1.324125E+7,  5.005074E-2
1.324750E+7,  5.366135E-2
1.325375E+7,  5.746078E-2
1.326000E+7,  6.007195E-2
1.326625E+7,  6.357574E-2
1.327250E+7,  6.754303E-2
1.327875E+7,  7.229996E-2
1.328500E+7,  7.609940E-2
1.329125E+7,  8.214951E-2
1.329750E+7,  8.718491E-2
1.330375E+7,  9.212875E-2
1.331000E+7,  1.011581E-1
1.331625E+7,  1.083069E-1
1.332250E+7,  1.187668E-1
1.332875E+7,  1.238022E-1
1.333500E+7,  1.296463E-1
1.334125E+7,  1.382141E-1
1.334750E+7,  1.479645E-1
1.335375E+7,  1.630402E-1
1.336000E+7,  1.763000E-1
1.336625E+7,  1.899567E-1
1.337250E+7,  2.102203E-1
1.337875E+7,  2.278290E-1
1.338500E+7,  2.478867E-1
1.339125E+7,  2.763519E-1
1.339750E+7,  3.017120E-1
1.340375E+7,  3.294220E-1
1.341000E+7,  3.615265E-1
1.341625E+7,  4.004211E-1
1.342250E+7,  4.358978E-1
1.342875E+7,  4.763947E-1
1.343500E+7,  5.136719E-1
1.344125E+7,  5.375977E-1
1.344750E+7,  5.642395E-1
1.345375E+7,  5.804443E-1
1.346000E+7,  5.879517E-1
1.346625E+7,  5.945129E-1
1.347250E+7,  6.008911E-1
1.347875E+7,  5.939331E-1
1.348500E+7,  5.837097E-1
1.349125E+7,  5.780334E-1
1.349750E+7,  5.747986E-1
1.350375E+7,  5.774231E-1
1.351000E+7,  5.732422E-1
1.351625E+7,  5.715027E-1
1.352250E+7,  5.733643E-1
1.352875E+7,  5.770874E-1
1.353500E+7,  5.830688E-1
1.354125E+7,  5.879211E-1
1.354750E+7,  5.938110E-1
1.355375E+7,  5.977173E-1
1.356000E+7,  5.987244E-1
1.356625E+7,  5.954590E-1
1.357250E+7,  5.866394E-1
1.357875E+7,  5.743713E-1
1.358500E+7,  5.553894E-1
1.359125E+7,  5.302429E-1
1.359750E+7,  5.018616E-1
1.360375E+7,  4.703522E-1
1.361000E+7,  4.382172E-1
1.361625E+7,  4.056091E-1
1.362250E+7,  3.750153E-1
1.362875E+7,  3.464355E-1
1.363500E+7,  3.204498E-1
1.364125E+7,  2.962341E-1
1.364750E+7,  2.741852E-1
1.365375E+7,  2.542572E-1
1.366000E+7,  2.367096E-1
1.366625E+7,  2.211304E-1
1.367250E+7,  2.070389E-1
1.367875E+7,  1.938629E-1
1.368500E+7,  1.820526E-1
1.369125E+7,  1.711578E-1
1.369750E+7,  1.612396E-1
1.370375E+7,  1.522980E-1
1.371000E+7,  1.445084E-1
1.371625E+7,  1.373749E-1
1.372250E+7,  1.306534E-1
1.372875E+7,  1.249046E-1
1.373500E+7,  1.197433E-1
1.374125E+7,  1.141281E-1
1.374750E+7,  1.095963E-1
1.375375E+7,  1.053238E-1
1.376000E+7,  1.016045E-1
1.376625E+7,  9.785080E-2
1.377250E+7,  9.459305E-2
1.377875E+7,  9.168243E-2
1.378500E+7,  8.874130E-2
1.379125E+7,  8.626556E-2
1.379750E+7,  8.366394E-2
1.380375E+7,  8.135986E-2
1.381000E+7,  7.926178E-2
1.381625E+7,  7.753754E-2
1.382250E+7,  7.580185E-2
1.382875E+7,  7.413483E-2
1.383500E+7,  7.278061E-2
1.384125E+7,  7.139587E-2
1.384750E+7,  7.012558E-2
1.385375E+7,  6.903458E-2
1.386000E+7,  6.805801E-2
1.386625E+7,  6.720734E-2
1.387250E+7,  6.642914E-2
1.387875E+7,  6.578445E-2
1.388500E+7,  6.526566E-2
1.389125E+7,  6.480789E-2
1.389750E+7,  6.443405E-2
1.390375E+7,  6.427765E-2
1.391000E+7,  6.409073E-2
1.391625E+7,  6.406021E-2
1.392250E+7,  6.419373E-2
1.392875E+7,  6.444931E-2
1.393500E+7,  6.481552E-2
1.394125E+7,  6.538773E-2
1.394750E+7,  6.600189E-2
1.395375E+7,  6.691360E-2
1.396000E+7,  6.793213E-2
1.396625E+7,  6.911469E-2
1.397250E+7,  7.059860E-2
1.397875E+7,  7.233429E-2
1.398500E+7,  7.437515E-2
1.399125E+7,  7.685852E-2
1.399750E+7,  7.962799E-2
1.400375E+7,  8.300781E-2
1.401000E+7,  8.699417E-2
1.401625E+7,  9.152985E-2
1.402250E+7,  9.707642E-2
1.402875E+7,  1.037407E-1
1.403500E+7,  1.116219E-1
1.404125E+7,  1.211815E-1
1.404750E+7,  1.321411E-1
1.405375E+7,  1.453476E-1
1.406000E+7,  1.594238E-1
1.406625E+7,  1.727982E-1
1.407250E+7,  1.819305E-1
1.407875E+7,  1.825104E-1
1.408500E+7,  1.733017E-1
1.409125E+7,  1.555786E-1
1.409750E+7,  1.356430E-1
1.410375E+7,  1.167374E-1
1.411000E+7,  1.005325E-1
1.411625E+7,  8.674622E-2
1.412250E+7,  7.580566E-2
1.412875E+7,  6.630707E-2
1.413500E+7,  5.872726E-2
1.414125E+7,  5.230331E-2
1.414750E+7,  4.685974E-2
1.415375E+7,  4.236221E-2
1.416000E+7,  3.831673E-2
1.416625E+7,  3.495407E-2
1.417250E+7,  3.197670E-2
1.417875E+7,  2.933025E-2
1.418500E+7,  2.700901E-2
1.419125E+7,  2.499580E-2
1.419750E+7,  2.319908E-2
1.420375E+7,  2.148151E-2
1.421000E+7,  2.001858E-2
1.421625E+7,  1.867676E-2
1.422250E+7,  1.747417E-2
1.422875E+7,  1.636028E-2
1.423500E+7,  1.536989E-2
1.424125E+7,  1.445389E-2
1.424750E+7,  1.357889E-2
1.425375E+7,  1.284313E-2
1.426000E+7,  1.212072E-2
1.426625E+7,  1.146507E-2
1.427250E+7,  1.083517E-2
1.427875E+7,  1.028967E-2
1.428500E+7,  9.750366E-3
1.429125E+7,  9.250164E-3
1.429750E+7,  8.805275E-3
1.430375E+7,  8.344173E-3
1.431000E+7,  7.956982E-3
1.431625E+7,  7.593155E-3
1.432250E+7,  7.246256E-3
1.432875E+7,  6.898642E-3
1.433500E+7,  6.621838E-3
1.434125E+7,  6.300926E-3
1.434750E+7,  6.038904E-3
1.435375E+7,  5.760908E-3
1.436000E+7,  5.522251E-3
1.436625E+7,  5.291462E-3
1.437250E+7,  5.096674E-3
1.437875E+7,  4.891396E-3
1.438500E+7,  4.688501E-3
1.439125E+7,  4.509926E-3
1.439750E+7,  4.328966E-3
1.440375E+7,  4.151344E-3
1.441000E+7,  3.972054E-3
1.441625E+7,  3.801346E-3
1.442250E+7,  3.677726E-3
1.442875E+7,  3.533006E-3
1.443500E+7,  3.414989E-3
1.444125E+7,  3.281713E-3
1.444750E+7,  3.161311E-3
1.445375E+7,  3.053904E-3
1.446000E+7,  2.930760E-3
1.446625E+7,  2.827883E-3
1.447250E+7,  2.733707E-3
1.447875E+7,  2.653003E-3
1.448500E+7,  2.559423E-3
1.449125E+7,  2.466559E-3
1.449750E+7,  2.386928E-3
1.450375E+7,  2.302408E-3
1.451000E+7,  2.215385E-3
1.451625E+7,  2.168894E-3
1.452250E+7,  2.097845E-3
1.452875E+7,  1.985669E-3
1.453500E+7,  1.962066E-3
1.454125E+7,  1.862645E-3
1.454750E+7,  1.808465E-3
1.455375E+7,  1.782894E-3
1.456000E+7,  1.710415E-3
1.456625E+7,  1.661718E-3
1.457250E+7,  1.606226E-3
1.457875E+7,  1.574755E-3
1.458500E+7,  1.509130E-3
1.459125E+7,  1.461804E-3
1.459750E+7,  1.422644E-3
1.460375E+7,  1.372099E-3
1.461000E+7,  1.332879E-3
1.461625E+7,  1.297414E-3
1.462250E+7,  1.242757E-3
1.462875E+7,  1.236916E-3
1.463500E+7,  1.173019E-3
1.464125E+7,  1.160324E-3
1.464750E+7,  1.135767E-3
1.465375E+7,  1.088142E-3
1.466000E+7,  1.062155E-3
1.466625E+7,  1.025140E-3
1.467250E+7,  9.932518E-4
1.467875E+7,  9.670556E-4
1.468500E+7,  9.358525E-4
1.469125E+7,  9.189546E-4
1.469750E+7,  8.823872E-4
1.470375E+7,  8.883476E-4
1.471000E+7,  8.257031E-4
1.471625E+7,  8.230805E-4
1.472250E+7,  8.011460E-4
1.472875E+7,  7.807314E-4
1.473500E+7,  7.730722E-4
1.474125E+7,  7.320046E-4
1.474750E+7,  7.282495E-4
1.475375E+7,  7.300675E-4
1.476000E+7,  6.743670E-4
1.476625E+7,  6.620586E-4
1.477250E+7,  6.559193E-4
1.477875E+7,  6.411076E-4
1.478500E+7,  6.252527E-4
1.479125E+7,  6.089211E-4
1.479750E+7,  5.878806E-4
1.480375E+7,  5.742311E-4
1.481000E+7,  5.327761E-4
1.481625E+7,  5.292594E-4
1.482250E+7,  5.174279E-4
1.482875E+7,  4.997253E-4
1.483500E+7,  4.807711E-4
1.484125E+7,  4.819185E-4
1.484750E+7,  4.914999E-4
1.485375E+7,  4.577041E-4
1.486000E+7,  4.696250E-4
1.486625E+7,  4.376024E-4
1.487250E+7,  4.273653E-4
1.487875E+7,  4.241616E-4
1.488500E+7,  3.925264E-4
1.489125E+7,  4.131496E-4
1.489750E+7,  3.811121E-4
1.490375E+7,  3.855973E-4
1.491000E+7,  3.837645E-4
1.491625E+7,  3.653914E-4
1.492250E+7,  3.519505E-4
1.492875E+7,  3.456771E-4
1.493500E+7,  3.193766E-4
1.494125E+7,  2.978146E-4
1.494750E+7,  3.169030E-4
1.495375E+7,  3.198087E-4
1.496000E+7,  3.081411E-4
1.496625E+7,  2.835393E-4
1.497250E+7,  2.805740E-4
1.497875E+7,  2.792180E-4
1.498500E+7,  2.806485E-4
1.499125E+7,  2.559721E-4
1.499750E+7,  2.727211E-4
1.500375E+7,  2.543926E-4
1.501000E+7,  2.552271E-4
1.501625E+7,  2.539009E-4
1.502250E+7,  2.321601E-4
1.502875E+7,  2.420396E-4
1.503500E+7,  2.178326E-4
1.504125E+7,  2.316236E-4
1.504750E+7,  2.348199E-4
1.505375E+7,  2.351627E-4
1.506000E+7,  2.049804E-4
1.506625E+7,  2.114922E-4
1.507250E+7,  2.034903E-4
1.507875E+7,  1.932234E-4
1.508500E+7,  1.916811E-4
1.509125E+7,  1.782179E-4
1.509750E+7,  1.780838E-4
1.510375E+7,  1.913533E-4
1.511000E+7,  1.676232E-4
1.511625E+7,  1.644418E-4
1.512250E+7,  1.549274E-4
1.512875E+7,  1.641512E-4
1.513500E+7,  1.653880E-4
1.514125E+7,  1.806244E-4
1.514750E+7,  1.498163E-4
1.515375E+7,  1.352057E-4
1.516000E+7,  1.500994E-4
1.516625E+7,  1.342073E-4
1.517250E+7,  1.329631E-4
1.517875E+7,  1.341626E-4
1.518500E+7,  1.292005E-4
1.519125E+7,  1.216978E-4
1.519750E+7,  1.256466E-4
1.520375E+7,  1.017451E-4
1.521000E+7,  1.252145E-4
1.521625E+7,  1.261756E-4
1.522250E+7,  1.386702E-4
1.522875E+7,  1.194626E-4
1.523500E+7,  1.122877E-4
1.524125E+7,  1.138225E-4
1.524750E+7,  1.123138E-4
1.525375E+7,  1.141988E-4
1.526000E+7,  9.616092E-5
1.526625E+7,  1.115762E-4
1.527250E+7,  9.582937E-5
1.527875E+7,  8.691102E-5
1.528500E+7,  8.237734E-5
1.529125E+7,  8.520856E-5
1.529750E+7,  7.897243E-5
1.530375E+7,  9.693205E-5
1.531000E+7,  1.133159E-4
1.531625E+7,  7.686019E-5
1.532250E+7,  8.798018E-5
1.532875E+7,  7.942691E-5
1.533500E+7,  8.390471E-5
1.534125E+7,  7.692352E-5
1.534750E+7,  7.920712E-5
1.535375E+7,  1.124516E-4
1.536000E+7,  8.071214E-5
1.536625E+7,  7.895008E-5
1.537250E+7,  8.453429E-5
1.537875E+7,  1.018345E-4
1.538500E+7,  6.034784E-5
1.539125E+7,  7.649884E-5
1.539750E+7,  7.682666E-5
1.540375E+7,  8.700043E-5
1.541000E+7,  7.008761E-5
1.541625E+7,  5.989335E-5
1.542250E+7,  5.345047E-5
1.542875E+7,  4.848838E-5
1.543500E+7,  4.792772E-5
1.544125E+7,  6.102398E-5
1.544750E+7,  5.759299E-5
1.545375E+7,  5.563535E-5
1.546000E+7,  3.652647E-5
1.546625E+7,  4.284084E-5
1.547250E+7,  5.141459E-5
1.547875E+7,  7.315353E-5
1.548500E+7,  4.169531E-5
1.549125E+7,  4.247949E-5
1.549750E+7,  6.320700E-5
1.550375E+7,  5.460531E-5
1.551000E+7,  1.270650E-5
1.551625E+7,  5.391054E-5
1.552250E+7,  4.827045E-5
1.552875E+7,  4.244410E-5
1.553500E+7,  3.427081E-5
1.554125E+7,  4.502945E-5
1.554750E+7,  6.856769E-5
1.555375E+7,  5.781837E-5
1.556000E+7,  7.309020E-5
1.556625E+7,  2.998859E-5
1.557250E+7,  4.321337E-5
1.557875E+7,  3.659725E-5
1.558500E+7,  3.650226E-5
1.559125E+7,  2.583768E-5
1.559750E+7,  1.812074E-5
1.560375E+7,  3.434159E-5
1.561000E+7,  4.131719E-5
1.561625E+7,  3.205799E-5
1.562250E+7,  3.251992E-5
1.562875E+7,  3.299676E-5
1.563500E+7,  2.667494E-5
1.564125E+7,  1.742598E-5
1.564750E+7,  1.587067E-5
1.565375E+7,  3.305078E-5
1.566000E+7,  2.988428E-5
1.566625E+7,  1.092209E-5
1.567250E+7,  1.539756E-5
1.567875E+7,  3.158860E-5
1.568500E+7,  1.530442E-5
1.569125E+7,  3.826246E-5
1.569750E+7,  1.709815E-5
1.570375E+7,  1.525600E-5
1.571000E+7,  1.517311E-5
1.571625E+7,  1.138682E-5
1.572250E+7,  2.317596E-5
1.572875E+7,  3.067963E-5
1.573500E+7,  1.697242E-5
1.574125E+7,  1.512980E-5
1.574750E+7,  3.128126E-5
1.575375E+7,  3.056228E-5
1.576000E+7,  1.559872E-5
1.576625E+7,  2.400950E-5
1.577250E+7,  2.735388E-5
1.577875E+7,  2.399459E-5
1.578500E+7,  8.482020E-6
1.579125E+7,  2.399180E-5
1.579750E+7,  2.271496E-5
1.580375E+7,  3.567524E-5
1.581000E+7,  3.797561E-5
1.581625E+7,  1.065526E-5
1.582250E+7,  2.132822E-5
1.582875E+7,  2.524164E-5
1.583500E+7,  2.031308E-5
1.584125E+7,  1.685694E-5
1.584750E+7,  1.508836E-5
1.585375E+7,  3.764057E-6
1.586000E+7,  3.033783E-5
1.586625E+7,  2.380274E-5
1.587250E+7,  2.378318E-5
1.587875E+7,  1.504784E-5
1.588500E+7,  2.377946E-5
1.589125E+7,  1.680292E-5
1.589750E+7,  1.060916E-5
1.590375E+7,  3.206171E-5
1.591000E+7,  1.354469E-5
1.591625E+7,  6.317009E-10
1.592250E+7,  1.545530E-5
1.592875E+7,  1.350977E-5
1.593500E+7,  7.491326E-6
1.594125E+7,  7.486902E-6
1.594750E+7,  3.745314E-6
1.595375E+7,  1.058914E-5
1.596000E+7,  1.496309E-5
1.596625E+7,  3.741588E-6
1.597250E+7,  1.349626E-5
1.597875E+7,  2.017617E-5
1.598500E+7,  1.349626E-5
1.599125E+7,  1.871772E-5
1.599750E+7,  1.058029E-5
1.600375E+7,  1.295358E-4
1.601000E+7,  7.467344E-5
1.601625E+7,  1.033582E-4
1.602250E+7,  3.156252E-5
1.602875E+7,  9.077415E-5
1.603500E+7,  6.186962E-5
1.604125E+7,  7.245690E-5
1.604750E+7,  1.300648E-4
1.605375E+7,  1.749843E-4
1.606000E+7,  5.905516E-5
1.606625E+7,  1.351386E-4
1.607250E+7,  2.294965E-5
1.607875E+7,  8.275360E-5
1.608500E+7,  1.284666E-5
1.609125E+7,  8.500367E-5
1.609750E+7,  2.927426E-5
1.610375E+7,  3.493018E-5
1.611000E+7,  1.197010E-4
1.611625E+7,  1.632869E-4
1.612250E+7,  1.045130E-4
1.612875E+7,  6.987154E-5
1.613500E+7,  3.851019E-5
1.614125E+7,  7.465109E-5
1.614750E+7,  2.582464E-5
1.615375E+7,  7.353723E-5
1.616000E+7,  9.274110E-5
1.616625E+7,  8.228421E-5
1.617250E+7,  2.869777E-5
1.617875E+7,  4.021637E-5
1.618500E+7,  1.115091E-4
1.619125E+7,  6.370991E-5
1.619750E+7,  5.576387E-5
1.620375E+7,  9.563565E-5
1.621000E+7,  4.920177E-5
1.621625E+7,  1.172200E-4
1.622250E+7,  1.425371E-4
1.622875E+7,  8.326769E-5
1.623500E+7,  1.368597E-4
1.624125E+7,  6.169081E-5
1.624750E+7,  2.929755E-5
1.625375E+7,  2.298504E-5
1.626000E+7,  4.674867E-5
1.626625E+7,  1.439005E-4
1.627250E+7,  7.382035E-5
1.627875E+7,  6.895140E-5
1.628500E+7,  1.157634E-4
1.629125E+7,  4.630908E-5
1.629750E+7,  1.158081E-4
1.630375E+7,  1.397803E-4
1.631000E+7,  1.163669E-4
1.631625E+7,  1.178011E-4
1.632250E+7,  8.868799E-5
1.632875E+7,  3.349222E-5
1.633500E+7,  3.676489E-5
1.634125E+7,  8.169562E-5
1.634750E+7,  5.293638E-5
1.635375E+7,  1.004785E-4
1.636000E+7,  5.923025E-5
1.636625E+7,  1.386404E-4
1.637250E+7,  6.630272E-5
1.637875E+7,  7.908419E-5
1.638500E+7,  2.648961E-5
1.639125E+7,  5.918369E-5
1.639750E+7,  1.221374E-4
1.640375E+7,  1.106486E-4
1.641000E+7,  1.285737E-5
1.641625E+7,  5.783886E-5
1.642250E+7,  9.239838E-5
1.642875E+7,  6.560236E-5
1.643500E+7,  8.533150E-5
1.644125E+7,  6.432086E-5
1.644750E+7,  3.004912E-5
1.645375E+7,  7.111579E-5
1.646000E+7,  1.122318E-4
1.646625E+7,  4.745275E-5
1.647250E+7,  6.004237E-5
1.647875E+7,  4.390441E-5
1.648500E+7,  7.138774E-5
1.649125E+7,  8.299574E-5
1.649750E+7,  5.587190E-5
1.650375E+7,  2.320018E-5
1.651000E+7,  4.918128E-5
1.651625E+7,  1.752190E-5
1.652250E+7,  6.116927E-5
1.652875E+7,  5.028024E-5
1.653500E+7,  2.302974E-5
1.654125E+7,  7.360056E-5
1.654750E+7,  9.324029E-5
1.655375E+7,  7.924810E-5
1.656000E+7,  1.709163E-4
1.656625E+7,  9.346753E-5
1.657250E+7,  1.347885E-4
1.657875E+7,  7.221475E-5
1.658500E+7,  1.629740E-4
1.659125E+7,  4.751980E-5
1.659750E+7,  3.919564E-5
1.660375E+7,  9.288266E-5
1.661000E+7,  3.357604E-5
1.661625E+7,  1.886636E-4
1.662250E+7,  5.674735E-5
1.662875E+7,  9.384006E-5
1.663500E+7,  9.673461E-5
1.664125E+7,  6.482378E-5
1.664750E+7,  6.942824E-5
1.665375E+7,  3.335476E-4
1.666000E+7,  3.362633E-5
1.666625E+7,  8.678064E-5
1.667250E+7,  5.881488E-5
1.667875E+7,  7.759780E-5
1.668500E+7,  6.482378E-5
1.669125E+7,  7.488579E-5
1.669750E+7,  2.089590E-4
1.670375E+7,  1.020879E-4
1.671000E+7,  5.834736E-5
1.671625E+7,  5.475804E-5
1.672250E+7,  9.392202E-5
1.672875E+7,  5.044416E-5
1.673500E+7,  6.454298E-6
1.674125E+7,  4.393794E-5
1.674750E+7,  4.909746E-5
1.675375E+7,  4.631095E-5
1.676000E+7,  4.761480E-5
1.676625E+7,  7.708371E-5
1.677250E+7,  8.781254E-5
1.677875E+7,  9.964034E-5
1.678500E+7,  6.985292E-5
1.679125E+7,  3.480539E-5
1.679750E+7,  3.756396E-5
1.680375E+7,  9.305775E-5
1.681000E+7,  5.204603E-5
1.681625E+7,  3.371015E-5
1.682250E+7,  5.430914E-5
1.682875E+7,  6.229803E-5
1.683500E+7,  6.958470E-5
1.684125E+7,  1.733378E-5
1.684750E+7,  4.807860E-5
1.685375E+7,  4.514493E-5
1.686000E+7,  4.704669E-5
1.686625E+7,  3.113411E-5
1.687250E+7,  2.890592E-6
1.687875E+7,  5.614012E-5
1.688500E+7,  6.771088E-5
1.689125E+7,  2.085045E-5
1.689750E+7,  2.891198E-5
1.690375E+7,  1.295432E-4
1.691000E+7,  1.559220E-5
1.691625E+7,  6.468594E-5
1.692250E+7,  3.470480E-5
1.692875E+7,  4.953891E-5
1.693500E+7,  8.150190E-5
1.694125E+7,  5.279295E-5
1.694750E+7,  1.128912E-4
1.695375E+7,  6.240234E-5
1.696000E+7,  3.117882E-5
1.696625E+7,  1.327619E-4
1.697250E+7,  7.256120E-5
1.697875E+7,  9.291247E-5
1.698500E+7,  3.959090E-4
1.699125E+7,  1.026616E-4
1.699750E+7,  5.464070E-5
1.700375E+7,  9.567291E-5
1.701000E+7,  4.024059E-5
1.701625E+7,  2.478715E-5
1.702250E+7,  1.027659E-4
1.702875E+7,  2.954807E-5
1.703500E+7,  1.166575E-4
1.704125E+7,  3.121607E-5
1.704750E+7,  1.275539E-4
1.705375E+7,  2.592430E-5
1.706000E+7,  6.141514E-5
1.706625E+7,  5.913153E-5
1.707250E+7,  1.661256E-4
1.707875E+7,  3.081560E-5
1.708500E+7,  2.111215E-5
1.709125E+7,  2.854876E-5
1.709750E+7,  3.494136E-5
1.710375E+7,  1.092628E-4
1.711000E+7,  6.485730E-6
1.711625E+7,  2.857950E-5
1.712250E+7,  1.337901E-4
1.712875E+7,  2.031028E-5
1.713500E+7,  6.246567E-5
1.714125E+7,  4.719757E-5
1.714750E+7,  9.291619E-5
1.715375E+7,  4.723668E-5
1.716000E+7,  3.719516E-5
1.716625E+7,  5.070493E-5
1.717250E+7,  7.743388E-5
1.717875E+7,  1.027547E-4
1.718500E+7,  1.133345E-4
1.719125E+7,  5.296059E-5
1.719750E+7,  8.092448E-5
1.720375E+7,  6.158277E-5
1.721000E+7,  6.798655E-5
1.721625E+7,  9.654835E-5
1.722250E+7,  8.718297E-5
1.722875E+7,  5.928800E-5
1.723500E+7,  5.513243E-5
1.724125E+7,  9.461120E-5
1.724750E+7,  6.559864E-5
1.725375E+7,  8.422136E-5
1.726000E+7,  1.299614E-5
1.726625E+7,  1.950376E-5
1.727250E+7,  5.851686E-5
1.727875E+7,  1.186393E-4
1.728500E+7,  7.676333E-5
1.729125E+7,  8.957088E-5
1.729750E+7,  9.864569E-5
1.730375E+7,  3.253669E-5
1.731000E+7,  5.177595E-5
1.731625E+7,  1.472160E-4
1.732250E+7,  3.915280E-5
1.732875E+7,  4.700385E-5
1.733500E+7,  9.845570E-5
1.734125E+7,  4.545227E-5
1.734750E+7,  1.746267E-4
1.735375E+7,  3.905781E-5
1.736000E+7,  2.603047E-5
1.736625E+7,  7.918477E-5
1.737250E+7,  1.769699E-5
1.737875E+7,  8.281693E-5
1.738500E+7,  1.058504E-4
1.739125E+7,  2.100226E-5
1.739750E+7,  4.976615E-5
1.740375E+7,  5.822629E-5
1.741000E+7,  5.085394E-5
1.741625E+7,  3.649853E-5
1.742250E+7,  8.876622E-5
1.742875E+7,  5.214103E-5
1.743500E+7,  8.091703E-5
1.744125E+7,  4.698895E-5
1.744750E+7,  4.743785E-5
1.745375E+7,  1.255721E-4
1.746000E+7,  4.551746E-5
1.746625E+7,  3.688410E-5
1.747250E+7,  5.017035E-5
1.747875E+7,  9.928271E-5
1.748500E+7,  8.866563E-5
1.749125E+7,  8.748099E-5
1.749750E+7,  7.051602E-5
1.750375E+7,  2.916087E-6
1.751000E+7,  9.915605E-5
1.751625E+7,  5.537271E-5
1.752250E+7,  5.449541E-5
1.752875E+7,  6.312877E-5
1.753500E+7,  6.655231E-5
1.754125E+7,  3.690831E-5
1.754750E+7,  5.840091E-6
1.755375E+7,  6.315857E-5
1.756000E+7,  7.295981E-5
1.756625E+7,  1.166798E-4
1.757250E+7,  1.206063E-4
1.757875E+7,  9.303913E-5
1.758500E+7,  6.529316E-5
1.759125E+7,  1.033284E-4
1.759750E+7,  1.957454E-5
1.760375E+7,  8.646026E-5
1.761000E+7,  1.691952E-4
1.761625E+7,  1.123920E-4
1.762250E+7,  8.782372E-5
1.762875E+7,  1.597852E-4
1.763500E+7,  9.635091E-5
1.764125E+7,  6.437302E-5
1.764750E+7,  7.393584E-5
1.765375E+7,  9.570271E-5
1.766000E+7,  1.877695E-4
1.766625E+7,  9.005517E-5
1.767250E+7,  4.385039E-5
1.767875E+7,  6.440282E-5
1.768500E+7,  4.964136E-5
1.769125E+7,  1.083538E-4
1.769750E+7,  1.461385E-5
1.770375E+7,  8.148327E-5
1.771000E+7,  9.955466E-5
1.771625E+7,  1.443326E-4
1.772250E+7,  4.425645E-5
1.772875E+7,  5.107000E-5
1.773500E+7,  6.540865E-5
1.774125E+7,  1.393333E-4
1.774750E+7,  1.058914E-4
1.775375E+7,  1.521856E-4
1.776000E+7,  1.137853E-4
1.776625E+7,  1.010522E-4
1.777250E+7,  5.588308E-5
1.777875E+7,  1.237020E-4
1.778500E+7,  8.490682E-5
1.779125E+7,  7.660687E-5
1.779750E+7,  3.623031E-5
1.780375E+7,  1.540184E-4
1.781000E+7,  1.187809E-4
1.781625E+7,  7.878616E-5
1.782250E+7,  2.925750E-5
1.782875E+7,  4.999526E-5
1.783500E+7,  7.128343E-5
1.784125E+7,  6.209686E-5
1.784750E+7,  2.701581E-5
1.785375E+7,  3.562495E-5
1.786000E+7,  7.057190E-5
1.786625E+7,  9.026378E-5
1.787250E+7,  6.548315E-5
1.787875E+7,  5.279854E-5
1.788500E+7,  7.137284E-5
1.789125E+7,  8.099154E-5
1.789750E+7,  9.987503E-5
1.790375E+7,  4.465878E-5
1.791000E+7,  1.299083E-4
1.791625E+7,  7.351860E-5
1.792250E+7,  5.008467E-5
1.792875E+7,  3.810413E-5
1.793500E+7,  3.518164E-5
1.794125E+7,  5.567260E-5
1.794750E+7,  6.462634E-5
1.795375E+7,  8.845329E-5
1.796000E+7,  5.697645E-5
1.796625E+7,  4.232302E-5
1.797250E+7,  6.189942E-5
1.797875E+7,  8.955225E-5
1.798500E+7,  7.894263E-5
1.799125E+7,  3.120862E-5
1.799750E+7,  1.785159E-5
1.800375E+7,  2.938230E-5
1.801000E+7,  9.206310E-5
1.801625E+7,  8.801930E-6
1.802250E+7,  4.705600E-5
1.802875E+7,  5.514361E-5
1.803500E+7,  6.344542E-5
1.804125E+7,  7.219985E-5
1.804750E+7,  2.890080E-5
1.805375E+7,  8.242577E-5
1.806000E+7,  9.214878E-5
1.806625E+7,  7.547438E-5
1.807250E+7,  4.471093E-5
1.807875E+7,  1.058774E-5
1.808500E+7,  2.768449E-5
1.809125E+7,  5.910173E-5
1.809750E+7,  3.860518E-5
1.810375E+7,  1.013801E-4
1.811000E+7,  1.472384E-4
1.811625E+7,  6.527081E-5
1.812250E+7,  1.469115E-5
1.812875E+7,  4.734658E-5
1.813500E+7,  1.629367E-4
1.814125E+7,  1.030825E-4
1.814750E+7,  1.483709E-4
1.815375E+7,  6.861985E-5
1.816000E+7,  2.410188E-4
1.816625E+7,  1.597404E-4
1.817250E+7,  2.939533E-5
1.817875E+7,  7.096305E-5
1.818500E+7,  1.652166E-4
1.819125E+7,  1.570359E-4
1.819750E+7,  6.479397E-5
1.820375E+7,  5.613640E-5
1.821000E+7,  4.849955E-5
1.821625E+7,  1.064949E-4
1.822250E+7,  8.955970E-5
1.822875E+7,  5.028211E-5
1.823500E+7,  8.999184E-5
1.824125E+7,  3.541633E-5
1.824750E+7,  5.421415E-5
1.825375E+7,  6.579095E-6
1.826000E+7,  4.281849E-5
1.826625E+7,  6.943941E-5
1.827250E+7,  1.789164E-5
1.827875E+7,  2.426468E-5
1.828500E+7,  1.007803E-4
1.829125E+7,  1.043491E-4
1.829750E+7,  1.213746E-5
1.830375E+7,  2.373476E-5
1.831000E+7,  3.072619E-5
1.831625E+7,  6.535277E-5
1.832250E+7,  8.375570E-5
1.832875E+7,  8.753315E-5
1.833500E+7,  5.268492E-5
1.834125E+7,  4.162639E-5
1.834750E+7,  1.472374E-5
1.835375E+7,  1.106374E-4
1.836000E+7,  6.949529E-5
1.836625E+7,  3.295206E-5
1.837250E+7,  7.550418E-5
1.837875E+7,  1.335815E-4
1.838500E+7,  1.864415E-5
1.839125E+7,  1.667216E-4
1.839750E+7,  6.718189E-5
1.840375E+7,  8.438155E-5
1.841000E+7,  3.695115E-5
1.841625E+7,  5.720928E-5
1.842250E+7,  2.902560E-5
1.842875E+7,  1.216168E-5
1.843500E+7,  5.313940E-5
1.844125E+7,  2.358761E-5
1.844750E+7,  5.437806E-5
1.845375E+7,  7.667392E-5
1.846000E+7,  5.009770E-5
1.846625E+7,  7.780269E-5
1.847250E+7,  1.622587E-4
1.847875E+7,  2.503209E-5
1.848500E+7,  1.149923E-4
1.849125E+7,  9.680167E-5
1.849750E+7,  7.007271E-5
1.850375E+7,  2.964027E-5
1.851000E+7,  3.599375E-5
1.851625E+7,  9.363145E-5
1.852250E+7,  1.794994E-4
1.852875E+7,  3.336743E-5
1.853500E+7,  1.294687E-4
1.854125E+7,  8.512661E-5
1.854750E+7,  7.109717E-5
1.855375E+7,  6.603822E-5
1.856000E+7,  3.697723E-5