SAVED BY: 
TITLE: 
COMMENTS: 
DATE: 10/27/2020
TIME: 3:29 PM

STIMULUS, RESPONSE

8.560000E+6,  1.785904E-4
8.566250E+6,  1.438409E-4
8.572500E+6,  1.926646E-4
8.578750E+6,  1.615658E-4
8.585000E+6,  1.862571E-4
8.591250E+6,  1.515150E-4
8.597500E+6,  1.886785E-4
8.603750E+6,  1.473129E-4
8.610000E+6,  1.473948E-4
8.616250E+6,  1.677573E-4
8.622500E+6,  1.820400E-4
8.628750E+6,  1.551285E-4
8.635000E+6,  1.627952E-4
8.641250E+6,  1.707897E-4
8.647500E+6,  1.820698E-4
8.653750E+6,  1.743585E-4
8.660000E+6,  1.772493E-4
8.666250E+6,  1.460090E-4
8.672500E+6,  1.695082E-4
8.678750E+6,  1.818836E-4
8.685000E+6,  1.973957E-4
8.691250E+6,  1.773536E-4
8.697500E+6,  1.633838E-4
8.703750E+6,  1.551583E-4
8.710000E+6,  1.654029E-4
8.716250E+6,  1.616552E-4
8.722500E+6,  1.880452E-4
8.728750E+6,  1.896843E-4
8.735000E+6,  1.929998E-4
8.741250E+6,  1.793653E-4
8.747500E+6,  1.707971E-4
8.753750E+6,  1.897141E-4
8.760000E+6,  2.006888E-4
8.766250E+6,  1.991615E-4
8.772500E+6,  1.865476E-4
8.778750E+6,  1.791939E-4
8.785000E+6,  1.771227E-4
8.791250E+6,  1.792908E-4
8.797500E+6,  1.678243E-4
8.803750E+6,  1.930818E-4
8.810000E+6,  1.929924E-4
8.816250E+6,  1.714155E-4
8.822500E+6,  1.648143E-4
8.828750E+6,  1.617745E-4
8.835000E+6,  2.037883E-4
8.841250E+6,  1.966134E-4
8.847500E+6,  1.802966E-4
8.853750E+6,  1.774728E-4
8.860000E+6,  1.829639E-4
8.866250E+6,  1.864806E-4
8.872500E+6,  1.654476E-4
8.878750E+6,  1.557767E-4
8.885000E+6,  1.810640E-4
8.891250E+6,  1.867265E-4
8.897500E+6,  1.774281E-4
8.903750E+6,  1.889467E-4
8.910000E+6,  1.697019E-4
8.916250E+6,  1.925528E-4
8.922500E+6,  1.870915E-4
8.928750E+6,  1.732931E-4
8.935000E+6,  1.788065E-4
8.941250E+6,  1.838282E-4
8.947500E+6,  1.872480E-4
8.953750E+6,  1.770109E-4
8.960000E+6,  2.081171E-4
8.966250E+6,  1.916587E-4
8.972500E+6,  1.854524E-4
8.978750E+6,  1.926944E-4
8.985000E+6,  1.775175E-4
8.991250E+6,  1.794621E-4
8.997500E+6,  1.948848E-4
9.003750E+6,  1.697466E-4
9.010000E+6,  1.906529E-4
9.016250E+6,  2.024546E-4
9.022500E+6,  1.713857E-4
9.028750E+6,  1.884401E-4
9.035000E+6,  1.853108E-4
9.041250E+6,  1.987219E-4
9.047500E+6,  1.793280E-4
9.053750E+6,  2.011955E-4
9.060000E+6,  2.027303E-4
9.066250E+6,  2.103597E-4
9.072500E+6,  1.810119E-4
9.078750E+6,  1.949966E-4
9.085000E+6,  1.949742E-4
9.091250E+6,  1.979992E-4
9.097500E+6,  2.025589E-4
9.103750E+6,  2.143756E-4
9.110000E+6,  1.928359E-4
9.116250E+6,  2.006888E-4
9.122500E+6,  2.029166E-4
9.128750E+6,  2.277121E-4
9.135000E+6,  2.152696E-4
9.141250E+6,  1.891404E-4
9.147500E+6,  1.969263E-4
9.153750E+6,  2.103075E-4
9.160000E+6,  1.988634E-4
9.166250E+6,  2.143607E-4
9.172500E+6,  2.049580E-4
9.178750E+6,  2.026483E-4
9.185000E+6,  2.074689E-4
9.191250E+6,  2.164468E-4
9.197500E+6,  2.068207E-4
9.203750E+6,  2.030060E-4
9.210000E+6,  2.166629E-4
9.216250E+6,  2.205670E-4
9.222500E+6,  2.047122E-4
9.228750E+6,  2.109036E-4
9.235000E+6,  2.144650E-4
9.241250E+6,  2.110675E-4
9.247500E+6,  2.243593E-4
9.253750E+6,  2.183318E-4
9.260000E+6,  1.937374E-4
9.266250E+6,  2.401024E-4
9.272500E+6,  2.382919E-4
9.278750E+6,  2.322868E-4
9.285000E+6,  2.381206E-4
9.291250E+6,  2.324283E-4
9.297500E+6,  2.225488E-4
9.303750E+6,  2.150163E-4
9.310000E+6,  1.932681E-4
9.316250E+6,  2.344847E-4
9.322500E+6,  2.313107E-4
9.328750E+6,  2.309978E-4
9.335000E+6,  2.232417E-4
9.341250E+6,  2.361387E-4
9.347500E+6,  2.150312E-4
9.353750E+6,  2.343655E-4
9.360000E+6,  2.286807E-4
9.366250E+6,  2.268106E-4
9.372500E+6,  2.151281E-4
9.378750E+6,  2.223328E-4
9.385000E+6,  2.228469E-4
9.391250E+6,  2.209246E-4
9.397500E+6,  2.287924E-4
9.403750E+6,  2.136156E-4
9.410000E+6,  2.206936E-4
9.416250E+6,  2.188236E-4
9.422500E+6,  2.093688E-4
9.428750E+6,  2.308637E-4
9.435000E+6,  2.250001E-4
9.441250E+6,  2.312511E-4
9.447500E+6,  2.266914E-4
9.453750E+6,  2.150014E-4
9.460000E+6,  2.502799E-4
9.466250E+6,  2.521425E-4
9.472500E+6,  2.365112E-4
9.478750E+6,  2.344251E-4
9.485000E+6,  2.151430E-4
9.491250E+6,  2.620667E-4
9.497500E+6,  2.311021E-4
9.503750E+6,  2.367496E-4
9.510000E+6,  2.247989E-4
9.516250E+6,  2.365783E-4
9.522500E+6,  2.149269E-4
9.528750E+6,  2.269968E-4
9.535000E+6,  2.487004E-4
9.541250E+6,  2.450496E-4
9.547500E+6,  2.291352E-4
9.553750E+6,  2.644807E-4
9.560000E+6,  2.292246E-4
9.566250E+6,  2.547354E-4
9.572500E+6,  2.449602E-4
9.578750E+6,  2.403930E-4
9.585000E+6,  2.448559E-4
9.591250E+6,  2.502501E-4
9.597500E+6,  2.368540E-4
9.603750E+6,  2.548546E-4
9.610000E+6,  2.380684E-4
9.616250E+6,  2.533346E-4
9.622500E+6,  2.520531E-4
9.628750E+6,  2.585948E-4
9.635000E+6,  2.511442E-4
9.641250E+6,  2.645254E-4
9.647500E+6,  2.488643E-4
9.653750E+6,  2.491325E-4
9.660000E+6,  2.470464E-4
9.666250E+6,  2.548993E-4
9.672500E+6,  2.403781E-4
9.678750E+6,  2.536327E-4
9.685000E+6,  2.449304E-4
9.691250E+6,  2.757311E-4
9.697500E+6,  2.589226E-4
9.703750E+6,  2.601445E-4
9.710000E+6,  2.399012E-4
9.716250E+6,  2.480000E-4
9.722500E+6,  2.558380E-4
9.728750E+6,  2.657175E-4
9.735000E+6,  2.803653E-4
9.741250E+6,  2.637058E-4
9.747500E+6,  2.608001E-4
9.753750E+6,  2.690256E-4
9.760000E+6,  2.615750E-4
9.766250E+6,  2.593398E-4
9.772500E+6,  2.588332E-4
9.778750E+6,  2.713650E-4
9.785000E+6,  2.629459E-4
9.791250E+6,  2.714992E-4
9.797500E+6,  2.728552E-4
9.803750E+6,  2.549291E-4
9.810000E+6,  2.553016E-4
9.816250E+6,  2.836138E-4
9.822500E+6,  2.606660E-4
9.828750E+6,  2.501756E-4
9.835000E+6,  2.812445E-4
9.841250E+6,  2.771765E-4
9.847500E+6,  2.664030E-4
9.853750E+6,  2.794862E-4
9.860000E+6,  2.781749E-4
9.866250E+6,  2.674311E-4
9.872500E+6,  2.768040E-4
9.878750E+6,  2.983063E-4
9.885000E+6,  2.686977E-4
9.891250E+6,  3.108829E-4
9.897500E+6,  2.602339E-4
9.903750E+6,  2.786964E-4
9.910000E+6,  2.880245E-4
9.916250E+6,  2.764165E-4
9.922500E+6,  2.826303E-4
9.928750E+6,  2.858788E-4
9.935000E+6,  2.831072E-4
9.941250E+6,  2.763718E-4
9.947500E+6,  2.866685E-4
9.953750E+6,  2.911538E-4
9.960000E+6,  2.835840E-4
9.966250E+6,  2.904534E-4
9.972500E+6,  2.812147E-4
9.978750E+6,  2.906770E-4
9.985000E+6,  2.981573E-4
9.991250E+6,  3.001243E-4
9.997500E+6,  2.877265E-4
1.000375E+7,  2.935678E-4
1.001000E+7,  3.010333E-4
1.001625E+7,  3.007203E-4
1.002250E+7,  2.963990E-4
1.002875E+7,  2.905428E-4
1.003500E+7,  2.859086E-4
1.004125E+7,  2.986491E-4
1.004750E+7,  3.061146E-4
1.005375E+7,  3.006905E-4
1.006000E+7,  3.173351E-4
1.006625E+7,  3.032386E-4
1.007250E+7,  3.061146E-4
1.007875E+7,  2.981871E-4
1.008500E+7,  3.136843E-4
1.009125E+7,  3.007203E-4
1.009750E+7,  3.013611E-4
1.010375E+7,  3.137738E-4
1.011000E+7,  3.085881E-4
1.011625E+7,  3.134161E-4
1.012250E+7,  3.163069E-4
1.012875E+7,  2.982765E-4
1.013500E+7,  3.161430E-4
1.014125E+7,  3.111362E-4
1.014750E+7,  3.268719E-4
1.015375E+7,  3.285259E-4
1.016000E+7,  3.258884E-4
1.016625E+7,  3.214180E-4
1.017250E+7,  3.215969E-4
1.017875E+7,  3.357530E-4
1.018500E+7,  3.138185E-4
1.019125E+7,  3.316104E-4
1.019750E+7,  3.235042E-4
1.020375E+7,  3.288537E-4
1.021000E+7,  3.185719E-4
1.021625E+7,  3.265142E-4
1.022250E+7,  3.316551E-4
1.022875E+7,  3.465861E-4
1.023500E+7,  3.359467E-4
1.024125E+7,  3.215373E-4
1.024750E+7,  3.259629E-4
1.025375E+7,  3.363341E-4
1.026000E+7,  3.189594E-4
1.026625E+7,  3.392547E-4
1.027250E+7,  3.360808E-4
1.027875E+7,  3.387779E-4
1.028500E+7,  3.341138E-4
1.029125E+7,  3.361404E-4
1.029750E+7,  3.212094E-4
1.030375E+7,  3.621280E-4
1.031000E+7,  3.511459E-4
1.031625E+7,  3.610551E-4
1.032250E+7,  3.415644E-4
1.032875E+7,  3.612339E-4
1.033500E+7,  3.613681E-4
1.034125E+7,  3.464520E-4
1.034750E+7,  3.664643E-4
1.035375E+7,  3.514290E-4
1.036000E+7,  3.510118E-4
1.036625E+7,  3.466606E-4
1.037250E+7,  3.539175E-4
1.037875E+7,  3.410280E-4
1.038500E+7,  3.615022E-4
1.039125E+7,  3.494769E-4
1.039750E+7,  3.644675E-4
1.040375E+7,  3.846586E-4
1.041000E+7,  3.648996E-4
1.041625E+7,  3.538132E-4
1.042250E+7,  3.719181E-4
1.042875E+7,  3.741384E-4
1.043500E+7,  3.642589E-4
1.044125E+7,  3.871769E-4
1.044750E+7,  3.618896E-4
1.045375E+7,  3.942847E-4
1.046000E+7,  3.729463E-4
1.046625E+7,  3.843009E-4
1.047250E+7,  3.650337E-4
1.047875E+7,  3.723949E-4
1.048500E+7,  4.079044E-4
1.049125E+7,  3.893971E-4
1.049750E+7,  3.850013E-4
1.050375E+7,  3.926307E-4
1.051000E+7,  3.847629E-4
1.051625E+7,  3.880113E-4
1.052250E+7,  3.886372E-4
1.052875E+7,  4.027188E-4
1.053500E+7,  3.934801E-4
1.054125E+7,  3.726631E-4
1.054750E+7,  3.841817E-4
1.055375E+7,  3.980696E-4
1.056000E+7,  3.934801E-4
1.056625E+7,  3.952682E-4
1.057250E+7,  4.004240E-4
1.057875E+7,  3.881752E-4
1.058500E+7,  4.077256E-4
1.059125E+7,  4.117042E-4
1.059750E+7,  3.879964E-4
1.060375E+7,  4.216731E-4
1.061000E+7,  3.779233E-4
1.061625E+7,  4.265904E-4
1.062250E+7,  3.982335E-4
1.062875E+7,  3.916323E-4
1.063500E+7,  4.123896E-4
1.064125E+7,  4.312545E-4
1.064750E+7,  4.047453E-4
1.065375E+7,  4.162043E-4
1.066000E+7,  4.197806E-4
1.066625E+7,  4.238337E-4
1.067250E+7,  4.313737E-4
1.067875E+7,  4.214048E-4
1.068500E+7,  4.292578E-4
1.069125E+7,  4.333407E-4
1.069750E+7,  4.375428E-4
1.070375E+7,  4.445612E-4
1.071000E+7,  4.449636E-4
1.071625E+7,  4.366040E-4
1.072250E+7,  4.333705E-4
1.072875E+7,  4.547536E-4
1.073500E+7,  4.195720E-4
1.074125E+7,  4.333854E-4
1.074750E+7,  4.242510E-4
1.075375E+7,  4.578829E-4
1.076000E+7,  4.440844E-4
1.076625E+7,  4.567653E-4
1.077250E+7,  4.728436E-4
1.077875E+7,  4.577339E-4
1.078500E+7,  4.635006E-4
1.079125E+7,  4.658848E-4
1.079750E+7,  4.626960E-4
1.080375E+7,  4.881173E-4
1.081000E+7,  4.635304E-4
1.081625E+7,  4.604757E-4
1.082250E+7,  4.723221E-4
1.082875E+7,  4.487187E-4
1.083500E+7,  4.718900E-4
1.084125E+7,  4.950464E-4
1.084750E+7,  4.786253E-4
1.085375E+7,  4.901290E-4
1.086000E+7,  4.859269E-4
1.086625E+7,  5.018115E-4
1.087250E+7,  4.861355E-4
1.087875E+7,  4.957318E-4
1.088500E+7,  4.888475E-4
1.089125E+7,  4.855841E-4
1.089750E+7,  4.840642E-4
1.090375E+7,  5.050004E-4
1.091000E+7,  4.871935E-4
1.091625E+7,  5.132854E-4
1.092250E+7,  4.908442E-4
1.092875E+7,  5.002320E-4
1.093500E+7,  5.224347E-4
1.094125E+7,  5.137026E-4
1.094750E+7,  5.123913E-4
1.095375E+7,  5.216897E-4
1.096000E+7,  4.894137E-4
1.096625E+7,  5.280077E-4
1.097250E+7,  5.248189E-4
1.097875E+7,  5.292296E-4
1.098500E+7,  5.201995E-4
1.099125E+7,  5.356669E-4
1.099750E+7,  5.025268E-4
1.100375E+7,  5.224049E-4
1.101000E+7,  5.324483E-4
1.101625E+7,  5.368590E-4
1.102250E+7,  5.338788E-4
1.102875E+7,  5.361140E-4
1.103500E+7,  5.554855E-4
1.104125E+7,  5.468130E-4
1.104750E+7,  5.330145E-4
1.105375E+7,  5.651414E-4
1.106000E+7,  5.548894E-4
1.106625E+7,  5.603135E-4
1.107250E+7,  5.514920E-4
1.107875E+7,  5.602539E-4
1.108500E+7,  5.411804E-4
1.109125E+7,  5.600750E-4
1.109750E+7,  5.657077E-4
1.110375E+7,  5.724728E-4
1.111000E+7,  5.553663E-4
1.111625E+7,  5.808175E-4
1.112250E+7,  5.703866E-4
1.112875E+7,  5.515516E-4
1.113500E+7,  5.619526E-4
1.114125E+7,  6.064177E-4
1.114750E+7,  6.129444E-4
1.115375E+7,  5.855262E-4
1.116000E+7,  5.850494E-4
1.116625E+7,  6.171167E-4
1.117250E+7,  6.038547E-4
1.117875E+7,  5.988777E-4
1.118500E+7,  6.206930E-4
1.119125E+7,  6.315410E-4
1.119750E+7,  5.968511E-4
1.120375E+7,  6.289184E-4
1.121000E+7,  6.290078E-4
1.121625E+7,  6.602108E-4
1.122250E+7,  7.075965E-4
1.122875E+7,  7.510483E-4
1.123500E+7,  8.194447E-4
1.124125E+7,  7.922351E-4
1.124750E+7,  8.047819E-4
1.125375E+7,  8.025765E-4
1.126000E+7,  7.762015E-4
1.126625E+7,  7.551908E-4
1.127250E+7,  7.960200E-4
1.127875E+7,  7.738471E-4
1.128500E+7,  7.862151E-4
1.129125E+7,  7.720590E-4
1.129750E+7,  7.042885E-4
1.130375E+7,  7.690191E-4
1.131000E+7,  7.590353E-4
1.131625E+7,  7.701516E-4
1.132250E+7,  8.139908E-4
1.132875E+7,  7.729828E-4
1.133500E+7,  8.219779E-4
1.134125E+7,  7.863343E-4
1.134750E+7,  7.725060E-4
1.135375E+7,  7.834733E-4
1.136000E+7,  7.154047E-4
1.136625E+7,  7.981956E-4
1.137250E+7,  7.958412E-4
1.137875E+7,  8.247793E-4
1.138500E+7,  7.998049E-4
1.139125E+7,  7.753968E-4
1.139750E+7,  7.758439E-4
1.140375E+7,  7.791519E-4
1.141000E+7,  7.654727E-4
1.141625E+7,  7.918477E-4
1.142250E+7,  7.907152E-4
1.142875E+7,  8.197427E-4
1.143500E+7,  7.929504E-4
1.144125E+7,  8.117855E-4
1.144750E+7,  8.770525E-4
1.145375E+7,  9.090006E-4
1.146000E+7,  9.056628E-4
1.146625E+7,  9.395778E-4
1.147250E+7,  9.144247E-4
1.147875E+7,  8.774698E-4
1.148500E+7,  8.956492E-4
1.149125E+7,  9.590685E-4
1.149750E+7,  1.010418E-3
1.150375E+7,  9.928942E-4
1.151000E+7,  1.010478E-3
1.151625E+7,  9.709597E-4
1.152250E+7,  9.554625E-4
1.152875E+7,  9.335279E-4
1.153500E+7,  9.034574E-4
1.154125E+7,  1.023293E-3
1.154750E+7,  1.020074E-3
1.155375E+7,  1.029491E-3
1.156000E+7,  1.139104E-3
1.156625E+7,  1.170397E-3
1.157250E+7,  1.151443E-3
1.157875E+7,  1.177669E-3
1.158500E+7,  1.257837E-3
1.159125E+7,  1.165032E-3
1.159750E+7,  1.129925E-3
1.160375E+7,  1.179874E-3
1.161000E+7,  1.198351E-3
1.161625E+7,  1.279533E-3
1.162250E+7,  1.387596E-3
1.162875E+7,  1.596093E-3
1.163500E+7,  1.660109E-3
1.164125E+7,  1.897573E-3
1.164750E+7,  2.114058E-3
1.165375E+7,  2.027631E-3
1.166000E+7,  1.974583E-3
1.166625E+7,  2.175093E-3
1.167250E+7,  2.083063E-3
1.167875E+7,  2.069354E-3
1.168500E+7,  2.083778E-3
1.169125E+7,  2.099276E-3
1.169750E+7,  2.113104E-3
1.170375E+7,  2.138257E-3
1.171000E+7,  2.168775E-3
1.171625E+7,  2.168298E-3
1.172250E+7,  2.198339E-3
1.172875E+7,  2.213478E-3
1.173500E+7,  2.212048E-3
1.174125E+7,  2.285480E-3
1.174750E+7,  2.241254E-3
1.175375E+7,  2.288103E-3
1.176000E+7,  2.240062E-3
1.176625E+7,  2.299070E-3
1.177250E+7,  2.284646E-3
1.177875E+7,  2.351999E-3
1.178500E+7,  2.370000E-3
1.179125E+7,  2.372384E-3
1.179750E+7,  2.375245E-3
1.180375E+7,  2.377272E-3
1.181000E+7,  2.388954E-3
1.181625E+7,  2.369285E-3
1.182250E+7,  2.490044E-3
1.182875E+7,  2.482295E-3
1.183500E+7,  2.499580E-3
1.184125E+7,  2.496243E-3
1.184750E+7,  2.561331E-3
1.185375E+7,  2.498746E-3
1.186000E+7,  2.566814E-3
1.186625E+7,  2.594471E-3
1.187250E+7,  2.635241E-3
1.187875E+7,  2.655864E-3
1.188500E+7,  2.639294E-3
1.189125E+7,  2.651215E-3
1.189750E+7,  2.705336E-3
1.190375E+7,  2.743602E-3
1.191000E+7,  2.730846E-3
1.191625E+7,  2.767801E-3
1.192250E+7,  2.771974E-3
1.192875E+7,  2.808452E-3
1.193500E+7,  2.802730E-3
1.194125E+7,  2.851009E-3
1.194750E+7,  2.866030E-3
1.195375E+7,  2.892017E-3
1.196000E+7,  2.931237E-3
1.196625E+7,  2.922058E-3
1.197250E+7,  2.917886E-3
1.197875E+7,  2.999425E-3
1.198500E+7,  3.050923E-3
1.199125E+7,  3.025413E-3
1.199750E+7,  3.053427E-3
1.200375E+7,  3.058672E-3
1.201000E+7,  3.076792E-3
1.201625E+7,  3.100038E-3
1.202250E+7,  3.164172E-3
1.202875E+7,  3.171921E-3
1.203500E+7,  3.156543E-3
1.204125E+7,  3.144026E-3
1.204750E+7,  3.159165E-3
1.205375E+7,  3.255248E-3
1.206000E+7,  3.191710E-3
1.206625E+7,  3.263354E-3
1.207250E+7,  3.370404E-3
1.207875E+7,  3.297210E-3
1.208500E+7,  3.289700E-3
1.209125E+7,  3.323078E-3
1.209750E+7,  3.331900E-3
1.210375E+7,  3.427386E-3
1.211000E+7,  3.407955E-3
1.211625E+7,  3.455162E-3
1.212250E+7,  3.448009E-3
1.212875E+7,  3.522873E-3
1.213500E+7,  3.472805E-3
1.214125E+7,  3.581524E-3
1.214750E+7,  3.530383E-3
1.215375E+7,  3.661633E-3
1.216000E+7,  3.610849E-3
1.216625E+7,  3.693938E-3
1.217250E+7,  3.699422E-3
1.217875E+7,  3.732443E-3
1.218500E+7,  3.762841E-3
1.219125E+7,  3.814578E-3
1.219750E+7,  3.813267E-3
1.220375E+7,  3.879428E-3
1.221000E+7,  3.929615E-3
1.221625E+7,  4.009724E-3
1.222250E+7,  3.974199E-3
1.222875E+7,  4.071474E-3
1.223500E+7,  4.125834E-3
1.224125E+7,  4.120827E-3
1.224750E+7,  4.137278E-3
1.225375E+7,  4.155636E-3
1.226000E+7,  4.226923E-3
1.226625E+7,  4.283905E-3
1.227250E+7,  4.281759E-3
1.227875E+7,  4.389286E-3
1.228500E+7,  4.419804E-3
1.229125E+7,  4.467964E-3
1.229750E+7,  4.498959E-3
1.230375E+7,  4.541159E-3
1.231000E+7,  4.554510E-3
1.231625E+7,  4.619837E-3
1.232250E+7,  4.683018E-3
1.232875E+7,  4.717350E-3
1.233500E+7,  4.779816E-3
1.234125E+7,  4.841328E-3
1.234750E+7,  4.931450E-3
1.235375E+7,  4.946470E-3
1.236000E+7,  5.050898E-3
1.236625E+7,  5.081892E-3
1.237250E+7,  5.129099E-3
1.237875E+7,  5.213261E-3
1.238500E+7,  5.226135E-3
1.239125E+7,  5.300045E-3
1.239750E+7,  5.364180E-3
1.240375E+7,  5.465031E-3
1.241000E+7,  5.507469E-3
1.241625E+7,  5.586386E-3
1.242250E+7,  5.657673E-3
1.242875E+7,  5.745888E-3
1.243500E+7,  5.803108E-3
1.244125E+7,  5.905628E-3
1.244750E+7,  5.962849E-3
1.245375E+7,  6.035805E-3
1.246000E+7,  6.111622E-3
1.246625E+7,  6.161213E-3
1.247250E+7,  6.251097E-3
1.247875E+7,  6.337404E-3
1.248500E+7,  6.407499E-3
1.249125E+7,  6.469727E-3
1.249750E+7,  6.571531E-3
1.250375E+7,  6.729126E-3
1.251000E+7,  6.747246E-3
1.251625E+7,  6.884575E-3
1.252250E+7,  6.994009E-3
1.252875E+7,  7.020235E-3
1.253500E+7,  7.081747E-3
1.254125E+7,  7.231712E-3
1.254750E+7,  7.340193E-3
1.255375E+7,  7.496834E-3
1.256000E+7,  7.580280E-3
1.256625E+7,  7.661581E-3
1.257250E+7,  7.820606E-3
1.257875E+7,  7.927418E-3
1.258500E+7,  8.007050E-3
1.259125E+7,  8.175850E-3
1.259750E+7,  8.258820E-3
1.260375E+7,  8.369446E-3
1.261000E+7,  8.507729E-3
1.261625E+7,  8.722782E-3
1.262250E+7,  8.807182E-3
1.262875E+7,  9.164333E-3
1.263500E+7,  8.914471E-3
1.264125E+7,  9.238243E-3
1.264750E+7,  9.427547E-3
1.265375E+7,  9.509563E-3
1.266000E+7,  9.701252E-3
1.266625E+7,  9.841919E-3
1.267250E+7,  1.017237E-2
1.267875E+7,  1.040983E-2
1.268500E+7,  1.079226E-2
1.269125E+7,  1.089764E-2
1.269750E+7,  1.048756E-2
1.270375E+7,  1.041603E-2
1.271000E+7,  1.202631E-2
1.271625E+7,  1.124620E-2
1.272250E+7,  1.144314E-2
1.272875E+7,  1.168823E-2
1.273500E+7,  1.210356E-2
1.274125E+7,  1.216602E-2
1.274750E+7,  1.252937E-2
1.275375E+7,  1.258039E-2
1.276000E+7,  1.281309E-2
1.276625E+7,  1.300716E-2
1.277250E+7,  9.775639E-3
1.277875E+7,  1.242208E-2
1.278500E+7,  1.420164E-2
1.279125E+7,  1.493168E-2
1.279750E+7,  1.440573E-2
1.280375E+7,  1.385021E-2
1.281000E+7,  1.286411E-2
1.281625E+7,  1.632309E-2
1.282250E+7,  1.628780E-2
1.282875E+7,  1.621628E-2
1.283500E+7,  1.521826E-2
1.284125E+7,  1.809883E-2
1.284750E+7,  1.795292E-2
1.285375E+7,  1.872826E-2
1.286000E+7,  1.871681E-2
1.286625E+7,  1.966190E-2
1.287250E+7,  1.988316E-2
1.287875E+7,  1.983547E-2
1.288500E+7,  1.986790E-2
1.289125E+7,  2.164173E-2
1.289750E+7,  2.172184E-2
1.290375E+7,  2.157974E-2
1.291000E+7,  2.231121E-2
1.291625E+7,  2.381325E-2
1.292250E+7,  2.111340E-2
1.292875E+7,  2.349091E-2
1.293500E+7,  2.177811E-2
1.294125E+7,  2.291584E-2
1.294750E+7,  1.942444E-2
1.295375E+7,  1.462317E-2
1.296000E+7,  1.176214E-2
1.296625E+7,  1.137400E-2
1.297250E+7,  1.182318E-2
1.297875E+7,  1.204538E-2
1.298500E+7,  1.224232E-2
1.299125E+7,  1.257467E-2
1.299750E+7,  1.285267E-2
1.300375E+7,  1.325130E-2
1.301000E+7,  1.361370E-2
1.301625E+7,  1.393652E-2
1.302250E+7,  1.440525E-2
1.302875E+7,  1.478100E-2
1.303500E+7,  1.518869E-2
1.304125E+7,  1.564217E-2
1.304750E+7,  1.610661E-2
1.305375E+7,  1.652813E-2
1.306000E+7,  1.704311E-2
1.306625E+7,  1.757717E-2
1.307250E+7,  1.810741E-2
1.307875E+7,  1.878357E-2
1.308500E+7,  1.938629E-2
1.309125E+7,  2.009964E-2
1.309750E+7,  2.070045E-2
1.310375E+7,  2.138996E-2
1.311000E+7,  2.213669E-2
1.311625E+7,  2.293301E-2
1.312250E+7,  2.380848E-2
1.312875E+7,  2.473259E-2
1.313500E+7,  2.568626E-2
1.314125E+7,  2.659702E-2
1.314750E+7,  2.772427E-2
1.315375E+7,  2.917957E-2
1.316000E+7,  3.041649E-2
1.316625E+7,  3.168106E-2
1.317250E+7,  3.273582E-2
1.317875E+7,  3.435326E-2
1.318500E+7,  3.581047E-2
1.319125E+7,  3.764725E-2
1.319750E+7,  3.886604E-2
1.320375E+7,  4.069901E-2
1.321000E+7,  4.301643E-2
1.321625E+7,  4.447937E-2
1.322250E+7,  4.668045E-2
1.322875E+7,  4.932976E-2
1.323500E+7,  5.228233E-2
1.324125E+7,  5.572891E-2
1.324750E+7,  5.994415E-2
1.325375E+7,  6.446075E-2
1.326000E+7,  6.761932E-2
1.326625E+7,  7.189178E-2
1.327250E+7,  7.669449E-2
1.327875E+7,  8.249283E-2
1.328500E+7,  8.717728E-2
1.329125E+7,  9.469604E-2
1.329750E+7,  1.010513E-1
1.330375E+7,  1.074600E-1
1.331000E+7,  1.186638E-1
1.331625E+7,  1.278381E-1
1.332250E+7,  1.414795E-1
1.332875E+7,  1.483917E-1
1.333500E+7,  1.561890E-1
1.334125E+7,  1.676102E-1
1.334750E+7,  1.813812E-1
1.335375E+7,  2.011490E-1
1.336000E+7,  2.193985E-1
1.336625E+7,  2.368851E-1
1.337250E+7,  2.636414E-1
1.337875E+7,  2.864990E-1
1.338500E+7,  3.118896E-1
1.339125E+7,  3.449554E-1
1.339750E+7,  3.714752E-1
1.340375E+7,  3.964081E-1
1.341000E+7,  4.215393E-1
1.341625E+7,  4.470825E-1
1.342250E+7,  4.619446E-1
1.342875E+7,  4.748077E-1
1.343500E+7,  4.817047E-1
1.344125E+7,  4.757690E-1
1.344750E+7,  4.741974E-1
1.345375E+7,  4.682312E-1
1.346000E+7,  4.604492E-1
1.346625E+7,  4.561005E-1
1.347250E+7,  4.544525E-1
1.347875E+7,  4.469910E-1
1.348500E+7,  4.392242E-1
1.349125E+7,  4.360809E-1
1.349750E+7,  4.365234E-1
1.350375E+7,  4.409790E-1
1.351000E+7,  4.414520E-1
1.351625E+7,  4.435883E-1
1.352250E+7,  4.491882E-1
1.352875E+7,  4.558868E-1
1.353500E+7,  4.641876E-1
1.354125E+7,  4.716644E-1
1.354750E+7,  4.798737E-1
1.355375E+7,  4.868622E-1
1.356000E+7,  4.902954E-1
1.356625E+7,  4.907379E-1
1.357250E+7,  4.869080E-1
1.357875E+7,  4.791870E-1
1.358500E+7,  4.646912E-1
1.359125E+7,  4.454498E-1
1.359750E+7,  4.231567E-1
1.360375E+7,  3.968506E-1
1.361000E+7,  3.701630E-1
1.361625E+7,  3.436737E-1
1.362250E+7,  3.183899E-1
1.362875E+7,  2.945251E-1
1.363500E+7,  2.730103E-1
1.364125E+7,  2.523956E-1
1.364750E+7,  2.340469E-1
1.365375E+7,  2.172852E-1
1.366000E+7,  2.027664E-1
1.366625E+7,  1.899643E-1
1.367250E+7,  1.773834E-1
1.367875E+7,  1.666641E-1
1.368500E+7,  1.563568E-1
1.369125E+7,  1.471710E-1
1.369750E+7,  1.387329E-1
1.370375E+7,  1.312714E-1
1.371000E+7,  1.245651E-1
1.371625E+7,  1.185760E-1
1.372250E+7,  1.124496E-1
1.372875E+7,  1.075859E-1
1.373500E+7,  1.032333E-1
1.374125E+7,  9.848022E-2
1.374750E+7,  9.456253E-2
1.375375E+7,  9.096527E-2
1.376000E+7,  8.760452E-2
1.376625E+7,  8.440781E-2
1.377250E+7,  8.135223E-2
1.377875E+7,  7.876205E-2
1.378500E+7,  7.633209E-2
1.379125E+7,  7.404709E-2
1.379750E+7,  7.186127E-2
1.380375E+7,  6.987000E-2
1.381000E+7,  6.802368E-2
1.381625E+7,  6.637192E-2
1.382250E+7,  6.470871E-2
1.382875E+7,  6.327438E-2
1.383500E+7,  6.191826E-2
1.384125E+7,  6.075478E-2
1.384750E+7,  5.948067E-2
1.385375E+7,  5.847549E-2
1.386000E+7,  5.744934E-2
1.386625E+7,  5.657578E-2
1.387250E+7,  5.581093E-2
1.387875E+7,  5.511856E-2
1.388500E+7,  5.449486E-2
1.389125E+7,  5.400276E-2
1.389750E+7,  5.345535E-2
1.390375E+7,  5.308533E-2
1.391000E+7,  5.270195E-2
1.391625E+7,  5.245018E-2
1.392250E+7,  5.222702E-2
1.392875E+7,  5.217361E-2
1.393500E+7,  5.212212E-2
1.394125E+7,  5.223274E-2
1.394750E+7,  5.239868E-2
1.395375E+7,  5.268478E-2
1.396000E+7,  5.301476E-2
1.396625E+7,  5.345345E-2
1.397250E+7,  5.406761E-2
1.397875E+7,  5.470276E-2
1.398500E+7,  5.558586E-2
1.399125E+7,  5.662346E-2
1.399750E+7,  5.780411E-2
1.400375E+7,  5.918884E-2
1.401000E+7,  6.089592E-2
1.401625E+7,  6.272888E-2
1.402250E+7,  6.498337E-2
1.402875E+7,  6.754684E-2
1.403500E+7,  7.059097E-2
1.404125E+7,  7.409668E-2
1.404750E+7,  7.830048E-2
1.405375E+7,  8.322144E-2
1.406000E+7,  8.909988E-2
1.406625E+7,  9.600449E-2
1.407250E+7,  1.043472E-1
1.407875E+7,  1.140175E-1
1.408500E+7,  1.250381E-1
1.409125E+7,  1.366119E-1
1.409750E+7,  1.467285E-1
1.410375E+7,  1.527786E-1
1.411000E+7,  1.511383E-1
1.411625E+7,  1.413269E-1
1.412250E+7,  1.265259E-1
1.412875E+7,  1.107941E-1
1.413500E+7,  9.580231E-2
1.414125E+7,  8.266449E-2
1.414750E+7,  7.189178E-2
1.415375E+7,  6.306076E-2
1.416000E+7,  5.554581E-2
1.416625E+7,  4.932785E-2
1.417250E+7,  4.408455E-2
1.417875E+7,  3.963661E-2
1.418500E+7,  3.587532E-2
1.419125E+7,  3.264046E-2
1.419750E+7,  2.982330E-2
1.420375E+7,  2.730370E-2
1.421000E+7,  2.514744E-2
1.421625E+7,  2.315521E-2
1.422250E+7,  2.150536E-2
1.422875E+7,  1.992321E-2
1.423500E+7,  1.854706E-2
1.424125E+7,  1.730728E-2
1.424750E+7,  1.618958E-2
1.425375E+7,  1.519394E-2
1.426000E+7,  1.423693E-2
1.426625E+7,  1.336336E-2
1.427250E+7,  1.260233E-2
1.427875E+7,  1.183605E-2
1.428500E+7,  1.120520E-2
1.429125E+7,  1.059389E-2
1.429750E+7,  1.002789E-2
1.430375E+7,  9.512424E-3
1.431000E+7,  9.005547E-3
1.431625E+7,  8.547306E-3
1.432250E+7,  8.148670E-3
1.432875E+7,  7.751703E-3
1.433500E+7,  7.368088E-3
1.434125E+7,  6.996155E-3
1.434750E+7,  6.681204E-3
1.435375E+7,  6.392717E-3
1.436000E+7,  6.117344E-3
1.436625E+7,  5.835056E-3
1.437250E+7,  5.574703E-3
1.437875E+7,  5.345106E-3
1.438500E+7,  5.144835E-3
1.439125E+7,  4.919767E-3
1.439750E+7,  4.714012E-3
1.440375E+7,  4.525423E-3
1.441000E+7,  4.335403E-3
1.441625E+7,  4.164457E-3
1.442250E+7,  3.986359E-3
1.442875E+7,  3.834605E-3
1.443500E+7,  3.689289E-3
1.444125E+7,  3.562927E-3
1.444750E+7,  3.424406E-3
1.445375E+7,  3.290772E-3
1.446000E+7,  3.166676E-3
1.446625E+7,  3.062725E-3
1.447250E+7,  2.938151E-3
1.447875E+7,  2.806306E-3
1.448500E+7,  2.742052E-3
1.449125E+7,  2.652049E-3
1.449750E+7,  2.561688E-3
1.450375E+7,  2.448440E-3
1.451000E+7,  2.370596E-3
1.451625E+7,  2.279878E-3
1.452250E+7,  2.206564E-3
1.452875E+7,  2.124786E-3
1.453500E+7,  2.066255E-3
1.454125E+7,  2.006888E-3
1.454750E+7,  1.948774E-3
1.455375E+7,  1.856387E-3
1.456000E+7,  1.823485E-3
1.456625E+7,  1.758218E-3
1.457250E+7,  1.716256E-3
1.457875E+7,  1.635849E-3
1.458500E+7,  1.597881E-3
1.459125E+7,  1.539588E-3
1.459750E+7,  1.481056E-3
1.460375E+7,  1.442313E-3
1.461000E+7,  1.399219E-3
1.461625E+7,  1.350224E-3
1.462250E+7,  1.313567E-3
1.462875E+7,  1.263320E-3
1.463500E+7,  1.243889E-3
1.464125E+7,  1.194954E-3
1.464750E+7,  1.185596E-3
1.465375E+7,  1.145303E-3
1.466000E+7,  1.113415E-3
1.466625E+7,  1.103461E-3
1.467250E+7,  1.049936E-3
1.467875E+7,  1.012564E-3
1.468500E+7,  9.796619E-4
1.469125E+7,  9.598732E-4
1.469750E+7,  9.445846E-4
1.470375E+7,  9.260774E-4
1.471000E+7,  8.906126E-4
1.471625E+7,  8.477271E-4
1.472250E+7,  8.262694E-4
1.472875E+7,  8.222461E-4
1.473500E+7,  8.046627E-4
1.474125E+7,  7.634461E-4
1.474750E+7,  7.402003E-4
1.475375E+7,  7.117987E-4
1.476000E+7,  7.207394E-4
1.476625E+7,  6.825328E-4
1.477250E+7,  6.652772E-4
1.477875E+7,  6.651580E-4
1.478500E+7,  6.333888E-4
1.479125E+7,  6.079674E-4
1.479750E+7,  5.978644E-4
1.480375E+7,  5.874634E-4
1.481000E+7,  5.699694E-4
1.481625E+7,  5.463362E-4
1.482250E+7,  5.618334E-4
1.482875E+7,  5.278587E-4
1.483500E+7,  4.986525E-4
1.484125E+7,  5.083382E-4
1.484750E+7,  4.935265E-4
1.485375E+7,  4.851669E-4
1.486000E+7,  4.647821E-4
1.486625E+7,  4.591793E-4
1.487250E+7,  4.574805E-4
1.487875E+7,  4.410446E-4
1.488500E+7,  4.286468E-4
1.489125E+7,  4.209280E-4
1.489750E+7,  3.958344E-4
1.490375E+7,  3.871769E-4
1.491000E+7,  3.756434E-4
1.491625E+7,  3.725588E-4
1.492250E+7,  3.570318E-4
1.492875E+7,  3.466457E-4
1.493500E+7,  3.498644E-4
1.494125E+7,  3.359914E-4
1.494750E+7,  3.338754E-4
1.495375E+7,  3.274679E-4
1.496000E+7,  3.263801E-4
1.496625E+7,  3.005564E-4
1.497250E+7,  3.264546E-4
1.497875E+7,  3.008544E-4
1.498500E+7,  2.838373E-4
1.499125E+7,  2.646148E-4
1.499750E+7,  2.857894E-4
1.500375E+7,  2.775788E-4
1.501000E+7,  2.549440E-4
1.501625E+7,  2.193451E-4
1.502250E+7,  2.524555E-4
1.502875E+7,  2.475828E-4
1.503500E+7,  2.270862E-4
1.504125E+7,  2.349988E-4
1.504750E+7,  2.232268E-4
1.505375E+7,  2.067834E-4
1.506000E+7,  2.561212E-4
1.506625E+7,  2.203062E-4
1.507250E+7,  2.039522E-4
1.507875E+7,  2.123415E-4
1.508500E+7,  1.876131E-4
1.509125E+7,  1.785755E-4
1.509750E+7,  1.850650E-4
1.510375E+7,  1.825616E-4
1.511000E+7,  1.903847E-4
1.511625E+7,  1.798943E-4
1.512250E+7,  1.702309E-4
1.512875E+7,  1.745299E-4
1.513500E+7,  1.799539E-4
1.514125E+7,  1.511499E-4
1.514750E+7,  1.510307E-4
1.515375E+7,  1.666844E-4
1.516000E+7,  1.748800E-4
1.516625E+7,  1.648068E-4
1.517250E+7,  1.513287E-4
1.517875E+7,  1.382530E-4
1.518500E+7,  1.353100E-4
1.519125E+7,  1.385137E-4
1.519750E+7,  1.491308E-4
1.520375E+7,  1.272634E-4
1.521000E+7,  1.233593E-4
1.521625E+7,  1.364425E-4
1.522250E+7,  1.083612E-4
1.522875E+7,  1.244843E-4
1.523500E+7,  1.085699E-4
1.524125E+7,  1.142956E-4
1.524750E+7,  1.219250E-4
1.525375E+7,  1.089126E-4
1.526000E+7,  1.172647E-4
1.526625E+7,  1.157373E-4
1.527250E+7,  1.178719E-4
1.527875E+7,  8.612499E-5
1.528500E+7,  9.564683E-5
1.529125E+7,  9.823591E-5
1.529750E+7,  8.994341E-5
1.530375E+7,  9.748340E-5
1.531000E+7,  9.025261E-5
1.531625E+7,  9.125099E-5
1.532250E+7,  7.856637E-5
1.532875E+7,  9.287521E-5
1.533500E+7,  9.597465E-5
1.534125E+7,  8.300692E-5
1.534750E+7,  9.837002E-5
1.535375E+7,  6.075203E-5
1.536000E+7,  8.570775E-5
1.536625E+7,  7.410347E-5
1.537250E+7,  1.143776E-4
1.537875E+7,  6.536394E-5
1.538500E+7,  4.597008E-5
1.539125E+7,  8.484349E-5
1.539750E+7,  6.673858E-5
1.540375E+7,  7.019565E-5
1.541000E+7,  6.647408E-5
1.541625E+7,  4.026666E-5
1.542250E+7,  5.684793E-5
1.542875E+7,  7.194653E-5
1.543500E+7,  7.207692E-5
1.544125E+7,  4.589558E-5
1.544750E+7,  6.384030E-5
1.545375E+7,  5.302206E-5
1.546000E+7,  8.865073E-5
1.546625E+7,  4.895963E-5
1.547250E+7,  3.612414E-5
1.547875E+7,  7.207692E-5
1.548500E+7,  6.387010E-5
1.549125E+7,  3.782287E-5
1.549750E+7,  3.950298E-5
1.550375E+7,  7.306039E-5
1.551000E+7,  6.677583E-5
1.551625E+7,  5.320832E-5
1.552250E+7,  6.787106E-5
1.552875E+7,  4.550815E-5
1.553500E+7,  4.929863E-5
1.554125E+7,  6.460398E-5
1.554750E+7,  5.622022E-5
1.555375E+7,  4.431047E-5
1.556000E+7,  5.105324E-5
1.556625E+7,  6.019324E-5
1.557250E+7,  6.497651E-5
1.557875E+7,  4.542433E-5
1.558500E+7,  3.463775E-5
1.559125E+7,  1.154374E-5
1.559750E+7,  1.670420E-5
1.560375E+7,  3.242865E-5
1.561000E+7,  3.462657E-5
1.561625E+7,  4.586764E-5
1.562250E+7,  3.148615E-5
1.562875E+7,  3.662147E-5
1.563500E+7,  6.470457E-5
1.564125E+7,  1.607742E-5
1.564750E+7,  3.080256E-5
1.565375E+7,  1.547579E-5
1.566000E+7,  2.449844E-5
1.566625E+7,  4.101731E-5
1.567250E+7,  5.004928E-5
1.567875E+7,  2.453290E-5
1.568500E+7,  2.567004E-5
1.569125E+7,  3.157184E-5
1.569750E+7,  3.522076E-5
1.570375E+7,  3.145821E-5
1.571000E+7,  3.867969E-5
1.571625E+7,  5.104579E-5
1.572250E+7,  2.743769E-5
1.572875E+7,  3.822893E-5
1.573500E+7,  2.428982E-5
1.574125E+7,  8.455478E-6
1.574750E+7,  2.274290E-5
1.575375E+7,  1.893379E-5
1.576000E+7,  1.364155E-5
1.576625E+7,  2.310704E-5
1.577250E+7,  3.495812E-5
1.577875E+7,  8.483417E-6
1.578500E+7,  1.564622E-5
1.579125E+7,  7.584225E-6
1.579750E+7,  1.136819E-5
1.580375E+7,  4.073419E-5
1.581000E+7,  1.361966E-5
1.581625E+7,  1.555029E-5
1.582250E+7,  2.383720E-5
1.582875E+7,  1.683086E-5
1.583500E+7,  1.358287E-5
1.584125E+7,  1.686253E-5
1.584750E+7,  2.529379E-5
1.585375E+7,  2.380088E-5
1.586000E+7,  2.127700E-5
1.586625E+7,  8.414965E-6
1.587250E+7,  8.410774E-6
1.587875E+7,  3.101304E-5
1.588500E+7,  1.549534E-5
1.589125E+7,  2.126768E-5
1.589750E+7,  1.352001E-5
1.590375E+7,  7.502735E-6
1.591000E+7,  4.198216E-5
1.591625E+7,  2.516620E-5
1.592250E+7,  1.676381E-5
1.592875E+7,  8.377712E-6
1.593500E+7,  1.675542E-5
1.594125E+7,  7.488998E-6
1.594750E+7,  7.487601E-6
1.595375E+7,  2.724491E-5
1.596000E+7,  8.364208E-6
1.596625E+7,  3.744103E-5
1.597250E+7,  1.673959E-5
1.597875E+7,  2.996437E-5
1.598500E+7,  1.058448E-5
1.599125E+7,  7.486204E-6
1.599750E+7,  1.057889E-5
1.600375E+7,  1.372695E-4
1.601000E+7,  1.786947E-4
1.601625E+7,  4.263595E-5
1.602250E+7,  1.608655E-4
1.602875E+7,  1.611412E-4
1.603500E+7,  1.264587E-4
1.604125E+7,  7.939339E-5
1.604750E+7,  1.003519E-4
1.605375E+7,  8.909032E-5
1.606000E+7,  6.542355E-5
1.606625E+7,  1.493767E-4
1.607250E+7,  1.642108E-4
1.607875E+7,  3.903545E-5
1.608500E+7,  1.040921E-4
1.609125E+7,  7.175282E-5
1.609750E+7,  2.297480E-5
1.610375E+7,  2.315827E-5
1.611000E+7,  2.870895E-5
1.611625E+7,  1.183823E-4
1.612250E+7,  1.178719E-4
1.612875E+7,  3.987737E-5
1.613500E+7,  5.854294E-5
1.614125E+7,  2.070889E-5
1.614750E+7,  6.422028E-5
1.615375E+7,  4.028343E-5
1.616000E+7,  7.554889E-5
1.616625E+7,  6.921217E-5
1.617250E+7,  5.753152E-5
1.617875E+7,  9.480864E-5
1.618500E+7,  5.083159E-5
1.619125E+7,  5.920231E-5
1.619750E+7,  4.021637E-5
1.620375E+7,  1.149392E-5
1.621000E+7,  1.284899E-5
1.621625E+7,  4.184246E-5
1.622250E+7,  7.274747E-5
1.622875E+7,  6.088801E-5
1.623500E+7,  6.426126E-5
1.624125E+7,  3.635325E-5
1.624750E+7,  8.453801E-5
1.625375E+7,  1.248196E-4
1.626000E+7,  7.357448E-5
1.626625E+7,  4.388206E-5
1.627250E+7,  5.922653E-5
1.627875E+7,  1.202822E-4
1.628500E+7,  3.093854E-5
1.629125E+7,  9.930134E-5
1.629750E+7,  1.817290E-5
1.630375E+7,  1.401529E-4
1.631000E+7,  4.912354E-5
1.631625E+7,  1.022629E-4
1.632250E+7,  5.691312E-5
1.632875E+7,  8.640438E-5
1.633500E+7,  1.016073E-4
1.634125E+7,  8.296967E-5
1.634750E+7,  6.704032E-5
1.635375E+7,  4.737452E-5
1.636000E+7,  8.793175E-5
1.636625E+7,  3.635883E-5
1.637250E+7,  3.507920E-5
1.637875E+7,  9.084120E-5
1.638500E+7,  1.247600E-4
1.639125E+7,  1.313090E-4
1.639750E+7,  1.430064E-4
1.640375E+7,  1.175627E-4
1.641000E+7,  1.244843E-4
1.641625E+7,  2.311692E-4
1.642250E+7,  4.879199E-5
1.642875E+7,  2.246257E-5
1.643500E+7,  6.922707E-5
1.644125E+7,  7.741898E-5
1.644750E+7,  7.120147E-5
1.645375E+7,  5.752407E-5
1.646000E+7,  7.527694E-5
1.646625E+7,  3.860891E-5
1.647250E+7,  7.480755E-5
1.647875E+7,  1.239702E-4
1.648500E+7,  6.560236E-5
1.649125E+7,  2.095103E-5
1.649750E+7,  1.750048E-5
1.650375E+7,  4.000403E-5
1.651000E+7,  7.196516E-5
1.651625E+7,  5.827472E-5
1.652250E+7,  2.877042E-5
1.652875E+7,  1.062602E-4
1.653500E+7,  3.359467E-5
1.654125E+7,  5.679950E-5
1.654750E+7,  4.795194E-5
1.655375E+7,  8.686632E-5
1.656000E+7,  7.265806E-5
1.656625E+7,  5.761860E-6
1.657250E+7,  3.371201E-5
1.657875E+7,  5.033799E-5
1.658500E+7,  5.798601E-5
1.659125E+7,  4.729070E-5
1.659750E+7,  1.280382E-4
1.660375E+7,  1.336336E-4
1.661000E+7,  5.761860E-6
1.661625E+7,  1.823064E-5
1.662250E+7,  5.913153E-5
1.662875E+7,  3.365241E-5
1.663500E+7,  6.481633E-5
1.664125E+7,  4.291721E-5
1.664750E+7,  9.395182E-5
1.665375E+7,  6.197765E-5
1.666000E+7,  9.676069E-5
1.666625E+7,  1.080856E-4
1.667250E+7,  1.008101E-4
1.667875E+7,  7.960945E-5
1.668500E+7,  1.218319E-4
1.669125E+7,  1.247972E-4
1.669750E+7,  1.188591E-4
1.670375E+7,  9.397045E-5
1.671000E+7,  4.652888E-5
1.671625E+7,  4.901551E-5
1.672250E+7,  1.634210E-4
1.672875E+7,  3.112480E-5
1.673500E+7,  5.781651E-5
1.674125E+7,  2.528876E-4
1.674750E+7,  6.670132E-5
1.675375E+7,  7.405877E-5
1.676000E+7,  7.221475E-5
1.676625E+7,  1.046956E-4
1.677250E+7,  8.672941E-6
1.677875E+7,  9.402260E-5
1.678500E+7,  1.215115E-4
1.679125E+7,  5.691126E-5
1.679750E+7,  3.073178E-5
1.680375E+7,  3.527664E-5
1.681000E+7,  5.109794E-5
1.681625E+7,  5.454198E-5
1.682250E+7,  5.957298E-5
1.682875E+7,  6.131828E-5
1.683500E+7,  1.240820E-4
1.684125E+7,  5.690940E-5
1.684750E+7,  9.832159E-5
1.685375E+7,  4.849769E-5
1.686000E+7,  5.307049E-5
1.686625E+7,  4.663505E-5
1.687250E+7,  5.588308E-5
1.687875E+7,  1.504570E-4
1.688500E+7,  6.183982E-5
1.689125E+7,  4.087947E-5
1.689750E+7,  4.628673E-5
1.690375E+7,  6.605312E-5
1.691000E+7,  4.668161E-5
1.691625E+7,  1.043081E-4
1.692250E+7,  8.819997E-5
1.692875E+7,  1.168028E-4
1.693500E+7,  6.687269E-5
1.694125E+7,  1.101382E-4
1.694750E+7,  9.683892E-5
1.695375E+7,  8.294731E-5
1.696000E+7,  3.938936E-5
1.696625E+7,  5.818531E-5
1.697250E+7,  2.227351E-4
1.697875E+7,  3.378652E-5
1.698500E+7,  8.437037E-5
1.699125E+7,  1.168139E-4
1.699750E+7,  1.915693E-4
1.700375E+7,  1.684129E-4
1.701000E+7,  7.427856E-5
1.701625E+7,  1.756921E-4
1.702250E+7,  1.433045E-4
1.702875E+7,  6.248429E-5
1.703500E+7,  9.073317E-5
1.704125E+7,  4.069880E-5
1.704750E+7,  9.480119E-5
1.705375E+7,  1.190417E-4
1.706000E+7,  5.189329E-5
1.706625E+7,  1.407415E-4
1.707250E+7,  4.226342E-5
1.707875E+7,  8.473918E-5
1.708500E+7,  1.950264E-4
1.709125E+7,  1.224279E-4
1.709750E+7,  5.841814E-5
1.710375E+7,  7.118285E-5
1.711000E+7,  1.766253E-5
1.711625E+7,  4.434213E-5
1.712250E+7,  7.927790E-5
1.712875E+7,  4.109181E-5
1.713500E+7,  4.678406E-5
1.714125E+7,  6.232783E-5
1.714750E+7,  7.988885E-5
1.715375E+7,  4.832074E-5
1.716000E+7,  4.359335E-5
1.716625E+7,  5.808286E-5
1.717250E+7,  3.397278E-5
1.717875E+7,  7.557869E-5
1.718500E+7,  4.732423E-5
1.719125E+7,  8.211657E-5
1.719750E+7,  3.822707E-5
1.720375E+7,  1.130998E-4
1.721000E+7,  6.501749E-5
1.721625E+7,  5.645119E-5
1.722250E+7,  5.239807E-5
1.722875E+7,  7.678568E-5
1.723500E+7,  4.081614E-5
1.724125E+7,  6.712973E-5
1.724750E+7,  1.854599E-4
1.725375E+7,  5.813316E-5
1.726000E+7,  3.539026E-5
1.726625E+7,  2.346095E-5
1.727250E+7,  6.863847E-5
1.727875E+7,  3.251806E-5
1.728500E+7,  4.430115E-5
1.729125E+7,  6.290898E-5
1.729750E+7,  8.799881E-5
1.730375E+7,  8.728821E-6
1.731000E+7,  5.235150E-5
1.731625E+7,  7.639825E-5
1.732250E+7,  8.092821E-5
1.732875E+7,  6.139651E-5
1.733500E+7,  6.504729E-5
1.734125E+7,  3.917329E-5
1.734750E+7,  4.700944E-5
1.735375E+7,  1.813248E-4
1.736000E+7,  7.405505E-5
1.736625E+7,  1.147315E-4
1.737250E+7,  6.407499E-5
1.737875E+7,  6.463379E-5
1.738500E+7,  5.745143E-5
1.739125E+7,  8.058175E-5
1.739750E+7,  6.468967E-5
1.740375E+7,  9.043142E-5
1.741000E+7,  4.944578E-5
1.741625E+7,  4.697964E-5
1.742250E+7,  1.179948E-4
1.742875E+7,  1.473874E-4
1.743500E+7,  1.843274E-5
1.744125E+7,  4.743598E-5
1.744750E+7,  5.831011E-6
1.745375E+7,  5.828450E-6
1.746000E+7,  9.200349E-5
1.746625E+7,  4.889444E-5
1.747250E+7,  3.511272E-5
1.747875E+7,  4.954636E-5
1.748500E+7,  6.259978E-5
1.749125E+7,  6.476790E-5
1.749750E+7,  4.950911E-5
1.750375E+7,  7.292256E-5
1.751000E+7,  1.649465E-5
1.751625E+7,  1.173094E-4
1.752250E+7,  2.102461E-5
1.752875E+7,  6.813928E-5
1.753500E+7,  6.018020E-5
1.754125E+7,  3.156066E-5
1.754750E+7,  6.530434E-5
1.755375E+7,  4.560128E-5
1.756000E+7,  1.650862E-5
1.756625E+7,  7.177144E-5
1.757250E+7,  4.707277E-5
1.757875E+7,  1.650676E-5
1.758500E+7,  5.103089E-5
1.759125E+7,  5.023926E-5
1.759750E+7,  3.416836E-5
1.760375E+7,  4.448742E-5
1.761000E+7,  6.160140E-5
1.761625E+7,  4.818290E-5
1.762250E+7,  5.287863E-5
1.762875E+7,  7.680058E-5
1.763500E+7,  8.625910E-5
1.764125E+7,  1.340508E-4
1.764750E+7,  1.070276E-4
1.765375E+7,  1.059622E-4
1.766000E+7,  1.461385E-5
1.766625E+7,  8.269027E-5
1.767250E+7,  1.630634E-4
1.767875E+7,  1.289994E-4
1.768500E+7,  4.388019E-5
1.769125E+7,  1.605675E-4
1.769750E+7,  5.547889E-5
1.770375E+7,  3.746152E-5
1.771000E+7,  1.109652E-4
1.771625E+7,  8.787215E-5
1.772250E+7,  2.880208E-5
1.772875E+7,  4.687905E-5
1.773500E+7,  8.131564E-5
1.774125E+7,  3.218465E-5
1.774750E+7,  1.164749E-4
1.775375E+7,  3.982894E-5
1.776000E+7,  2.880488E-5
1.776625E+7,  2.767146E-4
1.777250E+7,  8.094311E-5
1.777875E+7,  4.095957E-5
1.778500E+7,  2.484117E-5
1.779125E+7,  5.175173E-5
1.779750E+7,  6.040186E-5
1.780375E+7,  3.427826E-5
1.781000E+7,  6.544963E-5
1.781625E+7,  5.236827E-5
1.782250E+7,  4.139729E-5
1.782875E+7,  7.698312E-5
1.783500E+7,  8.121133E-5
1.784125E+7,  5.270727E-5
1.784750E+7,  1.851562E-5
1.785375E+7,  4.393607E-5
1.786000E+7,  1.852959E-5
1.786625E+7,  5.600415E-5
1.787250E+7,  4.222989E-5
1.787875E+7,  1.310697E-5
1.788500E+7,  2.930313E-5
1.789125E+7,  1.075156E-4
1.789750E+7,  2.417713E-5
1.790375E+7,  4.269555E-5
1.791000E+7,  3.520772E-5
1.791625E+7,  6.551389E-6
1.792250E+7,  5.864538E-5
1.792875E+7,  6.311387E-5
1.793500E+7,  3.530830E-5
1.794125E+7,  8.634478E-5
1.794750E+7,  2.639554E-5
1.795375E+7,  5.190820E-5
1.796000E+7,  6.482005E-5
1.796625E+7,  6.591901E-5
1.797250E+7,  9.610131E-5
1.797875E+7,  1.057517E-5
1.798500E+7,  2.100021E-4
1.799125E+7,  6.643310E-5
1.799750E+7,  7.702038E-5
1.800375E+7,  2.893060E-5
1.801000E+7,  9.279698E-5
1.801625E+7,  1.424029E-4
1.802250E+7,  8.547679E-5
1.802875E+7,  8.178130E-5
1.803500E+7,  6.639585E-5
1.804125E+7,  6.564334E-5
1.804750E+7,  5.012564E-5
1.805375E+7,  5.670451E-5
1.806000E+7,  1.482442E-4
1.806625E+7,  5.127490E-5
1.807250E+7,  1.453906E-4
1.807875E+7,  6.461516E-5
1.808500E+7,  9.488314E-5
1.809125E+7,  4.997663E-5
1.809750E+7,  4.697032E-5
1.810375E+7,  8.806214E-5
1.811000E+7,  5.608797E-5
1.811625E+7,  7.781014E-5
1.812250E+7,  7.150695E-5
1.812875E+7,  5.610846E-5
1.813500E+7,  7.637963E-5
1.814125E+7,  4.741363E-5
1.814750E+7,  1.134947E-4
1.815375E+7,  5.705282E-5
1.816000E+7,  8.727238E-5
1.816625E+7,  1.323000E-4
1.817250E+7,  1.223981E-4
1.817875E+7,  1.061112E-4
1.818500E+7,  1.581293E-5
1.819125E+7,  4.368834E-5
1.819750E+7,  6.498396E-5
1.820375E+7,  2.939533E-5
1.821000E+7,  1.672208E-4
1.821625E+7,  3.284588E-5
1.822250E+7,  2.139434E-5
1.822875E+7,  5.803071E-5
1.823500E+7,  4.211627E-5
1.824125E+7,  6.532669E-5
1.824750E+7,  3.958680E-5
1.825375E+7,  1.248941E-4
1.826000E+7,  9.001046E-5
1.826625E+7,  2.497062E-5
1.827250E+7,  7.375702E-5
1.827875E+7,  2.631638E-5
1.828500E+7,  2.371799E-5
1.829125E+7,  8.838996E-5
1.829750E+7,  7.237494E-5
1.830375E+7,  3.532879E-5
1.831000E+7,  1.884159E-5
1.831625E+7,  3.182702E-5
1.832250E+7,  4.378334E-5
1.832875E+7,  5.888054E-6
1.833500E+7,  6.073341E-5
1.834125E+7,  5.004741E-5
1.834750E+7,  8.327421E-6
1.835375E+7,  6.075017E-5
1.836000E+7,  1.214445E-5
1.836625E+7,  7.297844E-5
1.837250E+7,  1.030378E-4
1.837875E+7,  5.302951E-5
1.838500E+7,  1.084320E-4
1.839125E+7,  6.541237E-5
1.839750E+7,  1.086928E-4
1.840375E+7,  8.148700E-5
1.841000E+7,  4.753284E-5
1.841625E+7,  4.250370E-5
1.842250E+7,  4.757009E-5
1.842875E+7,  3.589503E-5
1.843500E+7,  5.961210E-5
1.844125E+7,  2.637133E-5
1.844750E+7,  2.652500E-5
1.845375E+7,  4.098006E-5
1.846000E+7,  8.338131E-6
1.846625E+7,  2.718624E-5
1.847250E+7,  3.438257E-5
1.847875E+7,  1.769792E-5
1.848500E+7,  3.585219E-5
1.849125E+7,  1.082085E-4
1.849750E+7,  7.008761E-5
1.850375E+7,  9.482726E-5
1.851000E+7,  9.733438E-5
1.851625E+7,  6.486103E-5
1.852250E+7,  1.044050E-4
1.852875E+7,  1.314282E-4
1.853500E+7,  3.083795E-5
1.854125E+7,  6.357953E-5
1.854750E+7,  4.133396E-5
1.855375E+7,  1.216382E-4
1.856000E+7,  2.640206E-5