SAVED BY: 
TITLE: 
COMMENTS: 
DATE: 10/27/2020
TIME: 3:22 PM

STIMULUS, RESPONSE

8.560000E+6,  1.673996E-4
8.566250E+6,  1.688600E-4
8.572500E+6,  1.758784E-4
8.578750E+6,  1.712218E-4
8.585000E+6,  1.737252E-4
8.591250E+6,  1.562685E-4
8.597500E+6,  1.736283E-4
8.603750E+6,  1.709238E-4
8.610000E+6,  1.816154E-4
8.616250E+6,  1.588017E-4
8.622500E+6,  1.586899E-4
8.628750E+6,  1.740232E-4
8.635000E+6,  1.783073E-4
8.641250E+6,  1.759157E-4
8.647500E+6,  1.761764E-4
8.653750E+6,  1.882687E-4
8.660000E+6,  1.785755E-4
8.666250E+6,  1.796782E-4
8.672500E+6,  1.858696E-4
8.678750E+6,  1.753122E-4
8.685000E+6,  1.709163E-4
8.691250E+6,  1.967102E-4
8.697500E+6,  1.636595E-4
8.703750E+6,  1.784265E-4
8.710000E+6,  1.784489E-4
8.716250E+6,  1.787841E-4
8.722500E+6,  1.737401E-4
8.728750E+6,  1.808405E-4
8.735000E+6,  1.737177E-4
8.741250E+6,  1.960173E-4
8.747500E+6,  1.834631E-4
8.753750E+6,  1.859814E-4
8.760000E+6,  1.866370E-4
8.766250E+6,  1.685470E-4
8.772500E+6,  1.736209E-4
8.778750E+6,  1.794919E-4
8.785000E+6,  1.839846E-4
8.791250E+6,  1.935884E-4
8.797500E+6,  1.850799E-4
8.803750E+6,  1.985878E-4
8.810000E+6,  1.810640E-4
8.816250E+6,  1.785457E-4
8.822500E+6,  1.815632E-4
8.828750E+6,  1.836494E-4
8.835000E+6,  1.788959E-4
8.841250E+6,  1.823157E-4
8.847500E+6,  1.910999E-4
8.853750E+6,  1.967698E-4
8.860000E+6,  1.986250E-4
8.866250E+6,  2.018362E-4
8.872500E+6,  1.933724E-4
8.878750E+6,  1.794845E-4
8.885000E+6,  1.752526E-4
8.891250E+6,  2.047196E-4
8.897500E+6,  1.921207E-4
8.903750E+6,  1.908392E-4
8.910000E+6,  1.935065E-4
8.916250E+6,  2.065673E-4
8.922500E+6,  1.740828E-4
8.928750E+6,  1.966879E-4
8.935000E+6,  1.825765E-4
8.941250E+6,  2.022833E-4
8.947500E+6,  1.771525E-4
8.953750E+6,  2.033114E-4
8.960000E+6,  1.983494E-4
8.966250E+6,  1.935288E-4
8.972500E+6,  1.810789E-4
8.978750E+6,  1.887083E-4
8.985000E+6,  2.093166E-4
8.991250E+6,  2.148002E-4
8.997500E+6,  2.033114E-4
9.003750E+6,  1.988113E-4
9.010000E+6,  1.886711E-4
9.016250E+6,  1.936629E-4
9.022500E+6,  1.979992E-4
9.028750E+6,  2.009571E-4
9.035000E+6,  2.014190E-4
9.041250E+6,  2.092570E-4
9.047500E+6,  1.911968E-4
9.053750E+6,  2.106056E-4
9.060000E+6,  1.923665E-4
9.066250E+6,  1.979023E-4
9.072500E+6,  2.078116E-4
9.078750E+6,  2.283975E-4
9.085000E+6,  2.094731E-4
9.091250E+6,  2.189130E-4
9.097500E+6,  1.956448E-4
9.103750E+6,  2.248436E-4
9.110000E+6,  1.911297E-4
9.116250E+6,  2.135634E-4
9.122500E+6,  2.050027E-4
9.128750E+6,  2.036616E-4
9.135000E+6,  1.969188E-4
9.141250E+6,  2.124086E-4
9.147500E+6,  2.151653E-4
9.153750E+6,  2.177805E-4
9.160000E+6,  2.136156E-4
9.166250E+6,  2.174079E-4
9.172500E+6,  2.108216E-4
9.178750E+6,  2.161041E-4
9.185000E+6,  2.167597E-4
9.191250E+6,  2.037436E-4
9.197500E+6,  2.296269E-4
9.203750E+6,  2.048165E-4
9.210000E+6,  2.271235E-4
9.216250E+6,  2.222061E-4
9.222500E+6,  2.051815E-4
9.228750E+6,  2.153367E-4
9.235000E+6,  2.194792E-4
9.241250E+6,  2.264231E-4
9.247500E+6,  2.306178E-4
9.253750E+6,  2.250448E-4
9.260000E+6,  2.265200E-4
9.266250E+6,  2.151728E-4
9.272500E+6,  2.283826E-4
9.278750E+6,  2.307147E-4
9.285000E+6,  2.185255E-4
9.291250E+6,  2.294481E-4
9.297500E+6,  2.243891E-4
9.303750E+6,  2.410933E-4
9.310000E+6,  2.267212E-4
9.316250E+6,  2.310500E-4
9.322500E+6,  2.335161E-4
9.328750E+6,  2.433956E-4
9.335000E+6,  2.237260E-4
9.341250E+6,  2.203658E-4
9.347500E+6,  2.271309E-4
9.353750E+6,  2.382398E-4
9.360000E+6,  2.310649E-4
9.366250E+6,  2.343059E-4
9.372500E+6,  2.493113E-4
9.378750E+6,  2.266318E-4
9.385000E+6,  2.339110E-4
9.391250E+6,  2.329573E-4
9.397500E+6,  2.351180E-4
9.403750E+6,  2.300367E-4
9.410000E+6,  2.351478E-4
9.416250E+6,  2.409890E-4
9.422500E+6,  2.344251E-4
9.428750E+6,  2.396554E-4
9.435000E+6,  2.404898E-4
9.441250E+6,  2.235547E-4
9.447500E+6,  2.209693E-4
9.453750E+6,  2.383888E-4
9.460000E+6,  2.413467E-4
9.466250E+6,  2.343878E-4
9.472500E+6,  2.299324E-4
9.478750E+6,  2.396703E-4
9.485000E+6,  2.452731E-4
9.491250E+6,  2.500713E-4
9.497500E+6,  2.307594E-4
9.503750E+6,  2.569407E-4
9.510000E+6,  2.464950E-4
9.516250E+6,  2.651215E-4
9.522500E+6,  2.334416E-4
9.528750E+6,  2.436787E-4
9.535000E+6,  2.401620E-4
9.541250E+6,  2.560616E-4
9.547500E+6,  2.726316E-4
9.553750E+6,  2.574921E-4
9.560000E+6,  2.400428E-4
9.566250E+6,  2.699941E-4
9.572500E+6,  2.496094E-4
9.578750E+6,  2.544820E-4
9.585000E+6,  2.515763E-4
9.591250E+6,  2.492815E-4
9.597500E+6,  2.454966E-4
9.603750E+6,  2.596676E-4
9.610000E+6,  2.498478E-4
9.616250E+6,  2.654642E-4
9.622500E+6,  2.498478E-4
9.628750E+6,  2.725273E-4
9.635000E+6,  2.657622E-4
9.641250E+6,  2.632737E-4
9.647500E+6,  2.466142E-4
9.653750E+6,  2.724081E-4
9.660000E+6,  2.721697E-4
9.666250E+6,  2.526194E-4
9.672500E+6,  2.657771E-4
9.678750E+6,  2.821982E-4
9.685000E+6,  2.497435E-4
9.691250E+6,  2.790689E-4
9.697500E+6,  2.545416E-4
9.703750E+6,  2.543777E-4
9.710000E+6,  2.688766E-4
9.716250E+6,  2.463609E-4
9.722500E+6,  2.439171E-4
9.728750E+6,  2.847463E-4
9.735000E+6,  2.763569E-4
9.741250E+6,  2.725422E-4
9.747500E+6,  2.690107E-4
9.753750E+6,  2.557337E-4
9.760000E+6,  2.664924E-4
9.766250E+6,  2.811998E-4
9.772500E+6,  2.592951E-4
9.778750E+6,  2.733916E-4
9.785000E+6,  2.752542E-4
9.791250E+6,  2.782047E-4
9.797500E+6,  2.726465E-4
9.803750E+6,  2.945364E-4
9.810000E+6,  2.656877E-4
9.816250E+6,  2.818555E-4
9.822500E+6,  2.724826E-4
9.828750E+6,  2.818555E-4
9.835000E+6,  2.781153E-4
9.841250E+6,  2.753139E-4
9.847500E+6,  3.011823E-4
9.853750E+6,  3.021508E-4
9.860000E+6,  2.912134E-4
9.866250E+6,  2.883524E-4
9.872500E+6,  2.848357E-4
9.878750E+6,  3.037006E-4
9.885000E+6,  2.754182E-4
9.891250E+6,  2.979487E-4
9.897500E+6,  3.004670E-4
9.903750E+6,  2.792180E-4
9.910000E+6,  2.919436E-4
9.916250E+6,  3.008693E-4
9.922500E+6,  2.917945E-4
9.928750E+6,  3.073663E-4
9.935000E+6,  2.999306E-4
9.941250E+6,  3.137589E-4
9.947500E+6,  2.980381E-4
9.953750E+6,  3.011227E-4
9.960000E+6,  3.108233E-4
9.966250E+6,  3.107488E-4
9.972500E+6,  3.042370E-4
9.978750E+6,  2.980381E-4
9.985000E+6,  3.201067E-4
9.991250E+6,  3.105551E-4
9.997500E+6,  2.978593E-4
1.000375E+7,  3.264099E-4
1.001000E+7,  3.073514E-4
1.001625E+7,  3.071427E-4
1.002250E+7,  3.135949E-4
1.002875E+7,  3.049672E-4
1.003500E+7,  3.142357E-4
1.004125E+7,  3.042668E-4
1.004750E+7,  3.076494E-4
1.005375E+7,  3.234893E-4
1.006000E+7,  3.233552E-4
1.006625E+7,  3.172755E-4
1.007250E+7,  3.329217E-4
1.007875E+7,  3.076643E-4
1.008500E+7,  3.075302E-4
1.009125E+7,  3.138781E-4
1.009750E+7,  3.140569E-4
1.010375E+7,  3.296584E-4
1.011000E+7,  3.359467E-4
1.011625E+7,  3.332496E-4
1.012250E+7,  3.111809E-4
1.012875E+7,  3.202260E-4
1.013500E+7,  3.266186E-4
1.014125E+7,  3.234595E-4
1.014750E+7,  3.173500E-4
1.015375E+7,  3.392398E-4
1.016000E+7,  3.364682E-4
1.016625E+7,  3.237575E-4
1.017250E+7,  3.394336E-4
1.017875E+7,  3.290325E-4
1.018500E+7,  3.521591E-4
1.019125E+7,  3.455579E-4
1.019750E+7,  3.453791E-4
1.020375E+7,  3.362000E-4
1.021000E+7,  3.468543E-4
1.021625E+7,  3.586411E-4
1.022250E+7,  3.239065E-4
1.022875E+7,  3.457516E-4
1.023500E+7,  3.488213E-4
1.024125E+7,  3.554821E-4
1.024750E+7,  3.424734E-4
1.025375E+7,  3.465265E-4
1.026000E+7,  3.591478E-4
1.026625E+7,  3.458858E-4
1.027250E+7,  3.596246E-4
1.027875E+7,  3.495514E-4
1.028500E+7,  3.623813E-4
1.029125E+7,  3.598332E-4
1.029750E+7,  3.776401E-4
1.030375E+7,  3.591031E-4
1.031000E+7,  3.532916E-4
1.031625E+7,  3.621429E-4
1.032250E+7,  3.656447E-4
1.032875E+7,  3.809929E-4
1.033500E+7,  3.771484E-4
1.034125E+7,  3.771782E-4
1.034750E+7,  3.730059E-4
1.035375E+7,  3.656745E-4
1.036000E+7,  3.724098E-4
1.036625E+7,  3.694147E-4
1.037250E+7,  3.607273E-4
1.037875E+7,  3.710091E-4
1.038500E+7,  3.600270E-4
1.039125E+7,  4.097670E-4
1.039750E+7,  3.893822E-4
1.040375E+7,  3.775209E-4
1.041000E+7,  3.725737E-4
1.041625E+7,  3.721714E-4
1.042250E+7,  3.955811E-4
1.042875E+7,  3.775656E-4
1.043500E+7,  3.882349E-4
1.044125E+7,  3.766418E-4
1.044750E+7,  3.923625E-4
1.045375E+7,  4.037172E-4
1.046000E+7,  3.933012E-4
1.046625E+7,  4.025996E-4
1.047250E+7,  3.744960E-4
1.047875E+7,  3.932416E-4
1.048500E+7,  4.080534E-4
1.049125E+7,  4.111826E-4
1.049750E+7,  3.955960E-4
1.050375E+7,  3.958941E-4
1.051000E+7,  3.885776E-4
1.051625E+7,  4.000813E-4
1.052250E+7,  4.164279E-4
1.052875E+7,  4.118234E-4
1.053500E+7,  3.909320E-4
1.054125E+7,  4.150122E-4
1.054750E+7,  4.071146E-4
1.055375E+7,  4.272908E-4
1.056000E+7,  4.061311E-4
1.056625E+7,  4.061460E-4
1.057250E+7,  4.133880E-4
1.057875E+7,  4.119426E-4
1.058500E+7,  4.159659E-4
1.059125E+7,  4.190952E-4
1.059750E+7,  4.283935E-4
1.060375E+7,  4.288107E-4
1.061000E+7,  4.189312E-4
1.061625E+7,  4.219413E-4
1.062250E+7,  4.251897E-4
1.062875E+7,  4.408211E-4
1.063500E+7,  4.285574E-4
1.064125E+7,  4.516989E-4
1.064750E+7,  4.492998E-4
1.065375E+7,  4.531443E-4
1.066000E+7,  4.463345E-4
1.066625E+7,  4.446507E-4
1.067250E+7,  4.504174E-4
1.067875E+7,  4.281849E-4
1.068500E+7,  4.608631E-4
1.069125E+7,  4.622638E-4
1.069750E+7,  4.648864E-4
1.070375E+7,  4.513115E-4
1.071000E+7,  4.591495E-4
1.071625E+7,  4.831851E-4
1.072250E+7,  4.629195E-4
1.072875E+7,  4.606694E-4
1.073500E+7,  4.526079E-4
1.074125E+7,  4.568398E-4
1.074750E+7,  4.533976E-4
1.075375E+7,  4.645586E-4
1.076000E+7,  4.778206E-4
1.076625E+7,  4.917979E-4
1.077250E+7,  4.669875E-4
1.077875E+7,  4.933476E-4
1.078500E+7,  4.789829E-4
1.079125E+7,  5.131364E-4
1.079750E+7,  5.052686E-4
1.080375E+7,  4.748404E-4
1.081000E+7,  5.066693E-4
1.081625E+7,  4.921556E-4
1.082250E+7,  4.820973E-4
1.082875E+7,  4.879981E-4
1.083500E+7,  5.236864E-4
1.084125E+7,  5.027056E-4
1.084750E+7,  4.988611E-4
1.085375E+7,  5.176067E-4
1.086000E+7,  5.056262E-4
1.086625E+7,  4.958808E-4
1.087250E+7,  5.000830E-4
1.087875E+7,  5.087256E-4
1.088500E+7,  4.849285E-4
1.089125E+7,  5.284250E-4
1.089750E+7,  5.189776E-4
1.090375E+7,  5.154610E-4
1.091000E+7,  5.190074E-4
1.091625E+7,  5.311668E-4
1.092250E+7,  5.303323E-4
1.092875E+7,  5.225837E-4
1.093500E+7,  5.310178E-4
1.094125E+7,  5.352497E-4
1.094750E+7,  5.365014E-4
1.095375E+7,  5.399883E-4
1.096000E+7,  5.416572E-4
1.096625E+7,  5.452931E-4
1.097250E+7,  5.561113E-4
1.097875E+7,  5.591512E-4
1.098500E+7,  5.578101E-4
1.099125E+7,  5.611181E-4
1.099750E+7,  5.697906E-4
1.100375E+7,  5.543530E-4
1.101000E+7,  5.740821E-4
1.101625E+7,  5.605221E-4
1.102250E+7,  5.543232E-4
1.102875E+7,  5.848408E-4
1.103500E+7,  5.487204E-4
1.104125E+7,  5.815923E-4
1.104750E+7,  5.802810E-4
1.105375E+7,  5.813539E-4
1.106000E+7,  5.823970E-4
1.106625E+7,  5.899072E-4
1.107250E+7,  5.591512E-4
1.107875E+7,  5.802512E-4
1.108500E+7,  6.014109E-4
1.109125E+7,  5.886555E-4
1.109750E+7,  5.857944E-4
1.110375E+7,  6.052256E-4
1.111000E+7,  6.037056E-4
1.111625E+7,  6.026030E-4
1.112250E+7,  6.161332E-4
1.112875E+7,  6.268919E-4
1.113500E+7,  6.184578E-4
1.114125E+7,  6.223023E-4
1.114750E+7,  6.015003E-4
1.115375E+7,  6.038547E-4
1.116000E+7,  6.337166E-4
1.116625E+7,  6.339252E-4
1.117250E+7,  6.305575E-4
1.117875E+7,  6.522834E-4
1.118500E+7,  6.435513E-4
1.119125E+7,  6.588399E-4
1.119750E+7,  6.474555E-4
1.120375E+7,  6.515980E-4
1.121000E+7,  6.911755E-4
1.121625E+7,  7.190108E-4
1.122250E+7,  7.311702E-4
1.122875E+7,  7.666349E-4
1.123500E+7,  8.550882E-4
1.124125E+7,  8.532405E-4
1.124750E+7,  8.254051E-4
1.125375E+7,  8.523464E-4
1.126000E+7,  8.458495E-4
1.126625E+7,  7.900596E-4
1.127250E+7,  8.803010E-4
1.127875E+7,  8.377731E-4
1.128500E+7,  8.342266E-4
1.129125E+7,  8.066595E-4
1.129750E+7,  7.641017E-4
1.130375E+7,  7.849932E-4
1.131000E+7,  8.000433E-4
1.131625E+7,  8.269548E-4
1.132250E+7,  8.212328E-4
1.132875E+7,  8.297861E-4
1.133500E+7,  8.621812E-4
1.134125E+7,  8.289814E-4
1.134750E+7,  8.011758E-4
1.135375E+7,  8.050799E-4
1.136000E+7,  7.711351E-4
1.136625E+7,  8.494854E-4
1.137250E+7,  8.578897E-4
1.137875E+7,  8.606315E-4
1.138500E+7,  8.616447E-4
1.139125E+7,  8.397400E-4
1.139750E+7,  8.343458E-4
1.140375E+7,  8.211136E-4
1.141000E+7,  8.167922E-4
1.141625E+7,  8.202493E-4
1.142250E+7,  8.509755E-4
1.142875E+7,  8.757710E-4
1.143500E+7,  8.514225E-4
1.144125E+7,  8.856952E-4
1.144750E+7,  9.182692E-4
1.145375E+7,  9.630919E-4
1.146000E+7,  9.427965E-4
1.146625E+7,  9.933114E-4
1.147250E+7,  9.606779E-4
1.147875E+7,  9.465516E-4
1.148500E+7,  9.390116E-4
1.149125E+7,  1.058757E-3
1.149750E+7,  1.068473E-3
1.150375E+7,  1.024842E-3
1.151000E+7,  1.079917E-3
1.151625E+7,  1.051247E-3
1.152250E+7,  1.032412E-3
1.152875E+7,  9.968877E-4
1.153500E+7,  9.417534E-4
1.154125E+7,  1.084149E-3
1.154750E+7,  1.135290E-3
1.155375E+7,  1.074910E-3
1.156000E+7,  1.199245E-3
1.156625E+7,  1.227856E-3
1.157250E+7,  1.228869E-3
1.157875E+7,  1.260638E-3
1.158500E+7,  1.327813E-3
1.159125E+7,  1.207113E-3
1.159750E+7,  1.191914E-3
1.160375E+7,  1.304150E-3
1.161000E+7,  1.278222E-3
1.161625E+7,  1.367152E-3
1.162250E+7,  1.462936E-3
1.162875E+7,  1.742482E-3
1.163500E+7,  1.835346E-3
1.164125E+7,  2.059340E-3
1.164750E+7,  2.256989E-3
1.165375E+7,  2.209306E-3
1.166000E+7,  2.094746E-3
1.166625E+7,  2.323270E-3
1.167250E+7,  2.200007E-3
1.167875E+7,  2.246141E-3
1.168500E+7,  2.239347E-3
1.169125E+7,  2.283454E-3
1.169750E+7,  2.289534E-3
1.170375E+7,  2.317190E-3
1.171000E+7,  2.306461E-3
1.171625E+7,  2.360106E-3
1.172250E+7,  2.324462E-3
1.172875E+7,  2.380371E-3
1.173500E+7,  2.383113E-3
1.174125E+7,  2.389550E-3
1.174750E+7,  2.405882E-3
1.175375E+7,  2.452970E-3
1.176000E+7,  2.469063E-3
1.176625E+7,  2.483845E-3
1.177250E+7,  2.480745E-3
1.177875E+7,  2.523184E-3
1.178500E+7,  2.530932E-3
1.179125E+7,  2.547622E-3
1.179750E+7,  2.561808E-3
1.180375E+7,  2.536893E-3
1.181000E+7,  2.531052E-3
1.181625E+7,  2.544403E-3
1.182250E+7,  2.637386E-3
1.182875E+7,  2.680063E-3
1.183500E+7,  2.658129E-3
1.184125E+7,  2.789497E-3
1.184750E+7,  2.745271E-3
1.185375E+7,  2.800584E-3
1.186000E+7,  2.802968E-3
1.186625E+7,  2.811670E-3
1.187250E+7,  2.828836E-3
1.187875E+7,  2.845168E-3
1.188500E+7,  2.876997E-3
1.189125E+7,  2.936244E-3
1.189750E+7,  2.956748E-3
1.190375E+7,  2.970695E-3
1.191000E+7,  2.933860E-3
1.191625E+7,  2.989769E-3
1.192250E+7,  3.018379E-3
1.192875E+7,  3.069162E-3
1.193500E+7,  3.089547E-3
1.194125E+7,  3.110290E-3
1.194750E+7,  3.098369E-3
1.195375E+7,  3.144860E-3
1.196000E+7,  3.161550E-3
1.196625E+7,  3.209352E-3
1.197250E+7,  3.216743E-3
1.197875E+7,  3.256917E-3
1.198500E+7,  3.211021E-3
1.199125E+7,  3.313303E-3
1.199750E+7,  3.292441E-3
1.200375E+7,  3.374696E-3
1.201000E+7,  3.382802E-3
1.201625E+7,  3.398418E-3
1.202250E+7,  3.387332E-3
1.202875E+7,  3.462076E-3
1.203500E+7,  3.449559E-3
1.204125E+7,  3.466249E-3
1.204750E+7,  3.501654E-3
1.205375E+7,  3.544331E-3
1.206000E+7,  3.488898E-3
1.206625E+7,  3.600001E-3
1.207250E+7,  3.703475E-3
1.207875E+7,  3.603339E-3
1.208500E+7,  3.653526E-3
1.209125E+7,  3.681660E-3
1.209750E+7,  3.680706E-3
1.210375E+7,  3.701329E-3
1.211000E+7,  3.720284E-3
1.211625E+7,  3.781676E-3
1.212250E+7,  3.792167E-3
1.212875E+7,  3.805041E-3
1.213500E+7,  3.886342E-3
1.214125E+7,  3.887892E-3
1.214750E+7,  3.951311E-3
1.215375E+7,  3.961086E-3
1.216000E+7,  4.015923E-3
1.216625E+7,  4.093170E-3
1.217250E+7,  4.086256E-3
1.217875E+7,  4.139662E-3
1.218500E+7,  4.146576E-3
1.219125E+7,  4.241467E-3
1.219750E+7,  4.251957E-3
1.220375E+7,  4.268646E-3
1.221000E+7,  4.308701E-3
1.221625E+7,  4.418850E-3
1.222250E+7,  4.384995E-3
1.222875E+7,  4.497528E-3
1.223500E+7,  4.565001E-3
1.224125E+7,  4.549503E-3
1.224750E+7,  4.638910E-3
1.225375E+7,  4.688740E-3
1.226000E+7,  4.687548E-3
1.226625E+7,  4.771948E-3
1.227250E+7,  4.838467E-3
1.227875E+7,  4.864216E-3
1.228500E+7,  4.914761E-3
1.229125E+7,  5.005836E-3
1.229750E+7,  5.031347E-3
1.230375E+7,  5.038261E-3
1.231000E+7,  5.119085E-3
1.231625E+7,  5.255938E-3
1.232250E+7,  5.269289E-3
1.232875E+7,  5.335331E-3
1.233500E+7,  5.381823E-3
1.234125E+7,  5.519152E-3
1.234750E+7,  5.533934E-3
1.235375E+7,  5.618811E-3
1.236000E+7,  5.710363E-3
1.236625E+7,  5.731821E-3
1.237250E+7,  5.798340E-3
1.237875E+7,  5.884409E-3
1.238500E+7,  5.958796E-3
1.239125E+7,  6.041288E-3
1.239750E+7,  6.094456E-3
1.240375E+7,  6.176710E-3
1.241000E+7,  6.243229E-3
1.241625E+7,  6.347895E-3
1.242250E+7,  6.424665E-3
1.242875E+7,  6.510258E-3
1.243500E+7,  6.578684E-3
1.244125E+7,  6.711245E-3
1.244750E+7,  6.807566E-3
1.245375E+7,  6.882429E-3
1.246000E+7,  6.924391E-3
1.246625E+7,  7.043362E-3
1.247250E+7,  7.152557E-3
1.247875E+7,  7.243395E-3
1.248500E+7,  7.328749E-3
1.249125E+7,  7.479191E-3
1.249750E+7,  7.543802E-3
1.250375E+7,  7.734299E-3
1.251000E+7,  7.779121E-3
1.251625E+7,  7.858276E-3
1.252250E+7,  8.006096E-3
1.252875E+7,  8.126736E-3
1.253500E+7,  8.232117E-3
1.254125E+7,  8.390903E-3
1.254750E+7,  8.491993E-3
1.255375E+7,  8.701801E-3
1.256000E+7,  8.762360E-3
1.256625E+7,  8.904934E-3
1.257250E+7,  9.079456E-3
1.257875E+7,  9.162903E-3
1.258500E+7,  9.301186E-3
1.259125E+7,  9.511471E-3
1.259750E+7,  9.662628E-3
1.260375E+7,  9.823322E-3
1.261000E+7,  9.983540E-3
1.261625E+7,  1.026630E-2
1.262250E+7,  1.032686E-2
1.262875E+7,  1.082945E-2
1.263500E+7,  1.054573E-2
1.264125E+7,  1.092911E-2
1.264750E+7,  1.118946E-2
1.265375E+7,  1.128197E-2
1.266000E+7,  1.164198E-2
1.266625E+7,  1.166534E-2
1.267250E+7,  1.216698E-2
1.267875E+7,  1.243591E-2
1.268500E+7,  1.296139E-2
1.269125E+7,  1.312113E-2
1.269750E+7,  1.267242E-2
1.270375E+7,  1.260567E-2
1.271000E+7,  1.450539E-2
1.271625E+7,  1.362658E-2
1.272250E+7,  1.389742E-2
1.272875E+7,  1.424503E-2
1.273500E+7,  1.472044E-2
1.274125E+7,  1.489496E-2
1.274750E+7,  1.540089E-2
1.275375E+7,  1.543093E-2
1.276000E+7,  1.582909E-2
1.276625E+7,  1.607037E-2
1.277250E+7,  1.207399E-2
1.277875E+7,  1.538754E-2
1.278500E+7,  1.767731E-2
1.279125E+7,  1.864052E-2
1.279750E+7,  1.795101E-2
1.280375E+7,  1.735497E-2
1.281000E+7,  1.616001E-2
1.281625E+7,  2.062130E-2
1.282250E+7,  2.061653E-2
1.282875E+7,  2.061081E-2
1.283500E+7,  1.945210E-2
1.284125E+7,  2.317333E-2
1.284750E+7,  2.308369E-2
1.285375E+7,  2.416992E-2
1.286000E+7,  2.424908E-2
1.286625E+7,  2.560902E-2
1.287250E+7,  2.600479E-2
1.287875E+7,  2.595997E-2
1.288500E+7,  2.615070E-2
1.289125E+7,  2.861691E-2
1.289750E+7,  2.885628E-2
1.290375E+7,  2.882481E-2
1.291000E+7,  2.995014E-2
1.291625E+7,  3.208160E-2
1.292250E+7,  2.863884E-2
1.292875E+7,  3.202629E-2
1.293500E+7,  2.983570E-2
1.294125E+7,  3.160286E-2
1.294750E+7,  2.691078E-2
1.295375E+7,  2.034664E-2
1.296000E+7,  1.648903E-2
1.296625E+7,  1.607418E-2
1.297250E+7,  1.679039E-2
1.297875E+7,  1.723289E-2
1.298500E+7,  1.768494E-2
1.299125E+7,  1.829815E-2
1.299750E+7,  1.885796E-2
1.300375E+7,  1.955700E-2
1.301000E+7,  2.029610E-2
1.301625E+7,  2.098083E-2
1.302250E+7,  2.185535E-2
1.302875E+7,  2.265263E-2
1.303500E+7,  2.356720E-2
1.304125E+7,  2.448368E-2
1.304750E+7,  2.548695E-2
1.305375E+7,  2.646255E-2
1.306000E+7,  2.755356E-2
1.306625E+7,  2.883434E-2
1.307250E+7,  3.010368E-2
1.307875E+7,  3.166771E-2
1.308500E+7,  3.319740E-2
1.309125E+7,  3.484917E-2
1.309750E+7,  3.648567E-2
1.310375E+7,  3.837395E-2
1.311000E+7,  4.040337E-2
1.311625E+7,  4.265404E-2
1.312250E+7,  4.528236E-2
1.312875E+7,  4.801369E-2
1.313500E+7,  5.092430E-2
1.314125E+7,  5.398369E-2
1.314750E+7,  5.768967E-2
1.315375E+7,  6.232452E-2
1.316000E+7,  6.678391E-2
1.316625E+7,  7.168579E-2
1.317250E+7,  7.646179E-2
1.317875E+7,  8.275604E-2
1.318500E+7,  8.929825E-2
1.319125E+7,  9.738159E-2
1.319750E+7,  1.043434E-1
1.320375E+7,  1.135063E-1
1.321000E+7,  1.245346E-1
1.321625E+7,  1.337357E-1
1.322250E+7,  1.456223E-1
1.322875E+7,  1.588745E-1
1.323500E+7,  1.719131E-1
1.324125E+7,  1.858673E-1
1.324750E+7,  1.997681E-1
1.325375E+7,  2.104492E-1
1.326000E+7,  2.127533E-1
1.326625E+7,  2.137527E-1
1.327250E+7,  2.116776E-1
1.327875E+7,  2.081833E-1
1.328500E+7,  1.993637E-1
1.329125E+7,  1.952209E-1
1.329750E+7,  1.860352E-1
1.330375E+7,  1.766205E-1
1.331000E+7,  1.739120E-1
1.331625E+7,  1.669769E-1
1.332250E+7,  1.643600E-1
1.332875E+7,  1.536636E-1
1.333500E+7,  1.440430E-1
1.334125E+7,  1.378632E-1
1.334750E+7,  1.328201E-1
1.335375E+7,  1.314468E-1
1.336000E+7,  1.276550E-1
1.336625E+7,  1.235313E-1
1.337250E+7,  1.229286E-1
1.337875E+7,  1.197815E-1
1.338500E+7,  1.170158E-1
1.339125E+7,  1.171989E-1
1.339750E+7,  1.153908E-1
1.340375E+7,  1.136703E-1
1.341000E+7,  1.129875E-1
1.341625E+7,  1.136703E-1
1.342250E+7,  1.135521E-1
1.342875E+7,  1.149254E-1
1.343500E+7,  1.162987E-1
1.344125E+7,  1.162605E-1
1.344750E+7,  1.178589E-1
1.345375E+7,  1.195984E-1
1.346000E+7,  1.207542E-1
1.346625E+7,  1.240578E-1
1.347250E+7,  1.278152E-1
1.347875E+7,  1.300201E-1
1.348500E+7,  1.319733E-1
1.349125E+7,  1.356049E-1
1.349750E+7,  1.399612E-1
1.350375E+7,  1.455002E-1
1.351000E+7,  1.496887E-1
1.351625E+7,  1.543045E-1
1.352250E+7,  1.596375E-1
1.352875E+7,  1.652298E-1
1.353500E+7,  1.710281E-1
1.354125E+7,  1.763382E-1
1.354750E+7,  1.810455E-1
1.355375E+7,  1.847458E-1
1.356000E+7,  1.865616E-1
1.356625E+7,  1.866684E-1
1.357250E+7,  1.844635E-1
1.357875E+7,  1.806259E-1
1.358500E+7,  1.744843E-1
1.359125E+7,  1.671600E-1
1.359750E+7,  1.584320E-1
1.360375E+7,  1.494522E-1
1.361000E+7,  1.400528E-1
1.361625E+7,  1.311111E-1
1.362250E+7,  1.224403E-1
1.362875E+7,  1.143303E-1
1.363500E+7,  1.068268E-1
1.364125E+7,  9.984207E-2
1.364750E+7,  9.353638E-2
1.365375E+7,  8.772659E-2
1.366000E+7,  8.242798E-2
1.366625E+7,  7.726669E-2
1.367250E+7,  7.342911E-2
1.367875E+7,  6.925964E-2
1.368500E+7,  6.546021E-2
1.369125E+7,  6.187630E-2
1.369750E+7,  5.879784E-2
1.370375E+7,  5.584335E-2
1.371000E+7,  5.318451E-2
1.371625E+7,  5.077744E-2
1.372250E+7,  4.847717E-2
1.372875E+7,  4.648018E-2
1.373500E+7,  4.455948E-2
1.374125E+7,  4.274559E-2
1.374750E+7,  4.111099E-2
1.375375E+7,  3.950310E-2
1.376000E+7,  3.808022E-2
1.376625E+7,  3.668976E-2
1.377250E+7,  3.544807E-2
1.377875E+7,  3.425407E-2
1.378500E+7,  3.311348E-2
1.379125E+7,  3.209877E-2
1.379750E+7,  3.108406E-2
1.380375E+7,  3.010845E-2
1.381000E+7,  2.923965E-2
1.381625E+7,  2.845573E-2
1.382250E+7,  2.764034E-2
1.382875E+7,  2.694321E-2
1.383500E+7,  2.623940E-2
1.384125E+7,  2.558136E-2
1.384750E+7,  2.490997E-2
1.385375E+7,  2.432060E-2
1.386000E+7,  2.375793E-2
1.386625E+7,  2.325153E-2
1.387250E+7,  2.274227E-2
1.387875E+7,  2.223206E-2
1.388500E+7,  2.180672E-2
1.389125E+7,  2.138996E-2
1.389750E+7,  2.097416E-2
1.390375E+7,  2.060986E-2
1.391000E+7,  2.020073E-2
1.391625E+7,  1.986790E-2
1.392250E+7,  1.953125E-2
1.392875E+7,  1.923084E-2
1.393500E+7,  1.893425E-2
1.394125E+7,  1.866531E-2
1.394750E+7,  1.836586E-2
1.395375E+7,  1.814938E-2
1.396000E+7,  1.791477E-2
1.396625E+7,  1.769161E-2
1.397250E+7,  1.744843E-2
1.397875E+7,  1.727009E-2
1.398500E+7,  1.708126E-2
1.399125E+7,  1.690865E-2
1.399750E+7,  1.674366E-2
1.400375E+7,  1.658344E-2
1.401000E+7,  1.646614E-2
1.401625E+7,  1.636505E-2
1.402250E+7,  1.623249E-2
1.402875E+7,  1.616192E-2
1.403500E+7,  1.606274E-2
1.404125E+7,  1.596642E-2
1.404750E+7,  1.591492E-2
1.405375E+7,  1.587391E-2
1.406000E+7,  1.585960E-2
1.406625E+7,  1.581192E-2
1.407250E+7,  1.578140E-2
1.407875E+7,  1.580524E-2
1.408500E+7,  1.583958E-2
1.409125E+7,  1.584911E-2
1.409750E+7,  1.590157E-2
1.410375E+7,  1.595592E-2
1.411000E+7,  1.603031E-2
1.411625E+7,  1.611805E-2
1.412250E+7,  1.624393E-2
1.412875E+7,  1.634789E-2
1.413500E+7,  1.654148E-2
1.414125E+7,  1.669979E-2
1.414750E+7,  1.690865E-2
1.415375E+7,  1.713181E-2
1.416000E+7,  1.740360E-2
1.416625E+7,  1.767731E-2
1.417250E+7,  1.801014E-2
1.417875E+7,  1.834488E-2
1.418500E+7,  1.877785E-2
1.419125E+7,  1.926231E-2
1.419750E+7,  1.978302E-2
1.420375E+7,  2.035713E-2
1.421000E+7,  2.104092E-2
1.421625E+7,  2.178860E-2
1.422250E+7,  2.264977E-2
1.422875E+7,  2.360630E-2
1.423500E+7,  2.475548E-2
1.424125E+7,  2.601528E-2
1.424750E+7,  2.753448E-2
1.425375E+7,  2.925110E-2
1.426000E+7,  3.126144E-2
1.426625E+7,  3.364182E-2
1.427250E+7,  3.643990E-2
1.427875E+7,  3.969765E-2
1.428500E+7,  4.340553E-2
1.429125E+7,  4.751015E-2
1.429750E+7,  5.171394E-2
1.430375E+7,  5.519104E-2
1.431000E+7,  5.716896E-2
1.431625E+7,  5.650139E-2
1.432250E+7,  5.322838E-2
1.432875E+7,  4.818916E-2
1.433500E+7,  4.260826E-2
1.434125E+7,  3.732872E-2
1.434750E+7,  3.264809E-2
1.435375E+7,  2.868366E-2
1.436000E+7,  2.537155E-2
1.436625E+7,  2.257442E-2
1.437250E+7,  2.024460E-2
1.437875E+7,  1.817226E-2
1.438500E+7,  1.646328E-2
1.439125E+7,  1.500845E-2
1.439750E+7,  1.370239E-2
1.440375E+7,  1.259422E-2
1.441000E+7,  1.160908E-2
1.441625E+7,  1.070738E-2
1.442250E+7,  9.965420E-3
1.442875E+7,  9.248257E-3
1.443500E+7,  8.638859E-3
1.444125E+7,  8.078575E-3
1.444750E+7,  7.577181E-3
1.445375E+7,  7.108450E-3
1.446000E+7,  6.700516E-3
1.446625E+7,  6.297112E-3
1.447250E+7,  5.945683E-3
1.447875E+7,  5.605221E-3
1.448500E+7,  5.337000E-3
1.449125E+7,  5.017281E-3
1.449750E+7,  4.764318E-3
1.450375E+7,  4.537106E-3
1.451000E+7,  4.322052E-3
1.451625E+7,  4.108429E-3
1.452250E+7,  3.910780E-3
1.452875E+7,  3.734350E-3
1.453500E+7,  3.571868E-3
1.454125E+7,  3.405213E-3
1.454750E+7,  3.253341E-3
1.455375E+7,  3.102899E-3
1.456000E+7,  2.978206E-3
1.456625E+7,  2.839446E-3
1.457250E+7,  2.716422E-3
1.457875E+7,  2.606034E-3
1.458500E+7,  2.499223E-3
1.459125E+7,  2.411723E-3
1.459750E+7,  2.321601E-3
1.460375E+7,  2.224922E-3
1.461000E+7,  2.152801E-3
1.461625E+7,  2.060771E-3
1.462250E+7,  1.971006E-3
1.462875E+7,  1.896977E-3
1.463500E+7,  1.841784E-3
1.464125E+7,  1.767397E-3
1.464750E+7,  1.691461E-3
1.465375E+7,  1.636386E-3
1.466000E+7,  1.581013E-3
1.466625E+7,  1.546204E-3
1.467250E+7,  1.478076E-3
1.467875E+7,  1.406848E-3
1.468500E+7,  1.353681E-3
1.469125E+7,  1.315713E-3
1.469750E+7,  1.302421E-3
1.470375E+7,  1.229227E-3
1.471000E+7,  1.219153E-3
1.471625E+7,  1.165688E-3
1.472250E+7,  1.147807E-3
1.472875E+7,  1.094520E-3
1.473500E+7,  1.048088E-3
1.474125E+7,  1.030564E-3
1.474750E+7,  9.593666E-4
1.475375E+7,  9.576678E-4
1.476000E+7,  9.212494E-4
1.476625E+7,  9.019971E-4
1.477250E+7,  8.874238E-4
1.477875E+7,  8.576512E-4
1.478500E+7,  8.095503E-4
1.479125E+7,  8.156300E-4
1.479750E+7,  7.835925E-4
1.480375E+7,  7.377267E-4
1.481000E+7,  7.281005E-4
1.481625E+7,  6.932020E-4
1.482250E+7,  6.965995E-4
1.482875E+7,  6.834269E-4
1.483500E+7,  6.374419E-4
1.484125E+7,  6.370544E-4
1.484750E+7,  6.290972E-4
1.485375E+7,  5.902350E-4
1.486000E+7,  5.837381E-4
1.486625E+7,  5.501509E-4
1.487250E+7,  5.595982E-4
1.487875E+7,  5.106032E-4
1.488500E+7,  5.184114E-4
1.489125E+7,  4.978478E-4
1.489750E+7,  4.913211E-4
1.490375E+7,  4.929602E-4
1.491000E+7,  4.721880E-4
1.491625E+7,  4.431158E-4
1.492250E+7,  4.299879E-4
1.492875E+7,  4.270822E-4
1.493500E+7,  4.117042E-4
1.494125E+7,  4.024655E-4
1.494750E+7,  3.993362E-4
1.495375E+7,  3.917813E-4
1.496000E+7,  3.823936E-4
1.496625E+7,  3.591776E-4
1.497250E+7,  3.443062E-4
1.497875E+7,  3.378838E-4
1.498500E+7,  3.392249E-4
1.499125E+7,  3.338903E-4
1.499750E+7,  3.122091E-4
1.500375E+7,  3.136396E-4
1.501000E+7,  3.016740E-4
1.501625E+7,  2.994537E-4
1.502250E+7,  3.064871E-4
1.502875E+7,  2.685934E-4
1.503500E+7,  2.740622E-4
1.504125E+7,  2.714396E-4
1.504750E+7,  2.647638E-4
1.505375E+7,  2.584904E-4
1.506000E+7,  2.730340E-4
1.506625E+7,  2.264380E-4
1.507250E+7,  2.388209E-4
1.507875E+7,  2.220571E-4
1.508500E+7,  2.082065E-4
1.509125E+7,  2.315715E-4
1.509750E+7,  2.080500E-4
1.510375E+7,  2.054498E-4
1.511000E+7,  1.962855E-4
1.511625E+7,  1.972020E-4
1.512250E+7,  2.148226E-4
1.512875E+7,  1.653731E-4
1.513500E+7,  1.899302E-4
1.514125E+7,  1.518652E-4
1.514750E+7,  1.548827E-4
1.515375E+7,  1.808181E-4
1.516000E+7,  1.671687E-4
1.516625E+7,  1.534969E-4
1.517250E+7,  1.535565E-4
1.517875E+7,  1.505837E-4
1.518500E+7,  1.298040E-4
1.519125E+7,  1.167580E-4
1.519750E+7,  1.524612E-4
1.520375E+7,  1.473874E-4
1.521000E+7,  1.425594E-4
1.521625E+7,  1.214221E-4
1.522250E+7,  1.253039E-4
1.522875E+7,  1.396090E-4
1.523500E+7,  1.122355E-4
1.524125E+7,  1.264066E-4
1.524750E+7,  1.322925E-4
1.525375E+7,  1.308918E-4
1.526000E+7,  1.107864E-4
1.526625E+7,  1.091659E-4
1.527250E+7,  9.850040E-5
1.527875E+7,  1.159124E-4
1.528500E+7,  1.187846E-4
1.529125E+7,  1.153611E-4
1.529750E+7,  8.011982E-5
1.530375E+7,  9.583309E-5
1.531000E+7,  8.297712E-5
1.531625E+7,  9.407476E-5
1.532250E+7,  9.424239E-5
1.532875E+7,  8.675084E-5
1.533500E+7,  8.216873E-5
1.534125E+7,  9.014457E-5
1.534750E+7,  8.214265E-5
1.535375E+7,  1.053140E-4
1.536000E+7,  7.626414E-5
1.536625E+7,  5.144067E-5
1.537250E+7,  5.560927E-5
1.537875E+7,  9.243563E-5
1.538500E+7,  6.498024E-5
1.539125E+7,  6.178021E-5
1.539750E+7,  9.387359E-5
1.540375E+7,  9.429082E-5
1.541000E+7,  8.303300E-5
1.541625E+7,  5.862117E-5
1.542250E+7,  5.664490E-5
1.542875E+7,  6.516650E-5
1.543500E+7,  6.585568E-5
1.544125E+7,  1.030751E-4
1.544750E+7,  5.960651E-5
1.545375E+7,  7.282197E-5
1.546000E+7,  5.405582E-5
1.546625E+7,  5.831011E-5
1.547250E+7,  9.339303E-5
1.547875E+7,  4.272722E-5
1.548500E+7,  3.858469E-5
1.549125E+7,  2.535991E-5
1.549750E+7,  5.588308E-5
1.550375E+7,  3.653578E-5
1.551000E+7,  3.707036E-5
1.551625E+7,  6.479397E-5
1.552250E+7,  3.902987E-5
1.552875E+7,  4.305318E-5
1.553500E+7,  5.781278E-5
1.554125E+7,  4.501641E-5
1.554750E+7,  5.646981E-5
1.555375E+7,  3.871508E-5
1.556000E+7,  2.283696E-5
1.556625E+7,  4.273467E-5
1.557250E+7,  5.885214E-5
1.557875E+7,  2.872571E-5
1.558500E+7,  3.293157E-5
1.559125E+7,  3.191456E-5
1.559750E+7,  3.440306E-5
1.560375E+7,  3.316998E-5
1.561000E+7,  8.113217E-6
1.561625E+7,  4.941039E-5
1.562250E+7,  2.705958E-5
1.562875E+7,  4.175864E-5
1.563500E+7,  2.867077E-5
1.564125E+7,  3.900379E-6
1.564750E+7,  2.309307E-5
1.565375E+7,  1.094583E-5
1.566000E+7,  3.085285E-5
1.566625E+7,  2.784282E-5
1.567250E+7,  2.582185E-5
1.567875E+7,  1.579802E-5
1.568500E+7,  1.712516E-5
1.569125E+7,  1.082476E-5
1.569750E+7,  4.113466E-5
1.570375E+7,  3.832206E-5
1.571000E+7,  7.588649E-6
1.571625E+7,  7.590512E-6
1.572250E+7,  3.825314E-5
1.572875E+7,  1.568813E-5
1.573500E+7,  8.482020E-6
1.574125E+7,  3.025401E-5
1.574750E+7,  2.305955E-5
1.575375E+7,  1.515122E-5
1.576000E+7,  1.693331E-5
1.576625E+7,  3.797235E-6
1.577250E+7,  8.481555E-6
1.577875E+7,  2.306700E-5
1.578500E+7,  1.367414E-5
1.579125E+7,  2.306327E-5
1.579750E+7,  1.693424E-5
1.580375E+7,  1.512282E-5
1.581000E+7,  1.068972E-5
1.581625E+7,  1.685508E-5
1.582250E+7,  2.135243E-5
1.582875E+7,  1.552608E-5
1.583500E+7,  1.359452E-5
1.584125E+7,  1.554471E-5
1.584750E+7,  2.031308E-5
1.585375E+7,  1.882482E-5
1.586000E+7,  1.357310E-5
1.586625E+7,  1.682993E-5
1.587250E+7,  3.213435E-5
1.587875E+7,  1.680944E-5
1.588500E+7,  7.521361E-6
1.589125E+7,  1.503248E-5
1.589750E+7,  2.122298E-5
1.590375E+7,  2.021249E-5
1.591000E+7,  1.878105E-5
1.591625E+7,  1.677591E-5
1.592250E+7,  7.499475E-6
1.592875E+7,  7.497612E-6
1.593500E+7,  3.454089E-5
1.594125E+7,  2.016779E-5
1.594750E+7,  2.366491E-5
1.595375E+7,  2.698787E-5
1.596000E+7,  7.489696E-6
1.596625E+7,  1.349533E-5
1.597250E+7,  1.673587E-5
1.597875E+7,  1.497148E-5
1.598500E+7,  1.674797E-5
1.599125E+7,  2.366863E-5
1.599750E+7,  1.871120E-5
1.600375E+7,  1.641586E-4
1.601000E+7,  1.450926E-4
1.601625E+7,  5.287863E-5
1.602250E+7,  9.904802E-5
1.602875E+7,  3.673509E-5
1.603500E+7,  7.812679E-5
1.604125E+7,  9.244680E-5
1.604750E+7,  9.237230E-5
1.605375E+7,  7.126853E-5
1.606000E+7,  7.094443E-5
1.606625E+7,  7.547066E-5
1.607250E+7,  3.090501E-5
1.607875E+7,  1.100414E-4
1.608500E+7,  2.017766E-4
1.609125E+7,  2.067238E-4
1.609750E+7,  8.782744E-5
1.610375E+7,  1.037419E-4
1.611000E+7,  9.562448E-5
1.611625E+7,  8.657202E-5
1.612250E+7,  4.181080E-5
1.612875E+7,  4.902482E-5
1.613500E+7,  1.492053E-4
1.614125E+7,  4.485436E-5
1.614750E+7,  4.344620E-5
1.615375E+7,  9.348989E-5
1.616000E+7,  6.719306E-5
1.616625E+7,  7.471815E-5
1.617250E+7,  6.546453E-5
1.617875E+7,  1.436006E-5
1.618500E+7,  3.596395E-5
1.619125E+7,  2.646819E-5
1.619750E+7,  1.926161E-5
1.620375E+7,  6.900728E-5
1.621000E+7,  5.181693E-5
1.621625E+7,  3.733113E-5
1.622250E+7,  7.979572E-5
1.622875E+7,  1.039878E-4
1.623500E+7,  9.263679E-5
1.624125E+7,  1.184223E-5
1.624750E+7,  4.022196E-5
1.625375E+7,  6.918982E-5
1.626000E+7,  6.556511E-5
1.626625E+7,  3.507733E-5
1.627250E+7,  5.746260E-5
1.627875E+7,  5.445257E-5
1.628500E+7,  3.249384E-5
1.629125E+7,  3.507733E-5
1.629750E+7,  6.057136E-5
1.630375E+7,  4.941970E-5
1.631000E+7,  7.650629E-5
1.631625E+7,  1.931936E-4
1.632250E+7,  1.212433E-4
1.632875E+7,  6.913394E-5
1.633500E+7,  1.837127E-5
1.634125E+7,  6.189197E-5
1.634750E+7,  1.719296E-4
1.635375E+7,  4.905835E-5
1.636000E+7,  7.754192E-5
1.636625E+7,  1.598150E-4
1.637250E+7,  1.104400E-4
1.637875E+7,  1.723692E-5
1.638500E+7,  3.349222E-5
1.639125E+7,  8.791685E-5
1.639750E+7,  3.855303E-5
1.640375E+7,  6.219372E-5
1.641000E+7,  3.366545E-5
1.641625E+7,  8.127652E-6
1.642250E+7,  2.482682E-4
1.642875E+7,  3.736094E-5
1.643500E+7,  3.856979E-5
1.644125E+7,  5.869754E-5
1.644750E+7,  6.223097E-5
1.645375E+7,  4.185736E-5
1.646000E+7,  5.860999E-5
1.646625E+7,  4.188158E-5
1.647250E+7,  6.461889E-5
1.647875E+7,  8.244067E-5
1.648500E+7,  9.979680E-5
1.649125E+7,  5.582348E-5
1.649750E+7,  8.379668E-5
1.650375E+7,  8.140225E-6
1.651000E+7,  4.496053E-5
1.651625E+7,  5.559064E-5
1.652250E+7,  5.751383E-6
1.652875E+7,  1.753718E-4
1.653500E+7,  9.182096E-5
1.654125E+7,  6.961823E-5
1.654750E+7,  7.382035E-5
1.655375E+7,  4.723109E-5
1.656000E+7,  6.282330E-5
1.656625E+7,  8.350611E-5
1.657250E+7,  7.944927E-5
1.657875E+7,  4.499778E-5
1.658500E+7,  3.372505E-5
1.659125E+7,  7.582456E-5
1.659750E+7,  7.836148E-5
1.660375E+7,  1.169145E-4
1.661000E+7,  4.824623E-5
1.661625E+7,  6.961077E-5
1.662250E+7,  3.102981E-5
1.662875E+7,  7.690117E-5
1.663500E+7,  6.349385E-5
1.664125E+7,  3.791414E-5
1.664750E+7,  2.839509E-5
1.665375E+7,  3.474951E-5
1.666000E+7,  2.324022E-5
1.666625E+7,  6.324425E-5
1.667250E+7,  3.224052E-5
1.667875E+7,  1.331046E-4
1.668500E+7,  6.211177E-5
1.669125E+7,  4.691444E-5
1.669750E+7,  1.102090E-4
1.670375E+7,  4.129298E-5
1.671000E+7,  1.561642E-4
1.671625E+7,  7.746741E-5
1.672250E+7,  1.424327E-4
1.672875E+7,  1.097508E-4
1.673500E+7,  5.391613E-5
1.674125E+7,  6.132200E-5
1.674750E+7,  4.132837E-5
1.675375E+7,  1.570806E-4
1.676000E+7,  7.698685E-5
1.676625E+7,  1.401454E-4
1.677250E+7,  4.808791E-5
1.677875E+7,  1.290627E-5
1.678500E+7,  4.086457E-5
1.679125E+7,  9.975582E-5
1.679750E+7,  6.094947E-5
1.680375E+7,  1.444714E-5
1.681000E+7,  7.349253E-5
1.681625E+7,  4.208460E-5
1.682250E+7,  4.659034E-5
1.682875E+7,  2.666656E-5
1.683500E+7,  1.556426E-5
1.684125E+7,  1.101345E-4
1.684750E+7,  1.826882E-5
1.685375E+7,  1.059882E-4
1.686000E+7,  8.028373E-5
1.686625E+7,  1.530275E-4
1.687250E+7,  4.624389E-5
1.687875E+7,  5.809963E-5
1.688500E+7,  9.941310E-5
1.689125E+7,  7.601455E-5
1.689750E+7,  2.892688E-5
1.690375E+7,  1.538768E-4
1.691000E+7,  4.144199E-5
1.691625E+7,  2.666097E-5
1.692250E+7,  1.097769E-4
1.692875E+7,  1.285672E-4
1.693500E+7,  4.418753E-5
1.694125E+7,  1.293002E-5
1.694750E+7,  1.049452E-4
1.695375E+7,  6.906316E-5
1.696000E+7,  1.101121E-4
1.696625E+7,  4.171208E-5
1.697250E+7,  1.022667E-4
1.697875E+7,  7.772818E-5
1.698500E+7,  1.552403E-4
1.699125E+7,  6.217882E-5
1.699750E+7,  1.515970E-4
1.700375E+7,  8.974969E-5
1.701000E+7,  1.181625E-4
1.701625E+7,  6.757677E-5
1.702250E+7,  6.161258E-5
1.702875E+7,  4.916824E-5
1.703500E+7,  6.050989E-5
1.704125E+7,  2.322271E-4
1.704750E+7,  9.721518E-5
1.705375E+7,  2.089981E-5
1.706000E+7,  1.189038E-4
1.706625E+7,  8.060038E-5
1.707250E+7,  1.449604E-5
1.707875E+7,  5.226582E-5
1.708500E+7,  8.527935E-5
1.709125E+7,  6.958470E-5
1.709750E+7,  1.514107E-4
1.710375E+7,  4.785508E-5
1.711000E+7,  4.427135E-5
1.711625E+7,  1.144968E-4
1.712250E+7,  1.114979E-4
1.712875E+7,  3.244728E-5
1.713500E+7,  2.898555E-5
1.714125E+7,  4.928932E-5
1.714750E+7,  7.632747E-5
1.715375E+7,  3.124215E-5
1.716000E+7,  1.111738E-4
1.716625E+7,  4.315935E-5
1.717250E+7,  4.152581E-5
1.717875E+7,  9.822845E-5
1.718500E+7,  2.677459E-5
1.719125E+7,  2.393499E-5
1.719750E+7,  6.235391E-5
1.720375E+7,  6.775558E-5
1.721000E+7,  6.905198E-5
1.721625E+7,  5.512126E-5
1.722250E+7,  3.129803E-5
1.722875E+7,  4.318357E-5
1.723500E+7,  2.340134E-5
1.724125E+7,  1.232699E-4
1.724750E+7,  1.762658E-4
1.725375E+7,  7.792190E-5
1.726000E+7,  6.179884E-5
1.726625E+7,  7.581711E-5
1.727250E+7,  8.744746E-5
1.727875E+7,  1.068935E-4
1.728500E+7,  4.162081E-5
1.729125E+7,  8.954853E-5
1.729750E+7,  9.717792E-5
1.730375E+7,  2.097525E-5
1.731000E+7,  9.302795E-5
1.731625E+7,  8.476898E-5
1.732250E+7,  5.847216E-5
1.732875E+7,  1.627803E-4
1.733500E+7,  1.472384E-4
1.734125E+7,  5.762652E-5
1.734750E+7,  5.308352E-5
1.735375E+7,  1.039691E-4
1.736000E+7,  9.682775E-5
1.736625E+7,  7.105246E-5
1.737250E+7,  1.012944E-4
1.737875E+7,  6.386638E-5
1.738500E+7,  7.918477E-5
1.739125E+7,  5.210564E-5
1.739750E+7,  1.124665E-4
1.740375E+7,  1.781881E-4
1.741000E+7,  9.116158E-5
1.741625E+7,  9.965897E-5
1.742250E+7,  2.478659E-4
1.742875E+7,  1.062825E-4
1.743500E+7,  5.211122E-5
1.744125E+7,  1.373217E-4
1.744750E+7,  2.349261E-5
1.745375E+7,  8.646399E-5
1.746000E+7,  7.839128E-5
1.746625E+7,  8.165836E-5
1.747250E+7,  2.915738E-6
1.747875E+7,  9.102747E-5
1.748500E+7,  1.044422E-4
1.749125E+7,  5.630404E-5
1.749750E+7,  4.813820E-5
1.750375E+7,  3.140420E-5
1.751000E+7,  6.011501E-5
1.751625E+7,  9.114295E-5
1.752250E+7,  2.918392E-5
1.752875E+7,  8.191168E-5
1.753500E+7,  5.869009E-5
1.754125E+7,  6.524846E-5
1.754750E+7,  5.261973E-5
1.755375E+7,  3.262050E-5
1.756000E+7,  7.858872E-5
1.756625E+7,  4.204549E-5
1.757250E+7,  2.123695E-5
1.757875E+7,  6.524473E-5
1.758500E+7,  8.933246E-5
1.759125E+7,  1.162477E-4
1.759750E+7,  7.474795E-5
1.760375E+7,  8.030236E-5
1.761000E+7,  5.165860E-5
1.761625E+7,  9.469315E-5
1.762250E+7,  5.832687E-5
1.762875E+7,  5.362369E-5
1.763500E+7,  8.262321E-5
1.764125E+7,  1.110360E-4
1.764750E+7,  9.796768E-5
1.765375E+7,  1.870990E-4
1.766000E+7,  9.585544E-5
1.766625E+7,  1.183935E-4
1.767250E+7,  1.034252E-4
1.767875E+7,  1.239553E-4
1.768500E+7,  1.017861E-4
1.769125E+7,  5.910546E-5
1.769750E+7,  5.364418E-5
1.770375E+7,  5.544908E-5
1.771000E+7,  1.503155E-4
1.771625E+7,  6.453320E-5
1.772250E+7,  4.215911E-5
1.772875E+7,  6.822869E-5
1.773500E+7,  4.347228E-5
1.774125E+7,  1.465678E-4
1.774750E+7,  9.945035E-5
1.775375E+7,  1.230240E-4
1.776000E+7,  1.563132E-4
1.776625E+7,  1.481697E-4
1.777250E+7,  1.783594E-4
1.777875E+7,  1.937523E-4
1.778500E+7,  1.616031E-4
1.779125E+7,  1.072437E-4
1.779750E+7,  1.089461E-4
1.780375E+7,  1.351461E-4
1.781000E+7,  2.697483E-5
1.781625E+7,  5.336665E-5
1.782250E+7,  9.582192E-5
1.782875E+7,  3.270060E-5
1.783500E+7,  2.882257E-5
1.784125E+7,  1.702383E-4
1.784750E+7,  8.691102E-5
1.785375E+7,  2.361275E-5
1.786000E+7,  6.115809E-5
1.786625E+7,  1.056725E-5
1.787250E+7,  7.685274E-5
1.787875E+7,  5.402043E-5
1.788500E+7,  1.310278E-5
1.789125E+7,  4.827976E-5
1.789750E+7,  7.428601E-5
1.790375E+7,  5.869940E-5
1.791000E+7,  6.510317E-5
1.791625E+7,  9.028241E-5
1.792250E+7,  7.618219E-5
1.792875E+7,  4.472956E-5
1.793500E+7,  3.275275E-5
1.794125E+7,  9.764358E-5
1.794750E+7,  7.627904E-5
1.795375E+7,  7.061660E-5
1.796000E+7,  5.779043E-5
1.796625E+7,  1.057051E-4
1.797250E+7,  8.724630E-5
1.797875E+7,  4.359335E-5
1.798500E+7,  2.419017E-5
1.799125E+7,  7.611513E-5
1.799750E+7,  3.816374E-5
1.800375E+7,  1.024120E-4
1.801000E+7,  1.618788E-4
1.801625E+7,  1.067668E-4
1.802250E+7,  8.879229E-5
1.802875E+7,  9.414554E-5
1.803500E+7,  3.710575E-5
1.804125E+7,  7.922575E-5
1.804750E+7,  8.174777E-5
1.805375E+7,  5.610101E-5
1.806000E+7,  7.632375E-5
1.806625E+7,  8.921325E-5
1.807250E+7,  9.268895E-5
1.807875E+7,  4.472956E-5
1.808500E+7,  1.002662E-4
1.809125E+7,  1.106560E-4
1.809750E+7,  9.995326E-5
1.810375E+7,  3.596246E-4
1.811000E+7,  3.658682E-4
1.811625E+7,  2.431571E-4
1.812250E+7,  9.941310E-5
1.812875E+7,  1.768544E-4
1.813500E+7,  7.272512E-5
1.814125E+7,  4.989468E-5
1.814750E+7,  1.685098E-4
1.815375E+7,  6.568618E-6
1.816000E+7,  1.097992E-4
1.816625E+7,  8.822232E-5
1.817250E+7,  3.864802E-5
1.817875E+7,  6.875023E-5
1.818500E+7,  1.504198E-4
1.819125E+7,  1.058020E-4
1.819750E+7,  1.644343E-4
1.820375E+7,  1.046397E-4
1.821000E+7,  1.228303E-4
1.821625E+7,  1.122244E-4
1.822250E+7,  1.386106E-4
1.822875E+7,  1.306906E-4
1.823500E+7,  1.584068E-4
1.824125E+7,  1.210459E-4
1.824750E+7,  9.132922E-5
1.825375E+7,  5.000085E-5
1.826000E+7,  1.605600E-4
1.826625E+7,  5.581230E-5
1.827250E+7,  1.145452E-4
1.827875E+7,  9.983778E-5
1.828500E+7,  6.256625E-5
1.829125E+7,  8.327141E-5
1.829750E+7,  1.132488E-4
1.830375E+7,  4.853681E-5
1.831000E+7,  8.004159E-5
1.831625E+7,  7.671490E-5
1.832250E+7,  5.885027E-6
1.832875E+7,  4.452653E-5
1.833500E+7,  2.429169E-5
1.834125E+7,  2.059434E-5
1.834750E+7,  7.728487E-5
1.835375E+7,  5.890429E-5
1.836000E+7,  5.886890E-6
1.836625E+7,  5.145371E-5
1.837250E+7,  2.123322E-5
1.837875E+7,  1.109019E-4
1.838500E+7,  7.031485E-5
1.839125E+7,  2.299994E-5
1.839750E+7,  5.593896E-5
1.840375E+7,  2.778228E-5
1.841000E+7,  1.309365E-4
1.841625E+7,  8.437783E-5
1.842250E+7,  9.999052E-5
1.842875E+7,  7.327646E-5
1.843500E+7,  1.389384E-4
1.844125E+7,  8.019432E-5
1.844750E+7,  2.357550E-5
1.845375E+7,  3.598630E-5
1.846000E+7,  7.290393E-5
1.846625E+7,  7.864460E-5
1.847250E+7,  8.336827E-5
1.847875E+7,  5.692244E-5
1.848500E+7,  2.516992E-5
1.849125E+7,  4.754215E-5
1.849750E+7,  6.218627E-5
1.850375E+7,  1.091473E-4
1.851000E+7,  3.967620E-5
1.851625E+7,  1.687557E-4
1.852250E+7,  1.377240E-4
1.852875E+7,  2.085716E-4
1.853500E+7,  7.236376E-5
1.854125E+7,  1.369119E-4
1.854750E+7,  1.129732E-4
1.855375E+7,  1.532882E-4
1.856000E+7,  6.891787E-5