SAVED BY: 
TITLE: 
COMMENTS: 
DATE: 10/27/2020
TIME: 3:31 PM

STIMULUS, RESPONSE

8.560000E+6,  1.641288E-4
8.566250E+6,  1.563057E-4
8.572500E+6,  1.848862E-4
8.578750E+6,  1.952797E-4
8.585000E+6,  1.887083E-4
8.591250E+6,  1.733676E-4
8.597500E+6,  1.761764E-4
8.603750E+6,  1.837909E-4
8.610000E+6,  1.878068E-4
8.616250E+6,  1.794174E-4
8.622500E+6,  1.807958E-4
8.628750E+6,  1.684427E-4
8.635000E+6,  1.613647E-4
8.641250E+6,  1.765788E-4
8.647500E+6,  1.686960E-4
8.653750E+6,  1.734272E-4
8.660000E+6,  1.712516E-4
8.666250E+6,  1.859963E-4
8.672500E+6,  1.734272E-4
8.678750E+6,  1.866296E-4
8.685000E+6,  1.682267E-4
8.691250E+6,  1.715124E-4
8.697500E+6,  1.797751E-4
8.703750E+6,  1.822338E-4
8.710000E+6,  1.840070E-4
8.716250E+6,  1.637489E-4
8.722500E+6,  1.711398E-4
8.728750E+6,  1.751408E-4
8.735000E+6,  1.757517E-4
8.741250E+6,  1.867563E-4
8.747500E+6,  1.780465E-4
8.753750E+6,  1.795441E-4
8.760000E+6,  1.722947E-4
8.766250E+6,  1.723319E-4
8.772500E+6,  1.923144E-4
8.778750E+6,  1.697764E-4
8.785000E+6,  1.769438E-4
8.791250E+6,  1.811832E-4
8.797500E+6,  1.740754E-4
8.803750E+6,  1.688898E-4
8.810000E+6,  1.711547E-4
8.816250E+6,  2.009571E-4
8.822500E+6,  1.812056E-4
8.828750E+6,  1.853108E-4
8.835000E+6,  1.780465E-4
8.841250E+6,  1.949444E-4
8.847500E+6,  1.880452E-4
8.853750E+6,  1.908839E-4
8.860000E+6,  1.810715E-4
8.866250E+6,  1.797974E-4
8.872500E+6,  1.894981E-4
8.878750E+6,  1.906976E-4
8.885000E+6,  1.741648E-4
8.891250E+6,  1.869351E-4
8.897500E+6,  1.879483E-4
8.903750E+6,  1.955479E-4
8.910000E+6,  1.772046E-4
8.916250E+6,  1.683608E-4
8.922500E+6,  1.879334E-4
8.928750E+6,  2.133548E-4
8.935000E+6,  1.881123E-4
8.941250E+6,  2.054572E-4
8.947500E+6,  1.925081E-4
8.953750E+6,  2.092943E-4
8.960000E+6,  1.949370E-4
8.966250E+6,  1.895651E-4
8.972500E+6,  1.798198E-4
8.978750E+6,  2.261549E-4
8.985000E+6,  1.965612E-4
8.991250E+6,  2.025515E-4
8.997500E+6,  2.034232E-4
9.003750E+6,  1.976490E-4
9.010000E+6,  2.062395E-4
9.016250E+6,  2.122372E-4
9.022500E+6,  2.007335E-4
9.028750E+6,  2.009645E-4
9.035000E+6,  2.007112E-4
9.041250E+6,  1.980588E-4
9.047500E+6,  2.008975E-4
9.053750E+6,  1.919717E-4
9.060000E+6,  1.887530E-4
9.066250E+6,  2.121627E-4
9.072500E+6,  1.925156E-4
9.078750E+6,  2.108216E-4
9.085000E+6,  2.047196E-4
9.091250E+6,  1.870543E-4
9.097500E+6,  1.980290E-4
9.103750E+6,  2.082735E-4
9.110000E+6,  1.939014E-4
9.116250E+6,  2.017468E-4
9.122500E+6,  2.216697E-4
9.128750E+6,  1.898333E-4
9.135000E+6,  1.948178E-4
9.141250E+6,  2.191812E-4
9.147500E+6,  2.024174E-4
9.153750E+6,  2.288446E-4
9.160000E+6,  2.076998E-4
9.166250E+6,  2.063811E-4
9.172500E+6,  2.084970E-4
9.178750E+6,  2.210140E-4
9.185000E+6,  2.210364E-4
9.191250E+6,  2.123415E-4
9.197500E+6,  2.152845E-4
9.203750E+6,  1.987293E-4
9.210000E+6,  2.146959E-4
9.216250E+6,  2.108142E-4
9.222500E+6,  2.106205E-4
9.228750E+6,  2.200007E-4
9.235000E+6,  2.166107E-4
9.241250E+6,  2.084970E-4
9.247500E+6,  2.138764E-4
9.253750E+6,  2.043769E-4
9.260000E+6,  2.264827E-4
9.266250E+6,  2.153888E-4
9.272500E+6,  2.271235E-4
9.278750E+6,  2.169088E-4
9.285000E+6,  2.126545E-4
9.291250E+6,  2.139807E-4
9.297500E+6,  2.117380E-4
9.303750E+6,  2.265349E-4
9.310000E+6,  2.140403E-4
9.316250E+6,  2.109930E-4
9.322500E+6,  2.215952E-4
9.328750E+6,  2.275258E-4
9.335000E+6,  2.209321E-4
9.341250E+6,  2.234504E-4
9.347500E+6,  2.080873E-4
9.353750E+6,  2.108961E-4
9.360000E+6,  2.302974E-4
9.366250E+6,  2.366602E-4
9.372500E+6,  2.300963E-4
9.378750E+6,  2.210066E-4
9.385000E+6,  2.432391E-4
9.391250E+6,  2.046600E-4
9.397500E+6,  2.393052E-4
9.403750E+6,  2.310276E-4
9.410000E+6,  2.149418E-4
9.416250E+6,  2.331883E-4
9.422500E+6,  2.524406E-4
9.428750E+6,  2.471656E-4
9.435000E+6,  2.316907E-4
9.441250E+6,  2.394542E-4
9.447500E+6,  2.241880E-4
9.453750E+6,  2.364665E-4
9.460000E+6,  2.522022E-4
9.466250E+6,  2.646744E-4
9.472500E+6,  2.227798E-4
9.478750E+6,  2.364218E-4
9.485000E+6,  2.271384E-4
9.491250E+6,  2.301633E-4
9.497500E+6,  2.307594E-4
9.503750E+6,  2.330169E-4
9.510000E+6,  2.333149E-4
9.516250E+6,  2.428815E-4
9.522500E+6,  2.242997E-4
9.528750E+6,  2.524257E-4
9.535000E+6,  2.372861E-4
9.541250E+6,  2.494007E-4
9.547500E+6,  2.521425E-4
9.553750E+6,  2.587289E-4
9.560000E+6,  2.624989E-4
9.566250E+6,  2.338365E-4
9.572500E+6,  2.528131E-4
9.578750E+6,  2.492517E-4
9.585000E+6,  2.368391E-4
9.591250E+6,  2.462566E-4
9.597500E+6,  2.489239E-4
9.603750E+6,  2.430528E-4
9.610000E+6,  2.530068E-4
9.616250E+6,  2.399161E-4
9.622500E+6,  2.429336E-4
9.628750E+6,  2.527684E-4
9.635000E+6,  2.555549E-4
9.641250E+6,  2.554208E-4
9.647500E+6,  2.495497E-4
9.653750E+6,  2.567172E-4
9.660000E+6,  2.523065E-4
9.666250E+6,  2.683550E-4
9.672500E+6,  2.502352E-4
9.678750E+6,  2.558678E-4
9.685000E+6,  2.524704E-4
9.691250E+6,  2.685189E-4
9.697500E+6,  2.494454E-4
9.703750E+6,  2.776831E-4
9.710000E+6,  2.620965E-4
9.716250E+6,  2.587438E-4
9.722500E+6,  2.654195E-4
9.728750E+6,  2.811104E-4
9.735000E+6,  2.591908E-4
9.741250E+6,  2.589226E-4
9.747500E+6,  2.782792E-4
9.753750E+6,  2.622306E-4
9.760000E+6,  2.685338E-4
9.766250E+6,  2.686381E-4
9.772500E+6,  2.620965E-4
9.778750E+6,  2.875477E-4
9.785000E+6,  2.578795E-4
9.791250E+6,  2.873987E-4
9.797500E+6,  2.593845E-4
9.803750E+6,  2.779961E-4
9.810000E+6,  2.533197E-4
9.816250E+6,  2.795458E-4
9.822500E+6,  2.718568E-4
9.828750E+6,  2.784431E-4
9.835000E+6,  2.812743E-4
9.841250E+6,  2.856106E-4
9.847500E+6,  2.627969E-4
9.853750E+6,  2.706051E-4
9.860000E+6,  2.752692E-4
9.866250E+6,  2.787858E-4
9.872500E+6,  2.607256E-4
9.878750E+6,  2.888441E-4
9.885000E+6,  2.820939E-4
9.891250E+6,  2.852678E-4
9.897500E+6,  2.784133E-4
9.903750E+6,  2.980679E-4
9.910000E+6,  2.983510E-4
9.916250E+6,  2.985150E-4
9.922500E+6,  2.852678E-4
9.928750E+6,  3.142655E-4
9.935000E+6,  2.951175E-4
9.941250E+6,  2.768487E-4
9.947500E+6,  2.887398E-4
9.953750E+6,  3.231466E-4
9.960000E+6,  2.851784E-4
9.966250E+6,  2.900213E-4
9.972500E+6,  3.168434E-4
9.978750E+6,  2.980977E-4
9.985000E+6,  3.026575E-4
9.991250E+6,  3.126413E-4
9.997500E+6,  2.981126E-4
1.000375E+7,  3.060699E-4
1.001000E+7,  2.829880E-4
1.001625E+7,  3.013015E-4
1.002250E+7,  3.015101E-4
1.002875E+7,  2.917349E-4
1.003500E+7,  2.925694E-4
1.004125E+7,  3.110766E-4
1.004750E+7,  3.083348E-4
1.005375E+7,  3.145784E-4
1.006000E+7,  3.179163E-4
1.006625E+7,  2.997220E-4
1.007250E+7,  2.927482E-4
1.007875E+7,  3.325641E-4
1.008500E+7,  3.111064E-4
1.009125E+7,  2.994537E-4
1.009750E+7,  3.186017E-4
1.010375E+7,  3.433228E-4
1.011000E+7,  3.186464E-4
1.011625E+7,  3.189296E-4
1.012250E+7,  2.937466E-4
1.012875E+7,  3.219247E-4
1.013500E+7,  3.118962E-4
1.014125E+7,  3.097057E-4
1.014750E+7,  3.193468E-4
1.015375E+7,  3.219098E-4
1.016000E+7,  3.188252E-4
1.016625E+7,  3.282726E-4
1.017250E+7,  3.487915E-4
1.017875E+7,  3.255457E-4
1.018500E+7,  3.394932E-4
1.019125E+7,  3.308505E-4
1.019750E+7,  3.238618E-4
1.020375E+7,  3.304780E-4
1.021000E+7,  3.218800E-4
1.021625E+7,  3.570169E-4
1.022250E+7,  3.350824E-4
1.022875E+7,  3.308654E-4
1.023500E+7,  3.328174E-4
1.024125E+7,  3.589094E-4
1.024750E+7,  3.406405E-4
1.025375E+7,  3.535300E-4
1.026000E+7,  3.289133E-4
1.026625E+7,  3.624260E-4
1.027250E+7,  3.508031E-4
1.027875E+7,  3.488064E-4
1.028500E+7,  3.425777E-4
1.029125E+7,  3.568381E-4
1.029750E+7,  3.500730E-4
1.030375E+7,  3.631264E-4
1.031000E+7,  3.635436E-4
1.031625E+7,  3.331155E-4
1.032250E+7,  3.402531E-4
1.032875E+7,  3.432333E-4
1.033500E+7,  3.606528E-4
1.034125E+7,  3.724247E-4
1.034750E+7,  3.786832E-4
1.035375E+7,  3.659427E-4
1.036000E+7,  3.446192E-4
1.036625E+7,  3.551096E-4
1.037250E+7,  3.527701E-4
1.037875E+7,  3.783703E-4
1.038500E+7,  3.549308E-4
1.039125E+7,  3.759414E-4
1.039750E+7,  3.619492E-4
1.040375E+7,  3.728420E-4
1.041000E+7,  3.863424E-4
1.041625E+7,  3.842562E-4
1.042250E+7,  3.653616E-4
1.042875E+7,  3.873855E-4
1.043500E+7,  3.652722E-4
1.044125E+7,  3.778338E-4
1.044750E+7,  3.715158E-4
1.045375E+7,  3.710389E-4
1.046000E+7,  3.829002E-4
1.046625E+7,  3.704131E-4
1.047250E+7,  3.741235E-4
1.047875E+7,  3.910959E-4
1.048500E+7,  3.849119E-4
1.049125E+7,  3.886521E-4
1.049750E+7,  3.869534E-4
1.050375E+7,  3.812909E-4
1.051000E+7,  3.945827E-4
1.051625E+7,  4.001409E-4
1.052250E+7,  3.861934E-4
1.052875E+7,  4.003942E-4
1.053500E+7,  4.002452E-4
1.054125E+7,  4.001409E-4
1.054750E+7,  3.963709E-4
1.055375E+7,  3.937036E-4
1.056000E+7,  3.916174E-4
1.056625E+7,  4.126877E-4
1.057250E+7,  4.104227E-4
1.057875E+7,  4.123449E-4
1.058500E+7,  4.195422E-4
1.059125E+7,  4.142821E-4
1.059750E+7,  4.084855E-4
1.060375E+7,  4.059076E-4
1.061000E+7,  4.019886E-4
1.061625E+7,  4.266798E-4
1.062250E+7,  4.209876E-4
1.062875E+7,  4.034191E-4
1.063500E+7,  4.083365E-4
1.064125E+7,  4.259944E-4
1.064750E+7,  4.127622E-4
1.065375E+7,  4.553348E-4
1.066000E+7,  4.222542E-4
1.066625E+7,  4.314482E-4
1.067250E+7,  4.369617E-4
1.067875E+7,  4.469603E-4
1.068500E+7,  4.272759E-4
1.069125E+7,  4.582405E-4
1.069750E+7,  4.319400E-4
1.070375E+7,  4.528165E-4
1.071000E+7,  4.444569E-4
1.071625E+7,  4.621297E-4
1.072250E+7,  4.371405E-4
1.072875E+7,  4.486442E-4
1.073500E+7,  4.542768E-4
1.074125E+7,  4.664660E-4
1.074750E+7,  4.452020E-4
1.075375E+7,  4.442036E-4
1.076000E+7,  4.507601E-4
1.076625E+7,  4.628748E-4
1.077250E+7,  4.590601E-4
1.077875E+7,  4.702657E-4
1.078500E+7,  4.483312E-4
1.079125E+7,  4.751533E-4
1.079750E+7,  4.708171E-4
1.080375E+7,  4.833043E-4
1.081000E+7,  4.666150E-4
1.081625E+7,  4.696548E-4
1.082250E+7,  4.767776E-4
1.082875E+7,  4.819334E-4
1.083500E+7,  4.784614E-4
1.084125E+7,  4.668683E-4
1.084750E+7,  4.788488E-4
1.085375E+7,  4.807413E-4
1.086000E+7,  5.081594E-4
1.086625E+7,  4.837215E-4
1.087250E+7,  4.688054E-4
1.087875E+7,  4.978776E-4
1.088500E+7,  4.851818E-4
1.089125E+7,  4.913509E-4
1.089750E+7,  4.848838E-4
1.090375E+7,  5.064011E-4
1.091000E+7,  5.041659E-4
1.091625E+7,  4.975200E-4
1.092250E+7,  5.030334E-4
1.092875E+7,  5.121231E-4
1.093500E+7,  5.169511E-4
1.094125E+7,  5.182028E-4
1.094750E+7,  5.182922E-4
1.095375E+7,  5.224347E-4
1.096000E+7,  5.144477E-4
1.096625E+7,  5.345643E-4
1.097250E+7,  5.236566E-4
1.097875E+7,  5.242527E-4
1.098500E+7,  5.242229E-4
1.099125E+7,  5.137026E-4
1.099750E+7,  5.164444E-4
1.100375E+7,  5.433559E-4
1.101000E+7,  5.411208E-4
1.101625E+7,  5.456209E-4
1.102250E+7,  5.491376E-4
1.102875E+7,  5.315840E-4
1.103500E+7,  5.583465E-4
1.104125E+7,  5.643070E-4
1.104750E+7,  5.526841E-4
1.105375E+7,  5.649626E-4
1.106000E+7,  5.578101E-4
1.106625E+7,  5.593896E-4
1.107250E+7,  5.539060E-4
1.107875E+7,  5.670190E-4
1.108500E+7,  5.662441E-4
1.109125E+7,  5.610287E-4
1.109750E+7,  5.763471E-4
1.110375E+7,  5.773008E-4
1.111000E+7,  5.851090E-4
1.111625E+7,  5.962253E-4
1.112250E+7,  5.754232E-4
1.112875E+7,  5.858243E-4
1.113500E+7,  5.884171E-4
1.114125E+7,  5.890131E-4
1.114750E+7,  5.962253E-4
1.115375E+7,  6.222427E-4
1.116000E+7,  6.222129E-4
1.116625E+7,  6.271601E-4
1.117250E+7,  6.119013E-4
1.117875E+7,  6.233454E-4
1.118500E+7,  6.180406E-4
1.119125E+7,  6.442368E-4
1.119750E+7,  6.397367E-4
1.120375E+7,  6.498992E-4
1.121000E+7,  6.641746E-4
1.121625E+7,  6.725490E-4
1.122250E+7,  7.024407E-4
1.122875E+7,  7.789135E-4
1.123500E+7,  8.282363E-4
1.124125E+7,  7.977188E-4
1.124750E+7,  8.153617E-4
1.125375E+7,  7.902384E-4
1.126000E+7,  8.036792E-4
1.126625E+7,  7.741749E-4
1.127250E+7,  8.330643E-4
1.127875E+7,  7.882416E-4
1.128500E+7,  7.884800E-4
1.129125E+7,  7.662475E-4
1.129750E+7,  6.962717E-4
1.130375E+7,  7.386506E-4
1.131000E+7,  7.885098E-4
1.131625E+7,  7.969737E-4
1.132250E+7,  8.162856E-4
1.132875E+7,  7.942021E-4
1.133500E+7,  8.083284E-4
1.134125E+7,  7.750690E-4
1.134750E+7,  7.785261E-4
1.135375E+7,  7.950664E-4
1.136000E+7,  7.454455E-4
1.136625E+7,  8.062422E-4
1.137250E+7,  7.990003E-4
1.137875E+7,  8.414686E-4
1.138500E+7,  8.032620E-4
1.139125E+7,  8.208752E-4
1.139750E+7,  8.087158E-4
1.140375E+7,  7.946491E-4
1.141000E+7,  7.801056E-4
1.141625E+7,  7.742047E-4
1.142250E+7,  8.058548E-4
1.142875E+7,  8.645952E-4
1.143500E+7,  8.094013E-4
1.144125E+7,  8.381605E-4
1.144750E+7,  8.883476E-4
1.145375E+7,  9.009242E-4
1.146000E+7,  9.025931E-4
1.146625E+7,  9.440482E-4
1.147250E+7,  8.938611E-4
1.147875E+7,  8.786321E-4
1.148500E+7,  8.992851E-4
1.149125E+7,  1.013935E-3
1.149750E+7,  1.036704E-3
1.150375E+7,  1.007974E-3
1.151000E+7,  1.017272E-3
1.151625E+7,  1.009881E-3
1.152250E+7,  1.012743E-3
1.152875E+7,  9.873509E-4
1.153500E+7,  9.211600E-4
1.154125E+7,  1.035810E-3
1.154750E+7,  1.044154E-3
1.155375E+7,  1.030862E-3
1.156000E+7,  1.170218E-3
1.156625E+7,  1.187444E-3
1.157250E+7,  1.168847E-3
1.157875E+7,  1.161575E-3
1.158500E+7,  1.304865E-3
1.159125E+7,  1.150727E-3
1.159750E+7,  1.143992E-3
1.160375E+7,  1.234770E-3
1.161000E+7,  1.195312E-3
1.161625E+7,  1.334488E-3
1.162250E+7,  1.369953E-3
1.162875E+7,  1.626074E-3
1.163500E+7,  1.744747E-3
1.164125E+7,  1.932740E-3
1.164750E+7,  2.137661E-3
1.165375E+7,  2.048731E-3
1.166000E+7,  2.004623E-3
1.166625E+7,  2.205014E-3
1.167250E+7,  2.081633E-3
1.167875E+7,  2.126336E-3
1.168500E+7,  2.114415E-3
1.169125E+7,  2.130270E-3
1.169750E+7,  2.179384E-3
1.170375E+7,  2.181649E-3
1.171000E+7,  2.176046E-3
1.171625E+7,  2.230406E-3
1.172250E+7,  2.247810E-3
1.172875E+7,  2.257943E-3
1.173500E+7,  2.256393E-3
1.174125E+7,  2.273083E-3
1.174750E+7,  2.320528E-3
1.175375E+7,  2.347708E-3
1.176000E+7,  2.316713E-3
1.176625E+7,  2.332568E-3
1.177250E+7,  2.338290E-3
1.177875E+7,  2.442956E-3
1.178500E+7,  2.374411E-3
1.179125E+7,  2.426505E-3
1.179750E+7,  2.449632E-3
1.180375E+7,  2.413869E-3
1.181000E+7,  2.417684E-3
1.181625E+7,  2.419591E-3
1.182250E+7,  2.485633E-3
1.182875E+7,  2.517939E-3
1.183500E+7,  2.508521E-3
1.184125E+7,  2.599597E-3
1.184750E+7,  2.604365E-3
1.185375E+7,  2.628922E-3
1.186000E+7,  2.656102E-3
1.186625E+7,  2.672553E-3
1.187250E+7,  2.697110E-3
1.187875E+7,  2.706528E-3
1.188500E+7,  2.716899E-3
1.189125E+7,  2.775550E-3
1.189750E+7,  2.786279E-3
1.190375E+7,  2.821088E-3
1.191000E+7,  2.863050E-3
1.191625E+7,  2.813697E-3
1.192250E+7,  2.873898E-3
1.192875E+7,  2.884507E-3
1.193500E+7,  2.859831E-3
1.194125E+7,  2.958059E-3
1.194750E+7,  2.971530E-3
1.195375E+7,  2.969027E-3
1.196000E+7,  2.970457E-3
1.196625E+7,  3.037453E-3
1.197250E+7,  3.065228E-3
1.197875E+7,  3.024936E-3
1.198500E+7,  3.111482E-3
1.199125E+7,  3.097057E-3
1.199750E+7,  3.104925E-3
1.200375E+7,  3.139377E-3
1.201000E+7,  3.147006E-3
1.201625E+7,  3.218889E-3
1.202250E+7,  3.154278E-3
1.202875E+7,  3.234982E-3
1.203500E+7,  3.303409E-3
1.204125E+7,  3.201962E-3
1.204750E+7,  3.220677E-3
1.205375E+7,  3.319740E-3
1.206000E+7,  3.295064E-3
1.206625E+7,  3.404021E-3
1.207250E+7,  3.444672E-3
1.207875E+7,  3.368616E-3
1.208500E+7,  3.349543E-3
1.209125E+7,  3.458858E-3
1.209750E+7,  3.422022E-3
1.210375E+7,  3.500581E-3
1.211000E+7,  3.505945E-3
1.211625E+7,  3.495455E-3
1.212250E+7,  3.554106E-3
1.212875E+7,  3.561497E-3
1.213500E+7,  3.603697E-3
1.214125E+7,  3.663301E-3
1.214750E+7,  3.706694E-3
1.215375E+7,  3.722191E-3
1.216000E+7,  3.730416E-3
1.216625E+7,  3.783226E-3
1.217250E+7,  3.816009E-3
1.217875E+7,  3.870130E-3
1.218500E+7,  3.920078E-3
1.219125E+7,  3.897309E-3
1.219750E+7,  3.953457E-3
1.220375E+7,  3.980875E-3
1.221000E+7,  4.033566E-3
1.221625E+7,  4.101515E-3
1.222250E+7,  4.133224E-3
1.222875E+7,  4.166603E-3
1.223500E+7,  4.247427E-3
1.224125E+7,  4.228115E-3
1.224750E+7,  4.292011E-3
1.225375E+7,  4.293203E-3
1.226000E+7,  4.377604E-3
1.226625E+7,  4.394293E-3
1.227250E+7,  4.429340E-3
1.227875E+7,  4.467249E-3
1.228500E+7,  4.523754E-3
1.229125E+7,  4.607439E-3
1.229750E+7,  4.627466E-3
1.230375E+7,  4.743576E-3
1.231000E+7,  4.728556E-3
1.231625E+7,  4.795313E-3
1.232250E+7,  4.859209E-3
1.232875E+7,  4.953384E-3
1.233500E+7,  4.986525E-3
1.234125E+7,  5.025148E-3
1.234750E+7,  5.037546E-3
1.235375E+7,  5.109310E-3
1.236000E+7,  5.154848E-3
1.236625E+7,  5.252600E-3
1.237250E+7,  5.289793E-3
1.237875E+7,  5.380869E-3
1.238500E+7,  5.453587E-3
1.239125E+7,  5.554438E-3
1.239750E+7,  5.561352E-3
1.240375E+7,  5.638838E-3
1.241000E+7,  5.700350E-3
1.241625E+7,  5.798578E-3
1.242250E+7,  5.863905E-3
1.242875E+7,  5.922794E-3
1.243500E+7,  6.001234E-3
1.244125E+7,  6.095886E-3
1.244750E+7,  6.159306E-3
1.245375E+7,  6.267071E-3
1.246000E+7,  6.284237E-3
1.246625E+7,  6.446362E-3
1.247250E+7,  6.483793E-3
1.247875E+7,  6.563663E-3
1.248500E+7,  6.625891E-3
1.249125E+7,  6.757259E-3
1.249750E+7,  6.821156E-3
1.250375E+7,  6.959677E-3
1.251000E+7,  7.050514E-3
1.251625E+7,  7.087708E-3
1.252250E+7,  7.221460E-3
1.252875E+7,  7.305861E-3
1.253500E+7,  7.422209E-3
1.254125E+7,  7.539034E-3
1.254750E+7,  7.610083E-3
1.255375E+7,  7.782936E-3
1.256000E+7,  7.885933E-3
1.256625E+7,  8.002758E-3
1.257250E+7,  8.134365E-3
1.257875E+7,  8.261681E-3
1.258500E+7,  8.329391E-3
1.259125E+7,  8.452415E-3
1.259750E+7,  8.613586E-3
1.260375E+7,  8.744240E-3
1.261000E+7,  8.861065E-3
1.261625E+7,  9.110928E-3
1.262250E+7,  9.198666E-3
1.262875E+7,  9.541512E-3
1.263500E+7,  9.307861E-3
1.264125E+7,  9.627342E-3
1.264750E+7,  9.840012E-3
1.265375E+7,  9.932518E-3
1.266000E+7,  1.022530E-2
1.266625E+7,  1.021528E-2
1.267250E+7,  1.061773E-2
1.267875E+7,  1.089811E-2
1.268500E+7,  1.129723E-2
1.269125E+7,  1.145172E-2
1.269750E+7,  1.107788E-2
1.270375E+7,  1.093674E-2
1.271000E+7,  1.263428E-2
1.271625E+7,  1.180553E-2
1.272250E+7,  1.207256E-2
1.272875E+7,  1.226330E-2
1.273500E+7,  1.265717E-2
1.274125E+7,  1.282930E-2
1.274750E+7,  1.320505E-2
1.275375E+7,  1.323700E-2
1.276000E+7,  1.355124E-2
1.276625E+7,  1.371241E-2
1.277250E+7,  1.028204E-2
1.277875E+7,  1.316166E-2
1.278500E+7,  1.504326E-2
1.279125E+7,  1.583672E-2
1.279750E+7,  1.526499E-2
1.280375E+7,  1.459980E-2
1.281000E+7,  1.362705E-2
1.281625E+7,  1.734257E-2
1.282250E+7,  1.730347E-2
1.282875E+7,  1.720810E-2
1.283500E+7,  1.619053E-2
1.284125E+7,  1.921082E-2
1.284750E+7,  1.912975E-2
1.285375E+7,  1.997375E-2
1.286000E+7,  1.991653E-2
1.286625E+7,  2.101326E-2
1.287250E+7,  2.124023E-2
1.287875E+7,  2.121830E-2
1.288500E+7,  2.122211E-2
1.289125E+7,  2.315426E-2
1.289750E+7,  2.323055E-2
1.290375E+7,  2.313995E-2
1.291000E+7,  2.395821E-2
1.291625E+7,  2.558994E-2
1.292250E+7,  2.270508E-2
1.292875E+7,  2.531052E-2
1.293500E+7,  2.347755E-2
1.294125E+7,  2.481365E-2
1.294750E+7,  2.095032E-2
1.295375E+7,  1.576042E-2
1.296000E+7,  1.273155E-2
1.296625E+7,  1.234198E-2
1.297250E+7,  1.282024E-2
1.297875E+7,  1.309919E-2
1.298500E+7,  1.332617E-2
1.299125E+7,  1.372147E-2
1.299750E+7,  1.405144E-2
1.300375E+7,  1.445866E-2
1.301000E+7,  1.491880E-2
1.301625E+7,  1.527405E-2
1.302250E+7,  1.578712E-2
1.302875E+7,  1.622391E-2
1.303500E+7,  1.675987E-2
1.304125E+7,  1.725578E-2
1.304750E+7,  1.779938E-2
1.305375E+7,  1.833153E-2
1.306000E+7,  1.888466E-2
1.306625E+7,  1.955509E-2
1.307250E+7,  2.021217E-2
1.307875E+7,  2.102757E-2
1.308500E+7,  2.174759E-2
1.309125E+7,  2.257347E-2
1.309750E+7,  2.330399E-2
1.310375E+7,  2.417088E-2
1.311000E+7,  2.504444E-2
1.311625E+7,  2.600193E-2
1.312250E+7,  2.712536E-2
1.312875E+7,  2.827263E-2
1.313500E+7,  2.944946E-2
1.314125E+7,  3.060532E-2
1.314750E+7,  3.198242E-2
1.315375E+7,  3.386688E-2
1.316000E+7,  3.540039E-2
1.316625E+7,  3.700447E-2
1.317250E+7,  3.844643E-2
1.317875E+7,  4.050827E-2
1.318500E+7,  4.242706E-2
1.319125E+7,  4.483223E-2
1.319750E+7,  4.659271E-2
1.320375E+7,  4.901123E-2
1.321000E+7,  5.218124E-2
1.321625E+7,  5.429840E-2
1.322250E+7,  5.731773E-2
1.322875E+7,  6.107330E-2
1.323500E+7,  6.518173E-2
1.324125E+7,  7.010269E-2
1.324750E+7,  7.603455E-2
1.325375E+7,  8.248520E-2
1.326000E+7,  8.746338E-2
1.326625E+7,  9.388351E-2
1.327250E+7,  1.012383E-1
1.327875E+7,  1.101227E-1
1.328500E+7,  1.179008E-1
1.329125E+7,  1.299744E-1
1.329750E+7,  1.400757E-1
1.330375E+7,  1.509933E-1
1.331000E+7,  1.690369E-1
1.331625E+7,  1.847916E-1
1.332250E+7,  2.065125E-1
1.332875E+7,  2.190018E-1
1.333500E+7,  2.329941E-1
1.334125E+7,  2.514343E-1
1.334750E+7,  2.712402E-1
1.335375E+7,  2.982178E-1
1.336000E+7,  3.173828E-1
1.336625E+7,  3.315277E-1
1.337250E+7,  3.507843E-1
1.337875E+7,  3.567352E-1
1.338500E+7,  3.578796E-1
1.339125E+7,  3.619385E-1
1.339750E+7,  3.542175E-1
1.340375E+7,  3.441162E-1
1.341000E+7,  3.358002E-1
1.341625E+7,  3.296967E-1
1.342250E+7,  3.204346E-1
1.342875E+7,  3.142242E-1
1.343500E+7,  3.090210E-1
1.344125E+7,  2.996063E-1
1.344750E+7,  2.958832E-1
1.345375E+7,  2.917328E-1
1.346000E+7,  2.881470E-1
1.346625E+7,  2.881622E-1
1.347250E+7,  2.902222E-1
1.347875E+7,  2.889404E-1
1.348500E+7,  2.876129E-1
1.349125E+7,  2.892151E-1
1.349750E+7,  2.932587E-1
1.350375E+7,  3.000793E-1
1.351000E+7,  3.039856E-1
1.351625E+7,  3.089752E-1
1.352250E+7,  3.160400E-1
1.352875E+7,  3.240662E-1
1.353500E+7,  3.331299E-1
1.354125E+7,  3.418121E-1
1.354750E+7,  3.500824E-1
1.355375E+7,  3.571472E-1
1.356000E+7,  3.621521E-1
1.356625E+7,  3.637543E-1
1.357250E+7,  3.612671E-1
1.357875E+7,  3.567963E-1
1.358500E+7,  3.464050E-1
1.359125E+7,  3.325195E-1
1.359750E+7,  3.166351E-1
1.360375E+7,  2.976532E-1
1.361000E+7,  2.780914E-1
1.361625E+7,  2.593079E-1
1.362250E+7,  2.405243E-1
1.362875E+7,  2.234497E-1
1.363500E+7,  2.073441E-1
1.364125E+7,  1.924515E-1
1.364750E+7,  1.788406E-1
1.365375E+7,  1.665649E-1
1.366000E+7,  1.554413E-1
1.366625E+7,  1.458130E-1
1.367250E+7,  1.367722E-1
1.367875E+7,  1.285553E-1
1.368500E+7,  1.212387E-1
1.369125E+7,  1.139908E-1
1.369750E+7,  1.079903E-1
1.370375E+7,  1.019669E-1
1.371000E+7,  9.664536E-2
1.371625E+7,  9.237671E-2
1.372250E+7,  8.824921E-2
1.372875E+7,  8.397293E-2
1.373500E+7,  8.053589E-2
1.374125E+7,  7.698822E-2
1.374750E+7,  7.397461E-2
1.375375E+7,  7.111740E-2
1.376000E+7,  6.842422E-2
1.376625E+7,  6.584930E-2
1.377250E+7,  6.363678E-2
1.377875E+7,  6.156540E-2
1.378500E+7,  5.957794E-2
1.379125E+7,  5.772018E-2
1.379750E+7,  5.595016E-2
1.380375E+7,  5.430603E-2
1.381000E+7,  5.281067E-2
1.381625E+7,  5.145264E-2
1.382250E+7,  5.009842E-2
1.382875E+7,  4.891586E-2
1.383500E+7,  4.781342E-2
1.384125E+7,  4.673195E-2
1.384750E+7,  4.570770E-2
1.385375E+7,  4.475975E-2
1.386000E+7,  4.388428E-2
1.386625E+7,  4.312897E-2
1.387250E+7,  4.236603E-2
1.387875E+7,  4.168510E-2
1.388500E+7,  4.103661E-2
1.389125E+7,  4.042816E-2
1.389750E+7,  3.985977E-2
1.390375E+7,  3.939056E-2
1.391000E+7,  3.893089E-2
1.391625E+7,  3.850746E-2
1.392250E+7,  3.813553E-2
1.392875E+7,  3.785706E-2
1.393500E+7,  3.756714E-2
1.394125E+7,  3.738213E-2
1.394750E+7,  3.721809E-2
1.395375E+7,  3.706551E-2
1.396000E+7,  3.695107E-2
1.396625E+7,  3.691101E-2
1.397250E+7,  3.696442E-2
1.397875E+7,  3.694153E-2
1.398500E+7,  3.706741E-2
1.399125E+7,  3.724670E-2
1.399750E+7,  3.742218E-2
1.400375E+7,  3.772545E-2
1.401000E+7,  3.807831E-2
1.401625E+7,  3.847694E-2
1.402250E+7,  3.897858E-2
1.402875E+7,  3.956985E-2
1.403500E+7,  4.025459E-2
1.404125E+7,  4.109573E-2
1.404750E+7,  4.199028E-2
1.405375E+7,  4.303932E-2
1.406000E+7,  4.426765E-2
1.406625E+7,  4.562378E-2
1.407250E+7,  4.728127E-2
1.407875E+7,  4.912376E-2
1.408500E+7,  5.131912E-2
1.409125E+7,  5.388069E-2
1.409750E+7,  5.676460E-2
1.410375E+7,  6.020164E-2
1.411000E+7,  6.426620E-2
1.411625E+7,  6.901169E-2
1.412250E+7,  7.474899E-2
1.412875E+7,  8.125305E-2
1.413500E+7,  8.890152E-2
1.414125E+7,  9.711456E-2
1.414750E+7,  1.053162E-1
1.415375E+7,  1.118431E-1
1.416000E+7,  1.139565E-1
1.416625E+7,  1.110725E-1
1.417250E+7,  1.025429E-1
1.417875E+7,  9.151077E-2
1.418500E+7,  7.975769E-2
1.419125E+7,  6.958008E-2
1.419750E+7,  6.049538E-2
1.420375E+7,  5.286026E-2
1.421000E+7,  4.659843E-2
1.421625E+7,  4.139900E-2
1.422250E+7,  3.694153E-2
1.422875E+7,  3.318214E-2
1.423500E+7,  3.000736E-2
1.424125E+7,  2.727032E-2
1.424750E+7,  2.489948E-2
1.425375E+7,  2.281380E-2
1.426000E+7,  2.096176E-2
1.426625E+7,  1.935959E-2
1.427250E+7,  1.792812E-2
1.427875E+7,  1.661777E-2
1.428500E+7,  1.547146E-2
1.429125E+7,  1.444674E-2
1.429750E+7,  1.349163E-2
1.430375E+7,  1.262283E-2
1.431000E+7,  1.188469E-2
1.431625E+7,  1.116896E-2
1.432250E+7,  1.051903E-2
1.432875E+7,  9.906292E-3
1.433500E+7,  9.350300E-3
1.434125E+7,  8.877754E-3
1.434750E+7,  8.387089E-3
1.435375E+7,  7.950783E-3
1.436000E+7,  7.550001E-3
1.436625E+7,  7.174730E-3
1.437250E+7,  6.824970E-3
1.437875E+7,  6.482601E-3
1.438500E+7,  6.188869E-3
1.439125E+7,  5.902052E-3
1.439750E+7,  5.634785E-3
1.440375E+7,  5.376816E-3
1.441000E+7,  5.136251E-3
1.441625E+7,  4.896402E-3
1.442250E+7,  4.712582E-3
1.442875E+7,  4.506350E-3
1.443500E+7,  4.330397E-3
1.444125E+7,  4.139900E-3
1.444750E+7,  3.968000E-3
1.445375E+7,  3.810883E-3
1.446000E+7,  3.668785E-3
1.446625E+7,  3.527761E-3
1.447250E+7,  3.396749E-3
1.447875E+7,  3.250360E-3
1.448500E+7,  3.120303E-3
1.449125E+7,  3.005981E-3
1.449750E+7,  2.898097E-3
1.450375E+7,  2.793193E-3
1.451000E+7,  2.686262E-3
1.451625E+7,  2.589226E-3
1.452250E+7,  2.466321E-3
1.452875E+7,  2.413988E-3
1.453500E+7,  2.327085E-3
1.454125E+7,  2.235770E-3
1.454750E+7,  2.159238E-3
1.455375E+7,  2.100468E-3
1.456000E+7,  2.030373E-3
1.456625E+7,  1.951218E-3
1.457250E+7,  1.890242E-3
1.457875E+7,  1.809239E-3
1.458500E+7,  1.753509E-3
1.459125E+7,  1.699686E-3
1.459750E+7,  1.640916E-3
1.460375E+7,  1.607060E-3
1.461000E+7,  1.542330E-3
1.461625E+7,  1.487732E-3
1.462250E+7,  1.473904E-3
1.462875E+7,  1.404524E-3
1.463500E+7,  1.348257E-3
1.464125E+7,  1.318395E-3
1.464750E+7,  1.287937E-3
1.465375E+7,  1.234174E-3
1.466000E+7,  1.194417E-3
1.466625E+7,  1.174212E-3
1.467250E+7,  1.135349E-3
1.467875E+7,  1.110315E-3
1.468500E+7,  1.085043E-3
1.469125E+7,  1.045883E-3
1.469750E+7,  1.027167E-3
1.470375E+7,  9.800196E-4
1.471000E+7,  9.411275E-4
1.471625E+7,  9.204149E-4
1.472250E+7,  8.955896E-4
1.472875E+7,  8.603334E-4
1.473500E+7,  8.778870E-4
1.474125E+7,  8.187592E-4
1.474750E+7,  8.160472E-4
1.475375E+7,  7.916689E-4
1.476000E+7,  7.474124E-4
1.476625E+7,  7.459521E-4
1.477250E+7,  6.994009E-4
1.477875E+7,  6.995797E-4
1.478500E+7,  6.692708E-4
1.479125E+7,  6.693006E-4
1.479750E+7,  6.287098E-4
1.480375E+7,  6.446242E-4
1.481000E+7,  6.167889E-4
1.481625E+7,  5.867779E-4
1.482250E+7,  5.693436E-4
1.482875E+7,  5.751550E-4
1.483500E+7,  5.393326E-4
1.484125E+7,  5.353689E-4
1.484750E+7,  5.415082E-4
1.485375E+7,  5.176365E-4
1.486000E+7,  4.992485E-4
1.486625E+7,  4.897714E-4
1.487250E+7,  4.919469E-4
1.487875E+7,  4.589409E-4
1.488500E+7,  4.709363E-4
1.489125E+7,  4.417896E-4
1.489750E+7,  4.151762E-4
1.490375E+7,  3.948957E-4
1.491000E+7,  4.173368E-4
1.491625E+7,  3.950447E-4
1.492250E+7,  3.894567E-4
1.492875E+7,  3.710091E-4
1.493500E+7,  3.795773E-4
1.494125E+7,  3.527850E-4
1.494750E+7,  3.472567E-4
1.495375E+7,  3.588647E-4
1.496000E+7,  3.392696E-4
1.496625E+7,  3.317446E-4
1.497250E+7,  3.194511E-4
1.497875E+7,  3.229827E-4
1.498500E+7,  2.970845E-4
1.499125E+7,  2.565384E-4
1.499750E+7,  2.794117E-4
1.500375E+7,  2.831519E-4
1.501000E+7,  2.778471E-4
1.501625E+7,  2.634972E-4
1.502250E+7,  2.695918E-4
1.502875E+7,  2.651215E-4
1.503500E+7,  2.371371E-4
1.504125E+7,  2.592057E-4
1.504750E+7,  2.366006E-4
1.505375E+7,  2.139285E-4
1.506000E+7,  2.019256E-4
1.506625E+7,  2.079904E-4
1.507250E+7,  2.280846E-4
1.507875E+7,  2.097562E-4
1.508500E+7,  1.963973E-4
1.509125E+7,  1.632124E-4
1.509750E+7,  1.944974E-4
1.510375E+7,  1.985356E-4
1.511000E+7,  1.880601E-4
1.511625E+7,  1.830980E-4
1.512250E+7,  1.860112E-4
1.512875E+7,  1.880303E-4
1.513500E+7,  1.580194E-4
1.514125E+7,  1.698583E-4
1.514750E+7,  1.382828E-4
1.515375E+7,  1.765639E-4
1.516000E+7,  1.418144E-4
1.516625E+7,  1.418889E-4
1.517250E+7,  1.666024E-4
1.517875E+7,  1.401752E-4
1.518500E+7,  1.503080E-4
1.519125E+7,  1.502037E-4
1.519750E+7,  1.339316E-4
1.520375E+7,  1.240745E-4
1.521000E+7,  1.293570E-4
1.521625E+7,  1.505017E-4
1.522250E+7,  1.186542E-4
1.522875E+7,  1.206808E-4
1.523500E+7,  1.352727E-4
1.524125E+7,  1.269206E-4
1.524750E+7,  1.356602E-4
1.525375E+7,  1.143888E-4
1.526000E+7,  1.090765E-4
1.526625E+7,  9.451807E-5
1.527250E+7,  1.055077E-4
1.527875E+7,  1.021363E-4
1.528500E+7,  9.562820E-5
1.529125E+7,  9.396672E-5
1.529750E+7,  7.902458E-5
1.530375E+7,  1.084767E-4
1.531000E+7,  9.531900E-5
1.531625E+7,  1.063347E-4
1.532250E+7,  8.352846E-5
1.532875E+7,  7.100031E-5
1.533500E+7,  3.878586E-5
1.534125E+7,  1.118258E-4
1.534750E+7,  8.301064E-5
1.535375E+7,  7.059053E-5
1.536000E+7,  9.724125E-5
1.536625E+7,  8.781627E-5
1.537250E+7,  9.661168E-5
1.537875E+7,  8.128211E-5
1.538500E+7,  8.293241E-5
1.539125E+7,  9.176880E-5
1.539750E+7,  5.203485E-5
1.540375E+7,  5.772896E-5
1.541000E+7,  7.566065E-5
1.541625E+7,  8.301437E-5
1.542250E+7,  8.697808E-5
1.542875E+7,  9.635463E-5
1.543500E+7,  8.289143E-5
1.544125E+7,  4.971214E-5
1.544750E+7,  5.223975E-5
1.545375E+7,  5.494431E-5
1.546000E+7,  4.771352E-5
1.546625E+7,  6.767362E-5
1.547250E+7,  3.781356E-5
1.547875E+7,  5.030073E-5
1.548500E+7,  5.315803E-5
1.549125E+7,  4.415773E-5
1.549750E+7,  3.183447E-5
1.550375E+7,  6.077997E-5
1.551000E+7,  7.240102E-5
1.551625E+7,  5.306490E-5
1.552250E+7,  4.138611E-5
1.552875E+7,  5.081296E-5
1.553500E+7,  5.418435E-5
1.554125E+7,  3.828667E-5
1.554750E+7,  9.419024E-5
1.555375E+7,  7.536635E-5
1.556000E+7,  4.211999E-5
1.556625E+7,  4.123896E-5
1.557250E+7,  4.126690E-5
1.557875E+7,  3.043842E-5
1.558500E+7,  2.040900E-5
1.559125E+7,  3.266148E-5
1.559750E+7,  4.944764E-5
1.560375E+7,  3.313646E-5
1.561000E+7,  4.128926E-5
1.561625E+7,  2.321508E-5
1.562250E+7,  1.453236E-5
1.562875E+7,  2.488866E-5
1.563500E+7,  3.178418E-5
1.564125E+7,  2.465304E-5
1.564750E+7,  4.863739E-5
1.565375E+7,  3.867969E-5
1.566000E+7,  3.991276E-5
1.566625E+7,  1.724716E-5
1.567250E+7,  1.088670E-5
1.567875E+7,  7.657334E-6
1.568500E+7,  8.553267E-6
1.569125E+7,  2.163742E-5
1.569750E+7,  2.415106E-5
1.570375E+7,  2.156943E-5
1.571000E+7,  1.563784E-5
1.571625E+7,  2.276152E-5
1.572250E+7,  2.406165E-5
1.572875E+7,  1.902226E-5
1.573500E+7,  2.042390E-5
1.574125E+7,  7.562339E-6
1.574750E+7,  2.543908E-5
1.575375E+7,  3.953278E-5
1.576000E+7,  3.951043E-5
1.576625E+7,  3.243797E-5
1.577250E+7,  2.428330E-5
1.577875E+7,  1.695845E-5
1.578500E+7,  1.137657E-5
1.579125E+7,  1.695752E-5
1.579750E+7,  2.397783E-5
1.580375E+7,  1.690909E-5
1.581000E+7,  2.266932E-5
1.581625E+7,  2.383813E-5
1.582250E+7,  8.438248E-6
1.582875E+7,  2.941862E-5
1.583500E+7,  1.685414E-5
1.584125E+7,  1.359731E-5
1.584750E+7,  1.358986E-5
1.585375E+7,  3.103912E-5
1.586000E+7,  3.385171E-5
1.586625E+7,  1.506042E-5
1.587250E+7,  1.681317E-5
1.587875E+7,  2.523419E-5
1.588500E+7,  1.548789E-5
1.589125E+7,  3.760448E-6
1.589750E+7,  8.388422E-6
1.590375E+7,  7.502269E-6
1.591000E+7,  7.509021E-6
1.591625E+7,  1.125876E-5
1.592250E+7,  1.677126E-5
1.592875E+7,  2.279412E-5
1.593500E+7,  8.379575E-6
1.594125E+7,  1.498172E-5
1.594750E+7,  1.058588E-5
1.595375E+7,  1.058681E-5
1.596000E+7,  1.495425E-5
1.596625E+7,  1.674425E-5
1.597250E+7,  1.058867E-5
1.597875E+7,  2.925377E-5
1.598500E+7,  1.349952E-5
1.599125E+7,  2.993178E-5
1.599750E+7,  2.116524E-5
1.600375E+7,  5.281530E-5
1.601000E+7,  5.765259E-5
1.601625E+7,  1.309589E-4
1.602250E+7,  8.609518E-5
1.602875E+7,  1.078881E-4
1.603500E+7,  8.782372E-5
1.604125E+7,  3.551319E-5
1.604750E+7,  4.262291E-5
1.605375E+7,  5.908869E-5
1.606000E+7,  3.453158E-5
1.606625E+7,  1.239330E-4
1.607250E+7,  1.071729E-4
1.607875E+7,  7.509440E-5
1.608500E+7,  7.197261E-5
1.609125E+7,  1.926254E-5
1.609750E+7,  6.547570E-5
1.610375E+7,  2.868939E-6
1.611000E+7,  7.578358E-5
1.611625E+7,  1.416951E-4
1.612250E+7,  4.179776E-5
1.612875E+7,  3.674068E-5
1.613500E+7,  5.717203E-5
1.614125E+7,  2.296176E-5
1.614750E+7,  3.549457E-5
1.615375E+7,  6.548315E-5
1.616000E+7,  9.463727E-5
1.616625E+7,  1.148460E-5
1.617250E+7,  3.732741E-5
1.617875E+7,  1.214035E-4
1.618500E+7,  6.984174E-5
1.619125E+7,  1.283363E-5
1.619750E+7,  3.732182E-5
1.620375E+7,  3.092550E-5
1.621000E+7,  7.727742E-5
1.621625E+7,  5.296059E-5
1.622250E+7,  6.299838E-5
1.622875E+7,  2.870616E-5
1.623500E+7,  3.491901E-5
1.624125E+7,  3.210455E-5
1.624750E+7,  6.452948E-5
1.625375E+7,  1.824051E-4
1.626000E+7,  6.210059E-5
1.626625E+7,  1.184791E-4
1.627250E+7,  4.268996E-5
1.627875E+7,  2.452545E-5
1.628500E+7,  3.776327E-5
1.629125E+7,  1.552105E-4
1.629750E+7,  1.838896E-5
1.630375E+7,  8.166954E-5
1.631000E+7,  6.301701E-5
1.631625E+7,  4.878640E-5
1.632250E+7,  3.053434E-5
1.632875E+7,  5.518459E-5
1.633500E+7,  1.084805E-4
1.634125E+7,  1.691729E-4
1.634750E+7,  3.675371E-5
1.635375E+7,  3.091432E-5
1.636000E+7,  5.014427E-5
1.636625E+7,  1.126043E-4
1.637250E+7,  5.577505E-5
1.637875E+7,  4.873425E-5
1.638500E+7,  8.993596E-5
1.639125E+7,  1.902357E-4
1.639750E+7,  6.457791E-5
1.640375E+7,  1.185108E-5
1.641000E+7,  5.399622E-5
1.641625E+7,  6.140769E-5
1.642250E+7,  1.918748E-4
1.642875E+7,  9.773672E-5
1.643500E+7,  7.710606E-5
1.644125E+7,  9.561330E-5
1.644750E+7,  5.179830E-5
1.645375E+7,  7.736310E-5
1.646000E+7,  1.818500E-5
1.646625E+7,  4.187785E-5
1.647250E+7,  2.874061E-5
1.647875E+7,  3.558397E-5
1.648500E+7,  2.370682E-5
1.649125E+7,  3.108568E-5
1.649750E+7,  1.362562E-4
1.650375E+7,  3.913045E-5
1.651000E+7,  7.826462E-5
1.651625E+7,  4.392862E-5
1.652250E+7,  1.183152E-4
1.652875E+7,  1.605898E-4
1.653500E+7,  7.506832E-5
1.654125E+7,  2.461076E-4
1.654750E+7,  5.307421E-5
1.655375E+7,  9.216741E-5
1.656000E+7,  2.014339E-4
1.656625E+7,  1.733676E-4
1.657250E+7,  3.503636E-5
1.657875E+7,  7.328764E-5
1.658500E+7,  1.387671E-4
1.659125E+7,  1.025833E-4
1.659750E+7,  4.793517E-5
1.660375E+7,  1.147278E-4
1.661000E+7,  1.327246E-4
1.661625E+7,  6.156415E-5
1.662250E+7,  1.710802E-4
1.662875E+7,  2.901703E-4
1.663500E+7,  1.059696E-4
1.664125E+7,  6.575510E-5
1.664750E+7,  2.008155E-4
1.665375E+7,  2.377294E-5
1.666000E+7,  7.230788E-5
1.666625E+7,  4.076026E-5
1.667250E+7,  4.900992E-5
1.667875E+7,  9.802729E-5
1.668500E+7,  8.396059E-5
1.669125E+7,  2.409518E-4
1.669750E+7,  4.077889E-5
1.670375E+7,  1.153536E-5
1.671000E+7,  9.593740E-5
1.671625E+7,  2.885517E-5
1.672250E+7,  1.399890E-4
1.672875E+7,  7.309392E-5
1.673500E+7,  2.941396E-5
1.674125E+7,  8.255988E-5
1.674750E+7,  5.107000E-5
1.675375E+7,  4.736334E-5
1.676000E+7,  6.886199E-5
1.676625E+7,  2.888590E-5
1.677250E+7,  1.755729E-5
1.677875E+7,  4.480220E-5
1.678500E+7,  7.237121E-5
1.679125E+7,  2.082624E-5
1.679750E+7,  1.074523E-4
1.680375E+7,  1.731981E-5
1.681000E+7,  3.872998E-5
1.681625E+7,  1.757592E-5
1.682250E+7,  5.774945E-5
1.682875E+7,  4.707091E-5
1.683500E+7,  3.177300E-5
1.684125E+7,  8.495897E-5
1.684750E+7,  6.034039E-5
1.685375E+7,  2.905633E-5
1.686000E+7,  2.083182E-4
1.686625E+7,  3.368780E-5
1.687250E+7,  5.329587E-5
1.687875E+7,  4.911236E-5
1.688500E+7,  5.486049E-5
1.689125E+7,  2.414361E-4
1.689750E+7,  3.802031E-5
1.690375E+7,  1.086816E-4
1.691000E+7,  1.650453E-4
1.691625E+7,  3.053397E-4
1.692250E+7,  1.388788E-4
1.692875E+7,  1.881346E-4
1.693500E+7,  8.002669E-5
1.694125E+7,  1.229569E-4
1.694750E+7,  9.276718E-5
1.695375E+7,  6.157160E-5
1.696000E+7,  8.509308E-5
1.696625E+7,  1.658499E-4
1.697250E+7,  2.398342E-4
1.697875E+7,  1.114160E-4
1.698500E+7,  9.639934E-5
1.699125E+7,  2.813786E-4
1.699750E+7,  1.615435E-4
1.700375E+7,  1.968369E-4
1.701000E+7,  4.982390E-5
1.701625E+7,  8.052588E-5
1.702250E+7,  4.220568E-5
1.702875E+7,  1.560990E-5
1.703500E+7,  3.378652E-5
1.704125E+7,  5.796552E-6
1.704750E+7,  1.611114E-4
1.705375E+7,  1.937151E-4
1.706000E+7,  2.956670E-5
1.706625E+7,  5.772710E-5
1.707250E+7,  3.081746E-5
1.707875E+7,  2.319366E-5
1.708500E+7,  1.394376E-4
1.709125E+7,  6.435812E-5
1.709750E+7,  7.171929E-5
1.710375E+7,  3.124028E-5
1.711000E+7,  2.675224E-5
1.711625E+7,  4.531629E-5
1.712250E+7,  7.345155E-5
1.712875E+7,  2.392661E-5
1.713500E+7,  1.159078E-5
1.714125E+7,  6.032921E-5
1.714750E+7,  3.136508E-5
1.715375E+7,  2.914947E-5
1.716000E+7,  2.393499E-5
1.716625E+7,  8.630753E-5
1.717250E+7,  2.337899E-5
1.717875E+7,  5.255081E-5
1.718500E+7,  2.960209E-5
1.719125E+7,  8.371472E-5
1.719750E+7,  2.859998E-5
1.720375E+7,  3.951602E-5
1.721000E+7,  4.037097E-5
1.721625E+7,  1.001470E-4
1.722250E+7,  1.364201E-4
1.722875E+7,  1.170821E-4
1.723500E+7,  1.642667E-5
1.724125E+7,  3.535114E-5
1.724750E+7,  5.549379E-5
1.725375E+7,  6.449595E-5
1.726000E+7,  1.289919E-4
1.726625E+7,  2.906937E-5
1.727250E+7,  7.754937E-5
1.727875E+7,  8.588284E-5
1.728500E+7,  8.972362E-5
1.729125E+7,  1.750290E-4
1.729750E+7,  2.468675E-4
1.730375E+7,  8.775294E-5
1.731000E+7,  2.038777E-4
1.731625E+7,  1.682043E-4
1.732250E+7,  1.678094E-4
1.732875E+7,  3.132224E-5
1.733500E+7,  1.146607E-4
1.734125E+7,  1.407787E-4
1.734750E+7,  3.678910E-5
1.735375E+7,  6.245822E-5
1.736000E+7,  4.970655E-5
1.736625E+7,  1.416206E-4
1.737250E+7,  2.271403E-5
1.737875E+7,  5.271845E-5
1.738500E+7,  2.683233E-5
1.739125E+7,  7.035956E-5
1.739750E+7,  1.746509E-5
1.740375E+7,  9.636208E-5
1.741000E+7,  7.282197E-5
1.741625E+7,  7.834285E-5
1.742250E+7,  5.150214E-5
1.742875E+7,  2.970826E-5
1.743500E+7,  9.939447E-5
1.744125E+7,  5.087815E-5
1.744750E+7,  1.665503E-4
1.745375E+7,  1.693219E-4
1.746000E+7,  1.302501E-5
1.746625E+7,  2.913829E-5
1.747250E+7,  9.326637E-5
1.747875E+7,  4.952773E-5
1.748500E+7,  1.074448E-4
1.749125E+7,  1.866836E-5
1.749750E+7,  5.948730E-5
1.750375E+7,  2.475455E-5
1.751000E+7,  7.449836E-5
1.751625E+7,  8.534640E-5
1.752250E+7,  4.674122E-5
1.752875E+7,  4.665926E-5
1.753500E+7,  2.610497E-5
1.754125E+7,  5.354360E-5
1.754750E+7,  5.261600E-5
1.755375E+7,  1.957174E-5
1.756000E+7,  7.855892E-5
1.756625E+7,  6.393716E-5
1.757250E+7,  4.081987E-5
1.757875E+7,  6.090291E-5
1.758500E+7,  2.611149E-5
1.759125E+7,  7.678941E-5
1.759750E+7,  3.575534E-4
1.760375E+7,  6.285310E-5
1.761000E+7,  3.403425E-5
1.761625E+7,  1.984835E-4
1.762250E+7,  1.019128E-4
1.762875E+7,  3.581792E-4
1.763500E+7,  1.356080E-4
1.764125E+7,  9.351224E-5
1.764750E+7,  9.667873E-5
1.765375E+7,  1.207590E-4
1.766000E+7,  4.894473E-5
1.766625E+7,  5.643629E-5
1.767250E+7,  1.567453E-4
1.767875E+7,  1.738444E-4
1.768500E+7,  1.110807E-4
1.769125E+7,  6.138906E-5
1.769750E+7,  1.228526E-4
1.770375E+7,  3.813058E-4
1.771000E+7,  1.254454E-4
1.771625E+7,  1.812279E-4
1.772250E+7,  1.454800E-4
1.772875E+7,  1.808107E-4
1.773500E+7,  1.095943E-4
1.774125E+7,  2.336949E-4
1.774750E+7,  1.045577E-4
1.775375E+7,  6.541610E-5
1.776000E+7,  7.043034E-5
1.776625E+7,  6.496906E-5
1.777250E+7,  1.849327E-5
1.777875E+7,  1.298785E-4
1.778500E+7,  2.415106E-4
1.779125E+7,  1.171567E-4
1.779750E+7,  7.963926E-5
1.780375E+7,  2.810061E-4
1.781000E+7,  4.727021E-5
1.781625E+7,  9.990484E-5
1.782250E+7,  2.924539E-5
1.782875E+7,  2.615340E-5
1.783500E+7,  7.613376E-5
1.784125E+7,  1.392215E-4
1.784750E+7,  8.512661E-5
1.785375E+7,  7.877871E-5
1.786000E+7,  2.988242E-5
1.786625E+7,  6.553158E-5
1.787250E+7,  5.854294E-5
1.787875E+7,  5.111471E-5
1.788500E+7,  1.284778E-4
1.789125E+7,  6.809831E-5
1.789750E+7,  5.534105E-5
1.790375E+7,  4.104525E-5
1.791000E+7,  6.474927E-5
1.791625E+7,  4.194863E-5
1.792250E+7,  4.931451E-10
1.792875E+7,  6.677955E-5
1.793500E+7,  3.416464E-5
1.794125E+7,  3.710389E-5
1.794750E+7,  5.570240E-5
1.795375E+7,  7.607415E-5
1.796000E+7,  6.559538E-6
1.796625E+7,  1.259372E-4
1.797250E+7,  6.347522E-5
1.797875E+7,  1.011305E-4
1.798500E+7,  6.819516E-5
1.799125E+7,  2.993178E-5
1.799750E+7,  6.107986E-5
1.800375E+7,  1.784507E-5
1.801000E+7,  3.711134E-5
1.801625E+7,  2.362952E-5
1.802250E+7,  8.350611E-5
1.802875E+7,  1.467345E-5
1.803500E+7,  4.199147E-5
1.804125E+7,  3.757514E-5
1.804750E+7,  9.932742E-5
1.805375E+7,  6.846711E-5
1.806000E+7,  4.203431E-5
1.806625E+7,  7.747114E-5
1.807250E+7,  5.281158E-5
1.807875E+7,  2.891570E-5
1.808500E+7,  2.292171E-5
1.809125E+7,  2.954621E-5
1.809750E+7,  6.047450E-5
1.810375E+7,  3.282540E-5
1.811000E+7,  8.076802E-5
1.811625E+7,  7.203966E-5
1.812250E+7,  1.888573E-4
1.812875E+7,  1.290366E-4
1.813500E+7,  1.208000E-4
1.814125E+7,  4.369207E-5
1.814750E+7,  5.884655E-5
1.815375E+7,  1.075417E-4
1.816000E+7,  9.293854E-5
1.816625E+7,  1.039915E-4
1.817250E+7,  5.877810E-6
1.817875E+7,  6.322190E-5
1.818500E+7,  2.623256E-5
1.819125E+7,  5.019829E-5
1.819750E+7,  2.370216E-5
1.820375E+7,  7.436797E-5
1.821000E+7,  2.424046E-5
1.821625E+7,  1.211092E-5
1.822250E+7,  6.331876E-5
1.822875E+7,  1.093112E-4
1.823500E+7,  8.171797E-5
1.824125E+7,  1.445636E-4
1.824750E+7,  8.360669E-5
1.825375E+7,  3.127381E-5
1.826000E+7,  7.060543E-5
1.826625E+7,  2.774131E-5
1.827250E+7,  4.371628E-5
1.827875E+7,  5.293451E-5
1.828500E+7,  9.191781E-5
1.829125E+7,  8.714944E-5
1.829750E+7,  1.358315E-4
1.830375E+7,  9.704754E-5
1.831000E+7,  4.158355E-5
1.831625E+7,  1.315819E-5
1.832250E+7,  4.287064E-5
1.832875E+7,  5.913153E-5
1.833500E+7,  8.742139E-5
1.834125E+7,  1.002103E-4
1.834750E+7,  1.289919E-4
1.835375E+7,  1.001507E-4
1.836000E+7,  1.271367E-4
1.836625E+7,  1.958013E-4
1.837250E+7,  2.362207E-4
1.837875E+7,  1.563504E-4
1.838500E+7,  1.502261E-4
1.839125E+7,  9.090826E-5
1.839750E+7,  1.416355E-4
1.840375E+7,  2.029613E-4
1.841000E+7,  3.033876E-4
1.841625E+7,  1.237467E-4
1.842250E+7,  1.930371E-4
1.842875E+7,  2.330020E-4
1.843500E+7,  5.721860E-5
1.844125E+7,  3.692880E-5
1.844750E+7,  1.661181E-4
1.845375E+7,  4.379824E-5
1.846000E+7,  6.377324E-5
1.846625E+7,  3.771856E-5
1.847250E+7,  9.546429E-5
1.847875E+7,  7.292628E-5
1.848500E+7,  1.151077E-4
1.849125E+7,  1.522154E-4
1.849750E+7,  7.440150E-5
1.850375E+7,  7.126108E-5
1.851000E+7,  1.166388E-4
1.851625E+7,  7.226691E-5
1.852250E+7,  1.179166E-4
1.852875E+7,  1.733899E-4
1.853500E+7,  1.465678E-4
1.854125E+7,  2.716780E-4
1.854750E+7,  3.008731E-5
1.855375E+7,  3.699586E-5
1.856000E+7,  1.063719E-4