SAVED BY: 
TITLE: 
COMMENTS: 
DATE: 10/27/2020
TIME: 3:34 PM

STIMULUS, RESPONSE

8.560000E+6,  1.660883E-4
8.566250E+6,  1.760647E-4
8.572500E+6,  1.892075E-4
8.578750E+6,  1.769438E-4
8.585000E+6,  1.795664E-4
8.591250E+6,  1.759529E-4
8.597500E+6,  1.713261E-4
8.603750E+6,  1.642928E-4
8.610000E+6,  1.833737E-4
8.616250E+6,  1.604855E-4
8.622500E+6,  1.537576E-4
8.628750E+6,  1.738444E-4
8.635000E+6,  1.691952E-4
8.641250E+6,  1.982898E-4
8.647500E+6,  1.856759E-4
8.653750E+6,  1.923889E-4
8.660000E+6,  1.686662E-4
8.666250E+6,  1.557618E-4
8.672500E+6,  1.821071E-4
8.678750E+6,  1.977757E-4
8.685000E+6,  1.820624E-4
8.691250E+6,  1.822785E-4
8.697500E+6,  1.827031E-4
8.703750E+6,  2.004653E-4
8.710000E+6,  1.752302E-4
8.716250E+6,  1.828521E-4
8.722500E+6,  1.444295E-4
8.728750E+6,  1.917109E-4
8.735000E+6,  1.820177E-4
8.741250E+6,  1.908839E-4
8.747500E+6,  1.886934E-4
8.753750E+6,  1.886636E-4
8.760000E+6,  1.670048E-4
8.766250E+6,  1.953989E-4
8.772500E+6,  1.838952E-4
8.778750E+6,  1.948103E-4
8.785000E+6,  2.004132E-4
8.791250E+6,  1.859963E-4
8.797500E+6,  1.821443E-4
8.803750E+6,  1.883060E-4
8.810000E+6,  1.897141E-4
8.816250E+6,  1.946092E-4
8.822500E+6,  1.771599E-4
8.828750E+6,  2.016723E-4
8.835000E+6,  2.005696E-4
8.841250E+6,  2.131760E-4
8.847500E+6,  1.851097E-4
8.853750E+6,  1.923144E-4
8.860000E+6,  1.907349E-4
8.866250E+6,  1.992583E-4
8.872500E+6,  1.857057E-4
8.878750E+6,  1.984462E-4
8.885000E+6,  1.857653E-4
8.891250E+6,  1.896545E-4
8.897500E+6,  1.913235E-4
8.903750E+6,  1.867637E-4
8.910000E+6,  1.733229E-4
8.916250E+6,  2.195537E-4
8.922500E+6,  2.102032E-4
8.928750E+6,  1.978874E-4
8.935000E+6,  2.171397E-4
8.941250E+6,  1.986995E-4
8.947500E+6,  2.112314E-4
8.953750E+6,  1.945645E-4
8.960000E+6,  2.009347E-4
8.966250E+6,  1.883879E-4
8.972500E+6,  2.188832E-4
8.978750E+6,  2.136081E-4
8.985000E+6,  1.819581E-4
8.991250E+6,  2.248883E-4
8.997500E+6,  1.917109E-4
9.003750E+6,  2.110824E-4
9.010000E+6,  1.952574E-4
9.016250E+6,  1.948774E-4
9.022500E+6,  2.039224E-4
9.028750E+6,  2.016574E-4
9.035000E+6,  1.788735E-4
9.041250E+6,  2.011880E-4
9.047500E+6,  2.165958E-4
9.053750E+6,  2.107099E-4
9.060000E+6,  1.817569E-4
9.066250E+6,  1.945943E-4
9.072500E+6,  2.147630E-4
9.078750E+6,  2.103895E-4
9.085000E+6,  2.105832E-4
9.091250E+6,  2.324209E-4
9.097500E+6,  2.136678E-4
9.103750E+6,  2.141744E-4
9.110000E+6,  2.145395E-4
9.116250E+6,  2.235249E-4
9.122500E+6,  2.168715E-4
9.128750E+6,  2.133995E-4
9.135000E+6,  2.324879E-4
9.141250E+6,  2.264604E-4
9.147500E+6,  2.104938E-4
9.153750E+6,  2.104416E-4
9.160000E+6,  2.108365E-4
9.166250E+6,  2.259389E-4
9.172500E+6,  2.074018E-4
9.178750E+6,  2.233386E-4
9.185000E+6,  2.324507E-4
9.191250E+6,  2.266243E-4
9.197500E+6,  2.049953E-4
9.203750E+6,  2.233908E-4
9.210000E+6,  2.169013E-4
9.216250E+6,  2.294481E-4
9.222500E+6,  2.136230E-4
9.228750E+6,  2.230480E-4
9.235000E+6,  2.043322E-4
9.241250E+6,  2.395883E-4
9.247500E+6,  2.114698E-4
9.253750E+6,  2.263486E-4
9.260000E+6,  2.108365E-4
9.266250E+6,  2.327114E-4
9.272500E+6,  2.265573E-4
9.278750E+6,  2.399608E-4
9.285000E+6,  2.264678E-4
9.291250E+6,  2.296865E-4
9.297500E+6,  2.234578E-4
9.303750E+6,  2.237484E-4
9.310000E+6,  2.297983E-4
9.316250E+6,  2.398640E-4
9.322500E+6,  2.299398E-4
9.328750E+6,  2.298653E-4
9.335000E+6,  2.269670E-4
9.341250E+6,  2.266318E-4
9.347500E+6,  2.393872E-4
9.353750E+6,  2.266541E-4
9.360000E+6,  2.211258E-4
9.366250E+6,  2.585351E-4
9.372500E+6,  2.151653E-4
9.378750E+6,  2.373755E-4
9.385000E+6,  2.394542E-4
9.391250E+6,  2.235919E-4
9.397500E+6,  2.396554E-4
9.403750E+6,  2.458692E-4
9.410000E+6,  2.269968E-4
9.416250E+6,  2.363548E-4
9.422500E+6,  2.552569E-4
9.428750E+6,  2.491623E-4
9.435000E+6,  2.328828E-4
9.441250E+6,  2.553314E-4
9.447500E+6,  2.488196E-4
9.453750E+6,  2.408400E-4
9.460000E+6,  2.458543E-4
9.466250E+6,  2.399683E-4
9.472500E+6,  2.522618E-4
9.478750E+6,  2.646297E-4
9.485000E+6,  2.540499E-4
9.491250E+6,  2.521724E-4
9.497500E+6,  2.467185E-4
9.503750E+6,  2.505779E-4
9.510000E+6,  2.522022E-4
9.516250E+6,  2.649873E-4
9.522500E+6,  2.555698E-4
9.528750E+6,  2.590865E-4
9.535000E+6,  2.463758E-4
9.541250E+6,  2.634674E-4
9.547500E+6,  2.430081E-4
9.553750E+6,  2.653450E-4
9.560000E+6,  2.714396E-4
9.566250E+6,  2.693385E-4
9.572500E+6,  2.645105E-4
9.578750E+6,  2.525598E-4
9.585000E+6,  2.659857E-4
9.591250E+6,  2.715141E-4
9.597500E+6,  2.528280E-4
9.603750E+6,  2.588332E-4
9.610000E+6,  2.651960E-4
9.616250E+6,  2.612025E-4
9.622500E+6,  2.718568E-4
9.628750E+6,  2.762079E-4
9.635000E+6,  2.561212E-4
9.641250E+6,  2.711862E-4
9.647500E+6,  2.665073E-4
9.653750E+6,  2.600402E-4
9.660000E+6,  2.686083E-4
9.666250E+6,  2.623647E-4
9.672500E+6,  2.635121E-4
9.678750E+6,  2.658516E-4
9.685000E+6,  2.593100E-4
9.691250E+6,  2.860427E-4
9.697500E+6,  2.604872E-4
9.703750E+6,  2.825707E-4
9.710000E+6,  2.758652E-4
9.716250E+6,  2.876520E-4
9.722500E+6,  2.851933E-4
9.728750E+6,  2.777576E-4
9.735000E+6,  2.695471E-4
9.741250E+6,  2.728999E-4
9.747500E+6,  2.763867E-4
9.753750E+6,  2.871603E-4
9.760000E+6,  2.724379E-4
9.766250E+6,  2.794415E-4
9.772500E+6,  2.815872E-4
9.778750E+6,  2.946109E-4
9.785000E+6,  2.761632E-4
9.791250E+6,  2.847463E-4
9.797500E+6,  2.681166E-4
9.803750E+6,  2.796203E-4
9.810000E+6,  2.705753E-4
9.816250E+6,  2.872795E-4
9.822500E+6,  2.865195E-4
9.828750E+6,  3.040880E-4
9.835000E+6,  2.815574E-4
9.841250E+6,  2.821535E-4
9.847500E+6,  2.708733E-4
9.853750E+6,  2.989471E-4
9.860000E+6,  2.873689E-4
9.866250E+6,  3.014207E-4
9.872500E+6,  2.832413E-4
9.878750E+6,  2.898425E-4
9.885000E+6,  3.146082E-4
9.891250E+6,  3.116876E-4
9.897500E+6,  2.832711E-4
9.903750E+6,  3.232360E-4
9.910000E+6,  2.806783E-4
9.916250E+6,  3.076941E-4
9.922500E+6,  3.066063E-4
9.928750E+6,  3.291219E-4
9.935000E+6,  3.028214E-4
9.941250E+6,  3.169775E-4
9.947500E+6,  3.068149E-4
9.953750E+6,  3.116876E-4
9.960000E+6,  2.969652E-4
9.966250E+6,  3.183484E-4
9.972500E+6,  2.959818E-4
9.978750E+6,  3.180355E-4
9.985000E+6,  3.144145E-4
9.991250E+6,  3.337711E-4
9.997500E+6,  3.163964E-4
1.000375E+7,  3.243089E-4
1.001000E+7,  3.316700E-4
1.001625E+7,  3.290176E-4
1.002250E+7,  3.125221E-4
1.002875E+7,  3.201067E-4
1.003500E+7,  3.258437E-4
1.004125E+7,  3.212094E-4
1.004750E+7,  2.893358E-4
1.005375E+7,  3.146976E-4
1.006000E+7,  3.125370E-4
1.006625E+7,  3.160089E-4
1.007250E+7,  3.406852E-4
1.007875E+7,  3.234446E-4
1.008500E+7,  3.385395E-4
1.009125E+7,  3.293008E-4
1.009750E+7,  3.263205E-4
1.010375E+7,  3.336519E-4
1.011000E+7,  3.254563E-4
1.011625E+7,  3.376007E-4
1.012250E+7,  3.404617E-4
1.012875E+7,  3.359914E-4
1.013500E+7,  3.400147E-4
1.014125E+7,  3.301501E-4
1.014750E+7,  3.447384E-4
1.015375E+7,  3.406554E-4
1.016000E+7,  3.386140E-4
1.016625E+7,  3.472120E-4
1.017250E+7,  3.327280E-4
1.017875E+7,  3.631115E-4
1.018500E+7,  3.385097E-4
1.019125E+7,  3.544837E-4
1.019750E+7,  3.557056E-4
1.020375E+7,  3.525168E-4
1.021000E+7,  3.461242E-4
1.021625E+7,  3.474206E-4
1.022250E+7,  3.507286E-4
1.022875E+7,  3.441721E-4
1.023500E+7,  3.544092E-4
1.024125E+7,  3.724098E-4
1.024750E+7,  3.561825E-4
1.025375E+7,  3.589094E-4
1.026000E+7,  3.583282E-4
1.026625E+7,  3.340095E-4
1.027250E+7,  3.649294E-4
1.027875E+7,  3.636330E-4
1.028500E+7,  3.574938E-4
1.029125E+7,  3.716052E-4
1.029750E+7,  3.734529E-4
1.030375E+7,  3.942847E-4
1.031000E+7,  3.732145E-4
1.031625E+7,  3.750622E-4
1.032250E+7,  3.755391E-4
1.032875E+7,  3.890097E-4
1.033500E+7,  3.993958E-4
1.034125E+7,  3.857911E-4
1.034750E+7,  3.751963E-4
1.035375E+7,  3.942698E-4
1.036000E+7,  3.772825E-4
1.036625E+7,  3.945529E-4
1.037250E+7,  3.753006E-4
1.037875E+7,  3.667623E-4
1.038500E+7,  3.956407E-4
1.039125E+7,  3.718734E-4
1.039750E+7,  3.929734E-4
1.040375E+7,  4.051626E-4
1.041000E+7,  4.001707E-4
1.041625E+7,  3.941655E-4
1.042250E+7,  4.055351E-4
1.042875E+7,  3.902167E-4
1.043500E+7,  3.893375E-4
1.044125E+7,  4.076213E-4
1.044750E+7,  4.069060E-4
1.045375E+7,  3.928095E-4
1.046000E+7,  4.028976E-4
1.046625E+7,  4.171729E-4
1.047250E+7,  4.023015E-4
1.047875E+7,  4.294068E-4
1.048500E+7,  4.021525E-4
1.049125E+7,  4.245192E-4
1.049750E+7,  4.156381E-4
1.050375E+7,  4.263371E-4
1.051000E+7,  4.205704E-4
1.051625E+7,  4.243404E-4
1.052250E+7,  3.986508E-4
1.052875E+7,  4.126728E-4
1.053500E+7,  4.206896E-4
1.054125E+7,  4.119873E-4
1.054750E+7,  4.292130E-4
1.055375E+7,  4.195273E-4
1.056000E+7,  4.398227E-4
1.056625E+7,  4.498810E-4
1.057250E+7,  4.384816E-4
1.057875E+7,  4.315823E-4
1.058500E+7,  4.330128E-4
1.059125E+7,  4.472136E-4
1.059750E+7,  4.299283E-4
1.060375E+7,  4.467070E-4
1.061000E+7,  4.369766E-4
1.061625E+7,  4.398376E-4
1.062250E+7,  4.326850E-4
1.062875E+7,  4.511774E-4
1.063500E+7,  4.262477E-4
1.064125E+7,  4.529059E-4
1.064750E+7,  4.544407E-4
1.065375E+7,  4.668087E-4
1.066000E+7,  4.663169E-4
1.066625E+7,  4.473329E-4
1.067250E+7,  4.481375E-4
1.067875E+7,  4.319251E-4
1.068500E+7,  4.808307E-4
1.069125E+7,  4.592538E-4
1.069750E+7,  4.639328E-4
1.070375E+7,  4.656762E-4
1.071000E+7,  4.754663E-4
1.071625E+7,  4.761815E-4
1.072250E+7,  4.823059E-4
1.072875E+7,  4.775971E-4
1.073500E+7,  4.679114E-4
1.074125E+7,  4.847199E-4
1.074750E+7,  4.912019E-4
1.075375E+7,  4.942715E-4
1.076000E+7,  4.906654E-4
1.076625E+7,  4.949272E-4
1.077250E+7,  4.786104E-4
1.077875E+7,  4.909337E-4
1.078500E+7,  5.027056E-4
1.079125E+7,  5.010068E-4
1.079750E+7,  4.798174E-4
1.080375E+7,  5.093515E-4
1.081000E+7,  4.973412E-4
1.081625E+7,  5.107820E-4
1.082250E+7,  5.295575E-4
1.082875E+7,  5.228221E-4
1.083500E+7,  4.900396E-4
1.084125E+7,  5.146265E-4
1.084750E+7,  5.137920E-4
1.085375E+7,  5.242229E-4
1.086000E+7,  5.117357E-4
1.086625E+7,  5.290210E-4
1.087250E+7,  5.154610E-4
1.087875E+7,  5.199909E-4
1.088500E+7,  5.202293E-4
1.089125E+7,  5.299747E-4
1.089750E+7,  5.265474E-4
1.090375E+7,  5.487502E-4
1.091000E+7,  5.246103E-4
1.091625E+7,  5.307198E-4
1.092250E+7,  5.400181E-4
1.092875E+7,  5.401075E-4
1.093500E+7,  5.503297E-4
1.094125E+7,  5.518496E-4
1.094750E+7,  5.518794E-4
1.095375E+7,  5.490780E-4
1.096000E+7,  5.536675E-4
1.096625E+7,  5.584955E-4
1.097250E+7,  5.571842E-4
1.097875E+7,  5.725622E-4
1.098500E+7,  5.737245E-4
1.099125E+7,  5.702972E-4
1.099750E+7,  5.694926E-4
1.100375E+7,  5.843341E-4
1.101000E+7,  5.677640E-4
1.101625E+7,  5.974472E-4
1.102250E+7,  5.804598E-4
1.102875E+7,  5.904734E-4
1.103500E+7,  6.006062E-4
1.104125E+7,  5.856454E-4
1.104750E+7,  5.845726E-4
1.105375E+7,  6.102324E-4
1.106000E+7,  5.934238E-4
1.106625E+7,  6.097257E-4
1.107250E+7,  5.909801E-4
1.107875E+7,  6.235540E-4
1.108500E+7,  6.337762E-4
1.109125E+7,  6.358027E-4
1.109750E+7,  6.161928E-4
1.110375E+7,  6.119013E-4
1.111000E+7,  6.175637E-4
1.111625E+7,  6.262064E-4
1.112250E+7,  6.312132E-4
1.112875E+7,  6.492138E-4
1.113500E+7,  6.308258E-4
1.114125E+7,  6.476939E-4
1.114750E+7,  6.420910E-4
1.115375E+7,  6.500483E-4
1.116000E+7,  6.597340E-4
1.116625E+7,  6.687343E-4
1.117250E+7,  6.583035E-4
1.117875E+7,  6.748438E-4
1.118500E+7,  6.735623E-4
1.119125E+7,  6.897449E-4
1.119750E+7,  6.735623E-4
1.120375E+7,  6.619990E-4
1.121000E+7,  7.224083E-4
1.121625E+7,  7.541776E-4
1.122250E+7,  7.520020E-4
1.122875E+7,  8.324981E-4
1.123500E+7,  8.700490E-4
1.124125E+7,  8.929372E-4
1.124750E+7,  8.919537E-4
1.125375E+7,  8.743107E-4
1.126000E+7,  8.587837E-4
1.126625E+7,  8.382201E-4
1.127250E+7,  9.128451E-4
1.127875E+7,  8.657277E-4
1.128500E+7,  8.786917E-4
1.129125E+7,  8.397698E-4
1.129750E+7,  7.859170E-4
1.130375E+7,  8.151531E-4
1.131000E+7,  8.457899E-4
1.131625E+7,  8.382201E-4
1.132250E+7,  8.904934E-4
1.132875E+7,  8.750856E-4
1.133500E+7,  9.074211E-4
1.134125E+7,  8.575320E-4
1.134750E+7,  8.591413E-4
1.135375E+7,  8.388162E-4
1.136000E+7,  8.122325E-4
1.136625E+7,  8.921027E-4
1.137250E+7,  8.710623E-4
1.137875E+7,  9.072125E-4
1.138500E+7,  9.087622E-4
1.139125E+7,  8.818507E-4
1.139750E+7,  8.624792E-4
1.140375E+7,  8.735359E-4
1.141000E+7,  8.408427E-4
1.141625E+7,  8.572638E-4
1.142250E+7,  8.989275E-4
1.142875E+7,  8.976161E-4
1.143500E+7,  8.798540E-4
1.144125E+7,  8.895695E-4
1.144750E+7,  9.846687E-4
1.145375E+7,  9.672046E-4
1.146000E+7,  9.805560E-4
1.146625E+7,  1.040518E-3
1.147250E+7,  9.657741E-4
1.147875E+7,  9.868741E-4
1.148500E+7,  9.800196E-4
1.149125E+7,  1.103282E-3
1.149750E+7,  1.137853E-3
1.150375E+7,  1.085520E-3
1.151000E+7,  1.122415E-3
1.151625E+7,  1.133442E-3
1.152250E+7,  1.111329E-3
1.152875E+7,  1.069069E-3
1.153500E+7,  9.925365E-4
1.154125E+7,  1.115739E-3
1.154750E+7,  1.130641E-3
1.155375E+7,  1.106262E-3
1.156000E+7,  1.269042E-3
1.156625E+7,  1.259744E-3
1.157250E+7,  1.255810E-3
1.157875E+7,  1.307130E-3
1.158500E+7,  1.418591E-3
1.159125E+7,  1.253307E-3
1.159750E+7,  1.225650E-3
1.160375E+7,  1.313865E-3
1.161000E+7,  1.343012E-3
1.161625E+7,  1.423538E-3
1.162250E+7,  1.517594E-3
1.162875E+7,  1.746953E-3
1.163500E+7,  1.903832E-3
1.164125E+7,  2.136469E-3
1.164750E+7,  2.381325E-3
1.165375E+7,  2.286434E-3
1.166000E+7,  2.201438E-3
1.166625E+7,  2.448440E-3
1.167250E+7,  2.315879E-3
1.167875E+7,  2.425909E-3
1.168500E+7,  2.345443E-3
1.169125E+7,  2.382755E-3
1.169750E+7,  2.405882E-3
1.170375E+7,  2.409697E-3
1.171000E+7,  2.416849E-3
1.171625E+7,  2.507567E-3
1.172250E+7,  2.487898E-3
1.172875E+7,  2.498865E-3
1.173500E+7,  2.522588E-3
1.174125E+7,  2.576113E-3
1.174750E+7,  2.513409E-3
1.175375E+7,  2.570629E-3
1.176000E+7,  2.576709E-3
1.176625E+7,  2.620459E-3
1.177250E+7,  2.610803E-3
1.177875E+7,  2.655506E-3
1.178500E+7,  2.679348E-3
1.179125E+7,  2.703547E-3
1.179750E+7,  2.717972E-3
1.180375E+7,  2.677560E-3
1.181000E+7,  2.663255E-3
1.181625E+7,  2.646923E-3
1.182250E+7,  2.764106E-3
1.182875E+7,  2.848983E-3
1.183500E+7,  2.853394E-3
1.184125E+7,  2.905607E-3
1.184750E+7,  2.908587E-3
1.185375E+7,  2.981782E-3
1.186000E+7,  2.944112E-3
1.186625E+7,  2.997875E-3
1.187250E+7,  2.990723E-3
1.187875E+7,  3.029943E-3
1.188500E+7,  3.045321E-3
1.189125E+7,  3.074765E-3
1.189750E+7,  3.082633E-3
1.190375E+7,  3.159881E-3
1.191000E+7,  3.160954E-3
1.191625E+7,  3.224730E-3
1.192250E+7,  3.180742E-3
1.192875E+7,  3.256321E-3
1.193500E+7,  3.248692E-3
1.194125E+7,  3.270388E-3
1.194750E+7,  3.309011E-3
1.195375E+7,  3.336668E-3
1.196000E+7,  3.375530E-3
1.196625E+7,  3.405929E-3
1.197250E+7,  3.432989E-3
1.197875E+7,  3.474832E-3
1.198500E+7,  3.517389E-3
1.199125E+7,  3.521800E-3
1.199750E+7,  3.492117E-3
1.200375E+7,  3.615975E-3
1.201000E+7,  3.557682E-3
1.201625E+7,  3.600359E-3
1.202250E+7,  3.573298E-3
1.202875E+7,  3.676295E-3
1.203500E+7,  3.688335E-3
1.204125E+7,  3.688574E-3
1.204750E+7,  3.729820E-3
1.205375E+7,  3.795266E-3
1.206000E+7,  3.711700E-3
1.206625E+7,  3.903985E-3
1.207250E+7,  3.906727E-3
1.207875E+7,  3.890157E-3
1.208500E+7,  3.901839E-3
1.209125E+7,  3.868818E-3
1.209750E+7,  3.885746E-3
1.210375E+7,  4.009485E-3
1.211000E+7,  3.986835E-3
1.211625E+7,  4.052877E-3
1.212250E+7,  4.018545E-3
1.212875E+7,  4.104137E-3
1.213500E+7,  4.129887E-3
1.214125E+7,  4.190922E-3
1.214750E+7,  4.219055E-3
1.215375E+7,  4.285097E-3
1.216000E+7,  4.287243E-3
1.216625E+7,  4.351377E-3
1.217250E+7,  4.386902E-3
1.217875E+7,  4.475355E-3
1.218500E+7,  4.477262E-3
1.219125E+7,  4.506826E-3
1.219750E+7,  4.607201E-3
1.220375E+7,  4.666805E-3
1.221000E+7,  4.676580E-3
1.221625E+7,  4.717588E-3
1.222250E+7,  4.785061E-3
1.222875E+7,  4.829407E-3
1.223500E+7,  4.943609E-3
1.224125E+7,  4.958153E-3
1.224750E+7,  4.998207E-3
1.225375E+7,  5.023003E-3
1.226000E+7,  5.079985E-3
1.226625E+7,  5.159616E-3
1.227250E+7,  5.234480E-3
1.227875E+7,  5.292416E-3
1.228500E+7,  5.393744E-3
1.229125E+7,  5.448580E-3
1.229750E+7,  5.506516E-3
1.230375E+7,  5.529165E-3
1.231000E+7,  5.616903E-3
1.231625E+7,  5.687714E-3
1.232250E+7,  5.774021E-3
1.232875E+7,  5.816698E-3
1.233500E+7,  5.924702E-3
1.234125E+7,  6.012917E-3
1.234750E+7,  6.053925E-3
1.235375E+7,  6.111622E-3
1.236000E+7,  6.218672E-3
1.236625E+7,  6.322622E-3
1.237250E+7,  6.363630E-3
1.237875E+7,  6.467581E-3
1.238500E+7,  6.513596E-3
1.239125E+7,  6.657839E-3
1.239750E+7,  6.713629E-3
1.240375E+7,  6.801128E-3
1.241000E+7,  6.877422E-3
1.241625E+7,  7.020235E-3
1.242250E+7,  7.065773E-3
1.242875E+7,  7.203817E-3
1.243500E+7,  7.245779E-3
1.244125E+7,  7.409096E-3
1.244750E+7,  7.479429E-3
1.245375E+7,  7.603168E-3
1.246000E+7,  7.699013E-3
1.246625E+7,  7.851601E-3
1.247250E+7,  7.956505E-3
1.247875E+7,  8.079052E-3
1.248500E+7,  8.193016E-3
1.249125E+7,  8.317471E-3
1.249750E+7,  8.433342E-3
1.250375E+7,  8.641720E-3
1.251000E+7,  8.722305E-3
1.251625E+7,  8.841991E-3
1.252250E+7,  9.044170E-3
1.252875E+7,  9.118557E-3
1.253500E+7,  9.285450E-3
1.254125E+7,  9.406090E-3
1.254750E+7,  9.587288E-3
1.255375E+7,  9.766579E-3
1.256000E+7,  9.939194E-3
1.256625E+7,  1.006889E-2
1.257250E+7,  1.029968E-2
1.257875E+7,  1.050043E-2
1.258500E+7,  1.064301E-2
1.259125E+7,  1.082373E-2
1.259750E+7,  1.101589E-2
1.260375E+7,  1.124525E-2
1.261000E+7,  1.144505E-2
1.261625E+7,  1.175976E-2
1.262250E+7,  1.188326E-2
1.262875E+7,  1.241636E-2
1.263500E+7,  1.219940E-2
1.264125E+7,  1.261568E-2
1.264750E+7,  1.295853E-2
1.265375E+7,  1.307726E-2
1.266000E+7,  1.348400E-2
1.266625E+7,  1.360750E-2
1.267250E+7,  1.417112E-2
1.267875E+7,  1.458931E-2
1.268500E+7,  1.516914E-2
1.269125E+7,  1.536751E-2
1.269750E+7,  1.496267E-2
1.270375E+7,  1.482916E-2
1.271000E+7,  1.721096E-2
1.271625E+7,  1.614189E-2
1.272250E+7,  1.649475E-2
1.272875E+7,  1.691818E-2
1.273500E+7,  1.759338E-2
1.274125E+7,  1.782417E-2
1.274750E+7,  1.845455E-2
1.275375E+7,  1.865196E-2
1.276000E+7,  1.915455E-2
1.276625E+7,  1.949787E-2
1.277250E+7,  1.467514E-2
1.277875E+7,  1.881886E-2
1.278500E+7,  2.173805E-2
1.279125E+7,  2.287769E-2
1.279750E+7,  2.227688E-2
1.280375E+7,  2.147579E-2
1.281000E+7,  2.017498E-2
1.281625E+7,  2.583885E-2
1.282250E+7,  2.597046E-2
1.282875E+7,  2.601147E-2
1.283500E+7,  2.466488E-2
1.284125E+7,  2.946854E-2
1.284750E+7,  2.958488E-2
1.285375E+7,  3.111458E-2
1.286000E+7,  3.138351E-2
1.286625E+7,  3.328896E-2
1.287250E+7,  3.401566E-2
1.287875E+7,  3.424644E-2
1.288500E+7,  3.466225E-2
1.289125E+7,  3.812027E-2
1.289750E+7,  3.872681E-2
1.290375E+7,  3.903961E-2
1.291000E+7,  4.083633E-2
1.291625E+7,  4.395866E-2
1.292250E+7,  3.953171E-2
1.292875E+7,  4.465294E-2
1.293500E+7,  4.192924E-2
1.294125E+7,  4.479408E-2
1.294750E+7,  3.855324E-2
1.295375E+7,  2.944851E-2
1.296000E+7,  2.414513E-2
1.296625E+7,  2.377129E-2
1.297250E+7,  2.509212E-2
1.297875E+7,  2.610111E-2
1.298500E+7,  2.710247E-2
1.299125E+7,  2.839756E-2
1.299750E+7,  2.971077E-2
1.300375E+7,  3.129959E-2
1.301000E+7,  3.303528E-2
1.301625E+7,  3.464699E-2
1.302250E+7,  3.675079E-2
1.302875E+7,  3.880882E-2
1.303500E+7,  4.115677E-2
1.304125E+7,  4.365540E-2
1.304750E+7,  4.648972E-2
1.305375E+7,  4.943085E-2
1.306000E+7,  5.275726E-2
1.306625E+7,  5.669212E-2
1.307250E+7,  6.079483E-2
1.307875E+7,  6.569672E-2
1.308500E+7,  7.090759E-2
1.309125E+7,  7.667923E-2
1.309750E+7,  8.249283E-2
1.310375E+7,  8.905411E-2
1.311000E+7,  9.601974E-2
1.311625E+7,  1.031647E-1
1.312250E+7,  1.104813E-1
1.312875E+7,  1.168213E-1
1.313500E+7,  1.223717E-1
1.314125E+7,  1.256485E-1
1.314750E+7,  1.271210E-1
1.315375E+7,  1.284027E-1
1.316000E+7,  1.263885E-1
1.316625E+7,  1.228104E-1
1.317250E+7,  1.173096E-1
1.317875E+7,  1.126709E-1
1.318500E+7,  1.076279E-1
1.319125E+7,  1.028404E-1
1.319750E+7,  9.700012E-2
1.320375E+7,  9.264374E-2
1.321000E+7,  8.899689E-2
1.321625E+7,  8.399582E-2
1.322250E+7,  8.081436E-2
1.322875E+7,  7.783508E-2
1.323500E+7,  7.561874E-2
1.324125E+7,  7.402039E-2
1.324750E+7,  7.313538E-2
1.325375E+7,  7.220459E-2
1.326000E+7,  6.965256E-2
1.326625E+7,  6.813431E-2
1.327250E+7,  6.686020E-2
1.327875E+7,  6.614304E-2
1.328500E+7,  6.442642E-2
1.329125E+7,  6.444550E-2
1.329750E+7,  6.320190E-2
1.330375E+7,  6.189156E-2
1.331000E+7,  6.281662E-2
1.331625E+7,  6.219482E-2
1.332250E+7,  6.303787E-2
1.332875E+7,  6.071472E-2
1.333500E+7,  5.859947E-2
1.334125E+7,  5.752945E-2
1.334750E+7,  5.689621E-2
1.335375E+7,  5.773926E-2
1.336000E+7,  5.734253E-2
1.336625E+7,  5.664444E-2
1.337250E+7,  5.750084E-2
1.337875E+7,  5.700493E-2
1.338500E+7,  5.675507E-2
1.339125E+7,  5.780602E-2
1.339750E+7,  5.775642E-2
1.340375E+7,  5.768585E-2
1.341000E+7,  5.821419E-2
1.341625E+7,  5.939484E-2
1.342250E+7,  6.001472E-2
1.342875E+7,  6.133080E-2
1.343500E+7,  6.273651E-2
1.344125E+7,  6.325912E-2
1.344750E+7,  6.491089E-2
1.345375E+7,  6.641769E-2
1.346000E+7,  6.785965E-2
1.346625E+7,  7.009888E-2
1.347250E+7,  7.293701E-2
1.347875E+7,  7.473755E-2
1.348500E+7,  7.648849E-2
1.349125E+7,  7.905579E-2
1.349750E+7,  8.220291E-2
1.350375E+7,  8.608246E-2
1.351000E+7,  8.913422E-2
1.351625E+7,  9.261703E-2
1.352250E+7,  9.657669E-2
1.352875E+7,  1.007881E-1
1.353500E+7,  1.052971E-1
1.354125E+7,  1.096191E-1
1.354750E+7,  1.135445E-1
1.355375E+7,  1.174240E-1
1.356000E+7,  1.200218E-1
1.356625E+7,  1.212502E-1
1.357250E+7,  1.212387E-1
1.357875E+7,  1.202850E-1
1.358500E+7,  1.170921E-1
1.359125E+7,  1.128235E-1
1.359750E+7,  1.077080E-1
1.360375E+7,  1.017609E-1
1.361000E+7,  9.543610E-2
1.361625E+7,  8.941650E-2
1.362250E+7,  8.351135E-2
1.362875E+7,  7.791519E-2
1.363500E+7,  7.304382E-2
1.364125E+7,  6.820679E-2
1.364750E+7,  6.364059E-2
1.365375E+7,  5.968285E-2
1.366000E+7,  5.605888E-2
1.366625E+7,  5.280876E-2
1.367250E+7,  4.979134E-2
1.367875E+7,  4.698372E-2
1.368500E+7,  4.439354E-2
1.369125E+7,  4.198074E-2
1.369750E+7,  3.981972E-2
1.370375E+7,  3.778648E-2
1.371000E+7,  3.598022E-2
1.371625E+7,  3.431129E-2
1.372250E+7,  3.280067E-2
1.372875E+7,  3.138161E-2
1.373500E+7,  3.007412E-2
1.374125E+7,  2.882862E-2
1.374750E+7,  2.765369E-2
1.375375E+7,  2.659512E-2
1.376000E+7,  2.557182E-2
1.376625E+7,  2.463245E-2
1.377250E+7,  2.374935E-2
1.377875E+7,  2.294827E-2
1.378500E+7,  2.216721E-2
1.379125E+7,  2.145481E-2
1.379750E+7,  2.074337E-2
1.380375E+7,  2.010632E-2
1.381000E+7,  1.948547E-2
1.381625E+7,  1.889801E-2
1.382250E+7,  1.832676E-2
1.382875E+7,  1.783371E-2
1.383500E+7,  1.736546E-2
1.384125E+7,  1.687622E-2
1.384750E+7,  1.643372E-2
1.385375E+7,  1.602077E-2
1.386000E+7,  1.559067E-2
1.386625E+7,  1.523972E-2
1.387250E+7,  1.486731E-2
1.387875E+7,  1.448345E-2
1.388500E+7,  1.419210E-2
1.389125E+7,  1.387978E-2
1.389750E+7,  1.353884E-2
1.390375E+7,  1.326323E-2
1.391000E+7,  1.298904E-2
1.391625E+7,  1.273632E-2
1.392250E+7,  1.251125E-2
1.392875E+7,  1.224709E-2
1.393500E+7,  1.202726E-2
1.394125E+7,  1.179314E-2
1.394750E+7,  1.157808E-2
1.395375E+7,  1.138401E-2
1.396000E+7,  1.119280E-2
1.396625E+7,  1.101971E-2
1.397250E+7,  1.085329E-2
1.397875E+7,  1.066208E-2
1.398500E+7,  1.048946E-2
1.399125E+7,  1.033640E-2
1.399750E+7,  1.018238E-2
1.400375E+7,  1.007366E-2
1.401000E+7,  9.912968E-3
1.401625E+7,  9.781837E-3
1.402250E+7,  9.652615E-3
1.402875E+7,  9.530067E-3
1.403500E+7,  9.428501E-3
1.404125E+7,  9.311676E-3
1.404750E+7,  9.221077E-3
1.405375E+7,  9.117603E-3
1.406000E+7,  9.026051E-3
1.406625E+7,  8.924484E-3
1.407250E+7,  8.863926E-3
1.407875E+7,  8.780003E-3
1.408500E+7,  8.706570E-3
1.409125E+7,  8.641720E-3
1.409750E+7,  8.586884E-3
1.410375E+7,  8.506298E-3
1.411000E+7,  8.461475E-3
1.411625E+7,  8.400917E-3
1.412250E+7,  8.368015E-3
1.412875E+7,  8.312225E-3
1.413500E+7,  8.269310E-3
1.414125E+7,  8.243084E-3
1.414750E+7,  8.192539E-3
1.415375E+7,  8.222103E-3
1.416000E+7,  8.164406E-3
1.416625E+7,  8.165359E-3
1.417250E+7,  8.143902E-3
1.417875E+7,  8.152008E-3
1.418500E+7,  8.139133E-3
1.419125E+7,  8.153915E-3
1.419750E+7,  8.151531E-3
1.420375E+7,  8.171082E-3
1.421000E+7,  8.204460E-3
1.421625E+7,  8.238792E-3
1.422250E+7,  8.265018E-3
1.422875E+7,  8.314610E-3
1.423500E+7,  8.358002E-3
1.424125E+7,  8.397102E-3
1.424750E+7,  8.462906E-3
1.425375E+7,  8.550644E-3
1.426000E+7,  8.659363E-3
1.426625E+7,  8.717537E-3
1.427250E+7,  8.817673E-3
1.427875E+7,  8.938313E-3
1.428500E+7,  9.082794E-3
1.429125E+7,  9.194374E-3
1.429750E+7,  9.358883E-3
1.430375E+7,  9.548187E-3
1.431000E+7,  9.736538E-3
1.431625E+7,  9.953022E-3
1.432250E+7,  1.019955E-2
1.432875E+7,  1.046610E-2
1.433500E+7,  1.074600E-2
1.434125E+7,  1.110888E-2
1.434750E+7,  1.146364E-2
1.435375E+7,  1.188469E-2
1.436000E+7,  1.234818E-2
1.436625E+7,  1.288748E-2
1.437250E+7,  1.355314E-2
1.437875E+7,  1.422930E-2
1.438500E+7,  1.507473E-2
1.439125E+7,  1.597404E-2
1.439750E+7,  1.706886E-2
1.440375E+7,  1.835728E-2
1.441000E+7,  1.980782E-2
1.441625E+7,  2.154541E-2
1.442250E+7,  2.357578E-2
1.442875E+7,  2.576923E-2
1.443500E+7,  2.816772E-2
1.444125E+7,  3.032207E-2
1.444750E+7,  3.173256E-2
1.445375E+7,  3.204727E-2
1.446000E+7,  3.076363E-2
1.446625E+7,  2.837181E-2
1.447250E+7,  2.533245E-2
1.447875E+7,  2.236366E-2
1.448500E+7,  1.963997E-2
1.449125E+7,  1.727581E-2
1.449750E+7,  1.524210E-2
1.450375E+7,  1.357365E-2
1.451000E+7,  1.210976E-2
1.451625E+7,  1.093769E-2
1.452250E+7,  9.867668E-3
1.452875E+7,  8.982182E-3
1.453500E+7,  8.231640E-3
1.454125E+7,  7.546186E-3
1.454750E+7,  6.943703E-3
1.455375E+7,  6.438017E-3
1.456000E+7,  5.971193E-3
1.456625E+7,  5.535364E-3
1.457250E+7,  5.169153E-3
1.457875E+7,  4.840612E-3
1.458500E+7,  4.540205E-3
1.459125E+7,  4.273415E-3
1.459750E+7,  3.995657E-3
1.460375E+7,  3.784418E-3
1.461000E+7,  3.576159E-3
1.461625E+7,  3.378868E-3
1.462250E+7,  3.168225E-3
1.462875E+7,  3.013134E-3
1.463500E+7,  2.859473E-3
1.464125E+7,  2.707481E-3
1.464750E+7,  2.584338E-3
1.465375E+7,  2.458096E-3
1.466000E+7,  2.339482E-3
1.466625E+7,  2.244473E-3
1.467250E+7,  2.131939E-3
1.467875E+7,  2.052665E-3
1.468500E+7,  1.958609E-3
1.469125E+7,  1.873910E-3
1.469750E+7,  1.785457E-3
1.470375E+7,  1.694560E-3
1.471000E+7,  1.627207E-3
1.471625E+7,  1.572967E-3
1.472250E+7,  1.520038E-3
1.472875E+7,  1.429379E-3
1.473500E+7,  1.387954E-3
1.474125E+7,  1.324117E-3
1.474750E+7,  1.265407E-3
1.475375E+7,  1.213670E-3
1.476000E+7,  1.182735E-3
1.476625E+7,  1.127422E-3
1.477250E+7,  1.087070E-3
1.477875E+7,  1.055419E-3
1.478500E+7,  1.009941E-3
1.479125E+7,  9.896755E-4
1.479750E+7,  9.571016E-4
1.480375E+7,  9.020269E-4
1.481000E+7,  8.902848E-4
1.481625E+7,  8.291602E-4
1.482250E+7,  8.409619E-4
1.482875E+7,  8.163750E-4
1.483500E+7,  7.853508E-4
1.484125E+7,  7.340908E-4
1.484750E+7,  6.936789E-4
1.485375E+7,  6.681085E-4
1.486000E+7,  6.765425E-4
1.486625E+7,  6.327927E-4
1.487250E+7,  6.140471E-4
1.487875E+7,  6.238222E-4
1.488500E+7,  5.855262E-4
1.489125E+7,  5.841553E-4
1.489750E+7,  5.587637E-4
1.490375E+7,  5.511940E-4
1.491000E+7,  5.150437E-4
1.491625E+7,  5.066991E-4
1.492250E+7,  4.991293E-4
1.492875E+7,  4.662126E-4
1.493500E+7,  4.388839E-4
1.494125E+7,  4.370362E-4
1.494750E+7,  4.303455E-4
1.495375E+7,  4.380196E-4
1.496000E+7,  4.238188E-4
1.496625E+7,  3.899336E-4
1.497250E+7,  3.953874E-4
1.497875E+7,  3.839433E-4
1.498500E+7,  3.637820E-4
1.499125E+7,  3.646314E-4
1.499750E+7,  3.370345E-4
1.500375E+7,  3.506094E-4
1.501000E+7,  3.322363E-4
1.501625E+7,  3.048331E-4
1.502250E+7,  3.034025E-4
1.502875E+7,  3.097355E-4
1.503500E+7,  2.638251E-4
1.504125E+7,  2.648979E-4
1.504750E+7,  2.660602E-4
1.505375E+7,  2.627522E-4
1.506000E+7,  2.405643E-4
1.506625E+7,  2.468228E-4
1.507250E+7,  2.347603E-4
1.507875E+7,  2.210885E-4
1.508500E+7,  2.146512E-4
1.509125E+7,  2.090856E-4
1.509750E+7,  2.038106E-4
1.510375E+7,  2.342239E-4
1.511000E+7,  2.207607E-4
1.511625E+7,  2.023429E-4
1.512250E+7,  2.173781E-4
1.512875E+7,  2.087280E-4
1.513500E+7,  1.931414E-4
1.514125E+7,  1.858547E-4
1.514750E+7,  1.688227E-4
1.515375E+7,  1.734495E-4
1.516000E+7,  1.569390E-4
1.516625E+7,  1.496822E-4
1.517250E+7,  1.867041E-4
1.517875E+7,  1.952350E-4
1.518500E+7,  1.494512E-4
1.519125E+7,  1.404807E-4
1.519750E+7,  1.157038E-4
1.520375E+7,  1.276433E-4
1.521000E+7,  1.194887E-4
1.521625E+7,  1.341552E-4
1.522250E+7,  1.289546E-4
1.522875E+7,  1.069866E-4
1.523500E+7,  1.215711E-4
1.524125E+7,  1.015551E-4
1.524750E+7,  8.374080E-5
1.525375E+7,  1.049750E-4
1.526000E+7,  9.816512E-5
1.526625E+7,  1.140051E-4
1.527250E+7,  9.857863E-5
1.527875E+7,  1.066588E-4
1.528500E+7,  1.029633E-4
1.529125E+7,  1.000613E-4
1.529750E+7,  8.513406E-5
1.530375E+7,  9.468198E-5
1.531000E+7,  6.945431E-5
1.531625E+7,  9.310246E-5
1.532250E+7,  7.772446E-5
1.532875E+7,  7.609650E-5
1.533500E+7,  8.608773E-5
1.534125E+7,  9.403378E-5
1.534750E+7,  8.696318E-5
1.535375E+7,  6.751344E-5
1.536000E+7,  8.023158E-5
1.536625E+7,  7.672980E-5
1.537250E+7,  5.863234E-5
1.537875E+7,  8.469075E-5
1.538500E+7,  8.096918E-5
1.539125E+7,  5.996786E-5
1.539750E+7,  8.697063E-5
1.540375E+7,  5.566329E-5
1.541000E+7,  3.159977E-5
1.541625E+7,  4.832260E-5
1.542250E+7,  3.379025E-5
1.542875E+7,  3.256835E-5
1.543500E+7,  4.098378E-5
1.544125E+7,  6.834045E-5
1.544750E+7,  3.459677E-5
1.545375E+7,  4.429929E-5
1.546000E+7,  4.432723E-5
1.546625E+7,  3.384240E-5
1.547250E+7,  5.232543E-5
1.547875E+7,  5.045533E-5
1.548500E+7,  4.924275E-5
1.549125E+7,  3.407151E-5
1.549750E+7,  4.414096E-5
1.550375E+7,  3.039651E-5
1.551000E+7,  3.704242E-5
1.551625E+7,  4.696660E-5
1.552250E+7,  2.516527E-5
1.552875E+7,  3.480539E-5
1.553500E+7,  4.037283E-5
1.554125E+7,  5.543977E-5
1.554750E+7,  1.588929E-5
1.555375E+7,  3.265962E-5
1.556000E+7,  3.987737E-5
1.556625E+7,  5.098432E-5
1.557250E+7,  1.932401E-5
1.557875E+7,  4.540570E-5
1.558500E+7,  9.123236E-6
1.559125E+7,  2.973247E-5
1.559750E+7,  2.564397E-5
1.560375E+7,  3.241003E-5
1.561000E+7,  1.215609E-5
1.561625E+7,  1.640804E-5
1.562250E+7,  1.613237E-5
1.562875E+7,  2.587121E-5
1.563500E+7,  1.777802E-5
1.564125E+7,  1.742970E-5
1.564750E+7,  1.923647E-5
1.565375E+7,  2.353732E-5
1.566000E+7,  1.379475E-5
1.566625E+7,  3.936701E-5
1.567250E+7,  2.072100E-5
1.567875E+7,  7.658266E-6
1.568500E+7,  1.081778E-5
1.569125E+7,  3.422424E-5
1.569750E+7,  8.535106E-6
1.570375E+7,  3.074296E-5
1.571000E+7,  1.367833E-5
1.571625E+7,  2.307165E-5
1.572250E+7,  1.702458E-5
1.572875E+7,  2.550893E-5
1.573500E+7,  1.073023E-5
1.574125E+7,  8.451287E-6
1.574750E+7,  8.474570E-6
1.575375E+7,  3.571622E-5
1.576000E+7,  2.392568E-5
1.576625E+7,  1.898594E-5
1.577250E+7,  3.575720E-5
1.577875E+7,  1.696963E-5
1.578500E+7,  4.693307E-5
1.579125E+7,  1.896080E-5
1.579750E+7,  2.270471E-5
1.580375E+7,  1.069391E-5
1.581000E+7,  1.689326E-5
1.581625E+7,  3.844500E-5
1.582250E+7,  1.684763E-5
1.582875E+7,  1.882669E-5
1.583500E+7,  2.413243E-5
1.584125E+7,  1.358427E-5
1.584750E+7,  1.358381E-5
1.585375E+7,  7.525785E-6
1.586000E+7,  1.128344E-5
1.586625E+7,  8.413102E-6
1.587250E+7,  3.756373E-6
1.587875E+7,  1.879688E-5
1.588500E+7,  1.681130E-5
1.589125E+7,  1.679827E-5
1.589750E+7,  7.505761E-6
1.590375E+7,  2.373103E-5
1.591000E+7,  1.354190E-5
1.591625E+7,  1.060450E-5
1.592250E+7,  3.749854E-6
1.592875E+7,  1.674518E-5
1.593500E+7,  1.499848E-5
1.594125E+7,  8.369796E-6
1.594750E+7,  2.365559E-5
1.595375E+7,  3.741472E-6
1.596000E+7,  6.298535E-10
1.596625E+7,  1.543481E-5
1.597250E+7,  1.673866E-5
1.597875E+7,  7.495051E-6
1.598500E+7,  2.367981E-5
1.599125E+7,  2.117269E-5
1.599750E+7,  1.870748E-5
1.600375E+7,  1.687855E-4
1.601000E+7,  1.780167E-4
1.601625E+7,  1.101606E-4
1.602250E+7,  1.720339E-5
1.602875E+7,  2.044812E-4
1.603500E+7,  1.929104E-4
1.604125E+7,  8.986890E-5
1.604750E+7,  2.192631E-4
1.605375E+7,  1.156367E-4
1.606000E+7,  2.930909E-4
1.606625E+7,  2.539307E-4
1.607250E+7,  1.324266E-4
1.607875E+7,  3.988855E-5
1.608500E+7,  1.529828E-4
1.609125E+7,  1.773238E-4
1.609750E+7,  2.817810E-4
1.610375E+7,  1.522526E-4
1.611000E+7,  2.025068E-4
1.611625E+7,  1.033358E-4
1.612250E+7,  1.723841E-4
1.612875E+7,  3.985129E-5
1.613500E+7,  3.456883E-5
1.614125E+7,  5.077012E-5
1.614750E+7,  1.321509E-4
1.615375E+7,  9.756535E-5
1.616000E+7,  4.341081E-5
1.616625E+7,  5.295873E-5
1.617250E+7,  3.248639E-5
1.617875E+7,  3.211759E-5
1.618500E+7,  3.904849E-5
1.619125E+7,  1.283782E-5
1.619750E+7,  6.320700E-5
1.620375E+7,  6.632507E-5
1.621000E+7,  1.375750E-4
1.621625E+7,  1.056343E-4
1.622250E+7,  7.335469E-5
1.622875E+7,  1.355633E-4
1.623500E+7,  9.405613E-5
1.624125E+7,  5.743233E-6
1.624750E+7,  6.549433E-5
1.625375E+7,  2.181008E-4
1.626000E+7,  6.941333E-5
1.626625E+7,  1.234263E-4
1.627250E+7,  5.745329E-5
1.627875E+7,  1.722295E-5
1.628500E+7,  8.348003E-5
1.629125E+7,  5.549192E-5
1.629750E+7,  4.781410E-5
1.630375E+7,  1.009889E-4
1.631000E+7,  1.436397E-4
1.631625E+7,  7.810444E-5
1.632250E+7,  9.123608E-5
1.632875E+7,  1.510754E-4
1.633500E+7,  2.242252E-5
1.634125E+7,  1.465082E-4
1.634750E+7,  2.201200E-4
1.635375E+7,  1.207925E-4
1.636000E+7,  9.803101E-5
1.636625E+7,  3.545135E-4
1.637250E+7,  2.012327E-4
1.637875E+7,  2.288222E-4
1.638500E+7,  1.490265E-4
1.639125E+7,  1.421422E-4
1.639750E+7,  5.901232E-5
1.640375E+7,  7.672980E-5
1.641000E+7,  9.361655E-5
1.641625E+7,  2.817065E-4
1.642250E+7,  1.655370E-4
1.642875E+7,  2.015978E-4
1.643500E+7,  2.659261E-4
1.644125E+7,  1.287237E-4
1.644750E+7,  7.825717E-5
1.645375E+7,  4.065223E-5
1.646000E+7,  1.172088E-4
1.646625E+7,  8.655712E-5
1.647250E+7,  4.311465E-5
1.647875E+7,  7.114932E-5
1.648500E+7,  5.691126E-5
1.649125E+7,  5.461834E-5
1.649750E+7,  1.464263E-4
1.650375E+7,  5.926006E-5
1.651000E+7,  5.023181E-5
1.651625E+7,  1.164936E-4
1.652250E+7,  6.351992E-5
1.652875E+7,  1.174137E-4
1.653500E+7,  6.932020E-5
1.654125E+7,  7.484108E-5
1.654750E+7,  3.358908E-5
1.655375E+7,  3.101304E-5
1.656000E+7,  7.819012E-5
1.656625E+7,  5.288236E-5
1.657250E+7,  3.257766E-5
1.657875E+7,  1.368746E-4
1.658500E+7,  7.836148E-5
1.659125E+7,  1.586899E-4
1.659750E+7,  2.511442E-4
1.660375E+7,  7.573143E-5
1.661000E+7,  1.147054E-4
1.661625E+7,  1.072511E-4
1.662250E+7,  9.503588E-5
1.662875E+7,  9.022653E-5
1.663500E+7,  1.213923E-4
1.664125E+7,  1.668185E-4
1.664750E+7,  4.612282E-5
1.665375E+7,  1.337677E-4
1.666000E+7,  2.387092E-4
1.666625E+7,  2.017766E-4
1.667250E+7,  1.328066E-4
1.667875E+7,  2.034381E-4
1.668500E+7,  1.917556E-4
1.669125E+7,  1.725852E-4
1.669750E+7,  3.091395E-4
1.670375E+7,  1.155771E-4
1.671000E+7,  2.705008E-4
1.671625E+7,  1.098029E-4
1.672250E+7,  5.158596E-5
1.672875E+7,  1.095645E-4
1.673500E+7,  1.292825E-4
1.674125E+7,  1.567155E-4
1.674750E+7,  9.259209E-5
1.675375E+7,  6.718561E-5
1.676000E+7,  9.523332E-5
1.676625E+7,  3.230199E-5
1.677250E+7,  1.098067E-4
1.677875E+7,  1.554415E-4
1.678500E+7,  5.930662E-5
1.679125E+7,  1.271665E-4
1.679750E+7,  4.334748E-5
1.680375E+7,  8.096546E-5
1.681000E+7,  2.328027E-5
1.681625E+7,  6.743893E-5
1.682250E+7,  1.362190E-4
1.682875E+7,  1.070015E-4
1.683500E+7,  6.204471E-5
1.684125E+7,  5.326606E-5
1.684750E+7,  1.007840E-4
1.685375E+7,  1.319721E-4
1.686000E+7,  1.112036E-4
1.686625E+7,  2.031475E-4
1.687250E+7,  9.663031E-5
1.687875E+7,  1.002178E-4
1.688500E+7,  1.330078E-4
1.689125E+7,  6.460771E-5
1.689750E+7,  6.949157E-5
1.690375E+7,  6.899610E-5
1.691000E+7,  2.259947E-5
1.691625E+7,  9.536371E-5
1.692250E+7,  1.015551E-4
1.692875E+7,  7.166341E-5
1.693500E+7,  1.199618E-4
1.694125E+7,  5.051866E-5
1.694750E+7,  1.365989E-4
1.695375E+7,  1.250431E-4
1.696000E+7,  9.216368E-5
1.696625E+7,  8.125603E-5
1.697250E+7,  6.022304E-5
1.697875E+7,  2.537966E-4
1.698500E+7,  3.251880E-4
1.699125E+7,  2.667904E-4
1.699750E+7,  2.617836E-4
1.700375E+7,  3.376603E-5
1.701000E+7,  2.098307E-4
1.701625E+7,  1.997650E-4
1.702250E+7,  2.257228E-4
1.702875E+7,  5.970895E-5
1.703500E+7,  1.202412E-4
1.704125E+7,  5.628169E-5
1.704750E+7,  1.944378E-4
1.705375E+7,  1.332313E-4
1.706000E+7,  5.828962E-5
1.706625E+7,  4.954264E-5
1.707250E+7,  8.833781E-5
1.707875E+7,  2.841204E-4
1.708500E+7,  6.787479E-5
1.709125E+7,  1.195595E-4
1.709750E+7,  2.092775E-5
1.710375E+7,  9.081885E-5
1.711000E+7,  1.661330E-4
1.711625E+7,  3.531016E-5
1.712250E+7,  2.112538E-4
1.712875E+7,  8.705631E-5
1.713500E+7,  3.636256E-5
1.714125E+7,  1.201779E-4
1.714750E+7,  5.351752E-5
1.715375E+7,  6.522983E-5
1.716000E+7,  1.046760E-5
1.716625E+7,  7.210672E-5
1.717250E+7,  1.468360E-4
1.717875E+7,  1.112372E-4
1.718500E+7,  6.498396E-5
1.719125E+7,  7.552654E-5
1.719750E+7,  8.789822E-5
1.720375E+7,  4.157051E-5
1.721000E+7,  1.103766E-4
1.721625E+7,  1.107417E-4
1.722250E+7,  1.452491E-5
1.722875E+7,  3.953651E-5
1.723500E+7,  2.341811E-5
1.724125E+7,  1.008585E-4
1.724750E+7,  1.026951E-4
1.725375E+7,  7.639453E-5
1.726000E+7,  3.675185E-5
1.726625E+7,  7.607788E-5
1.727250E+7,  9.883195E-5
1.727875E+7,  5.264394E-5
1.728500E+7,  9.084493E-5
1.729125E+7,  6.135553E-5
1.729750E+7,  7.424504E-5
1.730375E+7,  2.180040E-4
1.731000E+7,  1.677796E-4
1.731625E+7,  6.506685E-6
1.732250E+7,  1.147464E-4
1.732875E+7,  6.630272E-5
1.733500E+7,  6.071106E-5
1.734125E+7,  6.505102E-5
1.734750E+7,  4.325435E-5
1.735375E+7,  6.989017E-5
1.736000E+7,  1.873970E-4
1.736625E+7,  5.006418E-5
1.737250E+7,  2.640784E-4
1.737875E+7,  1.223907E-4
1.738500E+7,  2.026930E-4
1.739125E+7,  4.045665E-5
1.739750E+7,  3.673583E-4
1.740375E+7,  3.166944E-4
1.741000E+7,  2.268627E-4
1.741625E+7,  2.204552E-4
1.742250E+7,  1.952425E-4
1.742875E+7,  1.751781E-4
1.743500E+7,  2.865344E-4
1.744125E+7,  8.090585E-5
1.744750E+7,  1.879260E-4
1.745375E+7,  9.332970E-5
1.746000E+7,  9.415671E-5
1.746625E+7,  1.131445E-4
1.747250E+7,  5.770475E-5
1.747875E+7,  9.695441E-5
1.748500E+7,  1.180246E-4
1.749125E+7,  8.355081E-5
1.749750E+7,  1.136214E-4
1.750375E+7,  6.151199E-5
1.751000E+7,  9.123236E-5
1.751625E+7,  7.378310E-5
1.752250E+7,  2.310127E-4
1.752875E+7,  6.016716E-5
1.753500E+7,  3.049057E-5
1.754125E+7,  2.689660E-5
1.754750E+7,  5.380623E-5
1.755375E+7,  6.658956E-5
1.756000E+7,  1.458591E-5
1.756625E+7,  2.915622E-6
1.757250E+7,  1.333207E-4
1.757875E+7,  3.734976E-5
1.758500E+7,  3.514998E-5
1.759125E+7,  4.340522E-5
1.759750E+7,  5.166046E-5
1.760375E+7,  8.252449E-6
1.761000E+7,  4.751794E-5
1.761625E+7,  1.297221E-4
1.762250E+7,  1.748949E-4
1.762875E+7,  7.059425E-5
1.763500E+7,  1.752283E-5
1.764125E+7,  9.015203E-5
1.764750E+7,  1.191236E-4
1.765375E+7,  1.220442E-4
1.766000E+7,  2.302825E-4
1.766625E+7,  6.533414E-5
1.767250E+7,  1.174398E-4
1.767875E+7,  1.045763E-4
1.768500E+7,  1.054071E-5
1.769125E+7,  6.430224E-5
1.769750E+7,  3.842823E-5
1.770375E+7,  8.912757E-5
1.771000E+7,  1.637638E-4
1.771625E+7,  5.386956E-5
1.772250E+7,  1.908392E-4
1.772875E+7,  9.149686E-5
1.773500E+7,  2.110470E-5
1.774125E+7,  4.092231E-5
1.774750E+7,  2.518594E-4
1.775375E+7,  1.769587E-4
1.776000E+7,  1.111962E-4
1.776625E+7,  2.676398E-4
1.777250E+7,  4.689209E-5
1.777875E+7,  1.888722E-4
1.778500E+7,  1.100115E-4
1.779125E+7,  2.193674E-4
1.779750E+7,  7.125735E-5
1.780375E+7,  1.161955E-4
1.781000E+7,  2.206936E-4
1.781625E+7,  5.853362E-6
1.782250E+7,  7.802248E-5
1.782875E+7,  1.664087E-4
1.783500E+7,  4.905835E-5
1.784125E+7,  1.781527E-5
1.784750E+7,  5.864352E-5
1.785375E+7,  6.335601E-5
1.786000E+7,  1.718625E-4
1.786625E+7,  8.437037E-5
1.787250E+7,  1.875032E-5
1.787875E+7,  6.679818E-5
1.788500E+7,  4.224293E-5
1.789125E+7,  9.092316E-5
1.789750E+7,  8.817390E-5
1.790375E+7,  2.363976E-5
1.791000E+7,  1.022145E-4
1.791625E+7,  5.562231E-5
1.792250E+7,  8.389726E-5
1.792875E+7,  8.910894E-5
1.793500E+7,  1.310930E-5
1.794125E+7,  1.972765E-4
1.794750E+7,  1.207516E-4
1.795375E+7,  1.853798E-5
1.796000E+7,  4.593842E-5
1.796625E+7,  4.983693E-5
1.797250E+7,  1.260191E-4
1.797875E+7,  4.591607E-5
1.798500E+7,  4.986301E-5
1.799125E+7,  6.439537E-5
1.799750E+7,  7.899478E-5
1.800375E+7,  5.358458E-5
1.801000E+7,  2.017245E-4
1.801625E+7,  7.510185E-5
1.802250E+7,  8.216128E-5
1.802875E+7,  9.869412E-5
1.803500E+7,  5.189516E-5
1.804125E+7,  5.901791E-5
1.804750E+7,  8.531660E-5
1.805375E+7,  9.451061E-5
1.806000E+7,  2.934877E-5
1.806625E+7,  2.100915E-4
1.807250E+7,  1.048520E-4
1.807875E+7,  1.165643E-4
1.808500E+7,  4.730746E-5
1.809125E+7,  1.116991E-4
1.809750E+7,  1.139194E-4
1.810375E+7,  1.049750E-4
1.811000E+7,  1.025684E-4
1.811625E+7,  1.597628E-4
1.812250E+7,  2.917051E-4
1.812875E+7,  1.312643E-4
1.813500E+7,  3.163889E-5
1.814125E+7,  1.737848E-4
1.814750E+7,  2.057925E-4
1.815375E+7,  4.887953E-5
1.816000E+7,  8.250400E-5
1.816625E+7,  7.278845E-5
1.817250E+7,  8.896738E-5
1.817875E+7,  6.440282E-5
1.818500E+7,  1.085587E-4
1.819125E+7,  1.469627E-4
1.819750E+7,  8.237362E-5
1.820375E+7,  1.564249E-4
1.821000E+7,  1.333356E-4
1.821625E+7,  6.569922E-5
1.822250E+7,  1.246482E-4
1.822875E+7,  8.245185E-5
1.823500E+7,  4.593283E-5
1.824125E+7,  1.186468E-4
1.824750E+7,  1.527071E-4
1.825375E+7,  5.551986E-5
1.826000E+7,  1.426339E-4
1.826625E+7,  1.190305E-4
1.827250E+7,  7.060170E-5
1.827875E+7,  3.543124E-5
1.828500E+7,  8.490309E-5
1.829125E+7,  1.195371E-4
1.829750E+7,  7.722899E-5
1.830375E+7,  3.184192E-5
1.831000E+7,  1.322031E-4
1.831625E+7,  1.788791E-5
1.832250E+7,  1.177192E-5
1.832875E+7,  4.089251E-5
1.833500E+7,  8.145347E-5
1.834125E+7,  8.855760E-5
1.834750E+7,  1.471024E-5
1.835375E+7,  1.109652E-4
1.836000E+7,  4.493631E-5
1.836625E+7,  1.269206E-4
1.837250E+7,  1.885835E-5
1.837875E+7,  8.013844E-5
1.838500E+7,  1.071170E-4
1.839125E+7,  1.178235E-4
1.839750E+7,  1.075380E-4
1.840375E+7,  1.862738E-5
1.841000E+7,  1.068451E-4
1.841625E+7,  8.316338E-5
1.842250E+7,  1.803786E-4
1.842875E+7,  1.599416E-4
1.843500E+7,  1.904741E-4
1.844125E+7,  3.187731E-5
1.844750E+7,  2.501756E-4
1.845375E+7,  7.200986E-5
1.846000E+7,  1.058504E-4
1.846625E+7,  1.096874E-4
1.847250E+7,  1.423433E-4
1.847875E+7,  1.297444E-4
1.848500E+7,  7.711723E-5
1.849125E+7,  1.332536E-4
1.849750E+7,  5.663559E-5
1.850375E+7,  1.599640E-4
1.851000E+7,  6.811693E-5
1.851625E+7,  3.832579E-5
1.852250E+7,  7.722899E-5
1.852875E+7,  1.755580E-4
1.853500E+7,  6.520376E-5
1.854125E+7,  5.541369E-5
1.854750E+7,  1.440793E-4
1.855375E+7,  6.088801E-5
1.856000E+7,  8.050725E-5