SAVED BY: 
TITLE: 
COMMENTS: 
DATE: 10/27/2020
TIME: 3:37 PM

STIMULUS, RESPONSE

8.560000E+6,  1.600161E-4
8.566250E+6,  1.767725E-4
8.572500E+6,  1.817942E-4
8.578750E+6,  1.765713E-4
8.585000E+6,  1.759008E-4
8.591250E+6,  1.614839E-4
8.597500E+6,  1.684502E-4
8.603750E+6,  1.635402E-4
8.610000E+6,  1.759157E-4
8.616250E+6,  1.874492E-4
8.622500E+6,  1.848713E-4
8.628750E+6,  1.751706E-4
8.635000E+6,  1.783594E-4
8.641250E+6,  1.718104E-4
8.647500E+6,  1.706257E-4
8.653750E+6,  1.894832E-4
8.660000E+6,  1.651049E-4
8.666250E+6,  1.660958E-4
8.672500E+6,  1.683757E-4
8.678750E+6,  1.666397E-4
8.685000E+6,  1.730993E-4
8.691250E+6,  1.786649E-4
8.697500E+6,  1.994520E-4
8.703750E+6,  1.861826E-4
8.710000E+6,  1.837611E-4
8.716250E+6,  1.855716E-4
8.722500E+6,  2.052709E-4
8.728750E+6,  2.051145E-4
8.735000E+6,  1.733378E-4
8.741250E+6,  1.889542E-4
8.747500E+6,  1.940280E-4
8.753750E+6,  2.062395E-4
8.760000E+6,  1.773089E-4
8.766250E+6,  1.887828E-4
8.772500E+6,  2.023131E-4
8.778750E+6,  2.008826E-4
8.785000E+6,  1.731142E-4
8.791250E+6,  1.907572E-4
8.797500E+6,  1.939163E-4
8.803750E+6,  1.988411E-4
8.810000E+6,  1.807511E-4
8.816250E+6,  1.854748E-4
8.822500E+6,  1.873299E-4
8.828750E+6,  1.908466E-4
8.835000E+6,  1.802668E-4
8.841250E+6,  1.928434E-4
8.847500E+6,  1.753196E-4
8.853750E+6,  1.875013E-4
8.860000E+6,  1.841336E-4
8.866250E+6,  1.869798E-4
8.872500E+6,  1.960024E-4
8.878750E+6,  2.091080E-4
8.885000E+6,  1.836568E-4
8.891250E+6,  1.887530E-4
8.897500E+6,  2.108812E-4
8.903750E+6,  2.042428E-4
8.910000E+6,  1.891553E-4
8.916250E+6,  2.161860E-4
8.922500E+6,  1.955852E-4
8.928750E+6,  1.789108E-4
8.935000E+6,  2.145395E-4
8.941250E+6,  2.220348E-4
8.947500E+6,  1.873821E-4
8.953750E+6,  2.111122E-4
8.960000E+6,  1.962483E-4
8.966250E+6,  2.094805E-4
8.972500E+6,  2.030879E-4
8.978750E+6,  2.062991E-4
8.985000E+6,  1.990199E-4
8.991250E+6,  2.133846E-4
8.997500E+6,  2.044365E-4
9.003750E+6,  2.030656E-4
9.010000E+6,  2.023429E-4
9.016250E+6,  1.960695E-4
9.022500E+6,  2.112761E-4
9.028750E+6,  2.147406E-4
9.035000E+6,  2.024695E-4
9.041250E+6,  1.975372E-4
9.047500E+6,  2.121553E-4
9.053750E+6,  2.131090E-4
9.060000E+6,  1.995713E-4
9.066250E+6,  2.117082E-4
9.072500E+6,  2.060905E-4
9.078750E+6,  2.150461E-4
9.085000E+6,  2.059713E-4
9.091250E+6,  2.148077E-4
9.097500E+6,  1.996756E-4
9.103750E+6,  2.229139E-4
9.110000E+6,  1.929030E-4
9.116250E+6,  2.148971E-4
9.122500E+6,  2.182424E-4
9.128750E+6,  2.095178E-4
9.135000E+6,  2.167672E-4
9.141250E+6,  2.011582E-4
9.147500E+6,  2.169609E-4
9.153750E+6,  2.147257E-4
9.160000E+6,  2.268776E-4
9.166250E+6,  2.264753E-4
9.172500E+6,  2.150908E-4
9.178750E+6,  2.195463E-4
9.185000E+6,  2.194941E-4
9.191250E+6,  2.336800E-4
9.197500E+6,  2.303421E-4
9.203750E+6,  2.351999E-4
9.210000E+6,  2.185628E-4
9.216250E+6,  2.129674E-4
9.222500E+6,  1.874790E-4
9.228750E+6,  2.250075E-4
9.235000E+6,  2.268404E-4
9.241250E+6,  2.114922E-4
9.247500E+6,  2.164915E-4
9.253750E+6,  2.206638E-4
9.260000E+6,  2.382770E-4
9.266250E+6,  2.267882E-4
9.272500E+6,  2.325773E-4
9.278750E+6,  2.449006E-4
9.285000E+6,  2.186075E-4
9.291250E+6,  2.359599E-4
9.297500E+6,  2.323538E-4
9.303750E+6,  2.493411E-4
9.310000E+6,  2.374724E-4
9.316250E+6,  2.493113E-4
9.322500E+6,  2.337173E-4
9.328750E+6,  2.406761E-4
9.335000E+6,  2.488047E-4
9.341250E+6,  2.616346E-4
9.347500E+6,  2.258569E-4
9.353750E+6,  2.396554E-4
9.360000E+6,  2.168939E-4
9.366250E+6,  2.403706E-4
9.372500E+6,  2.341568E-4
9.378750E+6,  2.411008E-4
9.385000E+6,  2.523810E-4
9.391250E+6,  2.600402E-4
9.397500E+6,  2.504587E-4
9.403750E+6,  2.468377E-4
9.410000E+6,  2.478957E-4
9.416250E+6,  2.326369E-4
9.422500E+6,  2.306700E-4
9.428750E+6,  2.454817E-4
9.435000E+6,  2.386570E-4
9.441250E+6,  2.365187E-4
9.447500E+6,  2.263635E-4
9.453750E+6,  2.529919E-4
9.460000E+6,  2.579987E-4
9.466250E+6,  2.640039E-4
9.472500E+6,  2.315342E-4
9.478750E+6,  2.467036E-4
9.485000E+6,  2.421215E-4
9.491250E+6,  2.535135E-4
9.497500E+6,  2.481937E-4
9.503750E+6,  2.726018E-4
9.510000E+6,  2.334788E-4
9.516250E+6,  2.551973E-4
9.522500E+6,  2.467930E-4
9.528750E+6,  2.658516E-4
9.535000E+6,  2.510846E-4
9.541250E+6,  2.588779E-4
9.547500E+6,  2.371892E-4
9.553750E+6,  2.597719E-4
9.560000E+6,  2.478361E-4
9.566250E+6,  2.706200E-4
9.572500E+6,  2.680272E-4
9.578750E+6,  2.582371E-4
9.585000E+6,  2.416968E-4
9.591250E+6,  2.618283E-4
9.597500E+6,  2.694130E-4
9.603750E+6,  2.653450E-4
9.610000E+6,  2.549738E-4
9.616250E+6,  2.823174E-4
9.622500E+6,  2.737045E-4
9.628750E+6,  2.670139E-4
9.635000E+6,  2.615303E-4
9.641250E+6,  2.780855E-4
9.647500E+6,  2.617687E-4
9.653750E+6,  2.931654E-4
9.660000E+6,  2.634972E-4
9.666250E+6,  2.766699E-4
9.672500E+6,  2.766848E-4
9.678750E+6,  2.732277E-4
9.685000E+6,  2.896935E-4
9.691250E+6,  2.930611E-4
9.697500E+6,  2.726316E-4
9.703750E+6,  2.888590E-4
9.710000E+6,  2.907366E-4
9.716250E+6,  2.757162E-4
9.722500E+6,  2.731830E-4
9.728750E+6,  2.784431E-4
9.735000E+6,  2.837330E-4
9.741250E+6,  2.902895E-4
9.747500E+6,  2.795309E-4
9.753750E+6,  3.001541E-4
9.760000E+6,  2.934337E-4
9.766250E+6,  2.828985E-4
9.772500E+6,  2.724379E-4
9.778750E+6,  2.827793E-4
9.785000E+6,  2.651215E-4
9.791250E+6,  3.006905E-4
9.797500E+6,  2.939403E-4
9.803750E+6,  2.968609E-4
9.810000E+6,  2.865046E-4
9.816250E+6,  2.883971E-4
9.822500E+6,  2.906919E-4
9.828750E+6,  3.111809E-4
9.835000E+6,  2.988577E-4
9.841250E+6,  3.083497E-4
9.847500E+6,  2.652854E-4
9.853750E+6,  3.047884E-4
9.860000E+6,  2.887100E-4
9.866250E+6,  3.049374E-4
9.872500E+6,  2.663136E-4
9.878750E+6,  3.089756E-4
9.885000E+6,  2.938211E-4
9.891250E+6,  2.977252E-4
9.897500E+6,  2.900660E-4
9.903750E+6,  2.830923E-4
9.910000E+6,  3.119707E-4
9.916250E+6,  3.044456E-4
9.922500E+6,  2.909601E-4
9.928750E+6,  3.048778E-4
9.935000E+6,  3.099889E-4
9.941250E+6,  3.049970E-4
9.947500E+6,  3.117174E-4
9.953750E+6,  3.231019E-4
9.960000E+6,  2.941936E-4
9.966250E+6,  2.843291E-4
9.972500E+6,  3.085583E-4
9.978750E+6,  3.257841E-4
9.985000E+6,  3.043115E-4
9.991250E+6,  3.231466E-4
9.997500E+6,  3.221184E-4
1.000375E+7,  3.474355E-4
1.001000E+7,  3.293604E-4
1.001625E+7,  3.116280E-4
1.002250E+7,  3.221929E-4
1.002875E+7,  3.262907E-4
1.003500E+7,  3.116429E-4
1.004125E+7,  3.258586E-4
1.004750E+7,  3.298223E-4
1.005375E+7,  3.436506E-4
1.006000E+7,  3.190786E-4
1.006625E+7,  3.401637E-4
1.007250E+7,  3.115833E-4
1.007875E+7,  3.258437E-4
1.008500E+7,  3.511608E-4
1.009125E+7,  3.478676E-4
1.009750E+7,  3.152788E-4
1.010375E+7,  3.258288E-4
1.011000E+7,  3.296137E-4
1.011625E+7,  3.246665E-4
1.012250E+7,  3.228784E-4
1.012875E+7,  3.402680E-4
1.013500E+7,  3.367662E-4
1.014125E+7,  3.437847E-4
1.014750E+7,  3.330261E-4
1.015375E+7,  3.302842E-4
1.016000E+7,  3.337562E-4
1.016625E+7,  3.473163E-4
1.017250E+7,  3.404617E-4
1.017875E+7,  3.546029E-4
1.018500E+7,  3.259033E-4
1.019125E+7,  3.475994E-4
1.019750E+7,  3.543943E-4
1.020375E+7,  3.407896E-4
1.021000E+7,  3.415197E-4
1.021625E+7,  3.509521E-4
1.022250E+7,  3.543496E-4
1.022875E+7,  3.688484E-4
1.023500E+7,  3.548563E-4
1.024125E+7,  3.622919E-4
1.024750E+7,  3.687888E-4
1.025375E+7,  3.729165E-4
1.026000E+7,  3.692508E-4
1.026625E+7,  3.623068E-4
1.027250E+7,  3.764778E-4
1.027875E+7,  3.582835E-4
1.028500E+7,  3.767759E-4
1.029125E+7,  3.830343E-4
1.029750E+7,  3.589392E-4
1.030375E+7,  3.692657E-4
1.031000E+7,  3.901124E-4
1.031625E+7,  3.728271E-4
1.032250E+7,  3.780276E-4
1.032875E+7,  3.741235E-4
1.033500E+7,  3.732592E-4
1.034125E+7,  3.906637E-4
1.034750E+7,  3.938526E-4
1.035375E+7,  3.732741E-4
1.036000E+7,  3.837198E-4
1.036625E+7,  4.132688E-4
1.037250E+7,  4.093349E-4
1.037875E+7,  3.944337E-4
1.038500E+7,  3.835708E-4
1.039125E+7,  3.821552E-4
1.039750E+7,  4.064888E-4
1.040375E+7,  3.978908E-4
1.041000E+7,  3.915429E-4
1.041625E+7,  4.157126E-4
1.042250E+7,  3.923774E-4
1.042875E+7,  3.992021E-4
1.043500E+7,  4.026741E-4
1.044125E+7,  3.990531E-4
1.044750E+7,  4.002005E-4
1.045375E+7,  4.237443E-4
1.046000E+7,  4.109144E-4
1.046625E+7,  4.202574E-4
1.047250E+7,  4.052967E-4
1.047875E+7,  4.095733E-4
1.048500E+7,  4.107803E-4
1.049125E+7,  4.018545E-4
1.049750E+7,  4.275739E-4
1.050375E+7,  4.161149E-4
1.051000E+7,  4.211813E-4
1.051625E+7,  4.198849E-4
1.052250E+7,  4.139543E-4
1.052875E+7,  4.183948E-4
1.053500E+7,  4.216135E-4
1.054125E+7,  4.331768E-4
1.054750E+7,  4.480183E-4
1.055375E+7,  4.378557E-4
1.056000E+7,  4.200935E-4
1.056625E+7,  4.323870E-4
1.057250E+7,  4.295856E-4
1.057875E+7,  4.354715E-4
1.058500E+7,  4.232824E-4
1.059125E+7,  4.530400E-4
1.059750E+7,  4.322678E-4
1.060375E+7,  4.504025E-4
1.061000E+7,  4.395843E-4
1.061625E+7,  4.655123E-4
1.062250E+7,  4.488081E-4
1.062875E+7,  4.498661E-4
1.063500E+7,  4.376173E-4
1.064125E+7,  4.688948E-4
1.064750E+7,  4.586875E-4
1.065375E+7,  4.755855E-4
1.066000E+7,  4.539043E-4
1.066625E+7,  4.686117E-4
1.067250E+7,  4.606694E-4
1.067875E+7,  4.576445E-4
1.068500E+7,  4.734993E-4
1.069125E+7,  4.728585E-4
1.069750E+7,  4.579127E-4
1.070375E+7,  4.732758E-4
1.071000E+7,  4.780442E-4
1.071625E+7,  4.787147E-4
1.072250E+7,  4.846901E-4
1.072875E+7,  4.918873E-4
1.073500E+7,  4.828572E-4
1.074125E+7,  5.105138E-4
1.074750E+7,  4.805923E-4
1.075375E+7,  4.950464E-4
1.076000E+7,  4.959106E-4
1.076625E+7,  4.988313E-4
1.077250E+7,  4.981160E-4
1.077875E+7,  5.232394E-4
1.078500E+7,  5.021095E-4
1.079125E+7,  5.043149E-4
1.079750E+7,  5.048513E-4
1.080375E+7,  5.220771E-4
1.081000E+7,  4.968345E-4
1.081625E+7,  5.117357E-4
1.082250E+7,  5.019009E-4
1.082875E+7,  5.178154E-4
1.083500E+7,  5.119741E-4
1.084125E+7,  5.282760E-4
1.084750E+7,  5.388558E-4
1.085375E+7,  5.195737E-4
1.086000E+7,  5.122125E-4
1.086625E+7,  5.446374E-4
1.087250E+7,  5.318522E-4
1.087875E+7,  5.446970E-4
1.088500E+7,  5.378425E-4
1.089125E+7,  5.474389E-4
1.089750E+7,  5.366802E-4
1.090375E+7,  5.536377E-4
1.091000E+7,  5.423129E-4
1.091625E+7,  5.521178E-4
1.092250E+7,  5.427301E-4
1.092875E+7,  5.486012E-4
1.093500E+7,  5.559623E-4
1.094125E+7,  5.420148E-4
1.094750E+7,  5.524755E-4
1.095375E+7,  5.689859E-4
1.096000E+7,  5.705655E-4
1.096625E+7,  5.739629E-4
1.097250E+7,  5.909801E-4
1.097875E+7,  5.691350E-4
1.098500E+7,  5.701184E-4
1.099125E+7,  5.936027E-4
1.099750E+7,  5.635917E-4
1.100375E+7,  5.778372E-4
1.101000E+7,  5.716085E-4
1.101625E+7,  6.005168E-4
1.102250E+7,  5.962253E-4
1.102875E+7,  5.860925E-4
1.103500E+7,  5.974770E-4
1.104125E+7,  6.052852E-4
1.104750E+7,  6.005168E-4
1.105375E+7,  5.960166E-4
1.106000E+7,  6.020665E-4
1.106625E+7,  6.067157E-4
1.107250E+7,  6.222427E-4
1.107875E+7,  6.349683E-4
1.108500E+7,  6.436706E-4
1.109125E+7,  6.129742E-4
1.109750E+7,  6.294250E-4
1.110375E+7,  6.296337E-4
1.111000E+7,  6.238222E-4
1.111625E+7,  6.245971E-4
1.112250E+7,  6.563067E-4
1.112875E+7,  6.207824E-4
1.113500E+7,  6.381571E-4
1.114125E+7,  6.385744E-4
1.114750E+7,  6.487370E-4
1.115375E+7,  6.610751E-4
1.116000E+7,  6.635189E-4
1.116625E+7,  6.696880E-4
1.117250E+7,  6.711483E-4
1.117875E+7,  6.800890E-4
1.118500E+7,  6.809831E-4
1.119125E+7,  7.072091E-4
1.119750E+7,  6.718338E-4
1.120375E+7,  6.836057E-4
1.121000E+7,  7.225275E-4
1.121625E+7,  7.476807E-4
1.122250E+7,  7.642210E-4
1.122875E+7,  8.422136E-4
1.123500E+7,  8.966625E-4
1.124125E+7,  8.926094E-4
1.124750E+7,  8.895695E-4
1.125375E+7,  8.732080E-4
1.126000E+7,  8.757710E-4
1.126625E+7,  8.297563E-4
1.127250E+7,  9.405613E-4
1.127875E+7,  8.707941E-4
1.128500E+7,  8.904338E-4
1.129125E+7,  8.409023E-4
1.129750E+7,  7.753670E-4
1.130375E+7,  8.414388E-4
1.131000E+7,  8.538067E-4
1.131625E+7,  8.566976E-4
1.132250E+7,  9.094477E-4
1.132875E+7,  8.851886E-4
1.133500E+7,  9.059608E-4
1.134125E+7,  8.572340E-4
1.134750E+7,  8.571148E-4
1.135375E+7,  8.702278E-4
1.136000E+7,  8.423328E-4
1.136625E+7,  8.783638E-4
1.137250E+7,  8.902550E-4
1.137875E+7,  9.129941E-4
1.138500E+7,  9.058714E-4
1.139125E+7,  8.977652E-4
1.139750E+7,  8.863509E-4
1.140375E+7,  8.842945E-4
1.141000E+7,  8.606017E-4
1.141625E+7,  8.706748E-4
1.142250E+7,  8.889735E-4
1.142875E+7,  9.344816E-4
1.143500E+7,  9.193122E-4
1.144125E+7,  9.159744E-4
1.144750E+7,  1.002967E-3
1.145375E+7,  1.001060E-3
1.146000E+7,  9.787083E-4
1.146625E+7,  1.058578E-3
1.147250E+7,  1.023114E-3
1.147875E+7,  9.856224E-4
1.148500E+7,  9.963512E-4
1.149125E+7,  1.082540E-3
1.149750E+7,  1.152873E-3
1.150375E+7,  1.100719E-3
1.151000E+7,  1.131237E-3
1.151625E+7,  1.119435E-3
1.152250E+7,  1.112044E-3
1.152875E+7,  1.069665E-3
1.153500E+7,  1.014113E-3
1.154125E+7,  1.130402E-3
1.154750E+7,  1.184642E-3
1.155375E+7,  1.118660E-3
1.156000E+7,  1.299381E-3
1.156625E+7,  1.298368E-3
1.157250E+7,  1.299262E-3
1.157875E+7,  1.297772E-3
1.158500E+7,  1.445889E-3
1.159125E+7,  1.277089E-3
1.159750E+7,  1.258075E-3
1.160375E+7,  1.384556E-3
1.161000E+7,  1.336217E-3
1.161625E+7,  1.475036E-3
1.162250E+7,  1.566470E-3
1.162875E+7,  1.801014E-3
1.163500E+7,  1.957059E-3
1.164125E+7,  2.137661E-3
1.164750E+7,  2.378464E-3
1.165375E+7,  2.309203E-3
1.166000E+7,  2.248764E-3
1.166625E+7,  2.490520E-3
1.167250E+7,  2.352595E-3
1.167875E+7,  2.424359E-3
1.168500E+7,  2.425194E-3
1.169125E+7,  2.405047E-3
1.169750E+7,  2.432585E-3
1.170375E+7,  2.468586E-3
1.171000E+7,  2.497554E-3
1.171625E+7,  2.533913E-3
1.172250E+7,  2.511621E-3
1.172875E+7,  2.532959E-3
1.173500E+7,  2.595067E-3
1.174125E+7,  2.552271E-3
1.174750E+7,  2.598524E-3
1.175375E+7,  2.640843E-3
1.176000E+7,  2.633810E-3
1.176625E+7,  2.676368E-3
1.177250E+7,  2.678156E-3
1.177875E+7,  2.699852E-3
1.178500E+7,  2.720594E-3
1.179125E+7,  2.747655E-3
1.179750E+7,  2.804279E-3
1.180375E+7,  2.757430E-3
1.181000E+7,  2.727151E-3
1.181625E+7,  2.710462E-3
1.182250E+7,  2.867222E-3
1.182875E+7,  2.879739E-3
1.183500E+7,  2.906561E-3
1.184125E+7,  2.956867E-3
1.184750E+7,  2.989054E-3
1.185375E+7,  3.027678E-3
1.186000E+7,  3.008723E-3
1.186625E+7,  3.039837E-3
1.187250E+7,  3.064752E-3
1.187875E+7,  3.083348E-3
1.188500E+7,  3.141403E-3
1.189125E+7,  3.125668E-3
1.189750E+7,  3.163934E-3
1.190375E+7,  3.192425E-3
1.191000E+7,  3.226638E-3
1.191625E+7,  3.301978E-3
1.192250E+7,  3.249884E-3
1.192875E+7,  3.293633E-3
1.193500E+7,  3.329039E-3
1.194125E+7,  3.374338E-3
1.194750E+7,  3.394723E-3
1.195375E+7,  3.420115E-3
1.196000E+7,  3.435016E-3
1.196625E+7,  3.449798E-3
1.197250E+7,  3.541112E-3
1.197875E+7,  3.559470E-3
1.198500E+7,  3.542066E-3
1.199125E+7,  3.598571E-3
1.199750E+7,  3.540754E-3
1.200375E+7,  3.688097E-3
1.201000E+7,  3.693104E-3
1.201625E+7,  3.752112E-3
1.202250E+7,  3.685236E-3
1.202875E+7,  3.742337E-3
1.203500E+7,  3.759861E-3
1.204125E+7,  3.752708E-3
1.204750E+7,  3.780842E-3
1.205375E+7,  3.922701E-3
1.206000E+7,  3.845334E-3
1.206625E+7,  3.982544E-3
1.207250E+7,  4.031181E-3
1.207875E+7,  3.994465E-3
1.208500E+7,  3.972769E-3
1.209125E+7,  3.986359E-3
1.209750E+7,  4.042149E-3
1.210375E+7,  4.080772E-3
1.211000E+7,  4.121304E-3
1.211625E+7,  4.148006E-3
1.212250E+7,  4.226208E-3
1.212875E+7,  4.218817E-3
1.213500E+7,  4.245996E-3
1.214125E+7,  4.305601E-3
1.214750E+7,  4.389524E-3
1.215375E+7,  4.394054E-3
1.216000E+7,  4.488468E-3
1.216625E+7,  4.505634E-3
1.217250E+7,  4.534960E-3
1.217875E+7,  4.576683E-3
1.218500E+7,  4.640102E-3
1.219125E+7,  4.680634E-3
1.219750E+7,  4.767179E-3
1.220375E+7,  4.838705E-3
1.221000E+7,  4.820585E-3
1.221625E+7,  4.959345E-3
1.222250E+7,  4.937410E-3
1.222875E+7,  4.988194E-3
1.223500E+7,  5.113602E-3
1.224125E+7,  5.110264E-3
1.224750E+7,  5.154848E-3
1.225375E+7,  5.224466E-3
1.226000E+7,  5.298853E-3
1.226625E+7,  5.374193E-3
1.227250E+7,  5.456924E-3
1.227875E+7,  5.538940E-3
1.228500E+7,  5.570412E-3
1.229125E+7,  5.592108E-3
1.229750E+7,  5.681038E-3
1.230375E+7,  5.770445E-3
1.231000E+7,  5.892754E-3
1.231625E+7,  5.920887E-3
1.232250E+7,  6.008625E-3
1.232875E+7,  6.053448E-3
1.233500E+7,  6.154776E-3
1.234125E+7,  6.261826E-3
1.234750E+7,  6.293774E-3
1.235375E+7,  6.405592E-3
1.236000E+7,  6.474972E-3
1.236625E+7,  6.567478E-3
1.237250E+7,  6.633282E-3
1.237875E+7,  6.732702E-3
1.238500E+7,  6.889343E-3
1.239125E+7,  6.972075E-3
1.239750E+7,  7.008791E-3
1.240375E+7,  7.106543E-3
1.241000E+7,  7.248163E-3
1.241625E+7,  7.320166E-3
1.242250E+7,  7.419109E-3
1.242875E+7,  7.554770E-3
1.243500E+7,  7.699013E-3
1.244125E+7,  7.830620E-3
1.244750E+7,  7.916451E-3
1.245375E+7,  8.016109E-3
1.246000E+7,  8.179188E-3
1.246625E+7,  8.316994E-3
1.247250E+7,  8.390903E-3
1.247875E+7,  8.578777E-3
1.248500E+7,  8.710861E-3
1.249125E+7,  8.828640E-3
1.249750E+7,  8.978367E-3
1.250375E+7,  9.144783E-3
1.251000E+7,  9.290218E-3
1.251625E+7,  9.418964E-3
1.252250E+7,  9.615421E-3
1.252875E+7,  9.801865E-3
1.253500E+7,  9.925365E-3
1.254125E+7,  1.006651E-2
1.254750E+7,  1.026917E-2
1.255375E+7,  1.042652E-2
1.256000E+7,  1.070070E-2
1.256625E+7,  1.081610E-2
1.257250E+7,  1.107693E-2
1.257875E+7,  1.127815E-2
1.258500E+7,  1.152086E-2
1.259125E+7,  1.169395E-2
1.259750E+7,  1.194668E-2
1.260375E+7,  1.216078E-2
1.261000E+7,  1.245117E-2
1.261625E+7,  1.279020E-2
1.262250E+7,  1.290369E-2
1.262875E+7,  1.346779E-2
1.263500E+7,  1.329088E-2
1.264125E+7,  1.376963E-2
1.264750E+7,  1.414347E-2
1.265375E+7,  1.436043E-2
1.266000E+7,  1.482868E-2
1.266625E+7,  1.497316E-2
1.267250E+7,  1.561451E-2
1.267875E+7,  1.608849E-2
1.268500E+7,  1.677227E-2
1.269125E+7,  1.710129E-2
1.269750E+7,  1.656151E-2
1.270375E+7,  1.651478E-2
1.271000E+7,  1.927757E-2
1.271625E+7,  1.807213E-2
1.272250E+7,  1.853943E-2
1.272875E+7,  1.900005E-2
1.273500E+7,  1.977444E-2
1.274125E+7,  2.022266E-2
1.274750E+7,  2.095890E-2
1.275375E+7,  2.115154E-2
1.276000E+7,  2.183628E-2
1.276625E+7,  2.227116E-2
1.277250E+7,  1.683044E-2
1.277875E+7,  2.169037E-2
1.278500E+7,  2.511597E-2
1.279125E+7,  2.652264E-2
1.279750E+7,  2.590752E-2
1.280375E+7,  2.510548E-2
1.281000E+7,  2.366161E-2
1.281625E+7,  3.037834E-2
1.282250E+7,  3.071022E-2
1.282875E+7,  3.089142E-2
1.283500E+7,  2.940750E-2
1.284125E+7,  3.530884E-2
1.284750E+7,  3.570175E-2
1.285375E+7,  3.772736E-2
1.286000E+7,  3.827286E-2
1.286625E+7,  4.086876E-2
1.287250E+7,  4.203987E-2
1.287875E+7,  4.254723E-2
1.288500E+7,  4.339981E-2
1.289125E+7,  4.813766E-2
1.289750E+7,  4.922867E-2
1.290375E+7,  4.997635E-2
1.291000E+7,  5.269432E-2
1.291625E+7,  5.752563E-2
1.292250E+7,  5.213928E-2
1.292875E+7,  5.940247E-2
1.293500E+7,  5.648232E-2
1.294125E+7,  6.106567E-2
1.294750E+7,  5.314827E-2
1.295375E+7,  4.107094E-2
1.296000E+7,  3.412628E-2
1.296625E+7,  3.409767E-2
1.297250E+7,  3.659630E-2
1.297875E+7,  3.861237E-2
1.298500E+7,  4.080582E-2
1.299125E+7,  4.352379E-2
1.299750E+7,  4.636574E-2
1.300375E+7,  4.977798E-2
1.301000E+7,  5.349541E-2
1.301625E+7,  5.722237E-2
1.302250E+7,  6.190109E-2
1.302875E+7,  6.645966E-2
1.303500E+7,  7.157898E-2
1.304125E+7,  7.668686E-2
1.304750E+7,  8.198547E-2
1.305375E+7,  8.671570E-2
1.306000E+7,  9.118271E-2
1.306625E+7,  9.488678E-2
1.307250E+7,  9.705353E-2
1.307875E+7,  9.840012E-2
1.308500E+7,  9.750748E-2
1.309125E+7,  9.593201E-2
1.309750E+7,  9.239197E-2
1.310375E+7,  8.877563E-2
1.311000E+7,  8.474350E-2
1.311625E+7,  8.080292E-2
1.312250E+7,  7.704163E-2
1.312875E+7,  7.345581E-2
1.313500E+7,  6.999207E-2
1.314125E+7,  6.651688E-2
1.314750E+7,  6.378174E-2
1.315375E+7,  6.185913E-2
1.316000E+7,  5.948257E-2
1.316625E+7,  5.719757E-2
1.317250E+7,  5.469513E-2
1.317875E+7,  5.304718E-2
1.318500E+7,  5.132294E-2
1.319125E+7,  5.007172E-2
1.319750E+7,  4.805565E-2
1.320375E+7,  4.677963E-2
1.321000E+7,  4.609680E-2
1.321625E+7,  4.438210E-2
1.322250E+7,  4.329681E-2
1.322875E+7,  4.271889E-2
1.323500E+7,  4.225731E-2
1.324125E+7,  4.199028E-2
1.324750E+7,  4.214096E-2
1.325375E+7,  4.227257E-2
1.326000E+7,  4.138756E-2
1.326625E+7,  4.104042E-2
1.327250E+7,  4.076004E-2
1.327875E+7,  4.078484E-2
1.328500E+7,  4.020309E-2
1.329125E+7,  4.057312E-2
1.329750E+7,  4.027176E-2
1.330375E+7,  3.977776E-2
1.331000E+7,  4.075623E-2
1.331625E+7,  4.068184E-2
1.332250E+7,  4.159355E-2
1.332875E+7,  4.037476E-2
1.333500E+7,  3.923988E-2
1.334125E+7,  3.880501E-2
1.334750E+7,  3.859711E-2
1.335375E+7,  3.939247E-2
1.336000E+7,  3.932953E-2
1.336625E+7,  3.903770E-2
1.337250E+7,  3.985977E-2
1.337875E+7,  3.973961E-2
1.338500E+7,  3.974342E-2
1.339125E+7,  4.070663E-2
1.339750E+7,  4.081535E-2
1.340375E+7,  4.093170E-2
1.341000E+7,  4.142761E-2
1.341625E+7,  4.245567E-2
1.342250E+7,  4.306030E-2
1.342875E+7,  4.419327E-2
1.343500E+7,  4.531288E-2
1.344125E+7,  4.584885E-2
1.344750E+7,  4.717445E-2
1.345375E+7,  4.839134E-2
1.346000E+7,  4.961014E-2
1.346625E+7,  5.137253E-2
1.347250E+7,  5.353355E-2
1.347875E+7,  5.500793E-2
1.348500E+7,  5.643845E-2
1.349125E+7,  5.845642E-2
1.349750E+7,  6.090736E-2
1.350375E+7,  6.391907E-2
1.351000E+7,  6.634140E-2
1.351625E+7,  6.897736E-2
1.352250E+7,  7.208252E-2
1.352875E+7,  7.537460E-2
1.353500E+7,  7.883453E-2
1.354125E+7,  8.212280E-2
1.354750E+7,  8.531952E-2
1.355375E+7,  8.811569E-2
1.356000E+7,  9.009171E-2
1.356625E+7,  9.114456E-2
1.357250E+7,  9.109497E-2
1.357875E+7,  9.017181E-2
1.358500E+7,  8.797455E-2
1.359125E+7,  8.470917E-2
1.359750E+7,  8.084106E-2
1.360375E+7,  7.638931E-2
1.361000E+7,  7.177734E-2
1.361625E+7,  6.722641E-2
1.362250E+7,  6.281281E-2
1.362875E+7,  5.876160E-2
1.363500E+7,  5.489922E-2
1.364125E+7,  5.137444E-2
1.364750E+7,  4.794121E-2
1.365375E+7,  4.498291E-2
1.366000E+7,  4.228401E-2
1.366625E+7,  3.984451E-2
1.367250E+7,  3.754807E-2
1.367875E+7,  3.545380E-2
1.368500E+7,  3.352928E-2
1.369125E+7,  3.170013E-2
1.369750E+7,  3.004837E-2
1.370375E+7,  2.855873E-2
1.371000E+7,  2.718067E-2
1.371625E+7,  2.594185E-2
1.372250E+7,  2.476883E-2
1.372875E+7,  2.368832E-2
1.373500E+7,  2.269840E-2
1.374125E+7,  2.173042E-2
1.374750E+7,  2.085114E-2
1.375375E+7,  2.005100E-2
1.376000E+7,  1.929569E-2
1.376625E+7,  1.858997E-2
1.377250E+7,  1.791382E-2
1.377875E+7,  1.730156E-2
1.378500E+7,  1.669407E-2
1.379125E+7,  1.612377E-2
1.379750E+7,  1.559782E-2
1.380375E+7,  1.507950E-2
1.381000E+7,  1.462460E-2
1.381625E+7,  1.417542E-2
1.382250E+7,  1.377916E-2
1.382875E+7,  1.336384E-2
1.383500E+7,  1.300764E-2
1.384125E+7,  1.261902E-2
1.384750E+7,  1.228809E-2
1.385375E+7,  1.195717E-2
1.386000E+7,  1.164722E-2
1.386625E+7,  1.135302E-2
1.387250E+7,  1.108360E-2
1.387875E+7,  1.080656E-2
1.388500E+7,  1.052952E-2
1.389125E+7,  1.030731E-2
1.389750E+7,  1.004267E-2
1.390375E+7,  9.810448E-3
1.391000E+7,  9.582520E-3
1.391625E+7,  9.403706E-3
1.392250E+7,  9.214401E-3
1.392875E+7,  9.016037E-3
1.393500E+7,  8.820534E-3
1.394125E+7,  8.656025E-3
1.394750E+7,  8.471966E-3
1.395375E+7,  8.300304E-3
1.396000E+7,  8.144855E-3
1.396625E+7,  7.992744E-3
1.397250E+7,  7.853985E-3
1.397875E+7,  7.716656E-3
1.398500E+7,  7.601976E-3
1.399125E+7,  7.478476E-3
1.399750E+7,  7.312059E-3
1.400375E+7,  7.203102E-3
1.401000E+7,  7.142067E-3
1.401625E+7,  6.995678E-3
1.402250E+7,  6.888151E-3
1.402875E+7,  6.783009E-3
1.403500E+7,  6.696701E-3
1.404125E+7,  6.594658E-3
1.404750E+7,  6.508112E-3
1.405375E+7,  6.417513E-3
1.406000E+7,  6.302834E-3
1.406625E+7,  6.242752E-3
1.407250E+7,  6.170511E-3
1.407875E+7,  6.081581E-3
1.408500E+7,  6.037474E-3
1.409125E+7,  5.978584E-3
1.409750E+7,  5.894423E-3
1.410375E+7,  5.844593E-3
1.411000E+7,  5.768299E-3
1.411625E+7,  5.711317E-3
1.412250E+7,  5.648136E-3
1.412875E+7,  5.597353E-3
1.413500E+7,  5.548716E-3
1.414125E+7,  5.492926E-3
1.414750E+7,  5.459547E-3
1.415375E+7,  5.428076E-3
1.416000E+7,  5.384207E-3
1.416625E+7,  5.331993E-3
1.417250E+7,  5.290270E-3
1.417875E+7,  5.272150E-3
1.418500E+7,  5.204439E-3
1.419125E+7,  5.214691E-3
1.419750E+7,  5.173206E-3
1.420375E+7,  5.153656E-3
1.421000E+7,  5.120277E-3
1.421625E+7,  5.108118E-3
1.422250E+7,  5.080223E-3
1.422875E+7,  5.061626E-3
1.423500E+7,  5.112648E-3
1.424125E+7,  5.057573E-3
1.424750E+7,  5.058289E-3
1.425375E+7,  5.027056E-3
1.426000E+7,  5.037069E-3
1.426625E+7,  5.046844E-3
1.427250E+7,  5.046844E-3
1.427875E+7,  5.065203E-3
1.428500E+7,  5.077600E-3
1.429125E+7,  5.089521E-3
1.429750E+7,  5.091667E-3
1.430375E+7,  5.118608E-3
1.431000E+7,  5.142927E-3
1.431625E+7,  5.177975E-3
1.432250E+7,  5.203247E-3
1.432875E+7,  5.223989E-3
1.433500E+7,  5.292416E-3
1.434125E+7,  5.308390E-3
1.434750E+7,  5.355835E-3
1.435375E+7,  5.444288E-3
1.436000E+7,  5.470991E-3
1.436625E+7,  5.561113E-3
1.437250E+7,  5.656719E-3
1.437875E+7,  5.729914E-3
1.438500E+7,  5.820513E-3
1.439125E+7,  5.953074E-3
1.439750E+7,  6.025791E-3
1.440375E+7,  6.166220E-3
1.441000E+7,  6.314754E-3
1.441625E+7,  6.469965E-3
1.442250E+7,  6.647825E-3
1.442875E+7,  6.874800E-3
1.443500E+7,  7.082224E-3
1.444125E+7,  7.325411E-3
1.444750E+7,  7.587194E-3
1.445375E+7,  7.890701E-3
1.446000E+7,  8.242130E-3
1.446625E+7,  8.657932E-3
1.447250E+7,  9.119987E-3
1.447875E+7,  9.652138E-3
1.448500E+7,  1.026058E-2
1.449125E+7,  1.100922E-2
1.449750E+7,  1.185799E-2
1.450375E+7,  1.283550E-2
1.451000E+7,  1.400137E-2
1.451625E+7,  1.536369E-2
1.452250E+7,  1.684093E-2
1.452875E+7,  1.839066E-2
1.453500E+7,  1.974297E-2
1.454125E+7,  2.061939E-2
1.454750E+7,  2.052402E-2
1.455375E+7,  1.950550E-2
1.456000E+7,  1.770592E-2
1.456625E+7,  1.574039E-2
1.457250E+7,  1.381397E-2
1.457875E+7,  1.209259E-2
1.458500E+7,  1.061487E-2
1.459125E+7,  9.416580E-3
1.459750E+7,  8.321762E-3
1.460375E+7,  7.495880E-3
1.461000E+7,  6.691933E-3
1.461625E+7,  6.107092E-3
1.462250E+7,  5.532980E-3
1.462875E+7,  5.068779E-3
1.463500E+7,  4.641294E-3
1.464125E+7,  4.286051E-3
1.464750E+7,  3.978968E-3
1.465375E+7,  3.685951E-3
1.466000E+7,  3.432989E-3
1.466625E+7,  3.188014E-3
1.467250E+7,  2.984881E-3
1.467875E+7,  2.783656E-3
1.468500E+7,  2.617836E-3
1.469125E+7,  2.478600E-3
1.469750E+7,  2.319217E-3
1.470375E+7,  2.189875E-3
1.471000E+7,  2.085209E-3
1.471625E+7,  1.952767E-3
1.472250E+7,  1.840949E-3
1.472875E+7,  1.772285E-3
1.473500E+7,  1.671135E-3
1.474125E+7,  1.591384E-3
1.474750E+7,  1.490057E-3
1.475375E+7,  1.440704E-3
1.476000E+7,  1.350164E-3
1.476625E+7,  1.293123E-3
1.477250E+7,  1.214564E-3
1.477875E+7,  1.206160E-3
1.478500E+7,  1.118064E-3
1.479125E+7,  1.090288E-3
1.479750E+7,  1.031935E-3
1.480375E+7,  9.882450E-4
1.481000E+7,  9.239614E-4
1.481625E+7,  8.880496E-4
1.482250E+7,  8.739829E-4
1.482875E+7,  8.381307E-4
1.483500E+7,  8.098185E-4
1.484125E+7,  7.579029E-4
1.484750E+7,  7.283986E-4
1.485375E+7,  7.224977E-4
1.486000E+7,  6.999969E-4
1.486625E+7,  6.711781E-4
1.487250E+7,  6.203949E-4
1.487875E+7,  6.072223E-4
1.488500E+7,  5.763471E-4
1.489125E+7,  5.689263E-4
1.489750E+7,  5.548298E-4
1.490375E+7,  5.188584E-4
1.491000E+7,  5.131662E-4
1.491625E+7,  4.903078E-4
1.492250E+7,  4.754364E-4
1.492875E+7,  4.607588E-4
1.493500E+7,  4.243851E-4
1.494125E+7,  4.318804E-4
1.494750E+7,  3.963113E-4
1.495375E+7,  4.189163E-4
1.496000E+7,  3.517866E-4
1.496625E+7,  3.814101E-4
1.497250E+7,  3.525615E-4
1.497875E+7,  3.452301E-4
1.498500E+7,  3.312081E-4
1.499125E+7,  3.305823E-4
1.499750E+7,  3.099591E-4
1.500375E+7,  3.161728E-4
1.501000E+7,  2.871752E-4
1.501625E+7,  2.886802E-4
1.502250E+7,  2.755225E-4
1.502875E+7,  2.803355E-4
1.503500E+7,  2.613813E-4
1.504125E+7,  2.443939E-4
1.504750E+7,  2.589971E-4
1.505375E+7,  2.308413E-4
1.506000E+7,  2.386943E-4
1.506625E+7,  2.067015E-4
1.507250E+7,  2.096966E-4
1.507875E+7,  2.073571E-4
1.508500E+7,  1.922995E-4
1.509125E+7,  1.999512E-4
1.509750E+7,  1.708642E-4
1.510375E+7,  1.800731E-4
1.511000E+7,  1.706704E-4
1.511625E+7,  1.780242E-4
1.512250E+7,  1.622513E-4
1.512875E+7,  1.508296E-4
1.513500E+7,  1.473203E-4
1.514125E+7,  1.374781E-4
1.514750E+7,  1.553446E-4
1.515375E+7,  1.257136E-4
1.516000E+7,  1.258552E-4
1.516625E+7,  1.480430E-4
1.517250E+7,  1.129135E-4
1.517875E+7,  9.045750E-5
1.518500E+7,  9.609759E-5
1.519125E+7,  1.034476E-4
1.519750E+7,  8.988380E-5
1.520375E+7,  1.059547E-4
1.521000E+7,  1.113601E-4
1.521625E+7,  1.045801E-4
1.522250E+7,  9.884313E-5
1.522875E+7,  8.431822E-5
1.523500E+7,  8.986890E-5
1.524125E+7,  7.465854E-5
1.524750E+7,  7.495284E-5
1.525375E+7,  8.545816E-5
1.526000E+7,  6.106123E-5
1.526625E+7,  9.080395E-5
1.527250E+7,  7.588044E-5
1.527875E+7,  8.406490E-5
1.528500E+7,  6.894767E-5
1.529125E+7,  9.271875E-5
1.529750E+7,  7.070974E-5
1.530375E+7,  7.696822E-5
1.531000E+7,  6.943196E-5
1.531625E+7,  4.839525E-5
1.532250E+7,  5.454198E-5
1.532875E+7,  6.191805E-5
1.533500E+7,  6.212667E-5
1.534125E+7,  5.632080E-5
1.534750E+7,  4.981458E-5
1.535375E+7,  6.035715E-5
1.536000E+7,  4.476681E-5
1.536625E+7,  4.482456E-5
1.537250E+7,  5.128421E-5
1.537875E+7,  3.376417E-5
1.538500E+7,  5.121157E-5
1.539125E+7,  5.160831E-5
1.539750E+7,  4.344061E-5
1.540375E+7,  2.660975E-5
1.541000E+7,  3.157184E-5
1.541625E+7,  3.247894E-5
1.542250E+7,  4.312396E-5
1.542875E+7,  1.666695E-5
1.543500E+7,  1.573004E-5
1.544125E+7,  3.643148E-5
1.544750E+7,  2.716854E-5
1.545375E+7,  2.172496E-5
1.546000E+7,  9.906944E-6
1.546625E+7,  4.519336E-5
1.547250E+7,  1.744274E-5
1.547875E+7,  3.352761E-5
1.548500E+7,  1.829956E-5
1.549125E+7,  3.486127E-5
1.549750E+7,  3.773905E-5
1.550375E+7,  4.055351E-5
1.551000E+7,  3.014319E-5
1.551625E+7,  2.925191E-5
1.552250E+7,  1.171045E-5
1.552875E+7,  1.521781E-5
1.553500E+7,  4.120171E-5
1.554125E+7,  1.792517E-5
1.554750E+7,  1.123874E-5
1.555375E+7,  2.686027E-5
1.556000E+7,  5.105743E-6
1.556625E+7,  3.041886E-5
1.557250E+7,  4.835660E-6
1.557875E+7,  1.284480E-5
1.558500E+7,  4.082220E-6
1.559125E+7,  4.080590E-6
1.559750E+7,  3.462285E-5
1.560375E+7,  8.037314E-6
1.561000E+7,  8.099712E-6
1.561625E+7,  4.106201E-6
1.562250E+7,  9.016600E-6
1.562875E+7,  1.831353E-5
1.563500E+7,  3.750063E-5
1.564125E+7,  1.742225E-5
1.564750E+7,  1.387158E-5
1.565375E+7,  3.865222E-6
1.566000E+7,  1.082616E-5
1.566625E+7,  1.158053E-5
1.567250E+7,  1.388090E-5
1.567875E+7,  2.421066E-5
1.568500E+7,  1.530815E-5
1.569125E+7,  1.081778E-5
1.569750E+7,  8.541625E-6
1.570375E+7,  1.705345E-5
1.571000E+7,  8.480623E-6
1.571625E+7,  2.307724E-5
1.572250E+7,  1.371605E-5
1.572875E+7,  7.604947E-6
1.573500E+7,  2.398994E-5
1.574125E+7,  1.692213E-5
1.574750E+7,  1.366343E-5
1.575375E+7,  3.787456E-6
1.576000E+7,  1.891330E-5
1.576625E+7,  1.698732E-5
1.577250E+7,  7.584691E-6
1.577875E+7,  2.760720E-5
1.578500E+7,  1.137704E-5
1.579125E+7,  1.072790E-5
1.579750E+7,  7.576076E-6
1.580375E+7,  2.955273E-5
1.581000E+7,  3.022049E-5
1.581625E+7,  1.685321E-5
1.582250E+7,  3.198534E-5
1.582875E+7,  1.683645E-5
1.583500E+7,  1.685228E-5
1.584125E+7,  7.541152E-6
1.584750E+7,  7.545343E-6
1.585375E+7,  1.552887E-5
1.586000E+7,  1.682155E-5
1.586625E+7,  7.526251E-6
1.587250E+7,  7.519964E-6
1.587875E+7,  7.525552E-6
1.588500E+7,  8.407515E-6
1.589125E+7,  1.504226E-5
1.589750E+7,  1.125876E-5
1.590375E+7,  1.677964E-5
1.591000E+7,  7.514376E-6
1.591625E+7,  1.061708E-5
1.592250E+7,  2.120528E-5
1.592875E+7,  1.124525E-5
1.593500E+7,  1.875404E-5
1.594125E+7,  8.370727E-6
1.594750E+7,  2.366956E-5
1.595375E+7,  1.349254E-5
1.596000E+7,  1.122523E-5
1.596625E+7,  1.543388E-5
1.597250E+7,  2.017338E-5
1.597875E+7,  8.376781E-6
1.598500E+7,  2.368167E-5
1.599125E+7,  2.015568E-5
1.599750E+7,  8.369330E-6
1.600375E+7,  4.595146E-5
1.601000E+7,  3.491528E-5
1.601625E+7,  1.053102E-4
1.602250E+7,  1.053624E-4
1.602875E+7,  6.181002E-5
1.603500E+7,  3.777258E-5
1.604125E+7,  8.055940E-5
1.604750E+7,  6.079488E-5
1.605375E+7,  1.877248E-4
1.606000E+7,  7.439777E-5
1.606625E+7,  7.656589E-5
1.607250E+7,  1.053065E-4
1.607875E+7,  6.162748E-5
1.608500E+7,  3.093295E-5
1.609125E+7,  5.079620E-5
1.609750E+7,  4.904903E-5
1.610375E+7,  7.976219E-5
1.611000E+7,  6.373227E-5
1.611625E+7,  1.321733E-4
1.612250E+7,  3.852323E-5
1.612875E+7,  4.456006E-5
1.613500E+7,  1.147902E-5
1.614125E+7,  6.451830E-5
1.614750E+7,  6.319582E-5
1.615375E+7,  3.443286E-5
1.616000E+7,  1.721736E-5
1.616625E+7,  4.140101E-5
1.617250E+7,  8.969009E-5
1.617875E+7,  5.719438E-5
1.618500E+7,  1.148274E-5
1.619125E+7,  4.380755E-5
1.619750E+7,  2.930686E-5
1.620375E+7,  3.552251E-5
1.621000E+7,  1.003556E-4
1.621625E+7,  4.385598E-5
1.622250E+7,  6.899610E-5
1.622875E+7,  5.294755E-5
1.623500E+7,  2.315454E-5
1.624125E+7,  3.733672E-5
1.624750E+7,  4.110858E-5
1.625375E+7,  1.120716E-4
1.626000E+7,  8.732826E-5
1.626625E+7,  2.243649E-5
1.627250E+7,  7.840991E-5
1.627875E+7,  1.207627E-4
1.628500E+7,  3.631972E-5
1.629125E+7,  4.487112E-5
1.629750E+7,  2.316106E-5
1.630375E+7,  6.705895E-5
1.631000E+7,  5.181879E-5
1.631625E+7,  6.270409E-5
1.632250E+7,  1.310334E-4
1.632875E+7,  1.035072E-5
1.633500E+7,  9.071082E-5
1.634125E+7,  9.201467E-5
1.634750E+7,  6.054901E-5
1.635375E+7,  1.029372E-4
1.636000E+7,  2.568867E-5
1.636625E+7,  4.309602E-5
1.637250E+7,  1.005679E-4
1.637875E+7,  1.788363E-4
1.638500E+7,  5.238689E-5
1.639125E+7,  5.247071E-5
1.639750E+7,  1.324937E-4
1.640375E+7,  7.563084E-5
1.641000E+7,  9.413064E-5
1.641625E+7,  7.606298E-5
1.642250E+7,  8.006766E-5
1.642875E+7,  1.625251E-5
1.643500E+7,  4.678778E-5
1.644125E+7,  5.868264E-5
1.644750E+7,  5.784072E-5
1.645375E+7,  5.298853E-5
1.646000E+7,  3.213063E-5
1.646625E+7,  3.868155E-5
1.647250E+7,  3.462471E-5
1.647875E+7,  2.933107E-5
1.648500E+7,  7.275492E-5
1.649125E+7,  4.066154E-5
1.649750E+7,  5.988777E-5
1.650375E+7,  2.652220E-5
1.651000E+7,  9.820983E-5
1.651625E+7,  7.794052E-5
1.652250E+7,  1.164675E-4
1.652875E+7,  4.152022E-5
1.653500E+7,  6.746128E-5
1.654125E+7,  2.075359E-5
1.654750E+7,  3.918074E-5
1.655375E+7,  4.154257E-5
1.656000E+7,  8.140691E-6
1.656625E+7,  3.257766E-5
1.657250E+7,  9.106845E-5
1.657875E+7,  1.187297E-5
1.658500E+7,  1.112968E-4
1.659125E+7,  5.763397E-5
1.659750E+7,  9.849295E-5
1.660375E+7,  5.499832E-5
1.661000E+7,  7.291883E-5
1.661625E+7,  2.936833E-5
1.662250E+7,  2.304092E-5
1.662875E+7,  2.937019E-5
1.663500E+7,  6.322190E-5
1.664125E+7,  1.044683E-4
1.664750E+7,  9.669736E-5
1.665375E+7,  3.275871E-4
1.666000E+7,  2.681166E-4
1.666625E+7,  1.345500E-4
1.667250E+7,  8.898601E-5
1.667875E+7,  4.690699E-5
1.668500E+7,  8.572266E-5
1.669125E+7,  2.880860E-5
1.669750E+7,  1.245141E-4
1.670375E+7,  7.637218E-5
1.671000E+7,  5.103275E-5
1.671625E+7,  1.154421E-5
1.672250E+7,  1.934823E-5
1.672875E+7,  3.654137E-5
1.673500E+7,  9.929389E-5
1.674125E+7,  9.232014E-5
1.674750E+7,  3.014226E-5
1.675375E+7,  9.886175E-5
1.676000E+7,  6.981939E-5
1.676625E+7,  1.194105E-4
1.677250E+7,  3.070384E-5
1.677875E+7,  7.527694E-5
1.678500E+7,  2.329424E-5
1.679125E+7,  5.843118E-5
1.679750E+7,  4.842132E-5
1.680375E+7,  8.333474E-5
1.681000E+7,  2.722628E-5
1.681625E+7,  9.028614E-5
1.682250E+7,  6.461050E-6
1.682875E+7,  8.404627E-5
1.683500E+7,  5.046092E-5
1.684125E+7,  8.669868E-5
1.684750E+7,  3.370456E-5
1.685375E+7,  3.479235E-5
1.686000E+7,  1.938567E-4
1.686625E+7,  6.093271E-5
1.687250E+7,  4.633516E-5
1.687875E+7,  1.042262E-4
1.688500E+7,  3.072433E-5
1.689125E+7,  1.634005E-5
1.689750E+7,  3.759563E-5
1.690375E+7,  2.907310E-5
1.691000E+7,  8.511171E-5
1.691625E+7,  3.757142E-5
1.692250E+7,  6.420165E-5
1.692875E+7,  1.044236E-4
1.693500E+7,  3.533065E-5
1.694125E+7,  9.411946E-5
1.694750E+7,  4.851632E-5
1.695375E+7,  1.230538E-4
1.696000E+7,  4.521012E-5
1.696625E+7,  7.899478E-5
1.697250E+7,  1.100190E-4
1.697875E+7,  1.114346E-4
1.698500E+7,  2.009869E-4
1.699125E+7,  2.952665E-5
1.699750E+7,  2.896599E-5
1.700375E+7,  6.077997E-5
1.701000E+7,  1.100488E-4
1.701625E+7,  1.311079E-4
1.702250E+7,  7.426366E-5
1.702875E+7,  2.370849E-4
1.703500E+7,  6.051362E-5
1.704125E+7,  6.912276E-5
1.704750E+7,  9.891763E-5
1.705375E+7,  4.953519E-5
1.706000E+7,  6.435439E-5
1.706625E+7,  1.009144E-4
1.707250E+7,  9.653345E-5
1.707875E+7,  9.345636E-5
1.708500E+7,  2.957787E-5
1.709125E+7,  9.583682E-5
1.709750E+7,  2.594199E-5
1.710375E+7,  7.377937E-5
1.711000E+7,  5.420484E-5
1.711625E+7,  2.857018E-5
1.712250E+7,  1.067147E-4
1.712875E+7,  4.504435E-5
1.713500E+7,  5.800743E-6
1.714125E+7,  9.297580E-5
1.714750E+7,  5.130097E-5
1.715375E+7,  3.493764E-5
1.716000E+7,  6.207079E-5
1.716625E+7,  8.712336E-5
1.717250E+7,  2.338644E-5
1.717875E+7,  9.176135E-5
1.718500E+7,  9.281933E-5
1.719125E+7,  1.169592E-4
1.719750E+7,  3.640167E-5
1.720375E+7,  9.367988E-5
1.721000E+7,  6.417185E-5
1.721625E+7,  5.552173E-5
1.722250E+7,  5.717389E-5
1.722875E+7,  1.001954E-4
1.723500E+7,  1.162058E-5
1.724125E+7,  7.186458E-5
1.724750E+7,  1.520813E-4
1.725375E+7,  8.182600E-5
1.726000E+7,  7.579848E-5
1.726625E+7,  3.594160E-5
1.727250E+7,  8.761883E-5
1.727875E+7,  6.070733E-5
1.728500E+7,  4.321523E-5
1.729125E+7,  7.266924E-5
1.729750E+7,  2.342742E-5
1.730375E+7,  3.491901E-5
1.731000E+7,  5.078875E-5
1.731625E+7,  4.737638E-5
1.732250E+7,  4.074723E-5
1.732875E+7,  5.728938E-5
1.733500E+7,  3.903173E-5
1.734125E+7,  7.230043E-5
1.734750E+7,  1.155287E-4
1.735375E+7,  1.630560E-4
1.736000E+7,  9.282678E-5
1.736625E+7,  6.002188E-5
1.737250E+7,  4.235283E-5
1.737875E+7,  8.936226E-5
1.738500E+7,  7.648394E-5
1.739125E+7,  1.505166E-4
1.739750E+7,  1.902953E-4
1.740375E+7,  8.908659E-5
1.741000E+7,  1.021624E-4
1.741625E+7,  3.544800E-5
1.742250E+7,  2.350379E-5
1.742875E+7,  8.738600E-6
1.743500E+7,  7.458404E-5
1.744125E+7,  4.124083E-5
1.744750E+7,  4.902745E-10
1.745375E+7,  6.278232E-5
1.746000E+7,  3.297254E-5
1.746625E+7,  2.915226E-5
1.747250E+7,  5.375780E-5
1.747875E+7,  2.750382E-5
1.748500E+7,  5.531125E-5
1.749125E+7,  2.102740E-5
1.749750E+7,  7.152930E-5
1.750375E+7,  1.344904E-4
1.751000E+7,  5.774945E-5
1.751625E+7,  1.305109E-5
1.752250E+7,  5.480088E-5
1.752875E+7,  6.804615E-5
1.753500E+7,  1.958665E-5
1.754125E+7,  3.656745E-5
1.754750E+7,  3.918633E-5
1.755375E+7,  5.262345E-5
1.756000E+7,  1.012646E-4
1.756625E+7,  3.414974E-5
1.757250E+7,  6.427616E-5
1.757875E+7,  4.126690E-5
1.758500E+7,  3.972836E-5
1.759125E+7,  5.781278E-5
1.759750E+7,  1.123771E-4
1.760375E+7,  8.258224E-5
1.761000E+7,  8.756761E-6
1.761625E+7,  6.658584E-5
1.762250E+7,  1.167692E-5
1.762875E+7,  6.559119E-5
1.763500E+7,  7.227808E-5
1.764125E+7,  2.922956E-5
1.764750E+7,  9.953976E-5
1.765375E+7,  1.661479E-4
1.766000E+7,  5.755387E-5
1.766625E+7,  1.350194E-4
1.767250E+7,  7.139891E-5
1.767875E+7,  1.386404E-4
1.768500E+7,  7.517263E-5
1.769125E+7,  3.150292E-5
1.769750E+7,  1.098439E-4
1.770375E+7,  1.386851E-4
1.771000E+7,  6.667525E-5
1.771625E+7,  1.249388E-4
1.772250E+7,  9.246916E-5
1.772875E+7,  1.408532E-4
1.773500E+7,  1.575127E-4
1.774125E+7,  3.412738E-5
1.774750E+7,  9.961054E-5
1.775375E+7,  4.139170E-5
1.776000E+7,  1.688302E-4
1.776625E+7,  9.427220E-5
1.777250E+7,  2.925564E-5
1.777875E+7,  1.385584E-4
1.778500E+7,  1.429617E-4
1.779125E+7,  3.618374E-5
1.779750E+7,  4.069693E-5
1.780375E+7,  4.976429E-5
1.781000E+7,  5.793013E-5
1.781625E+7,  4.190393E-5
1.782250E+7,  6.439537E-5
1.782875E+7,  7.519871E-5
1.783500E+7,  8.828193E-5
1.784125E+7,  5.778484E-5
1.784750E+7,  3.809109E-5
1.785375E+7,  8.790288E-6
1.786000E+7,  4.196540E-5
1.786625E+7,  5.042553E-5
1.787250E+7,  2.287608E-5
1.787875E+7,  9.597465E-5
1.788500E+7,  3.566407E-5
1.789125E+7,  4.720502E-5
1.789750E+7,  4.702993E-5
1.790375E+7,  1.154877E-4
1.791000E+7,  8.300692E-5
1.791625E+7,  5.775690E-5
1.792250E+7,  7.643178E-5
1.792875E+7,  5.183369E-5
1.793500E+7,  1.450852E-4
1.794125E+7,  3.571622E-5
1.794750E+7,  6.239116E-5
1.795375E+7,  3.675744E-5
1.796000E+7,  1.263767E-4
1.796625E+7,  3.710762E-5
1.797250E+7,  7.095933E-5
1.797875E+7,  7.418543E-5
1.798500E+7,  6.189570E-5
1.799125E+7,  4.921667E-5
1.799750E+7,  2.935808E-5
1.800375E+7,  4.277378E-5
1.801000E+7,  1.173839E-5
1.801625E+7,  3.579818E-5
1.802250E+7,  3.319792E-5
1.802875E+7,  1.077056E-4
1.803500E+7,  7.290766E-5
1.804125E+7,  1.785252E-5
1.804750E+7,  6.053783E-5
1.805375E+7,  3.585964E-5
1.806000E+7,  1.054071E-4
1.806625E+7,  6.563589E-5
1.807250E+7,  9.758025E-5
1.807875E+7,  1.009069E-4
1.808500E+7,  8.803606E-5
1.809125E+7,  3.539585E-5
1.809750E+7,  6.219000E-5
1.810375E+7,  3.533252E-5
1.811000E+7,  1.014210E-4
1.811625E+7,  4.845858E-5
1.812250E+7,  1.105927E-4
1.812875E+7,  1.330748E-4
1.813500E+7,  8.481368E-5
1.814125E+7,  6.708130E-5
1.814750E+7,  1.401231E-4
1.815375E+7,  3.943406E-5
1.816000E+7,  1.235902E-4
1.816625E+7,  2.629124E-5
1.817250E+7,  1.027063E-4
1.817875E+7,  3.438257E-5
1.818500E+7,  9.117648E-5
1.819125E+7,  6.055459E-5
1.819750E+7,  5.398877E-5
1.820375E+7,  3.428385E-5
1.821000E+7,  3.824756E-5
1.821625E+7,  2.628006E-5
1.822250E+7,  4.116446E-5
1.822875E+7,  1.119412E-4
1.823500E+7,  5.792640E-5
1.824125E+7,  1.583714E-5
1.824750E+7,  1.091510E-4
1.825375E+7,  1.495332E-4
1.826000E+7,  8.491427E-5
1.826625E+7,  3.948435E-5
1.827250E+7,  6.315485E-5
1.827875E+7,  4.852377E-5
1.828500E+7,  5.426444E-5
1.829125E+7,  6.476417E-5
1.829750E+7,  3.593415E-5
1.830375E+7,  1.159981E-4
1.831000E+7,  9.477139E-5
1.831625E+7,  3.000256E-5
1.832250E+7,  7.023662E-5
1.832875E+7,  8.325092E-6
1.833500E+7,  1.534000E-4
1.834125E+7,  4.746206E-5
1.834750E+7,  8.328818E-6
1.835375E+7,  5.248934E-5
1.836000E+7,  6.868318E-5
1.836625E+7,  6.073900E-5
1.837250E+7,  4.903227E-5
1.837875E+7,  4.136749E-5
1.838500E+7,  9.020790E-5
1.839125E+7,  6.536767E-5
1.839750E+7,  1.939312E-4
1.840375E+7,  1.214631E-4
1.841000E+7,  4.835986E-5
1.841625E+7,  8.568168E-5
1.842250E+7,  2.949685E-5
1.842875E+7,  7.509813E-5
1.843500E+7,  6.901100E-5
1.844125E+7,  1.126640E-4
1.844750E+7,  5.151704E-5
1.845375E+7,  1.210421E-4
1.846000E+7,  7.688999E-5
1.846625E+7,  8.508563E-5
1.847250E+7,  7.668510E-5
1.847875E+7,  7.811561E-5
1.848500E+7,  8.022040E-5
1.849125E+7,  6.220117E-5
1.849750E+7,  1.229197E-4
1.850375E+7,  1.091547E-4
1.851000E+7,  6.384030E-5
1.851625E+7,  5.508400E-5
1.852250E+7,  9.511784E-5
1.852875E+7,  1.557171E-4
1.853500E+7,  1.295060E-4
1.854125E+7,  1.115240E-4
1.854750E+7,  5.513616E-5
1.855375E+7,  1.322059E-5
1.856000E+7,  3.734045E-5