SAVED BY: 
TITLE: 
COMMENTS: 
DATE: 10/27/2020
TIME: 3:27 PM

STIMULUS, RESPONSE

8.560000E+6,  1.486167E-4
8.566250E+6,  1.724213E-4
8.572500E+6,  1.636222E-4
8.578750E+6,  1.616552E-4
8.585000E+6,  1.651645E-4
8.591250E+6,  1.786128E-4
8.597500E+6,  1.711473E-4
8.603750E+6,  1.786426E-4
8.610000E+6,  1.560673E-4
8.616250E+6,  1.742691E-4
8.622500E+6,  1.435354E-4
8.628750E+6,  1.565665E-4
8.635000E+6,  1.579523E-4
8.641250E+6,  1.732707E-4
8.647500E+6,  1.674965E-4
8.653750E+6,  1.876652E-4
8.660000E+6,  1.497343E-4
8.666250E+6,  1.745000E-4
8.672500E+6,  1.757815E-4
8.678750E+6,  1.513436E-4
8.685000E+6,  1.712069E-4
8.691250E+6,  1.787096E-4
8.697500E+6,  1.607388E-4
8.703750E+6,  1.718104E-4
8.710000E+6,  1.637563E-4
8.716250E+6,  1.839921E-4
8.722500E+6,  1.803413E-4
8.728750E+6,  1.743957E-4
8.735000E+6,  1.686290E-4
8.741250E+6,  1.880676E-4
8.747500E+6,  1.773313E-4
8.753750E+6,  1.793727E-4
8.760000E+6,  1.879781E-4
8.766250E+6,  1.696497E-4
8.772500E+6,  1.879781E-4
8.778750E+6,  1.888201E-4
8.785000E+6,  1.906902E-4
8.791250E+6,  1.600012E-4
8.797500E+6,  1.905933E-4
8.803750E+6,  1.809373E-4
8.810000E+6,  1.665801E-4
8.816250E+6,  1.667812E-4
8.822500E+6,  1.822934E-4
8.828750E+6,  2.034977E-4
8.835000E+6,  1.676604E-4
8.841250E+6,  1.887009E-4
8.847500E+6,  1.687109E-4
8.853750E+6,  1.733005E-4
8.860000E+6,  1.830682E-4
8.866250E+6,  1.752824E-4
8.872500E+6,  1.684949E-4
8.878750E+6,  1.734570E-4
8.885000E+6,  1.968220E-4
8.891250E+6,  1.831055E-4
8.897500E+6,  1.886711E-4
8.903750E+6,  2.016723E-4
8.910000E+6,  1.677573E-4
8.916250E+6,  1.753718E-4
8.922500E+6,  1.719147E-4
8.928750E+6,  1.918972E-4
8.935000E+6,  1.765713E-4
8.941250E+6,  1.656860E-4
8.947500E+6,  1.949146E-4
8.953750E+6,  1.889467E-4
8.960000E+6,  1.841858E-4
8.966250E+6,  2.141148E-4
8.972500E+6,  1.899377E-4
8.978750E+6,  1.875907E-4
8.985000E+6,  2.130419E-4
8.991250E+6,  1.920089E-4
8.997500E+6,  1.840070E-4
9.003750E+6,  1.908168E-4
9.010000E+6,  1.898035E-4
9.016250E+6,  1.931190E-4
9.022500E+6,  1.865327E-4
9.028750E+6,  1.903474E-4
9.035000E+6,  1.565367E-4
9.041250E+6,  2.032295E-4
9.047500E+6,  1.918226E-4
9.053750E+6,  1.944080E-4
9.060000E+6,  2.042726E-4
9.066250E+6,  1.842007E-4
9.072500E+6,  1.810789E-4
9.078750E+6,  2.060980E-4
9.085000E+6,  1.916364E-4
9.091250E+6,  2.258644E-4
9.097500E+6,  1.976341E-4
9.103750E+6,  2.085343E-4
9.110000E+6,  1.968145E-4
9.116250E+6,  1.944080E-4
9.122500E+6,  1.916513E-4
9.128750E+6,  2.000630E-4
9.135000E+6,  1.998320E-4
9.141250E+6,  2.061874E-4
9.147500E+6,  2.113208E-4
9.153750E+6,  2.010763E-4
9.160000E+6,  1.891032E-4
9.166250E+6,  1.942068E-4
9.172500E+6,  1.945049E-4
9.178750E+6,  2.087951E-4
9.185000E+6,  2.021939E-4
9.191250E+6,  2.127439E-4
9.197500E+6,  1.970455E-4
9.203750E+6,  2.034083E-4
9.210000E+6,  2.091900E-4
9.216250E+6,  2.243668E-4
9.222500E+6,  1.922399E-4
9.228750E+6,  2.127662E-4
9.235000E+6,  2.259240E-4
9.241250E+6,  1.880080E-4
9.247500E+6,  2.141297E-4
9.253750E+6,  2.219602E-4
9.260000E+6,  2.093092E-4
9.266250E+6,  2.180785E-4
9.272500E+6,  2.029240E-4
9.278750E+6,  2.186000E-4
9.285000E+6,  2.270564E-4
9.291250E+6,  2.048165E-4
9.297500E+6,  2.050474E-4
9.303750E+6,  2.262071E-4
9.310000E+6,  2.195835E-4
9.316250E+6,  2.317578E-4
9.322500E+6,  2.051368E-4
9.328750E+6,  2.210140E-4
9.335000E+6,  2.195761E-4
9.341250E+6,  2.109036E-4
9.347500E+6,  2.223924E-4
9.353750E+6,  2.143458E-4
9.360000E+6,  2.333373E-4
9.366250E+6,  2.254248E-4
9.372500E+6,  2.118647E-4
9.378750E+6,  2.306923E-4
9.385000E+6,  2.237856E-4
9.391250E+6,  2.108812E-4
9.397500E+6,  2.499074E-4
9.403750E+6,  2.319664E-4
9.410000E+6,  2.131015E-4
9.416250E+6,  2.343059E-4
9.422500E+6,  2.369806E-4
9.428750E+6,  2.420321E-4
9.435000E+6,  2.226606E-4
9.441250E+6,  2.211928E-4
9.447500E+6,  2.317950E-4
9.453750E+6,  2.239794E-4
9.460000E+6,  2.226308E-4
9.466250E+6,  2.268627E-4
9.472500E+6,  2.648383E-4
9.478750E+6,  2.457649E-4
9.485000E+6,  2.384260E-4
9.491250E+6,  2.378970E-4
9.497500E+6,  2.460033E-4
9.503750E+6,  2.331361E-4
9.510000E+6,  2.412647E-4
9.516250E+6,  2.221763E-4
9.522500E+6,  2.460927E-4
9.528750E+6,  2.370328E-4
9.535000E+6,  2.321526E-4
9.541250E+6,  2.372488E-4
9.547500E+6,  2.270639E-4
9.553750E+6,  2.287328E-4
9.560000E+6,  2.445430E-4
9.566250E+6,  2.573580E-4
9.572500E+6,  2.446473E-4
9.578750E+6,  2.364889E-4
9.585000E+6,  2.417341E-4
9.591250E+6,  2.666861E-4
9.597500E+6,  2.370998E-4
9.603750E+6,  2.450198E-4
9.610000E+6,  2.544522E-4
9.616250E+6,  2.538860E-4
9.622500E+6,  2.353713E-4
9.628750E+6,  2.418533E-4
9.635000E+6,  2.429858E-4
9.641250E+6,  2.572984E-4
9.647500E+6,  2.345517E-4
9.653750E+6,  2.621114E-4
9.660000E+6,  2.651960E-4
9.666250E+6,  2.546161E-4
9.672500E+6,  2.418458E-4
9.678750E+6,  2.415851E-4
9.685000E+6,  2.717972E-4
9.691250E+6,  2.479702E-4
9.697500E+6,  2.463162E-4
9.703750E+6,  2.714247E-4
9.710000E+6,  2.418607E-4
9.716250E+6,  2.627075E-4
9.722500E+6,  2.322420E-4
9.728750E+6,  2.556145E-4
9.735000E+6,  2.605319E-4
9.741250E+6,  2.544373E-4
9.747500E+6,  2.607703E-4
9.753750E+6,  2.588481E-4
9.760000E+6,  2.593398E-4
9.766250E+6,  2.544075E-4
9.772500E+6,  2.749115E-4
9.778750E+6,  2.629608E-4
9.785000E+6,  2.988875E-4
9.791250E+6,  2.687275E-4
9.797500E+6,  2.590269E-4
9.803750E+6,  2.553016E-4
9.810000E+6,  2.861321E-4
9.816250E+6,  2.830923E-4
9.822500E+6,  2.609491E-4
9.828750E+6,  2.820194E-4
9.835000E+6,  2.535433E-4
9.841250E+6,  2.851188E-4
9.847500E+6,  2.629459E-4
9.853750E+6,  2.756715E-4
9.860000E+6,  2.924055E-4
9.866250E+6,  2.791435E-4
9.872500E+6,  2.834499E-4
9.878750E+6,  2.767593E-4
9.885000E+6,  2.457201E-4
9.891250E+6,  2.596974E-4
9.897500E+6,  2.678484E-4
9.903750E+6,  2.774298E-4
9.910000E+6,  2.721846E-4
9.916250E+6,  2.724975E-4
9.922500E+6,  2.863258E-4
9.928750E+6,  2.917051E-4
9.935000E+6,  3.124624E-4
9.941250E+6,  2.950281E-4
9.947500E+6,  3.014952E-4
9.953750E+6,  2.872199E-4
9.960000E+6,  3.078878E-4
9.966250E+6,  2.856404E-4
9.972500E+6,  2.734065E-4
9.978750E+6,  3.009737E-4
9.985000E+6,  2.908260E-4
9.991250E+6,  3.053099E-4
9.997500E+6,  2.966374E-4
1.000375E+7,  2.952516E-4
1.001000E+7,  2.876669E-4
1.001625E+7,  2.891272E-4
1.002250E+7,  3.126562E-4
1.002875E+7,  2.927333E-4
1.003500E+7,  2.928525E-4
1.004125E+7,  3.138185E-4
1.004750E+7,  2.814829E-4
1.005375E+7,  2.951771E-4
1.006000E+7,  2.892613E-4
1.006625E+7,  3.254414E-4
1.007250E+7,  3.107190E-4
1.007875E+7,  3.013760E-4
1.008500E+7,  3.087968E-4
1.009125E+7,  3.243685E-4
1.009750E+7,  3.016591E-4
1.010375E+7,  3.049970E-4
1.011000E+7,  3.348440E-4
1.011625E+7,  3.128648E-4
1.012250E+7,  3.381521E-4
1.012875E+7,  3.252774E-4
1.013500E+7,  3.264546E-4
1.014125E+7,  3.264993E-4
1.014750E+7,  3.086925E-4
1.015375E+7,  3.210604E-4
1.016000E+7,  3.247410E-4
1.016625E+7,  3.028363E-4
1.017250E+7,  3.345311E-4
1.017875E+7,  3.088564E-4
1.018500E+7,  3.288835E-4
1.019125E+7,  3.170222E-4
1.019750E+7,  3.499091E-4
1.020375E+7,  3.208518E-4
1.021000E+7,  3.186911E-4
1.021625E+7,  3.226250E-4
1.022250E+7,  3.264546E-4
1.022875E+7,  3.228933E-4
1.023500E+7,  3.008991E-4
1.024125E+7,  3.383607E-4
1.024750E+7,  3.284812E-4
1.025375E+7,  3.306121E-4
1.026000E+7,  3.171712E-4
1.026625E+7,  3.427416E-4
1.027250E+7,  3.216416E-4
1.027875E+7,  3.386140E-4
1.028500E+7,  3.308356E-4
1.029125E+7,  3.482252E-4
1.029750E+7,  3.370196E-4
1.030375E+7,  3.329515E-4
1.031000E+7,  3.620535E-4
1.031625E+7,  3.584027E-4
1.032250E+7,  3.294945E-4
1.032875E+7,  3.614128E-4
1.033500E+7,  3.529340E-4
1.034125E+7,  3.505796E-4
1.034750E+7,  3.502220E-4
1.035375E+7,  3.646016E-4
1.036000E+7,  3.529042E-4
1.036625E+7,  3.503710E-4
1.037250E+7,  3.660321E-4
1.037875E+7,  3.660768E-4
1.038500E+7,  3.623217E-4
1.039125E+7,  3.692210E-4
1.039750E+7,  3.417283E-4
1.040375E+7,  3.448129E-4
1.041000E+7,  3.466904E-4
1.041625E+7,  3.748238E-4
1.042250E+7,  3.764480E-4
1.042875E+7,  3.785640E-4
1.043500E+7,  3.570020E-4
1.044125E+7,  3.767610E-4
1.044750E+7,  3.511757E-4
1.045375E+7,  3.786832E-4
1.046000E+7,  3.739595E-4
1.046625E+7,  3.686994E-4
1.047250E+7,  3.817976E-4
1.047875E+7,  3.787875E-4
1.048500E+7,  3.750324E-4
1.049125E+7,  3.703088E-4
1.049750E+7,  3.889650E-4
1.050375E+7,  3.979504E-4
1.051000E+7,  4.040599E-4
1.051625E+7,  3.906190E-4
1.052250E+7,  3.864467E-4
1.052875E+7,  3.892332E-4
1.053500E+7,  3.863871E-4
1.054125E+7,  3.906786E-4
1.054750E+7,  3.912449E-4
1.055375E+7,  3.971308E-4
1.056000E+7,  3.870428E-4
1.056625E+7,  4.023910E-4
1.057250E+7,  3.890991E-4
1.057875E+7,  4.055500E-4
1.058500E+7,  3.976375E-4
1.059125E+7,  4.156828E-4
1.059750E+7,  3.944188E-4
1.060375E+7,  3.836304E-4
1.061000E+7,  3.957897E-4
1.061625E+7,  4.079789E-4
1.062250E+7,  4.092306E-4
1.062875E+7,  3.920645E-4
1.063500E+7,  3.877580E-4
1.064125E+7,  4.271865E-4
1.064750E+7,  4.318208E-4
1.065375E+7,  4.072934E-4
1.066000E+7,  4.117340E-4
1.066625E+7,  4.116446E-4
1.067250E+7,  4.318655E-4
1.067875E+7,  4.268885E-4
1.068500E+7,  4.327744E-4
1.069125E+7,  4.262030E-4
1.069750E+7,  4.197955E-4
1.070375E+7,  4.439503E-4
1.071000E+7,  4.227459E-4
1.071625E+7,  4.478693E-4
1.072250E+7,  4.282147E-4
1.072875E+7,  4.281700E-4
1.073500E+7,  4.394054E-4
1.074125E+7,  4.359037E-4
1.074750E+7,  4.327744E-4
1.075375E+7,  4.608333E-4
1.076000E+7,  4.374683E-4
1.076625E+7,  4.449338E-4
1.077250E+7,  4.548281E-4
1.077875E+7,  4.296899E-4
1.078500E+7,  4.664212E-4
1.079125E+7,  4.565865E-4
1.079750E+7,  4.627556E-4
1.080375E+7,  4.638582E-4
1.081000E+7,  4.807860E-4
1.081625E+7,  4.568398E-4
1.082250E+7,  4.684776E-4
1.082875E+7,  4.678667E-4
1.083500E+7,  4.561096E-4
1.084125E+7,  4.766583E-4
1.084750E+7,  4.661232E-4
1.085375E+7,  4.694611E-4
1.086000E+7,  4.655123E-4
1.086625E+7,  4.918873E-4
1.087250E+7,  4.888177E-4
1.087875E+7,  4.746765E-4
1.088500E+7,  4.594028E-4
1.089125E+7,  4.872233E-4
1.089750E+7,  4.848540E-4
1.090375E+7,  4.929006E-4
1.091000E+7,  4.798770E-4
1.091625E+7,  5.060434E-4
1.092250E+7,  4.809648E-4
1.092875E+7,  4.933476E-4
1.093500E+7,  5.103648E-4
1.094125E+7,  5.046427E-4
1.094750E+7,  5.029142E-4
1.095375E+7,  5.332232E-4
1.096000E+7,  4.984736E-4
1.096625E+7,  4.851818E-4
1.097250E+7,  5.123615E-4
1.097875E+7,  5.156994E-4
1.098500E+7,  4.971325E-4
1.099125E+7,  5.129278E-4
1.099750E+7,  5.358458E-4
1.100375E+7,  5.407929E-4
1.101000E+7,  5.225539E-4
1.101625E+7,  5.245507E-4
1.102250E+7,  5.171597E-4
1.102875E+7,  5.549490E-4
1.103500E+7,  5.398691E-4
1.104125E+7,  5.298853E-4
1.104750E+7,  5.532503E-4
1.105375E+7,  5.527437E-4
1.106000E+7,  5.446672E-4
1.106625E+7,  5.612075E-4
1.107250E+7,  5.628169E-4
1.107875E+7,  5.454421E-4
1.108500E+7,  5.384386E-4
1.109125E+7,  5.487502E-4
1.109750E+7,  5.654097E-4
1.110375E+7,  5.791485E-4
1.111000E+7,  5.390346E-4
1.111625E+7,  5.710125E-4
1.112250E+7,  5.723536E-4
1.112875E+7,  5.919039E-4
1.113500E+7,  5.821586E-4
1.114125E+7,  5.678236E-4
1.114750E+7,  5.932450E-4
1.115375E+7,  5.908310E-4
1.116000E+7,  6.007254E-4
1.116625E+7,  6.133318E-4
1.117250E+7,  5.972385E-4
1.117875E+7,  6.069839E-4
1.118500E+7,  6.058812E-4
1.119125E+7,  6.216168E-4
1.119750E+7,  6.199479E-4
1.120375E+7,  6.363094E-4
1.121000E+7,  6.348789E-4
1.121625E+7,  6.749928E-4
1.122250E+7,  7.076859E-4
1.122875E+7,  7.426441E-4
1.123500E+7,  8.004904E-4
1.124125E+7,  7.645786E-4
1.124750E+7,  8.153915E-4
1.125375E+7,  7.987916E-4
1.126000E+7,  7.581413E-4
1.126625E+7,  7.797778E-4
1.127250E+7,  8.143783E-4
1.127875E+7,  7.874370E-4
1.128500E+7,  7.883608E-4
1.129125E+7,  7.300973E-4
1.129750E+7,  6.772578E-4
1.130375E+7,  7.268786E-4
1.131000E+7,  7.533729E-4
1.131625E+7,  7.745028E-4
1.132250E+7,  7.761717E-4
1.132875E+7,  7.825792E-4
1.133500E+7,  8.011460E-4
1.134125E+7,  7.396638E-4
1.134750E+7,  7.674396E-4
1.135375E+7,  7.511973E-4
1.136000E+7,  7.491410E-4
1.136625E+7,  8.038580E-4
1.137250E+7,  8.179843E-4
1.137875E+7,  8.111298E-4
1.138500E+7,  8.279979E-4
1.139125E+7,  7.719696E-4
1.139750E+7,  7.638335E-4
1.140375E+7,  7.441044E-4
1.141000E+7,  7.589757E-4
1.141625E+7,  7.537603E-4
1.142250E+7,  7.701218E-4
1.142875E+7,  8.567572E-4
1.143500E+7,  7.794201E-4
1.144125E+7,  8.070767E-4
1.144750E+7,  8.608103E-4
1.145375E+7,  8.797050E-4
1.146000E+7,  8.806884E-4
1.146625E+7,  9.218752E-4
1.147250E+7,  8.668900E-4
1.147875E+7,  8.511543E-4
1.148500E+7,  8.782744E-4
1.149125E+7,  9.840131E-4
1.149750E+7,  1.009166E-3
1.150375E+7,  9.748042E-4
1.151000E+7,  9.942651E-4
1.151625E+7,  9.879470E-4
1.152250E+7,  9.902120E-4
1.152875E+7,  9.391308E-4
1.153500E+7,  8.945763E-4
1.154125E+7,  1.014113E-3
1.154750E+7,  1.000643E-3
1.155375E+7,  1.018882E-3
1.156000E+7,  1.138866E-3
1.156625E+7,  1.130939E-3
1.157250E+7,  1.128376E-3
1.157875E+7,  1.174033E-3
1.158500E+7,  1.259029E-3
1.159125E+7,  1.099229E-3
1.159750E+7,  1.080930E-3
1.160375E+7,  1.189709E-3
1.161000E+7,  1.200199E-3
1.161625E+7,  1.308441E-3
1.162250E+7,  1.325309E-3
1.162875E+7,  1.593828E-3
1.163500E+7,  1.674294E-3
1.164125E+7,  1.888096E-3
1.164750E+7,  2.115607E-3
1.165375E+7,  2.013803E-3
1.166000E+7,  1.935363E-3
1.166625E+7,  2.201438E-3
1.167250E+7,  2.048612E-3
1.167875E+7,  2.097011E-3
1.168500E+7,  2.081156E-3
1.169125E+7,  2.092838E-3
1.169750E+7,  2.104759E-3
1.170375E+7,  2.122760E-3
1.171000E+7,  2.119064E-3
1.171625E+7,  2.179861E-3
1.172250E+7,  2.177835E-3
1.172875E+7,  2.233148E-3
1.173500E+7,  2.147079E-3
1.174125E+7,  2.196312E-3
1.174750E+7,  2.247214E-3
1.175375E+7,  2.247214E-3
1.176000E+7,  2.292275E-3
1.176625E+7,  2.301097E-3
1.177250E+7,  2.308488E-3
1.177875E+7,  2.281427E-3
1.178500E+7,  2.315879E-3
1.179125E+7,  2.371430E-3
1.179750E+7,  2.405167E-3
1.180375E+7,  2.302289E-3
1.181000E+7,  2.368450E-3
1.181625E+7,  2.349734E-3
1.182250E+7,  2.397895E-3
1.182875E+7,  2.449751E-3
1.183500E+7,  2.456665E-3
1.184125E+7,  2.511621E-3
1.184750E+7,  2.523184E-3
1.185375E+7,  2.569795E-3
1.186000E+7,  2.583742E-3
1.186625E+7,  2.532482E-3
1.187250E+7,  2.579570E-3
1.187875E+7,  2.646923E-3
1.188500E+7,  2.616167E-3
1.189125E+7,  2.633095E-3
1.189750E+7,  2.696991E-3
1.190375E+7,  2.699852E-3
1.191000E+7,  2.717733E-3
1.191625E+7,  2.722502E-3
1.192250E+7,  2.730131E-3
1.192875E+7,  2.804399E-3
1.193500E+7,  2.814531E-3
1.194125E+7,  2.850413E-3
1.194750E+7,  2.879858E-3
1.195375E+7,  2.877235E-3
1.196000E+7,  2.883196E-3
1.196625E+7,  2.950907E-3
1.197250E+7,  2.948403E-3
1.197875E+7,  2.968431E-3
1.198500E+7,  2.980232E-3
1.199125E+7,  3.031731E-3
1.199750E+7,  2.983809E-3
1.200375E+7,  3.068566E-3
1.201000E+7,  3.055334E-3
1.201625E+7,  3.121018E-3
1.202250E+7,  3.113031E-3
1.202875E+7,  3.129125E-3
1.203500E+7,  3.147364E-3
1.204125E+7,  3.153682E-3
1.204750E+7,  3.176212E-3
1.205375E+7,  3.181815E-3
1.206000E+7,  3.199697E-3
1.206625E+7,  3.273845E-3
1.207250E+7,  3.346682E-3
1.207875E+7,  3.286362E-3
1.208500E+7,  3.277540E-3
1.209125E+7,  3.289700E-3
1.209750E+7,  3.294945E-3
1.210375E+7,  3.325582E-3
1.211000E+7,  3.373981E-3
1.211625E+7,  3.414035E-3
1.212250E+7,  3.427386E-3
1.212875E+7,  3.452420E-3
1.213500E+7,  3.473878E-3
1.214125E+7,  3.513336E-3
1.214750E+7,  3.504276E-3
1.215375E+7,  3.598332E-3
1.216000E+7,  3.611088E-3
1.216625E+7,  3.671527E-3
1.217250E+7,  3.673077E-3
1.217875E+7,  3.699183E-3
1.218500E+7,  3.765702E-3
1.219125E+7,  3.784418E-3
1.219750E+7,  3.800154E-3
1.220375E+7,  3.846765E-3
1.221000E+7,  3.871441E-3
1.221625E+7,  3.893018E-3
1.222250E+7,  3.937006E-3
1.222875E+7,  4.010677E-3
1.223500E+7,  4.083633E-3
1.224125E+7,  4.092216E-3
1.224750E+7,  4.155159E-3
1.225375E+7,  4.226446E-3
1.226000E+7,  4.204512E-3
1.226625E+7,  4.247904E-3
1.227250E+7,  4.298210E-3
1.227875E+7,  4.356623E-3
1.228500E+7,  4.401922E-3
1.229125E+7,  4.474878E-3
1.229750E+7,  4.491329E-3
1.230375E+7,  4.517078E-3
1.231000E+7,  4.536152E-3
1.231625E+7,  4.640341E-3
1.232250E+7,  4.647493E-3
1.232875E+7,  4.697561E-3
1.233500E+7,  4.783630E-3
1.234125E+7,  4.830122E-3
1.234750E+7,  4.865646E-3
1.235375E+7,  4.937410E-3
1.236000E+7,  5.042553E-3
1.236625E+7,  5.058527E-3
1.237250E+7,  5.100965E-3
1.237875E+7,  5.135298E-3
1.238500E+7,  5.181551E-3
1.239125E+7,  5.304337E-3
1.239750E+7,  5.291700E-3
1.240375E+7,  5.397320E-3
1.241000E+7,  5.461454E-3
1.241625E+7,  5.588293E-3
1.242250E+7,  5.619049E-3
1.242875E+7,  5.677223E-3
1.243500E+7,  5.771160E-3
1.244125E+7,  5.859852E-3
1.244750E+7,  5.929947E-3
1.245375E+7,  5.960464E-3
1.246000E+7,  6.022453E-3
1.246625E+7,  6.146193E-3
1.247250E+7,  6.202221E-3
1.247875E+7,  6.318569E-3
1.248500E+7,  6.339550E-3
1.249125E+7,  6.421089E-3
1.249750E+7,  6.510973E-3
1.250375E+7,  6.675005E-3
1.251000E+7,  6.724119E-3
1.251625E+7,  6.804705E-3
1.252250E+7,  6.860495E-3
1.252875E+7,  7.001877E-3
1.253500E+7,  7.105350E-3
1.254125E+7,  7.205486E-3
1.254750E+7,  7.316113E-3
1.255375E+7,  7.376432E-3
1.256000E+7,  7.539511E-3
1.256625E+7,  7.648945E-3
1.257250E+7,  7.698774E-3
1.257875E+7,  7.861614E-3
1.258500E+7,  7.952690E-3
1.259125E+7,  8.066177E-3
1.259750E+7,  8.213997E-3
1.260375E+7,  8.339882E-3
1.261000E+7,  8.439064E-3
1.261625E+7,  8.618832E-3
1.262250E+7,  8.644104E-3
1.262875E+7,  9.036541E-3
1.263500E+7,  8.917332E-3
1.264125E+7,  9.150505E-3
1.264750E+7,  9.296894E-3
1.265375E+7,  9.482861E-3
1.266000E+7,  9.656429E-3
1.266625E+7,  9.743690E-3
1.267250E+7,  1.009703E-2
1.267875E+7,  1.029253E-2
1.268500E+7,  1.067257E-2
1.269125E+7,  1.080847E-2
1.269750E+7,  1.043177E-2
1.270375E+7,  1.032162E-2
1.271000E+7,  1.190901E-2
1.271625E+7,  1.112127E-2
1.272250E+7,  1.129961E-2
1.272875E+7,  1.152897E-2
1.273500E+7,  1.192141E-2
1.274125E+7,  1.203251E-2
1.274750E+7,  1.239538E-2
1.275375E+7,  1.240492E-2
1.276000E+7,  1.272488E-2
1.276625E+7,  1.290035E-2
1.277250E+7,  9.637356E-3
1.277875E+7,  1.229954E-2
1.278500E+7,  1.412487E-2
1.279125E+7,  1.470613E-2
1.279750E+7,  1.423836E-2
1.280375E+7,  1.364470E-2
1.281000E+7,  1.266861E-2
1.281625E+7,  1.611996E-2
1.282250E+7,  1.615429E-2
1.282875E+7,  1.608181E-2
1.283500E+7,  1.507187E-2
1.284125E+7,  1.787567E-2
1.284750E+7,  1.774502E-2
1.285375E+7,  1.850414E-2
1.286000E+7,  1.851177E-2
1.286625E+7,  1.941299E-2
1.287250E+7,  1.967049E-2
1.287875E+7,  1.958752E-2
1.288500E+7,  1.961136E-2
1.289125E+7,  2.132893E-2
1.289750E+7,  2.144146E-2
1.290375E+7,  2.130890E-2
1.291000E+7,  2.202225E-2
1.291625E+7,  2.349472E-2
1.292250E+7,  2.081013E-2
1.292875E+7,  2.317142E-2
1.293500E+7,  2.143764E-2
1.294125E+7,  2.257442E-2
1.294750E+7,  1.913643E-2
1.295375E+7,  1.436901E-2
1.296000E+7,  1.158047E-2
1.296625E+7,  1.119184E-2
1.297250E+7,  1.162624E-2
1.297875E+7,  1.184273E-2
1.298500E+7,  1.205397E-2
1.299125E+7,  1.238394E-2
1.299750E+7,  1.265812E-2
1.300375E+7,  1.302052E-2
1.301000E+7,  1.336575E-2
1.301625E+7,  1.371002E-2
1.302250E+7,  1.415205E-2
1.302875E+7,  1.453781E-2
1.303500E+7,  1.492882E-2
1.304125E+7,  1.534605E-2
1.304750E+7,  1.580524E-2
1.305375E+7,  1.622581E-2
1.306000E+7,  1.670170E-2
1.306625E+7,  1.723576E-2
1.307250E+7,  1.773548E-2
1.307875E+7,  1.840687E-2
1.308500E+7,  1.900578E-2
1.309125E+7,  1.964378E-2
1.309750E+7,  2.024651E-2
1.310375E+7,  2.091312E-2
1.311000E+7,  2.163124E-2
1.311625E+7,  2.238941E-2
1.312250E+7,  2.326584E-2
1.312875E+7,  2.417278E-2
1.313500E+7,  2.505779E-2
1.314125E+7,  2.593422E-2
1.314750E+7,  2.700806E-2
1.315375E+7,  2.840805E-2
1.316000E+7,  2.955151E-2
1.316625E+7,  3.081703E-2
1.317250E+7,  3.183937E-2
1.317875E+7,  3.333092E-2
1.318500E+7,  3.471947E-2
1.319125E+7,  3.648758E-2
1.319750E+7,  3.766441E-2
1.320375E+7,  3.936768E-2
1.321000E+7,  4.160500E-2
1.321625E+7,  4.301453E-2
1.322250E+7,  4.499245E-2
1.322875E+7,  4.753494E-2
1.323500E+7,  5.035782E-2
1.324125E+7,  5.360603E-2
1.324750E+7,  5.755997E-2
1.325375E+7,  6.179619E-2
1.326000E+7,  6.473160E-2
1.326625E+7,  6.872940E-2
1.327250E+7,  7.313156E-2
1.327875E+7,  7.854843E-2
1.328500E+7,  8.300781E-2
1.329125E+7,  8.998108E-2
1.329750E+7,  9.580994E-2
1.330375E+7,  1.016731E-1
1.331000E+7,  1.119881E-1
1.331625E+7,  1.203461E-1
1.332250E+7,  1.326218E-1
1.332875E+7,  1.388321E-1
1.333500E+7,  1.463852E-1
1.334125E+7,  1.566849E-1
1.334750E+7,  1.686478E-1
1.335375E+7,  1.869354E-1
1.336000E+7,  2.032013E-1
1.336625E+7,  2.200089E-1
1.337250E+7,  2.446289E-1
1.337875E+7,  2.662506E-1
1.338500E+7,  2.905731E-1
1.339125E+7,  3.235931E-1
1.339750E+7,  3.523865E-1
1.340375E+7,  3.817749E-1
1.341000E+7,  4.144440E-1
1.341625E+7,  4.494629E-1
1.342250E+7,  4.763336E-1
1.342875E+7,  5.023193E-1
1.343500E+7,  5.210266E-1
1.344125E+7,  5.241394E-1
1.344750E+7,  5.292969E-1
1.345375E+7,  5.276489E-1
1.346000E+7,  5.211182E-1
1.346625E+7,  5.175171E-1
1.347250E+7,  5.155640E-1
1.347875E+7,  5.063477E-1
1.348500E+7,  4.958801E-1
1.349125E+7,  4.909821E-1
1.349750E+7,  4.897308E-1
1.350375E+7,  4.929810E-1
1.351000E+7,  4.916229E-1
1.351625E+7,  4.922485E-1
1.352250E+7,  4.957275E-1
1.352875E+7,  5.009460E-1
1.353500E+7,  5.075684E-1
1.354125E+7,  5.133057E-1
1.354750E+7,  5.194397E-1
1.355375E+7,  5.231018E-1
1.356000E+7,  5.241089E-1
1.356625E+7,  5.213928E-1
1.357250E+7,  5.129395E-1
1.357875E+7,  5.014954E-1
1.358500E+7,  4.836426E-1
1.359125E+7,  4.616394E-1
1.359750E+7,  4.359131E-1
1.360375E+7,  4.087982E-1
1.361000E+7,  3.803711E-1
1.361625E+7,  3.530273E-1
1.362250E+7,  3.266144E-1
1.362875E+7,  3.022308E-1
1.363500E+7,  2.801208E-1
1.364125E+7,  2.597656E-1
1.364750E+7,  2.408066E-1
1.365375E+7,  2.238922E-1
1.366000E+7,  2.087402E-1
1.366625E+7,  1.951752E-1
1.367250E+7,  1.827469E-1
1.367875E+7,  1.717300E-1
1.368500E+7,  1.611786E-1
1.369125E+7,  1.517487E-1
1.369750E+7,  1.432877E-1
1.370375E+7,  1.356583E-1
1.371000E+7,  1.287003E-1
1.371625E+7,  1.225433E-1
1.372250E+7,  1.166725E-1
1.372875E+7,  1.115036E-1
1.373500E+7,  1.066933E-1
1.374125E+7,  1.020927E-1
1.374750E+7,  9.800720E-2
1.375375E+7,  9.433746E-2
1.376000E+7,  9.088898E-2
1.376625E+7,  8.742523E-2
1.377250E+7,  8.459854E-2
1.377875E+7,  8.173370E-2
1.378500E+7,  7.923126E-2
1.379125E+7,  7.696915E-2
1.379750E+7,  7.454300E-2
1.380375E+7,  7.271957E-2
1.381000E+7,  7.072067E-2
1.381625E+7,  6.904221E-2
1.382250E+7,  6.738281E-2
1.382875E+7,  6.597900E-2
1.383500E+7,  6.463623E-2
1.384125E+7,  6.336594E-2
1.384750E+7,  6.213760E-2
1.385375E+7,  6.111145E-2
1.386000E+7,  6.011581E-2
1.386625E+7,  5.926895E-2
1.387250E+7,  5.847168E-2
1.387875E+7,  5.775452E-2
1.388500E+7,  5.723953E-2
1.389125E+7,  5.664253E-2
1.389750E+7,  5.618095E-2
1.390375E+7,  5.584526E-2
1.391000E+7,  5.552483E-2
1.391625E+7,  5.529404E-2
1.392250E+7,  5.522728E-2
1.392875E+7,  5.519485E-2
1.393500E+7,  5.528831E-2
1.394125E+7,  5.550385E-2
1.394750E+7,  5.575562E-2
1.395375E+7,  5.613327E-2
1.396000E+7,  5.668640E-2
1.396625E+7,  5.729485E-2
1.397250E+7,  5.805397E-2
1.397875E+7,  5.895615E-2
1.398500E+7,  6.008911E-2
1.399125E+7,  6.144905E-2
1.399750E+7,  6.291962E-2
1.400375E+7,  6.481552E-2
1.401000E+7,  6.687164E-2
1.401625E+7,  6.928635E-2
1.402250E+7,  7.215881E-2
1.402875E+7,  7.555008E-2
1.403500E+7,  7.953644E-2
1.404125E+7,  8.426666E-2
1.404750E+7,  8.986282E-2
1.405375E+7,  9.652328E-2
1.406000E+7,  1.043625E-1
1.406625E+7,  1.137199E-1
1.407250E+7,  1.247444E-1
1.407875E+7,  1.366501E-1
1.408500E+7,  1.493378E-1
1.409125E+7,  1.587219E-1
1.409750E+7,  1.619339E-1
1.410375E+7,  1.566772E-1
1.411000E+7,  1.431503E-1
1.411625E+7,  1.264343E-1
1.412250E+7,  1.095047E-1
1.412875E+7,  9.418869E-2
1.413500E+7,  8.158112E-2
1.414125E+7,  7.085037E-2
1.414750E+7,  6.213188E-2
1.415375E+7,  5.497742E-2
1.416000E+7,  4.895782E-2
1.416625E+7,  4.387283E-2
1.417250E+7,  3.951645E-2
1.417875E+7,  3.579903E-2
1.418500E+7,  3.256226E-2
1.419125E+7,  2.983284E-2
1.419750E+7,  2.737141E-2
1.420375E+7,  2.517128E-2
1.421000E+7,  2.330494E-2
1.421625E+7,  2.157307E-2
1.422250E+7,  2.004242E-2
1.422875E+7,  1.865101E-2
1.423500E+7,  1.740837E-2
1.424125E+7,  1.628590E-2
1.424750E+7,  1.528263E-2
1.425375E+7,  1.436949E-2
1.426000E+7,  1.349545E-2
1.426625E+7,  1.271009E-2
1.427250E+7,  1.197958E-2
1.427875E+7,  1.133060E-2
1.428500E+7,  1.068449E-2
1.429125E+7,  1.010799E-2
1.429750E+7,  9.599686E-3
1.430375E+7,  9.084702E-3
1.431000E+7,  8.653164E-3
1.431625E+7,  8.218288E-3
1.432250E+7,  7.829666E-3
1.432875E+7,  7.426500E-3
1.433500E+7,  7.138014E-3
1.434125E+7,  6.777048E-3
1.434750E+7,  6.484032E-3
1.435375E+7,  6.193638E-3
1.436000E+7,  5.896807E-3
1.436625E+7,  5.641937E-3
1.437250E+7,  5.399704E-3
1.437875E+7,  5.173683E-3
1.438500E+7,  4.963875E-3
1.439125E+7,  4.747868E-3
1.439750E+7,  4.578590E-3
1.440375E+7,  4.374266E-3
1.441000E+7,  4.194498E-3
1.441625E+7,  4.058123E-3
1.442250E+7,  3.878355E-3
1.442875E+7,  3.727913E-3
1.443500E+7,  3.583312E-3
1.444125E+7,  3.464222E-3
1.444750E+7,  3.352284E-3
1.445375E+7,  3.193021E-3
1.446000E+7,  3.095031E-3
1.446625E+7,  2.971768E-3
1.447250E+7,  2.882719E-3
1.447875E+7,  2.780318E-3
1.448500E+7,  2.669692E-3
1.449125E+7,  2.554178E-3
1.449750E+7,  2.468586E-3
1.450375E+7,  2.402067E-3
1.451000E+7,  2.294660E-3
1.451625E+7,  2.244711E-3
1.452250E+7,  2.158165E-3
1.452875E+7,  2.101541E-3
1.453500E+7,  2.021909E-3
1.454125E+7,  1.962543E-3
1.454750E+7,  1.914084E-3
1.455375E+7,  1.846969E-3
1.456000E+7,  1.791835E-3
1.456625E+7,  1.736522E-3
1.457250E+7,  1.649499E-3
1.457875E+7,  1.613200E-3
1.458500E+7,  1.574397E-3
1.459125E+7,  1.500905E-3
1.459750E+7,  1.483738E-3
1.460375E+7,  1.410842E-3
1.461000E+7,  1.371562E-3
1.461625E+7,  1.327097E-3
1.462250E+7,  1.316428E-3
1.462875E+7,  1.236320E-3
1.463500E+7,  1.236141E-3
1.464125E+7,  1.168668E-3
1.464750E+7,  1.157224E-3
1.465375E+7,  1.109838E-3
1.466000E+7,  1.086891E-3
1.466625E+7,  1.049459E-3
1.467250E+7,  1.034319E-3
1.467875E+7,  9.766817E-4
1.468500E+7,  9.667873E-4
1.469125E+7,  9.548962E-4
1.469750E+7,  9.193420E-4
1.470375E+7,  9.037256E-4
1.471000E+7,  8.834898E-4
1.471625E+7,  8.254349E-4
1.472250E+7,  8.290112E-4
1.472875E+7,  7.837713E-4
1.473500E+7,  7.734895E-4
1.474125E+7,  7.544756E-4
1.474750E+7,  7.355511E-4
1.475375E+7,  7.063150E-4
1.476000E+7,  7.081032E-4
1.476625E+7,  6.729662E-4
1.477250E+7,  6.475747E-4
1.477875E+7,  6.240010E-4
1.478500E+7,  6.306767E-4
1.479125E+7,  6.204844E-4
1.479750E+7,  6.117225E-4
1.480375E+7,  5.576313E-4
1.481000E+7,  5.668998E-4
1.481625E+7,  5.452335E-4
1.482250E+7,  5.245507E-4
1.482875E+7,  5.094707E-4
1.483500E+7,  5.039871E-4
1.484125E+7,  5.153716E-4
1.484750E+7,  4.926324E-4
1.485375E+7,  4.859269E-4
1.486000E+7,  4.449934E-4
1.486625E+7,  4.454702E-4
1.487250E+7,  4.615486E-4
1.487875E+7,  4.321486E-4
1.488500E+7,  4.075617E-4
1.489125E+7,  4.262477E-4
1.489750E+7,  3.790408E-4
1.490375E+7,  3.989637E-4
1.491000E+7,  3.836602E-4
1.491625E+7,  3.743768E-4
1.492250E+7,  3.676564E-4
1.492875E+7,  3.443658E-4
1.493500E+7,  3.410280E-4
1.494125E+7,  3.551990E-4
1.494750E+7,  3.353506E-4
1.495375E+7,  3.140122E-4
1.496000E+7,  3.016293E-4
1.496625E+7,  3.224313E-4
1.497250E+7,  3.064424E-4
1.497875E+7,  2.847761E-4
1.498500E+7,  3.027469E-4
1.499125E+7,  2.851486E-4
1.499750E+7,  2.630353E-4
1.500375E+7,  2.495050E-4
1.501000E+7,  2.680868E-4
1.501625E+7,  2.869815E-4
1.502250E+7,  2.554506E-4
1.502875E+7,  2.401769E-4
1.503500E+7,  2.291054E-4
1.504125E+7,  2.324805E-4
1.504750E+7,  2.049804E-4
1.505375E+7,  2.269968E-4
1.506000E+7,  2.225116E-4
1.506625E+7,  2.111122E-4
1.507250E+7,  1.990721E-4
1.507875E+7,  2.009720E-4
1.508500E+7,  1.861975E-4
1.509125E+7,  1.976192E-4
1.509750E+7,  1.846403E-4
1.510375E+7,  1.814961E-4
1.511000E+7,  1.697242E-4
1.511625E+7,  1.637116E-4
1.512250E+7,  1.813918E-4
1.512875E+7,  1.547262E-4
1.513500E+7,  1.665354E-4
1.514125E+7,  1.614243E-4
1.514750E+7,  1.757666E-4
1.515375E+7,  1.341254E-4
1.516000E+7,  1.534820E-4
1.516625E+7,  1.627430E-4
1.517250E+7,  1.279041E-4
1.517875E+7,  1.465082E-4
1.518500E+7,  1.241043E-4
1.519125E+7,  1.344308E-4
1.519750E+7,  1.479015E-4
1.520375E+7,  1.243725E-4
1.521000E+7,  1.257882E-4
1.521625E+7,  9.229034E-5
1.522250E+7,  1.039058E-4
1.522875E+7,  1.204237E-4
1.523500E+7,  9.417906E-5
1.524125E+7,  1.090728E-4
1.524750E+7,  1.169778E-4
1.525375E+7,  1.216158E-4
1.526000E+7,  1.082495E-4
1.526625E+7,  9.147823E-5
1.527250E+7,  1.243353E-4
1.527875E+7,  9.454787E-5
1.528500E+7,  1.109615E-4
1.529125E+7,  8.417293E-5
1.529750E+7,  1.221001E-4
1.530375E+7,  9.962916E-5
1.531000E+7,  7.935241E-5
1.531625E+7,  8.931383E-5
1.532250E+7,  1.026019E-4
1.532875E+7,  9.949133E-5
1.533500E+7,  8.181110E-5
1.534125E+7,  7.813424E-5
1.534750E+7,  9.524077E-5
1.535375E+7,  8.431450E-5
1.536000E+7,  8.197874E-5
1.536625E+7,  9.825826E-5
1.537250E+7,  8.814409E-5
1.537875E+7,  6.539002E-5
1.538500E+7,  8.536875E-5
1.539125E+7,  9.299815E-5
1.539750E+7,  8.148327E-5
1.540375E+7,  7.019192E-5
1.541000E+7,  6.116554E-5
1.541625E+7,  4.914775E-5
1.542250E+7,  5.749241E-5
1.542875E+7,  6.870180E-5
1.543500E+7,  7.415190E-5
1.544125E+7,  6.874278E-5
1.544750E+7,  6.706268E-5
1.545375E+7,  4.913844E-5
1.546000E+7,  8.169934E-5
1.546625E+7,  6.551296E-5
1.547250E+7,  5.075894E-5
1.547875E+7,  3.746711E-5
1.548500E+7,  5.563721E-5
1.549125E+7,  6.096810E-5
1.549750E+7,  4.754774E-5
1.550375E+7,  4.818104E-5
1.551000E+7,  4.860200E-5
1.551625E+7,  8.636713E-5
1.552250E+7,  3.815442E-5
1.552875E+7,  6.808341E-5
1.553500E+7,  5.418248E-5
1.554125E+7,  5.245954E-5
1.554750E+7,  4.767440E-5
1.555375E+7,  2.402440E-5
1.556000E+7,  4.564784E-5
1.556625E+7,  6.403029E-5
1.557250E+7,  4.759803E-5
1.557875E+7,  5.617365E-5
1.558500E+7,  3.291667E-5
1.559125E+7,  8.082390E-5
1.559750E+7,  4.728697E-5
1.560375E+7,  1.658127E-5
1.561000E+7,  5.266257E-5
1.561625E+7,  5.978718E-5
1.562250E+7,  4.362501E-5
1.562875E+7,  1.476659E-5
1.563500E+7,  8.885749E-6
1.564125E+7,  3.307313E-5
1.564750E+7,  2.177525E-5
1.565375E+7,  1.934730E-5
1.566000E+7,  2.164766E-5
1.566625E+7,  1.392420E-5
1.567250E+7,  3.103912E-5
1.567875E+7,  3.908761E-5
1.568500E+7,  3.084913E-5
1.569125E+7,  2.420228E-5
1.569750E+7,  3.604032E-5
1.570375E+7,  3.410503E-5
1.571000E+7,  2.399459E-5
1.571625E+7,  1.696218E-5
1.572250E+7,  2.050307E-5
1.572875E+7,  1.901947E-5
1.573500E+7,  1.564529E-5
1.574125E+7,  3.949739E-5
1.574750E+7,  3.494136E-5
1.575375E+7,  2.143625E-5
1.576000E+7,  8.462928E-6
1.576625E+7,  1.074281E-5
1.577250E+7,  4.029274E-5
1.577875E+7,  3.736652E-5
1.578500E+7,  2.145767E-5
1.579125E+7,  8.479226E-6
1.579750E+7,  2.956577E-5
1.580375E+7,  1.890492E-5
1.581000E+7,  1.689792E-5
1.581625E+7,  1.886021E-5
1.582250E+7,  1.359405E-5
1.582875E+7,  1.130067E-5
1.583500E+7,  1.508417E-5
1.584125E+7,  1.885556E-5
1.584750E+7,  1.555216E-5
1.585375E+7,  3.036391E-5
1.586000E+7,  1.505902E-5
1.586625E+7,  1.358008E-5
1.587250E+7,  1.880620E-5
1.587875E+7,  1.681689E-5
1.588500E+7,  2.935715E-5
1.589125E+7,  1.550280E-5
1.589750E+7,  7.505529E-6
1.590375E+7,  3.755558E-6
1.591000E+7,  1.502596E-5
1.591625E+7,  3.024470E-5
1.592250E+7,  1.546647E-5
1.592875E+7,  2.728961E-5
1.593500E+7,  1.123920E-5
1.594125E+7,  1.674145E-5
1.594750E+7,  2.725329E-5
1.595375E+7,  6.300809E-10
1.596000E+7,  1.871120E-5
1.596625E+7,  2.726074E-5
1.597250E+7,  1.059053E-5
1.597875E+7,  1.350418E-5
1.598500E+7,  1.543202E-5
1.599125E+7,  1.349440E-5
1.599750E+7,  8.367002E-6
1.600375E+7,  5.169585E-5
1.601000E+7,  4.304200E-5
1.601625E+7,  2.069026E-5
1.602250E+7,  7.482991E-5
1.602875E+7,  9.245798E-5
1.603500E+7,  7.448718E-5
1.604125E+7,  7.515401E-5
1.604750E+7,  3.675371E-5
1.605375E+7,  1.091175E-4
1.606000E+7,  2.924539E-5
1.606625E+7,  1.090765E-4
1.607250E+7,  2.605915E-4
1.607875E+7,  5.196407E-5
1.608500E+7,  1.195408E-4
1.609125E+7,  5.684979E-5
1.609750E+7,  6.543845E-5
1.610375E+7,  5.485862E-5
1.611000E+7,  7.703528E-5
1.611625E+7,  2.883840E-5
1.612250E+7,  1.284108E-5
1.612875E+7,  6.207079E-5
1.613500E+7,  3.051385E-5
1.614125E+7,  3.774650E-5
1.614750E+7,  1.435122E-5
1.615375E+7,  6.933883E-5
1.616000E+7,  4.457682E-5
1.616625E+7,  5.297922E-5
1.617250E+7,  6.546453E-5
1.617875E+7,  4.308298E-5
1.618500E+7,  3.106892E-5
1.619125E+7,  5.853549E-5
1.619750E+7,  4.780293E-5
1.620375E+7,  5.685911E-5
1.621000E+7,  1.003519E-4
1.621625E+7,  1.128800E-4
1.622250E+7,  1.115315E-4
1.622875E+7,  8.162484E-5
1.623500E+7,  3.632531E-5
1.624125E+7,  4.909188E-5
1.624750E+7,  6.325543E-5
1.625375E+7,  1.681298E-4
1.626000E+7,  3.677979E-5
1.626625E+7,  7.183105E-5
1.627250E+7,  7.269904E-5
1.627875E+7,  2.368540E-5
1.628500E+7,  4.456192E-5
1.629125E+7,  5.548447E-5
1.629750E+7,  2.829544E-5
1.630375E+7,  6.987900E-5
1.631000E+7,  1.208112E-4
1.631625E+7,  1.762733E-4
1.632250E+7,  7.182360E-5
1.632875E+7,  1.389980E-4
1.633500E+7,  7.834285E-5
1.634125E+7,  1.103841E-4
1.634750E+7,  1.814682E-5
1.635375E+7,  1.189671E-4
1.636000E+7,  7.060170E-5
1.636625E+7,  8.227676E-5
1.637250E+7,  6.085075E-5
1.637875E+7,  2.071075E-5
1.638500E+7,  1.034178E-4
1.639125E+7,  1.556203E-4
1.639750E+7,  1.679212E-4
1.640375E+7,  3.682449E-5
1.641000E+7,  9.152293E-5
1.641625E+7,  1.172647E-4
1.642250E+7,  1.040772E-4
1.642875E+7,  5.278550E-5
1.643500E+7,  7.518008E-5
1.644125E+7,  3.510900E-5
1.644750E+7,  1.180470E-4
1.645375E+7,  4.378334E-5
1.646000E+7,  1.430288E-4
1.646625E+7,  5.277991E-5
1.647250E+7,  6.430084E-6
1.647875E+7,  5.184859E-5
1.648500E+7,  3.449619E-5
1.649125E+7,  4.889257E-5
1.649750E+7,  6.151199E-5
1.650375E+7,  8.138828E-6
1.651000E+7,  9.340420E-5
1.651625E+7,  1.269951E-4
1.652250E+7,  4.637055E-5
1.652875E+7,  7.402897E-5
1.653500E+7,  1.010783E-4
1.654125E+7,  7.507205E-5
1.654750E+7,  6.568432E-5
1.655375E+7,  4.500896E-5
1.656000E+7,  4.188716E-5
1.656625E+7,  6.869435E-5
1.657250E+7,  2.937485E-5
1.657875E+7,  5.531311E-5
1.658500E+7,  3.566965E-5
1.659125E+7,  2.881745E-6
1.659750E+7,  8.967146E-5
1.660375E+7,  6.571785E-5
1.661000E+7,  8.997321E-5
1.661625E+7,  6.123632E-5
1.662250E+7,  1.440644E-4
1.662875E+7,  6.233528E-5
1.663500E+7,  9.869412E-5
1.664125E+7,  1.332238E-4
1.664750E+7,  1.446679E-4
1.665375E+7,  6.405637E-5
1.666000E+7,  1.044981E-4
1.666625E+7,  1.022145E-4
1.667250E+7,  6.324425E-5
1.667875E+7,  1.007691E-4
1.668500E+7,  1.407862E-4
1.669125E+7,  1.030453E-4
1.669750E+7,  5.947240E-5
1.670375E+7,  5.749054E-5
1.671000E+7,  5.834922E-5
1.671625E+7,  1.136847E-4
1.672250E+7,  2.251267E-4
1.672875E+7,  1.422018E-4
1.673500E+7,  2.208725E-4
1.674125E+7,  3.364496E-5
1.674750E+7,  2.082158E-5
1.675375E+7,  3.656000E-5
1.676000E+7,  4.763901E-5
1.676625E+7,  1.850538E-5
1.677250E+7,  2.583489E-5
1.677875E+7,  1.633074E-5
1.678500E+7,  8.217245E-5
1.679125E+7,  5.813502E-5
1.679750E+7,  4.514866E-5
1.680375E+7,  3.113411E-5
1.681000E+7,  9.799749E-5
1.681625E+7,  2.889708E-5
1.682250E+7,  2.384186E-5
1.682875E+7,  4.172139E-5
1.683500E+7,  3.930554E-5
1.684125E+7,  4.622713E-5
1.684750E+7,  5.205162E-5
1.685375E+7,  4.489161E-5
1.686000E+7,  3.073923E-5
1.686625E+7,  6.227568E-5
1.687250E+7,  2.313126E-5
1.687875E+7,  5.793199E-5
1.688500E+7,  1.156190E-5
1.689125E+7,  4.402362E-5
1.689750E+7,  9.205192E-5
1.690375E+7,  4.520826E-5
1.691000E+7,  1.154058E-4
1.691625E+7,  9.870902E-5
1.692250E+7,  2.546906E-4
1.692875E+7,  1.227185E-4
1.693500E+7,  2.952572E-5
1.694125E+7,  8.427724E-5
1.694750E+7,  1.138002E-4
1.695375E+7,  8.554384E-5
1.696000E+7,  1.237988E-4
1.696625E+7,  1.181178E-4
1.697250E+7,  5.156174E-5
1.697875E+7,  5.972758E-5
1.698500E+7,  2.476871E-4
1.699125E+7,  1.149811E-4
1.699750E+7,  2.668649E-4
1.700375E+7,  1.924932E-4
1.701000E+7,  5.215406E-5
1.701625E+7,  1.169182E-4
1.702250E+7,  2.981871E-4
1.702875E+7,  5.914085E-5
1.703500E+7,  7.272884E-5
1.704125E+7,  2.899324E-6
1.704750E+7,  2.669990E-4
1.705375E+7,  3.776997E-4
1.706000E+7,  4.878302E-10
1.706625E+7,  1.718178E-4
1.707250E+7,  1.976714E-4
1.707875E+7,  1.467243E-4
1.708500E+7,  8.434802E-5
1.709125E+7,  1.054257E-4
1.709750E+7,  2.902932E-5
1.710375E+7,  1.297332E-5
1.711000E+7,  6.774440E-5
1.711625E+7,  5.191751E-5
1.712250E+7,  5.922653E-5
1.712875E+7,  7.551536E-5
1.713500E+7,  3.382750E-5
1.714125E+7,  2.595503E-5
1.714750E+7,  8.374453E-5
1.715375E+7,  7.570535E-5
1.716000E+7,  1.742598E-5
1.716625E+7,  5.136430E-5
1.717250E+7,  5.804235E-6
1.717875E+7,  2.463814E-5
1.718500E+7,  6.497605E-6
1.719125E+7,  3.949180E-5
1.719750E+7,  4.685484E-5
1.720375E+7,  4.234724E-5
1.721000E+7,  8.082390E-5
1.721625E+7,  7.471070E-5
1.722250E+7,  1.105778E-4
1.722875E+7,  6.787106E-5
1.723500E+7,  3.722310E-5
1.724125E+7,  1.861248E-5
1.724750E+7,  1.701042E-4
1.725375E+7,  7.024035E-5
1.726000E+7,  7.821992E-5
1.726625E+7,  2.398249E-5
1.727250E+7,  5.235337E-5
1.727875E+7,  7.557869E-5
1.728500E+7,  1.105405E-4
1.729125E+7,  7.582456E-5
1.729750E+7,  8.891523E-5
1.730375E+7,  4.237890E-5
1.731000E+7,  6.379932E-5
1.731625E+7,  1.913905E-4
1.732250E+7,  1.276508E-4
1.732875E+7,  9.543821E-5
1.733500E+7,  2.966728E-5
1.734125E+7,  8.399785E-5
1.734750E+7,  1.049228E-5
1.735375E+7,  9.847805E-5
1.736000E+7,  1.049880E-5
1.736625E+7,  1.118593E-4
1.737250E+7,  6.506685E-6
1.737875E+7,  7.351860E-5
1.738500E+7,  4.435331E-5
1.739125E+7,  1.016445E-4
1.739750E+7,  2.391189E-4
1.740375E+7,  1.225993E-4
1.741000E+7,  1.185723E-4
1.741625E+7,  7.089600E-5
1.742250E+7,  2.913177E-5
1.742875E+7,  4.173629E-5
1.743500E+7,  5.498342E-5
1.744125E+7,  3.138557E-5
1.744750E+7,  8.863956E-5
1.745375E+7,  9.335205E-5
1.746000E+7,  9.910390E-5
1.746625E+7,  1.844205E-5
1.747250E+7,  9.217858E-5
1.747875E+7,  9.384751E-5
1.748500E+7,  7.652119E-5
1.749125E+7,  3.141910E-5
1.749750E+7,  4.444085E-5
1.750375E+7,  3.100932E-5
1.751000E+7,  5.193427E-5
1.751625E+7,  6.204844E-5
1.752250E+7,  1.868419E-5
1.752875E+7,  7.855147E-5
1.753500E+7,  2.920069E-5
1.754125E+7,  3.512762E-5
1.754750E+7,  1.652446E-5
1.755375E+7,  4.251301E-5
1.756000E+7,  2.689380E-5
1.756625E+7,  1.225919E-4
1.757250E+7,  9.060279E-5
1.757875E+7,  1.085289E-4
1.758500E+7,  2.106000E-5
1.759125E+7,  4.560314E-5
1.759750E+7,  7.865578E-5
1.760375E+7,  9.510666E-5
1.761000E+7,  8.997694E-5
1.761625E+7,  4.718453E-5
1.762250E+7,  4.250556E-5
1.762875E+7,  3.970973E-5
1.763500E+7,  8.120760E-5
1.764125E+7,  8.121505E-5
1.764750E+7,  1.847371E-5
1.765375E+7,  5.961768E-5
1.766000E+7,  8.121505E-5
1.766625E+7,  8.188933E-5
1.767250E+7,  1.401231E-4
1.767875E+7,  1.779757E-5
1.768500E+7,  1.102835E-4
1.769125E+7,  1.184531E-4
1.769750E+7,  6.568804E-5
1.770375E+7,  6.031804E-5
1.771000E+7,  1.165383E-4
1.771625E+7,  6.215274E-5
1.772250E+7,  8.893758E-5
1.772875E+7,  1.092926E-4
1.773500E+7,  2.881698E-5
1.774125E+7,  3.163703E-5
1.774750E+7,  1.078919E-4
1.775375E+7,  9.571761E-5
1.776000E+7,  7.727370E-5
1.776625E+7,  1.165010E-4
1.777250E+7,  1.391396E-4
1.777875E+7,  1.126081E-4
1.778500E+7,  6.501377E-5
1.779125E+7,  1.074523E-4
1.779750E+7,  7.249042E-5
1.780375E+7,  6.855652E-5
1.781000E+7,  1.308415E-5
1.781625E+7,  1.140051E-4
1.782250E+7,  6.544963E-5
1.782875E+7,  3.746152E-5
1.783500E+7,  7.133186E-5
1.784125E+7,  7.997826E-5
1.784750E+7,  5.863421E-5
1.785375E+7,  1.211204E-4
1.786000E+7,  1.040660E-4
1.786625E+7,  8.394197E-5
1.787250E+7,  4.141219E-5
1.787875E+7,  8.206069E-5
1.788500E+7,  1.056679E-5
1.789125E+7,  4.225597E-5
1.789750E+7,  1.091659E-4
1.790375E+7,  8.156896E-5
1.791000E+7,  1.595020E-4
1.791625E+7,  7.646158E-5
1.792250E+7,  7.414818E-5
1.792875E+7,  5.631335E-5
1.793500E+7,  1.208996E-5
1.794125E+7,  6.856769E-5
1.794750E+7,  4.147924E-5
1.795375E+7,  9.189919E-5
1.796000E+7,  1.407191E-4
1.796625E+7,  1.202747E-4
1.797250E+7,  7.337704E-5
1.797875E+7,  2.419390E-5
1.798500E+7,  1.113750E-4
1.799125E+7,  1.623854E-4
1.799750E+7,  3.424473E-5
1.800375E+7,  5.674735E-5
1.801000E+7,  5.354173E-5
1.801625E+7,  1.496300E-4
1.802250E+7,  3.065914E-5
1.802875E+7,  4.078634E-5
1.803500E+7,  5.869893E-6
1.804125E+7,  5.411729E-5
1.804750E+7,  6.240606E-5
1.805375E+7,  6.052107E-5
1.806000E+7,  1.856964E-5
1.806625E+7,  2.992712E-5
1.807250E+7,  4.121661E-5
1.807875E+7,  4.236214E-5
1.808500E+7,  7.220358E-5
1.809125E+7,  8.355826E-5
1.809750E+7,  8.408353E-5
1.810375E+7,  6.750971E-5
1.811000E+7,  1.133084E-4
1.811625E+7,  7.347018E-5
1.812250E+7,  4.561804E-5
1.812875E+7,  5.991943E-5
1.813500E+7,  5.943142E-5
1.814125E+7,  9.055063E-5
1.814750E+7,  2.120901E-5
1.815375E+7,  3.426708E-5
1.816000E+7,  3.287941E-5
1.816625E+7,  8.302554E-5
1.817250E+7,  6.054714E-5
1.817875E+7,  6.050430E-5
1.818500E+7,  1.319423E-4
1.819125E+7,  1.006797E-4
1.819750E+7,  1.182146E-4
1.820375E+7,  3.719144E-5
1.821000E+7,  8.319039E-6
1.821625E+7,  8.315314E-6
1.822250E+7,  7.111579E-5
1.822875E+7,  5.889870E-5
1.823500E+7,  2.497248E-5
1.824125E+7,  6.864592E-5
1.824750E+7,  4.161522E-5
1.825375E+7,  1.149699E-4
1.826000E+7,  1.212955E-5
1.826625E+7,  2.121646E-5
1.827250E+7,  8.198991E-5
1.827875E+7,  6.889552E-5
1.828500E+7,  3.001280E-5
1.829125E+7,  3.825501E-5
1.829750E+7,  2.373848E-5
1.830375E+7,  1.177657E-5
1.831000E+7,  5.306117E-5
1.831625E+7,  4.855357E-5
1.832250E+7,  7.455423E-5
1.832875E+7,  1.178421E-4
1.833500E+7,  1.618266E-4
1.834125E+7,  1.074448E-4
1.834750E+7,  8.558109E-5
1.835375E+7,  7.225946E-5
1.836000E+7,  9.130687E-5
1.836625E+7,  1.062127E-5
1.837250E+7,  4.748628E-5
1.837875E+7,  1.121685E-4
1.838500E+7,  8.338131E-6
1.839125E+7,  8.497387E-5
1.839750E+7,  9.318814E-5
1.840375E+7,  1.332536E-4
1.841000E+7,  3.967248E-5
1.841625E+7,  5.921908E-5
1.842250E+7,  3.297441E-5
1.842875E+7,  8.592010E-5
1.843500E+7,  6.670505E-5
1.844125E+7,  6.191060E-5
1.844750E+7,  7.328019E-5
1.845375E+7,  1.667999E-5
1.846000E+7,  8.708984E-5
1.846625E+7,  3.076531E-5
1.847250E+7,  6.723031E-5
1.847875E+7,  3.176369E-5
1.848500E+7,  9.013340E-5
1.849125E+7,  8.269399E-5
1.849750E+7,  7.124990E-5
1.850375E+7,  1.319591E-5
1.851000E+7,  7.558614E-5
1.851625E+7,  1.474796E-5
1.852250E+7,  2.951454E-5
1.852875E+7,  1.187101E-4
1.853500E+7,  7.470697E-5
1.854125E+7,  4.142150E-5
1.854750E+7,  1.005493E-4
1.855375E+7,  1.188479E-4
1.856000E+7,  1.010671E-4