SAVED BY: 
TITLE: 
COMMENTS: 
DATE: 10/27/2020
TIME: 3:19 PM

STIMULUS, RESPONSE

8.560000E+6,  1.635104E-4
8.566250E+6,  1.725182E-4
8.572500E+6,  1.758710E-4
8.578750E+6,  1.723915E-4
8.585000E+6,  1.585335E-4
8.591250E+6,  1.893789E-4
8.597500E+6,  1.813397E-4
8.603750E+6,  1.711324E-4
8.610000E+6,  1.947358E-4
8.616250E+6,  1.827702E-4
8.622500E+6,  1.910254E-4
8.628750E+6,  1.599416E-4
8.635000E+6,  1.778752E-4
8.641250E+6,  1.785904E-4
8.647500E+6,  1.700222E-4
8.653750E+6,  1.822636E-4
8.660000E+6,  1.723692E-4
8.666250E+6,  1.993701E-4
8.672500E+6,  1.807883E-4
8.678750E+6,  1.936778E-4
8.685000E+6,  1.761839E-4
8.691250E+6,  2.005547E-4
8.697500E+6,  1.625121E-4
8.703750E+6,  1.962185E-4
8.710000E+6,  1.841113E-4
8.716250E+6,  1.895055E-4
8.722500E+6,  1.919195E-4
8.728750E+6,  1.838133E-4
8.735000E+6,  1.673102E-4
8.741250E+6,  1.829341E-4
8.747500E+6,  1.751781E-4
8.753750E+6,  1.887605E-4
8.760000E+6,  1.662076E-4
8.766250E+6,  1.851693E-4
8.772500E+6,  1.830161E-4
8.778750E+6,  1.878962E-4
8.785000E+6,  1.642928E-4
8.791250E+6,  1.919717E-4
8.797500E+6,  1.836941E-4
8.803750E+6,  1.809597E-4
8.810000E+6,  1.943335E-4
8.816250E+6,  1.945049E-4
8.822500E+6,  1.965985E-4
8.828750E+6,  1.926571E-4
8.835000E+6,  1.948476E-4
8.841250E+6,  1.850426E-4
8.847500E+6,  1.859143E-4
8.853750E+6,  2.053380E-4
8.860000E+6,  2.053231E-4
8.866250E+6,  1.992881E-4
8.872500E+6,  1.983866E-4
8.878750E+6,  1.693368E-4
8.885000E+6,  1.906753E-4
8.891250E+6,  1.984164E-4
8.897500E+6,  1.761541E-4
8.903750E+6,  2.081543E-4
8.910000E+6,  1.946762E-4
8.916250E+6,  1.956373E-4
8.922500E+6,  1.818687E-4
8.928750E+6,  2.009794E-4
8.935000E+6,  1.946837E-4
8.941250E+6,  2.199039E-4
8.947500E+6,  2.135411E-4
8.953750E+6,  1.850352E-4
8.960000E+6,  2.014264E-4
8.966250E+6,  2.075359E-4
8.972500E+6,  2.164915E-4
8.978750E+6,  2.051890E-4
8.985000E+6,  2.105087E-4
8.991250E+6,  2.134666E-4
8.997500E+6,  2.067685E-4
9.003750E+6,  1.994297E-4
9.010000E+6,  1.791641E-4
9.016250E+6,  2.017170E-4
9.022500E+6,  2.040416E-4
9.028750E+6,  2.233163E-4
9.035000E+6,  2.103522E-4
9.041250E+6,  2.015084E-4
9.047500E+6,  2.007335E-4
9.053750E+6,  1.996160E-4
9.060000E+6,  2.103373E-4
9.066250E+6,  2.133474E-4
9.072500E+6,  2.044514E-4
9.078750E+6,  1.978576E-4
9.085000E+6,  1.859665E-4
9.091250E+6,  2.277642E-4
9.097500E+6,  2.105981E-4
9.103750E+6,  2.138019E-4
9.110000E+6,  2.241358E-4
9.116250E+6,  2.234578E-4
9.122500E+6,  2.078265E-4
9.128750E+6,  2.168939E-4
9.135000E+6,  2.138093E-4
9.141250E+6,  2.200231E-4
9.147500E+6,  2.168715E-4
9.153750E+6,  2.054870E-4
9.160000E+6,  1.979470E-4
9.166250E+6,  2.039298E-4
9.172500E+6,  2.201647E-4
9.178750E+6,  2.200380E-4
9.185000E+6,  2.073869E-4
9.191250E+6,  2.200082E-4
9.197500E+6,  2.078786E-4
9.203750E+6,  2.167150E-4
9.210000E+6,  2.297387E-4
9.216250E+6,  2.169684E-4
9.222500E+6,  2.168864E-4
9.228750E+6,  2.237856E-4
9.235000E+6,  2.202615E-4
9.241250E+6,  2.326593E-4
9.247500E+6,  2.293810E-4
9.253750E+6,  2.169013E-4
9.260000E+6,  2.303496E-4
9.266250E+6,  2.389699E-4
9.272500E+6,  2.233535E-4
9.278750E+6,  2.201423E-4
9.285000E+6,  2.158955E-4
9.291250E+6,  2.299398E-4
9.297500E+6,  2.235845E-4
9.303750E+6,  2.393946E-4
9.310000E+6,  2.394617E-4
9.316250E+6,  2.174973E-4
9.322500E+6,  2.297014E-4
9.328750E+6,  2.332032E-4
9.335000E+6,  2.265424E-4
9.341250E+6,  2.423674E-4
9.347500E+6,  2.271980E-4
9.353750E+6,  2.393648E-4
9.360000E+6,  2.366900E-4
9.366250E+6,  2.549887E-4
9.372500E+6,  2.317280E-4
9.378750E+6,  2.426803E-4
9.385000E+6,  2.486110E-4
9.391250E+6,  2.581030E-4
9.397500E+6,  2.431273E-4
9.403750E+6,  2.525598E-4
9.410000E+6,  2.455860E-4
9.416250E+6,  2.519339E-4
9.422500E+6,  2.309158E-4
9.428750E+6,  2.518743E-4
9.435000E+6,  2.490133E-4
9.441250E+6,  2.552718E-4
9.447500E+6,  2.332404E-4
9.453750E+6,  2.506077E-4
9.460000E+6,  2.409071E-4
9.466250E+6,  2.459437E-4
9.472500E+6,  2.400801E-4
9.478750E+6,  2.615750E-4
9.485000E+6,  2.467036E-4
9.491250E+6,  2.583116E-4
9.497500E+6,  2.520680E-4
9.503750E+6,  2.644956E-4
9.510000E+6,  2.333149E-4
9.516250E+6,  2.533495E-4
9.522500E+6,  2.461672E-4
9.528750E+6,  2.783239E-4
9.535000E+6,  2.409741E-4
9.541250E+6,  2.486408E-4
9.547500E+6,  2.557635E-4
9.553750E+6,  2.592653E-4
9.560000E+6,  2.464950E-4
9.566250E+6,  2.526641E-4
9.572500E+6,  2.522022E-4
9.578750E+6,  2.714992E-4
9.585000E+6,  2.569854E-4
9.591250E+6,  2.560765E-4
9.597500E+6,  2.420247E-4
9.603750E+6,  2.659559E-4
9.610000E+6,  2.750754E-4
9.616250E+6,  2.627969E-4
9.622500E+6,  2.610385E-4
9.628750E+6,  2.603680E-4
9.635000E+6,  2.545714E-4
9.641250E+6,  2.775192E-4
9.647500E+6,  2.577454E-4
9.653750E+6,  2.782643E-4
9.660000E+6,  2.676994E-4
9.666250E+6,  2.885610E-4
9.672500E+6,  2.488196E-4
9.678750E+6,  2.844483E-4
9.685000E+6,  2.652109E-4
9.691250E+6,  2.655089E-4
9.697500E+6,  2.751946E-4
9.703750E+6,  2.723634E-4
9.710000E+6,  2.949834E-4
9.716250E+6,  2.767742E-4
9.722500E+6,  2.749264E-4
9.728750E+6,  2.665967E-4
9.735000E+6,  2.853274E-4
9.741250E+6,  2.892315E-4
9.747500E+6,  2.827942E-4
9.753750E+6,  2.860278E-4
9.760000E+6,  2.728999E-4
9.766250E+6,  2.815574E-4
9.772500E+6,  2.749413E-4
9.778750E+6,  2.803653E-4
9.785000E+6,  2.884269E-4
9.791250E+6,  2.919734E-4
9.797500E+6,  2.872646E-4
9.803750E+6,  2.918541E-4
9.810000E+6,  2.921522E-4
9.816250E+6,  2.920628E-4
9.822500E+6,  2.750456E-4
9.828750E+6,  2.919883E-4
9.835000E+6,  2.994239E-4
9.841250E+6,  2.922863E-4
9.847500E+6,  2.900958E-4
9.853750E+6,  3.039390E-4
9.860000E+6,  2.686232E-4
9.866250E+6,  2.711713E-4
9.872500E+6,  2.973676E-4
9.878750E+6,  3.030002E-4
9.885000E+6,  2.842546E-4
9.891250E+6,  3.207326E-4
9.897500E+6,  2.866089E-4
9.903750E+6,  2.977699E-4
9.910000E+6,  2.965331E-4
9.916250E+6,  2.990067E-4
9.922500E+6,  3.082454E-4
9.928750E+6,  3.018081E-4
9.935000E+6,  3.069788E-4
9.941250E+6,  3.057569E-4
9.947500E+6,  3.160536E-4
9.953750E+6,  3.060848E-4
9.960000E+6,  3.213733E-4
9.966250E+6,  3.059208E-4
9.972500E+6,  3.004670E-4
9.978750E+6,  3.126860E-4
9.985000E+6,  3.256351E-4
9.991250E+6,  3.159791E-4
9.997500E+6,  2.987534E-4
1.000375E+7,  3.091693E-4
1.001000E+7,  3.137290E-4
1.001625E+7,  3.077537E-4
1.002250E+7,  3.248751E-4
1.002875E+7,  3.142059E-4
1.003500E+7,  3.146678E-4
1.004125E+7,  3.407896E-4
1.004750E+7,  3.045797E-4
1.005375E+7,  3.262311E-4
1.006000E+7,  3.167242E-4
1.006625E+7,  3.063083E-4
1.007250E+7,  3.182292E-4
1.007875E+7,  3.125668E-4
1.008500E+7,  3.116876E-4
1.009125E+7,  3.337711E-4
1.009750E+7,  3.198385E-4
1.010375E+7,  3.470480E-4
1.011000E+7,  3.387630E-4
1.011625E+7,  3.418177E-4
1.012250E+7,  3.248900E-4
1.012875E+7,  3.428608E-4
1.013500E+7,  3.353357E-4
1.014125E+7,  3.386587E-4
1.014750E+7,  3.384799E-4
1.015375E+7,  3.498197E-4
1.016000E+7,  3.301501E-4
1.016625E+7,  3.332198E-4
1.017250E+7,  3.696084E-4
1.017875E+7,  3.523529E-4
1.018500E+7,  3.401488E-4
1.019125E+7,  3.643632E-4
1.019750E+7,  3.471524E-4
1.020375E+7,  3.495961E-4
1.021000E+7,  3.695339E-4
1.021625E+7,  3.566146E-4
1.022250E+7,  3.407300E-4
1.022875E+7,  3.578961E-4
1.023500E+7,  3.651530E-4
1.024125E+7,  3.681034E-4
1.024750E+7,  3.494769E-4
1.025375E+7,  3.536493E-4
1.026000E+7,  3.653169E-4
1.026625E+7,  3.527701E-4
1.027250E+7,  3.633797E-4
1.027875E+7,  3.543347E-4
1.028500E+7,  3.681630E-4
1.029125E+7,  3.799498E-4
1.029750E+7,  3.629029E-4
1.030375E+7,  3.769696E-4
1.031000E+7,  3.611147E-4
1.031625E+7,  3.719181E-4
1.032250E+7,  3.940612E-4
1.032875E+7,  3.701299E-4
1.033500E+7,  3.716797E-4
1.034125E+7,  3.848970E-4
1.034750E+7,  3.892332E-4
1.035375E+7,  3.770739E-4
1.036000E+7,  3.737062E-4
1.036625E+7,  3.806502E-4
1.037250E+7,  3.734529E-4
1.037875E+7,  4.067421E-4
1.038500E+7,  3.929436E-4
1.039125E+7,  3.978461E-4
1.039750E+7,  3.703833E-4
1.040375E+7,  3.947616E-4
1.041000E+7,  3.804713E-4
1.041625E+7,  3.968179E-4
1.042250E+7,  3.909618E-4
1.042875E+7,  4.083216E-4
1.043500E+7,  3.949404E-4
1.044125E+7,  4.121512E-4
1.044750E+7,  3.968626E-4
1.045375E+7,  4.070550E-4
1.046000E+7,  4.052818E-4
1.046625E+7,  4.019588E-4
1.047250E+7,  4.136115E-4
1.047875E+7,  4.174858E-4
1.048500E+7,  4.035085E-4
1.049125E+7,  4.067421E-4
1.049750E+7,  4.055947E-4
1.050375E+7,  4.139096E-4
1.051000E+7,  4.157424E-4
1.051625E+7,  4.162341E-4
1.052250E+7,  4.216880E-4
1.052875E+7,  4.222095E-4
1.053500E+7,  4.189759E-4
1.054125E+7,  4.380941E-4
1.054750E+7,  4.100353E-4
1.055375E+7,  4.260391E-4
1.056000E+7,  4.229844E-4
1.056625E+7,  4.299432E-4
1.057250E+7,  4.434735E-4
1.057875E+7,  4.230291E-4
1.058500E+7,  4.363060E-4
1.059125E+7,  4.387349E-4
1.059750E+7,  4.394054E-4
1.060375E+7,  4.620403E-4
1.061000E+7,  4.403591E-4
1.061625E+7,  4.435480E-4
1.062250E+7,  4.539937E-4
1.062875E+7,  4.368871E-4
1.063500E+7,  4.514456E-4
1.064125E+7,  4.541874E-4
1.064750E+7,  4.450083E-4
1.065375E+7,  4.679561E-4
1.066000E+7,  4.636496E-4
1.066625E+7,  4.537851E-4
1.067250E+7,  4.601181E-4
1.067875E+7,  4.707575E-4
1.068500E+7,  4.271865E-4
1.069125E+7,  4.816651E-4
1.069750E+7,  4.963279E-4
1.070375E+7,  4.820526E-4
1.071000E+7,  4.671514E-4
1.071625E+7,  4.593432E-4
1.072250E+7,  4.672855E-4
1.072875E+7,  4.601926E-4
1.073500E+7,  4.938543E-4
1.074125E+7,  4.937351E-4
1.074750E+7,  4.794896E-4
1.075375E+7,  4.951358E-4
1.076000E+7,  4.798621E-4
1.076625E+7,  4.867166E-4
1.077250E+7,  4.951358E-4
1.077875E+7,  5.117357E-4
1.078500E+7,  5.024970E-4
1.079125E+7,  5.035400E-4
1.079750E+7,  4.999936E-4
1.080375E+7,  4.879385E-4
1.081000E+7,  5.019605E-4
1.081625E+7,  4.986525E-4
1.082250E+7,  5.021095E-4
1.082875E+7,  5.192459E-4
1.083500E+7,  5.133450E-4
1.084125E+7,  5.172193E-4
1.084750E+7,  5.058944E-4
1.085375E+7,  5.177259E-4
1.086000E+7,  5.158484E-4
1.086625E+7,  5.347729E-4
1.087250E+7,  5.339384E-4
1.087875E+7,  5.390644E-4
1.088500E+7,  5.179644E-4
1.089125E+7,  5.378425E-4
1.089750E+7,  5.258322E-4
1.090375E+7,  5.384386E-4
1.091000E+7,  5.475879E-4
1.091625E+7,  5.422831E-4
1.092250E+7,  5.434453E-4
1.092875E+7,  5.536079E-4
1.093500E+7,  5.450547E-4
1.094125E+7,  5.508363E-4
1.094750E+7,  5.614161E-4
1.095375E+7,  5.511940E-4
1.096000E+7,  5.549788E-4
1.096625E+7,  5.642474E-4
1.097250E+7,  5.674660E-4
1.097875E+7,  5.556345E-4
1.098500E+7,  5.820096E-4
1.099125E+7,  5.691051E-4
1.099750E+7,  5.761385E-4
1.100375E+7,  5.870163E-4
1.101000E+7,  5.643368E-4
1.101625E+7,  5.791187E-4
1.102250E+7,  5.810261E-4
1.102875E+7,  5.954206E-4
1.103500E+7,  5.933642E-4
1.104125E+7,  5.906522E-4
1.104750E+7,  5.949736E-4
1.105375E+7,  5.991459E-4
1.106000E+7,  5.992353E-4
1.106625E+7,  6.079078E-4
1.107250E+7,  5.909204E-4
1.107875E+7,  6.092489E-4
1.108500E+7,  6.071627E-4
1.109125E+7,  6.020069E-4
1.109750E+7,  6.399453E-4
1.110375E+7,  6.291270E-4
1.111000E+7,  6.077886E-4
1.111625E+7,  6.237328E-4
1.112250E+7,  6.244481E-4
1.112875E+7,  6.283820E-4
1.113500E+7,  6.238520E-4
1.114125E+7,  6.394684E-4
1.114750E+7,  6.364584E-4
1.115375E+7,  6.511509E-4
1.116000E+7,  6.647110E-4
1.116625E+7,  6.441176E-4
1.117250E+7,  6.791353E-4
1.117875E+7,  6.792247E-4
1.118500E+7,  6.655157E-4
1.119125E+7,  6.950498E-4
1.119750E+7,  6.911159E-4
1.120375E+7,  6.973743E-4
1.121000E+7,  7.342696E-4
1.121625E+7,  7.407069E-4
1.122250E+7,  7.690489E-4
1.122875E+7,  7.941723E-4
1.123500E+7,  8.935034E-4
1.124125E+7,  8.732677E-4
1.124750E+7,  8.859932E-4
1.125375E+7,  8.601546E-4
1.126000E+7,  8.543134E-4
1.126625E+7,  8.653700E-4
1.127250E+7,  9.106994E-4
1.127875E+7,  8.544326E-4
1.128500E+7,  8.931458E-4
1.129125E+7,  8.228719E-4
1.129750E+7,  7.579625E-4
1.130375E+7,  8.311570E-4
1.131000E+7,  8.246601E-4
1.131625E+7,  8.823872E-4
1.132250E+7,  8.994043E-4
1.132875E+7,  8.794665E-4
1.133500E+7,  8.987486E-4
1.134125E+7,  8.562505E-4
1.134750E+7,  8.477271E-4
1.135375E+7,  8.426905E-4
1.136000E+7,  8.038878E-4
1.136625E+7,  8.842945E-4
1.137250E+7,  8.876920E-4
1.137875E+7,  9.008944E-4
1.138500E+7,  9.040833E-4
1.139125E+7,  8.897185E-4
1.139750E+7,  8.740127E-4
1.140375E+7,  8.659959E-4
1.141000E+7,  8.407831E-4
1.141625E+7,  8.419454E-4
1.142250E+7,  8.791089E-4
1.142875E+7,  9.340346E-4
1.143500E+7,  8.871853E-4
1.144125E+7,  8.904338E-4
1.144750E+7,  9.732246E-4
1.145375E+7,  1.001060E-3
1.146000E+7,  9.713471E-4
1.146625E+7,  1.031041E-3
1.147250E+7,  9.990931E-4
1.147875E+7,  9.708405E-4
1.148500E+7,  9.712279E-4
1.149125E+7,  1.098335E-3
1.149750E+7,  1.119196E-3
1.150375E+7,  1.099288E-3
1.151000E+7,  1.095295E-3
1.151625E+7,  1.111805E-3
1.152250E+7,  1.125276E-3
1.152875E+7,  1.064301E-3
1.153500E+7,  1.012862E-3
1.154125E+7,  1.129031E-3
1.154750E+7,  1.159489E-3
1.155375E+7,  1.115441E-3
1.156000E+7,  1.278341E-3
1.156625E+7,  1.254261E-3
1.157250E+7,  1.295149E-3
1.157875E+7,  1.301408E-3
1.158500E+7,  1.422584E-3
1.159125E+7,  1.288295E-3
1.159750E+7,  1.229882E-3
1.160375E+7,  1.323521E-3
1.161000E+7,  1.320362E-3
1.161625E+7,  1.469910E-3
1.162250E+7,  1.489699E-3
1.162875E+7,  1.778245E-3
1.163500E+7,  1.900077E-3
1.164125E+7,  2.144694E-3
1.164750E+7,  2.353430E-3
1.165375E+7,  2.290130E-3
1.166000E+7,  2.191424E-3
1.166625E+7,  2.454400E-3
1.167250E+7,  2.323627E-3
1.167875E+7,  2.355695E-3
1.168500E+7,  2.372503E-3
1.169125E+7,  2.372146E-3
1.169750E+7,  2.398014E-3
1.170375E+7,  2.388597E-3
1.171000E+7,  2.464652E-3
1.171625E+7,  2.483368E-3
1.172250E+7,  2.497673E-3
1.172875E+7,  2.473354E-3
1.173500E+7,  2.522349E-3
1.174125E+7,  2.573967E-3
1.174750E+7,  2.524972E-3
1.175375E+7,  2.578139E-3
1.176000E+7,  2.593994E-3
1.176625E+7,  2.605915E-3
1.177250E+7,  2.628446E-3
1.177875E+7,  2.672315E-3
1.178500E+7,  2.714992E-3
1.179125E+7,  2.760649E-3
1.179750E+7,  2.752662E-3
1.180375E+7,  2.698183E-3
1.181000E+7,  2.652645E-3
1.181625E+7,  2.680302E-3
1.182250E+7,  2.808809E-3
1.182875E+7,  2.864003E-3
1.183500E+7,  2.863526E-3
1.184125E+7,  2.932072E-3
1.184750E+7,  2.873659E-3
1.185375E+7,  2.943635E-3
1.186000E+7,  2.968311E-3
1.186625E+7,  2.992988E-3
1.187250E+7,  3.011227E-3
1.187875E+7,  3.069162E-3
1.188500E+7,  3.053427E-3
1.189125E+7,  3.072619E-3
1.189750E+7,  3.112435E-3
1.190375E+7,  3.142834E-3
1.191000E+7,  3.178477E-3
1.191625E+7,  3.174186E-3
1.192250E+7,  3.207922E-3
1.192875E+7,  3.276348E-3
1.193500E+7,  3.244519E-3
1.194125E+7,  3.315210E-3
1.194750E+7,  3.311992E-3
1.195375E+7,  3.385663E-3
1.196000E+7,  3.356814E-3
1.196625E+7,  3.419042E-3
1.197250E+7,  3.389835E-3
1.197875E+7,  3.450871E-3
1.198500E+7,  3.473997E-3
1.199125E+7,  3.605962E-3
1.199750E+7,  3.571630E-3
1.200375E+7,  3.583431E-3
1.201000E+7,  3.575325E-3
1.201625E+7,  3.618956E-3
1.202250E+7,  3.676057E-3
1.202875E+7,  3.695011E-3
1.203500E+7,  3.720403E-3
1.204125E+7,  3.677845E-3
1.204750E+7,  3.728747E-3
1.205375E+7,  3.845930E-3
1.206000E+7,  3.762484E-3
1.206625E+7,  3.893733E-3
1.207250E+7,  3.938437E-3
1.207875E+7,  3.921509E-3
1.208500E+7,  3.893018E-3
1.209125E+7,  3.931522E-3
1.209750E+7,  3.948689E-3
1.210375E+7,  3.973722E-3
1.211000E+7,  4.064083E-3
1.211625E+7,  4.059315E-3
1.212250E+7,  4.098177E-3
1.212875E+7,  4.131556E-3
1.213500E+7,  4.211187E-3
1.214125E+7,  4.232168E-3
1.214750E+7,  4.249811E-3
1.215375E+7,  4.311562E-3
1.216000E+7,  4.318476E-3
1.216625E+7,  4.374266E-3
1.217250E+7,  4.403830E-3
1.217875E+7,  4.501820E-3
1.218500E+7,  4.509926E-3
1.219125E+7,  4.589319E-3
1.219750E+7,  4.617929E-3
1.220375E+7,  4.706383E-3
1.221000E+7,  4.721403E-3
1.221625E+7,  4.789352E-3
1.222250E+7,  4.827976E-3
1.222875E+7,  4.909992E-3
1.223500E+7,  4.951000E-3
1.224125E+7,  4.985332E-3
1.224750E+7,  5.023718E-3
1.225375E+7,  5.098104E-3
1.226000E+7,  5.152702E-3
1.226625E+7,  5.211830E-3
1.227250E+7,  5.283117E-3
1.227875E+7,  5.390167E-3
1.228500E+7,  5.467892E-3
1.229125E+7,  5.522490E-3
1.229750E+7,  5.593777E-3
1.230375E+7,  5.640268E-3
1.231000E+7,  5.676508E-3
1.231625E+7,  5.805731E-3
1.232250E+7,  5.860090E-3
1.232875E+7,  5.915403E-3
1.233500E+7,  5.991220E-3
1.234125E+7,  6.047726E-3
1.234750E+7,  6.125450E-3
1.235375E+7,  6.265402E-3
1.236000E+7,  6.331205E-3
1.236625E+7,  6.395102E-3
1.237250E+7,  6.459951E-3
1.237875E+7,  6.559134E-3
1.238500E+7,  6.653547E-3
1.239125E+7,  6.768942E-3
1.239750E+7,  6.821871E-3
1.240375E+7,  6.947994E-3
1.241000E+7,  6.954193E-3
1.241625E+7,  7.124186E-3
1.242250E+7,  7.279634E-3
1.242875E+7,  7.353544E-3
1.243500E+7,  7.378578E-3
1.244125E+7,  7.529736E-3
1.244750E+7,  7.668018E-3
1.245375E+7,  7.762432E-3
1.246000E+7,  7.933617E-3
1.246625E+7,  7.980824E-3
1.247250E+7,  8.112431E-3
1.247875E+7,  8.251667E-3
1.248500E+7,  8.382320E-3
1.249125E+7,  8.525372E-3
1.249750E+7,  8.640289E-3
1.250375E+7,  8.861065E-3
1.251000E+7,  8.940220E-3
1.251625E+7,  9.081364E-3
1.252250E+7,  9.239674E-3
1.252875E+7,  9.460926E-3
1.253500E+7,  9.560585E-3
1.254125E+7,  9.717464E-3
1.254750E+7,  9.864330E-3
1.255375E+7,  1.004601E-2
1.256000E+7,  1.025105E-2
1.256625E+7,  1.046610E-2
1.257250E+7,  1.061869E-2
1.257875E+7,  1.077986E-2
1.258500E+7,  1.098061E-2
1.259125E+7,  1.121664E-2
1.259750E+7,  1.141882E-2
1.260375E+7,  1.164436E-2
1.261000E+7,  1.182747E-2
1.261625E+7,  1.221657E-2
1.262250E+7,  1.226997E-2
1.262875E+7,  1.283407E-2
1.263500E+7,  1.267385E-2
1.264125E+7,  1.315928E-2
1.264750E+7,  1.350546E-2
1.265375E+7,  1.366520E-2
1.266000E+7,  1.410007E-2
1.266625E+7,  1.425314E-2
1.267250E+7,  1.480246E-2
1.267875E+7,  1.524544E-2
1.268500E+7,  1.593304E-2
1.269125E+7,  1.612663E-2
1.269750E+7,  1.565647E-2
1.270375E+7,  1.561737E-2
1.271000E+7,  1.814556E-2
1.271625E+7,  1.707363E-2
1.272250E+7,  1.747227E-2
1.272875E+7,  1.793957E-2
1.273500E+7,  1.864338E-2
1.274125E+7,  1.898956E-2
1.274750E+7,  1.966572E-2
1.275375E+7,  1.981640E-2
1.276000E+7,  2.042961E-2
1.276625E+7,  2.081966E-2
1.277250E+7,  1.571083E-2
1.277875E+7,  2.023315E-2
1.278500E+7,  2.337456E-2
1.279125E+7,  2.462959E-2
1.279750E+7,  2.400780E-2
1.280375E+7,  2.326202E-2
1.281000E+7,  2.183533E-2
1.281625E+7,  2.801514E-2
1.282250E+7,  2.826023E-2
1.282875E+7,  2.839565E-2
1.283500E+7,  2.701569E-2
1.284125E+7,  3.238297E-2
1.284750E+7,  3.256035E-2
1.285375E+7,  3.433037E-2
1.286000E+7,  3.473854E-2
1.286625E+7,  3.700447E-2
1.287250E+7,  3.793907E-2
1.287875E+7,  3.831863E-2
1.288500E+7,  3.896332E-2
1.289125E+7,  4.298592E-2
1.289750E+7,  4.390907E-2
1.290375E+7,  4.445076E-2
1.291000E+7,  4.665756E-2
1.291625E+7,  5.063248E-2
1.292250E+7,  4.579926E-2
1.292875E+7,  5.191994E-2
1.293500E+7,  4.902077E-2
1.294125E+7,  5.274010E-2
1.294750E+7,  4.564095E-2
1.295375E+7,  3.508949E-2
1.296000E+7,  2.900600E-2
1.296625E+7,  2.879333E-2
1.297250E+7,  3.067303E-2
1.297875E+7,  3.214645E-2
1.298500E+7,  3.373337E-2
1.299125E+7,  3.569221E-2
1.299750E+7,  3.774834E-2
1.300375E+7,  4.018784E-2
1.301000E+7,  4.291344E-2
1.301625E+7,  4.565048E-2
1.302250E+7,  4.907608E-2
1.302875E+7,  5.252647E-2
1.303500E+7,  5.653572E-2
1.304125E+7,  6.079102E-2
1.304750E+7,  6.558228E-2
1.305375E+7,  7.067871E-2
1.306000E+7,  7.627869E-2
1.306625E+7,  8.245468E-2
1.307250E+7,  8.875275E-2
1.307875E+7,  9.548950E-2
1.308500E+7,  1.012115E-1
1.309125E+7,  1.062584E-1
1.309750E+7,  1.093369E-1
1.310375E+7,  1.109390E-1
1.311000E+7,  1.106148E-1
1.311625E+7,  1.088371E-1
1.312250E+7,  1.059494E-1
1.312875E+7,  1.021042E-1
1.313500E+7,  9.762955E-2
1.314125E+7,  9.227753E-2
1.314750E+7,  8.826447E-2
1.315375E+7,  8.449554E-2
1.316000E+7,  8.057785E-2
1.316625E+7,  7.703400E-2
1.317250E+7,  7.263947E-2
1.317875E+7,  6.979370E-2
1.318500E+7,  6.678009E-2
1.319125E+7,  6.457901E-2
1.319750E+7,  6.149483E-2
1.320375E+7,  5.936813E-2
1.321000E+7,  5.797577E-2
1.321625E+7,  5.544853E-2
1.322250E+7,  5.375481E-2
1.322875E+7,  5.268478E-2
1.323500E+7,  5.174828E-2
1.324125E+7,  5.115700E-2
1.324750E+7,  5.104828E-2
1.325375E+7,  5.096436E-2
1.326000E+7,  4.968452E-2
1.326625E+7,  4.901695E-2
1.327250E+7,  4.855728E-2
1.327875E+7,  4.839134E-2
1.328500E+7,  4.751015E-2
1.329125E+7,  4.785156E-2
1.329750E+7,  4.729271E-2
1.330375E+7,  4.654312E-2
1.331000E+7,  4.752922E-2
1.331625E+7,  4.737473E-2
1.332250E+7,  4.833031E-2
1.332875E+7,  4.674149E-2
1.333500E+7,  4.535866E-2
1.334125E+7,  4.481697E-2
1.334750E+7,  4.448318E-2
1.335375E+7,  4.524040E-2
1.336000E+7,  4.515839E-2
1.336625E+7,  4.476357E-2
1.337250E+7,  4.559898E-2
1.337875E+7,  4.536438E-2
1.338500E+7,  4.536819E-2
1.339125E+7,  4.635811E-2
1.339750E+7,  4.646683E-2
1.340375E+7,  4.658127E-2
1.341000E+7,  4.708481E-2
1.341625E+7,  4.817581E-2
1.342250E+7,  4.882240E-2
1.342875E+7,  5.000305E-2
1.343500E+7,  5.129051E-2
1.344125E+7,  5.188370E-2
1.344750E+7,  5.334663E-2
1.345375E+7,  5.468559E-2
1.346000E+7,  5.597305E-2
1.346625E+7,  5.799675E-2
1.347250E+7,  6.040001E-2
1.347875E+7,  6.200790E-2
1.348500E+7,  6.353760E-2
1.349125E+7,  6.575775E-2
1.349750E+7,  6.841660E-2
1.350375E+7,  7.167435E-2
1.351000E+7,  7.423401E-2
1.351625E+7,  7.703400E-2
1.352250E+7,  8.020401E-2
1.352875E+7,  8.349991E-2
1.353500E+7,  8.690262E-2
1.354125E+7,  8.980179E-2
1.354750E+7,  9.254837E-2
1.355375E+7,  9.469986E-2
1.356000E+7,  9.590530E-2
1.356625E+7,  9.611893E-2
1.357250E+7,  9.519577E-2
1.357875E+7,  9.323883E-2
1.358500E+7,  9.020233E-2
1.359125E+7,  8.646011E-2
1.359750E+7,  8.219147E-2
1.360375E+7,  7.752228E-2
1.361000E+7,  7.283401E-2
1.361625E+7,  6.839371E-2
1.362250E+7,  6.401443E-2
1.362875E+7,  5.984116E-2
1.363500E+7,  5.615425E-2
1.364125E+7,  5.261421E-2
1.364750E+7,  4.925728E-2
1.365375E+7,  4.630089E-2
1.366000E+7,  4.359055E-2
1.366625E+7,  4.120636E-2
1.367250E+7,  3.893471E-2
1.367875E+7,  3.682899E-2
1.368500E+7,  3.490067E-2
1.369125E+7,  3.303909E-2
1.369750E+7,  3.138351E-2
1.370375E+7,  2.986813E-2
1.371000E+7,  2.846718E-2
1.371625E+7,  2.718449E-2
1.372250E+7,  2.603626E-2
1.372875E+7,  2.491379E-2
1.373500E+7,  2.387142E-2
1.374125E+7,  2.291298E-2
1.374750E+7,  2.198887E-2
1.375375E+7,  2.114391E-2
1.376000E+7,  2.040958E-2
1.376625E+7,  1.963425E-2
1.377250E+7,  1.892853E-2
1.377875E+7,  1.830673E-2
1.378500E+7,  1.769352E-2
1.379125E+7,  1.709270E-2
1.379750E+7,  1.652527E-2
1.380375E+7,  1.604080E-2
1.381000E+7,  1.554918E-2
1.381625E+7,  1.508045E-2
1.382250E+7,  1.461458E-2
1.382875E+7,  1.424408E-2
1.383500E+7,  1.383829E-2
1.384125E+7,  1.346254E-2
1.384750E+7,  1.308823E-2
1.385375E+7,  1.275063E-2
1.386000E+7,  1.242542E-2
1.386625E+7,  1.211548E-2
1.387250E+7,  1.182079E-2
1.387875E+7,  1.152802E-2
1.388500E+7,  1.128483E-2
1.389125E+7,  1.101398E-2
1.389750E+7,  1.073217E-2
1.390375E+7,  1.053715E-2
1.391000E+7,  1.029396E-2
1.391625E+7,  1.008749E-2
1.392250E+7,  9.860992E-3
1.392875E+7,  9.695530E-3
1.393500E+7,  9.473801E-3
1.394125E+7,  9.301662E-3
1.394750E+7,  9.113312E-3
1.395375E+7,  8.957386E-3
1.396000E+7,  8.801460E-3
1.396625E+7,  8.659840E-3
1.397250E+7,  8.496761E-3
1.397875E+7,  8.349419E-3
1.398500E+7,  8.170128E-3
1.399125E+7,  8.083820E-3
1.399750E+7,  7.955551E-3
1.400375E+7,  7.825851E-3
1.401000E+7,  7.707357E-3
1.401625E+7,  7.615805E-3
1.402250E+7,  7.483721E-3
1.402875E+7,  7.380486E-3
1.403500E+7,  7.272959E-3
1.404125E+7,  7.186174E-3
1.404750E+7,  7.087231E-3
1.405375E+7,  6.989717E-3
1.406000E+7,  6.910563E-3
1.406625E+7,  6.827831E-3
1.407250E+7,  6.766081E-3
1.407875E+7,  6.665230E-3
1.408500E+7,  6.611109E-3
1.409125E+7,  6.560326E-3
1.409750E+7,  6.496429E-3
1.410375E+7,  6.399632E-3
1.411000E+7,  6.362200E-3
1.411625E+7,  6.295681E-3
1.412250E+7,  6.251574E-3
1.412875E+7,  6.201267E-3
1.413500E+7,  6.153822E-3
1.414125E+7,  6.103039E-3
1.414750E+7,  6.064177E-3
1.415375E+7,  6.000042E-3
1.416000E+7,  5.972147E-3
1.416625E+7,  5.940199E-3
1.417250E+7,  5.931139E-3
1.417875E+7,  5.889654E-3
1.418500E+7,  5.850554E-3
1.419125E+7,  5.837917E-3
1.419750E+7,  5.837440E-3
1.420375E+7,  5.805254E-3
1.421000E+7,  5.804062E-3
1.421625E+7,  5.784273E-3
1.422250E+7,  5.766630E-3
1.422875E+7,  5.769491E-3
1.423500E+7,  5.766869E-3
1.424125E+7,  5.761385E-3
1.424750E+7,  5.773067E-3
1.425375E+7,  5.774498E-3
1.426000E+7,  5.784512E-3
1.426625E+7,  5.816221E-3
1.427250E+7,  5.815506E-3
1.427875E+7,  5.850315E-3
1.428500E+7,  5.892277E-3
1.429125E+7,  5.913258E-3
1.429750E+7,  5.935431E-3
1.430375E+7,  5.996943E-3
1.431000E+7,  6.030083E-3
1.431625E+7,  6.053209E-3
1.432250E+7,  6.164312E-3
1.432875E+7,  6.239414E-3
1.433500E+7,  6.280184E-3
1.434125E+7,  6.383419E-3
1.434750E+7,  6.479025E-3
1.435375E+7,  6.581068E-3
1.436000E+7,  6.705046E-3
1.436625E+7,  6.821871E-3
1.437250E+7,  6.975412E-3
1.437875E+7,  7.106066E-3
1.438500E+7,  7.301569E-3
1.439125E+7,  7.474422E-3
1.439750E+7,  7.715225E-3
1.440375E+7,  7.942677E-3
1.441000E+7,  8.215427E-3
1.441625E+7,  8.494377E-3
1.442250E+7,  8.862019E-3
1.442875E+7,  9.229183E-3
1.443500E+7,  9.695530E-3
1.444125E+7,  1.020670E-2
1.444750E+7,  1.075459E-2
1.445375E+7,  1.143932E-2
1.446000E+7,  1.221371E-2
1.446625E+7,  1.313686E-2
1.447250E+7,  1.417446E-2
1.447875E+7,  1.544619E-2
1.448500E+7,  1.693153E-2
1.449125E+7,  1.859665E-2
1.449750E+7,  2.040100E-2
1.450375E+7,  2.208424E-2
1.451000E+7,  2.336979E-2
1.451625E+7,  2.374268E-2
1.452250E+7,  2.293205E-2
1.452875E+7,  2.116394E-2
1.453500E+7,  1.888180E-2
1.454125E+7,  1.663876E-2
1.454750E+7,  1.454544E-2
1.455375E+7,  1.275969E-2
1.456000E+7,  1.123095E-2
1.456625E+7,  9.955406E-3
1.457250E+7,  8.887768E-3
1.457875E+7,  7.990837E-3
1.458500E+7,  7.210255E-3
1.459125E+7,  6.570578E-3
1.459750E+7,  5.997419E-3
1.460375E+7,  5.516052E-3
1.461000E+7,  5.051613E-3
1.461625E+7,  4.657984E-3
1.462250E+7,  4.334450E-3
1.462875E+7,  4.023552E-3
1.463500E+7,  3.751159E-3
1.464125E+7,  3.511190E-3
1.464750E+7,  3.263593E-3
1.465375E+7,  3.054976E-3
1.466000E+7,  2.904296E-3
1.466625E+7,  2.711296E-3
1.467250E+7,  2.569675E-3
1.467875E+7,  2.429962E-3
1.468500E+7,  2.292275E-3
1.469125E+7,  2.163053E-3
1.469750E+7,  2.073884E-3
1.470375E+7,  1.946270E-3
1.471000E+7,  1.882136E-3
1.471625E+7,  1.781404E-3
1.472250E+7,  1.675427E-3
1.472875E+7,  1.583755E-3
1.473500E+7,  1.513898E-3
1.474125E+7,  1.448095E-3
1.474750E+7,  1.394331E-3
1.475375E+7,  1.346052E-3
1.476000E+7,  1.250863E-3
1.476625E+7,  1.201987E-3
1.477250E+7,  1.155972E-3
1.477875E+7,  1.107752E-3
1.478500E+7,  1.072466E-3
1.479125E+7,  1.039207E-3
1.479750E+7,  9.922981E-4
1.480375E+7,  9.464324E-4
1.481000E+7,  8.938313E-4
1.481625E+7,  8.730292E-4
1.482250E+7,  8.193254E-4
1.482875E+7,  7.725656E-4
1.483500E+7,  7.624924E-4
1.484125E+7,  7.590652E-4
1.484750E+7,  7.230341E-4
1.485375E+7,  6.866753E-4
1.486000E+7,  6.746054E-4
1.486625E+7,  6.412864E-4
1.487250E+7,  6.141663E-4
1.487875E+7,  6.053746E-4
1.488500E+7,  5.665421E-4
1.489125E+7,  5.717874E-4
1.489750E+7,  5.386174E-4
1.490375E+7,  5.193353E-4
1.491000E+7,  5.223751E-4
1.491625E+7,  5.020797E-4
1.492250E+7,  4.759580E-4
1.492875E+7,  4.855245E-4
1.493500E+7,  4.247874E-4
1.494125E+7,  4.219115E-4
1.494750E+7,  4.127175E-4
1.495375E+7,  3.853738E-4
1.496000E+7,  3.955066E-4
1.496625E+7,  3.803819E-4
1.497250E+7,  3.565550E-4
1.497875E+7,  3.578663E-4
1.498500E+7,  3.338605E-4
1.499125E+7,  3.134459E-4
1.499750E+7,  3.048927E-4
1.500375E+7,  2.942383E-4
1.501000E+7,  3.082454E-4
1.501625E+7,  2.622157E-4
1.502250E+7,  2.771020E-4
1.502875E+7,  2.983212E-4
1.503500E+7,  2.472103E-4
1.504125E+7,  2.542436E-4
1.504750E+7,  2.308860E-4
1.505375E+7,  2.255887E-4
1.506000E+7,  2.313852E-4
1.506625E+7,  2.034828E-4
1.507250E+7,  2.061129E-4
1.507875E+7,  2.093986E-4
1.508500E+7,  1.880229E-4
1.509125E+7,  1.944602E-4
1.509750E+7,  2.085119E-4
1.510375E+7,  1.951233E-4
1.511000E+7,  1.950860E-4
1.511625E+7,  1.698360E-4
1.512250E+7,  1.680404E-4
1.512875E+7,  1.669228E-4
1.513500E+7,  1.652241E-4
1.514125E+7,  1.343787E-4
1.514750E+7,  1.410544E-4
1.515375E+7,  1.655221E-4
1.516000E+7,  1.236200E-4
1.516625E+7,  1.287311E-4
1.517250E+7,  1.121052E-4
1.517875E+7,  1.432747E-4
1.518500E+7,  1.129173E-4
1.519125E+7,  1.209006E-4
1.519750E+7,  1.138076E-4
1.520375E+7,  1.124889E-4
1.521000E+7,  1.221821E-4
1.521625E+7,  1.042448E-4
1.522250E+7,  8.357689E-5
1.522875E+7,  9.157881E-5
1.523500E+7,  9.230897E-5
1.524125E+7,  1.141988E-4
1.524750E+7,  1.064539E-4
1.525375E+7,  8.247420E-5
1.526000E+7,  9.280071E-5
1.526625E+7,  6.968156E-5
1.527250E+7,  7.814169E-5
1.527875E+7,  1.108274E-4
1.528500E+7,  6.132945E-5
1.529125E+7,  1.098774E-4
1.529750E+7,  5.383790E-5
1.530375E+7,  9.191036E-5
1.531000E+7,  5.727448E-5
1.531625E+7,  6.226078E-5
1.532250E+7,  7.767603E-5
1.532875E+7,  9.197369E-5
1.533500E+7,  8.668378E-5
1.534125E+7,  7.823110E-5
1.534750E+7,  8.026883E-5
1.535375E+7,  6.790459E-5
1.536000E+7,  3.427453E-5
1.536625E+7,  7.505715E-5
1.537250E+7,  6.641075E-5
1.537875E+7,  3.745034E-5
1.538500E+7,  4.023686E-5
1.539125E+7,  6.072968E-5
1.539750E+7,  4.591793E-5
1.540375E+7,  5.680136E-5
1.541000E+7,  5.015545E-5
1.541625E+7,  3.246777E-5
1.542250E+7,  3.405660E-5
1.542875E+7,  4.218146E-5
1.543500E+7,  3.948621E-5
1.544125E+7,  5.391054E-5
1.544750E+7,  4.296750E-5
1.545375E+7,  3.710389E-5
1.546000E+7,  3.759749E-5
1.546625E+7,  1.187017E-5
1.547250E+7,  2.673361E-5
1.547875E+7,  3.022887E-5
1.548500E+7,  3.297813E-5
1.549125E+7,  3.783591E-5
1.549750E+7,  1.248531E-5
1.550375E+7,  1.634564E-5
1.551000E+7,  1.620036E-5
1.551625E+7,  3.725663E-5
1.552250E+7,  1.706276E-5
1.552875E+7,  1.740642E-5
1.553500E+7,  1.664925E-5
1.554125E+7,  3.694370E-5
1.554750E+7,  4.633702E-5
1.555375E+7,  1.200661E-5
1.556000E+7,  3.105961E-5
1.556625E+7,  2.062786E-5
1.557250E+7,  3.862940E-5
1.557875E+7,  3.743730E-5
1.558500E+7,  3.486313E-5
1.559125E+7,  3.853068E-5
1.559750E+7,  1.669582E-5
1.560375E+7,  2.544187E-5
1.561000E+7,  1.671072E-5
1.561625E+7,  2.959184E-5
1.562250E+7,  1.803599E-5
1.562875E+7,  2.047047E-5
1.563500E+7,  1.778640E-5
1.564125E+7,  1.405459E-5
1.564750E+7,  7.691793E-6
1.565375E+7,  1.730025E-5
1.566000E+7,  1.710560E-5
1.566625E+7,  2.347119E-5
1.567250E+7,  2.341252E-5
1.567875E+7,  2.762303E-5
1.568500E+7,  1.083268E-5
1.569125E+7,  1.913682E-5
1.569750E+7,  1.376960E-5
1.570375E+7,  3.413297E-5
1.571000E+7,  1.072697E-5
1.571625E+7,  1.696590E-5
1.572250E+7,  2.282858E-5
1.572875E+7,  7.609371E-6
1.573500E+7,  1.138262E-5
1.574125E+7,  1.691561E-5
1.574750E+7,  2.275314E-5
1.575375E+7,  1.693703E-5
1.576000E+7,  3.784313E-6
1.576625E+7,  2.737064E-5
1.577250E+7,  1.072418E-5
1.577875E+7,  2.275314E-5
1.578500E+7,  1.137378E-5
1.579125E+7,  1.695473E-5
1.579750E+7,  1.135981E-5
1.580375E+7,  2.035312E-5
1.581000E+7,  1.067715E-5
1.581625E+7,  1.685228E-5
1.582250E+7,  8.424278E-6
1.582875E+7,  2.713129E-5
1.583500E+7,  6.339462E-10
1.584125E+7,  1.130346E-5
1.584750E+7,  1.360103E-5
1.585375E+7,  3.760681E-6
1.586000E+7,  1.063943E-5
1.586625E+7,  7.529045E-6
1.587250E+7,  3.758236E-6
1.587875E+7,  1.063151E-5
1.588500E+7,  2.254825E-5
1.589125E+7,  1.355540E-5
1.589750E+7,  2.282765E-5
1.590375E+7,  1.678895E-5
1.591000E+7,  1.061754E-5
1.591625E+7,  7.501105E-6
1.592250E+7,  1.874659E-5
1.592875E+7,  2.280157E-5
1.593500E+7,  2.017710E-5
1.594125E+7,  1.496309E-5
1.594750E+7,  6.298251E-10
1.595375E+7,  1.674797E-5
1.596000E+7,  2.363045E-5
1.596625E+7,  7.489463E-6
1.597250E+7,  2.278667E-5
1.597875E+7,  2.248026E-5
1.598500E+7,  1.872703E-5
1.599125E+7,  1.872890E-5
1.599750E+7,  1.496915E-5
1.600375E+7,  1.720525E-5
1.601000E+7,  1.735836E-4
1.601625E+7,  2.485514E-4
1.602250E+7,  1.522228E-4
1.602875E+7,  7.174164E-5
1.603500E+7,  5.911477E-5
1.604125E+7,  7.103756E-5
1.604750E+7,  4.058331E-5
1.605375E+7,  7.975101E-5
1.606000E+7,  4.490837E-5
1.606625E+7,  6.419793E-5
1.607250E+7,  6.539747E-5
1.607875E+7,  1.227185E-4
1.608500E+7,  7.114932E-5
1.609125E+7,  1.004189E-4
1.609750E+7,  8.114614E-6
1.610375E+7,  4.673377E-5
1.611000E+7,  6.721169E-5
1.611625E+7,  6.694347E-5
1.612250E+7,  3.348850E-5
1.612875E+7,  4.882365E-5
1.613500E+7,  1.083240E-4
1.614125E+7,  1.096576E-4
1.614750E+7,  8.745492E-5
1.615375E+7,  5.012006E-5
1.616000E+7,  3.851391E-5
1.616625E+7,  8.691102E-5
1.617250E+7,  1.096874E-4
1.617875E+7,  3.906712E-5
1.618500E+7,  4.485995E-5
1.619125E+7,  7.485598E-5
1.619750E+7,  5.742535E-6
1.620375E+7,  2.011843E-5
1.621000E+7,  1.192242E-4
1.621625E+7,  1.008287E-4
1.622250E+7,  2.873689E-5
1.622875E+7,  3.734231E-5
1.623500E+7,  2.453290E-5
1.624125E+7,  5.745795E-6
1.624750E+7,  6.635487E-5
1.625375E+7,  2.370682E-5
1.626000E+7,  4.060008E-5
1.626625E+7,  5.756132E-5
1.627250E+7,  4.112162E-5
1.627875E+7,  1.177192E-4
1.628500E+7,  3.677048E-5
1.629125E+7,  1.056716E-4
1.629750E+7,  3.507547E-5
1.630375E+7,  8.990988E-5
1.631000E+7,  8.355826E-5
1.631625E+7,  5.295314E-5
1.632250E+7,  7.475540E-5
1.632875E+7,  7.195771E-5
1.633500E+7,  1.104772E-4
1.634125E+7,  7.711351E-5
1.634750E+7,  1.099892E-4
1.635375E+7,  1.751035E-4
1.636000E+7,  2.072100E-5
1.636625E+7,  7.468835E-5
1.637250E+7,  8.919090E-5
1.637875E+7,  1.297444E-4
1.638500E+7,  5.743001E-6
1.639125E+7,  6.730482E-5
1.639750E+7,  7.211789E-5
1.640375E+7,  1.036823E-4
1.641000E+7,  1.260117E-4
1.641625E+7,  4.876032E-5
1.642250E+7,  1.748372E-5
1.642875E+7,  8.372590E-5
1.643500E+7,  7.737800E-5
1.644125E+7,  9.207428E-5
1.644750E+7,  7.213652E-5
1.645375E+7,  4.461594E-5
1.646000E+7,  4.633702E-5
1.646625E+7,  4.491210E-5
1.647250E+7,  5.866773E-5
1.647875E+7,  7.211417E-5
1.648500E+7,  1.185387E-5
1.649125E+7,  7.459521E-5
1.649750E+7,  6.786361E-5
1.650375E+7,  5.309470E-5
1.651000E+7,  5.186349E-5
1.651625E+7,  3.918074E-5
1.652250E+7,  9.420142E-5
1.652875E+7,  5.681999E-5
1.653500E+7,  8.772314E-5
1.654125E+7,  4.641525E-5
1.654750E+7,  3.455579E-5
1.655375E+7,  1.751352E-5
1.656000E+7,  3.640167E-5
1.656625E+7,  3.863685E-5
1.657250E+7,  5.739182E-5
1.657875E+7,  7.127970E-5
1.658500E+7,  9.385124E-5
1.659125E+7,  2.043694E-4
1.659750E+7,  1.038751E-5
1.660375E+7,  1.344159E-4
1.661000E+7,  6.514788E-5
1.661625E+7,  1.441035E-5
1.662250E+7,  7.629395E-5
1.662875E+7,  1.356974E-4
1.663500E+7,  1.243800E-4
1.664125E+7,  4.513562E-5
1.664750E+7,  4.937127E-5
1.665375E+7,  1.295060E-4
1.666000E+7,  1.023635E-4
1.666625E+7,  1.286194E-4
1.667250E+7,  1.376495E-4
1.667875E+7,  4.962273E-5
1.668500E+7,  1.823623E-5
1.669125E+7,  7.542968E-5
1.669750E+7,  6.112829E-5
1.670375E+7,  6.753579E-5
1.671000E+7,  5.748495E-5
1.671625E+7,  3.924966E-5
1.672250E+7,  8.260831E-5
1.672875E+7,  1.059137E-4
1.673500E+7,  3.614649E-5
1.674125E+7,  2.378505E-5
1.674750E+7,  1.037195E-4
1.675375E+7,  1.244918E-4
1.676000E+7,  1.064837E-4
1.676625E+7,  1.543984E-4
1.677250E+7,  7.145107E-5
1.677875E+7,  1.040883E-4
1.678500E+7,  7.431582E-5
1.679125E+7,  1.157075E-4
1.679750E+7,  8.047745E-5
1.680375E+7,  2.083369E-5
1.681000E+7,  3.524870E-5
1.681625E+7,  4.971586E-5
1.682250E+7,  2.890080E-5
1.682875E+7,  1.293095E-5
1.683500E+7,  1.849514E-5
1.684125E+7,  5.779089E-6
1.684750E+7,  2.889521E-5
1.685375E+7,  4.088506E-5
1.686000E+7,  1.214221E-4
1.686625E+7,  7.244572E-5
1.687250E+7,  2.384931E-5
1.687875E+7,  1.100153E-4
1.688500E+7,  9.608641E-5
1.689125E+7,  3.654324E-5
1.689750E+7,  6.545335E-5
1.690375E+7,  4.977919E-5
1.691000E+7,  3.764033E-5
1.691625E+7,  2.077594E-4
1.692250E+7,  8.422509E-5
1.692875E+7,  7.547811E-5
1.693500E+7,  5.766191E-5
1.694125E+7,  9.698048E-5
1.694750E+7,  3.117882E-5
1.695375E+7,  5.122274E-5
1.696000E+7,  7.328764E-5
1.696625E+7,  5.120225E-5
1.697250E+7,  4.409812E-5
1.697875E+7,  2.817065E-4
1.698500E+7,  4.096329E-5
1.699125E+7,  1.076646E-4
1.699750E+7,  4.948303E-5
1.700375E+7,  1.044273E-4
1.701000E+7,  5.497038E-5
1.701625E+7,  1.832657E-5
1.702250E+7,  9.100139E-5
1.702875E+7,  1.672059E-4
1.703500E+7,  1.188926E-4
1.704125E+7,  5.181320E-5
1.704750E+7,  4.308857E-5
1.705375E+7,  4.672818E-5
1.706000E+7,  1.496598E-4
1.706625E+7,  5.833060E-5
1.707250E+7,  7.176027E-5
1.707875E+7,  8.524582E-5
1.708500E+7,  1.303405E-4
1.709125E+7,  3.539398E-5
1.709750E+7,  7.252395E-5
1.710375E+7,  3.715046E-5
1.711000E+7,  1.637563E-4
1.711625E+7,  9.868667E-5
1.712250E+7,  3.716722E-5
1.712875E+7,  5.069748E-5
1.713500E+7,  7.007271E-5
1.714125E+7,  1.945067E-5
1.714750E+7,  8.958206E-5
1.715375E+7,  3.772043E-5
1.716000E+7,  5.300157E-5
1.716625E+7,  5.234219E-5
1.717250E+7,  5.328469E-5
1.717875E+7,  9.174645E-5
1.718500E+7,  1.273379E-4
1.719125E+7,  2.675038E-5
1.719750E+7,  1.949165E-5
1.720375E+7,  5.928241E-5
1.721000E+7,  8.460134E-5
1.721625E+7,  1.008995E-4
1.722250E+7,  7.575005E-5
1.722875E+7,  8.724257E-5
1.723500E+7,  8.587539E-5
1.724125E+7,  6.068312E-5
1.724750E+7,  4.686788E-5
1.725375E+7,  5.239062E-5
1.726000E+7,  9.390712E-5
1.726625E+7,  8.018315E-5
1.727250E+7,  3.132783E-5
1.727875E+7,  7.430092E-5
1.728500E+7,  4.429370E-5
1.729125E+7,  2.116431E-5
1.729750E+7,  6.240606E-5
1.730375E+7,  9.898841E-5
1.731000E+7,  8.223578E-5
1.731625E+7,  1.276210E-4
1.732250E+7,  1.164190E-4
1.732875E+7,  3.391691E-5
1.733500E+7,  1.181662E-4
1.734125E+7,  4.738010E-5
1.734750E+7,  9.347871E-5
1.735375E+7,  5.622767E-5
1.736000E+7,  8.726865E-5
1.736625E+7,  9.388849E-5
1.737250E+7,  6.406754E-5
1.737875E+7,  7.577613E-5
1.738500E+7,  1.397878E-4
1.739125E+7,  6.464124E-5
1.739750E+7,  1.060143E-4
1.740375E+7,  6.222352E-5
1.741000E+7,  3.556348E-5
1.741625E+7,  6.006658E-5
1.742250E+7,  8.462369E-5
1.742875E+7,  8.118153E-5
1.743500E+7,  1.206957E-4
1.744125E+7,  1.063608E-4
1.744750E+7,  3.397278E-5
1.745375E+7,  4.203245E-5
1.746000E+7,  7.017329E-5
1.746625E+7,  5.446002E-5
1.747250E+7,  6.012619E-5
1.747875E+7,  7.954612E-5
1.748500E+7,  6.147847E-5
1.749125E+7,  8.065626E-5
1.749750E+7,  7.106736E-5
1.750375E+7,  4.712865E-5
1.751000E+7,  3.045984E-5
1.751625E+7,  8.402392E-5
1.752250E+7,  4.702434E-5
1.752875E+7,  8.755364E-6
1.753500E+7,  4.668161E-5
1.754125E+7,  1.957919E-5
1.754750E+7,  7.591024E-5
1.755375E+7,  4.533119E-5
1.756000E+7,  1.846161E-5
1.756625E+7,  6.393716E-5
1.757250E+7,  5.836831E-6
1.757875E+7,  1.148768E-4
1.758500E+7,  1.306180E-5
1.759125E+7,  2.494920E-5
1.759750E+7,  3.262982E-5
1.760375E+7,  5.575642E-5
1.761000E+7,  7.855147E-5
1.761625E+7,  9.707361E-5
1.762250E+7,  9.666011E-5
1.762875E+7,  2.611242E-5
1.763500E+7,  9.626895E-5
1.764125E+7,  1.249462E-4
1.764750E+7,  1.881644E-4
1.765375E+7,  1.533553E-4
1.766000E+7,  5.104207E-5
1.766625E+7,  9.941682E-5
1.767250E+7,  6.487593E-5
1.767875E+7,  1.376718E-4
1.768500E+7,  1.170002E-4
1.769125E+7,  8.516014E-5
1.769750E+7,  7.403642E-5
1.770375E+7,  1.428425E-4
1.771000E+7,  1.092367E-4
1.771625E+7,  9.149686E-5
1.772250E+7,  2.109166E-5
1.772875E+7,  8.771941E-5
1.773500E+7,  4.869886E-5
1.774125E+7,  7.399172E-5
1.774750E+7,  7.395819E-5
1.775375E+7,  1.406968E-4
1.776000E+7,  1.549348E-4
1.776625E+7,  1.581758E-4
1.777250E+7,  1.580268E-4
1.777875E+7,  8.197874E-5
1.778500E+7,  6.420538E-5
1.779125E+7,  1.963135E-5
1.779750E+7,  1.088083E-4
1.780375E+7,  5.550310E-5
1.781000E+7,  3.804266E-5
1.781625E+7,  2.110749E-5
1.782250E+7,  2.109446E-5
1.782875E+7,  9.452924E-5
1.783500E+7,  1.309114E-5
1.784125E+7,  3.563799E-5
1.784750E+7,  2.700184E-5
1.785375E+7,  1.100637E-4
1.786000E+7,  5.887263E-5
1.786625E+7,  6.099790E-5
1.787250E+7,  4.803017E-5
1.787875E+7,  2.237260E-4
1.788500E+7,  7.038191E-5
1.789125E+7,  7.857755E-5
1.789750E+7,  3.708713E-5
1.790375E+7,  4.591234E-5
1.791000E+7,  9.177998E-5
1.791625E+7,  8.812919E-5
1.792250E+7,  3.528595E-5
1.792875E+7,  2.486445E-5
1.793500E+7,  7.712841E-5
1.794125E+7,  2.348050E-4
1.794750E+7,  5.635805E-5
1.795375E+7,  8.919090E-5
1.796000E+7,  1.107417E-4
1.796625E+7,  2.489239E-5
1.797250E+7,  7.068366E-5
1.797875E+7,  1.196824E-4
1.798500E+7,  1.174994E-4
1.799125E+7,  5.567819E-5
1.799750E+7,  3.533810E-5
1.800375E+7,  1.340806E-4
1.801000E+7,  4.149973E-5
1.801625E+7,  7.332489E-5
1.802250E+7,  1.856405E-5
1.802875E+7,  2.705771E-5
1.803500E+7,  3.532134E-5
1.804125E+7,  5.050004E-5
1.804750E+7,  1.210021E-5
1.805375E+7,  4.273467E-5
1.806000E+7,  3.586896E-5
1.806625E+7,  1.068413E-4
1.807250E+7,  6.462634E-5
1.807875E+7,  6.130338E-5
1.808500E+7,  4.402734E-5
1.809125E+7,  3.178604E-5
1.809750E+7,  6.127730E-5
1.810375E+7,  6.350502E-5
1.811000E+7,  1.866817E-4
1.811625E+7,  2.310202E-4
1.812250E+7,  4.785694E-5
1.812875E+7,  7.222593E-5
1.813500E+7,  4.732981E-5
1.814125E+7,  9.052828E-5
1.814750E+7,  4.489906E-5
1.815375E+7,  6.248429E-5
1.816000E+7,  1.040213E-4
1.816625E+7,  4.171878E-4
1.817250E+7,  3.260374E-4
1.817875E+7,  9.984523E-5
1.818500E+7,  5.412474E-5
1.819125E+7,  4.487485E-5
1.819750E+7,  4.084967E-5
1.820375E+7,  7.909909E-5
1.821000E+7,  7.999688E-5
1.821625E+7,  3.636256E-5
1.822250E+7,  4.155561E-5
1.822875E+7,  6.793439E-5
1.823500E+7,  1.583528E-5
1.824125E+7,  7.157028E-5
1.824750E+7,  1.078472E-4
1.825375E+7,  9.708479E-5
1.826000E+7,  8.822978E-5
1.826625E+7,  8.117408E-5
1.827250E+7,  5.027466E-5
1.827875E+7,  7.233769E-5
1.828500E+7,  7.700175E-5
1.829125E+7,  6.068498E-5
1.829750E+7,  5.796552E-5
1.830375E+7,  6.067753E-5
1.831000E+7,  8.554384E-5
1.831625E+7,  4.212372E-5
1.832250E+7,  6.797165E-5
1.832875E+7,  1.471909E-5
1.833500E+7,  1.426116E-4
1.834125E+7,  5.887263E-5
1.834750E+7,  5.307049E-5
1.835375E+7,  3.830530E-5
1.836000E+7,  6.867573E-5
1.836625E+7,  6.150827E-5
1.837250E+7,  1.472514E-5
1.837875E+7,  6.433949E-5
1.838500E+7,  4.754402E-5
1.839125E+7,  4.749559E-5
1.839750E+7,  4.858524E-5
1.840375E+7,  8.726120E-5
1.841000E+7,  1.309663E-4
1.841625E+7,  1.410320E-4
1.842250E+7,  7.717684E-5
1.842875E+7,  5.811453E-5
1.843500E+7,  1.182146E-4
1.844125E+7,  4.010089E-5
1.844750E+7,  2.947357E-5
1.845375E+7,  6.596092E-6
1.846000E+7,  2.376735E-5
1.846625E+7,  7.367507E-5
1.847250E+7,  3.188848E-5
1.847875E+7,  6.135181E-5
1.848500E+7,  7.687509E-5
1.849125E+7,  1.339763E-4
1.849750E+7,  5.316176E-5
1.850375E+7,  3.177300E-5
1.851000E+7,  1.081564E-4
1.851625E+7,  1.244470E-4
1.852250E+7,  5.344488E-5
1.852875E+7,  5.340017E-5
1.853500E+7,  7.017702E-5
1.854125E+7,  1.888908E-5
1.854750E+7,  4.257075E-5
1.855375E+7,  8.274615E-5
1.856000E+7,  2.522208E-5