SAVED BY: 
TITLE: 
COMMENTS: 
DATE: 10/27/2020
TIME: 3:34 PM

STIMULUS, RESPONSE

8.560000E+6,  1.573637E-4
8.566250E+6,  1.616403E-4
8.572500E+6,  1.852661E-4
8.578750E+6,  1.698956E-4
8.585000E+6,  1.773983E-4
8.591250E+6,  1.548231E-4
8.597500E+6,  1.673624E-4
8.603750E+6,  1.808107E-4
8.610000E+6,  1.739487E-4
8.616250E+6,  1.775324E-4
8.622500E+6,  1.639724E-4
8.628750E+6,  1.842156E-4
8.635000E+6,  1.936778E-4
8.641250E+6,  1.939386E-4
8.647500E+6,  1.738220E-4
8.653750E+6,  1.739338E-4
8.660000E+6,  1.880229E-4
8.666250E+6,  1.802742E-4
8.672500E+6,  1.827925E-4
8.678750E+6,  1.809970E-4
8.685000E+6,  1.939535E-4
8.691250E+6,  1.822487E-4
8.697500E+6,  1.729950E-4
8.703750E+6,  1.684353E-4
8.710000E+6,  1.922697E-4
8.716250E+6,  1.896098E-4
8.722500E+6,  1.845136E-4
8.728750E+6,  1.886785E-4
8.735000E+6,  1.845509E-4
8.741250E+6,  1.906976E-4
8.747500E+6,  2.005100E-4
8.753750E+6,  1.928508E-4
8.760000E+6,  1.767650E-4
8.766250E+6,  1.888648E-4
8.772500E+6,  1.874119E-4
8.778750E+6,  1.924559E-4
8.785000E+6,  1.870617E-4
8.791250E+6,  1.807585E-4
8.797500E+6,  1.939088E-4
8.803750E+6,  1.907945E-4
8.810000E+6,  1.915470E-4
8.816250E+6,  2.017468E-4
8.822500E+6,  1.941323E-4
8.828750E+6,  1.922920E-4
8.835000E+6,  1.837611E-4
8.841250E+6,  1.920834E-4
8.847500E+6,  1.820698E-4
8.853750E+6,  1.875609E-4
8.860000E+6,  1.809746E-4
8.866250E+6,  1.975223E-4
8.872500E+6,  1.839474E-4
8.878750E+6,  2.056956E-4
8.885000E+6,  1.769364E-4
8.891250E+6,  1.939684E-4
8.897500E+6,  1.924336E-4
8.903750E+6,  2.019033E-4
8.910000E+6,  1.961216E-4
8.916250E+6,  2.058148E-4
8.922500E+6,  2.126098E-4
8.928750E+6,  2.006963E-4
8.935000E+6,  1.995564E-4
8.941250E+6,  1.811832E-4
8.947500E+6,  1.862198E-4
8.953750E+6,  1.889542E-4
8.960000E+6,  1.837164E-4
8.966250E+6,  2.080798E-4
8.972500E+6,  2.134070E-4
8.978750E+6,  1.888052E-4
8.985000E+6,  1.974478E-4
8.991250E+6,  2.169162E-4
8.997500E+6,  2.131462E-4
9.003750E+6,  2.071708E-4
9.010000E+6,  2.017394E-4
9.016250E+6,  2.123639E-4
9.022500E+6,  1.991466E-4
9.028750E+6,  2.010167E-4
9.035000E+6,  2.227500E-4
9.041250E+6,  2.124384E-4
9.047500E+6,  2.214611E-4
9.053750E+6,  2.010241E-4
9.060000E+6,  2.053156E-4
9.066250E+6,  2.077818E-4
9.072500E+6,  1.985282E-4
9.078750E+6,  1.967326E-4
9.085000E+6,  2.081171E-4
9.091250E+6,  2.117679E-4
9.097500E+6,  2.215952E-4
9.103750E+6,  2.041832E-4
9.110000E+6,  1.960993E-4
9.116250E+6,  1.986250E-4
9.122500E+6,  2.156645E-4
9.128750E+6,  2.159849E-4
9.135000E+6,  1.986548E-4
9.141250E+6,  2.101883E-4
9.147500E+6,  2.151206E-4
9.153750E+6,  2.149045E-4
9.160000E+6,  2.111197E-4
9.166250E+6,  2.226830E-4
9.172500E+6,  2.076477E-4
9.178750E+6,  2.134740E-4
9.185000E+6,  2.044067E-4
9.191250E+6,  2.385229E-4
9.197500E+6,  2.153814E-4
9.203750E+6,  2.388805E-4
9.210000E+6,  2.259240E-4
9.216250E+6,  2.368242E-4
9.222500E+6,  2.292171E-4
9.228750E+6,  2.459139E-4
9.235000E+6,  2.364069E-4
9.241250E+6,  2.284199E-4
9.247500E+6,  2.190322E-4
9.253750E+6,  2.405569E-4
9.260000E+6,  2.212748E-4
9.266250E+6,  2.358332E-4
9.272500E+6,  2.256185E-4
9.278750E+6,  2.251565E-4
9.285000E+6,  2.110079E-4
9.291250E+6,  2.163798E-4
9.297500E+6,  2.044886E-4
9.303750E+6,  2.095476E-4
9.310000E+6,  2.182350E-4
9.316250E+6,  2.199933E-4
9.322500E+6,  2.162084E-4
9.328750E+6,  2.375245E-4
9.335000E+6,  2.291203E-4
9.341250E+6,  2.607852E-4
9.347500E+6,  2.299473E-4
9.353750E+6,  2.292022E-4
9.360000E+6,  2.043694E-4
9.366250E+6,  2.210662E-4
9.372500E+6,  2.333373E-4
9.378750E+6,  2.152622E-4
9.385000E+6,  2.252981E-4
9.391250E+6,  2.365038E-4
9.397500E+6,  2.187043E-4
9.403750E+6,  2.502650E-4
9.410000E+6,  2.361536E-4
9.416250E+6,  2.507865E-4
9.422500E+6,  2.124459E-4
9.428750E+6,  2.482384E-4
9.435000E+6,  2.465248E-4
9.441250E+6,  2.467185E-4
9.447500E+6,  2.326146E-4
9.453750E+6,  2.543628E-4
9.460000E+6,  2.440885E-4
9.466250E+6,  2.538860E-4
9.472500E+6,  2.375990E-4
9.478750E+6,  2.500415E-4
9.485000E+6,  2.413318E-4
9.491250E+6,  2.516657E-4
9.497500E+6,  2.464652E-4
9.503750E+6,  2.502501E-4
9.510000E+6,  2.335086E-4
9.516250E+6,  2.616048E-4
9.522500E+6,  2.399459E-4
9.528750E+6,  2.446920E-4
9.535000E+6,  2.416223E-4
9.541250E+6,  2.408177E-4
9.547500E+6,  2.651066E-4
9.553750E+6,  2.399012E-4
9.560000E+6,  2.519339E-4
9.566250E+6,  2.521873E-4
9.572500E+6,  2.547354E-4
9.578750E+6,  2.476871E-4
9.585000E+6,  2.434179E-4
9.591250E+6,  2.433881E-4
9.597500E+6,  2.573878E-4
9.603750E+6,  2.625585E-4
9.610000E+6,  2.467334E-4
9.616250E+6,  2.578497E-4
9.622500E+6,  2.541393E-4
9.628750E+6,  2.575666E-4
9.635000E+6,  2.610236E-4
9.641250E+6,  2.784878E-4
9.647500E+6,  2.648234E-4
9.653750E+6,  2.693683E-4
9.660000E+6,  2.689064E-4
9.666250E+6,  2.576709E-4
9.672500E+6,  2.540946E-4
9.678750E+6,  2.795905E-4
9.685000E+6,  2.575666E-4
9.691250E+6,  2.659857E-4
9.697500E+6,  2.703518E-4
9.703750E+6,  2.647638E-4
9.710000E+6,  2.540499E-4
9.716250E+6,  2.823472E-4
9.722500E+6,  2.689511E-4
9.728750E+6,  2.787113E-4
9.735000E+6,  2.859384E-4
9.741250E+6,  2.860129E-4
9.747500E+6,  2.680868E-4
9.753750E+6,  2.787709E-4
9.760000E+6,  2.653748E-4
9.766250E+6,  2.967119E-4
9.772500E+6,  2.648979E-4
9.778750E+6,  2.969950E-4
9.785000E+6,  2.760291E-4
9.791250E+6,  2.757609E-4
9.797500E+6,  2.793223E-4
9.803750E+6,  2.755821E-4
9.810000E+6,  2.932250E-4
9.816250E+6,  2.938956E-4
9.822500E+6,  2.792925E-4
9.828750E+6,  2.866238E-4
9.835000E+6,  2.830029E-4
9.841250E+6,  2.830178E-4
9.847500E+6,  2.901852E-4
9.853750E+6,  3.047585E-4
9.860000E+6,  2.900213E-4
9.866250E+6,  2.935678E-4
9.872500E+6,  2.829581E-4
9.878750E+6,  2.896935E-4
9.885000E+6,  3.008544E-4
9.891250E+6,  3.077388E-4
9.897500E+6,  3.005862E-4
9.903750E+6,  3.008395E-4
9.910000E+6,  3.009140E-4
9.916250E+6,  3.150105E-4
9.922500E+6,  3.193170E-4
9.928750E+6,  2.873838E-4
9.935000E+6,  2.979040E-4
9.941250E+6,  3.078580E-4
9.947500E+6,  2.917796E-4
9.953750E+6,  3.159940E-4
9.960000E+6,  2.868474E-4
9.966250E+6,  3.047585E-4
9.972500E+6,  2.771616E-4
9.978750E+6,  3.010333E-4
9.985000E+6,  3.042966E-4
9.991250E+6,  3.267229E-4
9.997500E+6,  3.058165E-4
1.000375E+7,  3.156960E-4
1.001000E+7,  3.017485E-4
1.001625E+7,  3.093332E-4
1.002250E+7,  3.117621E-4
1.002875E+7,  3.344566E-4
1.003500E+7,  3.158003E-4
1.004125E+7,  3.150851E-4
1.004750E+7,  3.197342E-4
1.005375E+7,  3.115833E-4
1.006000E+7,  3.333539E-4
1.006625E+7,  3.224164E-4
1.007250E+7,  3.302246E-4
1.007875E+7,  3.291219E-4
1.008500E+7,  3.194511E-4
1.009125E+7,  3.237426E-4
1.009750E+7,  3.512651E-4
1.010375E+7,  3.400445E-4
1.011000E+7,  3.121793E-4
1.011625E+7,  3.310591E-4
1.012250E+7,  3.299862E-4
1.012875E+7,  3.337115E-4
1.013500E+7,  3.235936E-4
1.014125E+7,  3.585517E-4
1.014750E+7,  3.226697E-4
1.015375E+7,  3.371686E-4
1.016000E+7,  3.344864E-4
1.016625E+7,  3.371537E-4
1.017250E+7,  3.241748E-4
1.017875E+7,  3.299117E-4
1.018500E+7,  3.406703E-4
1.019125E+7,  3.476590E-4
1.019750E+7,  3.511906E-4
1.020375E+7,  3.473461E-4
1.021000E+7,  3.596395E-4
1.021625E+7,  3.246963E-4
1.022250E+7,  3.511012E-4
1.022875E+7,  3.583580E-4
1.023500E+7,  3.484637E-4
1.024125E+7,  3.444552E-4
1.024750E+7,  3.343076E-4
1.025375E+7,  3.572255E-4
1.026000E+7,  3.509820E-4
1.026625E+7,  3.522038E-4
1.027250E+7,  3.538728E-4
1.027875E+7,  3.504604E-4
1.028500E+7,  3.487766E-4
1.029125E+7,  3.643483E-4
1.029750E+7,  3.633201E-4
1.030375E+7,  3.706962E-4
1.031000E+7,  3.729761E-4
1.031625E+7,  3.595054E-4
1.032250E+7,  3.581643E-4
1.032875E+7,  3.593564E-4
1.033500E+7,  3.576279E-4
1.034125E+7,  3.595799E-4
1.034750E+7,  3.563613E-4
1.035375E+7,  3.795922E-4
1.036000E+7,  3.572851E-4
1.036625E+7,  3.960878E-4
1.037250E+7,  3.982931E-4
1.037875E+7,  3.886670E-4
1.038500E+7,  3.809780E-4
1.039125E+7,  3.863722E-4
1.039750E+7,  3.911257E-4
1.040375E+7,  3.815442E-4
1.041000E+7,  3.715754E-4
1.041625E+7,  3.955811E-4
1.042250E+7,  3.703088E-4
1.042875E+7,  3.823638E-4
1.043500E+7,  3.694445E-4
1.044125E+7,  4.008859E-4
1.044750E+7,  3.950149E-4
1.045375E+7,  3.869236E-4
1.046000E+7,  3.993362E-4
1.046625E+7,  3.929287E-4
1.047250E+7,  3.669262E-4
1.047875E+7,  4.194826E-4
1.048500E+7,  4.115552E-4
1.049125E+7,  4.073977E-4
1.049750E+7,  3.944039E-4
1.050375E+7,  4.349351E-4
1.051000E+7,  3.986210E-4
1.051625E+7,  4.202873E-4
1.052250E+7,  4.105568E-4
1.052875E+7,  4.138499E-4
1.053500E+7,  4.044771E-4
1.054125E+7,  4.270226E-4
1.054750E+7,  4.006177E-4
1.055375E+7,  4.420727E-4
1.056000E+7,  4.004389E-4
1.056625E+7,  4.150271E-4
1.057250E+7,  4.289150E-4
1.057875E+7,  4.277527E-4
1.058500E+7,  4.265457E-4
1.059125E+7,  4.234761E-4
1.059750E+7,  4.269630E-4
1.060375E+7,  4.423112E-4
1.061000E+7,  4.306138E-4
1.061625E+7,  4.435927E-4
1.062250E+7,  4.220605E-4
1.062875E+7,  4.421175E-4
1.063500E+7,  4.325062E-4
1.064125E+7,  4.421771E-4
1.064750E+7,  4.529208E-4
1.065375E+7,  4.443228E-4
1.066000E+7,  4.540980E-4
1.066625E+7,  4.337877E-4
1.067250E+7,  4.574358E-4
1.067875E+7,  4.539490E-4
1.068500E+7,  4.338473E-4
1.069125E+7,  4.588515E-4
1.069750E+7,  4.391819E-4
1.070375E+7,  4.759133E-4
1.071000E+7,  4.719496E-4
1.071625E+7,  4.767030E-4
1.072250E+7,  4.473031E-4
1.072875E+7,  4.670024E-4
1.073500E+7,  4.662126E-4
1.074125E+7,  4.669428E-4
1.074750E+7,  4.765391E-4
1.075375E+7,  4.772693E-4
1.076000E+7,  4.645139E-4
1.076625E+7,  4.871339E-4
1.077250E+7,  4.753768E-4
1.077875E+7,  4.892349E-4
1.078500E+7,  4.901290E-4
1.079125E+7,  4.807115E-4
1.079750E+7,  5.013347E-4
1.080375E+7,  4.752278E-4
1.081000E+7,  4.858822E-4
1.081625E+7,  4.922748E-4
1.082250E+7,  4.992783E-4
1.082875E+7,  5.135834E-4
1.083500E+7,  5.132854E-4
1.084125E+7,  5.016029E-4
1.084750E+7,  4.926622E-4
1.085375E+7,  5.208850E-4
1.086000E+7,  5.085468E-4
1.086625E+7,  4.951656E-4
1.087250E+7,  5.031526E-4
1.087875E+7,  5.029738E-4
1.088500E+7,  5.108714E-4
1.089125E+7,  5.150735E-4
1.089750E+7,  5.183518E-4
1.090375E+7,  5.311668E-4
1.091000E+7,  5.261898E-4
1.091625E+7,  5.187690E-4
1.092250E+7,  5.342364E-4
1.092875E+7,  5.342960E-4
1.093500E+7,  5.486012E-4
1.094125E+7,  5.447865E-4
1.094750E+7,  5.449057E-4
1.095375E+7,  5.291104E-4
1.096000E+7,  5.452037E-4
1.096625E+7,  5.646944E-4
1.097250E+7,  5.449057E-4
1.097875E+7,  5.517304E-4
1.098500E+7,  5.611181E-4
1.099125E+7,  5.678833E-4
1.099750E+7,  5.636811E-4
1.100375E+7,  5.661845E-4
1.101000E+7,  5.489290E-4
1.101625E+7,  5.783141E-4
1.102250E+7,  5.638897E-4
1.102875E+7,  5.820096E-4
1.103500E+7,  5.728602E-4
1.104125E+7,  5.882084E-4
1.104750E+7,  5.769432E-4
1.105375E+7,  5.861819E-4
1.106000E+7,  5.878210E-4
1.106625E+7,  5.967915E-4
1.107250E+7,  6.068945E-4
1.107875E+7,  5.863309E-4
1.108500E+7,  5.699992E-4
1.109125E+7,  6.170273E-4
1.109750E+7,  6.208718E-4
1.110375E+7,  5.884469E-4
1.111000E+7,  5.979538E-4
1.111625E+7,  6.357431E-4
1.112250E+7,  6.274283E-4
1.112875E+7,  6.183088E-4
1.113500E+7,  6.015599E-4
1.114125E+7,  6.207526E-4
1.114750E+7,  6.269813E-4
1.115375E+7,  6.217062E-4
1.116000E+7,  6.411076E-4
1.116625E+7,  6.388128E-4
1.117250E+7,  6.458759E-4
1.117875E+7,  6.507933E-4
1.118500E+7,  6.546974E-4
1.119125E+7,  6.680191E-4
1.119750E+7,  6.828606E-4
1.120375E+7,  6.552339E-4
1.121000E+7,  7.009208E-4
1.121625E+7,  6.918311E-4
1.122250E+7,  7.623434E-4
1.122875E+7,  7.955432E-4
1.123500E+7,  8.422136E-4
1.124125E+7,  8.326769E-4
1.124750E+7,  8.725524E-4
1.125375E+7,  8.516014E-4
1.126000E+7,  8.664429E-4
1.126625E+7,  8.263588E-4
1.127250E+7,  8.556843E-4
1.127875E+7,  8.237958E-4
1.128500E+7,  8.499920E-4
1.129125E+7,  8.042455E-4
1.129750E+7,  7.456243E-4
1.130375E+7,  8.203089E-4
1.131000E+7,  8.168519E-4
1.131625E+7,  8.068681E-4
1.132250E+7,  8.600354E-4
1.132875E+7,  8.606017E-4
1.133500E+7,  8.802712E-4
1.134125E+7,  8.181036E-4
1.134750E+7,  8.083582E-4
1.135375E+7,  8.200705E-4
1.136000E+7,  7.869005E-4
1.136625E+7,  8.580685E-4
1.137250E+7,  8.671582E-4
1.137875E+7,  8.732677E-4
1.138500E+7,  8.588135E-4
1.139125E+7,  8.587837E-4
1.139750E+7,  8.681417E-4
1.140375E+7,  8.378327E-4
1.141000E+7,  8.313656E-4
1.141625E+7,  8.235276E-4
1.142250E+7,  8.482635E-4
1.142875E+7,  9.227693E-4
1.143500E+7,  8.692145E-4
1.144125E+7,  8.713901E-4
1.144750E+7,  9.633303E-4
1.145375E+7,  9.634793E-4
1.146000E+7,  9.766817E-4
1.146625E+7,  1.014531E-3
1.147250E+7,  9.635389E-4
1.147875E+7,  9.412766E-4
1.148500E+7,  9.629130E-4
1.149125E+7,  1.065135E-3
1.149750E+7,  1.090884E-3
1.150375E+7,  1.067936E-3
1.151000E+7,  1.065969E-3
1.151625E+7,  1.066625E-3
1.152250E+7,  1.054347E-3
1.152875E+7,  1.029372E-3
1.153500E+7,  9.849072E-4
1.154125E+7,  1.097679E-3
1.154750E+7,  1.114905E-3
1.155375E+7,  1.103759E-3
1.156000E+7,  1.249731E-3
1.156625E+7,  1.224041E-3
1.157250E+7,  1.237512E-3
1.157875E+7,  1.252830E-3
1.158500E+7,  1.379132E-3
1.159125E+7,  1.225412E-3
1.159750E+7,  1.221657E-3
1.160375E+7,  1.275063E-3
1.161000E+7,  1.294017E-3
1.161625E+7,  1.426220E-3
1.162250E+7,  1.457512E-3
1.162875E+7,  1.711965E-3
1.163500E+7,  1.853049E-3
1.164125E+7,  2.024174E-3
1.164750E+7,  2.272367E-3
1.165375E+7,  2.219558E-3
1.166000E+7,  2.134681E-3
1.166625E+7,  2.360940E-3
1.167250E+7,  2.238989E-3
1.167875E+7,  2.242684E-3
1.168500E+7,  2.293706E-3
1.169125E+7,  2.309084E-3
1.169750E+7,  2.332449E-3
1.170375E+7,  2.342343E-3
1.171000E+7,  2.372503E-3
1.171625E+7,  2.298832E-3
1.172250E+7,  2.360225E-3
1.172875E+7,  2.390623E-3
1.173500E+7,  2.423882E-3
1.174125E+7,  2.474546E-3
1.174750E+7,  2.437472E-3
1.175375E+7,  2.495289E-3
1.176000E+7,  2.509236E-3
1.176625E+7,  2.507448E-3
1.177250E+7,  2.542019E-3
1.177875E+7,  2.514124E-3
1.178500E+7,  2.624035E-3
1.179125E+7,  2.648354E-3
1.179750E+7,  2.611995E-3
1.180375E+7,  2.586007E-3
1.181000E+7,  2.597690E-3
1.181625E+7,  2.565503E-3
1.182250E+7,  2.652884E-3
1.182875E+7,  2.777219E-3
1.183500E+7,  2.778888E-3
1.184125E+7,  2.763748E-3
1.184750E+7,  2.787948E-3
1.185375E+7,  2.870440E-3
1.186000E+7,  2.815366E-3
1.186625E+7,  2.853155E-3
1.187250E+7,  2.881169E-3
1.187875E+7,  2.911687E-3
1.188500E+7,  2.903342E-3
1.189125E+7,  2.953053E-3
1.189750E+7,  3.003359E-3
1.190375E+7,  2.999544E-3
1.191000E+7,  3.024101E-3
1.191625E+7,  3.036737E-3
1.192250E+7,  3.077149E-3
1.192875E+7,  3.094792E-3
1.193500E+7,  3.122449E-3
1.194125E+7,  3.182411E-3
1.194750E+7,  3.190517E-3
1.195375E+7,  3.219247E-3
1.196000E+7,  3.235698E-3
1.196625E+7,  3.270745E-3
1.197250E+7,  3.255129E-3
1.197875E+7,  3.305078E-3
1.198500E+7,  3.365517E-3
1.199125E+7,  3.368258E-3
1.199750E+7,  3.385544E-3
1.200375E+7,  3.387809E-3
1.201000E+7,  3.461242E-3
1.201625E+7,  3.490686E-3
1.202250E+7,  3.488421E-3
1.202875E+7,  3.473282E-3
1.203500E+7,  3.486991E-3
1.204125E+7,  3.453016E-3
1.204750E+7,  3.515601E-3
1.205375E+7,  3.645897E-3
1.206000E+7,  3.556252E-3
1.206625E+7,  3.697753E-3
1.207250E+7,  3.736854E-3
1.207875E+7,  3.738523E-3
1.208500E+7,  3.704906E-3
1.209125E+7,  3.714800E-3
1.209750E+7,  3.748298E-3
1.210375E+7,  3.773212E-3
1.211000E+7,  3.784895E-3
1.211625E+7,  3.829956E-3
1.212250E+7,  3.866434E-3
1.212875E+7,  3.974676E-3
1.213500E+7,  3.983498E-3
1.214125E+7,  3.978014E-3
1.214750E+7,  4.024506E-3
1.215375E+7,  4.103422E-3
1.216000E+7,  4.129887E-3
1.216625E+7,  4.125834E-3
1.217250E+7,  4.196167E-3
1.217875E+7,  4.220486E-3
1.218500E+7,  4.220486E-3
1.219125E+7,  4.326105E-3
1.219750E+7,  4.334927E-3
1.220375E+7,  4.441977E-3
1.221000E+7,  4.422665E-3
1.221625E+7,  4.452705E-3
1.222250E+7,  4.516363E-3
1.222875E+7,  4.570007E-3
1.223500E+7,  4.613400E-3
1.224125E+7,  4.671812E-3
1.224750E+7,  4.682541E-3
1.225375E+7,  4.752159E-3
1.226000E+7,  4.844666E-3
1.226625E+7,  4.830599E-3
1.227250E+7,  4.943848E-3
1.227875E+7,  4.997730E-3
1.228500E+7,  5.005360E-3
1.229125E+7,  5.060673E-3
1.229750E+7,  5.156755E-3
1.230375E+7,  5.162001E-3
1.231000E+7,  5.240440E-3
1.231625E+7,  5.350351E-3
1.232250E+7,  5.398512E-3
1.232875E+7,  5.498886E-3
1.233500E+7,  5.487442E-3
1.234125E+7,  5.629539E-3
1.234750E+7,  5.649805E-3
1.235375E+7,  5.701780E-3
1.236000E+7,  5.800247E-3
1.236625E+7,  5.851746E-3
1.237250E+7,  5.940199E-3
1.237875E+7,  6.005287E-3
1.238500E+7,  6.067991E-3
1.239125E+7,  6.187439E-3
1.239750E+7,  6.210327E-3
1.240375E+7,  6.321907E-3
1.241000E+7,  6.444216E-3
1.241625E+7,  6.510496E-3
1.242250E+7,  6.612301E-3
1.242875E+7,  6.698370E-3
1.243500E+7,  6.798029E-3
1.244125E+7,  6.878138E-3
1.244750E+7,  6.991386E-3
1.245375E+7,  7.049561E-3
1.246000E+7,  7.159710E-3
1.246625E+7,  7.320881E-3
1.247250E+7,  7.363558E-3
1.247875E+7,  7.437229E-3
1.248500E+7,  7.613182E-3
1.249125E+7,  7.677078E-3
1.249750E+7,  7.743120E-3
1.250375E+7,  7.957935E-3
1.251000E+7,  8.041859E-3
1.251625E+7,  8.191586E-3
1.252250E+7,  8.283138E-3
1.252875E+7,  8.403301E-3
1.253500E+7,  8.471012E-3
1.254125E+7,  8.662701E-3
1.254750E+7,  8.772373E-3
1.255375E+7,  8.942127E-3
1.256000E+7,  9.083271E-3
1.256625E+7,  9.264469E-3
1.257250E+7,  9.368420E-3
1.257875E+7,  9.547710E-3
1.258500E+7,  9.657860E-3
1.259125E+7,  9.800434E-3
1.259750E+7,  9.963989E-3
1.260375E+7,  1.020432E-2
1.261000E+7,  1.037073E-2
1.261625E+7,  1.063967E-2
1.262250E+7,  1.075792E-2
1.262875E+7,  1.119471E-2
1.263500E+7,  1.103449E-2
1.264125E+7,  1.136732E-2
1.264750E+7,  1.161051E-2
1.265375E+7,  1.173782E-2
1.266000E+7,  1.203346E-2
1.266625E+7,  1.216984E-2
1.267250E+7,  1.260996E-2
1.267875E+7,  1.294851E-2
1.268500E+7,  1.349401E-2
1.269125E+7,  1.363802E-2
1.269750E+7,  1.322651E-2
1.270375E+7,  1.308441E-2
1.271000E+7,  1.521873E-2
1.271625E+7,  1.421165E-2
1.272250E+7,  1.453829E-2
1.272875E+7,  1.488638E-2
1.273500E+7,  1.531887E-2
1.274125E+7,  1.561880E-2
1.274750E+7,  1.608753E-2
1.275375E+7,  1.617432E-2
1.276000E+7,  1.654816E-2
1.276625E+7,  1.680088E-2
1.277250E+7,  1.266479E-2
1.277875E+7,  1.617050E-2
1.278500E+7,  1.859856E-2
1.279125E+7,  1.953983E-2
1.279750E+7,  1.893520E-2
1.280375E+7,  1.824188E-2
1.281000E+7,  1.703739E-2
1.281625E+7,  2.174950E-2
1.282250E+7,  2.179527E-2
1.282875E+7,  2.175045E-2
1.283500E+7,  2.048206E-2
1.284125E+7,  2.448463E-2
1.284750E+7,  2.448273E-2
1.285375E+7,  2.555084E-2
1.286000E+7,  2.573013E-2
1.286625E+7,  2.714539E-2
1.287250E+7,  2.764511E-2
1.287875E+7,  2.765942E-2
1.288500E+7,  2.789116E-2
1.289125E+7,  3.047752E-2
1.289750E+7,  3.078461E-2
1.290375E+7,  3.083897E-2
1.291000E+7,  3.202248E-2
1.291625E+7,  3.441620E-2
1.292250E+7,  3.070450E-2
1.292875E+7,  3.439522E-2
1.293500E+7,  3.215981E-2
1.294125E+7,  3.406334E-2
1.294750E+7,  2.904415E-2
1.295375E+7,  2.199364E-2
1.296000E+7,  1.786995E-2
1.296625E+7,  1.746464E-2
1.297250E+7,  1.825905E-2
1.297875E+7,  1.879215E-2
1.298500E+7,  1.930046E-2
1.299125E+7,  2.000046E-2
1.299750E+7,  2.069664E-2
1.300375E+7,  2.152061E-2
1.301000E+7,  2.237988E-2
1.301625E+7,  2.316284E-2
1.302250E+7,  2.419186E-2
1.302875E+7,  2.515316E-2
1.303500E+7,  2.625370E-2
1.304125E+7,  2.733803E-2
1.304750E+7,  2.857876E-2
1.305375E+7,  2.977562E-2
1.306000E+7,  3.114891E-2
1.306625E+7,  3.271675E-2
1.307250E+7,  3.430748E-2
1.307875E+7,  3.624153E-2
1.308500E+7,  3.815460E-2
1.309125E+7,  4.031944E-2
1.309750E+7,  4.237366E-2
1.310375E+7,  4.481125E-2
1.311000E+7,  4.749680E-2
1.311625E+7,  5.047989E-2
1.312250E+7,  5.389023E-2
1.312875E+7,  5.758667E-2
1.313500E+7,  6.155014E-2
1.314125E+7,  6.577682E-2
1.314750E+7,  7.081604E-2
1.315375E+7,  7.720947E-2
1.316000E+7,  8.343887E-2
1.316625E+7,  9.022522E-2
1.317250E+7,  9.689713E-2
1.317875E+7,  1.055603E-1
1.318500E+7,  1.143875E-1
1.319125E+7,  1.245956E-1
1.319750E+7,  1.330948E-1
1.320375E+7,  1.432724E-1
1.321000E+7,  1.548233E-1
1.321625E+7,  1.609879E-1
1.322250E+7,  1.678238E-1
1.322875E+7,  1.735382E-1
1.323500E+7,  1.765671E-1
1.324125E+7,  1.776505E-1
1.324750E+7,  1.773453E-1
1.325375E+7,  1.751556E-1
1.326000E+7,  1.672745E-1
1.326625E+7,  1.609421E-1
1.327250E+7,  1.547318E-1
1.327875E+7,  1.497498E-1
1.328500E+7,  1.425705E-1
1.329125E+7,  1.388474E-1
1.329750E+7,  1.328125E-1
1.330375E+7,  1.272202E-1
1.331000E+7,  1.266556E-1
1.331625E+7,  1.226692E-1
1.332250E+7,  1.220398E-1
1.332875E+7,  1.148300E-1
1.333500E+7,  1.093330E-1
1.334125E+7,  1.053810E-1
1.334750E+7,  1.027374E-1
1.335375E+7,  1.022949E-1
1.336000E+7,  1.000671E-1
1.336625E+7,  9.785843E-2
1.337250E+7,  9.745407E-2
1.337875E+7,  9.592819E-2
1.338500E+7,  9.434891E-2
1.339125E+7,  9.520340E-2
1.339750E+7,  9.399033E-2
1.340375E+7,  9.314346E-2
1.341000E+7,  9.312439E-2
1.341625E+7,  9.432602E-2
1.342250E+7,  9.472656E-2
1.342875E+7,  9.584045E-2
1.343500E+7,  9.733582E-2
1.344125E+7,  9.723282E-2
1.344750E+7,  9.914017E-2
1.345375E+7,  1.008377E-1
1.346000E+7,  1.024590E-1
1.346625E+7,  1.052971E-1
1.347250E+7,  1.090622E-1
1.347875E+7,  1.110306E-1
1.348500E+7,  1.130676E-1
1.349125E+7,  1.166077E-1
1.349750E+7,  1.206093E-1
1.350375E+7,  1.253891E-1
1.351000E+7,  1.296082E-1
1.351625E+7,  1.339645E-1
1.352250E+7,  1.390686E-1
1.352875E+7,  1.451492E-1
1.353500E+7,  1.511765E-1
1.354125E+7,  1.566696E-1
1.354750E+7,  1.623459E-1
1.355375E+7,  1.670227E-1
1.356000E+7,  1.705933E-1
1.356625E+7,  1.723404E-1
1.357250E+7,  1.722260E-1
1.357875E+7,  1.703873E-1
1.358500E+7,  1.662445E-1
1.359125E+7,  1.597977E-1
1.359750E+7,  1.525879E-1
1.360375E+7,  1.440582E-1
1.361000E+7,  1.349411E-1
1.361625E+7,  1.263504E-1
1.362250E+7,  1.175766E-1
1.362875E+7,  1.101608E-1
1.363500E+7,  1.029396E-1
1.364125E+7,  9.553528E-2
1.364750E+7,  8.927155E-2
1.365375E+7,  8.367920E-2
1.366000E+7,  7.837677E-2
1.366625E+7,  7.374573E-2
1.367250E+7,  6.960297E-2
1.367875E+7,  6.560135E-2
1.368500E+7,  6.191826E-2
1.369125E+7,  5.846977E-2
1.369750E+7,  5.541992E-2
1.370375E+7,  5.260658E-2
1.371000E+7,  5.006790E-2
1.371625E+7,  4.776955E-2
1.372250E+7,  4.563332E-2
1.372875E+7,  4.361534E-2
1.373500E+7,  4.179573E-2
1.374125E+7,  4.008293E-2
1.374750E+7,  3.846359E-2
1.375375E+7,  3.697777E-2
1.376000E+7,  3.560066E-2
1.376625E+7,  3.425980E-2
1.377250E+7,  3.307152E-2
1.377875E+7,  3.196335E-2
1.378500E+7,  3.087330E-2
1.379125E+7,  2.990055E-2
1.379750E+7,  2.890873E-2
1.380375E+7,  2.802277E-2
1.381000E+7,  2.718067E-2
1.381625E+7,  2.643108E-2
1.382250E+7,  2.568150E-2
1.382875E+7,  2.500343E-2
1.383500E+7,  2.434254E-2
1.384125E+7,  2.368641E-2
1.384750E+7,  2.308559E-2
1.385375E+7,  2.253819E-2
1.386000E+7,  2.197742E-2
1.386625E+7,  2.149677E-2
1.387250E+7,  2.103138E-2
1.387875E+7,  2.050591E-2
1.388500E+7,  2.010441E-2
1.389125E+7,  1.969910E-2
1.389750E+7,  1.931000E-2
1.390375E+7,  1.891804E-2
1.391000E+7,  1.856136E-2
1.391625E+7,  1.822758E-2
1.392250E+7,  1.793003E-2
1.392875E+7,  1.759911E-2
1.393500E+7,  1.730633E-2
1.394125E+7,  1.705456E-2
1.394750E+7,  1.678181E-2
1.395375E+7,  1.654720E-2
1.396000E+7,  1.629925E-2
1.396625E+7,  1.607323E-2
1.397250E+7,  1.587391E-2
1.397875E+7,  1.565170E-2
1.398500E+7,  1.548147E-2
1.399125E+7,  1.531792E-2
1.399750E+7,  1.514053E-2
1.400375E+7,  1.498795E-2
1.401000E+7,  1.486540E-2
1.401625E+7,  1.469755E-2
1.402250E+7,  1.458836E-2
1.402875E+7,  1.446342E-2
1.403500E+7,  1.439762E-2
1.404125E+7,  1.425743E-2
1.404750E+7,  1.418877E-2
1.405375E+7,  1.412010E-2
1.406000E+7,  1.403236E-2
1.406625E+7,  1.398802E-2
1.407250E+7,  1.394176E-2
1.407875E+7,  1.391077E-2
1.408500E+7,  1.391745E-2
1.409125E+7,  1.386356E-2
1.409750E+7,  1.385117E-2
1.410375E+7,  1.385689E-2
1.411000E+7,  1.389837E-2
1.411625E+7,  1.389551E-2
1.412250E+7,  1.396561E-2
1.412875E+7,  1.401806E-2
1.413500E+7,  1.410723E-2
1.414125E+7,  1.417780E-2
1.414750E+7,  1.428461E-2
1.415375E+7,  1.439619E-2
1.416000E+7,  1.451588E-2
1.416625E+7,  1.467705E-2
1.417250E+7,  1.487541E-2
1.417875E+7,  1.504087E-2
1.418500E+7,  1.525879E-2
1.419125E+7,  1.552629E-2
1.419750E+7,  1.579380E-2
1.420375E+7,  1.610947E-2
1.421000E+7,  1.648235E-2
1.421625E+7,  1.684475E-2
1.422250E+7,  1.727676E-2
1.422875E+7,  1.776409E-2
1.423500E+7,  1.833725E-2
1.424125E+7,  1.894093E-2
1.424750E+7,  1.965618E-2
1.425375E+7,  2.045727E-2
1.426000E+7,  2.136517E-2
1.426625E+7,  2.242470E-2
1.427250E+7,  2.363968E-2
1.427875E+7,  2.500439E-2
1.428500E+7,  2.662659E-2
1.429125E+7,  2.853966E-2
1.429750E+7,  3.071117E-2
1.430375E+7,  3.333855E-2
1.431000E+7,  3.637314E-2
1.431625E+7,  3.974724E-2
1.432250E+7,  4.343605E-2
1.432875E+7,  4.690170E-2
1.433500E+7,  4.954529E-2
1.434125E+7,  5.059433E-2
1.434750E+7,  4.925537E-2
1.435375E+7,  4.584122E-2
1.436000E+7,  4.126740E-2
1.436625E+7,  3.648186E-2
1.437250E+7,  3.207397E-2
1.437875E+7,  2.808285E-2
1.438500E+7,  2.480698E-2
1.439125E+7,  2.198887E-2
1.439750E+7,  1.964474E-2
1.440375E+7,  1.757812E-2
1.441000E+7,  1.591301E-2
1.441625E+7,  1.444435E-2
1.442250E+7,  1.318264E-2
1.442875E+7,  1.205969E-2
1.443500E+7,  1.110840E-2
1.444125E+7,  1.024914E-2
1.444750E+7,  9.467602E-3
1.445375E+7,  8.812904E-3
1.446000E+7,  8.191586E-3
1.446625E+7,  7.667303E-3
1.447250E+7,  7.156849E-3
1.447875E+7,  6.732225E-3
1.448500E+7,  6.322145E-3
1.449125E+7,  5.943775E-3
1.449750E+7,  5.594254E-3
1.450375E+7,  5.317450E-3
1.451000E+7,  5.011797E-3
1.451625E+7,  4.747152E-3
1.452250E+7,  4.495144E-3
1.452875E+7,  4.288435E-3
1.453500E+7,  4.039764E-3
1.454125E+7,  3.844380E-3
1.454750E+7,  3.684402E-3
1.455375E+7,  3.527880E-3
1.456000E+7,  3.351092E-3
1.456625E+7,  3.165007E-3
1.457250E+7,  3.048301E-3
1.457875E+7,  2.897620E-3
1.458500E+7,  2.781034E-3
1.459125E+7,  2.696633E-3
1.459750E+7,  2.563357E-3
1.460375E+7,  2.472162E-3
1.461000E+7,  2.355695E-3
1.461625E+7,  2.254605E-3
1.462250E+7,  2.172947E-3
1.462875E+7,  2.088904E-3
1.463500E+7,  2.006650E-3
1.464125E+7,  1.936793E-3
1.464750E+7,  1.877189E-3
1.465375E+7,  1.819432E-3
1.466000E+7,  1.703143E-3
1.466625E+7,  1.683891E-3
1.467250E+7,  1.601756E-3
1.467875E+7,  1.543760E-3
1.468500E+7,  1.479506E-3
1.469125E+7,  1.459718E-3
1.469750E+7,  1.386225E-3
1.470375E+7,  1.335800E-3
1.471000E+7,  1.286983E-3
1.471625E+7,  1.248181E-3
1.472250E+7,  1.227796E-3
1.472875E+7,  1.176775E-3
1.473500E+7,  1.118481E-3
1.474125E+7,  1.091599E-3
1.474750E+7,  1.060963E-3
1.475375E+7,  1.018405E-3
1.476000E+7,  1.001656E-3
1.476625E+7,  9.527206E-4
1.477250E+7,  9.012818E-4
1.477875E+7,  8.935034E-4
1.478500E+7,  8.718371E-4
1.479125E+7,  8.438528E-4
1.479750E+7,  8.219481E-4
1.480375E+7,  8.064806E-4
1.481000E+7,  7.574260E-4
1.481625E+7,  7.513463E-4
1.482250E+7,  7.206798E-4
1.482875E+7,  6.926954E-4
1.483500E+7,  6.786883E-4
1.484125E+7,  6.715357E-4
1.484750E+7,  6.192029E-4
1.485375E+7,  6.285310E-4
1.486000E+7,  6.214082E-4
1.486625E+7,  5.851686E-4
1.487250E+7,  5.991757E-4
1.487875E+7,  5.638301E-4
1.488500E+7,  5.321503E-4
1.489125E+7,  5.264878E-4
1.489750E+7,  5.117059E-4
1.490375E+7,  5.125403E-4
1.491000E+7,  4.839897E-4
1.491625E+7,  4.763007E-4
1.492250E+7,  4.538447E-4
1.492875E+7,  4.333705E-4
1.493500E+7,  4.322827E-4
1.494125E+7,  4.063249E-4
1.494750E+7,  4.109442E-4
1.495375E+7,  3.984421E-4
1.496000E+7,  3.897548E-4
1.496625E+7,  3.750026E-4
1.497250E+7,  3.673285E-4
1.497875E+7,  3.671497E-4
1.498500E+7,  3.247261E-4
1.499125E+7,  3.402978E-4
1.499750E+7,  3.461093E-4
1.500375E+7,  3.330857E-4
1.501000E+7,  3.098696E-4
1.501625E+7,  3.103465E-4
1.502250E+7,  3.038645E-4
1.502875E+7,  3.033131E-4
1.503500E+7,  2.506077E-4
1.504125E+7,  2.677292E-4
1.504750E+7,  2.544373E-4
1.505375E+7,  2.785474E-4
1.506000E+7,  2.701283E-4
1.506625E+7,  2.463907E-4
1.507250E+7,  2.383366E-4
1.507875E+7,  2.387092E-4
1.508500E+7,  2.228096E-4
1.509125E+7,  2.090186E-4
1.509750E+7,  2.075434E-4
1.510375E+7,  2.150461E-4
1.511000E+7,  1.943707E-4
1.511625E+7,  2.254695E-4
1.512250E+7,  1.841187E-4
1.512875E+7,  1.924857E-4
1.513500E+7,  1.941100E-4
1.514125E+7,  1.652837E-4
1.514750E+7,  1.771599E-4
1.515375E+7,  1.662746E-4
1.516000E+7,  1.549199E-4
1.516625E+7,  1.569092E-4
1.517250E+7,  1.632497E-4
1.517875E+7,  1.345724E-4
1.518500E+7,  1.718178E-4
1.519125E+7,  1.627207E-4
1.519750E+7,  1.514778E-4
1.520375E+7,  1.490787E-4
1.521000E+7,  1.133308E-4
1.521625E+7,  1.288503E-4
1.522250E+7,  1.353621E-4
1.522875E+7,  1.274943E-4
1.523500E+7,  1.347736E-4
1.524125E+7,  9.762868E-5
1.524750E+7,  1.277179E-4
1.525375E+7,  1.081675E-4
1.526000E+7,  9.928271E-5
1.526625E+7,  1.238212E-4
1.527250E+7,  1.084805E-4
1.527875E+7,  1.180917E-4
1.528500E+7,  1.073033E-4
1.529125E+7,  1.077428E-4
1.529750E+7,  8.412078E-5
1.530375E+7,  1.097731E-4
1.531000E+7,  1.235679E-4
1.531625E+7,  1.178980E-4
1.532250E+7,  6.902218E-5
1.532875E+7,  1.006611E-4
1.533500E+7,  8.540973E-5
1.534125E+7,  7.820874E-5
1.534750E+7,  9.351969E-5
1.535375E+7,  1.094900E-4
1.536000E+7,  5.951710E-5
1.536625E+7,  7.107481E-5
1.537250E+7,  7.642806E-5
1.537875E+7,  7.897988E-5
1.538500E+7,  7.639080E-5
1.539125E+7,  9.787828E-5
1.539750E+7,  5.984306E-5
1.540375E+7,  5.898625E-5
1.541000E+7,  4.091673E-5
1.541625E+7,  7.644296E-5
1.542250E+7,  3.780425E-5
1.542875E+7,  4.117191E-5
1.543500E+7,  6.865337E-5
1.544125E+7,  8.581579E-5
1.544750E+7,  6.928667E-5
1.545375E+7,  7.067248E-5
1.546000E+7,  6.583333E-5
1.546625E+7,  4.381686E-5
1.547250E+7,  7.714704E-5
1.547875E+7,  4.270487E-5
1.548500E+7,  5.724467E-5
1.549125E+7,  5.070120E-5
1.549750E+7,  1.972914E-5
1.550375E+7,  3.736466E-5
1.551000E+7,  6.853044E-5
1.551625E+7,  4.871003E-5
1.552250E+7,  4.315190E-5
1.552875E+7,  5.225837E-5
1.553500E+7,  3.610551E-5
1.554125E+7,  2.725981E-5
1.554750E+7,  6.047264E-5
1.555375E+7,  5.370006E-5
1.556000E+7,  3.103167E-5
1.556625E+7,  4.607253E-5
1.557250E+7,  3.481843E-5
1.557875E+7,  2.907310E-5
1.558500E+7,  4.098751E-5
1.559125E+7,  3.761798E-5
1.559750E+7,  3.339723E-5
1.560375E+7,  4.042126E-5
1.561000E+7,  5.726330E-5
1.561625E+7,  3.204122E-5
1.562250E+7,  4.340336E-5
1.562875E+7,  2.588425E-5
1.563500E+7,  7.943250E-6
1.564125E+7,  3.140979E-5
1.564750E+7,  1.386879E-5
1.565375E+7,  3.093854E-5
1.566000E+7,  2.566446E-5
1.566625E+7,  1.726206E-5
1.567250E+7,  1.386972E-5
1.567875E+7,  1.916103E-5
1.568500E+7,  3.826618E-5
1.569125E+7,  7.646624E-6
1.569750E+7,  3.816793E-6
1.570375E+7,  1.906604E-5
1.571000E+7,  2.733804E-5
1.571625E+7,  2.145581E-5
1.572250E+7,  1.702365E-5
1.572875E+7,  3.802939E-6
1.573500E+7,  1.517450E-5
1.574125E+7,  2.953503E-5
1.574750E+7,  7.577473E-6
1.575375E+7,  8.468982E-6
1.576000E+7,  1.512934E-5
1.576625E+7,  1.698546E-5
1.577250E+7,  7.583527E-6
1.577875E+7,  6.380105E-10
1.578500E+7,  2.276246E-5
1.579125E+7,  3.789552E-6
1.579750E+7,  2.273079E-5
1.580375E+7,  1.558010E-5
1.581000E+7,  2.417713E-5
1.581625E+7,  3.475882E-5
1.582250E+7,  8.435454E-6
1.582875E+7,  1.881830E-5
1.583500E+7,  3.041234E-5
1.584125E+7,  8.428469E-6
1.584750E+7,  1.686160E-5
1.585375E+7,  1.683086E-5
1.586000E+7,  1.505436E-5
1.586625E+7,  6.334631E-10
1.587250E+7,  1.062825E-5
1.587875E+7,  6.329515E-10
1.588500E+7,  2.022833E-5
1.589125E+7,  2.711266E-5
1.589750E+7,  1.500687E-5
1.590375E+7,  2.401136E-5
1.591000E+7,  6.320136E-10
1.591625E+7,  3.752997E-6
1.592250E+7,  3.748457E-6
1.592875E+7,  2.700370E-5
1.593500E+7,  3.746478E-6
1.594125E+7,  8.369330E-6
1.594750E+7,  1.674239E-5
1.595375E+7,  3.196485E-5
1.596000E+7,  3.345124E-5
1.596625E+7,  2.117828E-5
1.597250E+7,  8.371659E-6
1.597875E+7,  1.674891E-5
1.598500E+7,  1.497101E-5
1.599125E+7,  7.485971E-6
1.599750E+7,  2.246350E-5
1.600375E+7,  1.262277E-4
1.601000E+7,  6.470829E-5
1.601625E+7,  1.147240E-4
1.602250E+7,  1.661777E-4
1.602875E+7,  1.575574E-4
1.603500E+7,  1.039207E-4
1.604125E+7,  1.420975E-4
1.604750E+7,  4.340336E-5
1.605375E+7,  6.339699E-5
1.606000E+7,  1.643077E-4
1.606625E+7,  9.553507E-5
1.607250E+7,  3.628060E-5
1.607875E+7,  1.025759E-4
1.608500E+7,  2.872199E-6
1.609125E+7,  1.814868E-5
1.609750E+7,  5.173497E-5
1.610375E+7,  5.199201E-5
1.611000E+7,  5.544350E-5
1.611625E+7,  4.733913E-5
1.612250E+7,  1.258478E-4
1.612875E+7,  3.904849E-5
1.613500E+7,  1.283409E-5
1.614125E+7,  8.328632E-5
1.614750E+7,  4.371442E-5
1.615375E+7,  6.314740E-5
1.616000E+7,  6.340817E-5
1.616625E+7,  4.345737E-5
1.617250E+7,  3.675371E-5
1.617875E+7,  5.686656E-5
1.618500E+7,  8.619204E-5
1.619125E+7,  2.367329E-5
1.619750E+7,  6.422866E-6
1.620375E+7,  7.646158E-5
1.621000E+7,  7.520616E-5
1.621625E+7,  1.624878E-5
1.622250E+7,  7.702783E-5
1.622875E+7,  5.770288E-5
1.623500E+7,  7.808208E-5
1.624125E+7,  1.103505E-4
1.624750E+7,  6.216392E-5
1.625375E+7,  7.490814E-5
1.626000E+7,  3.631227E-5
1.626625E+7,  6.948039E-5
1.627250E+7,  8.342788E-5
1.627875E+7,  5.446561E-5
1.628500E+7,  1.382679E-4
1.629125E+7,  5.178899E-5
1.629750E+7,  7.466972E-5
1.630375E+7,  4.143454E-5
1.631000E+7,  1.588389E-4
1.631625E+7,  5.720183E-5
1.632250E+7,  4.062429E-5
1.632875E+7,  1.361445E-4
1.633500E+7,  1.545530E-5
1.634125E+7,  9.723380E-5
1.634750E+7,  1.283437E-4
1.635375E+7,  3.597699E-5
1.636000E+7,  4.736148E-5
1.636625E+7,  1.172572E-4
1.637250E+7,  8.091703E-5
1.637875E+7,  2.081171E-4
1.638500E+7,  1.608506E-4
1.639125E+7,  1.091808E-4
1.639750E+7,  6.556138E-5
1.640375E+7,  6.995723E-5
1.641000E+7,  4.919060E-5
1.641625E+7,  6.458163E-5
1.642250E+7,  1.086630E-4
1.642875E+7,  2.930965E-5
1.643500E+7,  6.327778E-5
1.644125E+7,  5.691499E-5
1.644750E+7,  1.819897E-5
1.645375E+7,  4.632585E-5
1.646000E+7,  2.649799E-5
1.646625E+7,  1.286529E-5
1.647250E+7,  5.751848E-5
1.647875E+7,  4.187226E-5
1.648500E+7,  4.634075E-5
1.649125E+7,  8.946285E-5
1.649750E+7,  8.982047E-5
1.650375E+7,  9.373575E-5
1.651000E+7,  4.494935E-5
1.651625E+7,  8.558482E-5
1.652250E+7,  3.601611E-5
1.652875E+7,  8.065999E-5
1.653500E+7,  2.303347E-5
1.654125E+7,  8.141622E-5
1.654750E+7,  1.438847E-5
1.655375E+7,  4.616007E-5
1.656000E+7,  2.372731E-5
1.656625E+7,  6.225705E-5
1.657250E+7,  8.368492E-5
1.657875E+7,  5.937181E-5
1.658500E+7,  3.116019E-5
1.659125E+7,  3.564917E-5
1.659750E+7,  3.688782E-5
1.660375E+7,  1.112483E-4
1.661000E+7,  1.138821E-4
1.661625E+7,  9.291247E-5
1.662250E+7,  1.495779E-4
1.662875E+7,  1.346022E-4
1.663500E+7,  1.496300E-4
1.664125E+7,  6.969646E-5
1.664750E+7,  1.244918E-4
1.665375E+7,  1.060963E-4
1.666000E+7,  6.448105E-5
1.666625E+7,  4.129671E-5
1.667250E+7,  1.073219E-4
1.667875E+7,  5.596876E-5
1.668500E+7,  6.448245E-6
1.669125E+7,  4.473887E-5
1.669750E+7,  6.882101E-5
1.670375E+7,  8.018687E-5
1.671000E+7,  2.659950E-5
1.671625E+7,  1.078285E-4
1.672250E+7,  1.347288E-4
1.672875E+7,  1.169778E-4
1.673500E+7,  1.040399E-4
1.674125E+7,  4.504621E-5
1.674750E+7,  3.227033E-5
1.675375E+7,  1.254082E-4
1.676000E+7,  1.269653E-4
1.676625E+7,  5.955435E-5
1.677250E+7,  4.520267E-5
1.677875E+7,  4.367717E-5
1.678500E+7,  3.654510E-5
1.679125E+7,  3.755093E-5
1.679750E+7,  9.473413E-5
1.680375E+7,  6.030686E-5
1.681000E+7,  3.227592E-5
1.681625E+7,  1.292676E-5
1.682250E+7,  3.877096E-5
1.682875E+7,  4.047714E-5
1.683500E+7,  2.256036E-5
1.684125E+7,  4.972331E-5
1.684750E+7,  7.383898E-5
1.685375E+7,  3.232248E-5
1.686000E+7,  9.043887E-5
1.686625E+7,  4.515238E-5
1.687250E+7,  1.094453E-4
1.687875E+7,  5.611777E-5
1.688500E+7,  5.428679E-5
1.689125E+7,  9.321794E-5
1.689750E+7,  1.635961E-5
1.690375E+7,  1.957640E-4
1.691000E+7,  7.962435E-5
1.691625E+7,  1.042383E-5
1.692250E+7,  6.966665E-5
1.692875E+7,  5.705655E-5
1.693500E+7,  3.386848E-5
1.694125E+7,  4.337728E-5
1.694750E+7,  4.920363E-5
1.695375E+7,  2.333242E-5
1.696000E+7,  1.987368E-4
1.696625E+7,  5.963631E-5
1.697250E+7,  4.380383E-5
1.697875E+7,  8.685142E-5
1.698500E+7,  2.660602E-4
1.699125E+7,  1.077987E-4
1.699750E+7,  7.001683E-5
1.700375E+7,  4.981644E-5
1.701000E+7,  7.794052E-5
1.701625E+7,  7.268041E-5
1.702250E+7,  6.481633E-5
1.702875E+7,  1.454279E-4
1.703500E+7,  1.382679E-4
1.704125E+7,  1.430660E-4
1.704750E+7,  1.530498E-4
1.705375E+7,  7.076561E-5
1.706000E+7,  5.717762E-5
1.706625E+7,  3.526360E-5
1.707250E+7,  6.892532E-5
1.707875E+7,  3.026519E-5
1.708500E+7,  1.338050E-4
1.709125E+7,  9.901077E-5
1.709750E+7,  3.946200E-5
1.710375E+7,  8.567795E-5
1.711000E+7,  8.933991E-5
1.711625E+7,  7.659197E-5
1.712250E+7,  7.273257E-5
1.712875E+7,  4.989095E-5
1.713500E+7,  4.220195E-5
1.714125E+7,  2.593733E-5
1.714750E+7,  8.368120E-5
1.715375E+7,  5.505420E-5
1.716000E+7,  1.234636E-4
1.716625E+7,  1.196750E-5
1.717250E+7,  3.083050E-5
1.717875E+7,  5.233847E-5
1.718500E+7,  8.425489E-5
1.719125E+7,  5.835481E-5
1.719750E+7,  9.613857E-5
1.720375E+7,  7.442757E-5
1.721000E+7,  4.511140E-5
1.721625E+7,  5.812151E-6
1.722250E+7,  1.195073E-4
1.722875E+7,  3.642403E-5
1.723500E+7,  1.046211E-4
1.724125E+7,  5.481392E-5
1.724750E+7,  6.176904E-5
1.725375E+7,  1.089573E-4
1.726000E+7,  1.629516E-4
1.726625E+7,  3.390945E-5
1.727250E+7,  2.922583E-5
1.727875E+7,  7.557124E-5
1.728500E+7,  9.842217E-5
1.729125E+7,  5.201064E-5
1.729750E+7,  4.730001E-5
1.730375E+7,  1.165383E-4
1.731000E+7,  1.774952E-4
1.731625E+7,  9.095296E-5
1.732250E+7,  2.271496E-5
1.732875E+7,  9.125471E-5
1.733500E+7,  8.847564E-5
1.734125E+7,  7.458776E-5
1.734750E+7,  1.839641E-5
1.735375E+7,  5.558878E-5
1.736000E+7,  2.745166E-5
1.736625E+7,  9.725988E-5
1.737250E+7,  1.645088E-5
1.737875E+7,  6.869808E-5
1.738500E+7,  1.923963E-4
1.739125E+7,  8.239225E-5
1.739750E+7,  1.224205E-4
1.740375E+7,  1.095422E-4
1.741000E+7,  8.238107E-5
1.741625E+7,  5.594827E-5
1.742250E+7,  1.302408E-5
1.742875E+7,  7.814541E-5
1.743500E+7,  1.170151E-4
1.744125E+7,  5.999394E-5
1.744750E+7,  5.251914E-5
1.745375E+7,  9.143725E-5
1.746000E+7,  7.370859E-5
1.746625E+7,  6.644428E-5
1.747250E+7,  6.194040E-5
1.747875E+7,  1.276881E-4
1.748500E+7,  6.063282E-5
1.749125E+7,  5.500950E-5
1.749750E+7,  5.831569E-5
1.750375E+7,  9.912997E-5
1.751000E+7,  1.111515E-4
1.751625E+7,  1.931340E-4
1.752250E+7,  4.783459E-5
1.752875E+7,  2.493523E-5
1.753500E+7,  7.293373E-5
1.754125E+7,  7.936731E-5
1.754750E+7,  4.752725E-5
1.755375E+7,  6.935745E-5
1.756000E+7,  5.017035E-5
1.756625E+7,  1.745224E-4
1.757250E+7,  9.394437E-5
1.757875E+7,  7.478520E-5
1.758500E+7,  1.168298E-5
1.759125E+7,  4.379824E-5
1.759750E+7,  8.527935E-5
1.760375E+7,  1.057386E-4
1.761000E+7,  5.220063E-5
1.761625E+7,  3.405660E-5
1.762250E+7,  8.752197E-5
1.762875E+7,  1.489297E-4
1.763500E+7,  2.691709E-5
1.764125E+7,  6.794557E-5
1.764750E+7,  1.248121E-4
1.765375E+7,  6.662309E-5
1.766000E+7,  3.660470E-5
1.766625E+7,  4.103407E-5
1.767250E+7,  1.160204E-4
1.767875E+7,  3.664941E-5
1.768500E+7,  1.754798E-5
1.769125E+7,  1.212917E-4
1.769750E+7,  2.107304E-5
1.770375E+7,  1.771078E-4
1.771000E+7,  4.384667E-5
1.771625E+7,  1.516342E-4
1.772250E+7,  1.960155E-5
1.772875E+7,  1.754090E-4
1.773500E+7,  7.114187E-5
1.774125E+7,  1.592636E-4
1.774750E+7,  9.562075E-5
1.775375E+7,  1.395717E-4
1.776000E+7,  1.275539E-4
1.776625E+7,  7.478893E-5
1.777250E+7,  7.042289E-5
1.777875E+7,  1.099594E-4
1.778500E+7,  1.250207E-4
1.779125E+7,  1.206137E-4
1.779750E+7,  9.388477E-5
1.780375E+7,  6.544590E-5
1.781000E+7,  9.945035E-5
1.781625E+7,  5.763769E-5
1.782250E+7,  4.902110E-5
1.782875E+7,  1.179129E-4
1.783500E+7,  7.406995E-5
1.784125E+7,  1.226440E-4
1.784750E+7,  2.699997E-5
1.785375E+7,  1.055980E-5
1.786000E+7,  6.114691E-5
1.786625E+7,  5.377084E-5
1.787250E+7,  8.526444E-5
1.787875E+7,  1.085065E-4
1.788500E+7,  4.769303E-5
1.789125E+7,  1.097284E-4
1.789750E+7,  1.362637E-4
1.790375E+7,  3.709644E-5
1.791000E+7,  4.730560E-5
1.791625E+7,  1.043938E-4
1.792250E+7,  3.566220E-5
1.792875E+7,  1.852587E-5
1.793500E+7,  9.825826E-5
1.794125E+7,  1.024939E-4
1.794750E+7,  4.228204E-5
1.795375E+7,  7.086992E-5
1.796000E+7,  7.256866E-5
1.796625E+7,  8.146092E-5
1.797250E+7,  1.173420E-5
1.797875E+7,  1.172908E-5
1.798500E+7,  1.369268E-4
1.799125E+7,  3.532693E-5
1.799750E+7,  9.522215E-5
1.800375E+7,  5.017407E-5
1.801000E+7,  1.053661E-4
1.801625E+7,  6.457791E-5
1.802250E+7,  2.705771E-5
1.802875E+7,  1.785066E-5
1.803500E+7,  7.353723E-5
1.804125E+7,  3.759935E-5
1.804750E+7,  7.700175E-5
1.805375E+7,  5.867518E-5
1.806000E+7,  2.626982E-5
1.806625E+7,  1.660362E-5
1.807250E+7,  7.354096E-5
1.807875E+7,  5.871430E-5
1.808500E+7,  5.897880E-5
1.809125E+7,  2.370309E-5
1.809750E+7,  1.340881E-4
1.810375E+7,  1.156144E-4
1.811000E+7,  3.122352E-5
1.811625E+7,  7.169694E-5
1.812250E+7,  1.555160E-4
1.812875E+7,  8.408725E-5
1.813500E+7,  1.178756E-4
1.814125E+7,  1.135357E-4
1.814750E+7,  4.751794E-5
1.815375E+7,  1.224205E-4
1.816000E+7,  1.329556E-4
1.816625E+7,  9.404868E-5
1.817250E+7,  4.702620E-5
1.817875E+7,  3.584661E-5
1.818500E+7,  2.489984E-5
1.819125E+7,  8.175150E-5
1.819750E+7,  2.494641E-5
1.820375E+7,  5.706772E-5
1.821000E+7,  1.212656E-4
1.821625E+7,  7.298216E-5
1.822250E+7,  1.582783E-5
1.822875E+7,  8.568913E-5
1.823500E+7,  1.053922E-4
1.824125E+7,  2.297387E-5
1.824750E+7,  4.788674E-5
1.825375E+7,  3.958307E-5
1.826000E+7,  1.333952E-4
1.826625E+7,  3.824010E-5
1.827250E+7,  3.442355E-5
1.827875E+7,  8.979067E-5
1.828500E+7,  8.949265E-5
1.829125E+7,  1.461655E-4
1.829750E+7,  7.535145E-5
1.830375E+7,  3.948249E-5
1.831000E+7,  5.679764E-5
1.831625E+7,  4.483573E-5
1.832250E+7,  3.827550E-5
1.832875E+7,  7.674843E-5
1.833500E+7,  1.766533E-5
1.834125E+7,  1.073964E-4
1.834750E+7,  4.748441E-5
1.835375E+7,  9.649992E-5
1.836000E+7,  8.312613E-5
1.836625E+7,  2.945494E-5
1.837250E+7,  5.531497E-5
1.837875E+7,  2.193376E-4
1.838500E+7,  4.380196E-5
1.839125E+7,  9.584799E-5
1.839750E+7,  1.408160E-4
1.840375E+7,  1.252443E-4
1.841000E+7,  8.571148E-5
1.841625E+7,  8.543953E-5
1.842250E+7,  9.637326E-5
1.842875E+7,  3.588758E-5
1.843500E+7,  1.330078E-4
1.844125E+7,  5.562603E-5
1.844750E+7,  1.188517E-4
1.845375E+7,  2.903584E-5
1.846000E+7,  3.832392E-5
1.846625E+7,  7.097796E-5
1.847250E+7,  9.880587E-5
1.847875E+7,  6.071478E-5
1.848500E+7,  6.050244E-5
1.849125E+7,  1.208782E-4
1.849750E+7,  6.156787E-5
1.850375E+7,  5.440414E-5
1.851000E+7,  6.721541E-5
1.851625E+7,  4.168227E-5
1.852250E+7,  8.974224E-5
1.852875E+7,  8.969009E-5
1.853500E+7,  8.594617E-5
1.854125E+7,  1.053885E-4
1.854750E+7,  6.906688E-5
1.855375E+7,  1.475122E-5
1.856000E+7,  8.116290E-5