SAVED BY: 
TITLE: 
COMMENTS: 
DATE: 10/27/2020
TIME: 3:24 PM

STIMULUS, RESPONSE

8.560000E+6,  1.570582E-4
8.566250E+6,  1.544729E-4
8.572500E+6,  1.686439E-4
8.578750E+6,  1.597926E-4
8.585000E+6,  1.544282E-4
8.591250E+6,  1.585111E-4
8.597500E+6,  1.741648E-4
8.603750E+6,  1.574531E-4
8.610000E+6,  1.822785E-4
8.616250E+6,  1.740381E-4
8.622500E+6,  1.639277E-4
8.628750E+6,  1.633540E-4
8.635000E+6,  1.737252E-4
8.641250E+6,  1.556054E-4
8.647500E+6,  1.797304E-4
8.653750E+6,  1.671687E-4
8.660000E+6,  1.907572E-4
8.666250E+6,  1.711845E-4
8.672500E+6,  1.807883E-4
8.678750E+6,  1.752600E-4
8.685000E+6,  1.725033E-4
8.691250E+6,  1.850128E-4
8.697500E+6,  1.878440E-4
8.703750E+6,  1.769438E-4
8.710000E+6,  1.741573E-4
8.716250E+6,  1.809224E-4
8.722500E+6,  1.897290E-4
8.728750E+6,  1.769140E-4
8.735000E+6,  1.955479E-4
8.741250E+6,  1.966059E-4
8.747500E+6,  1.740009E-4
8.753750E+6,  1.702309E-4
8.760000E+6,  1.714900E-4
8.766250E+6,  2.006069E-4
8.772500E+6,  1.823530E-4
8.778750E+6,  1.731291E-4
8.785000E+6,  1.823604E-4
8.791250E+6,  1.763999E-4
8.797500E+6,  1.798719E-4
8.803750E+6,  1.955628E-4
8.810000E+6,  1.993552E-4
8.816250E+6,  1.798719E-4
8.822500E+6,  1.854226E-4
8.828750E+6,  1.713857E-4
8.835000E+6,  1.851097E-4
8.841250E+6,  1.865774E-4
8.847500E+6,  1.798794E-4
8.853750E+6,  1.895949E-4
8.860000E+6,  1.713336E-4
8.866250E+6,  1.798943E-4
8.872500E+6,  1.925901E-4
8.878750E+6,  2.131537E-4
8.885000E+6,  1.791716E-4
8.891250E+6,  1.888499E-4
8.897500E+6,  1.694709E-4
8.903750E+6,  1.828894E-4
8.910000E+6,  1.859292E-4
8.916250E+6,  1.839101E-4
8.922500E+6,  1.762360E-4
8.928750E+6,  1.964122E-4
8.935000E+6,  1.839772E-4
8.941250E+6,  2.024546E-4
8.947500E+6,  1.980141E-4
8.953750E+6,  1.984537E-4
8.960000E+6,  1.888275E-4
8.966250E+6,  1.888797E-4
8.972500E+6,  1.856536E-4
8.978750E+6,  2.109930E-4
8.985000E+6,  1.946613E-4
8.991250E+6,  2.025589E-4
8.997500E+6,  1.858473E-4
9.003750E+6,  1.822785E-4
9.010000E+6,  2.144948E-4
9.016250E+6,  1.977235E-4
9.022500E+6,  1.946315E-4
9.028750E+6,  2.008677E-4
9.035000E+6,  1.965389E-4
9.041250E+6,  2.237707E-4
9.047500E+6,  2.207160E-4
9.053750E+6,  2.007261E-4
9.060000E+6,  1.924932E-4
9.066250E+6,  2.247915E-4
9.072500E+6,  1.912341E-4
9.078750E+6,  2.328008E-4
9.085000E+6,  1.988783E-4
9.091250E+6,  2.337173E-4
9.097500E+6,  2.135262E-4
9.103750E+6,  1.884326E-4
9.110000E+6,  2.013296E-4
9.116250E+6,  2.044588E-4
9.122500E+6,  2.015531E-4
9.128750E+6,  2.123863E-4
9.135000E+6,  2.043918E-4
9.141250E+6,  2.420396E-4
9.147500E+6,  1.821965E-4
9.153750E+6,  2.173409E-4
9.160000E+6,  2.010316E-4
9.166250E+6,  2.354980E-4
9.172500E+6,  2.073646E-4
9.178750E+6,  2.134591E-4
9.185000E+6,  2.136230E-4
9.191250E+6,  2.054125E-4
9.197500E+6,  2.168864E-4
9.203750E+6,  2.293438E-4
9.210000E+6,  2.169162E-4
9.216250E+6,  2.229735E-4
9.222500E+6,  2.010018E-4
9.228750E+6,  2.137348E-4
9.235000E+6,  1.949295E-4
9.241250E+6,  2.200454E-4
9.247500E+6,  2.011806E-4
9.253750E+6,  2.088621E-4
9.260000E+6,  2.170578E-4
9.266250E+6,  2.138242E-4
9.272500E+6,  2.170801E-4
9.278750E+6,  2.107620E-4
9.285000E+6,  2.108216E-4
9.291250E+6,  2.266988E-4
9.297500E+6,  2.139136E-4
9.303750E+6,  2.238080E-4
9.310000E+6,  2.335012E-4
9.316250E+6,  2.300218E-4
9.322500E+6,  2.177209E-4
9.328750E+6,  2.298877E-4
9.335000E+6,  2.235696E-4
9.341250E+6,  2.487153E-4
9.347500E+6,  2.118126E-4
9.353750E+6,  2.027303E-4
9.360000E+6,  2.056062E-4
9.366250E+6,  2.302453E-4
9.372500E+6,  2.080053E-4
9.378750E+6,  2.394468E-4
9.385000E+6,  2.299026E-4
9.391250E+6,  2.360716E-4
9.397500E+6,  2.159476E-4
9.403750E+6,  2.428517E-4
9.410000E+6,  2.459735E-4
9.416250E+6,  2.329350E-4
9.422500E+6,  2.521276E-4
9.428750E+6,  2.487004E-4
9.435000E+6,  2.243668E-4
9.441250E+6,  2.309158E-4
9.447500E+6,  2.490431E-4
9.453750E+6,  2.362505E-4
9.460000E+6,  2.270341E-4
9.466250E+6,  2.394766E-4
9.472500E+6,  2.428293E-4
9.478750E+6,  2.336204E-4
9.485000E+6,  2.310276E-4
9.491250E+6,  2.407655E-4
9.497500E+6,  2.205893E-4
9.503750E+6,  2.392605E-4
9.510000E+6,  2.522767E-4
9.516250E+6,  2.239197E-4
9.522500E+6,  2.491921E-4
9.528750E+6,  2.507567E-4
9.535000E+6,  2.445728E-4
9.541250E+6,  2.436116E-4
9.547500E+6,  2.534240E-4
9.553750E+6,  2.435520E-4
9.560000E+6,  2.492219E-4
9.566250E+6,  2.556443E-4
9.572500E+6,  2.556741E-4
9.578750E+6,  2.462119E-4
9.585000E+6,  2.569705E-4
9.591250E+6,  2.344400E-4
9.597500E+6,  2.508163E-4
9.603750E+6,  2.525300E-4
9.610000E+6,  2.432391E-4
9.616250E+6,  2.495795E-4
9.622500E+6,  2.685636E-4
9.628750E+6,  2.596676E-4
9.635000E+6,  2.594441E-4
9.641250E+6,  2.451837E-4
9.647500E+6,  2.421066E-4
9.653750E+6,  2.712458E-4
9.660000E+6,  2.724975E-4
9.666250E+6,  2.716929E-4
9.672500E+6,  2.593696E-4
9.678750E+6,  2.563149E-4
9.685000E+6,  2.534389E-4
9.691250E+6,  2.720654E-4
9.697500E+6,  2.568513E-4
9.703750E+6,  2.700388E-4
9.710000E+6,  2.582222E-4
9.716250E+6,  2.726912E-4
9.722500E+6,  2.479851E-4
9.728750E+6,  2.512038E-4
9.735000E+6,  2.795607E-4
9.741250E+6,  2.715886E-4
9.747500E+6,  2.499968E-4
9.753750E+6,  2.874881E-4
9.760000E+6,  2.681315E-4
9.766250E+6,  2.622753E-4
9.772500E+6,  2.692938E-4
9.778750E+6,  2.747625E-4
9.785000E+6,  2.603084E-4
9.791250E+6,  2.757013E-4
9.797500E+6,  2.702922E-4
9.803750E+6,  2.953857E-4
9.810000E+6,  2.774298E-4
9.816250E+6,  2.727807E-4
9.822500E+6,  2.730340E-4
9.828750E+6,  3.021508E-4
9.835000E+6,  2.649128E-4
9.841250E+6,  3.023744E-4
9.847500E+6,  2.820194E-4
9.853750E+6,  2.921969E-4
9.860000E+6,  2.773553E-4
9.866250E+6,  2.832860E-4
9.872500E+6,  2.641678E-4
9.878750E+6,  3.255159E-4
9.885000E+6,  2.855510E-4
9.891250E+6,  2.786666E-4
9.897500E+6,  2.831072E-4
9.903750E+6,  3.025383E-4
9.910000E+6,  2.924502E-4
9.916250E+6,  2.834052E-4
9.922500E+6,  2.798438E-4
9.928750E+6,  2.939254E-4
9.935000E+6,  2.937764E-4
9.941250E+6,  3.122240E-4
9.947500E+6,  3.027320E-4
9.953750E+6,  2.980679E-4
9.960000E+6,  3.014058E-4
9.966250E+6,  2.827942E-4
9.972500E+6,  2.790093E-4
9.978750E+6,  3.046989E-4
9.985000E+6,  3.025085E-4
9.991250E+6,  3.027916E-4
9.997500E+6,  3.000796E-4
1.000375E+7,  3.048778E-4
1.001000E+7,  2.836138E-4
1.001625E+7,  3.169030E-4
1.002250E+7,  3.043562E-4
1.002875E+7,  3.115535E-4
1.003500E+7,  2.874285E-4
1.004125E+7,  3.085881E-4
1.004750E+7,  3.071725E-4
1.005375E+7,  2.959371E-4
1.006000E+7,  2.939254E-4
1.006625E+7,  3.059059E-4
1.007250E+7,  3.040731E-4
1.007875E+7,  3.264397E-4
1.008500E+7,  3.276318E-4
1.009125E+7,  3.149807E-4
1.009750E+7,  3.163666E-4
1.010375E+7,  3.438592E-4
1.011000E+7,  3.179312E-4
1.011625E+7,  3.252923E-4
1.012250E+7,  3.352314E-4
1.012875E+7,  3.192127E-4
1.013500E+7,  3.239214E-4
1.014125E+7,  3.239214E-4
1.014750E+7,  3.093034E-4
1.015375E+7,  3.271252E-4
1.016000E+7,  3.387928E-4
1.016625E+7,  3.076643E-4
1.017250E+7,  3.375262E-4
1.017875E+7,  3.387332E-4
1.018500E+7,  3.495812E-4
1.019125E+7,  3.306717E-4
1.019750E+7,  3.247708E-4
1.020375E+7,  3.234744E-4
1.021000E+7,  3.351867E-4
1.021625E+7,  3.409237E-4
1.022250E+7,  3.163815E-4
1.022875E+7,  3.302693E-4
1.023500E+7,  3.272742E-4
1.024125E+7,  3.477782E-4
1.024750E+7,  3.459007E-4
1.025375E+7,  3.664345E-4
1.026000E+7,  3.373027E-4
1.026625E+7,  3.578812E-4
1.027250E+7,  3.217906E-4
1.027875E+7,  3.603995E-4
1.028500E+7,  3.501475E-4
1.029125E+7,  3.547668E-4
1.029750E+7,  3.513992E-4
1.030375E+7,  3.821701E-4
1.031000E+7,  3.440976E-4
1.031625E+7,  3.684014E-4
1.032250E+7,  3.478378E-4
1.032875E+7,  3.561080E-4
1.033500E+7,  3.635138E-4
1.034125E+7,  3.717095E-4
1.034750E+7,  3.444552E-4
1.035375E+7,  3.775805E-4
1.036000E+7,  3.580153E-4
1.036625E+7,  3.633946E-4
1.037250E+7,  3.633648E-4
1.037875E+7,  3.802627E-4
1.038500E+7,  3.771782E-4
1.039125E+7,  3.789514E-4
1.039750E+7,  3.890544E-4
1.040375E+7,  3.790557E-4
1.041000E+7,  3.909320E-4
1.041625E+7,  3.786683E-4
1.042250E+7,  3.774017E-4
1.042875E+7,  3.843307E-4
1.043500E+7,  3.808439E-4
1.044125E+7,  3.963560E-4
1.044750E+7,  3.756732E-4
1.045375E+7,  3.786385E-4
1.046000E+7,  3.808737E-4
1.046625E+7,  3.808588E-4
1.047250E+7,  4.050434E-4
1.047875E+7,  3.915578E-4
1.048500E+7,  3.762841E-4
1.049125E+7,  3.845394E-4
1.049750E+7,  4.002452E-4
1.050375E+7,  4.001111E-4
1.051000E+7,  4.019588E-4
1.051625E+7,  4.057437E-4
1.052250E+7,  3.728718E-4
1.052875E+7,  3.829598E-4
1.053500E+7,  4.123896E-4
1.054125E+7,  4.051328E-4
1.054750E+7,  3.961325E-4
1.055375E+7,  3.966242E-4
1.056000E+7,  4.158914E-4
1.056625E+7,  4.171282E-4
1.057250E+7,  4.061610E-4
1.057875E+7,  4.302710E-4
1.058500E+7,  4.163235E-4
1.059125E+7,  4.177541E-4
1.059750E+7,  4.078001E-4
1.060375E+7,  4.330277E-4
1.061000E+7,  4.023015E-4
1.061625E+7,  4.260093E-4
1.062250E+7,  4.162639E-4
1.062875E+7,  4.200637E-4
1.063500E+7,  4.123151E-4
1.064125E+7,  4.376024E-4
1.064750E+7,  4.272759E-4
1.065375E+7,  4.304796E-4
1.066000E+7,  4.380643E-4
1.066625E+7,  4.504025E-4
1.067250E+7,  4.372597E-4
1.067875E+7,  4.487187E-4
1.068500E+7,  4.351586E-4
1.069125E+7,  4.545152E-4
1.069750E+7,  4.319698E-4
1.070375E+7,  4.422218E-4
1.071000E+7,  4.388988E-4
1.071625E+7,  4.214644E-4
1.072250E+7,  4.466176E-4
1.072875E+7,  4.575700E-4
1.073500E+7,  4.572421E-4
1.074125E+7,  4.378557E-4
1.074750E+7,  4.581958E-4
1.075375E+7,  4.638135E-4
1.076000E+7,  4.429370E-4
1.076625E+7,  4.594028E-4
1.077250E+7,  4.680902E-4
1.077875E+7,  4.685819E-4
1.078500E+7,  4.593581E-4
1.079125E+7,  4.638433E-4
1.079750E+7,  4.772991E-4
1.080375E+7,  4.738867E-4
1.081000E+7,  4.752427E-4
1.081625E+7,  4.742295E-4
1.082250E+7,  4.751980E-4
1.082875E+7,  4.771799E-4
1.083500E+7,  4.886389E-4
1.084125E+7,  4.914701E-4
1.084750E+7,  4.750043E-4
1.085375E+7,  4.896820E-4
1.086000E+7,  5.028546E-4
1.086625E+7,  5.014539E-4
1.087250E+7,  5.002022E-4
1.087875E+7,  5.012751E-4
1.088500E+7,  4.809052E-4
1.089125E+7,  5.169213E-4
1.089750E+7,  5.055070E-4
1.090375E+7,  5.034506E-4
1.091000E+7,  4.911721E-4
1.091625E+7,  5.144775E-4
1.092250E+7,  5.152225E-4
1.092875E+7,  4.997551E-4
1.093500E+7,  5.383492E-4
1.094125E+7,  5.251467E-4
1.094750E+7,  5.301535E-4
1.095375E+7,  5.459189E-4
1.096000E+7,  5.142987E-4
1.096625E+7,  5.234778E-4
1.097250E+7,  5.203187E-4
1.097875E+7,  5.438030E-4
1.098500E+7,  5.369782E-4
1.099125E+7,  5.315244E-4
1.099750E+7,  5.454719E-4
1.100375E+7,  5.728304E-4
1.101000E+7,  5.484819E-4
1.101625E+7,  5.372763E-4
1.102250E+7,  5.555153E-4
1.102875E+7,  5.426109E-4
1.103500E+7,  5.577803E-4
1.104125E+7,  5.685687E-4
1.104750E+7,  5.593002E-4
1.105375E+7,  5.695522E-4
1.106000E+7,  5.533397E-4
1.106625E+7,  5.759597E-4
1.107250E+7,  5.603433E-4
1.107875E+7,  5.690455E-4
1.108500E+7,  5.631745E-4
1.109125E+7,  5.740821E-4
1.109750E+7,  5.724430E-4
1.110375E+7,  5.702376E-4
1.111000E+7,  5.878508E-4
1.111625E+7,  5.773902E-4
1.112250E+7,  5.960464E-4
1.112875E+7,  6.190240E-4
1.113500E+7,  6.035566E-4
1.114125E+7,  5.965829E-4
1.114750E+7,  6.148517E-4
1.115375E+7,  5.930662E-4
1.116000E+7,  6.057322E-4
1.116625E+7,  6.407797E-4
1.117250E+7,  6.288290E-4
1.117875E+7,  6.029606E-4
1.118500E+7,  6.492734E-4
1.119125E+7,  6.335676E-4
1.119750E+7,  6.547570E-4
1.120375E+7,  6.438792E-4
1.121000E+7,  6.704330E-4
1.121625E+7,  6.919205E-4
1.122250E+7,  7.126033E-4
1.122875E+7,  7.787049E-4
1.123500E+7,  8.415282E-4
1.124125E+7,  8.413792E-4
1.124750E+7,  8.237660E-4
1.125375E+7,  8.251071E-4
1.126000E+7,  8.141696E-4
1.126625E+7,  7.752180E-4
1.127250E+7,  8.428991E-4
1.127875E+7,  7.948279E-4
1.128500E+7,  8.130968E-4
1.129125E+7,  7.906556E-4
1.129750E+7,  7.171929E-4
1.130375E+7,  7.507801E-4
1.131000E+7,  7.837713E-4
1.131625E+7,  8.006692E-4
1.132250E+7,  8.045137E-4
1.132875E+7,  8.128881E-4
1.133500E+7,  8.305311E-4
1.134125E+7,  7.993281E-4
1.134750E+7,  7.905662E-4
1.135375E+7,  7.774830E-4
1.136000E+7,  7.661879E-4
1.136625E+7,  8.149147E-4
1.137250E+7,  8.385479E-4
1.137875E+7,  8.268952E-4
1.138500E+7,  8.341670E-4
1.139125E+7,  8.102655E-4
1.139750E+7,  8.143187E-4
1.140375E+7,  7.926524E-4
1.141000E+7,  7.949471E-4
1.141625E+7,  7.966161E-4
1.142250E+7,  8.013546E-4
1.142875E+7,  8.733273E-4
1.143500E+7,  8.259714E-4
1.144125E+7,  8.550286E-4
1.144750E+7,  8.974075E-4
1.145375E+7,  9.301305E-4
1.146000E+7,  9.301305E-4
1.146625E+7,  9.532571E-4
1.147250E+7,  9.448528E-4
1.147875E+7,  8.855462E-4
1.148500E+7,  9.389520E-4
1.149125E+7,  1.002431E-3
1.149750E+7,  1.040339E-3
1.150375E+7,  1.019001E-3
1.151000E+7,  1.046181E-3
1.151625E+7,  1.003921E-3
1.152250E+7,  1.020074E-3
1.152875E+7,  1.004517E-3
1.153500E+7,  9.361804E-4
1.154125E+7,  1.058757E-3
1.154750E+7,  1.055658E-3
1.155375E+7,  1.041710E-3
1.156000E+7,  1.199067E-3
1.156625E+7,  1.191437E-3
1.157250E+7,  1.163065E-3
1.157875E+7,  1.204312E-3
1.158500E+7,  1.326144E-3
1.159125E+7,  1.184285E-3
1.159750E+7,  1.161158E-3
1.160375E+7,  1.249254E-3
1.161000E+7,  1.230121E-3
1.161625E+7,  1.344740E-3
1.162250E+7,  1.407981E-3
1.162875E+7,  1.646161E-3
1.163500E+7,  1.752436E-3
1.164125E+7,  1.956105E-3
1.164750E+7,  2.197266E-3
1.165375E+7,  2.108097E-3
1.166000E+7,  2.030134E-3
1.166625E+7,  2.255321E-3
1.167250E+7,  2.147079E-3
1.167875E+7,  2.178550E-3
1.168500E+7,  2.164841E-3
1.169125E+7,  2.169132E-3
1.169750E+7,  2.148271E-3
1.170375E+7,  2.254009E-3
1.171000E+7,  2.243876E-3
1.171625E+7,  2.265334E-3
1.172250E+7,  2.282858E-3
1.172875E+7,  2.275467E-3
1.173500E+7,  2.293587E-3
1.174125E+7,  2.292156E-3
1.174750E+7,  2.348423E-3
1.175375E+7,  2.328396E-3
1.176000E+7,  2.352476E-3
1.176625E+7,  2.452612E-3
1.177250E+7,  2.415299E-3
1.177875E+7,  2.464294E-3
1.178500E+7,  2.440810E-3
1.179125E+7,  2.478004E-3
1.179750E+7,  2.479672E-3
1.180375E+7,  2.453804E-3
1.181000E+7,  2.449989E-3
1.181625E+7,  2.466679E-3
1.182250E+7,  2.517223E-3
1.182875E+7,  2.558231E-3
1.183500E+7,  2.566934E-3
1.184125E+7,  2.641916E-3
1.184750E+7,  2.645016E-3
1.185375E+7,  2.698064E-3
1.186000E+7,  2.698064E-3
1.186625E+7,  2.710462E-3
1.187250E+7,  2.718568E-3
1.187875E+7,  2.745867E-3
1.188500E+7,  2.746820E-3
1.189125E+7,  2.792954E-3
1.189750E+7,  2.837420E-3
1.190375E+7,  2.849340E-3
1.191000E+7,  2.843976E-3
1.191625E+7,  2.905846E-3
1.192250E+7,  2.939582E-3
1.192875E+7,  2.904773E-3
1.193500E+7,  2.912641E-3
1.194125E+7,  2.988100E-3
1.194750E+7,  2.995729E-3
1.195375E+7,  3.055811E-3
1.196000E+7,  3.063679E-3
1.196625E+7,  3.098845E-3
1.197250E+7,  3.122211E-3
1.197875E+7,  3.147364E-3
1.198500E+7,  3.135800E-3
1.199125E+7,  3.166199E-3
1.199750E+7,  3.191352E-3
1.200375E+7,  3.228426E-3
1.201000E+7,  3.285289E-3
1.201625E+7,  3.324747E-3
1.202250E+7,  3.254890E-3
1.202875E+7,  3.322959E-3
1.203500E+7,  3.331542E-3
1.204125E+7,  3.279209E-3
1.204750E+7,  3.313303E-3
1.205375E+7,  3.403068E-3
1.206000E+7,  3.339291E-3
1.206625E+7,  3.516316E-3
1.207250E+7,  3.519773E-3
1.207875E+7,  3.423572E-3
1.208500E+7,  3.489494E-3
1.209125E+7,  3.487825E-3
1.209750E+7,  3.540993E-3
1.210375E+7,  3.506541E-3
1.211000E+7,  3.545523E-3
1.211625E+7,  3.595352E-3
1.212250E+7,  3.625393E-3
1.212875E+7,  3.714800E-3
1.213500E+7,  3.665328E-3
1.214125E+7,  3.736734E-3
1.214750E+7,  3.739357E-3
1.215375E+7,  3.753543E-3
1.216000E+7,  3.852844E-3
1.216625E+7,  3.849506E-3
1.217250E+7,  3.878236E-3
1.217875E+7,  3.928661E-3
1.218500E+7,  3.972530E-3
1.219125E+7,  3.959656E-3
1.219750E+7,  4.028082E-3
1.220375E+7,  4.071712E-3
1.221000E+7,  4.167795E-3
1.221625E+7,  4.210234E-3
1.222250E+7,  4.234552E-3
1.222875E+7,  4.271030E-3
1.223500E+7,  4.339933E-3
1.224125E+7,  4.342556E-3
1.224750E+7,  4.398584E-3
1.225375E+7,  4.453421E-3
1.226000E+7,  4.544735E-3
1.226625E+7,  4.499197E-3
1.227250E+7,  4.613876E-3
1.227875E+7,  4.655361E-3
1.228500E+7,  4.710674E-3
1.229125E+7,  4.750252E-3
1.229750E+7,  4.750490E-3
1.230375E+7,  4.788399E-3
1.231000E+7,  4.900455E-3
1.231625E+7,  4.963636E-3
1.232250E+7,  4.994631E-3
1.232875E+7,  5.042076E-3
1.233500E+7,  5.085945E-3
1.234125E+7,  5.157948E-3
1.234750E+7,  5.185843E-3
1.235375E+7,  5.275011E-3
1.236000E+7,  5.357265E-3
1.236625E+7,  5.441189E-3
1.237250E+7,  5.481243E-3
1.237875E+7,  5.579472E-3
1.238500E+7,  5.650997E-3
1.239125E+7,  5.718946E-3
1.239750E+7,  5.742073E-3
1.240375E+7,  5.800724E-3
1.241000E+7,  5.863667E-3
1.241625E+7,  5.956888E-3
1.242250E+7,  6.025791E-3
1.242875E+7,  6.136894E-3
1.243500E+7,  6.239653E-3
1.244125E+7,  6.307364E-3
1.244750E+7,  6.335020E-3
1.245375E+7,  6.459951E-3
1.246000E+7,  6.546497E-3
1.246625E+7,  6.592274E-3
1.247250E+7,  6.718159E-3
1.247875E+7,  6.807089E-3
1.248500E+7,  6.887197E-3
1.249125E+7,  6.958008E-3
1.249750E+7,  7.060766E-3
1.250375E+7,  7.242441E-3
1.251000E+7,  7.278681E-3
1.251625E+7,  7.380009E-3
1.252250E+7,  7.438898E-3
1.252875E+7,  7.553101E-3
1.253500E+7,  7.708788E-3
1.254125E+7,  7.816315E-3
1.254750E+7,  7.912636E-3
1.255375E+7,  8.057117E-3
1.256000E+7,  8.209705E-3
1.256625E+7,  8.282661E-3
1.257250E+7,  8.387566E-3
1.257875E+7,  8.570671E-3
1.258500E+7,  8.664608E-3
1.259125E+7,  8.789539E-3
1.259750E+7,  8.927822E-3
1.260375E+7,  9.091854E-3
1.261000E+7,  9.230614E-3
1.261625E+7,  9.493351E-3
1.262250E+7,  9.515762E-3
1.262875E+7,  9.965897E-3
1.263500E+7,  9.738922E-3
1.264125E+7,  1.009750E-2
1.264750E+7,  1.027250E-2
1.265375E+7,  1.038551E-2
1.266000E+7,  1.064062E-2
1.266625E+7,  1.072264E-2
1.267250E+7,  1.106644E-2
1.267875E+7,  1.139355E-2
1.268500E+7,  1.185656E-2
1.269125E+7,  1.197100E-2
1.269750E+7,  1.153040E-2
1.270375E+7,  1.146030E-2
1.271000E+7,  1.320028E-2
1.271625E+7,  1.239157E-2
1.272250E+7,  1.262999E-2
1.272875E+7,  1.287556E-2
1.273500E+7,  1.327276E-2
1.274125E+7,  1.349258E-2
1.274750E+7,  1.387978E-2
1.275375E+7,  1.385689E-2
1.276000E+7,  1.423073E-2
1.276625E+7,  1.439571E-2
1.277250E+7,  1.080799E-2
1.277875E+7,  1.382303E-2
1.278500E+7,  1.586533E-2
1.279125E+7,  1.665688E-2
1.279750E+7,  1.604557E-2
1.280375E+7,  1.542902E-2
1.281000E+7,  1.438236E-2
1.281625E+7,  1.831913E-2
1.282250E+7,  1.832104E-2
1.282875E+7,  1.820755E-2
1.283500E+7,  1.713943E-2
1.284125E+7,  2.038765E-2
1.284750E+7,  2.027893E-2
1.285375E+7,  2.118111E-2
1.286000E+7,  2.117634E-2
1.286625E+7,  2.234554E-2
1.287250E+7,  2.265167E-2
1.287875E+7,  2.253532E-2
1.288500E+7,  2.263832E-2
1.289125E+7,  2.469921E-2
1.289750E+7,  2.483940E-2
1.290375E+7,  2.477455E-2
1.291000E+7,  2.567005E-2
1.291625E+7,  2.743721E-2
1.292250E+7,  2.443504E-2
1.292875E+7,  2.718353E-2
1.293500E+7,  2.521706E-2
1.294125E+7,  2.664375E-2
1.294750E+7,  2.259731E-2
1.295375E+7,  1.702499E-2
1.296000E+7,  1.376438E-2
1.296625E+7,  1.336670E-2
1.297250E+7,  1.391077E-2
1.297875E+7,  1.421595E-2
1.298500E+7,  1.451492E-2
1.299125E+7,  1.491737E-2
1.299750E+7,  1.530790E-2
1.300375E+7,  1.581955E-2
1.301000E+7,  1.632404E-2
1.301625E+7,  1.677895E-2
1.302250E+7,  1.737022E-2
1.302875E+7,  1.789093E-2
1.303500E+7,  1.851654E-2
1.304125E+7,  1.911545E-2
1.304750E+7,  1.975250E-2
1.305375E+7,  2.038097E-2
1.306000E+7,  2.106190E-2
1.306625E+7,  2.183819E-2
1.307250E+7,  2.266312E-2
1.307875E+7,  2.360725E-2
1.308500E+7,  2.449799E-2
1.309125E+7,  2.549458E-2
1.309750E+7,  2.644539E-2
1.310375E+7,  2.746487E-2
1.311000E+7,  2.862549E-2
1.311625E+7,  2.984905E-2
1.312250E+7,  3.124428E-2
1.312875E+7,  3.269768E-2
1.313500E+7,  3.420258E-2
1.314125E+7,  3.569031E-2
1.314750E+7,  3.752327E-2
1.315375E+7,  3.987503E-2
1.316000E+7,  4.195213E-2
1.316625E+7,  4.411125E-2
1.317250E+7,  4.610252E-2
1.317875E+7,  4.882431E-2
1.318500E+7,  5.152321E-2
1.319125E+7,  5.486298E-2
1.319750E+7,  5.738449E-2
1.320375E+7,  6.086540E-2
1.321000E+7,  6.541061E-2
1.321625E+7,  6.867218E-2
1.322250E+7,  7.321548E-2
1.322875E+7,  7.884598E-2
1.323500E+7,  8.509445E-2
1.324125E+7,  9.252167E-2
1.324750E+7,  1.016197E-1
1.325375E+7,  1.116371E-1
1.326000E+7,  1.199608E-1
1.326625E+7,  1.304855E-1
1.327250E+7,  1.429977E-1
1.327875E+7,  1.576233E-1
1.328500E+7,  1.710205E-1
1.329125E+7,  1.901932E-1
1.329750E+7,  2.075272E-1
1.330375E+7,  2.246094E-1
1.331000E+7,  2.512512E-1
1.331625E+7,  2.711639E-1
1.332250E+7,  2.961273E-1
1.332875E+7,  3.017578E-1
1.333500E+7,  3.043060E-1
1.334125E+7,  3.054352E-1
1.334750E+7,  3.031616E-1
1.335375E+7,  3.046570E-1
1.336000E+7,  2.953949E-1
1.336625E+7,  2.833099E-1
1.337250E+7,  2.776489E-1
1.337875E+7,  2.649078E-1
1.338500E+7,  2.532501E-1
1.339125E+7,  2.474976E-1
1.339750E+7,  2.378998E-1
1.340375E+7,  2.290421E-1
1.341000E+7,  2.224731E-1
1.341625E+7,  2.192535E-1
1.342250E+7,  2.146835E-1
1.342875E+7,  2.126770E-1
1.343500E+7,  2.112961E-1
1.344125E+7,  2.071915E-1
1.344750E+7,  2.071075E-1
1.345375E+7,  2.069473E-1
1.346000E+7,  2.063141E-1
1.346625E+7,  2.090530E-1
1.347250E+7,  2.124939E-1
1.347875E+7,  2.135086E-1
1.348500E+7,  2.143860E-1
1.349125E+7,  2.179871E-1
1.349750E+7,  2.228546E-1
1.350375E+7,  2.294540E-1
1.351000E+7,  2.339020E-1
1.351625E+7,  2.391815E-1
1.352250E+7,  2.458038E-1
1.352875E+7,  2.523193E-1
1.353500E+7,  2.598114E-1
1.354125E+7,  2.664032E-1
1.354750E+7,  2.724457E-1
1.355375E+7,  2.767181E-1
1.356000E+7,  2.789764E-1
1.356625E+7,  2.781982E-1
1.357250E+7,  2.747650E-1
1.357875E+7,  2.684784E-1
1.358500E+7,  2.594452E-1
1.359125E+7,  2.478180E-1
1.359750E+7,  2.351303E-1
1.360375E+7,  2.208176E-1
1.361000E+7,  2.068481E-1
1.361625E+7,  1.929855E-1
1.362250E+7,  1.794434E-1
1.362875E+7,  1.672668E-1
1.363500E+7,  1.560974E-1
1.364125E+7,  1.454697E-1
1.364750E+7,  1.354370E-1
1.365375E+7,  1.270905E-1
1.366000E+7,  1.189613E-1
1.366625E+7,  1.119728E-1
1.367250E+7,  1.052818E-1
1.367875E+7,  9.969711E-2
1.368500E+7,  9.389114E-2
1.369125E+7,  8.850861E-2
1.369750E+7,  8.386230E-2
1.370375E+7,  7.963943E-2
1.371000E+7,  7.569885E-2
1.371625E+7,  7.226562E-2
1.372250E+7,  6.907272E-2
1.372875E+7,  6.604385E-2
1.373500E+7,  6.332016E-2
1.374125E+7,  6.068993E-2
1.374750E+7,  5.828285E-2
1.375375E+7,  5.604362E-2
1.376000E+7,  5.405998E-2
1.376625E+7,  5.205536E-2
1.377250E+7,  5.030823E-2
1.377875E+7,  4.868126E-2
1.378500E+7,  4.702759E-2
1.379125E+7,  4.563522E-2
1.379750E+7,  4.417229E-2
1.380375E+7,  4.297066E-2
1.381000E+7,  4.167557E-2
1.381625E+7,  4.057503E-2
1.382250E+7,  3.948784E-2
1.382875E+7,  3.855705E-2
1.383500E+7,  3.761292E-2
1.384125E+7,  3.673363E-2
1.384750E+7,  3.586578E-2
1.385375E+7,  3.504372E-2
1.386000E+7,  3.434181E-2
1.386625E+7,  3.365898E-2
1.387250E+7,  3.298950E-2
1.387875E+7,  3.237152E-2
1.388500E+7,  3.183746E-2
1.389125E+7,  3.130531E-2
1.389750E+7,  3.080273E-2
1.390375E+7,  3.031540E-2
1.391000E+7,  2.987671E-2
1.391625E+7,  2.947426E-2
1.392250E+7,  2.908516E-2
1.392875E+7,  2.873707E-2
1.393500E+7,  2.843285E-2
1.394125E+7,  2.815437E-2
1.394750E+7,  2.787209E-2
1.395375E+7,  2.767944E-2
1.396000E+7,  2.744102E-2
1.396625E+7,  2.724075E-2
1.397250E+7,  2.708721E-2
1.397875E+7,  2.693653E-2
1.398500E+7,  2.682495E-2
1.399125E+7,  2.678394E-2
1.399750E+7,  2.672005E-2
1.400375E+7,  2.669621E-2
1.401000E+7,  2.667809E-2
1.401625E+7,  2.674484E-2
1.402250E+7,  2.680969E-2
1.402875E+7,  2.692032E-2
1.403500E+7,  2.709389E-2
1.404125E+7,  2.726650E-2
1.404750E+7,  2.746010E-2
1.405375E+7,  2.773571E-2
1.406000E+7,  2.803516E-2
1.406625E+7,  2.838612E-2
1.407250E+7,  2.879715E-2
1.407875E+7,  2.928066E-2
1.408500E+7,  2.985668E-2
1.409125E+7,  3.047943E-2
1.409750E+7,  3.117847E-2
1.410375E+7,  3.195572E-2
1.411000E+7,  3.289795E-2
1.411625E+7,  3.396797E-2
1.412250E+7,  3.518295E-2
1.412875E+7,  3.653908E-2
1.413500E+7,  3.817749E-2
1.414125E+7,  3.997803E-2
1.414750E+7,  4.214668E-2
1.415375E+7,  4.465866E-2
1.416000E+7,  4.756927E-2
1.416625E+7,  5.102921E-2
1.417250E+7,  5.503845E-2
1.417875E+7,  5.980682E-2
1.418500E+7,  6.534195E-2
1.419125E+7,  7.164764E-2
1.419750E+7,  7.813644E-2
1.420375E+7,  8.403015E-2
1.421000E+7,  8.793259E-2
1.421625E+7,  8.792114E-2
1.422250E+7,  8.352661E-2
1.422875E+7,  7.596207E-2
1.423500E+7,  6.721878E-2
1.424125E+7,  5.867577E-2
1.424750E+7,  5.114365E-2
1.425375E+7,  4.477119E-2
1.426000E+7,  3.931427E-2
1.426625E+7,  3.479767E-2
1.427250E+7,  3.102779E-2
1.427875E+7,  2.783966E-2
1.428500E+7,  2.511883E-2
1.429125E+7,  2.275562E-2
1.429750E+7,  2.078342E-2
1.430375E+7,  1.904011E-2
1.431000E+7,  1.749039E-2
1.431625E+7,  1.614285E-2
1.432250E+7,  1.494169E-2
1.432875E+7,  1.383829E-2
1.433500E+7,  1.285601E-2
1.434125E+7,  1.203680E-2
1.434750E+7,  1.126051E-2
1.435375E+7,  1.054478E-2
1.436000E+7,  9.893894E-3
1.436625E+7,  9.302616E-3
1.437250E+7,  8.770466E-3
1.437875E+7,  8.244038E-3
1.438500E+7,  7.802248E-3
1.439125E+7,  7.407665E-3
1.439750E+7,  7.012129E-3
1.440375E+7,  6.648540E-3
1.441000E+7,  6.314039E-3
1.441625E+7,  6.015778E-3
1.442250E+7,  5.690575E-3
1.442875E+7,  5.413771E-3
1.443500E+7,  5.192995E-3
1.444125E+7,  4.925489E-3
1.444750E+7,  4.701853E-3
1.445375E+7,  4.502058E-3
1.446000E+7,  4.307032E-3
1.446625E+7,  4.115582E-3
1.447250E+7,  3.925800E-3
1.447875E+7,  3.765821E-3
1.448500E+7,  3.628135E-3
1.449125E+7,  3.435016E-3
1.449750E+7,  3.336191E-3
1.450375E+7,  3.205895E-3
1.451000E+7,  3.095508E-3
1.451625E+7,  2.936602E-3
1.452250E+7,  2.839327E-3
1.452875E+7,  2.734423E-3
1.453500E+7,  2.643824E-3
1.454125E+7,  2.520204E-3
1.454750E+7,  2.422571E-3
1.455375E+7,  2.334476E-3
1.456000E+7,  2.252102E-3
1.456625E+7,  2.182126E-3
1.457250E+7,  2.094507E-3
1.457875E+7,  2.029419E-3
1.458500E+7,  1.958370E-3
1.459125E+7,  1.891136E-3
1.459750E+7,  1.828372E-3
1.460375E+7,  1.773417E-3
1.461000E+7,  1.707613E-3
1.461625E+7,  1.658261E-3
1.462250E+7,  1.613617E-3
1.462875E+7,  1.529396E-3
1.463500E+7,  1.480699E-3
1.464125E+7,  1.436830E-3
1.464750E+7,  1.412153E-3
1.465375E+7,  1.363516E-3
1.466000E+7,  1.300693E-3
1.466625E+7,  1.283586E-3
1.467250E+7,  1.218200E-3
1.467875E+7,  1.190126E-3
1.468500E+7,  1.155078E-3
1.469125E+7,  1.111686E-3
1.469750E+7,  1.088977E-3
1.470375E+7,  1.056433E-3
1.471000E+7,  1.032591E-3
1.471625E+7,  9.995103E-4
1.472250E+7,  9.684563E-4
1.472875E+7,  9.301305E-4
1.473500E+7,  9.347200E-4
1.474125E+7,  8.898973E-4
1.474750E+7,  8.498728E-4
1.475375E+7,  8.369386E-4
1.476000E+7,  8.216202E-4
1.476625E+7,  7.856488E-4
1.477250E+7,  7.582009E-4
1.477875E+7,  7.410944E-4
1.478500E+7,  7.156730E-4
1.479125E+7,  7.064044E-4
1.479750E+7,  6.891489E-4
1.480375E+7,  6.801486E-4
1.481000E+7,  6.636381E-4
1.481625E+7,  6.279945E-4
1.482250E+7,  6.051064E-4
1.482875E+7,  5.842149E-4
1.483500E+7,  5.737841E-4
1.484125E+7,  5.555749E-4
1.484750E+7,  5.495250E-4
1.485375E+7,  5.278289E-4
1.486000E+7,  5.167127E-4
1.486625E+7,  5.176961E-4
1.487250E+7,  4.889369E-4
1.487875E+7,  4.783571E-4
1.488500E+7,  4.826635E-4
1.489125E+7,  4.711002E-4
1.489750E+7,  4.420578E-4
1.490375E+7,  4.557818E-4
1.491000E+7,  4.312992E-4
1.491625E+7,  4.184842E-4
1.492250E+7,  4.057288E-4
1.492875E+7,  3.814995E-4
1.493500E+7,  3.668368E-4
1.494125E+7,  3.677011E-4
1.494750E+7,  3.552288E-4
1.495375E+7,  3.393292E-4
1.496000E+7,  3.439784E-4
1.496625E+7,  3.361255E-4
1.497250E+7,  3.363341E-4
1.497875E+7,  3.353059E-4
1.498500E+7,  3.015697E-4
1.499125E+7,  3.176928E-4
1.499750E+7,  3.129542E-4
1.500375E+7,  2.892315E-4
1.501000E+7,  3.001690E-4
1.501625E+7,  2.657473E-4
1.502250E+7,  2.618730E-4
1.502875E+7,  2.750754E-4
1.503500E+7,  2.624243E-4
1.504125E+7,  2.721399E-4
1.504750E+7,  2.394617E-4
1.505375E+7,  2.432838E-4
1.506000E+7,  2.122894E-4
1.506625E+7,  2.362952E-4
1.507250E+7,  2.501458E-4
1.507875E+7,  2.325252E-4
1.508500E+7,  1.995116E-4
1.509125E+7,  2.176687E-4
1.509750E+7,  2.080575E-4
1.510375E+7,  1.852214E-4
1.511000E+7,  2.075583E-4
1.511625E+7,  1.871735E-4
1.512250E+7,  1.894161E-4
1.512875E+7,  1.858920E-4
1.513500E+7,  1.711696E-4
1.514125E+7,  1.438409E-4
1.514750E+7,  1.617298E-4
1.515375E+7,  1.823008E-4
1.516000E+7,  1.656339E-4
1.516625E+7,  1.773983E-4
1.517250E+7,  1.743510E-4
1.517875E+7,  1.655817E-4
1.518500E+7,  1.361296E-4
1.519125E+7,  1.494735E-4
1.519750E+7,  1.347959E-4
1.520375E+7,  1.884922E-4
1.521000E+7,  1.273081E-4
1.521625E+7,  1.116320E-4
1.522250E+7,  1.304597E-4
1.522875E+7,  1.016185E-4
1.523500E+7,  9.328872E-5
1.524125E+7,  1.122802E-4
1.524750E+7,  1.299232E-4
1.525375E+7,  1.350045E-4
1.526000E+7,  9.819120E-5
1.526625E+7,  1.069456E-4
1.527250E+7,  1.031123E-4
1.527875E+7,  1.071878E-4
1.528500E+7,  1.095459E-4
1.529125E+7,  8.519739E-5
1.529750E+7,  1.074113E-4
1.530375E+7,  9.203330E-5
1.531000E+7,  6.030872E-5
1.531625E+7,  8.497015E-5
1.532250E+7,  7.958338E-5
1.532875E+7,  1.000315E-4
1.533500E+7,  7.762015E-5
1.534125E+7,  1.104474E-4
1.534750E+7,  8.800253E-5
1.535375E+7,  8.432567E-5
1.536000E+7,  9.725615E-5
1.536625E+7,  8.418411E-5
1.537250E+7,  1.025945E-4
1.537875E+7,  7.941946E-5
1.538500E+7,  8.096918E-5
1.539125E+7,  5.940534E-5
1.539750E+7,  7.721782E-5
1.540375E+7,  7.942319E-5
1.541000E+7,  4.767999E-5
1.541625E+7,  5.860440E-5
1.542250E+7,  7.617101E-5
1.542875E+7,  5.654991E-5
1.543500E+7,  6.284192E-5
1.544125E+7,  5.968846E-5
1.544750E+7,  6.441027E-5
1.545375E+7,  7.835403E-5
1.546000E+7,  4.364178E-5
1.546625E+7,  6.109849E-5
1.547250E+7,  4.250370E-5
1.547875E+7,  4.376099E-5
1.548500E+7,  4.576147E-5
1.549125E+7,  6.344914E-5
1.549750E+7,  4.754215E-5
1.550375E+7,  6.081536E-5
1.551000E+7,  2.840441E-5
1.551625E+7,  5.086325E-5
1.552250E+7,  5.119294E-5
1.552875E+7,  3.775395E-5
1.553500E+7,  3.333017E-5
1.554125E+7,  4.678778E-5
1.554750E+7,  5.648471E-5
1.555375E+7,  3.870390E-5
1.556000E+7,  7.220358E-5
1.556625E+7,  3.605708E-5
1.557250E+7,  4.926324E-5
1.557875E+7,  3.633462E-5
1.558500E+7,  4.398264E-5
1.559125E+7,  4.083291E-5
1.559750E+7,  3.268756E-5
1.560375E+7,  1.657195E-5
1.561000E+7,  4.072860E-5
1.561625E+7,  1.160754E-5
1.562250E+7,  3.327243E-5
1.562875E+7,  1.476705E-5
1.563500E+7,  2.247933E-5
1.564125E+7,  7.798430E-6
1.564750E+7,  3.442168E-5
1.565375E+7,  3.303960E-5
1.566000E+7,  2.164207E-5
1.566625E+7,  1.726113E-5
1.567250E+7,  1.388369E-5
1.567875E+7,  1.084059E-5
1.568500E+7,  2.060551E-5
1.569125E+7,  3.085285E-5
1.569750E+7,  1.910143E-5
1.570375E+7,  3.413111E-5
1.571000E+7,  3.812276E-5
1.571625E+7,  2.961978E-5
1.572250E+7,  4.950352E-5
1.572875E+7,  1.700316E-5
1.573500E+7,  3.812276E-5
1.574125E+7,  1.690909E-5
1.574750E+7,  1.366902E-5
1.575375E+7,  1.071766E-5
1.576000E+7,  3.785826E-6
1.576625E+7,  2.739299E-5
1.577250E+7,  7.587252E-6
1.577875E+7,  2.399739E-5
1.578500E+7,  2.277363E-5
1.579125E+7,  7.584924E-6
1.579750E+7,  2.955366E-5
1.580375E+7,  3.855862E-5
1.581000E+7,  3.021955E-5
1.581625E+7,  1.130626E-5
1.582250E+7,  2.383161E-5
1.582875E+7,  2.379529E-5
1.583500E+7,  1.553725E-5
1.584125E+7,  1.553912E-5
1.584750E+7,  1.508510E-5
1.585375E+7,  7.530674E-6
1.586000E+7,  3.761146E-6
1.586625E+7,  2.257060E-5
1.587250E+7,  2.376270E-5
1.587875E+7,  3.030710E-5
1.588500E+7,  7.520663E-6
1.589125E+7,  2.285466E-5
1.589750E+7,  1.352141E-5
1.590375E+7,  1.875870E-5
1.591000E+7,  3.461726E-5
1.591625E+7,  1.677405E-5
1.592250E+7,  1.060776E-5
1.592875E+7,  3.087707E-5
1.593500E+7,  2.369191E-5
1.594125E+7,  2.277363E-5
1.594750E+7,  1.871306E-5
1.595375E+7,  3.741006E-6
1.596000E+7,  1.122383E-5
1.596625E+7,  1.123035E-5
1.597250E+7,  1.871306E-5
1.597875E+7,  1.059286E-5
1.598500E+7,  3.742287E-6
1.599125E+7,  7.492024E-6
1.599750E+7,  1.059286E-5
1.600375E+7,  1.176447E-4
1.601000E+7,  2.208576E-4
1.601625E+7,  1.769736E-4
1.602250E+7,  1.170151E-4
1.602875E+7,  1.114123E-4
1.603500E+7,  1.594350E-4
1.604125E+7,  8.532777E-5
1.604750E+7,  1.182705E-4
1.605375E+7,  7.696822E-5
1.606000E+7,  7.538125E-5
1.606625E+7,  6.720424E-5
1.607250E+7,  5.536899E-5
1.607875E+7,  5.994178E-5
1.608500E+7,  1.498312E-4
1.609125E+7,  2.018511E-4
1.609750E+7,  8.401647E-5
1.610375E+7,  1.263842E-4
1.611000E+7,  4.493818E-5
1.611625E+7,  1.034513E-5
1.612250E+7,  1.283456E-5
1.612875E+7,  1.026019E-4
1.613500E+7,  1.579374E-4
1.614125E+7,  7.938594E-5
1.614750E+7,  5.197152E-5
1.615375E+7,  5.195849E-5
1.616000E+7,  1.746044E-5
1.616625E+7,  5.744025E-5
1.617250E+7,  2.870429E-5
1.617875E+7,  5.017594E-5
1.618500E+7,  1.150854E-4
1.619125E+7,  3.903545E-5
1.619750E+7,  6.420165E-5
1.620375E+7,  6.987154E-5
1.621000E+7,  2.316479E-5
1.621625E+7,  7.663295E-5
1.622250E+7,  2.647284E-5
1.622875E+7,  2.242345E-5
1.623500E+7,  5.291775E-5
1.624125E+7,  9.068474E-5
1.624750E+7,  2.090447E-5
1.625375E+7,  9.766221E-5
1.626000E+7,  1.214743E-4
1.626625E+7,  5.657412E-5
1.627250E+7,  5.292147E-5
1.627875E+7,  3.456138E-5
1.628500E+7,  8.846447E-5
1.629125E+7,  1.408681E-4
1.629750E+7,  3.552437E-5
1.630375E+7,  8.640066E-5
1.631000E+7,  3.446452E-5
1.631625E+7,  1.251623E-4
1.632250E+7,  9.955466E-5
1.632875E+7,  1.158677E-4
1.633500E+7,  7.831678E-5
1.634125E+7,  1.284527E-5
1.634750E+7,  4.626997E-5
1.635375E+7,  7.532164E-5
1.636000E+7,  5.745515E-5
1.636625E+7,  3.091618E-5
1.637250E+7,  3.852695E-5
1.637875E+7,  7.199124E-5
1.638500E+7,  1.114681E-4
1.639125E+7,  8.627400E-5
1.639750E+7,  8.642673E-5
1.640375E+7,  5.749613E-5
1.641000E+7,  7.390976E-5
1.641625E+7,  1.857504E-4
1.642250E+7,  1.925975E-4
1.642875E+7,  1.318529E-4
1.643500E+7,  4.495680E-5
1.644125E+7,  8.624047E-5
1.644750E+7,  4.610792E-5
1.645375E+7,  4.460476E-5
1.646000E+7,  6.997958E-5
1.646625E+7,  1.818687E-5
1.647250E+7,  7.714704E-5
1.647875E+7,  4.913844E-5
1.648500E+7,  1.724530E-5
1.649125E+7,  4.490092E-5
1.649750E+7,  4.349835E-5
1.650375E+7,  4.744716E-5
1.651000E+7,  1.627579E-5
1.651625E+7,  6.435066E-5
1.652250E+7,  4.680455E-5
1.652875E+7,  2.654642E-5
1.653500E+7,  3.357977E-5
1.654125E+7,  4.038587E-5
1.654750E+7,  2.374966E-5
1.655375E+7,  1.139119E-4
1.656000E+7,  4.637800E-5
1.656625E+7,  8.069724E-5
1.657250E+7,  2.375245E-5
1.657875E+7,  3.643148E-5
1.658500E+7,  5.288422E-5
1.659125E+7,  5.432777E-5
1.659750E+7,  4.615448E-5
1.660375E+7,  9.207428E-5
1.661000E+7,  3.642403E-5
1.661625E+7,  5.875714E-5
1.662250E+7,  4.387088E-5
1.662875E+7,  1.560152E-4
1.663500E+7,  5.474128E-5
1.664125E+7,  8.154195E-6
1.664750E+7,  6.705523E-5
1.665375E+7,  1.986250E-4
1.666000E+7,  1.666620E-4
1.666625E+7,  7.205829E-5
1.667250E+7,  3.791973E-5
1.667875E+7,  9.376928E-5
1.668500E+7,  2.658181E-5
1.669125E+7,  4.646555E-5
1.669750E+7,  1.276359E-4
1.670375E+7,  1.860037E-4
1.671000E+7,  6.211922E-5
1.671625E+7,  4.834868E-5
1.672250E+7,  5.939975E-5
1.672875E+7,  7.507950E-5
1.673500E+7,  5.037710E-5
1.674125E+7,  7.368624E-5
1.674750E+7,  1.232922E-4
1.675375E+7,  2.101902E-5
1.676000E+7,  1.254007E-4
1.676625E+7,  1.065396E-4
1.677250E+7,  8.269772E-5
1.677875E+7,  4.506856E-5
1.678500E+7,  3.512576E-5
1.679125E+7,  4.763156E-5
1.679750E+7,  8.328259E-5
1.680375E+7,  2.468377E-5
1.681000E+7,  9.200722E-5
1.681625E+7,  8.672476E-5
1.682250E+7,  5.815737E-5
1.682875E+7,  1.273826E-4
1.683500E+7,  6.593764E-5
1.684125E+7,  6.378815E-5
1.684750E+7,  2.845563E-5
1.685375E+7,  4.947744E-5
1.686000E+7,  5.325861E-5
1.686625E+7,  6.768107E-5
1.687250E+7,  8.680671E-5
1.687875E+7,  1.668707E-4
1.688500E+7,  7.311255E-5
1.689125E+7,  3.466010E-5
1.689750E+7,  4.140288E-5
1.690375E+7,  6.074086E-5
1.691000E+7,  1.636054E-5
1.691625E+7,  6.228685E-5
1.692250E+7,  6.466359E-5
1.692875E+7,  3.234856E-5
1.693500E+7,  6.321073E-5
1.694125E+7,  4.049018E-5
1.694750E+7,  7.237494E-5
1.695375E+7,  1.398548E-4
1.696000E+7,  8.754805E-5
1.696625E+7,  7.718056E-5
1.697250E+7,  1.209080E-4
1.697875E+7,  3.297180E-4
1.698500E+7,  5.853549E-5
1.699125E+7,  7.334352E-5
1.699750E+7,  7.726997E-5
1.700375E+7,  6.607175E-5
1.701000E+7,  1.013428E-4
1.701625E+7,  1.229420E-4
1.702250E+7,  5.594082E-5
1.702875E+7,  1.188517E-4
1.703500E+7,  1.314208E-4
1.704125E+7,  1.044869E-4
1.704750E+7,  9.687245E-5
1.705375E+7,  5.973689E-5
1.706000E+7,  5.975738E-5
1.706625E+7,  1.431629E-4
1.707250E+7,  4.347786E-5
1.707875E+7,  6.481307E-6
1.708500E+7,  1.968443E-4
1.709125E+7,  1.745746E-4
1.709750E+7,  1.013093E-4
1.710375E+7,  2.338551E-5
1.711000E+7,  5.803304E-6
1.711625E+7,  5.187653E-5
1.712250E+7,  3.715046E-5
1.712875E+7,  3.716722E-5
1.713500E+7,  9.363517E-5
1.714125E+7,  7.888302E-5
1.714750E+7,  4.223362E-5
1.715375E+7,  4.679151E-5
1.716000E+7,  1.642480E-5
1.716625E+7,  5.715154E-5
1.717250E+7,  1.297006E-5
1.717875E+7,  4.225597E-5
1.718500E+7,  1.240447E-4
1.719125E+7,  7.275864E-5
1.719750E+7,  7.186085E-5
1.720375E+7,  6.449595E-5
1.721000E+7,  5.331635E-5
1.721625E+7,  4.725903E-5
1.722250E+7,  4.834495E-5
1.722875E+7,  1.063831E-4
1.723500E+7,  3.386661E-5
1.724125E+7,  2.324209E-5
1.724750E+7,  6.497139E-6
1.725375E+7,  8.152798E-5
1.726000E+7,  5.358085E-5
1.726625E+7,  1.058169E-4
1.727250E+7,  5.963445E-5
1.727875E+7,  7.265434E-5
1.728500E+7,  3.641658E-5
1.729125E+7,  7.195398E-5
1.729750E+7,  8.380786E-5
1.730375E+7,  4.114397E-5
1.731000E+7,  6.072223E-5
1.731625E+7,  1.016147E-4
1.732250E+7,  7.649511E-5
1.732875E+7,  2.907868E-5
1.733500E+7,  9.375811E-5
1.734125E+7,  9.370595E-5
1.734750E+7,  8.959696E-5
1.735375E+7,  1.256317E-4
1.736000E+7,  1.092143E-4
1.736625E+7,  6.693229E-5
1.737250E+7,  2.271403E-5
1.737875E+7,  5.939975E-5
1.738500E+7,  3.645942E-5
1.739125E+7,  3.541261E-5
1.739750E+7,  2.400763E-5
1.740375E+7,  2.068430E-4
1.741000E+7,  9.386614E-5
1.741625E+7,  2.099760E-5
1.742250E+7,  1.173578E-4
1.742875E+7,  1.293272E-4
1.743500E+7,  9.334832E-5
1.744125E+7,  1.466125E-4
1.744750E+7,  1.069941E-4
1.745375E+7,  1.493543E-4
1.746000E+7,  4.901892E-10
1.746625E+7,  4.699267E-5
1.747250E+7,  3.042724E-5
1.747875E+7,  6.254390E-5
1.748500E+7,  1.865625E-5
1.749125E+7,  4.441664E-5
1.749750E+7,  6.365404E-5
1.750375E+7,  2.403930E-5
1.751000E+7,  3.912859E-5
1.751625E+7,  1.226068E-4
1.752250E+7,  1.113527E-4
1.752875E+7,  3.691576E-5
1.753500E+7,  1.304690E-5
1.754125E+7,  6.153062E-5
1.754750E+7,  1.464784E-4
1.755375E+7,  4.453771E-5
1.756000E+7,  1.106411E-4
1.756625E+7,  4.982203E-5
1.757250E+7,  6.601959E-5
1.757875E+7,  2.752151E-5
1.758500E+7,  9.507313E-5
1.759125E+7,  1.202943E-5
1.759750E+7,  7.318705E-5
1.760375E+7,  5.261600E-5
1.761000E+7,  1.887381E-4
1.761625E+7,  9.703636E-5
1.762250E+7,  4.564971E-5
1.762875E+7,  6.660074E-5
1.763500E+7,  5.505793E-5
1.764125E+7,  6.591156E-5
1.764750E+7,  8.898973E-5
1.765375E+7,  6.291270E-5
1.766000E+7,  1.572520E-4
1.766625E+7,  1.988336E-4
1.767250E+7,  1.194067E-4
1.767875E+7,  1.498237E-4
1.768500E+7,  8.475035E-5
1.769125E+7,  8.923188E-5
1.769750E+7,  3.406964E-5
1.770375E+7,  7.164851E-5
1.771000E+7,  4.212745E-5
1.771625E+7,  3.696233E-5
1.772250E+7,  2.410170E-5
1.772875E+7,  5.585328E-5
1.773500E+7,  8.419529E-5
1.774125E+7,  3.266707E-5
1.774750E+7,  2.175346E-4
1.775375E+7,  2.286583E-4
1.776000E+7,  1.727045E-4
1.776625E+7,  2.482906E-5
1.777250E+7,  1.277551E-4
1.777875E+7,  1.156963E-4
1.778500E+7,  6.600842E-5
1.779125E+7,  3.701448E-5
1.779750E+7,  1.178421E-4
1.780375E+7,  4.136935E-5
1.781000E+7,  1.230314E-4
1.781625E+7,  1.655146E-5
1.782250E+7,  2.285093E-5
1.782875E+7,  5.394220E-5
1.783500E+7,  1.015812E-4
1.784125E+7,  3.984943E-5
1.784750E+7,  7.407740E-5
1.785375E+7,  8.940697E-5
1.786000E+7,  4.468858E-5
1.786625E+7,  4.100241E-5
1.787250E+7,  1.250580E-4
1.787875E+7,  8.056313E-5
1.788500E+7,  8.921325E-5
1.789125E+7,  4.470162E-5
1.789750E+7,  3.754348E-5
1.790375E+7,  4.697219E-5
1.791000E+7,  1.368523E-4
1.791625E+7,  8.254871E-5
1.792250E+7,  3.417954E-5
1.792875E+7,  2.635457E-5
1.793500E+7,  2.988055E-5
1.794125E+7,  1.104064E-4
1.794750E+7,  3.932789E-5
1.795375E+7,  4.932588E-10
1.796000E+7,  3.159605E-5
1.796625E+7,  4.772842E-5
1.797250E+7,  3.709644E-5
1.797875E+7,  1.390353E-4
1.798500E+7,  3.708526E-5
1.799125E+7,  2.992619E-5
1.799750E+7,  4.582293E-5
1.800375E+7,  1.922622E-4
1.801000E+7,  1.579598E-4
1.801625E+7,  1.465715E-5
1.802250E+7,  5.289353E-5
1.802875E+7,  3.282167E-5
1.803500E+7,  8.980185E-5
1.804125E+7,  2.767518E-5
1.804750E+7,  9.191781E-5
1.805375E+7,  3.945269E-5
1.806000E+7,  8.726120E-5
1.806625E+7,  6.690621E-5
1.807250E+7,  1.004338E-4
1.807875E+7,  1.338422E-4
1.808500E+7,  5.389191E-5
1.809125E+7,  6.699935E-5
1.809750E+7,  8.006021E-5
1.810375E+7,  1.402795E-4
1.811000E+7,  8.404255E-5
1.811625E+7,  8.732453E-5
1.812250E+7,  1.027435E-4
1.812875E+7,  1.669452E-4
1.813500E+7,  6.776676E-5
1.814125E+7,  8.167699E-5
1.814750E+7,  2.628285E-5
1.815375E+7,  1.761783E-5
1.816000E+7,  1.614317E-4
1.816625E+7,  1.135580E-4
1.817250E+7,  1.147501E-4
1.817875E+7,  4.205108E-5
1.818500E+7,  5.044788E-5
1.819125E+7,  1.367852E-4
1.819750E+7,  1.583099E-4
1.820375E+7,  5.415455E-5
1.821000E+7,  5.025975E-5
1.821625E+7,  3.525615E-5
1.822250E+7,  8.822232E-5
1.822875E+7,  1.062974E-4
1.823500E+7,  5.421042E-5
1.824125E+7,  1.077205E-4
1.824750E+7,  7.717311E-5
1.825375E+7,  5.302951E-5
1.826000E+7,  5.792268E-5
1.826625E+7,  1.240969E-4
1.827250E+7,  7.160380E-5
1.827875E+7,  2.120622E-5
1.828500E+7,  2.141856E-5
1.829125E+7,  2.943072E-5
1.829750E+7,  5.326048E-5
1.830375E+7,  6.069615E-5
1.831000E+7,  4.744902E-5
1.831625E+7,  2.426375E-5
1.832250E+7,  1.177192E-5
1.832875E+7,  3.443286E-5
1.833500E+7,  1.343563E-4
1.834125E+7,  3.822148E-5
1.834750E+7,  5.622394E-5
1.835375E+7,  3.131479E-5
1.836000E+7,  4.245155E-5
1.836625E+7,  6.063469E-5
1.837250E+7,  5.625188E-5
1.837875E+7,  3.332086E-5
1.838500E+7,  3.643520E-5
1.839125E+7,  8.838624E-5
1.839750E+7,  3.186055E-5
1.840375E+7,  3.874488E-5
1.841000E+7,  7.659197E-5
1.841625E+7,  7.167086E-5
1.842250E+7,  4.220195E-5
1.842875E+7,  6.670505E-5
1.843500E+7,  1.531914E-4
1.844125E+7,  1.155175E-4
1.844750E+7,  3.774278E-5
1.845375E+7,  6.514788E-5
1.846000E+7,  7.171184E-5
1.846625E+7,  6.586686E-5
1.847250E+7,  3.585778E-5
1.847875E+7,  6.898493E-5
1.848500E+7,  7.095560E-5
1.849125E+7,  8.448958E-5
1.849750E+7,  4.291348E-5
1.850375E+7,  9.251013E-5
1.851000E+7,  1.174025E-4
1.851625E+7,  7.029623E-5
1.852250E+7,  7.177517E-5
1.852875E+7,  5.378947E-5
1.853500E+7,  8.577481E-5
1.854125E+7,  1.076050E-4
1.854750E+7,  8.931383E-5
1.855375E+7,  4.014559E-5
1.856000E+7,  1.069009E-4