SAVED BY: 
TITLE: 
COMMENTS: 
DATE: 10/27/2020
TIME: 3:21 PM

STIMULUS, RESPONSE

8.560000E+6,  1.787841E-4
8.566250E+6,  1.511499E-4
8.572500E+6,  1.857281E-4
8.578750E+6,  1.610667E-4
8.585000E+6,  1.522750E-4
8.591250E+6,  1.687929E-4
8.597500E+6,  1.909584E-4
8.603750E+6,  1.687407E-4
8.610000E+6,  2.046376E-4
8.616250E+6,  1.796260E-4
8.622500E+6,  1.660734E-4
8.628750E+6,  1.597404E-4
8.635000E+6,  1.634210E-4
8.641250E+6,  1.684427E-4
8.647500E+6,  1.739487E-4
8.653750E+6,  1.713112E-4
8.660000E+6,  1.808479E-4
8.666250E+6,  1.786947E-4
8.672500E+6,  1.782626E-4
8.678750E+6,  1.760870E-4
8.685000E+6,  1.660660E-4
8.691250E+6,  1.697317E-4
8.697500E+6,  1.885891E-4
8.703750E+6,  1.794919E-4
8.710000E+6,  1.817271E-4
8.716250E+6,  2.039149E-4
8.722500E+6,  1.736730E-4
8.728750E+6,  1.868829E-4
8.735000E+6,  1.737028E-4
8.741250E+6,  1.987293E-4
8.747500E+6,  1.840070E-4
8.753750E+6,  1.860112E-4
8.760000E+6,  1.858845E-4
8.766250E+6,  1.735315E-4
8.772500E+6,  1.637787E-4
8.778750E+6,  1.860186E-4
8.785000E+6,  1.834482E-4
8.791250E+6,  2.008453E-4
8.797500E+6,  1.740307E-4
8.803750E+6,  1.940429E-4
8.810000E+6,  1.675263E-4
8.816250E+6,  2.033710E-4
8.822500E+6,  1.968890E-4
8.828750E+6,  1.808926E-4
8.835000E+6,  1.786575E-4
8.841250E+6,  1.909807E-4
8.847500E+6,  1.841858E-4
8.853750E+6,  1.978204E-4
8.860000E+6,  1.787469E-4
8.866250E+6,  1.983643E-4
8.872500E+6,  1.809373E-4
8.878750E+6,  1.886040E-4
8.885000E+6,  2.133250E-4
8.891250E+6,  1.760125E-4
8.897500E+6,  1.992136E-4
8.903750E+6,  1.813620E-4
8.910000E+6,  1.913905E-4
8.916250E+6,  1.895353E-4
8.922500E+6,  2.008080E-4
8.928750E+6,  2.034679E-4
8.935000E+6,  1.924261E-4
8.941250E+6,  2.061278E-4
8.947500E+6,  1.837760E-4
8.953750E+6,  1.907721E-4
8.960000E+6,  1.770407E-4
8.966250E+6,  2.076477E-4
8.972500E+6,  1.836345E-4
8.978750E+6,  1.885742E-4
8.985000E+6,  2.038479E-4
8.991250E+6,  1.986623E-4
8.997500E+6,  2.135783E-4
9.003750E+6,  2.147108E-4
9.010000E+6,  1.939163E-4
9.016250E+6,  2.139658E-4
9.022500E+6,  2.033710E-4
9.028750E+6,  2.006963E-4
9.035000E+6,  1.868308E-4
9.041250E+6,  1.870021E-4
9.047500E+6,  2.007857E-4
9.053750E+6,  2.067611E-4
9.060000E+6,  1.993105E-4
9.066250E+6,  1.996011E-4
9.072500E+6,  1.923591E-4
9.078750E+6,  2.008006E-4
9.085000E+6,  1.853034E-4
9.091250E+6,  2.205595E-4
9.097500E+6,  2.123937E-4
9.103750E+6,  2.193078E-4
9.110000E+6,  2.095923E-4
9.116250E+6,  2.096072E-4
9.122500E+6,  2.191588E-4
9.128750E+6,  2.248958E-4
9.135000E+6,  2.080053E-4
9.141250E+6,  2.024919E-4
9.147500E+6,  2.173036E-4
9.153750E+6,  2.161115E-4
9.160000E+6,  1.899451E-4
9.166250E+6,  2.274662E-4
9.172500E+6,  2.079830E-4
9.178750E+6,  2.008304E-4
9.185000E+6,  2.193749E-4
9.191250E+6,  2.211705E-4
9.197500E+6,  2.124533E-4
9.203750E+6,  2.152026E-4
9.210000E+6,  2.144352E-4
9.216250E+6,  2.095029E-4
9.222500E+6,  2.137199E-4
9.228750E+6,  2.207309E-4
9.235000E+6,  2.378747E-4
9.241250E+6,  2.349541E-4
9.247500E+6,  2.215430E-4
9.253750E+6,  2.223030E-4
9.260000E+6,  2.295598E-4
9.266250E+6,  2.378225E-4
9.272500E+6,  2.083108E-4
9.278750E+6,  2.420470E-4
9.285000E+6,  2.364293E-4
9.291250E+6,  2.523810E-4
9.297500E+6,  2.119169E-4
9.303750E+6,  2.245456E-4
9.310000E+6,  2.253726E-4
9.316250E+6,  2.296716E-4
9.322500E+6,  2.238005E-4
9.328750E+6,  2.271906E-4
9.335000E+6,  2.280399E-4
9.341250E+6,  2.337545E-4
9.347500E+6,  2.167076E-4
9.353750E+6,  2.256110E-4
9.360000E+6,  2.249032E-4
9.366250E+6,  2.310127E-4
9.372500E+6,  2.240166E-4
9.378750E+6,  2.314970E-4
9.385000E+6,  2.314150E-4
9.391250E+6,  2.423078E-4
9.397500E+6,  2.411157E-4
9.403750E+6,  2.766848E-4
9.410000E+6,  2.324581E-4
9.416250E+6,  2.451688E-4
9.422500E+6,  2.562106E-4
9.428750E+6,  2.367496E-4
9.435000E+6,  2.677888E-4
9.441250E+6,  2.367347E-4
9.447500E+6,  2.464801E-4
9.453750E+6,  2.296269E-4
9.460000E+6,  2.591163E-4
9.466250E+6,  2.354905E-4
9.472500E+6,  2.480447E-4
9.478750E+6,  2.607703E-4
9.485000E+6,  2.398193E-4
9.491250E+6,  2.634525E-4
9.497500E+6,  2.315193E-4
9.503750E+6,  2.451837E-4
9.510000E+6,  2.502054E-4
9.516250E+6,  2.707988E-4
9.522500E+6,  2.452731E-4
9.528750E+6,  2.502650E-4
9.535000E+6,  2.271384E-4
9.541250E+6,  2.692789E-4
9.547500E+6,  2.425164E-4
9.553750E+6,  2.571195E-4
9.560000E+6,  2.411604E-4
9.566250E+6,  2.612472E-4
9.572500E+6,  2.400950E-4
9.578750E+6,  2.768934E-4
9.585000E+6,  2.386346E-4
9.591250E+6,  2.545416E-4
9.597500E+6,  2.426729E-4
9.603750E+6,  2.728701E-4
9.610000E+6,  2.592653E-4
9.616250E+6,  2.679974E-4
9.622500E+6,  2.447516E-4
9.628750E+6,  2.614409E-4
9.635000E+6,  2.716929E-4
9.641250E+6,  2.721697E-4
9.647500E+6,  2.398044E-4
9.653750E+6,  2.749413E-4
9.660000E+6,  2.691001E-4
9.666250E+6,  2.634078E-4
9.672500E+6,  2.597868E-4
9.678750E+6,  2.603531E-4
9.685000E+6,  2.926737E-4
9.691250E+6,  2.865195E-4
9.697500E+6,  2.753586E-4
9.703750E+6,  2.761781E-4
9.710000E+6,  2.615303E-4
9.716250E+6,  2.599508E-4
9.722500E+6,  2.759993E-4
9.728750E+6,  2.842247E-4
9.735000E+6,  2.703667E-4
9.741250E+6,  2.889484E-4
9.747500E+6,  2.659708E-4
9.753750E+6,  2.820492E-4
9.760000E+6,  2.816170E-4
9.766250E+6,  2.997816E-4
9.772500E+6,  2.792180E-4
9.778750E+6,  2.823323E-4
9.785000E+6,  2.883375E-4
9.791250E+6,  2.883971E-4
9.797500E+6,  3.058165E-4
9.803750E+6,  2.667010E-4
9.810000E+6,  2.765805E-4
9.816250E+6,  2.876073E-4
9.822500E+6,  2.854764E-4
9.828750E+6,  2.923906E-4
9.835000E+6,  2.885461E-4
9.841250E+6,  2.856106E-4
9.847500E+6,  2.768338E-4
9.853750E+6,  2.824068E-4
9.860000E+6,  3.013015E-4
9.866250E+6,  3.014356E-4
9.872500E+6,  2.879798E-4
9.878750E+6,  2.914518E-4
9.885000E+6,  2.851188E-4
9.891250E+6,  2.912134E-4
9.897500E+6,  3.076643E-4
9.903750E+6,  2.882630E-4
9.910000E+6,  2.947748E-4
9.916250E+6,  3.175288E-4
9.922500E+6,  3.106743E-4
9.928750E+6,  3.202558E-4
9.935000E+6,  3.045946E-4
9.941250E+6,  2.945960E-4
9.947500E+6,  2.983063E-4
9.953750E+6,  3.124177E-4
9.960000E+6,  2.851486E-4
9.966250E+6,  2.947450E-4
9.972500E+6,  3.048480E-4
9.978750E+6,  3.201216E-4
9.985000E+6,  3.047585E-4
9.991250E+6,  3.073066E-4
9.997500E+6,  3.101528E-4
1.000375E+7,  3.210753E-4
1.001000E+7,  2.947748E-4
1.001625E+7,  3.169924E-4
1.002250E+7,  3.231466E-4
1.002875E+7,  3.238916E-4
1.003500E+7,  3.150702E-4
1.004125E+7,  3.358126E-4
1.004750E+7,  2.981275E-4
1.005375E+7,  3.330857E-4
1.006000E+7,  3.201067E-4
1.006625E+7,  3.330708E-4
1.007250E+7,  3.207773E-4
1.007875E+7,  3.516674E-4
1.008500E+7,  3.397763E-4
1.009125E+7,  3.332794E-4
1.009750E+7,  3.112108E-4
1.010375E+7,  3.421009E-4
1.011000E+7,  3.328472E-4
1.011625E+7,  3.300160E-4
1.012250E+7,  3.399998E-4
1.012875E+7,  3.426373E-4
1.013500E+7,  3.234595E-4
1.014125E+7,  3.394485E-4
1.014750E+7,  3.516674E-4
1.015375E+7,  3.456473E-4
1.016000E+7,  3.236383E-4
1.016625E+7,  3.520548E-4
1.017250E+7,  3.203452E-4
1.017875E+7,  3.457814E-4
1.018500E+7,  3.394336E-4
1.019125E+7,  3.460497E-4
1.019750E+7,  3.393441E-4
1.020375E+7,  3.397316E-4
1.021000E+7,  3.457367E-4
1.021625E+7,  3.494471E-4
1.022250E+7,  3.426224E-4
1.022875E+7,  3.489703E-4
1.023500E+7,  3.426373E-4
1.024125E+7,  3.620833E-4
1.024750E+7,  3.392994E-4
1.025375E+7,  3.560036E-4
1.026000E+7,  3.489852E-4
1.026625E+7,  3.652275E-4
1.027250E+7,  3.746748E-4
1.027875E+7,  3.524870E-4
1.028500E+7,  3.587753E-4
1.029125E+7,  3.615916E-4
1.029750E+7,  3.679544E-4
1.030375E+7,  3.589988E-4
1.031000E+7,  3.558546E-4
1.031625E+7,  3.841370E-4
1.032250E+7,  3.592968E-4
1.032875E+7,  3.556460E-4
1.033500E+7,  3.559440E-4
1.034125E+7,  3.653467E-4
1.034750E+7,  3.688335E-4
1.035375E+7,  3.655553E-4
1.036000E+7,  3.779680E-4
1.036625E+7,  3.911704E-4
1.037250E+7,  3.750473E-4
1.037875E+7,  3.841370E-4
1.038500E+7,  3.906637E-4
1.039125E+7,  3.944933E-4
1.039750E+7,  3.848225E-4
1.040375E+7,  3.907382E-4
1.041000E+7,  3.755689E-4
1.041625E+7,  3.934056E-4
1.042250E+7,  3.989488E-4
1.042875E+7,  3.959835E-4
1.043500E+7,  3.892481E-4
1.044125E+7,  4.100055E-4
1.044750E+7,  3.884584E-4
1.045375E+7,  4.015118E-4
1.046000E+7,  4.012287E-4
1.046625E+7,  4.073232E-4
1.047250E+7,  4.039109E-4
1.047875E+7,  4.198253E-4
1.048500E+7,  3.857464E-4
1.049125E+7,  3.981143E-4
1.049750E+7,  4.104078E-4
1.050375E+7,  4.135966E-4
1.051000E+7,  3.915876E-4
1.051625E+7,  4.104525E-4
1.052250E+7,  4.041344E-4
1.052875E+7,  4.111826E-4
1.053500E+7,  4.257411E-4
1.054125E+7,  4.337281E-4
1.054750E+7,  4.169196E-4
1.055375E+7,  4.218817E-4
1.056000E+7,  4.274994E-4
1.056625E+7,  4.371405E-4
1.057250E+7,  4.344583E-4
1.057875E+7,  4.317760E-4
1.058500E+7,  4.276931E-4
1.059125E+7,  4.263818E-4
1.059750E+7,  4.264265E-4
1.060375E+7,  4.379600E-4
1.061000E+7,  4.344583E-4
1.061625E+7,  4.364252E-4
1.062250E+7,  4.271865E-4
1.062875E+7,  4.318804E-4
1.063500E+7,  4.435182E-4
1.064125E+7,  4.481077E-4
1.064750E+7,  4.517436E-4
1.065375E+7,  4.655272E-4
1.066000E+7,  4.574358E-4
1.066625E+7,  4.677624E-4
1.067250E+7,  4.480481E-4
1.067875E+7,  4.701167E-4
1.068500E+7,  4.538447E-4
1.069125E+7,  4.485995E-4
1.069750E+7,  4.574209E-4
1.070375E+7,  4.769415E-4
1.071000E+7,  4.537851E-4
1.071625E+7,  4.513711E-4
1.072250E+7,  4.837513E-4
1.072875E+7,  4.784465E-4
1.073500E+7,  4.772693E-4
1.074125E+7,  4.958212E-4
1.074750E+7,  4.477948E-4
1.075375E+7,  4.830211E-4
1.076000E+7,  4.653633E-4
1.076625E+7,  4.807264E-4
1.077250E+7,  4.786402E-4
1.077875E+7,  4.943907E-4
1.078500E+7,  4.951656E-4
1.079125E+7,  4.919469E-4
1.079750E+7,  4.841685E-4
1.080375E+7,  4.943311E-4
1.081000E+7,  4.880577E-4
1.081625E+7,  5.170703E-4
1.082250E+7,  4.906952E-4
1.082875E+7,  5.121827E-4
1.083500E+7,  4.835278E-4
1.084125E+7,  5.075037E-4
1.084750E+7,  5.032122E-4
1.085375E+7,  5.303025E-4
1.086000E+7,  5.142093E-4
1.086625E+7,  5.238652E-4
1.087250E+7,  5.344748E-4
1.087875E+7,  5.327463E-4
1.088500E+7,  5.172789E-4
1.089125E+7,  5.121827E-4
1.089750E+7,  5.142987E-4
1.090375E+7,  5.315542E-4
1.091000E+7,  5.301237E-4
1.091625E+7,  5.231500E-4
1.092250E+7,  5.411804E-4
1.092875E+7,  5.514026E-4
1.093500E+7,  5.196929E-4
1.094125E+7,  5.536675E-4
1.094750E+7,  5.473793E-4
1.095375E+7,  5.325973E-4
1.096000E+7,  5.466938E-4
1.096625E+7,  5.682111E-4
1.097250E+7,  5.671084E-4
1.097875E+7,  5.398095E-4
1.098500E+7,  5.599260E-4
1.099125E+7,  5.572736E-4
1.099750E+7,  5.508661E-4
1.100375E+7,  5.523562E-4
1.101000E+7,  5.766153E-4
1.101625E+7,  5.709529E-4
1.102250E+7,  5.672574E-4
1.102875E+7,  5.869865E-4
1.103500E+7,  5.684197E-4
1.104125E+7,  6.048977E-4
1.104750E+7,  5.765557E-4
1.105375E+7,  6.025434E-4
1.106000E+7,  6.015599E-4
1.106625E+7,  5.987585E-4
1.107250E+7,  6.071627E-4
1.107875E+7,  5.846024E-4
1.108500E+7,  6.134212E-4
1.109125E+7,  6.040335E-4
1.109750E+7,  5.904734E-4
1.110375E+7,  6.163418E-4
1.111000E+7,  6.229579E-4
1.111625E+7,  6.150901E-4
1.112250E+7,  6.285906E-4
1.112875E+7,  6.355941E-4
1.113500E+7,  6.304383E-4
1.114125E+7,  6.274581E-4
1.114750E+7,  6.335676E-4
1.115375E+7,  6.472766E-4
1.116000E+7,  6.301999E-4
1.116625E+7,  6.536245E-4
1.117250E+7,  6.571710E-4
1.117875E+7,  6.580055E-4
1.118500E+7,  6.397367E-4
1.119125E+7,  6.770790E-4
1.119750E+7,  6.784797E-4
1.120375E+7,  6.833375E-4
1.121000E+7,  7.189214E-4
1.121625E+7,  7.449985E-4
1.122250E+7,  7.541180E-4
1.122875E+7,  8.021593E-4
1.123500E+7,  8.809268E-4
1.124125E+7,  8.486211E-4
1.124750E+7,  8.797348E-4
1.125375E+7,  8.680522E-4
1.126000E+7,  8.347929E-4
1.126625E+7,  8.522868E-4
1.127250E+7,  9.334087E-4
1.127875E+7,  8.542240E-4
1.128500E+7,  8.739829E-4
1.129125E+7,  8.229613E-4
1.129750E+7,  7.559955E-4
1.130375E+7,  8.138716E-4
1.131000E+7,  8.399785E-4
1.131625E+7,  8.423328E-4
1.132250E+7,  8.991957E-4
1.132875E+7,  8.542836E-4
1.133500E+7,  8.820295E-4
1.134125E+7,  8.468926E-4
1.134750E+7,  8.437037E-4
1.135375E+7,  8.414388E-4
1.136000E+7,  7.878840E-4
1.136625E+7,  8.519888E-4
1.137250E+7,  8.828938E-4
1.137875E+7,  9.102523E-4
1.138500E+7,  8.613765E-4
1.139125E+7,  8.422732E-4
1.139750E+7,  8.421242E-4
1.140375E+7,  8.454025E-4
1.141000E+7,  8.563101E-4
1.141625E+7,  8.409619E-4
1.142250E+7,  8.836389E-4
1.142875E+7,  9.321868E-4
1.143500E+7,  8.768737E-4
1.144125E+7,  8.912385E-4
1.144750E+7,  9.688139E-4
1.145375E+7,  9.959340E-4
1.146000E+7,  9.742081E-4
1.146625E+7,  1.040757E-3
1.147250E+7,  9.717047E-4
1.147875E+7,  9.720325E-4
1.148500E+7,  9.668767E-4
1.149125E+7,  1.090229E-3
1.149750E+7,  1.122415E-3
1.150375E+7,  1.059473E-3
1.151000E+7,  1.091182E-3
1.151625E+7,  1.098931E-3
1.152250E+7,  1.096666E-3
1.152875E+7,  1.045525E-3
1.153500E+7,  1.000106E-3
1.154125E+7,  1.084983E-3
1.154750E+7,  1.131177E-3
1.155375E+7,  1.089871E-3
1.156000E+7,  1.267314E-3
1.156625E+7,  1.245201E-3
1.157250E+7,  1.254976E-3
1.157875E+7,  1.275480E-3
1.158500E+7,  1.394272E-3
1.159125E+7,  1.238465E-3
1.159750E+7,  1.240492E-3
1.160375E+7,  1.322985E-3
1.161000E+7,  1.304448E-3
1.161625E+7,  1.419425E-3
1.162250E+7,  1.488268E-3
1.162875E+7,  1.748204E-3
1.163500E+7,  1.861393E-3
1.164125E+7,  2.045274E-3
1.164750E+7,  2.295971E-3
1.165375E+7,  2.192259E-3
1.166000E+7,  2.230883E-3
1.166625E+7,  2.397776E-3
1.167250E+7,  2.275586E-3
1.167875E+7,  2.327681E-3
1.168500E+7,  2.306581E-3
1.169125E+7,  2.363443E-3
1.169750E+7,  2.409935E-3
1.170375E+7,  2.369404E-3
1.171000E+7,  2.337217E-3
1.171625E+7,  2.379537E-3
1.172250E+7,  2.406478E-3
1.172875E+7,  2.484083E-3
1.173500E+7,  2.448320E-3
1.174125E+7,  2.465606E-3
1.174750E+7,  2.514720E-3
1.175375E+7,  2.529502E-3
1.176000E+7,  2.511024E-3
1.176625E+7,  2.583265E-3
1.177250E+7,  2.572417E-3
1.177875E+7,  2.603292E-3
1.178500E+7,  2.614737E-3
1.179125E+7,  2.670288E-3
1.179750E+7,  2.665758E-3
1.180375E+7,  2.634645E-3
1.181000E+7,  2.625108E-3
1.181625E+7,  2.685308E-3
1.182250E+7,  2.757192E-3
1.182875E+7,  2.779245E-3
1.183500E+7,  2.831936E-3
1.184125E+7,  2.816558E-3
1.184750E+7,  2.862692E-3
1.185375E+7,  2.932310E-3
1.186000E+7,  2.851248E-3
1.186625E+7,  2.930641E-3
1.187250E+7,  2.937913E-3
1.187875E+7,  2.952814E-3
1.188500E+7,  2.987027E-3
1.189125E+7,  3.018856E-3
1.189750E+7,  3.042817E-3
1.190375E+7,  3.057718E-3
1.191000E+7,  3.069401E-3
1.191625E+7,  3.127575E-3
1.192250E+7,  3.143430E-3
1.192875E+7,  3.168106E-3
1.193500E+7,  3.202200E-3
1.194125E+7,  3.231645E-3
1.194750E+7,  3.239393E-3
1.195375E+7,  3.291488E-3
1.196000E+7,  3.329396E-3
1.196625E+7,  3.328562E-3
1.197250E+7,  3.333569E-3
1.197875E+7,  3.400326E-3
1.198500E+7,  3.402948E-3
1.199125E+7,  3.466725E-3
1.199750E+7,  3.466368E-3
1.200375E+7,  3.503799E-3
1.201000E+7,  3.515363E-3
1.201625E+7,  3.557205E-3
1.202250E+7,  3.581285E-3
1.202875E+7,  3.613591E-3
1.203500E+7,  3.581166E-3
1.204125E+7,  3.601670E-3
1.204750E+7,  3.632307E-3
1.205375E+7,  3.704548E-3
1.206000E+7,  3.632069E-3
1.206625E+7,  3.746510E-3
1.207250E+7,  3.864050E-3
1.207875E+7,  3.794432E-3
1.208500E+7,  3.770351E-3
1.209125E+7,  3.787518E-3
1.209750E+7,  3.858566E-3
1.210375E+7,  3.877878E-3
1.211000E+7,  3.875613E-3
1.211625E+7,  3.967285E-3
1.212250E+7,  3.935099E-3
1.212875E+7,  3.998756E-3
1.213500E+7,  4.046202E-3
1.214125E+7,  4.096746E-3
1.214750E+7,  4.121304E-3
1.215375E+7,  4.190207E-3
1.216000E+7,  4.192591E-3
1.216625E+7,  4.219532E-3
1.217250E+7,  4.245281E-3
1.217875E+7,  4.324675E-3
1.218500E+7,  4.333735E-3
1.219125E+7,  4.413605E-3
1.219750E+7,  4.465342E-3
1.220375E+7,  4.517078E-3
1.221000E+7,  4.568815E-3
1.221625E+7,  4.617929E-3
1.222250E+7,  4.677534E-3
1.222875E+7,  4.751444E-3
1.223500E+7,  4.821301E-3
1.224125E+7,  4.806042E-3
1.224750E+7,  4.854918E-3
1.225375E+7,  4.923582E-3
1.226000E+7,  4.973650E-3
1.226625E+7,  5.034924E-3
1.227250E+7,  5.054474E-3
1.227875E+7,  5.129337E-3
1.228500E+7,  5.227804E-3
1.229125E+7,  5.263567E-3
1.229750E+7,  5.314112E-3
1.230375E+7,  5.401373E-3
1.231000E+7,  5.407333E-3
1.231625E+7,  5.513430E-3
1.232250E+7,  5.594254E-3
1.232875E+7,  5.655527E-3
1.233500E+7,  5.724430E-3
1.234125E+7,  5.821943E-3
1.234750E+7,  5.881310E-3
1.235375E+7,  5.971670E-3
1.236000E+7,  5.953789E-3
1.236625E+7,  6.069660E-3
1.237250E+7,  6.155252E-3
1.237875E+7,  6.255865E-3
1.238500E+7,  6.278515E-3
1.239125E+7,  6.435156E-3
1.239750E+7,  6.502151E-3
1.240375E+7,  6.616116E-3
1.241000E+7,  6.685972E-3
1.241625E+7,  6.783247E-3
1.242250E+7,  6.860256E-3
1.242875E+7,  6.971359E-3
1.243500E+7,  7.096291E-3
1.244125E+7,  7.171631E-3
1.244750E+7,  7.223845E-3
1.245375E+7,  7.367611E-3
1.246000E+7,  7.486582E-3
1.246625E+7,  7.602692E-3
1.247250E+7,  7.637024E-3
1.247875E+7,  7.823944E-3
1.248500E+7,  7.899284E-3
1.249125E+7,  8.037090E-3
1.249750E+7,  8.117199E-3
1.250375E+7,  8.329391E-3
1.251000E+7,  8.409023E-3
1.251625E+7,  8.515835E-3
1.252250E+7,  8.650303E-3
1.252875E+7,  8.812904E-3
1.253500E+7,  8.957386E-3
1.254125E+7,  9.117603E-3
1.254750E+7,  9.185314E-3
1.255375E+7,  9.369850E-3
1.256000E+7,  9.612560E-3
1.256625E+7,  9.690285E-3
1.257250E+7,  9.836674E-3
1.257875E+7,  1.003695E-2
1.258500E+7,  1.024008E-2
1.259125E+7,  1.037121E-2
1.259750E+7,  1.053619E-2
1.260375E+7,  1.074982E-2
1.261000E+7,  1.092720E-2
1.261625E+7,  1.126337E-2
1.262250E+7,  1.132774E-2
1.262875E+7,  1.186180E-2
1.263500E+7,  1.162338E-2
1.264125E+7,  1.203346E-2
1.264750E+7,  1.237202E-2
1.265375E+7,  1.245737E-2
1.266000E+7,  1.276159E-2
1.266625E+7,  1.294708E-2
1.267250E+7,  1.345921E-2
1.267875E+7,  1.382017E-2
1.268500E+7,  1.440859E-2
1.269125E+7,  1.463747E-2
1.269750E+7,  1.411867E-2
1.270375E+7,  1.403856E-2
1.271000E+7,  1.632214E-2
1.271625E+7,  1.528549E-2
1.272250E+7,  1.562357E-2
1.272875E+7,  1.601887E-2
1.273500E+7,  1.657963E-2
1.274125E+7,  1.683903E-2
1.274750E+7,  1.742649E-2
1.275375E+7,  1.750851E-2
1.276000E+7,  1.801109E-2
1.276625E+7,  1.829815E-2
1.277250E+7,  1.375532E-2
1.277875E+7,  1.765347E-2
1.278500E+7,  2.032280E-2
1.279125E+7,  2.143955E-2
1.279750E+7,  2.075577E-2
1.280375E+7,  2.001476E-2
1.281000E+7,  1.874733E-2
1.281625E+7,  2.398872E-2
1.282250E+7,  2.409267E-2
1.282875E+7,  2.407265E-2
1.283500E+7,  2.281189E-2
1.284125E+7,  2.721310E-2
1.284750E+7,  2.727127E-2
1.285375E+7,  2.864647E-2
1.286000E+7,  2.878380E-2
1.286625E+7,  3.054428E-2
1.287250E+7,  3.111553E-2
1.287875E+7,  3.128433E-2
1.288500E+7,  3.158569E-2
1.289125E+7,  3.468895E-2
1.289750E+7,  3.515053E-2
1.290375E+7,  3.530121E-2
1.291000E+7,  3.685760E-2
1.291625E+7,  3.961754E-2
1.292250E+7,  3.551865E-2
1.292875E+7,  3.996277E-2
1.293500E+7,  3.744125E-2
1.294125E+7,  3.990936E-2
1.294750E+7,  3.420448E-2
1.295375E+7,  2.602673E-2
1.296000E+7,  2.123737E-2
1.296625E+7,  2.085304E-2
1.297250E+7,  2.192497E-2
1.297875E+7,  2.269745E-2
1.298500E+7,  2.348900E-2
1.299125E+7,  2.448273E-2
1.299750E+7,  2.549648E-2
1.300375E+7,  2.668381E-2
1.301000E+7,  2.796841E-2
1.301625E+7,  2.919197E-2
1.302250E+7,  3.077602E-2
1.302875E+7,  3.225136E-2
1.303500E+7,  3.398895E-2
1.304125E+7,  3.576660E-2
1.304750E+7,  3.775787E-2
1.305375E+7,  3.980064E-2
1.306000E+7,  4.216576E-2
1.306625E+7,  4.481697E-2
1.307250E+7,  4.769135E-2
1.307875E+7,  5.111694E-2
1.308500E+7,  5.465889E-2
1.309125E+7,  5.860901E-2
1.309750E+7,  6.280136E-2
1.310375E+7,  6.751633E-2
1.311000E+7,  7.293701E-2
1.311625E+7,  7.893372E-2
1.312250E+7,  8.584213E-2
1.312875E+7,  9.324646E-2
1.313500E+7,  1.012192E-1
1.314125E+7,  1.093712E-1
1.314750E+7,  1.184273E-1
1.315375E+7,  1.284790E-1
1.316000E+7,  1.365662E-1
1.316625E+7,  1.429672E-1
1.317250E+7,  1.460953E-1
1.317875E+7,  1.486282E-1
1.318500E+7,  1.475983E-1
1.319125E+7,  1.456375E-1
1.319750E+7,  1.389313E-1
1.320375E+7,  1.337051E-1
1.321000E+7,  1.289062E-1
1.321625E+7,  1.208305E-1
1.322250E+7,  1.147270E-1
1.322875E+7,  1.100731E-1
1.323500E+7,  1.057129E-1
1.324125E+7,  1.016960E-1
1.324750E+7,  9.945297E-2
1.325375E+7,  9.728241E-2
1.326000E+7,  9.284210E-2
1.326625E+7,  8.992004E-2
1.327250E+7,  8.774185E-2
1.327875E+7,  8.570862E-2
1.328500E+7,  8.302307E-2
1.329125E+7,  8.227539E-2
1.329750E+7,  8.006668E-2
1.330375E+7,  7.779312E-2
1.331000E+7,  7.846069E-2
1.331625E+7,  7.721710E-2
1.332250E+7,  7.796478E-2
1.332875E+7,  7.459259E-2
1.333500E+7,  7.171631E-2
1.334125E+7,  7.009888E-2
1.334750E+7,  6.896591E-2
1.335375E+7,  6.960678E-2
1.336000E+7,  6.890488E-2
1.336625E+7,  6.785965E-2
1.337250E+7,  6.859207E-2
1.337875E+7,  6.792068E-2
1.338500E+7,  6.742096E-2
1.339125E+7,  6.847382E-2
1.339750E+7,  6.825638E-2
1.340375E+7,  6.801987E-2
1.341000E+7,  6.836319E-2
1.341625E+7,  6.971359E-2
1.342250E+7,  7.030869E-2
1.342875E+7,  7.167816E-2
1.343500E+7,  7.320404E-2
1.344125E+7,  7.369995E-2
1.344750E+7,  7.547379E-2
1.345375E+7,  7.710648E-2
1.346000E+7,  7.866287E-2
1.346625E+7,  8.121109E-2
1.347250E+7,  8.427429E-2
1.347875E+7,  8.629608E-2
1.348500E+7,  8.816528E-2
1.349125E+7,  9.097672E-2
1.349750E+7,  9.438324E-2
1.350375E+7,  9.857178E-2
1.351000E+7,  1.018524E-1
1.351625E+7,  1.055260E-1
1.352250E+7,  1.096725E-1
1.352875E+7,  1.139412E-1
1.353500E+7,  1.184044E-1
1.354125E+7,  1.225281E-1
1.354750E+7,  1.257629E-1
1.355375E+7,  1.286697E-1
1.356000E+7,  1.300735E-1
1.356625E+7,  1.306000E-1
1.357250E+7,  1.290970E-1
1.357875E+7,  1.265182E-1
1.358500E+7,  1.223831E-1
1.359125E+7,  1.173515E-1
1.359750E+7,  1.111450E-1
1.360375E+7,  1.048889E-1
1.361000E+7,  9.865189E-2
1.361625E+7,  9.234619E-2
1.362250E+7,  8.650208E-2
1.362875E+7,  8.069992E-2
1.363500E+7,  7.578278E-2
1.364125E+7,  7.122040E-2
1.364750E+7,  6.643295E-2
1.365375E+7,  6.241417E-2
1.366000E+7,  5.865860E-2
1.366625E+7,  5.548096E-2
1.367250E+7,  5.233574E-2
1.367875E+7,  4.948997E-2
1.368500E+7,  4.684258E-2
1.369125E+7,  4.440308E-2
1.369750E+7,  4.214096E-2
1.370375E+7,  4.005432E-2
1.371000E+7,  3.819656E-2
1.371625E+7,  3.645897E-2
1.372250E+7,  3.491974E-2
1.372875E+7,  3.343201E-2
1.373500E+7,  3.200340E-2
1.374125E+7,  3.074741E-2
1.374750E+7,  2.957344E-2
1.375375E+7,  2.841091E-2
1.376000E+7,  2.737713E-2
1.376625E+7,  2.635384E-2
1.377250E+7,  2.549744E-2
1.377875E+7,  2.462864E-2
1.378500E+7,  2.379513E-2
1.379125E+7,  2.299309E-2
1.379750E+7,  2.226448E-2
1.380375E+7,  2.160645E-2
1.381000E+7,  2.095699E-2
1.381625E+7,  2.037621E-2
1.382250E+7,  1.977348E-2
1.382875E+7,  1.923656E-2
1.383500E+7,  1.872444E-2
1.384125E+7,  1.821327E-2
1.384750E+7,  1.773262E-2
1.385375E+7,  1.731586E-2
1.386000E+7,  1.688194E-2
1.386625E+7,  1.646614E-2
1.387250E+7,  1.609802E-2
1.387875E+7,  1.571941E-2
1.388500E+7,  1.539946E-2
1.389125E+7,  1.506042E-2
1.389750E+7,  1.472187E-2
1.390375E+7,  1.440573E-2
1.391000E+7,  1.414442E-2
1.391625E+7,  1.385880E-2
1.392250E+7,  1.360655E-2
1.392875E+7,  1.336384E-2
1.393500E+7,  1.309681E-2
1.394125E+7,  1.288414E-2
1.394750E+7,  1.266575E-2
1.395375E+7,  1.245165E-2
1.396000E+7,  1.223803E-2
1.396625E+7,  1.206160E-2
1.397250E+7,  1.186657E-2
1.397875E+7,  1.168060E-2
1.398500E+7,  1.151609E-2
1.399125E+7,  1.136208E-2
1.399750E+7,  1.120090E-2
1.400375E+7,  1.108646E-2
1.401000E+7,  1.093388E-2
1.401625E+7,  1.077938E-2
1.402250E+7,  1.067209E-2
1.402875E+7,  1.055098E-2
1.403500E+7,  1.044369E-2
1.404125E+7,  1.033640E-2
1.404750E+7,  1.023531E-2
1.405375E+7,  1.016283E-2
1.406000E+7,  1.007175E-2
1.406625E+7,  9.950161E-3
1.407250E+7,  9.897232E-3
1.407875E+7,  9.832382E-3
1.408500E+7,  9.741306E-3
1.409125E+7,  9.697437E-3
1.409750E+7,  9.639263E-3
1.410375E+7,  9.593487E-3
1.411000E+7,  9.553432E-3
1.411625E+7,  9.508133E-3
1.412250E+7,  9.478569E-3
1.412875E+7,  9.436131E-3
1.413500E+7,  9.438515E-3
1.414125E+7,  9.390831E-3
1.414750E+7,  9.374619E-3
1.415375E+7,  9.414196E-3
1.416000E+7,  9.385109E-3
1.416625E+7,  9.377956E-3
1.417250E+7,  9.442329E-3
1.417875E+7,  9.434223E-3
1.418500E+7,  9.474754E-3
1.419125E+7,  9.494781E-3
1.419750E+7,  9.561062E-3
1.420375E+7,  9.595394E-3
1.421000E+7,  9.643078E-3
1.421625E+7,  9.732246E-3
1.422250E+7,  9.826660E-3
1.422875E+7,  9.909153E-3
1.423500E+7,  1.000738E-2
1.424125E+7,  1.012421E-2
1.424750E+7,  1.027584E-2
1.425375E+7,  1.042223E-2
1.426000E+7,  1.058817E-2
1.426625E+7,  1.076651E-2
1.427250E+7,  1.095533E-2
1.427875E+7,  1.120567E-2
1.428500E+7,  1.144457E-2
1.429125E+7,  1.174212E-2
1.429750E+7,  1.205349E-2
1.430375E+7,  1.238298E-2
1.431000E+7,  1.278925E-2
1.431625E+7,  1.323557E-2
1.432250E+7,  1.376724E-2
1.432875E+7,  1.428652E-2
1.433500E+7,  1.495314E-2
1.434125E+7,  1.567078E-2
1.434750E+7,  1.653385E-2
1.435375E+7,  1.749229E-2
1.436000E+7,  1.861763E-2
1.436625E+7,  1.999092E-2
1.437250E+7,  2.154064E-2
1.437875E+7,  2.334881E-2
1.438500E+7,  2.543926E-2
1.439125E+7,  2.790165E-2
1.439750E+7,  3.054810E-2
1.440375E+7,  3.325653E-2
1.441000E+7,  3.557014E-2
1.441625E+7,  3.674126E-2
1.442250E+7,  3.636360E-2
1.442875E+7,  3.420639E-2
1.443500E+7,  3.102779E-2
1.444125E+7,  2.748394E-2
1.444750E+7,  2.406788E-2
1.445375E+7,  2.112293E-2
1.446000E+7,  1.859379E-2
1.446625E+7,  1.645374E-2
1.447250E+7,  1.463604E-2
1.447875E+7,  1.312494E-2
1.448500E+7,  1.180410E-2
1.449125E+7,  1.073980E-2
1.449750E+7,  9.782314E-3
1.450375E+7,  8.946896E-3
1.451000E+7,  8.234024E-3
1.451625E+7,  7.578611E-3
1.452250E+7,  7.030010E-3
1.452875E+7,  6.537676E-3
1.453500E+7,  6.073713E-3
1.454125E+7,  5.677223E-3
1.454750E+7,  5.306005E-3
1.455375E+7,  4.998446E-3
1.456000E+7,  4.679441E-3
1.456625E+7,  4.389763E-3
1.457250E+7,  4.145861E-3
1.457875E+7,  3.919601E-3
1.458500E+7,  3.700018E-3
1.459125E+7,  3.539085E-3
1.459750E+7,  3.337979E-3
1.460375E+7,  3.170490E-3
1.461000E+7,  3.044963E-3
1.461625E+7,  2.858758E-3
1.462250E+7,  2.710938E-3
1.462875E+7,  2.592444E-3
1.463500E+7,  2.464294E-3
1.464125E+7,  2.361655E-3
1.464750E+7,  2.246380E-3
1.465375E+7,  2.143383E-3
1.466000E+7,  2.057910E-3
1.466625E+7,  1.978517E-3
1.467250E+7,  1.896024E-3
1.467875E+7,  1.813471E-3
1.468500E+7,  1.742601E-3
1.469125E+7,  1.680672E-3
1.469750E+7,  1.585722E-3
1.470375E+7,  1.539648E-3
1.471000E+7,  1.488984E-3
1.471625E+7,  1.420498E-3
1.472250E+7,  1.368284E-3
1.472875E+7,  1.333117E-3
1.473500E+7,  1.259327E-3
1.474125E+7,  1.235962E-3
1.474750E+7,  1.176238E-3
1.475375E+7,  1.136243E-3
1.476000E+7,  1.103878E-3
1.476625E+7,  1.056492E-3
1.477250E+7,  1.009285E-3
1.477875E+7,  9.781718E-4
1.478500E+7,  9.587407E-4
1.479125E+7,  9.167194E-4
1.479750E+7,  8.906722E-4
1.480375E+7,  8.649826E-4
1.481000E+7,  8.436739E-4
1.481625E+7,  8.312166E-4
1.482250E+7,  7.598996E-4
1.482875E+7,  7.552207E-4
1.483500E+7,  7.263720E-4
1.484125E+7,  7.086992E-4
1.484750E+7,  6.928146E-4
1.485375E+7,  6.809533E-4
1.486000E+7,  6.532669E-4
1.486625E+7,  6.365776E-4
1.487250E+7,  5.938709E-4
1.487875E+7,  5.950630E-4
1.488500E+7,  5.587339E-4
1.489125E+7,  5.258024E-4
1.489750E+7,  5.483031E-4
1.490375E+7,  5.045533E-4
1.491000E+7,  5.079806E-4
1.491625E+7,  5.130172E-4
1.492250E+7,  4.462004E-4
1.492875E+7,  4.543960E-4
1.493500E+7,  4.453063E-4
1.494125E+7,  4.317164E-4
1.494750E+7,  4.260689E-4
1.495375E+7,  4.146397E-4
1.496000E+7,  3.972650E-4
1.496625E+7,  3.683716E-4
1.497250E+7,  3.706217E-4
1.497875E+7,  3.376901E-4
1.498500E+7,  3.578812E-4
1.499125E+7,  3.352761E-4
1.499750E+7,  3.273338E-4
1.500375E+7,  3.120601E-4
1.501000E+7,  3.084689E-4
1.501625E+7,  3.059804E-4
1.502250E+7,  2.747923E-4
1.502875E+7,  3.091246E-4
1.503500E+7,  2.726614E-4
1.504125E+7,  2.826750E-4
1.504750E+7,  2.626181E-4
1.505375E+7,  2.416298E-4
1.506000E+7,  2.620369E-4
1.506625E+7,  2.410933E-4
1.507250E+7,  2.320409E-4
1.507875E+7,  2.280101E-4
1.508500E+7,  2.135709E-4
1.509125E+7,  2.382174E-4
1.509750E+7,  2.292171E-4
1.510375E+7,  2.127439E-4
1.511000E+7,  1.932159E-4
1.511625E+7,  1.880899E-4
1.512250E+7,  1.781881E-4
1.512875E+7,  1.900420E-4
1.513500E+7,  1.845583E-4
1.514125E+7,  1.862496E-4
1.514750E+7,  1.709536E-4
1.515375E+7,  1.642630E-4
1.516000E+7,  1.601502E-4
1.516625E+7,  1.701638E-4
1.517250E+7,  1.618043E-4
1.517875E+7,  1.468956E-4
1.518500E+7,  1.564324E-4
1.519125E+7,  1.536086E-4
1.519750E+7,  1.250505E-4
1.520375E+7,  1.392737E-4
1.521000E+7,  1.507625E-4
1.521625E+7,  9.804219E-5
1.522250E+7,  1.270100E-4
1.522875E+7,  1.305416E-4
1.523500E+7,  1.180246E-4
1.524125E+7,  1.193248E-4
1.524750E+7,  1.338273E-4
1.525375E+7,  1.281798E-4
1.526000E+7,  1.044571E-4
1.526625E+7,  1.064278E-4
1.527250E+7,  1.154393E-4
1.527875E+7,  9.204075E-5
1.528500E+7,  1.209229E-4
1.529125E+7,  9.611994E-5
1.529750E+7,  8.261576E-5
1.530375E+7,  8.737668E-5
1.531000E+7,  9.625033E-5
1.531625E+7,  9.310618E-5
1.532250E+7,  7.953495E-5
1.532875E+7,  7.491559E-5
1.533500E+7,  1.054481E-4
1.534125E+7,  8.565187E-5
1.534750E+7,  6.549060E-5
1.535375E+7,  8.594245E-5
1.536000E+7,  7.430464E-5
1.536625E+7,  6.862357E-5
1.537250E+7,  5.934760E-5
1.537875E+7,  5.994737E-5
1.538500E+7,  5.986355E-5
1.539125E+7,  9.139255E-5
1.539750E+7,  6.334111E-5
1.540375E+7,  7.139891E-5
1.541000E+7,  4.765019E-5
1.541625E+7,  3.219768E-5
1.542250E+7,  6.092153E-5
1.542875E+7,  3.612414E-5
1.543500E+7,  5.559437E-5
1.544125E+7,  3.435276E-5
1.544750E+7,  6.070919E-5
1.545375E+7,  4.534237E-5
1.546000E+7,  6.263331E-5
1.546625E+7,  2.653804E-5
1.547250E+7,  5.977042E-5
1.547875E+7,  5.045719E-5
1.548500E+7,  3.770180E-5
1.549125E+7,  4.251860E-5
1.549750E+7,  5.736761E-5
1.550375E+7,  2.026651E-5
1.551000E+7,  5.408004E-5
1.551625E+7,  4.358031E-5
1.552250E+7,  4.455261E-5
1.552875E+7,  2.387725E-5
1.553500E+7,  1.614634E-5
1.554125E+7,  4.675612E-5
1.554750E+7,  4.632771E-5
1.555375E+7,  1.518568E-5
1.556000E+7,  5.425140E-5
1.556625E+7,  4.122220E-5
1.557250E+7,  1.741853E-5
1.557875E+7,  2.869219E-5
1.558500E+7,  2.308935E-5
1.559125E+7,  5.161576E-5
1.559750E+7,  2.025068E-5
1.560375E+7,  3.216416E-5
1.561000E+7,  2.465397E-5
1.561625E+7,  3.282726E-5
1.562250E+7,  3.606081E-5
1.562875E+7,  2.589077E-5
1.563500E+7,  2.249517E-5
1.564125E+7,  3.144518E-5
1.564750E+7,  3.102422E-5
1.565375E+7,  1.160521E-5
1.566000E+7,  8.557457E-6
1.566625E+7,  8.631498E-6
1.567250E+7,  2.434850E-5
1.567875E+7,  7.662922E-6
1.568500E+7,  1.530536E-5
1.569125E+7,  7.651746E-6
1.569750E+7,  7.644761E-6
1.570375E+7,  2.157129E-5
1.571000E+7,  2.430845E-5
1.571625E+7,  2.306513E-5
1.572250E+7,  1.702644E-5
1.572875E+7,  2.312381E-5
1.573500E+7,  3.794092E-6
1.574125E+7,  1.070322E-5
1.574750E+7,  1.137471E-5
1.575375E+7,  2.732035E-5
1.576000E+7,  1.692493E-5
1.576625E+7,  6.388063E-10
1.577250E+7,  1.367647E-5
1.577875E+7,  1.564994E-5
1.578500E+7,  1.137936E-5
1.579125E+7,  8.478761E-6
1.579750E+7,  2.273079E-5
1.580375E+7,  1.512049E-5
1.581000E+7,  1.511816E-5
1.581625E+7,  2.292730E-5
1.582250E+7,  8.437317E-6
1.582875E+7,  2.290215E-5
1.583500E+7,  7.539056E-6
1.584125E+7,  1.553912E-5
1.584750E+7,  1.509488E-5
1.585375E+7,  1.064967E-5
1.586000E+7,  2.026837E-5
1.586625E+7,  1.551863E-5
1.587250E+7,  1.128158E-5
1.587875E+7,  1.550000E-5
1.588500E+7,  7.518567E-6
1.589125E+7,  1.878664E-5
1.589750E+7,  1.875032E-5
1.590375E+7,  1.679081E-5
1.591000E+7,  1.062499E-5
1.591625E+7,  1.875591E-5
1.592250E+7,  7.506227E-6
1.592875E+7,  1.874659E-5
1.593500E+7,  2.249051E-5
1.594125E+7,  8.372124E-6
1.594750E+7,  1.543853E-5
1.595375E+7,  8.368865E-6
1.596000E+7,  1.872331E-5
1.596625E+7,  2.367329E-5
1.597250E+7,  2.925284E-5
1.597875E+7,  1.498777E-5
1.598500E+7,  1.059426E-5
1.599125E+7,  2.700090E-5
1.599750E+7,  2.366304E-5
1.600375E+7,  7.187948E-5
1.601000E+7,  4.701875E-5
1.601625E+7,  1.924485E-5
1.602250E+7,  9.890273E-5
1.602875E+7,  4.868023E-5
1.603500E+7,  4.940107E-5
1.604125E+7,  1.382232E-4
1.604750E+7,  1.182407E-5
1.605375E+7,  8.154660E-5
1.606000E+7,  1.054592E-4
1.606625E+7,  7.655844E-5
1.607250E+7,  7.477403E-5
1.607875E+7,  1.685098E-4
1.608500E+7,  1.265630E-4
1.609125E+7,  1.096800E-4
1.609750E+7,  1.044609E-4
1.610375E+7,  1.623482E-5
1.611000E+7,  7.335842E-5
1.611625E+7,  2.869312E-5
1.612250E+7,  2.927333E-5
1.612875E+7,  6.099232E-5
1.613500E+7,  7.484853E-5
1.614125E+7,  1.280159E-4
1.614750E+7,  5.171634E-5
1.615375E+7,  2.883375E-5
1.616000E+7,  6.912276E-5
1.616625E+7,  4.032254E-5
1.617250E+7,  7.352605E-5
1.617875E+7,  3.457442E-5
1.618500E+7,  3.864616E-5
1.619125E+7,  3.345683E-5
1.619750E+7,  1.816079E-5
1.620375E+7,  8.482113E-5
1.621000E+7,  1.040660E-4
1.621625E+7,  4.182756E-5
1.622250E+7,  4.371628E-5
1.622875E+7,  5.135685E-5
1.623500E+7,  5.294010E-5
1.624125E+7,  5.484000E-5
1.624750E+7,  1.121573E-4
1.625375E+7,  8.619856E-6
1.626000E+7,  5.745329E-5
1.626625E+7,  1.244470E-4
1.627250E+7,  9.248406E-5
1.627875E+7,  7.996708E-5
1.628500E+7,  1.148554E-5
1.629125E+7,  7.949024E-5
1.629750E+7,  6.896630E-5
1.630375E+7,  6.549805E-5
1.631000E+7,  2.831221E-5
1.631625E+7,  2.436247E-5
1.632250E+7,  2.455153E-5
1.632875E+7,  6.552786E-5
1.633500E+7,  2.241693E-5
1.634125E+7,  1.101010E-4
1.634750E+7,  9.400025E-5
1.635375E+7,  5.480833E-5
1.636000E+7,  8.754432E-5
1.636625E+7,  6.992370E-5
1.637250E+7,  9.411573E-5
1.637875E+7,  4.913844E-5
1.638500E+7,  6.707013E-5
1.639125E+7,  4.311092E-5
1.639750E+7,  1.105554E-4
1.640375E+7,  2.093613E-5
1.641000E+7,  3.496371E-5
1.641625E+7,  5.396269E-5
1.642250E+7,  6.831065E-5
1.642875E+7,  3.780611E-5
1.643500E+7,  4.632026E-5
1.644125E+7,  7.745251E-5
1.644750E+7,  5.920976E-5
1.645375E+7,  2.711639E-5
1.646000E+7,  3.447384E-5
1.646625E+7,  6.732345E-5
1.647250E+7,  6.429106E-5
1.647875E+7,  3.353134E-5
1.648500E+7,  6.061979E-5
1.649125E+7,  6.109849E-5
1.649750E+7,  2.440438E-5
1.650375E+7,  8.947775E-5
1.651000E+7,  5.667657E-5
1.651625E+7,  1.160391E-4
1.652250E+7,  1.036897E-4
1.652875E+7,  1.187623E-4
1.653500E+7,  6.642193E-5
1.654125E+7,  5.821697E-5
1.654750E+7,  4.317425E-5
1.655375E+7,  6.231293E-5
1.656000E+7,  1.229048E-4
1.656625E+7,  5.460158E-5
1.657250E+7,  9.531155E-5
1.657875E+7,  5.500950E-5
1.658500E+7,  7.752702E-5
1.659125E+7,  1.152465E-5
1.659750E+7,  1.382008E-4
1.660375E+7,  9.283796E-5
1.661000E+7,  4.041381E-5
1.661625E+7,  2.576038E-5
1.662250E+7,  1.056008E-4
1.662875E+7,  6.396696E-5
1.663500E+7,  2.577249E-5
1.664125E+7,  6.446615E-6
1.664750E+7,  1.143478E-4
1.665375E+7,  2.041236E-4
1.666000E+7,  6.943941E-5
1.666625E+7,  1.326874E-4
1.667250E+7,  2.324674E-5
1.667875E+7,  9.947270E-5
1.668500E+7,  9.872392E-5
1.669125E+7,  1.152232E-5
1.669750E+7,  1.302585E-4
1.670375E+7,  3.612973E-5
1.671000E+7,  7.502362E-5
1.671625E+7,  1.368597E-4
1.672250E+7,  6.484240E-5
1.672875E+7,  5.605631E-5
1.673500E+7,  5.542114E-5
1.674125E+7,  8.312240E-5
1.674750E+7,  1.290860E-5
1.675375E+7,  9.042770E-5
1.676000E+7,  1.155287E-4
1.676625E+7,  8.027256E-5
1.677250E+7,  4.620478E-5
1.677875E+7,  3.697351E-5
1.678500E+7,  8.107722E-5
1.679125E+7,  4.165433E-5
1.679750E+7,  7.703155E-5
1.680375E+7,  1.291465E-5
1.681000E+7,  1.090989E-4
1.681625E+7,  4.486926E-5
1.682250E+7,  5.549379E-5
1.682875E+7,  4.845299E-5
1.683500E+7,  6.361678E-5
1.684125E+7,  6.584823E-5
1.684750E+7,  3.111735E-5
1.685375E+7,  1.827814E-5
1.686000E+7,  4.085526E-5
1.686625E+7,  4.766695E-5
1.687250E+7,  1.526773E-4
1.687875E+7,  1.003519E-4
1.688500E+7,  2.382789E-5
1.689125E+7,  4.512072E-5
1.689750E+7,  4.048459E-5
1.690375E+7,  8.912385E-5
1.691000E+7,  1.063868E-4
1.691625E+7,  1.363382E-4
1.692250E+7,  1.220033E-4
1.692875E+7,  7.396191E-5
1.693500E+7,  4.089996E-5
1.694125E+7,  1.144372E-4
1.694750E+7,  6.781146E-5
1.695375E+7,  8.151680E-5
1.696000E+7,  7.187575E-5
1.696625E+7,  2.456084E-5
1.697250E+7,  9.989738E-5
1.697875E+7,  7.969141E-5
1.698500E+7,  3.285259E-4
1.699125E+7,  1.257360E-4
1.699750E+7,  5.283579E-5
1.700375E+7,  4.920363E-5
1.701000E+7,  2.334733E-5
1.701625E+7,  7.797033E-5
1.702250E+7,  8.112937E-5
1.702875E+7,  1.162663E-4
1.703500E+7,  9.054691E-5
1.704125E+7,  8.995086E-5
1.704750E+7,  5.223416E-5
1.705375E+7,  7.554889E-5
1.706000E+7,  6.666034E-5
1.706625E+7,  2.463013E-4
1.707250E+7,  7.339194E-5
1.707875E+7,  4.953332E-5
1.708500E+7,  1.049563E-4
1.709125E+7,  8.202344E-5
1.709750E+7,  4.641339E-5
1.710375E+7,  2.855435E-5
1.711000E+7,  5.713664E-5
1.711625E+7,  7.250905E-5
1.712250E+7,  8.840486E-5
1.712875E+7,  6.488711E-5
1.713500E+7,  2.390146E-5
1.714125E+7,  6.385148E-5
1.714750E+7,  1.670271E-4
1.715375E+7,  6.121024E-5
1.716000E+7,  3.896281E-5
1.716625E+7,  2.462417E-5
1.717250E+7,  8.819997E-5
1.717875E+7,  2.092589E-5
1.718500E+7,  6.280467E-5
1.719125E+7,  6.388128E-5
1.719750E+7,  1.564529E-5
1.720375E+7,  5.262345E-5
1.721000E+7,  4.834123E-5
1.721625E+7,  3.498234E-5
1.722250E+7,  7.688627E-5
1.722875E+7,  6.859750E-5
1.723500E+7,  9.857491E-5
1.724125E+7,  2.055541E-4
1.724750E+7,  1.442358E-4
1.725375E+7,  9.872392E-5
1.726000E+7,  1.131967E-4
1.726625E+7,  2.343114E-5
1.727250E+7,  7.199124E-5
1.727875E+7,  3.129616E-5
1.728500E+7,  2.398249E-5
1.729125E+7,  4.427508E-5
1.729750E+7,  5.988963E-5
1.730375E+7,  5.269796E-5
1.731000E+7,  1.056753E-4
1.731625E+7,  1.959056E-4
1.732250E+7,  6.807968E-5
1.732875E+7,  9.310618E-5
1.733500E+7,  7.221848E-5
1.734125E+7,  4.084595E-5
1.734750E+7,  8.146837E-5
1.735375E+7,  6.376579E-5
1.736000E+7,  5.365536E-5
1.736625E+7,  1.164675E-4
1.737250E+7,  5.305000E-5
1.737875E+7,  3.039464E-5
1.738500E+7,  5.270354E-5
1.739125E+7,  1.049265E-4
1.739750E+7,  1.455992E-4
1.740375E+7,  1.123473E-4
1.741000E+7,  1.863092E-4
1.741625E+7,  8.280575E-5
1.742250E+7,  2.968963E-5
1.742875E+7,  5.344674E-5
1.743500E+7,  1.094714E-4
1.744125E+7,  1.363605E-4
1.744750E+7,  7.772073E-5
1.745375E+7,  4.407205E-5
1.746000E+7,  3.961846E-5
1.746625E+7,  4.779547E-5
1.747250E+7,  8.765236E-5
1.747875E+7,  1.055747E-4
1.748500E+7,  3.731996E-5
1.749125E+7,  5.569495E-5
1.749750E+7,  6.282702E-5
1.750375E+7,  1.180954E-4
1.751000E+7,  2.914947E-5
1.751625E+7,  2.403650E-5
1.752250E+7,  3.789552E-5
1.752875E+7,  6.522983E-6
1.753500E+7,  4.705600E-5
1.754125E+7,  2.688728E-5
1.754750E+7,  1.460221E-5
1.755375E+7,  4.377030E-5
1.756000E+7,  2.351776E-5
1.756625E+7,  6.731600E-5
1.757250E+7,  4.984066E-5
1.757875E+7,  5.660765E-5
1.758500E+7,  4.210323E-5
1.759125E+7,  3.104471E-5
1.759750E+7,  3.501773E-5
1.760375E+7,  8.068606E-5
1.761000E+7,  5.326979E-5
1.761625E+7,  3.795885E-5
1.762250E+7,  3.607757E-5
1.762875E+7,  5.636737E-5
1.763500E+7,  3.501959E-5
1.764125E+7,  1.697391E-4
1.764750E+7,  1.619682E-4
1.765375E+7,  1.573414E-4
1.766000E+7,  6.429106E-5
1.766625E+7,  1.168763E-5
1.767250E+7,  6.099604E-5
1.767875E+7,  2.922956E-5
1.768500E+7,  4.451536E-5
1.769125E+7,  8.062273E-5
1.769750E+7,  7.038191E-5
1.770375E+7,  8.370355E-5
1.771000E+7,  6.023608E-5
1.771625E+7,  6.661192E-5
1.772250E+7,  1.321957E-4
1.772875E+7,  3.554858E-5
1.773500E+7,  9.326637E-5
1.774125E+7,  2.321824E-4
1.774750E+7,  5.515851E-5
1.775375E+7,  1.119897E-4
1.776000E+7,  8.317828E-5
1.776625E+7,  2.617575E-5
1.777250E+7,  8.820742E-5
1.777875E+7,  1.654401E-5
1.778500E+7,  7.871538E-5
1.779125E+7,  8.697808E-5
1.779750E+7,  1.263097E-4
1.780375E+7,  7.684529E-5
1.781000E+7,  8.517504E-5
1.781625E+7,  1.664236E-4
1.782250E+7,  1.298934E-4
1.782875E+7,  1.479462E-4
1.783500E+7,  5.397759E-5
1.784125E+7,  2.362020E-5
1.784750E+7,  3.153831E-5
1.785375E+7,  6.854534E-5
1.786000E+7,  4.722178E-5
1.786625E+7,  3.753230E-5
1.787250E+7,  2.927892E-5
1.787875E+7,  6.289035E-5
1.788500E+7,  1.408383E-4
1.789125E+7,  8.281320E-6
1.789750E+7,  5.185232E-5
1.790375E+7,  7.886440E-5
1.791000E+7,  1.783203E-5
1.791625E+7,  8.499250E-5
1.792250E+7,  3.515743E-5
1.792875E+7,  1.207553E-5
1.793500E+7,  1.577660E-5
1.794125E+7,  4.467554E-5
1.794750E+7,  4.147738E-5
1.795375E+7,  1.076199E-4
1.796000E+7,  7.646903E-5
1.796625E+7,  3.932975E-5
1.797250E+7,  3.947318E-5
1.797875E+7,  6.632879E-5
1.798500E+7,  1.319572E-4
1.799125E+7,  9.980425E-5
1.799750E+7,  4.271045E-5
1.800375E+7,  4.816242E-5
1.801000E+7,  7.648766E-5
1.801625E+7,  4.105642E-5
1.802250E+7,  3.433041E-5
1.802875E+7,  6.977841E-5
1.803500E+7,  8.219481E-5
1.804125E+7,  7.653981E-5
1.804750E+7,  1.106150E-4
1.805375E+7,  1.150407E-4
1.806000E+7,  1.940876E-4
1.806625E+7,  4.232675E-5
1.807250E+7,  5.281903E-5
1.807875E+7,  1.948997E-4
1.808500E+7,  4.582293E-5
1.809125E+7,  1.152046E-4
1.809750E+7,  1.067929E-4
1.810375E+7,  3.568456E-5
1.811000E+7,  8.346513E-5
1.811625E+7,  3.148168E-4
1.812250E+7,  1.396388E-4
1.812875E+7,  2.347771E-5
1.813500E+7,  3.511906E-4
1.814125E+7,  6.702542E-5
1.814750E+7,  4.593842E-5
1.815375E+7,  2.145842E-4
1.816000E+7,  1.144521E-4
1.816625E+7,  5.942583E-5
1.817250E+7,  4.209019E-5
1.817875E+7,  1.264066E-4
1.818500E+7,  5.123392E-5
1.819125E+7,  1.858827E-5
1.819750E+7,  9.464845E-5
1.820375E+7,  2.138596E-5
1.821000E+7,  4.740804E-5
1.821625E+7,  8.413941E-5
1.822250E+7,  4.600361E-5
1.822875E+7,  3.328174E-5
1.823500E+7,  4.565157E-5
1.824125E+7,  1.721531E-4
1.824750E+7,  5.706958E-5
1.825375E+7,  1.252815E-4
1.826000E+7,  5.577691E-5
1.826625E+7,  4.241243E-5
1.827250E+7,  1.315214E-5
1.827875E+7,  5.881302E-5
1.828500E+7,  1.471862E-5
1.829125E+7,  4.853308E-5
1.829750E+7,  3.958121E-5
1.830375E+7,  3.289990E-5
1.831000E+7,  6.061979E-5
1.831625E+7,  5.027466E-5
1.832250E+7,  1.019873E-4
1.832875E+7,  6.710365E-5
1.833500E+7,  6.872788E-5
1.834125E+7,  6.580027E-6
1.834750E+7,  4.994869E-5
1.835375E+7,  1.080111E-4
1.836000E+7,  3.690459E-5
1.836625E+7,  6.187335E-5
1.837250E+7,  4.246086E-5
1.837875E+7,  5.308352E-5
1.838500E+7,  9.753555E-5
1.839125E+7,  1.247972E-4
1.839750E+7,  6.539375E-5
1.840375E+7,  1.209006E-4
1.841000E+7,  8.500367E-5
1.841625E+7,  1.027547E-4
1.842250E+7,  4.008412E-5
1.842875E+7,  6.880984E-5
1.843500E+7,  5.269423E-5
1.844125E+7,  2.125744E-5
1.844750E+7,  4.613958E-5
1.845375E+7,  2.431031E-5
1.846000E+7,  4.249252E-5
1.846625E+7,  7.784739E-5
1.847250E+7,  2.518576E-5
1.847875E+7,  8.332077E-6
1.848500E+7,  5.304068E-5
1.849125E+7,  2.343804E-4
1.849750E+7,  8.489564E-5
1.850375E+7,  1.440346E-4
1.851000E+7,  1.087859E-4
1.851625E+7,  1.872107E-4
1.852250E+7,  1.552552E-4
1.852875E+7,  3.586896E-5
1.853500E+7,  1.605377E-4
1.854125E+7,  5.276874E-5
1.854750E+7,  1.259968E-4
1.855375E+7,  6.553903E-5
1.856000E+7,  1.911670E-4