SAVED BY: 
TITLE: 
COMMENTS: 
DATE: 10/27/2020
TIME: 3:29 PM

STIMULUS, RESPONSE

8.560000E+6,  1.588836E-4
8.566250E+6,  1.671985E-4
8.572500E+6,  1.647472E-4
8.578750E+6,  1.549125E-4
8.585000E+6,  1.614913E-4
8.591250E+6,  1.670569E-4
8.597500E+6,  1.618564E-4
8.603750E+6,  1.705065E-4
8.610000E+6,  1.718327E-4
8.616250E+6,  1.601204E-4
8.622500E+6,  1.599714E-4
8.628750E+6,  1.862347E-4
8.635000E+6,  1.506060E-4
8.641250E+6,  1.842827E-4
8.647500E+6,  1.787096E-4
8.653750E+6,  1.694337E-4
8.660000E+6,  1.682341E-4
8.666250E+6,  1.706406E-4
8.672500E+6,  1.809001E-4
8.678750E+6,  1.583472E-4
8.685000E+6,  1.826361E-4
8.691250E+6,  1.661479E-4
8.697500E+6,  1.438111E-4
8.703750E+6,  1.788065E-4
8.710000E+6,  1.720190E-4
8.716250E+6,  1.903847E-4
8.722500E+6,  1.720637E-4
8.728750E+6,  1.730323E-4
8.735000E+6,  1.731738E-4
8.741250E+6,  1.649186E-4
8.747500E+6,  1.696572E-4
8.753750E+6,  1.904890E-4
8.760000E+6,  1.632124E-4
8.766250E+6,  1.856461E-4
8.772500E+6,  1.731366E-4
8.778750E+6,  1.731291E-4
8.785000E+6,  1.521856E-4
8.791250E+6,  1.697689E-4
8.797500E+6,  1.868978E-4
8.803750E+6,  1.925603E-4
8.810000E+6,  1.764670E-4
8.816250E+6,  1.863539E-4
8.822500E+6,  1.722202E-4
8.828750E+6,  2.054721E-4
8.835000E+6,  1.740977E-4
8.841250E+6,  1.932234E-4
8.847500E+6,  1.845434E-4
8.853750E+6,  1.766980E-4
8.860000E+6,  1.689121E-4
8.866250E+6,  1.967251E-4
8.872500E+6,  1.774728E-4
8.878750E+6,  1.798198E-4
8.885000E+6,  1.873001E-4
8.891250E+6,  1.800284E-4
8.897500E+6,  1.694337E-4
8.903750E+6,  1.800209E-4
8.910000E+6,  1.720190E-4
8.916250E+6,  1.925975E-4
8.922500E+6,  1.819357E-4
8.928750E+6,  2.034456E-4
8.935000E+6,  1.881421E-4
8.941250E+6,  1.907051E-4
8.947500E+6,  1.721308E-4
8.953750E+6,  2.076775E-4
8.960000E+6,  1.975521E-4
8.966250E+6,  1.957342E-4
8.972500E+6,  1.767129E-4
8.978750E+6,  2.009794E-4
8.985000E+6,  1.879632E-4
8.991250E+6,  1.837313E-4
8.997500E+6,  1.939386E-4
9.003750E+6,  1.941323E-4
9.010000E+6,  2.114326E-4
9.016250E+6,  1.846030E-4
9.022500E+6,  1.846701E-4
9.028750E+6,  2.062023E-4
9.035000E+6,  1.889691E-4
9.041250E+6,  1.776516E-4
9.047500E+6,  2.025291E-4
9.053750E+6,  1.742467E-4
9.060000E+6,  1.924708E-4
9.066250E+6,  2.044588E-4
9.072500E+6,  2.059713E-4
9.078750E+6,  2.112985E-4
9.085000E+6,  1.907721E-4
9.091250E+6,  1.998395E-4
9.097500E+6,  1.789629E-4
9.103750E+6,  2.168417E-4
9.110000E+6,  2.149865E-4
9.116250E+6,  2.027154E-4
9.122500E+6,  2.009943E-4
9.128750E+6,  2.095550E-4
9.135000E+6,  2.189055E-4
9.141250E+6,  1.959428E-4
9.147500E+6,  2.096072E-4
9.153750E+6,  2.005473E-4
9.160000E+6,  1.925826E-4
9.166250E+6,  1.823679E-4
9.172500E+6,  1.959875E-4
9.178750E+6,  1.992881E-4
9.185000E+6,  1.944005E-4
9.191250E+6,  2.102330E-4
9.197500E+6,  2.095923E-4
9.203750E+6,  2.216548E-4
9.210000E+6,  1.994744E-4
9.216250E+6,  1.945943E-4
9.222500E+6,  2.112538E-4
9.228750E+6,  2.096966E-4
9.235000E+6,  2.207682E-4
9.241250E+6,  2.270266E-4
9.247500E+6,  2.133176E-4
9.253750E+6,  2.303720E-4
9.260000E+6,  2.224222E-4
9.266250E+6,  2.028421E-4
9.272500E+6,  2.069175E-4
9.278750E+6,  2.233684E-4
9.285000E+6,  1.913756E-4
9.291250E+6,  2.272055E-4
9.297500E+6,  2.204403E-4
9.303750E+6,  2.101511E-4
9.310000E+6,  2.293065E-4
9.316250E+6,  2.108216E-4
9.322500E+6,  2.154037E-4
9.328750E+6,  2.237558E-4
9.335000E+6,  2.171174E-4
9.341250E+6,  2.256483E-4
9.347500E+6,  2.119765E-4
9.353750E+6,  2.220571E-4
9.360000E+6,  2.069399E-4
9.366250E+6,  2.238601E-4
9.372500E+6,  2.342463E-4
9.378750E+6,  2.305731E-4
9.385000E+6,  2.209097E-4
9.391250E+6,  2.443343E-4
9.397500E+6,  2.289042E-4
9.403750E+6,  2.086535E-4
9.410000E+6,  2.425313E-4
9.416250E+6,  2.307668E-4
9.422500E+6,  2.154261E-4
9.428750E+6,  2.374947E-4
9.435000E+6,  2.153814E-4
9.441250E+6,  2.119690E-4
9.447500E+6,  2.189279E-4
9.453750E+6,  2.358779E-4
9.460000E+6,  2.308115E-4
9.466250E+6,  2.253875E-4
9.472500E+6,  2.377108E-4
9.478750E+6,  2.393499E-4
9.485000E+6,  2.329051E-4
9.491250E+6,  2.357364E-4
9.497500E+6,  2.394691E-4
9.503750E+6,  2.306625E-4
9.510000E+6,  2.353489E-4
9.516250E+6,  2.465993E-4
9.522500E+6,  2.442449E-4
9.528750E+6,  2.286360E-4
9.535000E+6,  2.280921E-4
9.541250E+6,  2.521724E-4
9.547500E+6,  2.632141E-4
9.553750E+6,  2.243593E-4
9.560000E+6,  2.297834E-4
9.566250E+6,  2.482831E-4
9.572500E+6,  2.345666E-4
9.578750E+6,  2.509356E-4
9.585000E+6,  2.332479E-4
9.591250E+6,  2.447069E-4
9.597500E+6,  2.519488E-4
9.603750E+6,  2.675503E-4
9.610000E+6,  2.398789E-4
9.616250E+6,  2.378449E-4
9.622500E+6,  2.500713E-4
9.628750E+6,  2.658218E-4
9.635000E+6,  2.346337E-4
9.641250E+6,  2.685785E-4
9.647500E+6,  2.376214E-4
9.653750E+6,  2.642125E-4
9.660000E+6,  2.278984E-4
9.666250E+6,  2.725273E-4
9.672500E+6,  2.511293E-4
9.678750E+6,  2.388507E-4
9.685000E+6,  2.660006E-4
9.691250E+6,  2.578199E-4
9.697500E+6,  2.834052E-4
9.703750E+6,  2.779514E-4
9.710000E+6,  2.656728E-4
9.716250E+6,  2.579689E-4
9.722500E+6,  2.689511E-4
9.728750E+6,  2.660304E-4
9.735000E+6,  2.621561E-4
9.741250E+6,  2.596527E-4
9.747500E+6,  2.731681E-4
9.753750E+6,  2.355278E-4
9.760000E+6,  2.539605E-4
9.766250E+6,  2.695173E-4
9.772500E+6,  2.703518E-4
9.778750E+6,  2.759844E-4
9.785000E+6,  2.530217E-4
9.791250E+6,  2.848208E-4
9.797500E+6,  2.648532E-4
9.803750E+6,  2.682358E-4
9.810000E+6,  2.831072E-4
9.816250E+6,  2.851635E-4
9.822500E+6,  2.698451E-4
9.828750E+6,  2.594143E-4
9.835000E+6,  2.491176E-4
9.841250E+6,  2.786964E-4
9.847500E+6,  2.410039E-4
9.853750E+6,  2.865046E-4
9.860000E+6,  2.762973E-4
9.866250E+6,  2.841651E-4
9.872500E+6,  2.608001E-4
9.878750E+6,  2.861917E-4
9.885000E+6,  2.700835E-4
9.891250E+6,  2.935380E-4
9.897500E+6,  2.727658E-4
9.903750E+6,  2.844036E-4
9.910000E+6,  2.885163E-4
9.916250E+6,  2.935678E-4
9.922500E+6,  2.766252E-4
9.928750E+6,  2.884567E-4
9.935000E+6,  2.914518E-4
9.941250E+6,  3.000647E-4
9.947500E+6,  2.790838E-4
9.953750E+6,  2.860874E-4
9.960000E+6,  2.736598E-4
9.966250E+6,  2.883971E-4
9.972500E+6,  2.922565E-4
9.978750E+6,  2.994239E-4
9.985000E+6,  2.830029E-4
9.991250E+6,  3.076494E-4
9.997500E+6,  2.873987E-4
1.000375E+7,  2.948046E-4
1.001000E+7,  2.986342E-4
1.001625E+7,  2.949834E-4
1.002250E+7,  3.105402E-4
1.002875E+7,  2.955645E-4
1.003500E+7,  2.985895E-4
1.004125E+7,  3.127456E-4
1.004750E+7,  2.916902E-4
1.005375E+7,  2.982914E-4
1.006000E+7,  3.012866E-4
1.006625E+7,  3.080070E-4
1.007250E+7,  2.792776E-4
1.007875E+7,  3.076494E-4
1.008500E+7,  2.997816E-4
1.009125E+7,  3.147125E-4
1.009750E+7,  3.081113E-4
1.010375E+7,  3.139228E-4
1.011000E+7,  3.239065E-4
1.011625E+7,  3.122389E-4
1.012250E+7,  3.267378E-4
1.012875E+7,  3.254265E-4
1.013500E+7,  3.265887E-4
1.014125E+7,  3.110468E-4
1.014750E+7,  3.011227E-4
1.015375E+7,  3.271699E-4
1.016000E+7,  2.982765E-4
1.016625E+7,  3.370047E-4
1.017250E+7,  3.111511E-4
1.017875E+7,  3.109127E-4
1.018500E+7,  3.203750E-4
1.019125E+7,  3.088117E-4
1.019750E+7,  3.233999E-4
1.020375E+7,  3.085285E-4
1.021000E+7,  3.297627E-4
1.021625E+7,  3.458709E-4
1.022250E+7,  3.107339E-4
1.022875E+7,  3.247857E-4
1.023500E+7,  3.300011E-4
1.024125E+7,  3.467649E-4
1.024750E+7,  3.376752E-4
1.025375E+7,  3.430247E-4
1.026000E+7,  3.399700E-4
1.026625E+7,  3.380924E-4
1.027250E+7,  3.306866E-4
1.027875E+7,  3.432482E-4
1.028500E+7,  3.433675E-4
1.029125E+7,  3.491491E-4
1.029750E+7,  3.462285E-4
1.030375E+7,  3.364980E-4
1.031000E+7,  3.394485E-4
1.031625E+7,  3.302693E-4
1.032250E+7,  3.275275E-4
1.032875E+7,  3.300905E-4
1.033500E+7,  3.716499E-4
1.034125E+7,  3.525913E-4
1.034750E+7,  3.461391E-4
1.035375E+7,  3.623664E-4
1.036000E+7,  3.587306E-4
1.036625E+7,  3.465116E-4
1.037250E+7,  3.493726E-4
1.037875E+7,  3.590584E-4
1.038500E+7,  3.494620E-4
1.039125E+7,  3.714710E-4
1.039750E+7,  3.657937E-4
1.040375E+7,  3.560930E-4
1.041000E+7,  3.596693E-4
1.041625E+7,  3.686994E-4
1.042250E+7,  3.531277E-4
1.042875E+7,  3.529787E-4
1.043500E+7,  3.565252E-4
1.044125E+7,  3.688931E-4
1.044750E+7,  3.661066E-4
1.045375E+7,  4.010946E-4
1.046000E+7,  3.685951E-4
1.046625E+7,  3.687590E-4
1.047250E+7,  3.775656E-4
1.047875E+7,  3.723055E-4
1.048500E+7,  3.862083E-4
1.049125E+7,  3.752708E-4
1.049750E+7,  3.791302E-4
1.050375E+7,  3.921390E-4
1.051000E+7,  3.669709E-4
1.051625E+7,  4.012585E-4
1.052250E+7,  3.788918E-4
1.052875E+7,  4.103631E-4
1.053500E+7,  3.728867E-4
1.054125E+7,  3.879368E-4
1.054750E+7,  4.010499E-4
1.055375E+7,  4.008114E-4
1.056000E+7,  3.850609E-4
1.056625E+7,  4.071146E-4
1.057250E+7,  4.170239E-4
1.057875E+7,  4.052520E-4
1.058500E+7,  3.926307E-4
1.059125E+7,  4.028082E-4
1.059750E+7,  3.979653E-4
1.060375E+7,  4.048049E-4
1.061000E+7,  3.863424E-4
1.061625E+7,  3.954619E-4
1.062250E+7,  4.119128E-4
1.062875E+7,  4.015118E-4
1.063500E+7,  3.859848E-4
1.064125E+7,  4.053414E-4
1.064750E+7,  4.033595E-4
1.065375E+7,  4.107207E-4
1.066000E+7,  4.205257E-4
1.066625E+7,  4.147738E-4
1.067250E+7,  4.335493E-4
1.067875E+7,  4.499406E-4
1.068500E+7,  4.306138E-4
1.069125E+7,  4.291236E-4
1.069750E+7,  4.204810E-4
1.070375E+7,  4.281551E-4
1.071000E+7,  4.319698E-4
1.071625E+7,  4.278421E-4
1.072250E+7,  4.194975E-4
1.072875E+7,  4.413575E-4
1.073500E+7,  4.420877E-4
1.074125E+7,  4.482567E-4
1.074750E+7,  4.368573E-4
1.075375E+7,  4.299432E-4
1.076000E+7,  4.516691E-4
1.076625E+7,  4.343837E-4
1.077250E+7,  4.482418E-4
1.077875E+7,  4.598945E-4
1.078500E+7,  4.637390E-4
1.079125E+7,  4.646480E-4
1.079750E+7,  4.679412E-4
1.080375E+7,  4.573911E-4
1.081000E+7,  4.562885E-4
1.081625E+7,  4.411787E-4
1.082250E+7,  4.467219E-4
1.082875E+7,  4.635006E-4
1.083500E+7,  4.661083E-4
1.084125E+7,  4.913509E-4
1.084750E+7,  4.772246E-4
1.085375E+7,  4.774034E-4
1.086000E+7,  4.663467E-4
1.086625E+7,  4.604906E-4
1.087250E+7,  4.929900E-4
1.087875E+7,  4.884601E-4
1.088500E+7,  4.816800E-4
1.089125E+7,  4.893541E-4
1.089750E+7,  4.820228E-4
1.090375E+7,  4.925430E-4
1.091000E+7,  4.832745E-4
1.091625E+7,  4.867166E-4
1.092250E+7,  4.985034E-4
1.092875E+7,  4.976392E-4
1.093500E+7,  5.057752E-4
1.094125E+7,  5.025864E-4
1.094750E+7,  5.011857E-4
1.095375E+7,  5.135834E-4
1.096000E+7,  5.135834E-4
1.096625E+7,  5.276501E-4
1.097250E+7,  5.093813E-4
1.097875E+7,  5.238652E-4
1.098500E+7,  5.203187E-4
1.099125E+7,  5.148649E-4
1.099750E+7,  5.089939E-4
1.100375E+7,  5.374849E-4
1.101000E+7,  5.153716E-4
1.101625E+7,  5.256236E-4
1.102250E+7,  5.170107E-4
1.102875E+7,  5.495548E-4
1.103500E+7,  5.382597E-4
1.104125E+7,  5.374849E-4
1.104750E+7,  5.540550E-4
1.105375E+7,  5.393028E-4
1.106000E+7,  5.543232E-4
1.106625E+7,  5.493760E-4
1.107250E+7,  5.427599E-4
1.107875E+7,  5.430281E-4
1.108500E+7,  5.683005E-4
1.109125E+7,  5.688071E-4
1.109750E+7,  5.533397E-4
1.110375E+7,  5.608201E-4
1.111000E+7,  5.794764E-4
1.111625E+7,  5.862713E-4
1.112250E+7,  5.682707E-4
1.112875E+7,  5.673766E-4
1.113500E+7,  5.799234E-4
1.114125E+7,  5.669892E-4
1.114750E+7,  5.715191E-4
1.115375E+7,  5.640984E-4
1.116000E+7,  5.875230E-4
1.116625E+7,  6.101429E-4
1.117250E+7,  6.044209E-4
1.117875E+7,  6.017983E-4
1.118500E+7,  5.869269E-4
1.119125E+7,  6.293058E-4
1.119750E+7,  5.804300E-4
1.120375E+7,  6.189942E-4
1.121000E+7,  6.555617E-4
1.121625E+7,  6.484687E-4
1.122250E+7,  6.915331E-4
1.122875E+7,  7.428825E-4
1.123500E+7,  7.902682E-4
1.124125E+7,  7.828176E-4
1.124750E+7,  7.900894E-4
1.125375E+7,  7.906556E-4
1.126000E+7,  7.694960E-4
1.126625E+7,  7.528663E-4
1.127250E+7,  8.047223E-4
1.127875E+7,  8.018613E-4
1.128500E+7,  7.582903E-4
1.129125E+7,  7.357895E-4
1.129750E+7,  6.722510E-4
1.130375E+7,  7.212460E-4
1.131000E+7,  7.636249E-4
1.131625E+7,  7.687509E-4
1.132250E+7,  7.972419E-4
1.132875E+7,  7.735491E-4
1.133500E+7,  7.922053E-4
1.134125E+7,  7.422268E-4
1.134750E+7,  7.545054E-4
1.135375E+7,  7.502735E-4
1.136000E+7,  7.261932E-4
1.136625E+7,  8.031726E-4
1.137250E+7,  8.104146E-4
1.137875E+7,  7.984340E-4
1.138500E+7,  7.899702E-4
1.139125E+7,  7.846951E-4
1.139750E+7,  7.857084E-4
1.140375E+7,  7.923543E-4
1.141000E+7,  7.661879E-4
1.141625E+7,  7.571578E-4
1.142250E+7,  7.776916E-4
1.142875E+7,  8.274913E-4
1.143500E+7,  8.193851E-4
1.144125E+7,  7.722974E-4
1.144750E+7,  8.566678E-4
1.145375E+7,  8.768439E-4
1.146000E+7,  8.617938E-4
1.146625E+7,  8.963943E-4
1.147250E+7,  8.901060E-4
1.147875E+7,  8.713603E-4
1.148500E+7,  8.769333E-4
1.149125E+7,  1.023710E-3
1.149750E+7,  9.852648E-4
1.150375E+7,  9.592772E-4
1.151000E+7,  9.939671E-4
1.151625E+7,  9.824634E-4
1.152250E+7,  9.638369E-4
1.152875E+7,  9.485483E-4
1.153500E+7,  9.013414E-4
1.154125E+7,  9.931326E-4
1.154750E+7,  1.005650E-3
1.155375E+7,  1.001656E-3
1.156000E+7,  1.109362E-3
1.156625E+7,  1.150370E-3
1.157250E+7,  1.114309E-3
1.157875E+7,  1.138449E-3
1.158500E+7,  1.244962E-3
1.159125E+7,  1.121163E-3
1.159750E+7,  1.077354E-3
1.160375E+7,  1.178384E-3
1.161000E+7,  1.161516E-3
1.161625E+7,  1.253545E-3
1.162250E+7,  1.314521E-3
1.162875E+7,  1.572073E-3
1.163500E+7,  1.699984E-3
1.164125E+7,  1.857400E-3
1.164750E+7,  2.139807E-3
1.165375E+7,  2.016187E-3
1.166000E+7,  1.891792E-3
1.166625E+7,  2.092004E-3
1.167250E+7,  2.050519E-3
1.167875E+7,  2.010107E-3
1.168500E+7,  2.061963E-3
1.169125E+7,  2.097249E-3
1.169750E+7,  2.081275E-3
1.170375E+7,  2.098083E-3
1.171000E+7,  2.080441E-3
1.171625E+7,  2.146602E-3
1.172250E+7,  2.191305E-3
1.172875E+7,  2.183199E-3
1.173500E+7,  2.223849E-3
1.174125E+7,  2.200365E-3
1.174750E+7,  2.211690E-3
1.175375E+7,  2.249360E-3
1.176000E+7,  2.256989E-3
1.176625E+7,  2.281308E-3
1.177250E+7,  2.298236E-3
1.177875E+7,  2.294660E-3
1.178500E+7,  2.339840E-3
1.179125E+7,  2.330303E-3
1.179750E+7,  2.364993E-3
1.180375E+7,  2.321839E-3
1.181000E+7,  2.337337E-3
1.181625E+7,  2.317905E-3
1.182250E+7,  2.387047E-3
1.182875E+7,  2.505422E-3
1.183500E+7,  2.494693E-3
1.184125E+7,  2.506614E-3
1.184750E+7,  2.486587E-3
1.185375E+7,  2.478600E-3
1.186000E+7,  2.563953E-3
1.186625E+7,  2.548575E-3
1.187250E+7,  2.626300E-3
1.187875E+7,  2.583623E-3
1.188500E+7,  2.642870E-3
1.189125E+7,  2.606392E-3
1.189750E+7,  2.647042E-3
1.190375E+7,  2.709508E-3
1.191000E+7,  2.708316E-3
1.191625E+7,  2.727032E-3
1.192250E+7,  2.718687E-3
1.192875E+7,  2.768517E-3
1.193500E+7,  2.761245E-3
1.194125E+7,  2.837777E-3
1.194750E+7,  2.791762E-3
1.195375E+7,  2.855659E-3
1.196000E+7,  2.917051E-3
1.196625E+7,  2.931237E-3
1.197250E+7,  2.939939E-3
1.197875E+7,  2.933145E-3
1.198500E+7,  2.980590E-3
1.199125E+7,  2.980232E-3
1.199750E+7,  3.012180E-3
1.200375E+7,  3.010750E-3
1.201000E+7,  3.022313E-3
1.201625E+7,  3.047109E-3
1.202250E+7,  3.101230E-3
1.202875E+7,  3.114581E-3
1.203500E+7,  3.144741E-3
1.204125E+7,  3.082037E-3
1.204750E+7,  3.145814E-3
1.205375E+7,  3.160954E-3
1.206000E+7,  3.190517E-3
1.206625E+7,  3.240347E-3
1.207250E+7,  3.294587E-3
1.207875E+7,  3.244758E-3
1.208500E+7,  3.231406E-3
1.209125E+7,  3.262401E-3
1.209750E+7,  3.296494E-3
1.210375E+7,  3.293872E-3
1.211000E+7,  3.380895E-3
1.211625E+7,  3.347635E-3
1.212250E+7,  3.339767E-3
1.212875E+7,  3.384709E-3
1.213500E+7,  3.468037E-3
1.214125E+7,  3.475547E-3
1.214750E+7,  3.544569E-3
1.215375E+7,  3.502965E-3
1.216000E+7,  3.581166E-3
1.216625E+7,  3.558040E-3
1.217250E+7,  3.658175E-3
1.217875E+7,  3.725052E-3
1.218500E+7,  3.689170E-3
1.219125E+7,  3.736734E-3
1.219750E+7,  3.822088E-3
1.220375E+7,  3.834367E-3
1.221000E+7,  3.866196E-3
1.221625E+7,  3.926277E-3
1.222250E+7,  3.872156E-3
1.222875E+7,  3.946304E-3
1.223500E+7,  4.021883E-3
1.224125E+7,  4.065752E-3
1.224750E+7,  4.122019E-3
1.225375E+7,  4.079819E-3
1.226000E+7,  4.153252E-3
1.226625E+7,  4.199505E-3
1.227250E+7,  4.230499E-3
1.227875E+7,  4.350662E-3
1.228500E+7,  4.362106E-3
1.229125E+7,  4.433870E-3
1.229750E+7,  4.437923E-3
1.230375E+7,  4.501820E-3
1.231000E+7,  4.571199E-3
1.231625E+7,  4.603148E-3
1.232250E+7,  4.665852E-3
1.232875E+7,  4.664421E-3
1.233500E+7,  4.755020E-3
1.234125E+7,  4.772663E-3
1.234750E+7,  4.850626E-3
1.235375E+7,  4.921913E-3
1.236000E+7,  4.937649E-3
1.236625E+7,  5.008221E-3
1.237250E+7,  5.051136E-3
1.237875E+7,  5.070925E-3
1.238500E+7,  5.135298E-3
1.239125E+7,  5.288363E-3
1.239750E+7,  5.303383E-3
1.240375E+7,  5.363941E-3
1.241000E+7,  5.380630E-3
1.241625E+7,  5.491018E-3
1.242250E+7,  5.573750E-3
1.242875E+7,  5.598545E-3
1.243500E+7,  5.697012E-3
1.244125E+7,  5.765200E-3
1.244750E+7,  5.827904E-3
1.245375E+7,  5.917549E-3
1.246000E+7,  5.983114E-3
1.246625E+7,  6.056070E-3
1.247250E+7,  6.112337E-3
1.247875E+7,  6.205082E-3
1.248500E+7,  6.302595E-3
1.249125E+7,  6.372213E-3
1.249750E+7,  6.441355E-3
1.250375E+7,  6.524324E-3
1.251000E+7,  6.613970E-3
1.251625E+7,  6.758451E-3
1.252250E+7,  6.829977E-3
1.252875E+7,  6.908655E-3
1.253500E+7,  6.969452E-3
1.254125E+7,  7.077932E-3
1.254750E+7,  7.233858E-3
1.255375E+7,  7.299185E-3
1.256000E+7,  7.401228E-3
1.256625E+7,  7.503510E-3
1.257250E+7,  7.651806E-3
1.257875E+7,  7.729530E-3
1.258500E+7,  7.849693E-3
1.259125E+7,  7.989407E-3
1.259750E+7,  8.111477E-3
1.260375E+7,  8.219242E-3
1.261000E+7,  8.291721E-3
1.261625E+7,  8.527756E-3
1.262250E+7,  8.556843E-3
1.262875E+7,  8.914948E-3
1.263500E+7,  8.747101E-3
1.264125E+7,  8.997440E-3
1.264750E+7,  9.211540E-3
1.265375E+7,  9.265900E-3
1.266000E+7,  9.575367E-3
1.266625E+7,  9.589672E-3
1.267250E+7,  9.983063E-3
1.267875E+7,  1.017809E-2
1.268500E+7,  1.050520E-2
1.269125E+7,  1.064825E-2
1.269750E+7,  1.032925E-2
1.270375E+7,  1.022291E-2
1.271000E+7,  1.173973E-2
1.271625E+7,  1.094532E-2
1.272250E+7,  1.118422E-2
1.272875E+7,  1.139259E-2
1.273500E+7,  1.174307E-2
1.274125E+7,  1.187038E-2
1.274750E+7,  1.231289E-2
1.275375E+7,  1.226902E-2
1.276000E+7,  1.253605E-2
1.276625E+7,  1.263809E-2
1.277250E+7,  9.501934E-3
1.277875E+7,  1.211119E-2
1.278500E+7,  1.387548E-2
1.279125E+7,  1.452208E-2
1.279750E+7,  1.400471E-2
1.280375E+7,  1.341105E-2
1.281000E+7,  1.244831E-2
1.281625E+7,  1.584435E-2
1.282250E+7,  1.586437E-2
1.282875E+7,  1.573944E-2
1.283500E+7,  1.478481E-2
1.284125E+7,  1.750278E-2
1.284750E+7,  1.748276E-2
1.285375E+7,  1.813412E-2
1.286000E+7,  1.813316E-2
1.286625E+7,  1.911831E-2
1.287250E+7,  1.931190E-2
1.287875E+7,  1.924515E-2
1.288500E+7,  1.924229E-2
1.289125E+7,  2.097225E-2
1.289750E+7,  2.104282E-2
1.290375E+7,  2.093029E-2
1.291000E+7,  2.158642E-2
1.291625E+7,  2.301884E-2
1.292250E+7,  2.041435E-2
1.292875E+7,  2.270031E-2
1.293500E+7,  2.098942E-2
1.294125E+7,  2.215290E-2
1.294750E+7,  1.869774E-2
1.295375E+7,  1.406670E-2
1.296000E+7,  1.132965E-2
1.296625E+7,  1.096058E-2
1.297250E+7,  1.135063E-2
1.297875E+7,  1.154947E-2
1.298500E+7,  1.176357E-2
1.299125E+7,  1.204395E-2
1.299750E+7,  1.235294E-2
1.300375E+7,  1.270008E-2
1.301000E+7,  1.304770E-2
1.301625E+7,  1.334190E-2
1.302250E+7,  1.378632E-2
1.302875E+7,  1.413441E-2
1.303500E+7,  1.453495E-2
1.304125E+7,  1.493120E-2
1.304750E+7,  1.534748E-2
1.305375E+7,  1.578140E-2
1.306000E+7,  1.622105E-2
1.306625E+7,  1.675415E-2
1.307250E+7,  1.720715E-2
1.307875E+7,  1.785374E-2
1.308500E+7,  1.842976E-2
1.309125E+7,  1.906013E-2
1.309750E+7,  1.958942E-2
1.310375E+7,  2.021313E-2
1.311000E+7,  2.089977E-2
1.311625E+7,  2.162170E-2
1.312250E+7,  2.247715E-2
1.312875E+7,  2.328968E-2
1.313500E+7,  2.415085E-2
1.314125E+7,  2.497387E-2
1.314750E+7,  2.599621E-2
1.315375E+7,  2.732182E-2
1.316000E+7,  2.842045E-2
1.316625E+7,  2.955627E-2
1.317250E+7,  3.052616E-2
1.317875E+7,  3.190804E-2
1.318500E+7,  3.323746E-2
1.319125E+7,  3.484917E-2
1.319750E+7,  3.592873E-2
1.320375E+7,  3.751373E-2
1.321000E+7,  3.959846E-2
1.321625E+7,  4.085159E-2
1.322250E+7,  4.271126E-2
1.322875E+7,  4.506111E-2
1.323500E+7,  4.763412E-2
1.324125E+7,  5.056953E-2
1.324750E+7,  5.423927E-2
1.325375E+7,  5.807304E-2
1.326000E+7,  6.077003E-2
1.326625E+7,  6.435394E-2
1.327250E+7,  6.840515E-2
1.327875E+7,  7.319260E-2
1.328500E+7,  7.703400E-2
1.329125E+7,  8.330154E-2
1.329750E+7,  8.843994E-2
1.330375E+7,  9.350586E-2
1.331000E+7,  1.026917E-1
1.331625E+7,  1.099968E-1
1.332250E+7,  1.208267E-1
1.332875E+7,  1.259537E-1
1.333500E+7,  1.318741E-1
1.334125E+7,  1.408157E-1
1.334750E+7,  1.509781E-1
1.335375E+7,  1.663284E-1
1.336000E+7,  1.799545E-1
1.336625E+7,  1.939774E-1
1.337250E+7,  2.148285E-1
1.337875E+7,  2.329102E-1
1.338500E+7,  2.537994E-1
1.339125E+7,  2.823944E-1
1.339750E+7,  3.082733E-1
1.340375E+7,  3.361816E-1
1.341000E+7,  3.683319E-1
1.341625E+7,  4.063873E-1
1.342250E+7,  4.410400E-1
1.342875E+7,  4.774628E-1
1.343500E+7,  5.115051E-1
1.344125E+7,  5.315552E-1
1.344750E+7,  5.532837E-1
1.345375E+7,  5.646973E-1
1.346000E+7,  5.699158E-1
1.346625E+7,  5.745239E-1
1.347250E+7,  5.776062E-1
1.347875E+7,  5.702820E-1
1.348500E+7,  5.603638E-1
1.349125E+7,  5.544434E-1
1.349750E+7,  5.522156E-1
1.350375E+7,  5.548096E-1
1.351000E+7,  5.511780E-1
1.351625E+7,  5.503845E-1
1.352250E+7,  5.537109E-1
1.352875E+7,  5.581970E-1
1.353500E+7,  5.647888E-1
1.354125E+7,  5.704346E-1
1.354750E+7,  5.774231E-1
1.355375E+7,  5.826721E-1
1.356000E+7,  5.845032E-1
1.356625E+7,  5.829163E-1
1.357250E+7,  5.755615E-1
1.357875E+7,  5.648193E-1
1.358500E+7,  5.473328E-1
1.359125E+7,  5.239868E-1
1.359750E+7,  4.964752E-1
1.360375E+7,  4.656525E-1
1.361000E+7,  4.341278E-1
1.361625E+7,  4.024048E-1
1.362250E+7,  3.726196E-1
1.362875E+7,  3.438263E-1
1.363500E+7,  3.182068E-1
1.364125E+7,  2.942200E-1
1.364750E+7,  2.718201E-1
1.365375E+7,  2.525330E-1
1.366000E+7,  2.345276E-1
1.366625E+7,  2.191620E-1
1.367250E+7,  2.050934E-1
1.367875E+7,  1.921005E-1
1.368500E+7,  1.804428E-1
1.369125E+7,  1.690979E-1
1.369750E+7,  1.595306E-1
1.370375E+7,  1.508255E-1
1.371000E+7,  1.432343E-1
1.371625E+7,  1.360321E-1
1.372250E+7,  1.293030E-1
1.372875E+7,  1.236954E-1
1.373500E+7,  1.181679E-1
1.374125E+7,  1.133003E-1
1.374750E+7,  1.086006E-1
1.375375E+7,  1.042442E-1
1.376000E+7,  1.003876E-1
1.376625E+7,  9.666824E-2
1.377250E+7,  9.355164E-2
1.377875E+7,  9.063339E-2
1.378500E+7,  8.760834E-2
1.379125E+7,  8.486938E-2
1.379750E+7,  8.282089E-2
1.380375E+7,  8.058548E-2
1.381000E+7,  7.828140E-2
1.381625E+7,  7.637405E-2
1.382250E+7,  7.481003E-2
1.382875E+7,  7.328033E-2
1.383500E+7,  7.179260E-2
1.384125E+7,  7.044220E-2
1.384750E+7,  6.922913E-2
1.385375E+7,  6.809235E-2
1.386000E+7,  6.711197E-2
1.386625E+7,  6.624222E-2
1.387250E+7,  6.553268E-2
1.387875E+7,  6.475830E-2
1.388500E+7,  6.429672E-2
1.389125E+7,  6.377792E-2
1.389750E+7,  6.339264E-2
1.390375E+7,  6.319427E-2
1.391000E+7,  6.296158E-2
1.391625E+7,  6.295395E-2
1.392250E+7,  6.299973E-2
1.392875E+7,  6.320572E-2
1.393500E+7,  6.346130E-2
1.394125E+7,  6.402969E-2
1.394750E+7,  6.463242E-2
1.395375E+7,  6.534958E-2
1.396000E+7,  6.634521E-2
1.396625E+7,  6.744385E-2
1.397250E+7,  6.877899E-2
1.397875E+7,  7.033920E-2
1.398500E+7,  7.222748E-2
1.399125E+7,  7.455826E-2
1.399750E+7,  7.716751E-2
1.400375E+7,  8.018875E-2
1.401000E+7,  8.376312E-2
1.401625E+7,  8.802414E-2
1.402250E+7,  9.301758E-2
1.402875E+7,  9.902573E-2
1.403500E+7,  1.062317E-1
1.404125E+7,  1.148567E-1
1.404750E+7,  1.250076E-1
1.405375E+7,  1.372375E-1
1.406000E+7,  1.507111E-1
1.406625E+7,  1.641464E-1
1.407250E+7,  1.759262E-1
1.407875E+7,  1.800156E-1
1.408500E+7,  1.751556E-1
1.409125E+7,  1.610184E-1
1.409750E+7,  1.422195E-1
1.410375E+7,  1.229820E-1
1.411000E+7,  1.057358E-1
1.411625E+7,  9.099197E-2
1.412250E+7,  7.937241E-2
1.412875E+7,  6.933594E-2
1.413500E+7,  6.114769E-2
1.414125E+7,  5.430412E-2
1.414750E+7,  4.858208E-2
1.415375E+7,  4.376602E-2
1.416000E+7,  3.955460E-2
1.416625E+7,  3.594208E-2
1.417250E+7,  3.280067E-2
1.417875E+7,  3.011227E-2
1.418500E+7,  2.766228E-2
1.419125E+7,  2.560329E-2
1.419750E+7,  2.366734E-2
1.420375E+7,  2.194118E-2
1.421000E+7,  2.042484E-2
1.421625E+7,  1.905346E-2
1.422250E+7,  1.782703E-2
1.422875E+7,  1.667881E-2
1.423500E+7,  1.563549E-2
1.424125E+7,  1.471138E-2
1.424750E+7,  1.382971E-2
1.425375E+7,  1.306868E-2
1.426000E+7,  1.227951E-2
1.426625E+7,  1.160765E-2
1.427250E+7,  1.099491E-2
1.427875E+7,  1.044703E-2
1.428500E+7,  9.876251E-3
1.429125E+7,  9.366035E-3
1.429750E+7,  8.904457E-3
1.430375E+7,  8.478642E-3
1.431000E+7,  8.064747E-3
1.431625E+7,  7.692099E-3
1.432250E+7,  7.327080E-3
1.432875E+7,  6.995201E-3
1.433500E+7,  6.654024E-3
1.434125E+7,  6.375790E-3
1.434750E+7,  6.084919E-3
1.435375E+7,  5.817175E-3
1.436000E+7,  5.573988E-3
1.436625E+7,  5.332947E-3
1.437250E+7,  5.110264E-3
1.437875E+7,  4.922628E-3
1.438500E+7,  4.707098E-3
1.439125E+7,  4.511356E-3
1.439750E+7,  4.351377E-3
1.440375E+7,  4.186630E-3
1.441000E+7,  3.998756E-3
1.441625E+7,  3.872514E-3
1.442250E+7,  3.709316E-3
1.442875E+7,  3.555655E-3
1.443500E+7,  3.440261E-3
1.444125E+7,  3.323317E-3
1.444750E+7,  3.193855E-3
1.445375E+7,  3.066182E-3
1.446000E+7,  2.996206E-3
1.446625E+7,  2.861023E-3
1.447250E+7,  2.761841E-3
1.447875E+7,  2.662897E-3
1.448500E+7,  2.587676E-3
1.449125E+7,  2.464890E-3
1.449750E+7,  2.413034E-3
1.450375E+7,  2.314568E-3
1.451000E+7,  2.220392E-3
1.451625E+7,  2.157211E-3
1.452250E+7,  2.092957E-3
1.452875E+7,  2.015471E-3
1.453500E+7,  1.940489E-3
1.454125E+7,  1.892567E-3
1.454750E+7,  1.800656E-3
1.455375E+7,  1.770794E-3
1.456000E+7,  1.716733E-3
1.456625E+7,  1.667082E-3
1.457250E+7,  1.618147E-3
1.457875E+7,  1.579046E-3
1.458500E+7,  1.535058E-3
1.459125E+7,  1.451790E-3
1.459750E+7,  1.419663E-3
1.460375E+7,  1.372397E-3
1.461000E+7,  1.350939E-3
1.461625E+7,  1.295209E-3
1.462250E+7,  1.284719E-3
1.462875E+7,  1.196384E-3
1.463500E+7,  1.204252E-3
1.464125E+7,  1.150429E-3
1.464750E+7,  1.130819E-3
1.465375E+7,  1.090646E-3
1.466000E+7,  1.049042E-3
1.466625E+7,  1.058936E-3
1.467250E+7,  9.944439E-4
1.467875E+7,  9.646714E-4
1.468500E+7,  9.480119E-4
1.469125E+7,  9.225011E-4
1.469750E+7,  8.986890E-4
1.470375E+7,  8.708835E-4
1.471000E+7,  8.381605E-4
1.471625E+7,  8.371472E-4
1.472250E+7,  7.984042E-4
1.472875E+7,  7.931888E-4
1.473500E+7,  7.795393E-4
1.474125E+7,  7.264018E-4
1.474750E+7,  6.983876E-4
1.475375E+7,  6.937385E-4
1.476000E+7,  6.789565E-4
1.476625E+7,  6.674230E-4
1.477250E+7,  6.597340E-4
1.477875E+7,  6.355643E-4
1.478500E+7,  6.052852E-4
1.479125E+7,  5.967021E-4
1.479750E+7,  5.992949E-4
1.480375E+7,  5.762279E-4
1.481000E+7,  5.483329E-4
1.481625E+7,  5.548894E-4
1.482250E+7,  5.161762E-4
1.482875E+7,  5.175173E-4
1.483500E+7,  5.061030E-4
1.484125E+7,  4.818887E-4
1.484750E+7,  4.625767E-4
1.485375E+7,  4.761070E-4
1.486000E+7,  4.426241E-4
1.486625E+7,  4.360676E-4
1.487250E+7,  4.105419E-4
1.487875E+7,  4.196167E-4
1.488500E+7,  4.033595E-4
1.489125E+7,  3.739744E-4
1.489750E+7,  3.817379E-4
1.490375E+7,  4.046708E-4
1.491000E+7,  3.663003E-4
1.491625E+7,  3.757328E-4
1.492250E+7,  3.570616E-4
1.492875E+7,  3.616661E-4
1.493500E+7,  3.425628E-4
1.494125E+7,  3.255308E-4
1.494750E+7,  3.360659E-4
1.495375E+7,  3.049970E-4
1.496000E+7,  2.997518E-4
1.496625E+7,  3.033429E-4
1.497250E+7,  3.093183E-4
1.497875E+7,  2.874732E-4
1.498500E+7,  2.958924E-4
1.499125E+7,  2.725422E-4
1.499750E+7,  2.660751E-4
1.500375E+7,  2.564192E-4
1.501000E+7,  2.537966E-4
1.501625E+7,  2.599061E-4
1.502250E+7,  2.504289E-4
1.502875E+7,  2.598763E-4
1.503500E+7,  2.246201E-4
1.504125E+7,  2.511740E-4
1.504750E+7,  2.116039E-4
1.505375E+7,  2.067760E-4
1.506000E+7,  2.196953E-4
1.506625E+7,  2.031326E-4
1.507250E+7,  2.087653E-4
1.507875E+7,  2.048016E-4
1.508500E+7,  1.831502E-4
1.509125E+7,  1.832098E-4
1.509750E+7,  1.895428E-4
1.510375E+7,  1.639351E-4
1.511000E+7,  1.649335E-4
1.511625E+7,  1.633614E-4
1.512250E+7,  1.600236E-4
1.512875E+7,  1.465827E-4
1.513500E+7,  1.398996E-4
1.514125E+7,  1.499876E-4
1.514750E+7,  1.466200E-4
1.515375E+7,  1.535565E-4
1.516000E+7,  1.436397E-4
1.516625E+7,  1.650676E-4
1.517250E+7,  1.501590E-4
1.517875E+7,  1.370683E-4
1.518500E+7,  1.311749E-4
1.519125E+7,  1.255348E-4
1.519750E+7,  1.427606E-4
1.520375E+7,  1.308024E-4
1.521000E+7,  1.176968E-4
1.521625E+7,  1.323000E-4
1.522250E+7,  1.321658E-4
1.522875E+7,  1.077913E-4
1.523500E+7,  1.168326E-4
1.524125E+7,  1.056641E-4
1.524750E+7,  1.018681E-4
1.525375E+7,  1.022816E-4
1.526000E+7,  1.021251E-4
1.526625E+7,  1.098737E-4
1.527250E+7,  1.053847E-4
1.527875E+7,  7.852912E-5
1.528500E+7,  1.063459E-4
1.529125E+7,  1.090802E-4
1.529750E+7,  9.150058E-5
1.530375E+7,  1.105517E-4
1.531000E+7,  7.198378E-5
1.531625E+7,  8.958578E-5
1.532250E+7,  7.190183E-5
1.532875E+7,  1.073964E-4
1.533500E+7,  8.956343E-5
1.534125E+7,  8.298829E-5
1.534750E+7,  7.749349E-5
1.535375E+7,  7.534400E-5
1.536000E+7,  7.151812E-5
1.536625E+7,  1.293644E-4
1.537250E+7,  6.894767E-5
1.537875E+7,  9.295344E-5
1.538500E+7,  7.158518E-5
1.539125E+7,  9.308010E-5
1.539750E+7,  4.535541E-5
1.540375E+7,  7.703528E-5
1.541000E+7,  4.766323E-5
1.541625E+7,  8.108094E-5
1.542250E+7,  5.869940E-5
1.542875E+7,  7.845461E-5
1.543500E+7,  4.178472E-5
1.544125E+7,  7.832423E-5
1.544750E+7,  7.290021E-5
1.545375E+7,  4.858337E-5
1.546000E+7,  6.392598E-5
1.546625E+7,  4.520640E-5
1.547250E+7,  5.300716E-5
1.547875E+7,  7.735565E-5
1.548500E+7,  5.318224E-5
1.549125E+7,  7.804483E-5
1.549750E+7,  5.394593E-5
1.550375E+7,  6.902590E-5
1.551000E+7,  4.858896E-5
1.551625E+7,  4.113652E-5
1.552250E+7,  4.139170E-5
1.552875E+7,  6.334856E-5
1.553500E+7,  2.423394E-5
1.554125E+7,  4.129484E-5
1.554750E+7,  3.769621E-5
1.555375E+7,  7.743016E-5
1.556000E+7,  6.397814E-5
1.556625E+7,  4.922040E-5
1.557250E+7,  2.941303E-5
1.557875E+7,  6.105378E-5
1.558500E+7,  3.463216E-5
1.559125E+7,  6.375834E-5
1.559750E+7,  4.581921E-5
1.560375E+7,  6.275252E-5
1.561000E+7,  2.430659E-5
1.561625E+7,  4.802085E-5
1.562250E+7,  2.169330E-5
1.562875E+7,  4.096329E-5
1.563500E+7,  1.988001E-5
1.564125E+7,  3.308989E-5
1.564750E+7,  4.683249E-5
1.565375E+7,  1.729652E-5
1.566000E+7,  3.085285E-5
1.566625E+7,  4.882552E-5
1.567250E+7,  3.630295E-5
1.567875E+7,  8.566771E-6
1.568500E+7,  2.163742E-5
1.569125E+7,  3.845990E-5
1.569750E+7,  3.083050E-5
1.570375E+7,  3.754906E-5
1.571000E+7,  2.400670E-5
1.571625E+7,  1.564994E-5
1.572250E+7,  3.592484E-5
1.572875E+7,  1.521921E-5
1.573500E+7,  2.307817E-5
1.574125E+7,  1.890864E-5
1.574750E+7,  7.584225E-6
1.575375E+7,  7.573981E-6
1.576000E+7,  1.365272E-5
1.576625E+7,  2.739578E-5
1.577250E+7,  3.238767E-5
1.577875E+7,  1.695659E-5
1.578500E+7,  3.057532E-5
1.579125E+7,  1.695752E-5
1.579750E+7,  1.693051E-5
1.580375E+7,  3.118068E-5
1.581000E+7,  2.136640E-5
1.581625E+7,  2.384000E-5
1.582250E+7,  1.687557E-5
1.582875E+7,  6.334915E-10
1.583500E+7,  2.413895E-5
1.584125E+7,  1.130905E-5
1.584750E+7,  8.427538E-6
1.585375E+7,  2.408866E-5
1.586000E+7,  3.764522E-6
1.586625E+7,  3.102794E-5
1.587250E+7,  7.521128E-6
1.587875E+7,  3.926270E-5
1.588500E+7,  3.544986E-5
1.589125E+7,  3.464334E-5
1.589750E+7,  8.393545E-6
1.590375E+7,  3.753416E-5
1.591000E+7,  7.508555E-6
1.591625E+7,  1.678988E-5
1.592250E+7,  2.281461E-5
1.592875E+7,  1.674797E-5
1.593500E+7,  1.350557E-5
1.594125E+7,  1.674425E-5
1.594750E+7,  2.278294E-5
1.595375E+7,  3.085285E-5
1.596000E+7,  1.870561E-5
1.596625E+7,  2.275128E-5
1.597250E+7,  2.118759E-5
1.597875E+7,  2.017245E-5
1.598500E+7,  3.744732E-6
1.599125E+7,  2.015661E-5
1.599750E+7,  2.014916E-5
1.600375E+7,  6.908923E-5
1.601000E+7,  1.551136E-4
1.601625E+7,  5.888566E-5
1.602250E+7,  7.770211E-5
1.602875E+7,  7.814541E-5
1.603500E+7,  2.887193E-5
1.604125E+7,  9.392202E-5
1.604750E+7,  7.200986E-5
1.605375E+7,  2.395958E-4
1.606000E+7,  1.147650E-4
1.606625E+7,  5.016848E-5
1.607250E+7,  3.904849E-5
1.607875E+7,  8.128211E-5
1.608500E+7,  1.056902E-4
1.609125E+7,  7.814914E-5
1.609750E+7,  7.708743E-5
1.610375E+7,  7.488579E-5
1.611000E+7,  2.873596E-5
1.611625E+7,  5.920790E-5
1.612250E+7,  6.345287E-5
1.612875E+7,  1.383200E-4
1.613500E+7,  3.633648E-5
1.614125E+7,  7.728860E-5
1.614750E+7,  3.732182E-5
1.615375E+7,  1.019202E-4
1.616000E+7,  2.454128E-5
1.616625E+7,  1.046062E-4
1.617250E+7,  4.941225E-5
1.617875E+7,  4.024245E-5
1.618500E+7,  1.484081E-4
1.619125E+7,  9.280816E-5
1.619750E+7,  1.840387E-5
1.620375E+7,  1.178309E-4
1.621000E+7,  4.601665E-5
1.621625E+7,  5.978346E-5
1.622250E+7,  4.113652E-5
1.622875E+7,  7.206202E-5
1.623500E+7,  3.363751E-5
1.624125E+7,  3.364123E-5
1.624750E+7,  9.020045E-5
1.625375E+7,  4.186668E-5
1.626000E+7,  4.490092E-5
1.626625E+7,  1.035556E-4
1.627250E+7,  8.127466E-5
1.627875E+7,  4.487671E-5
1.628500E+7,  7.066876E-5
1.629125E+7,  7.186830E-5
1.629750E+7,  4.311651E-5
1.630375E+7,  7.820129E-5
1.631000E+7,  3.781170E-5
1.631625E+7,  3.094226E-5
1.632250E+7,  8.944422E-5
1.632875E+7,  1.370981E-4
1.633500E+7,  3.507547E-5
1.634125E+7,  5.085953E-5
1.634750E+7,  1.669601E-4
1.635375E+7,  6.379932E-5
1.636000E+7,  5.144067E-5
1.636625E+7,  1.371279E-4
1.637250E+7,  2.012998E-4
1.637875E+7,  2.725720E-4
1.638500E+7,  4.815683E-5
1.639125E+7,  4.492886E-5
1.639750E+7,  2.026260E-4
1.640375E+7,  1.043007E-4
1.641000E+7,  1.923442E-4
1.641625E+7,  7.113814E-5
1.642250E+7,  7.528067E-5
1.642875E+7,  1.208298E-4
1.643500E+7,  1.339614E-4
1.644125E+7,  3.100559E-5
1.644750E+7,  6.565452E-5
1.645375E+7,  6.923452E-5
1.646000E+7,  5.695038E-5
1.646625E+7,  4.638731E-5
1.647250E+7,  4.147738E-5
1.647875E+7,  1.124106E-4
1.648500E+7,  4.637800E-5
1.649125E+7,  1.123622E-4
1.649750E+7,  5.927682E-5
1.650375E+7,  5.190633E-5
1.651000E+7,  7.084385E-5
1.651625E+7,  7.032230E-5
1.652250E+7,  6.641448E-5
1.652875E+7,  4.644133E-5
1.653500E+7,  4.386716E-5
1.654125E+7,  6.128103E-5
1.654750E+7,  5.763583E-5
1.655375E+7,  1.288392E-5
1.656000E+7,  7.965043E-5
1.656625E+7,  2.938323E-5
1.657250E+7,  5.312636E-5
1.657875E+7,  8.725747E-5
1.658500E+7,  3.924035E-5
1.659125E+7,  1.331121E-4
1.659750E+7,  3.611296E-5
1.660375E+7,  5.155057E-5
1.661000E+7,  4.957616E-5
1.661625E+7,  5.161203E-5
1.662250E+7,  4.892237E-5
1.662875E+7,  2.352744E-4
1.663500E+7,  4.402176E-5
1.664125E+7,  5.605072E-5
1.664750E+7,  6.167963E-5
1.665375E+7,  1.536831E-4
1.666000E+7,  2.580322E-5
1.666625E+7,  1.149438E-4
1.667250E+7,  3.882498E-5
1.667875E+7,  1.442200E-5
1.668500E+7,  9.034202E-5
1.669125E+7,  8.765981E-5
1.669750E+7,  1.490563E-4
1.670375E+7,  4.898570E-5
1.671000E+7,  1.434162E-4
1.671625E+7,  5.719066E-5
1.672250E+7,  8.524582E-5
1.672875E+7,  1.391768E-4
1.673500E+7,  7.687137E-5
1.674125E+7,  8.566305E-5
1.674750E+7,  2.082530E-5
1.675375E+7,  1.024455E-4
1.676000E+7,  5.695596E-5
1.676625E+7,  1.262873E-4
1.677250E+7,  2.330635E-5
1.677875E+7,  4.630722E-5
1.678500E+7,  1.012161E-4
1.679125E+7,  3.481843E-5
1.679750E+7,  6.598607E-5
1.680375E+7,  7.975101E-5
1.681000E+7,  5.840324E-5
1.681625E+7,  3.658235E-5
1.682250E+7,  7.789582E-5
1.682875E+7,  2.729613E-5
1.683500E+7,  6.961823E-5
1.684125E+7,  1.634751E-5
1.684750E+7,  4.019029E-5
1.685375E+7,  5.791895E-5
1.686000E+7,  5.527213E-5
1.686625E+7,  1.157029E-5
1.687250E+7,  9.324774E-5
1.687875E+7,  6.596372E-5
1.688500E+7,  7.868186E-5
1.689125E+7,  3.702939E-5
1.689750E+7,  3.761239E-5
1.690375E+7,  8.007139E-5
1.691000E+7,  2.474524E-5
1.691625E+7,  4.377961E-5
1.692250E+7,  3.484637E-5
1.692875E+7,  8.707866E-5
1.693500E+7,  3.486127E-5
1.694125E+7,  5.621091E-5
1.694750E+7,  9.014830E-5
1.695375E+7,  1.090802E-4
1.696000E+7,  6.779656E-5
1.696625E+7,  1.056157E-4
1.697250E+7,  2.734829E-5
1.697875E+7,  2.032146E-4
1.698500E+7,  1.620874E-4
1.699125E+7,  5.910173E-5
1.699750E+7,  1.045363E-5
1.700375E+7,  6.606430E-5
1.701000E+7,  9.313226E-5
1.701625E+7,  1.046285E-4
1.702250E+7,  6.441027E-5
1.702875E+7,  7.656962E-5
1.703500E+7,  4.151464E-5
1.704125E+7,  4.540682E-4
1.704750E+7,  1.504943E-4
1.705375E+7,  1.047961E-4
1.706000E+7,  1.161434E-4
1.706625E+7,  4.418567E-5
1.707250E+7,  8.209608E-6
1.707875E+7,  5.473755E-5
1.708500E+7,  1.022369E-4
1.709125E+7,  1.045875E-4
1.709750E+7,  1.858696E-4
1.710375E+7,  1.164638E-4
1.711000E+7,  1.195446E-4
1.711625E+7,  2.394803E-5
1.712250E+7,  8.323416E-5
1.712875E+7,  6.623939E-5
1.713500E+7,  3.670901E-5
1.714125E+7,  6.615371E-5
1.714750E+7,  6.061792E-5
1.715375E+7,  4.189089E-5
1.716000E+7,  7.824600E-5
1.716625E+7,  5.640090E-5
1.717250E+7,  1.191832E-4
1.717875E+7,  6.284937E-5
1.718500E+7,  8.222461E-5
1.719125E+7,  1.047133E-5
1.719750E+7,  8.076429E-5
1.720375E+7,  1.213104E-4
1.721000E+7,  1.837965E-5
1.721625E+7,  7.821992E-5
1.722250E+7,  2.862327E-5
1.722875E+7,  9.322912E-5
1.723500E+7,  6.977841E-5
1.724125E+7,  3.145635E-5
1.724750E+7,  7.025152E-5
1.725375E+7,  1.860783E-5
1.726000E+7,  8.373708E-5
1.726625E+7,  7.029623E-5
1.727250E+7,  1.177080E-4
1.727875E+7,  8.960813E-5
1.728500E+7,  6.633252E-5
1.729125E+7,  6.985664E-5
1.729750E+7,  1.282841E-4
1.730375E+7,  1.560003E-4
1.731000E+7,  5.364604E-5
1.731625E+7,  1.030378E-4
1.732250E+7,  4.547834E-5
1.732875E+7,  4.546531E-5
1.733500E+7,  8.776039E-5
1.734125E+7,  5.655363E-5
1.734750E+7,  1.178682E-4
1.735375E+7,  8.755177E-5
1.736000E+7,  4.199520E-5
1.736625E+7,  7.465854E-5
1.737250E+7,  3.552623E-5
1.737875E+7,  1.204908E-4
1.738500E+7,  5.252659E-5
1.739125E+7,  1.124926E-4
1.739750E+7,  5.660392E-5
1.740375E+7,  1.512766E-4
1.741000E+7,  9.452924E-5
1.741625E+7,  2.060235E-4
1.742250E+7,  1.241118E-4
1.742875E+7,  7.579476E-5
1.743500E+7,  4.244410E-5
1.744125E+7,  7.719919E-5
1.744750E+7,  1.843926E-5
1.745375E+7,  5.860068E-5
1.746000E+7,  2.102926E-5
1.746625E+7,  5.250238E-5
1.747250E+7,  5.949475E-5
1.747875E+7,  9.702146E-5
1.748500E+7,  3.044866E-5
1.749125E+7,  3.260933E-5
1.749750E+7,  1.134798E-4
1.750375E+7,  5.451031E-5
1.751000E+7,  5.023554E-5
1.751625E+7,  1.184940E-4
1.752250E+7,  4.446507E-5
1.752875E+7,  7.103011E-5
1.753500E+7,  4.998967E-5
1.754125E+7,  5.286187E-5
1.754750E+7,  1.306534E-4
1.755375E+7,  8.364767E-5
1.756000E+7,  1.306366E-5
1.756625E+7,  6.964058E-5
1.757250E+7,  3.970414E-5
1.757875E+7,  1.390576E-4
1.758500E+7,  1.052581E-4
1.759125E+7,  5.960464E-5
1.759750E+7,  2.354477E-5
1.760375E+7,  4.718639E-5
1.761000E+7,  7.667392E-5
1.761625E+7,  1.460873E-5
1.762250E+7,  1.671761E-4
1.762875E+7,  2.692640E-4
1.763500E+7,  6.534532E-5
1.764125E+7,  9.154901E-5
1.764750E+7,  4.386529E-5
1.765375E+7,  2.205148E-4
1.766000E+7,  8.369982E-5
1.766625E+7,  8.210540E-5
1.767250E+7,  6.277114E-5
1.767875E+7,  1.135990E-4
1.768500E+7,  7.408485E-5
1.769125E+7,  1.136400E-4
1.769750E+7,  3.557280E-5
1.770375E+7,  5.520880E-5
1.771000E+7,  2.499390E-5
1.771625E+7,  1.519695E-4
1.772250E+7,  2.789199E-4
1.772875E+7,  9.685010E-5
1.773500E+7,  3.413297E-5
1.774125E+7,  5.790778E-5
1.774750E+7,  5.761907E-5
1.775375E+7,  8.074939E-5
1.776000E+7,  1.653507E-4
1.776625E+7,  1.309486E-5
1.777250E+7,  5.397759E-5
1.777875E+7,  9.582564E-5
1.778500E+7,  6.550923E-6
1.779125E+7,  1.189113E-4
1.779750E+7,  1.251921E-4
1.780375E+7,  8.320808E-5
1.781000E+7,  1.592636E-4
1.781625E+7,  6.834790E-5
1.782250E+7,  3.310852E-5
1.782875E+7,  5.278736E-5
1.783500E+7,  7.031858E-5
1.784125E+7,  8.288771E-6
1.784750E+7,  1.389459E-4
1.785375E+7,  3.429130E-5
1.786000E+7,  1.069419E-4
1.786625E+7,  8.524954E-5
1.787250E+7,  1.577474E-5
1.787875E+7,  7.508695E-5
1.788500E+7,  4.105456E-5
1.789125E+7,  3.313273E-5
1.789750E+7,  1.525953E-4
1.790375E+7,  2.623536E-5
1.791000E+7,  3.758632E-5
1.791625E+7,  8.539483E-5
1.792250E+7,  3.943034E-5
1.792875E+7,  8.148327E-5
1.793500E+7,  1.466367E-5
1.794125E+7,  4.470721E-5
1.794750E+7,  1.175255E-4
1.795375E+7,  3.676862E-5
1.796000E+7,  4.233047E-5
1.796625E+7,  9.408221E-5
1.797250E+7,  5.572848E-5
1.797875E+7,  9.465963E-5
1.798500E+7,  5.637854E-5
1.799125E+7,  5.015917E-5
1.799750E+7,  1.113936E-4
1.800375E+7,  7.271022E-5
1.801000E+7,  1.003519E-4
1.801625E+7,  3.534555E-5
1.802250E+7,  7.619336E-5
1.802875E+7,  6.167591E-5
1.803500E+7,  7.752329E-5
1.804125E+7,  6.565079E-5
1.804750E+7,  2.769753E-5
1.805375E+7,  1.082942E-4
1.806000E+7,  6.574392E-5
1.806625E+7,  6.929040E-5
1.807250E+7,  4.204921E-5
1.807875E+7,  9.729713E-5
1.808500E+7,  4.938840E-10
1.809125E+7,  6.938353E-5
1.809750E+7,  1.033880E-4
1.810375E+7,  1.264662E-4
1.811000E+7,  7.075444E-5
1.811625E+7,  4.127063E-5
1.812250E+7,  6.525591E-5
1.812875E+7,  8.537248E-5
1.813500E+7,  4.241429E-5
1.814125E+7,  4.282221E-5
1.814750E+7,  1.803860E-4
1.815375E+7,  4.741922E-5
1.816000E+7,  6.635860E-5
1.816625E+7,  1.118071E-4
1.817250E+7,  8.901209E-5
1.817875E+7,  9.728968E-5
1.818500E+7,  4.080869E-5
1.819125E+7,  1.860131E-5
1.819750E+7,  1.291260E-4
1.820375E+7,  1.735985E-4
1.821000E+7,  3.291294E-5
1.821625E+7,  4.372559E-5
1.822250E+7,  3.954582E-5
1.822875E+7,  7.090345E-5
1.823500E+7,  8.490309E-5
1.824125E+7,  5.326420E-5
1.824750E+7,  9.213015E-5
1.825375E+7,  3.001932E-5
1.826000E+7,  1.099519E-4
1.826625E+7,  2.777018E-5
1.827250E+7,  8.185580E-5
1.827875E+7,  7.018447E-5
1.828500E+7,  6.296858E-5
1.829125E+7,  2.634618E-5
1.829750E+7,  3.544427E-5
1.830375E+7,  3.173016E-5
1.831000E+7,  3.687292E-5
1.831625E+7,  4.455633E-5
1.832250E+7,  8.502230E-5
1.832875E+7,  5.431660E-5
1.833500E+7,  5.311333E-5
1.834125E+7,  3.829226E-5
1.834750E+7,  4.796684E-5
1.835375E+7,  1.587532E-5
1.836000E+7,  3.875233E-5
1.836625E+7,  4.220940E-5
1.837250E+7,  6.509572E-5
1.837875E+7,  5.592592E-5
1.838500E+7,  7.251650E-5
1.839125E+7,  1.242906E-4
1.839750E+7,  7.582828E-5
1.840375E+7,  2.125371E-5
1.841000E+7,  5.696900E-5
1.841625E+7,  3.586151E-5
1.842250E+7,  8.769706E-5
1.842875E+7,  1.204088E-4
1.843500E+7,  6.546453E-5
1.844125E+7,  5.839206E-5
1.844750E+7,  1.479536E-4
1.845375E+7,  2.676547E-4
1.846000E+7,  1.800135E-4
1.846625E+7,  6.886199E-5
1.847250E+7,  7.175282E-5
1.847875E+7,  3.079511E-5
1.848500E+7,  8.924678E-5
1.849125E+7,  3.179535E-5
1.849750E+7,  3.337674E-5
1.850375E+7,  7.554516E-5
1.851000E+7,  9.821355E-5
1.851625E+7,  6.884336E-5
1.852250E+7,  5.043857E-5
1.852875E+7,  1.244321E-4
1.853500E+7,  2.482831E-4
1.854125E+7,  2.497584E-4
1.854750E+7,  2.128445E-5
1.855375E+7,  5.519018E-5
1.856000E+7,  8.455291E-5