SAVED BY: 
TITLE: 
COMMENTS: 
DATE: 10/27/2020
TIME: 3:25 PM

STIMULUS, RESPONSE

8.560000E+6,  1.546964E-4
8.566250E+6,  1.579076E-4
8.572500E+6,  1.647770E-4
8.578750E+6,  1.637116E-4
8.585000E+6,  1.660660E-4
8.591250E+6,  1.774356E-4
8.597500E+6,  1.859590E-4
8.603750E+6,  1.765490E-4
8.610000E+6,  1.705140E-4
8.616250E+6,  1.670346E-4
8.622500E+6,  1.721829E-4
8.628750E+6,  1.861975E-4
8.635000E+6,  1.720563E-4
8.641250E+6,  1.599938E-4
8.647500E+6,  1.670346E-4
8.653750E+6,  1.590028E-4
8.660000E+6,  1.554862E-4
8.666250E+6,  1.613647E-4
8.672500E+6,  1.652539E-4
8.678750E+6,  1.752377E-4
8.685000E+6,  1.705140E-4
8.691250E+6,  1.752079E-4
8.697500E+6,  1.578629E-4
8.703750E+6,  1.913086E-4
8.710000E+6,  1.836419E-4
8.716250E+6,  1.844317E-4
8.722500E+6,  1.582354E-4
8.728750E+6,  1.856312E-4
8.735000E+6,  1.695603E-4
8.741250E+6,  1.934692E-4
8.747500E+6,  1.879111E-4
8.753750E+6,  1.763701E-4
8.760000E+6,  1.729429E-4
8.766250E+6,  2.039149E-4
8.772500E+6,  1.803562E-4
8.778750E+6,  1.823604E-4
8.785000E+6,  1.891702E-4
8.791250E+6,  1.777485E-4
8.797500E+6,  1.925230E-4
8.803750E+6,  1.718476E-4
8.810000E+6,  1.872405E-4
8.816250E+6,  1.905113E-4
8.822500E+6,  1.707897E-4
8.828750E+6,  1.956820E-4
8.835000E+6,  1.753122E-4
8.841250E+6,  1.792759E-4
8.847500E+6,  1.838803E-4
8.853750E+6,  1.894906E-4
8.860000E+6,  1.925305E-4
8.866250E+6,  1.914203E-4
8.872500E+6,  1.938567E-4
8.878750E+6,  1.889616E-4
8.885000E+6,  1.974702E-4
8.891250E+6,  1.974478E-4
8.897500E+6,  1.836866E-4
8.903750E+6,  2.058223E-4
8.910000E+6,  1.841411E-4
8.916250E+6,  1.844913E-4
8.922500E+6,  2.042428E-4
8.928750E+6,  2.110228E-4
8.935000E+6,  1.720935E-4
8.941250E+6,  1.738071E-4
8.947500E+6,  1.842827E-4
8.953750E+6,  2.053604E-4
8.960000E+6,  1.924485E-4
8.966250E+6,  1.991019E-4
8.972500E+6,  1.893193E-4
8.978750E+6,  1.976565E-4
8.985000E+6,  1.871139E-4
8.991250E+6,  1.932979E-4
8.997500E+6,  1.939386E-4
9.003750E+6,  2.053306E-4
9.010000E+6,  1.803413E-4
9.016250E+6,  1.927093E-4
9.022500E+6,  2.030730E-4
9.028750E+6,  2.079234E-4
9.035000E+6,  1.991615E-4
9.041250E+6,  1.975074E-4
9.047500E+6,  2.031252E-4
9.053750E+6,  1.922399E-4
9.060000E+6,  2.108663E-4
9.066250E+6,  2.178401E-4
9.072500E+6,  1.955777E-4
9.078750E+6,  2.009124E-4
9.085000E+6,  1.941547E-4
9.091250E+6,  2.034009E-4
9.097500E+6,  2.055615E-4
9.103750E+6,  2.086237E-4
9.110000E+6,  2.010688E-4
9.116250E+6,  2.129674E-4
9.122500E+6,  2.059266E-4
9.128750E+6,  2.097785E-4
9.135000E+6,  1.858175E-4
9.141250E+6,  1.892895E-4
9.147500E+6,  1.992434E-4
9.153750E+6,  2.026558E-4
9.160000E+6,  2.184957E-4
9.166250E+6,  2.147853E-4
9.172500E+6,  1.993850E-4
9.178750E+6,  2.079979E-4
9.185000E+6,  1.978278E-4
9.191250E+6,  2.212226E-4
9.197500E+6,  1.961067E-4
9.203750E+6,  2.011135E-4
9.210000E+6,  2.165958E-4
9.216250E+6,  2.181605E-4
9.222500E+6,  2.133772E-4
9.228750E+6,  2.150908E-4
9.235000E+6,  2.251267E-4
9.241250E+6,  2.234504E-4
9.247500E+6,  2.115071E-4
9.253750E+6,  2.146065E-4
9.260000E+6,  2.034530E-4
9.266250E+6,  2.130941E-4
9.272500E+6,  2.237335E-4
9.278750E+6,  2.001524E-4
9.285000E+6,  2.083480E-4
9.291250E+6,  2.168417E-4
9.297500E+6,  2.102628E-4
9.303750E+6,  2.167597E-4
9.310000E+6,  2.116710E-4
9.316250E+6,  2.071336E-4
9.322500E+6,  1.936480E-4
9.328750E+6,  2.499223E-4
9.335000E+6,  2.070516E-4
9.341250E+6,  2.238825E-4
9.347500E+6,  2.294779E-4
9.353750E+6,  2.254769E-4
9.360000E+6,  2.357885E-4
9.366250E+6,  2.168268E-4
9.372500E+6,  2.205595E-4
9.378750E+6,  2.258569E-4
9.385000E+6,  2.269596E-4
9.391250E+6,  2.082661E-4
9.397500E+6,  2.240390E-4
9.403750E+6,  2.261549E-4
9.410000E+6,  2.117828E-4
9.416250E+6,  2.374202E-4
9.422500E+6,  2.342239E-4
9.428750E+6,  2.349839E-4
9.435000E+6,  2.187639E-4
9.441250E+6,  2.289116E-4
9.447500E+6,  2.505928E-4
9.453750E+6,  2.466440E-4
9.460000E+6,  2.341345E-4
9.466250E+6,  2.391934E-4
9.472500E+6,  2.444535E-4
9.478750E+6,  2.221987E-4
9.485000E+6,  2.086908E-4
9.491250E+6,  2.359077E-4
9.497500E+6,  2.368391E-4
9.503750E+6,  2.414733E-4
9.510000E+6,  2.452582E-4
9.516250E+6,  2.398416E-4
9.522500E+6,  2.408549E-4
9.528750E+6,  2.514422E-4
9.535000E+6,  2.377778E-4
9.541250E+6,  2.379790E-4
9.547500E+6,  2.463609E-4
9.553750E+6,  2.385899E-4
9.560000E+6,  2.189949E-4
9.566250E+6,  2.422631E-4
9.572500E+6,  2.368018E-4
9.578750E+6,  2.469569E-4
9.585000E+6,  2.276972E-4
9.591250E+6,  2.667159E-4
9.597500E+6,  2.333447E-4
9.603750E+6,  2.484620E-4
9.610000E+6,  2.438799E-4
9.616250E+6,  2.418309E-4
9.622500E+6,  2.400130E-4
9.628750E+6,  2.313256E-4
9.635000E+6,  2.365112E-4
9.641250E+6,  2.519786E-4
9.647500E+6,  2.486557E-4
9.653750E+6,  2.667606E-4
9.660000E+6,  2.503246E-4
9.666250E+6,  2.504438E-4
9.672500E+6,  2.749711E-4
9.678750E+6,  2.355725E-4
9.685000E+6,  2.439395E-4
9.691250E+6,  2.512485E-4
9.697500E+6,  2.388880E-4
9.703750E+6,  2.790689E-4
9.710000E+6,  2.405867E-4
9.716250E+6,  2.598166E-4
9.722500E+6,  2.531111E-4
9.728750E+6,  2.610832E-4
9.735000E+6,  2.548248E-4
9.741250E+6,  2.670437E-4
9.747500E+6,  2.598763E-4
9.753750E+6,  2.760738E-4
9.760000E+6,  2.696812E-4
9.766250E+6,  2.716929E-4
9.772500E+6,  2.909750E-4
9.778750E+6,  2.663583E-4
9.785000E+6,  2.815574E-4
9.791250E+6,  2.788007E-4
9.797500E+6,  2.795905E-4
9.803750E+6,  2.850592E-4
9.810000E+6,  2.798885E-4
9.816250E+6,  2.785325E-4
9.822500E+6,  2.799779E-4
9.828750E+6,  2.727509E-4
9.835000E+6,  2.789199E-4
9.841250E+6,  2.976209E-4
9.847500E+6,  2.564490E-4
9.853750E+6,  2.846271E-4
9.860000E+6,  2.724528E-4
9.866250E+6,  2.793074E-4
9.872500E+6,  2.661347E-4
9.878750E+6,  2.947897E-4
9.885000E+6,  2.753586E-4
9.891250E+6,  2.701730E-4
9.897500E+6,  2.784878E-4
9.903750E+6,  2.757013E-4
9.910000E+6,  2.694428E-4
9.916250E+6,  2.900511E-4
9.922500E+6,  2.927035E-4
9.928750E+6,  2.793074E-4
9.935000E+6,  2.888143E-4
9.941250E+6,  3.144145E-4
9.947500E+6,  2.914667E-4
9.953750E+6,  3.011376E-4
9.960000E+6,  2.856404E-4
9.966250E+6,  3.046542E-4
9.972500E+6,  2.951026E-4
9.978750E+6,  2.919585E-4
9.985000E+6,  2.725571E-4
9.991250E+6,  3.047884E-4
9.997500E+6,  2.832860E-4
1.000375E+7,  3.044754E-4
1.001000E+7,  2.857149E-4
1.001625E+7,  3.076047E-4
1.002250E+7,  2.882779E-4
1.002875E+7,  3.080219E-4
1.003500E+7,  3.010333E-4
1.004125E+7,  2.928078E-4
1.004750E+7,  3.046244E-4
1.005375E+7,  3.041625E-4
1.006000E+7,  2.954006E-4
1.006625E+7,  3.043413E-4
1.007250E+7,  2.981126E-4
1.007875E+7,  3.145486E-4
1.008500E+7,  3.269613E-4
1.009125E+7,  3.297180E-4
1.009750E+7,  3.140718E-4
1.010375E+7,  3.145635E-4
1.011000E+7,  3.139675E-4
1.011625E+7,  3.142953E-4
1.012250E+7,  3.203750E-4
1.012875E+7,  3.207773E-4
1.013500E+7,  3.137439E-4
1.014125E+7,  3.234148E-4
1.014750E+7,  3.077090E-4
1.015375E+7,  3.296882E-4
1.016000E+7,  3.236383E-4
1.016625E+7,  3.232807E-4
1.017250E+7,  3.210753E-4
1.017875E+7,  3.076494E-4
1.018500E+7,  3.455132E-4
1.019125E+7,  3.268123E-4
1.019750E+7,  3.331155E-4
1.020375E+7,  3.273338E-4
1.021000E+7,  3.361255E-4
1.021625E+7,  3.270656E-4
1.022250E+7,  3.241748E-4
1.022875E+7,  3.264397E-4
1.023500E+7,  3.551692E-4
1.024125E+7,  3.406554E-4
1.024750E+7,  3.492832E-4
1.025375E+7,  3.494620E-4
1.026000E+7,  3.434420E-4
1.026625E+7,  3.302395E-4
1.027250E+7,  3.463775E-4
1.027875E+7,  3.351867E-4
1.028500E+7,  3.401190E-4
1.029125E+7,  3.491938E-4
1.029750E+7,  3.464073E-4
1.030375E+7,  3.334880E-4
1.031000E+7,  3.525019E-4
1.031625E+7,  3.565699E-4
1.032250E+7,  3.558844E-4
1.032875E+7,  3.591478E-4
1.033500E+7,  3.402233E-4
1.034125E+7,  3.460944E-4
1.034750E+7,  3.494024E-4
1.035375E+7,  3.559589E-4
1.036000E+7,  3.462732E-4
1.036625E+7,  3.496706E-4
1.037250E+7,  3.633946E-4
1.037875E+7,  3.686994E-4
1.038500E+7,  3.651083E-4
1.039125E+7,  3.653765E-4
1.039750E+7,  3.560334E-4
1.040375E+7,  3.561974E-4
1.041000E+7,  3.651083E-4
1.041625E+7,  3.658980E-4
1.042250E+7,  3.789067E-4
1.042875E+7,  3.781170E-4
1.043500E+7,  3.647059E-4
1.044125E+7,  3.888160E-4
1.044750E+7,  3.652871E-4
1.045375E+7,  3.596097E-4
1.046000E+7,  3.913939E-4
1.046625E+7,  3.689378E-4
1.047250E+7,  3.737658E-4
1.047875E+7,  3.816038E-4
1.048500E+7,  3.882498E-4
1.049125E+7,  3.787130E-4
1.049750E+7,  4.055947E-4
1.050375E+7,  3.853291E-4
1.051000E+7,  3.959239E-4
1.051625E+7,  3.855377E-4
1.052250E+7,  3.943294E-4
1.052875E+7,  3.952533E-4
1.053500E+7,  4.044920E-4
1.054125E+7,  3.885478E-4
1.054750E+7,  4.131049E-4
1.055375E+7,  4.047304E-4
1.056000E+7,  4.021972E-4
1.056625E+7,  4.048049E-4
1.057250E+7,  4.153401E-4
1.057875E+7,  4.214346E-4
1.058500E+7,  4.174113E-4
1.059125E+7,  4.241765E-4
1.059750E+7,  4.319847E-4
1.060375E+7,  4.276484E-4
1.061000E+7,  4.017502E-4
1.061625E+7,  3.958344E-4
1.062250E+7,  4.019886E-4
1.062875E+7,  4.182309E-4
1.063500E+7,  4.308671E-4
1.064125E+7,  4.107654E-4
1.064750E+7,  4.241168E-4
1.065375E+7,  4.163682E-4
1.066000E+7,  4.280806E-4
1.066625E+7,  4.292578E-4
1.067250E+7,  4.431456E-4
1.067875E+7,  4.159212E-4
1.068500E+7,  4.451722E-4
1.069125E+7,  4.325956E-4
1.069750E+7,  4.263073E-4
1.070375E+7,  4.317611E-4
1.071000E+7,  4.543513E-4
1.071625E+7,  4.404038E-4
1.072250E+7,  4.348755E-4
1.072875E+7,  4.414618E-4
1.073500E+7,  4.402548E-4
1.074125E+7,  4.374832E-4
1.074750E+7,  4.439503E-4
1.075375E+7,  4.912317E-4
1.076000E+7,  4.353523E-4
1.076625E+7,  4.717708E-4
1.077250E+7,  4.456639E-4
1.077875E+7,  4.493743E-4
1.078500E+7,  4.495531E-4
1.079125E+7,  4.666895E-4
1.079750E+7,  4.688650E-4
1.080375E+7,  4.808158E-4
1.081000E+7,  4.732013E-4
1.081625E+7,  4.584938E-4
1.082250E+7,  4.751980E-4
1.082875E+7,  4.727244E-4
1.083500E+7,  4.704148E-4
1.084125E+7,  4.840642E-4
1.084750E+7,  4.743934E-4
1.085375E+7,  4.840046E-4
1.086000E+7,  4.854649E-4
1.086625E+7,  4.990697E-4
1.087250E+7,  4.892647E-4
1.087875E+7,  5.076826E-4
1.088500E+7,  4.990101E-4
1.089125E+7,  5.021095E-4
1.089750E+7,  4.953742E-4
1.090375E+7,  5.177855E-4
1.091000E+7,  5.081892E-4
1.091625E+7,  4.744828E-4
1.092250E+7,  5.106330E-4
1.092875E+7,  5.196631E-4
1.093500E+7,  5.180240E-4
1.094125E+7,  5.203485E-4
1.094750E+7,  5.125105E-4
1.095375E+7,  5.061924E-4
1.096000E+7,  5.020797E-4
1.096625E+7,  5.067885E-4
1.097250E+7,  5.251169E-4
1.097875E+7,  5.269945E-4
1.098500E+7,  5.156994E-4
1.099125E+7,  5.384088E-4
1.099750E+7,  5.289614E-4
1.100375E+7,  5.326569E-4
1.101000E+7,  5.425811E-4
1.101625E+7,  5.437136E-4
1.102250E+7,  5.412102E-4
1.102875E+7,  5.500019E-4
1.103500E+7,  5.222559E-4
1.104125E+7,  5.393922E-4
1.104750E+7,  5.526543E-4
1.105375E+7,  5.252659E-4
1.106000E+7,  5.437732E-4
1.106625E+7,  5.824268E-4
1.107250E+7,  5.444586E-4
1.107875E+7,  5.498230E-4
1.108500E+7,  5.793571E-4
1.109125E+7,  5.759001E-4
1.109750E+7,  5.542934E-4
1.110375E+7,  5.962849E-4
1.111000E+7,  5.842745E-4
1.111625E+7,  5.890727E-4
1.112250E+7,  5.901754E-4
1.112875E+7,  6.002188E-4
1.113500E+7,  6.055832E-4
1.114125E+7,  5.875826E-4
1.114750E+7,  5.951822E-4
1.115375E+7,  5.970299E-4
1.116000E+7,  6.024837E-4
1.116625E+7,  6.074607E-4
1.117250E+7,  6.184578E-4
1.117875E+7,  6.084144E-4
1.118500E+7,  6.404817E-4
1.119125E+7,  6.486475E-4
1.119750E+7,  6.231964E-4
1.120375E+7,  6.430447E-4
1.121000E+7,  6.377995E-4
1.121625E+7,  6.787777E-4
1.122250E+7,  6.772280E-4
1.122875E+7,  7.653832E-4
1.123500E+7,  8.421540E-4
1.124125E+7,  7.936358E-4
1.124750E+7,  8.161068E-4
1.125375E+7,  8.135140E-4
1.126000E+7,  7.855296E-4
1.126625E+7,  7.793605E-4
1.127250E+7,  8.422136E-4
1.127875E+7,  7.706285E-4
1.128500E+7,  8.274317E-4
1.129125E+7,  7.639527E-4
1.129750E+7,  7.185936E-4
1.130375E+7,  7.624924E-4
1.131000E+7,  7.692277E-4
1.131625E+7,  7.948577E-4
1.132250E+7,  7.909238E-4
1.132875E+7,  7.865429E-4
1.133500E+7,  8.108616E-4
1.134125E+7,  7.852316E-4
1.134750E+7,  7.715225E-4
1.135375E+7,  7.828772E-4
1.136000E+7,  7.348955E-4
1.136625E+7,  7.990003E-4
1.137250E+7,  7.884800E-4
1.137875E+7,  8.227229E-4
1.138500E+7,  8.285046E-4
1.139125E+7,  7.984638E-4
1.139750E+7,  7.932484E-4
1.140375E+7,  7.958114E-4
1.141000E+7,  7.876754E-4
1.141625E+7,  7.891953E-4
1.142250E+7,  7.871389E-4
1.142875E+7,  8.507073E-4
1.143500E+7,  8.078814E-4
1.144125E+7,  7.949471E-4
1.144750E+7,  8.707047E-4
1.145375E+7,  8.919537E-4
1.146000E+7,  9.020269E-4
1.146625E+7,  9.403229E-4
1.147250E+7,  9.189546E-4
1.147875E+7,  9.016693E-4
1.148500E+7,  9.002686E-4
1.149125E+7,  1.005530E-3
1.149750E+7,  9.863377E-4
1.150375E+7,  9.973049E-4
1.151000E+7,  1.039207E-3
1.151625E+7,  9.983182E-4
1.152250E+7,  9.761453E-4
1.152875E+7,  9.599030E-4
1.153500E+7,  9.061396E-4
1.154125E+7,  1.015484E-3
1.154750E+7,  1.024008E-3
1.155375E+7,  1.007378E-3
1.156000E+7,  1.166999E-3
1.156625E+7,  1.132846E-3
1.157250E+7,  1.157701E-3
1.157875E+7,  1.189053E-3
1.158500E+7,  1.319766E-3
1.159125E+7,  1.137435E-3
1.159750E+7,  1.145303E-3
1.160375E+7,  1.222193E-3
1.161000E+7,  1.197815E-3
1.161625E+7,  1.308620E-3
1.162250E+7,  1.369655E-3
1.162875E+7,  1.575708E-3
1.163500E+7,  1.715660E-3
1.164125E+7,  1.882851E-3
1.164750E+7,  2.061367E-3
1.165375E+7,  2.044439E-3
1.166000E+7,  1.949310E-3
1.166625E+7,  2.169371E-3
1.167250E+7,  2.131104E-3
1.167875E+7,  2.093792E-3
1.168500E+7,  2.100825E-3
1.169125E+7,  2.133131E-3
1.169750E+7,  2.141953E-3
1.170375E+7,  2.172709E-3
1.171000E+7,  2.139091E-3
1.171625E+7,  2.213120E-3
1.172250E+7,  2.229452E-3
1.172875E+7,  2.200246E-3
1.173500E+7,  2.192497E-3
1.174125E+7,  2.248287E-3
1.174750E+7,  2.262950E-3
1.175375E+7,  2.292752E-3
1.176000E+7,  2.314329E-3
1.176625E+7,  2.352953E-3
1.177250E+7,  2.367258E-3
1.177875E+7,  2.354741E-3
1.178500E+7,  2.395988E-3
1.179125E+7,  2.416015E-3
1.179750E+7,  2.429843E-3
1.180375E+7,  2.384424E-3
1.181000E+7,  2.401829E-3
1.181625E+7,  2.402306E-3
1.182250E+7,  2.440095E-3
1.182875E+7,  2.467036E-3
1.183500E+7,  2.550602E-3
1.184125E+7,  2.571821E-3
1.184750E+7,  2.582192E-3
1.185375E+7,  2.596021E-3
1.186000E+7,  2.625823E-3
1.186625E+7,  2.686501E-3
1.187250E+7,  2.680898E-3
1.187875E+7,  2.693892E-3
1.188500E+7,  2.720237E-3
1.189125E+7,  2.700448E-3
1.189750E+7,  2.767801E-3
1.190375E+7,  2.787232E-3
1.191000E+7,  2.847195E-3
1.191625E+7,  2.832890E-3
1.192250E+7,  2.832890E-3
1.192875E+7,  2.794147E-3
1.193500E+7,  2.891302E-3
1.194125E+7,  2.891421E-3
1.194750E+7,  2.903938E-3
1.195375E+7,  2.916217E-3
1.196000E+7,  3.009915E-3
1.196625E+7,  2.969146E-3
1.197250E+7,  3.001809E-3
1.197875E+7,  3.007174E-3
1.198500E+7,  3.003359E-3
1.199125E+7,  3.052354E-3
1.199750E+7,  3.075004E-3
1.200375E+7,  3.130674E-3
1.201000E+7,  3.116250E-3
1.201625E+7,  3.162980E-3
1.202250E+7,  3.181219E-3
1.202875E+7,  3.221035E-3
1.203500E+7,  3.237963E-3
1.204125E+7,  3.190637E-3
1.204750E+7,  3.201485E-3
1.205375E+7,  3.285646E-3
1.206000E+7,  3.214717E-3
1.206625E+7,  3.348470E-3
1.207250E+7,  3.411531E-3
1.207875E+7,  3.333807E-3
1.208500E+7,  3.300190E-3
1.209125E+7,  3.328204E-3
1.209750E+7,  3.419161E-3
1.210375E+7,  3.439426E-3
1.211000E+7,  3.449321E-3
1.211625E+7,  3.469586E-3
1.212250E+7,  3.484607E-3
1.212875E+7,  3.555536E-3
1.213500E+7,  3.567934E-3
1.214125E+7,  3.609538E-3
1.214750E+7,  3.644109E-3
1.215375E+7,  3.692985E-3
1.216000E+7,  3.729343E-3
1.216625E+7,  3.727436E-3
1.217250E+7,  3.804445E-3
1.217875E+7,  3.775120E-3
1.218500E+7,  3.859758E-3
1.219125E+7,  3.899455E-3
1.219750E+7,  3.867269E-3
1.220375E+7,  3.944874E-3
1.221000E+7,  4.008532E-3
1.221625E+7,  4.014015E-3
1.222250E+7,  4.093885E-3
1.222875E+7,  4.100323E-3
1.223500E+7,  4.187107E-3
1.224125E+7,  4.204750E-3
1.224750E+7,  4.220486E-3
1.225375E+7,  4.266739E-3
1.226000E+7,  4.335165E-3
1.226625E+7,  4.335403E-3
1.227250E+7,  4.400015E-3
1.227875E+7,  4.408836E-3
1.228500E+7,  4.520893E-3
1.229125E+7,  4.518747E-3
1.229750E+7,  4.599333E-3
1.230375E+7,  4.709005E-3
1.231000E+7,  4.682064E-3
1.231625E+7,  4.731178E-3
1.232250E+7,  4.819393E-3
1.232875E+7,  4.862785E-3
1.233500E+7,  4.900217E-3
1.234125E+7,  4.945040E-3
1.234750E+7,  5.022049E-3
1.235375E+7,  5.069971E-3
1.236000E+7,  5.112886E-3
1.236625E+7,  5.205870E-3
1.237250E+7,  5.249262E-3
1.237875E+7,  5.271912E-3
1.238500E+7,  5.374193E-3
1.239125E+7,  5.457163E-3
1.239750E+7,  5.485535E-3
1.240375E+7,  5.590677E-3
1.241000E+7,  5.632877E-3
1.241625E+7,  5.680323E-3
1.242250E+7,  5.806446E-3
1.242875E+7,  5.833387E-3
1.243500E+7,  5.933046E-3
1.244125E+7,  5.960703E-3
1.244750E+7,  6.094694E-3
1.245375E+7,  6.161928E-3
1.246000E+7,  6.212711E-3
1.246625E+7,  6.326199E-3
1.247250E+7,  6.378889E-3
1.247875E+7,  6.458044E-3
1.248500E+7,  6.545782E-3
1.249125E+7,  6.649017E-3
1.249750E+7,  6.769896E-3
1.250375E+7,  6.908894E-3
1.251000E+7,  6.912947E-3
1.251625E+7,  6.994486E-3
1.252250E+7,  7.064342E-3
1.252875E+7,  7.236719E-3
1.253500E+7,  7.305384E-3
1.254125E+7,  7.388830E-3
1.254750E+7,  7.528067E-3
1.255375E+7,  7.637024E-3
1.256000E+7,  7.718563E-3
1.256625E+7,  7.834911E-3
1.257250E+7,  7.995129E-3
1.257875E+7,  8.116722E-3
1.258500E+7,  8.190155E-3
1.259125E+7,  8.296490E-3
1.259750E+7,  8.480549E-3
1.260375E+7,  8.585453E-3
1.261000E+7,  8.717537E-3
1.261625E+7,  9.005070E-3
1.262250E+7,  9.003162E-3
1.262875E+7,  9.345531E-3
1.263500E+7,  9.153366E-3
1.264125E+7,  9.475231E-3
1.264750E+7,  9.709358E-3
1.265375E+7,  9.791374E-3
1.266000E+7,  1.003981E-2
1.266625E+7,  1.009941E-2
1.267250E+7,  1.045036E-2
1.267875E+7,  1.071072E-2
1.268500E+7,  1.111794E-2
1.269125E+7,  1.124620E-2
1.269750E+7,  1.086187E-2
1.270375E+7,  1.075172E-2
1.271000E+7,  1.243639E-2
1.271625E+7,  1.165533E-2
1.272250E+7,  1.184177E-2
1.272875E+7,  1.204920E-2
1.273500E+7,  1.245356E-2
1.274125E+7,  1.257038E-2
1.274750E+7,  1.295185E-2
1.275375E+7,  1.295042E-2
1.276000E+7,  1.331139E-2
1.276625E+7,  1.343918E-2
1.277250E+7,  1.009083E-2
1.277875E+7,  1.287794E-2
1.278500E+7,  1.471138E-2
1.279125E+7,  1.547337E-2
1.279750E+7,  1.491404E-2
1.280375E+7,  1.432705E-2
1.281000E+7,  1.332951E-2
1.281625E+7,  1.694393E-2
1.282250E+7,  1.694965E-2
1.282875E+7,  1.683521E-2
1.283500E+7,  1.580334E-2
1.284125E+7,  1.878643E-2
1.284750E+7,  1.867199E-2
1.285375E+7,  1.948833E-2
1.286000E+7,  1.942730E-2
1.286625E+7,  2.045822E-2
1.287250E+7,  2.071571E-2
1.287875E+7,  2.067566E-2
1.288500E+7,  2.070904E-2
1.289125E+7,  2.256680E-2
1.289750E+7,  2.267456E-2
1.290375E+7,  2.261066E-2
1.291000E+7,  2.334023E-2
1.291625E+7,  2.492142E-2
1.292250E+7,  2.210331E-2
1.292875E+7,  2.461720E-2
1.293500E+7,  2.281570E-2
1.294125E+7,  2.408791E-2
1.294750E+7,  2.039623E-2
1.295375E+7,  1.530886E-2
1.296000E+7,  1.234341E-2
1.296625E+7,  1.196480E-2
1.297250E+7,  1.243782E-2
1.297875E+7,  1.267672E-2
1.298500E+7,  1.293707E-2
1.299125E+7,  1.327753E-2
1.299750E+7,  1.359320E-2
1.300375E+7,  1.399183E-2
1.301000E+7,  1.441145E-2
1.301625E+7,  1.476002E-2
1.302250E+7,  1.528835E-2
1.302875E+7,  1.568508E-2
1.303500E+7,  1.618290E-2
1.304125E+7,  1.663589E-2
1.304750E+7,  1.712227E-2
1.305375E+7,  1.761150E-2
1.306000E+7,  1.818180E-2
1.306625E+7,  1.880646E-2
1.307250E+7,  1.941776E-2
1.307875E+7,  2.015400E-2
1.308500E+7,  2.081585E-2
1.309125E+7,  2.159882E-2
1.309750E+7,  2.228832E-2
1.310375E+7,  2.308655E-2
1.311000E+7,  2.393723E-2
1.311625E+7,  2.481270E-2
1.312250E+7,  2.587509E-2
1.312875E+7,  2.689171E-2
1.313500E+7,  2.799416E-2
1.314125E+7,  2.907848E-2
1.314750E+7,  3.032112E-2
1.315375E+7,  3.199387E-2
1.316000E+7,  3.346062E-2
1.316625E+7,  3.492928E-2
1.317250E+7,  3.623962E-2
1.317875E+7,  3.807259E-2
1.318500E+7,  3.979683E-2
1.319125E+7,  4.204941E-2
1.319750E+7,  4.353333E-2
1.320375E+7,  4.576874E-2
1.321000E+7,  4.858589E-2
1.321625E+7,  5.041695E-2
1.322250E+7,  5.310440E-2
1.322875E+7,  5.637932E-2
1.323500E+7,  6.002045E-2
1.324125E+7,  6.431580E-2
1.324750E+7,  6.957245E-2
1.325375E+7,  7.522964E-2
1.326000E+7,  7.940674E-2
1.326625E+7,  8.498383E-2
1.327250E+7,  9.126282E-2
1.327875E+7,  9.880447E-2
1.328500E+7,  1.053162E-1
1.329125E+7,  1.154442E-1
1.329750E+7,  1.241188E-1
1.330375E+7,  1.332855E-1
1.331000E+7,  1.486511E-1
1.331625E+7,  1.615906E-1
1.332250E+7,  1.802368E-1
1.332875E+7,  1.915588E-1
1.333500E+7,  2.037811E-1
1.334125E+7,  2.207260E-1
1.334750E+7,  2.403564E-1
1.335375E+7,  2.678528E-1
1.336000E+7,  2.917175E-1
1.336625E+7,  3.138885E-1
1.337250E+7,  3.442993E-1
1.337875E+7,  3.651123E-1
1.338500E+7,  3.820953E-1
1.339125E+7,  4.029083E-1
1.339750E+7,  4.090729E-1
1.340375E+7,  4.085693E-1
1.341000E+7,  4.061127E-1
1.341625E+7,  4.038239E-1
1.342250E+7,  3.943939E-1
1.342875E+7,  3.872070E-1
1.343500E+7,  3.806915E-1
1.344125E+7,  3.680420E-1
1.344750E+7,  3.613281E-1
1.345375E+7,  3.542938E-1
1.346000E+7,  3.477783E-1
1.346625E+7,  3.463287E-1
1.347250E+7,  3.468018E-1
1.347875E+7,  3.431854E-1
1.348500E+7,  3.392944E-1
1.349125E+7,  3.396454E-1
1.349750E+7,  3.422699E-1
1.350375E+7,  3.480225E-1
1.351000E+7,  3.507996E-1
1.351625E+7,  3.549347E-1
1.352250E+7,  3.612976E-1
1.352875E+7,  3.681183E-1
1.353500E+7,  3.759918E-1
1.354125E+7,  3.828888E-1
1.354750E+7,  3.893738E-1
1.355375E+7,  3.944244E-1
1.356000E+7,  3.957367E-1
1.356625E+7,  3.943024E-1
1.357250E+7,  3.882904E-1
1.357875E+7,  3.795319E-1
1.358500E+7,  3.657990E-1
1.359125E+7,  3.489075E-1
1.359750E+7,  3.300476E-1
1.360375E+7,  3.095398E-1
1.361000E+7,  2.890472E-1
1.361625E+7,  2.688141E-1
1.362250E+7,  2.498398E-1
1.362875E+7,  2.319489E-1
1.363500E+7,  2.154694E-1
1.364125E+7,  2.001801E-1
1.364750E+7,  1.864090E-1
1.365375E+7,  1.737137E-1
1.366000E+7,  1.624832E-1
1.366625E+7,  1.523056E-1
1.367250E+7,  1.431274E-1
1.367875E+7,  1.343307E-1
1.368500E+7,  1.267700E-1
1.369125E+7,  1.195793E-1
1.369750E+7,  1.131783E-1
1.370375E+7,  1.071663E-1
1.371000E+7,  1.019745E-1
1.371625E+7,  9.718323E-2
1.372250E+7,  9.239960E-2
1.372875E+7,  8.851242E-2
1.373500E+7,  8.455658E-2
1.374125E+7,  8.103180E-2
1.374750E+7,  7.796478E-2
1.375375E+7,  7.490540E-2
1.376000E+7,  7.229233E-2
1.376625E+7,  6.963348E-2
1.377250E+7,  6.729126E-2
1.377875E+7,  6.510925E-2
1.378500E+7,  6.300735E-2
1.379125E+7,  6.105423E-2
1.379750E+7,  5.929375E-2
1.380375E+7,  5.762672E-2
1.381000E+7,  5.601692E-2
1.381625E+7,  5.459213E-2
1.382250E+7,  5.319023E-2
1.382875E+7,  5.200958E-2
1.383500E+7,  5.084038E-2
1.384125E+7,  4.974365E-2
1.384750E+7,  4.865837E-2
1.385375E+7,  4.772758E-2
1.386000E+7,  4.678726E-2
1.386625E+7,  4.602814E-2
1.387250E+7,  4.529381E-2
1.387875E+7,  4.459190E-2
1.388500E+7,  4.398537E-2
1.389125E+7,  4.336166E-2
1.389750E+7,  4.282188E-2
1.390375E+7,  4.241180E-2
1.391000E+7,  4.191971E-2
1.391625E+7,  4.154396E-2
1.392250E+7,  4.116821E-2
1.392875E+7,  4.095459E-2
1.393500E+7,  4.071999E-2
1.394125E+7,  4.061127E-2
1.394750E+7,  4.042053E-2
1.395375E+7,  4.037476E-2
1.396000E+7,  4.038239E-2
1.396625E+7,  4.040337E-2
1.397250E+7,  4.055595E-2
1.397875E+7,  4.068756E-2
1.398500E+7,  4.089165E-2
1.399125E+7,  4.124832E-2
1.399750E+7,  4.163742E-2
1.400375E+7,  4.209328E-2
1.401000E+7,  4.269981E-2
1.401625E+7,  4.330635E-2
1.402250E+7,  4.406548E-2
1.402875E+7,  4.500389E-2
1.403500E+7,  4.597092E-2
1.404125E+7,  4.723549E-2
1.404750E+7,  4.860497E-2
1.405375E+7,  5.020714E-2
1.406000E+7,  5.205536E-2
1.406625E+7,  5.414772E-2
1.407250E+7,  5.671120E-2
1.407875E+7,  5.960083E-2
1.408500E+7,  6.311417E-2
1.409125E+7,  6.713486E-2
1.409750E+7,  7.190704E-2
1.410375E+7,  7.749939E-2
1.411000E+7,  8.427811E-2
1.411625E+7,  9.213257E-2
1.412250E+7,  1.009865E-1
1.412875E+7,  1.102905E-1
1.413500E+7,  1.187210E-1
1.414125E+7,  1.241226E-1
1.414750E+7,  1.231232E-1
1.415375E+7,  1.165390E-1
1.416000E+7,  1.051216E-1
1.416625E+7,  9.256363E-2
1.417250E+7,  8.023453E-2
1.417875E+7,  6.942749E-2
1.418500E+7,  6.042862E-2
1.419125E+7,  5.306244E-2
1.419750E+7,  4.686928E-2
1.420375E+7,  4.163170E-2
1.421000E+7,  3.729057E-2
1.421625E+7,  3.360558E-2
1.422250E+7,  3.040886E-2
1.422875E+7,  2.763939E-2
1.423500E+7,  2.529335E-2
1.424125E+7,  2.320671E-2
1.424750E+7,  2.136230E-2
1.425375E+7,  1.978683E-2
1.426000E+7,  1.828575E-2
1.426625E+7,  1.698112E-2
1.427250E+7,  1.582527E-2
1.427875E+7,  1.479483E-2
1.428500E+7,  1.383448E-2
1.429125E+7,  1.293802E-2
1.429750E+7,  1.219511E-2
1.430375E+7,  1.145077E-2
1.431000E+7,  1.080370E-2
1.431625E+7,  1.018572E-2
1.432250E+7,  9.601593E-3
1.432875E+7,  9.076595E-3
1.433500E+7,  8.613110E-3
1.434125E+7,  8.173466E-3
1.434750E+7,  7.755280E-3
1.435375E+7,  7.389307E-3
1.436000E+7,  7.008076E-3
1.436625E+7,  6.657839E-3
1.437250E+7,  6.375313E-3
1.437875E+7,  6.067276E-3
1.438500E+7,  5.784512E-3
1.439125E+7,  5.528927E-3
1.439750E+7,  5.292654E-3
1.440375E+7,  5.065918E-3
1.441000E+7,  4.853010E-3
1.441625E+7,  4.629135E-3
1.442250E+7,  4.446507E-3
1.442875E+7,  4.256487E-3
1.443500E+7,  4.082680E-3
1.444125E+7,  3.934383E-3
1.444750E+7,  3.766775E-3
1.445375E+7,  3.622174E-3
1.446000E+7,  3.478289E-3
1.446625E+7,  3.354549E-3
1.447250E+7,  3.238797E-3
1.447875E+7,  3.098011E-3
1.448500E+7,  2.980351E-3
1.449125E+7,  2.883434E-3
1.449750E+7,  2.787828E-3
1.450375E+7,  2.681851E-3
1.451000E+7,  2.584100E-3
1.451625E+7,  2.468467E-3
1.452250E+7,  2.398252E-3
1.452875E+7,  2.333999E-3
1.453500E+7,  2.223492E-3
1.454125E+7,  2.150416E-3
1.454750E+7,  2.102375E-3
1.455375E+7,  2.012849E-3
1.456000E+7,  1.965761E-3
1.456625E+7,  1.889467E-3
1.457250E+7,  1.809895E-3
1.457875E+7,  1.750827E-3
1.458500E+7,  1.703262E-3
1.459125E+7,  1.652598E-3
1.459750E+7,  1.599252E-3
1.460375E+7,  1.543820E-3
1.461000E+7,  1.489520E-3
1.461625E+7,  1.456559E-3
1.462250E+7,  1.388311E-3
1.462875E+7,  1.364112E-3
1.463500E+7,  1.302302E-3
1.464125E+7,  1.271367E-3
1.464750E+7,  1.239836E-3
1.465375E+7,  1.205027E-3
1.466000E+7,  1.167238E-3
1.466625E+7,  1.133263E-3
1.467250E+7,  1.107216E-3
1.467875E+7,  1.092076E-3
1.468500E+7,  1.053810E-3
1.469125E+7,  1.008093E-3
1.469750E+7,  9.689033E-4
1.470375E+7,  9.465516E-4
1.471000E+7,  9.183586E-4
1.471625E+7,  8.972883E-4
1.472250E+7,  8.579791E-4
1.472875E+7,  8.512437E-4
1.473500E+7,  8.268356E-4
1.474125E+7,  7.871091E-4
1.474750E+7,  7.911325E-4
1.475375E+7,  7.541478E-4
1.476000E+7,  7.144511E-4
1.476625E+7,  7.324219E-4
1.477250E+7,  7.097125E-4
1.477875E+7,  6.998479E-4
1.478500E+7,  6.627440E-4
1.479125E+7,  6.613433E-4
1.479750E+7,  6.228387E-4
1.480375E+7,  6.243885E-4
1.481000E+7,  6.076097E-4
1.481625E+7,  5.643368E-4
1.482250E+7,  5.571544E-4
1.482875E+7,  5.354881E-4
1.483500E+7,  5.263388E-4
1.484125E+7,  5.461872E-4
1.484750E+7,  5.066991E-4
1.485375E+7,  4.914403E-4
1.486000E+7,  4.647523E-4
1.486625E+7,  4.746765E-4
1.487250E+7,  4.389733E-4
1.487875E+7,  4.358441E-4
1.488500E+7,  4.401654E-4
1.489125E+7,  4.246533E-4
1.489750E+7,  4.066229E-4
1.490375E+7,  3.877580E-4
1.491000E+7,  4.098713E-4
1.491625E+7,  3.891587E-4
1.492250E+7,  3.680289E-4
1.492875E+7,  3.583878E-4
1.493500E+7,  3.440529E-4
1.494125E+7,  3.499836E-4
1.494750E+7,  3.111213E-4
1.495375E+7,  3.342628E-4
1.496000E+7,  3.231466E-4
1.496625E+7,  3.326237E-4
1.497250E+7,  3.232658E-4
1.497875E+7,  3.139079E-4
1.498500E+7,  2.923906E-4
1.499125E+7,  2.824217E-4
1.499750E+7,  2.844781E-4
1.500375E+7,  2.658218E-4
1.501000E+7,  2.762377E-4
1.501625E+7,  2.747625E-4
1.502250E+7,  2.408177E-4
1.502875E+7,  2.618581E-4
1.503500E+7,  2.362356E-4
1.504125E+7,  2.476126E-4
1.504750E+7,  2.397597E-4
1.505375E+7,  2.115220E-4
1.506000E+7,  2.348199E-4
1.506625E+7,  2.227426E-4
1.507250E+7,  2.067015E-4
1.507875E+7,  2.246052E-4
1.508500E+7,  1.942217E-4
1.509125E+7,  1.885965E-4
1.509750E+7,  1.601130E-4
1.510375E+7,  2.013072E-4
1.511000E+7,  1.848638E-4
1.511625E+7,  1.682863E-4
1.512250E+7,  1.656115E-4
1.512875E+7,  1.828000E-4
1.513500E+7,  1.673549E-4
1.514125E+7,  1.738518E-4
1.514750E+7,  1.581460E-4
1.515375E+7,  1.669750E-4
1.516000E+7,  1.386479E-4
1.516625E+7,  1.416579E-4
1.517250E+7,  1.658127E-4
1.517875E+7,  1.620725E-4
1.518500E+7,  1.457185E-4
1.519125E+7,  1.320541E-4
1.519750E+7,  1.192354E-4
1.520375E+7,  1.525208E-4
1.521000E+7,  1.377389E-4
1.521625E+7,  1.346990E-4
1.522250E+7,  1.372173E-4
1.522875E+7,  1.337230E-4
1.523500E+7,  1.236275E-4
1.524125E+7,  1.517460E-4
1.524750E+7,  1.040250E-4
1.525375E+7,  1.042299E-4
1.526000E+7,  1.230091E-4
1.526625E+7,  1.238137E-4
1.527250E+7,  9.853020E-5
1.527875E+7,  9.928271E-5
1.528500E+7,  1.129769E-4
1.529125E+7,  1.085699E-4
1.529750E+7,  1.012646E-4
1.530375E+7,  1.139306E-4
1.531000E+7,  9.309128E-5
1.531625E+7,  8.070469E-5
1.532250E+7,  9.941682E-5
1.532875E+7,  8.909032E-5
1.533500E+7,  7.802248E-5
1.534125E+7,  1.153275E-4
1.534750E+7,  8.306280E-5
1.535375E+7,  8.422136E-5
1.536000E+7,  5.209260E-5
1.536625E+7,  1.053326E-4
1.537250E+7,  7.234141E-5
1.537875E+7,  7.310882E-5
1.538500E+7,  7.099286E-5
1.539125E+7,  8.055195E-5
1.539750E+7,  8.792430E-5
1.540375E+7,  8.589774E-5
1.541000E+7,  6.929785E-5
1.541625E+7,  8.533522E-5
1.542250E+7,  4.726276E-5
1.542875E+7,  7.623807E-5
1.543500E+7,  6.135553E-5
1.544125E+7,  6.662309E-5
1.544750E+7,  8.019060E-5
1.545375E+7,  6.143376E-5
1.546000E+7,  5.673431E-5
1.546625E+7,  4.539080E-5
1.547250E+7,  3.991649E-5
1.547875E+7,  4.684553E-5
1.548500E+7,  5.953573E-5
1.549125E+7,  4.314259E-5
1.549750E+7,  6.895885E-5
1.550375E+7,  5.532615E-5
1.551000E+7,  3.704429E-5
1.551625E+7,  7.027760E-5
1.552250E+7,  4.134513E-5
1.552875E+7,  5.081482E-5
1.553500E+7,  3.978238E-5
1.554125E+7,  6.717816E-5
1.554750E+7,  3.772415E-5
1.555375E+7,  4.952587E-5
1.556000E+7,  6.541237E-5
1.556625E+7,  7.805973E-5
1.557250E+7,  3.093667E-5
1.557875E+7,  6.933510E-5
1.558500E+7,  2.484396E-5
1.559125E+7,  2.581347E-5
1.559750E+7,  3.266521E-5
1.560375E+7,  4.194677E-5
1.561000E+7,  8.104835E-6
1.561625E+7,  4.102709E-6
1.562250E+7,  2.934504E-5
1.562875E+7,  3.299676E-5
1.563500E+7,  3.578141E-5
1.564125E+7,  2.339669E-5
1.564750E+7,  3.264286E-5
1.565375E+7,  4.257634E-5
1.566000E+7,  2.568401E-5
1.566625E+7,  5.248562E-5
1.567250E+7,  2.308190E-5
1.567875E+7,  4.614145E-5
1.568500E+7,  2.990197E-5
1.569125E+7,  3.768876E-5
1.569750E+7,  1.146831E-5
1.570375E+7,  2.412684E-5
1.571000E+7,  2.308562E-5
1.571625E+7,  1.368951E-5
1.572250E+7,  1.372537E-5
1.572875E+7,  2.769381E-5
1.573500E+7,  2.276059E-5
1.574125E+7,  1.891702E-5
1.574750E+7,  2.760161E-5
1.575375E+7,  3.864244E-5
1.576000E+7,  1.892634E-5
1.576625E+7,  3.396347E-5
1.577250E+7,  7.583061E-6
1.577875E+7,  2.275314E-5
1.578500E+7,  2.658181E-5
1.579125E+7,  2.762862E-5
1.579750E+7,  3.859401E-5
1.580375E+7,  1.363643E-5
1.581000E+7,  1.558848E-5
1.581625E+7,  3.769621E-5
1.582250E+7,  2.031401E-5
1.582875E+7,  3.194436E-5
1.583500E+7,  1.066038E-5
1.584125E+7,  3.392436E-5
1.584750E+7,  2.414174E-5
1.585375E+7,  3.761146E-6
1.586000E+7,  1.064176E-5
1.586625E+7,  3.194995E-5
1.587250E+7,  7.521594E-6
1.587875E+7,  2.407748E-5
1.588500E+7,  1.503620E-5
1.589125E+7,  1.880713E-5
1.589750E+7,  1.876615E-5
1.590375E+7,  8.390285E-6
1.591000E+7,  3.026705E-5
1.591625E+7,  7.498078E-6
1.592250E+7,  8.384697E-6
1.592875E+7,  7.499708E-6
1.593500E+7,  7.495517E-6
1.594125E+7,  2.278946E-5
1.594750E+7,  1.673214E-5
1.595375E+7,  7.485272E-6
1.596000E+7,  7.480150E-6
1.596625E+7,  2.698880E-5
1.597250E+7,  3.745197E-6
1.597875E+7,  3.088079E-5
1.598500E+7,  2.923422E-5
1.599125E+7,  6.300240E-10
1.599750E+7,  1.122197E-5
1.600375E+7,  1.106374E-4
1.601000E+7,  1.332164E-4
1.601625E+7,  1.120828E-4
1.602250E+7,  5.484000E-5
1.602875E+7,  8.635595E-5
1.603500E+7,  1.817755E-5
1.604125E+7,  6.327406E-5
1.604750E+7,  4.904531E-5
1.605375E+7,  5.543418E-5
1.606000E+7,  7.480755E-5
1.606625E+7,  1.284257E-4
1.607250E+7,  4.906021E-5
1.607875E+7,  2.436060E-5
1.608500E+7,  6.953627E-5
1.609125E+7,  4.375912E-5
1.609750E+7,  1.625065E-5
1.610375E+7,  7.490814E-5
1.611000E+7,  8.288026E-5
1.611625E+7,  7.517263E-5
1.612250E+7,  1.163594E-4
1.612875E+7,  5.745701E-5
1.613500E+7,  2.871151E-6
1.614125E+7,  6.946549E-5
1.614750E+7,  3.211200E-5
1.615375E+7,  4.180335E-5
1.616000E+7,  6.627664E-5
1.616625E+7,  1.036096E-5
1.617250E+7,  2.873316E-5
1.617875E+7,  3.909133E-5
1.618500E+7,  1.290143E-4
1.619125E+7,  5.081296E-5
1.619750E+7,  4.144944E-5
1.620375E+7,  1.005568E-4
1.621000E+7,  5.301833E-5
1.621625E+7,  1.419038E-4
1.622250E+7,  1.149289E-4
1.622875E+7,  1.310334E-4
1.623500E+7,  1.723506E-5
1.624125E+7,  1.144521E-4
1.624750E+7,  2.074055E-5
1.625375E+7,  1.550689E-4
1.626000E+7,  5.900115E-5
1.626625E+7,  1.216196E-4
1.627250E+7,  9.353086E-5
1.627875E+7,  9.563938E-5
1.628500E+7,  3.507175E-5
1.629125E+7,  3.215857E-5
1.629750E+7,  7.497892E-5
1.630375E+7,  6.551296E-5
1.631000E+7,  4.148670E-5
1.631625E+7,  9.559840E-5
1.632250E+7,  5.175546E-5
1.632875E+7,  9.959564E-5
1.633500E+7,  9.557977E-5
1.634125E+7,  1.213178E-4
1.634750E+7,  1.326278E-4
1.635375E+7,  2.873410E-5
1.636000E+7,  8.091703E-5
1.636625E+7,  1.363605E-4
1.637250E+7,  4.500337E-5
1.637875E+7,  4.634447E-5
1.638500E+7,  8.006021E-5
1.639125E+7,  4.948489E-5
1.639750E+7,  6.385520E-5
1.640375E+7,  5.928427E-5
1.641000E+7,  7.553399E-5
1.641625E+7,  1.587570E-4
1.642250E+7,  2.094824E-5
1.642875E+7,  5.927123E-5
1.643500E+7,  4.490092E-5
1.644125E+7,  1.331791E-4
1.644750E+7,  3.874861E-5
1.645375E+7,  3.558025E-5
1.646000E+7,  5.761907E-5
1.646625E+7,  7.147714E-5
1.647250E+7,  5.458295E-5
1.647875E+7,  4.384294E-5
1.648500E+7,  1.185481E-5
1.649125E+7,  4.467368E-5
1.649750E+7,  6.514415E-5
1.650375E+7,  1.287321E-5
1.651000E+7,  6.183982E-5
1.651625E+7,  3.609434E-5
1.652250E+7,  6.434321E-5
1.652875E+7,  6.850064E-5
1.653500E+7,  2.937671E-5
1.654125E+7,  4.654191E-5
1.654750E+7,  1.629815E-5
1.655375E+7,  7.578731E-5
1.656000E+7,  4.506670E-5
1.656625E+7,  5.155243E-5
1.657250E+7,  7.866696E-5
1.657875E+7,  2.017710E-5
1.658500E+7,  3.868341E-5
1.659125E+7,  4.326180E-5
1.659750E+7,  1.096167E-4
1.660375E+7,  6.014295E-5
1.661000E+7,  6.571785E-5
1.661625E+7,  1.665428E-4
1.662250E+7,  1.251921E-4
1.662875E+7,  2.840441E-5
1.663500E+7,  1.754984E-5
1.664125E+7,  5.038455E-5
1.664750E+7,  9.676814E-5
1.665375E+7,  5.424023E-5
1.666000E+7,  1.627281E-4
1.666625E+7,  4.050136E-5
1.667250E+7,  8.321926E-5
1.667875E+7,  5.772710E-5
1.668500E+7,  6.025843E-5
1.669125E+7,  4.286319E-5
1.669750E+7,  4.052371E-5
1.670375E+7,  5.717762E-5
1.671000E+7,  1.905262E-4
1.671625E+7,  1.064911E-4
1.672250E+7,  9.522587E-5
1.672875E+7,  1.354441E-4
1.673500E+7,  1.217946E-4
1.674125E+7,  9.293109E-5
1.674750E+7,  7.581338E-5
1.675375E+7,  3.468990E-5
1.676000E+7,  2.083275E-5
1.676625E+7,  1.939386E-5
1.677250E+7,  4.764460E-5
1.677875E+7,  5.783886E-5
1.678500E+7,  7.383525E-5
1.679125E+7,  6.870180E-5
1.679750E+7,  1.341328E-4
1.680375E+7,  5.234405E-5
1.681000E+7,  1.555961E-5
1.681625E+7,  3.702007E-5
1.682250E+7,  1.033098E-4
1.682875E+7,  6.732717E-5
1.683500E+7,  6.229430E-5
1.684125E+7,  1.073889E-4
1.684750E+7,  2.384745E-5
1.685375E+7,  5.761907E-5
1.686000E+7,  3.273413E-5
1.686625E+7,  6.986782E-5
1.687250E+7,  8.106977E-5
1.687875E+7,  4.708953E-5
1.688500E+7,  6.469712E-5
1.689125E+7,  7.179379E-5
1.689750E+7,  1.166426E-4
1.690375E+7,  1.281798E-4
1.691000E+7,  6.353110E-5
1.691625E+7,  1.437664E-4
1.692250E+7,  1.838729E-4
1.692875E+7,  1.024082E-4
1.693500E+7,  1.101345E-4
1.694125E+7,  6.999448E-5
1.694750E+7,  7.909909E-5
1.695375E+7,  3.888272E-5
1.696000E+7,  1.068711E-4
1.696625E+7,  5.972013E-5
1.697250E+7,  1.340583E-4
1.697875E+7,  1.668930E-4
1.698500E+7,  3.098100E-4
1.699125E+7,  3.136508E-5
1.699750E+7,  2.110191E-5
1.700375E+7,  1.020245E-4
1.701000E+7,  1.913160E-4
1.701625E+7,  1.324043E-4
1.702250E+7,  8.781254E-5
1.702875E+7,  1.296625E-4
1.703500E+7,  8.783117E-5
1.704125E+7,  8.241832E-5
1.704750E+7,  9.966642E-5
1.705375E+7,  7.136166E-5
1.706000E+7,  3.892183E-5
1.706625E+7,  1.088679E-4
1.707250E+7,  1.271144E-4
1.707875E+7,  9.304658E-5
1.708500E+7,  1.717433E-4
1.709125E+7,  1.143329E-4
1.709750E+7,  2.004281E-4
1.710375E+7,  3.030058E-5
1.711000E+7,  5.354173E-5
1.711625E+7,  7.016212E-5
1.712250E+7,  9.453297E-5
1.712875E+7,  8.888170E-5
1.713500E+7,  9.646639E-5
1.714125E+7,  3.904849E-5
1.714750E+7,  6.753579E-5
1.715375E+7,  4.789419E-5
1.716000E+7,  7.997081E-5
1.716625E+7,  3.895722E-5
1.717250E+7,  5.921349E-5
1.717875E+7,  5.196966E-5
1.718500E+7,  8.767471E-5
1.719125E+7,  3.673322E-5
1.719750E+7,  1.131818E-4
1.720375E+7,  7.648766E-5
1.721000E+7,  6.425753E-5
1.721625E+7,  2.907310E-5
1.722250E+7,  7.583201E-5
1.722875E+7,  4.652701E-5
1.723500E+7,  3.537908E-5
1.724125E+7,  1.172721E-4
1.724750E+7,  1.313537E-4
1.725375E+7,  5.643256E-5
1.726000E+7,  7.762760E-5
1.726625E+7,  9.034202E-5
1.727250E+7,  8.380041E-5
1.727875E+7,  6.783754E-5
1.728500E+7,  7.615611E-5
1.729125E+7,  7.764995E-5
1.729750E+7,  6.292760E-5
1.730375E+7,  6.996095E-5
1.731000E+7,  1.694188E-4
1.731625E+7,  7.088855E-5
1.732250E+7,  4.238635E-5
1.732875E+7,  6.001070E-5
1.733500E+7,  6.510317E-5
1.734125E+7,  3.916956E-5
1.734750E+7,  1.582503E-4
1.735375E+7,  1.864135E-5
1.736000E+7,  1.049833E-5
1.736625E+7,  7.648766E-5
1.737250E+7,  1.032017E-4
1.737875E+7,  3.733300E-5
1.738500E+7,  9.393319E-5
1.739125E+7,  1.907349E-4
1.739750E+7,  1.409724E-4
1.740375E+7,  1.905635E-4
1.741000E+7,  1.570396E-5
1.741625E+7,  1.377985E-4
1.742250E+7,  6.647035E-5
1.742875E+7,  7.382780E-5
1.743500E+7,  1.257956E-4
1.744125E+7,  1.643524E-4
1.744750E+7,  2.931524E-5
1.745375E+7,  4.853122E-5
1.746000E+7,  3.400631E-5
1.746625E+7,  2.916344E-5
1.747250E+7,  3.403239E-5
1.747875E+7,  3.259815E-5
1.748500E+7,  7.605180E-5
1.749125E+7,  1.274869E-4
1.749750E+7,  6.559119E-5
1.750375E+7,  8.418411E-5
1.751000E+7,  9.124354E-5
1.751625E+7,  2.874341E-5
1.752250E+7,  5.574524E-5
1.752875E+7,  6.838515E-5
1.753500E+7,  3.613532E-5
1.754125E+7,  1.391396E-4
1.754750E+7,  1.358613E-4
1.755375E+7,  4.711747E-5
1.756000E+7,  3.157742E-5
1.756625E+7,  1.133345E-4
1.757250E+7,  4.129671E-5
1.757875E+7,  2.627261E-5
1.758500E+7,  1.053652E-5
1.759125E+7,  3.555417E-5
1.759750E+7,  1.170114E-4
1.760375E+7,  8.762628E-5
1.761000E+7,  6.564334E-5
1.761625E+7,  1.223832E-4
1.762250E+7,  3.516860E-5
1.762875E+7,  4.991703E-5
1.763500E+7,  1.306087E-5
1.764125E+7,  7.846951E-5
1.764750E+7,  1.935735E-4
1.765375E+7,  5.519204E-5
1.766000E+7,  8.676946E-5
1.766625E+7,  6.280467E-5
1.767250E+7,  1.634508E-4
1.767875E+7,  1.467466E-4
1.768500E+7,  5.549937E-5
1.769125E+7,  9.726733E-5
1.769750E+7,  1.182668E-4
1.770375E+7,  9.779260E-5
1.771000E+7,  6.669760E-5
1.771625E+7,  7.953495E-5
1.772250E+7,  5.036779E-5
1.772875E+7,  2.698135E-5
1.773500E+7,  1.347363E-4
1.774125E+7,  7.809699E-5
1.774750E+7,  9.586290E-5
1.775375E+7,  1.111254E-4
1.776000E+7,  1.242086E-4
1.776625E+7,  1.747459E-4
1.777250E+7,  6.256625E-5
1.777875E+7,  7.499754E-5
1.778500E+7,  5.856715E-5
1.779125E+7,  1.007281E-4
1.779750E+7,  6.473809E-5
1.780375E+7,  1.090690E-4
1.781000E+7,  1.087934E-4
1.781625E+7,  4.459731E-5
1.782250E+7,  4.393980E-5
1.782875E+7,  1.402125E-4
1.783500E+7,  6.453320E-5
1.784125E+7,  1.209229E-5
1.784750E+7,  1.252741E-4
1.785375E+7,  8.392334E-5
1.786000E+7,  6.968156E-5
1.786625E+7,  3.568456E-5
1.787250E+7,  1.155734E-4
1.787875E+7,  4.725531E-5
1.788500E+7,  4.476309E-5
1.789125E+7,  6.812438E-5
1.789750E+7,  4.730374E-5
1.790375E+7,  1.209462E-5
1.791000E+7,  5.384535E-5
1.791625E+7,  2.364628E-5
1.792250E+7,  2.932455E-5
1.792875E+7,  6.119907E-5
1.793500E+7,  3.708899E-5
1.794125E+7,  1.405701E-4
1.794750E+7,  4.779361E-5
1.795375E+7,  1.032427E-4
1.796000E+7,  8.267537E-5
1.796625E+7,  5.281530E-5
1.797250E+7,  6.241724E-5
1.797875E+7,  7.518008E-5
1.798500E+7,  5.985051E-5
1.799125E+7,  7.200241E-5
1.799750E+7,  8.893013E-5
1.800375E+7,  5.574711E-5
1.801000E+7,  7.164478E-5
1.801625E+7,  1.058355E-5
1.802250E+7,  1.880247E-5
1.802875E+7,  1.058448E-5
1.803500E+7,  1.341775E-4
1.804125E+7,  1.416877E-4
1.804750E+7,  1.468360E-4
1.805375E+7,  5.296059E-5
1.806000E+7,  7.058680E-5
1.806625E+7,  1.108125E-4
1.807250E+7,  3.536604E-5
1.807875E+7,  1.377091E-4
1.808500E+7,  1.857709E-5
1.809125E+7,  6.706640E-5
1.809750E+7,  1.600385E-4
1.810375E+7,  5.852804E-5
1.811000E+7,  1.218133E-4
1.811625E+7,  1.451895E-4
1.812250E+7,  5.490147E-5
1.812875E+7,  9.370595E-5
1.813500E+7,  6.574392E-5
1.814125E+7,  2.067238E-4
1.814750E+7,  3.182143E-5
1.815375E+7,  7.845461E-5
1.816000E+7,  3.456026E-4
1.816625E+7,  1.237020E-4
1.817250E+7,  1.102388E-4
1.817875E+7,  5.418435E-5
1.818500E+7,  1.712143E-4
1.819125E+7,  7.694587E-5
1.819750E+7,  1.510680E-4
1.820375E+7,  6.864965E-5
1.821000E+7,  2.776645E-5
1.821625E+7,  2.424512E-5
1.822250E+7,  3.638677E-5
1.822875E+7,  9.072945E-5
1.823500E+7,  6.257370E-5
1.824125E+7,  5.923770E-5
1.824750E+7,  2.777111E-5
1.825375E+7,  6.063469E-5
1.826000E+7,  1.153275E-4
1.826625E+7,  6.483495E-5
1.827250E+7,  5.530380E-5
1.827875E+7,  9.424239E-5
1.828500E+7,  5.956553E-5
1.829125E+7,  7.678941E-5
1.829750E+7,  1.885276E-5
1.830375E+7,  6.487221E-5
1.831000E+7,  4.454702E-5
1.831625E+7,  9.844452E-5
1.832250E+7,  8.703023E-5
1.832875E+7,  4.135258E-5
1.833500E+7,  6.878749E-5
1.834125E+7,  6.903335E-5
1.834750E+7,  7.123128E-5
1.835375E+7,  5.339459E-5
1.836000E+7,  2.374873E-5
1.836625E+7,  1.268536E-4
1.837250E+7,  2.716575E-5
1.837875E+7,  1.668092E-5
1.838500E+7,  5.963631E-5
1.839125E+7,  6.648153E-5
1.839750E+7,  8.983165E-5
1.840375E+7,  1.148395E-4
1.841000E+7,  8.676946E-5
1.841625E+7,  1.344532E-4
1.842250E+7,  4.837103E-5
1.842875E+7,  1.534522E-4
1.843500E+7,  1.178794E-4
1.844125E+7,  5.633011E-5
1.844750E+7,  7.759780E-5
1.845375E+7,  6.275252E-5
1.846000E+7,  6.598420E-6
1.846625E+7,  9.479374E-5
1.847250E+7,  3.177859E-5
1.847875E+7,  8.638948E-5
1.848500E+7,  1.244843E-4
1.849125E+7,  7.921830E-5
1.849750E+7,  9.394437E-5
1.850375E+7,  4.866347E-5
1.851000E+7,  6.500259E-5
1.851625E+7,  7.762760E-5
1.852250E+7,  1.403093E-4
1.852875E+7,  1.122132E-4
1.853500E+7,  1.183562E-4
1.854125E+7,  1.004301E-4
1.854750E+7,  1.304969E-4
1.855375E+7,  6.315485E-5
1.856000E+7,  6.167218E-5