SAVED BY: 
TITLE: 
COMMENTS: 
DATE: 10/27/2020
TIME: 3:17 PM

STIMULUS, RESPONSE

8.560000E+6,  1.579449E-4
8.566250E+6,  1.802072E-4
8.572500E+6,  1.716986E-4
8.578750E+6,  1.617000E-4
8.585000E+6,  1.705587E-4
8.591250E+6,  1.597777E-4
8.597500E+6,  1.767948E-4
8.603750E+6,  1.699477E-4
8.610000E+6,  1.904964E-4
8.616250E+6,  1.635700E-4
8.622500E+6,  1.682192E-4
8.628750E+6,  1.920238E-4
8.635000E+6,  1.870617E-4
8.641250E+6,  1.905113E-4
8.647500E+6,  1.834854E-4
8.653750E+6,  1.809001E-4
8.660000E+6,  1.739487E-4
8.666250E+6,  1.905188E-4
8.672500E+6,  1.889765E-4
8.678750E+6,  1.694411E-4
8.685000E+6,  1.906604E-4
8.691250E+6,  1.888350E-4
8.697500E+6,  1.801327E-4
8.703750E+6,  1.835600E-4
8.710000E+6,  1.767874E-4
8.716250E+6,  1.959130E-4
8.722500E+6,  1.754463E-4
8.728750E+6,  1.940727E-4
8.735000E+6,  1.880825E-4
8.741250E+6,  1.925528E-4
8.747500E+6,  1.787543E-4
8.753750E+6,  1.862571E-4
8.760000E+6,  1.954734E-4
8.766250E+6,  1.807362E-4
8.772500E+6,  1.864508E-4
8.778750E+6,  1.960844E-4
8.785000E+6,  2.006441E-4
8.791250E+6,  2.145693E-4
8.797500E+6,  1.836121E-4
8.803750E+6,  1.787692E-4
8.810000E+6,  2.075955E-4
8.816250E+6,  1.856089E-4
8.822500E+6,  1.788884E-4
8.828750E+6,  1.975521E-4
8.835000E+6,  1.879111E-4
8.841250E+6,  1.923665E-4
8.847500E+6,  1.787394E-4
8.853750E+6,  1.912639E-4
8.860000E+6,  1.787618E-4
8.866250E+6,  2.092272E-4
8.872500E+6,  1.877174E-4
8.878750E+6,  2.076030E-4
8.885000E+6,  1.994744E-4
8.891250E+6,  1.705289E-4
8.897500E+6,  1.925305E-4
8.903750E+6,  1.843795E-4
8.910000E+6,  2.043694E-4
8.916250E+6,  2.018064E-4
8.922500E+6,  1.880452E-4
8.928750E+6,  2.017543E-4
8.935000E+6,  2.176240E-4
8.941250E+6,  1.992360E-4
8.947500E+6,  2.081543E-4
8.953750E+6,  2.057329E-4
8.960000E+6,  1.960173E-4
8.966250E+6,  2.148077E-4
8.972500E+6,  1.934618E-4
8.978750E+6,  1.926348E-4
8.985000E+6,  2.009422E-4
8.991250E+6,  2.136081E-4
8.997500E+6,  2.044588E-4
9.003750E+6,  2.009794E-4
9.010000E+6,  2.042726E-4
9.016250E+6,  2.134442E-4
9.022500E+6,  2.167076E-4
9.028750E+6,  2.089962E-4
9.035000E+6,  2.123490E-4
9.041250E+6,  2.167672E-4
9.047500E+6,  1.989156E-4
9.053750E+6,  1.965612E-4
9.060000E+6,  1.958758E-4
9.066250E+6,  2.196953E-4
9.072500E+6,  2.009869E-4
9.078750E+6,  2.124831E-4
9.085000E+6,  2.019256E-4
9.091250E+6,  2.079234E-4
9.097500E+6,  2.072975E-4
9.103750E+6,  2.111867E-4
9.110000E+6,  2.101436E-4
9.116250E+6,  2.204627E-4
9.122500E+6,  2.317429E-4
9.128750E+6,  2.157614E-4
9.135000E+6,  2.116635E-4
9.141250E+6,  2.204329E-4
9.147500E+6,  2.159625E-4
9.153750E+6,  2.318695E-4
9.160000E+6,  2.048090E-4
9.166250E+6,  2.168044E-4
9.172500E+6,  2.149120E-4
9.178750E+6,  2.326891E-4
9.185000E+6,  2.035201E-4
9.191250E+6,  2.229586E-4
9.197500E+6,  2.077892E-4
9.203750E+6,  2.284348E-4
9.210000E+6,  2.039522E-4
9.216250E+6,  2.151281E-4
9.222500E+6,  2.351627E-4
9.228750E+6,  2.265349E-4
9.235000E+6,  1.974180E-4
9.241250E+6,  2.241880E-4
9.247500E+6,  2.109557E-4
9.253750E+6,  2.363026E-4
9.260000E+6,  2.178177E-4
9.266250E+6,  2.523363E-4
9.272500E+6,  2.290905E-4
9.278750E+6,  2.218783E-4
9.285000E+6,  2.207607E-4
9.291250E+6,  2.207682E-4
9.297500E+6,  2.347231E-4
9.303750E+6,  2.270564E-4
9.310000E+6,  2.182797E-4
9.316250E+6,  2.288818E-4
9.322500E+6,  2.253056E-4
9.328750E+6,  2.395883E-4
9.335000E+6,  2.325326E-4
9.341250E+6,  2.297536E-4
9.347500E+6,  2.394766E-4
9.353750E+6,  2.359450E-4
9.360000E+6,  2.299100E-4
9.366250E+6,  2.438501E-4
9.372500E+6,  2.289563E-4
9.378750E+6,  2.569109E-4
9.385000E+6,  2.296120E-4
9.391250E+6,  2.535731E-4
9.397500E+6,  2.487451E-4
9.403750E+6,  2.219230E-4
9.410000E+6,  2.113059E-4
9.416250E+6,  2.323911E-4
9.422500E+6,  2.473891E-4
9.428750E+6,  2.324358E-4
9.435000E+6,  2.364218E-4
9.441250E+6,  2.488196E-4
9.447500E+6,  2.360344E-4
9.453750E+6,  2.445132E-4
9.460000E+6,  2.475083E-4
9.466250E+6,  2.608448E-4
9.472500E+6,  2.500564E-4
9.478750E+6,  2.364218E-4
9.485000E+6,  2.611130E-4
9.491250E+6,  2.571791E-4
9.497500E+6,  2.498627E-4
9.503750E+6,  2.465993E-4
9.510000E+6,  2.537519E-4
9.516250E+6,  2.536774E-4
9.522500E+6,  2.538860E-4
9.528750E+6,  2.396926E-4
9.535000E+6,  2.372637E-4
9.541250E+6,  2.472252E-4
9.547500E+6,  2.433583E-4
9.553750E+6,  2.618134E-4
9.560000E+6,  2.576411E-4
9.566250E+6,  2.615750E-4
9.572500E+6,  2.434179E-4
9.578750E+6,  2.645105E-4
9.585000E+6,  2.363473E-4
9.591250E+6,  2.613217E-4
9.597500E+6,  2.433285E-4
9.603750E+6,  2.713203E-4
9.610000E+6,  2.715737E-4
9.616250E+6,  2.643764E-4
9.622500E+6,  2.681613E-4
9.628750E+6,  2.612174E-4
9.635000E+6,  2.541095E-4
9.641250E+6,  2.930909E-4
9.647500E+6,  2.855957E-4
9.653750E+6,  2.891272E-4
9.660000E+6,  2.646744E-4
9.666250E+6,  2.717823E-4
9.672500E+6,  2.681911E-4
9.678750E+6,  2.858043E-4
9.685000E+6,  2.577752E-4
9.691250E+6,  2.494901E-4
9.697500E+6,  2.684444E-4
9.703750E+6,  2.618581E-4
9.710000E+6,  2.651513E-4
9.716250E+6,  2.753735E-4
9.722500E+6,  2.680719E-4
9.728750E+6,  2.790093E-4
9.735000E+6,  2.613962E-4
9.741250E+6,  2.789199E-4
9.747500E+6,  2.617538E-4
9.753750E+6,  2.822578E-4
9.760000E+6,  2.792925E-4
9.766250E+6,  2.894998E-4
9.772500E+6,  2.650321E-4
9.778750E+6,  2.933592E-4
9.785000E+6,  2.861023E-4
9.791250E+6,  2.829283E-4
9.797500E+6,  2.650619E-4
9.803750E+6,  2.900064E-4
9.810000E+6,  3.009737E-4
9.816250E+6,  3.109276E-4
9.822500E+6,  2.696067E-4
9.828750E+6,  2.830923E-4
9.835000E+6,  2.868474E-4
9.841250E+6,  2.831072E-4
9.847500E+6,  2.865791E-4
9.853750E+6,  2.935231E-4
9.860000E+6,  3.004968E-4
9.866250E+6,  3.113747E-4
9.872500E+6,  2.907515E-4
9.878750E+6,  2.866089E-4
9.885000E+6,  2.949238E-4
9.891250E+6,  2.946854E-4
9.897500E+6,  3.053099E-4
9.903750E+6,  2.972037E-4
9.910000E+6,  2.866089E-4
9.916250E+6,  3.043711E-4
9.922500E+6,  2.976507E-4
9.928750E+6,  2.976805E-4
9.935000E+6,  3.121495E-4
9.941250E+6,  2.973676E-4
9.947500E+6,  3.012568E-4
9.953750E+6,  3.230721E-4
9.960000E+6,  3.010482E-4
9.966250E+6,  3.010631E-4
9.972500E+6,  2.942532E-4
9.978750E+6,  3.226250E-4
9.985000E+6,  2.868325E-4
9.991250E+6,  3.119260E-4
9.997500E+6,  3.192574E-4
1.000375E+7,  3.191978E-4
1.001000E+7,  3.269464E-4
1.001625E+7,  3.119409E-4
1.002250E+7,  3.189594E-4
1.002875E+7,  3.108829E-4
1.003500E+7,  3.194064E-4
1.004125E+7,  3.390610E-4
1.004750E+7,  3.299117E-4
1.005375E+7,  3.088713E-4
1.006000E+7,  3.160685E-4
1.006625E+7,  3.160685E-4
1.007250E+7,  3.084838E-4
1.007875E+7,  3.216267E-4
1.008500E+7,  3.378987E-4
1.009125E+7,  3.405660E-4
1.009750E+7,  3.347546E-4
1.010375E+7,  3.372133E-4
1.011000E+7,  3.166199E-4
1.011625E+7,  3.500730E-4
1.012250E+7,  3.491640E-4
1.012875E+7,  3.372282E-4
1.013500E+7,  3.471971E-4
1.014125E+7,  3.305227E-4
1.014750E+7,  3.366619E-4
1.015375E+7,  3.412813E-4
1.016000E+7,  3.499389E-4
1.016625E+7,  3.524870E-4
1.017250E+7,  3.496557E-4
1.017875E+7,  3.414899E-4
1.018500E+7,  3.475696E-4
1.019125E+7,  3.429800E-4
1.019750E+7,  3.447831E-4
1.020375E+7,  3.525317E-4
1.021000E+7,  3.449172E-4
1.021625E+7,  3.500581E-4
1.022250E+7,  3.527105E-4
1.022875E+7,  3.650188E-4
1.023500E+7,  3.515929E-4
1.024125E+7,  3.564209E-4
1.024750E+7,  3.583431E-4
1.025375E+7,  3.607124E-4
1.026000E+7,  3.857166E-4
1.026625E+7,  3.653765E-4
1.027250E+7,  3.442317E-4
1.027875E+7,  3.722906E-4
1.028500E+7,  3.710836E-4
1.029125E+7,  3.782213E-4
1.029750E+7,  3.636777E-4
1.030375E+7,  3.745109E-4
1.031000E+7,  3.664643E-4
1.031625E+7,  3.755540E-4
1.032250E+7,  3.630370E-4
1.032875E+7,  3.569424E-4
1.033500E+7,  3.737211E-4
1.034125E+7,  3.897399E-4
1.034750E+7,  3.781319E-4
1.035375E+7,  3.771484E-4
1.036000E+7,  3.923923E-4
1.036625E+7,  3.679395E-4
1.037250E+7,  3.876835E-4
1.037875E+7,  3.996640E-4
1.038500E+7,  3.933460E-4
1.039125E+7,  3.785640E-4
1.039750E+7,  3.829002E-4
1.040375E+7,  3.979206E-4
1.041000E+7,  3.841668E-4
1.041625E+7,  4.014969E-4
1.042250E+7,  3.644973E-4
1.042875E+7,  4.041046E-4
1.043500E+7,  3.901720E-4
1.044125E+7,  4.218370E-4
1.044750E+7,  4.069507E-4
1.045375E+7,  4.005432E-4
1.046000E+7,  4.050583E-4
1.046625E+7,  4.242957E-4
1.047250E+7,  4.074275E-4
1.047875E+7,  4.100055E-4
1.048500E+7,  3.957301E-4
1.049125E+7,  4.243404E-4
1.049750E+7,  4.007369E-4
1.050375E+7,  4.046559E-4
1.051000E+7,  4.232526E-4
1.051625E+7,  4.325360E-4
1.052250E+7,  4.265010E-4
1.052875E+7,  4.187822E-4
1.053500E+7,  4.230142E-4
1.054125E+7,  4.196465E-4
1.054750E+7,  4.302859E-4
1.055375E+7,  4.191101E-4
1.056000E+7,  4.267097E-4
1.056625E+7,  4.264414E-4
1.057250E+7,  4.302263E-4
1.057875E+7,  4.475117E-4
1.058500E+7,  4.250705E-4
1.059125E+7,  4.213750E-4
1.059750E+7,  4.339516E-4
1.060375E+7,  4.385859E-4
1.061000E+7,  4.337877E-4
1.061625E+7,  4.472286E-4
1.062250E+7,  4.213899E-4
1.062875E+7,  4.520714E-4
1.063500E+7,  4.535615E-4
1.064125E+7,  4.655272E-4
1.064750E+7,  4.301667E-4
1.065375E+7,  4.554689E-4
1.066000E+7,  4.398525E-4
1.066625E+7,  4.645437E-4
1.067250E+7,  4.574358E-4
1.067875E+7,  4.564077E-4
1.068500E+7,  4.527867E-4
1.069125E+7,  4.874766E-4
1.069750E+7,  4.505366E-4
1.070375E+7,  4.661977E-4
1.071000E+7,  4.682243E-4
1.071625E+7,  4.774481E-4
1.072250E+7,  4.740208E-4
1.072875E+7,  4.958212E-4
1.073500E+7,  4.785359E-4
1.074125E+7,  4.902780E-4
1.074750E+7,  4.698336E-4
1.075375E+7,  4.974902E-4
1.076000E+7,  4.734248E-4
1.076625E+7,  4.958212E-4
1.077250E+7,  4.940927E-4
1.077875E+7,  4.963577E-4
1.078500E+7,  4.979372E-4
1.079125E+7,  4.909337E-4
1.079750E+7,  4.954636E-4
1.080375E+7,  5.007684E-4
1.081000E+7,  4.889667E-4
1.081625E+7,  5.010366E-4
1.082250E+7,  5.008876E-4
1.082875E+7,  5.079210E-4
1.083500E+7,  5.029738E-4
1.084125E+7,  5.052090E-4
1.084750E+7,  5.047619E-4
1.085375E+7,  5.200207E-4
1.086000E+7,  5.444586E-4
1.086625E+7,  5.268455E-4
1.087250E+7,  5.337000E-4
1.087875E+7,  5.204082E-4
1.088500E+7,  5.168021E-4
1.089125E+7,  5.272329E-4
1.089750E+7,  5.276203E-4
1.090375E+7,  5.325079E-4
1.091000E+7,  5.593896E-4
1.091625E+7,  5.518794E-4
1.092250E+7,  5.308986E-4
1.092875E+7,  5.394220E-4
1.093500E+7,  5.511940E-4
1.094125E+7,  5.589128E-4
1.094750E+7,  5.571544E-4
1.095375E+7,  5.510747E-4
1.096000E+7,  5.316138E-4
1.096625E+7,  5.622506E-4
1.097250E+7,  5.642772E-4
1.097875E+7,  5.643070E-4
1.098500E+7,  5.699396E-4
1.099125E+7,  5.712807E-4
1.099750E+7,  5.723834E-4
1.100375E+7,  5.973279E-4
1.101000E+7,  5.758107E-4
1.101625E+7,  5.623996E-4
1.102250E+7,  6.035864E-4
1.102875E+7,  5.826056E-4
1.103500E+7,  5.694330E-4
1.104125E+7,  5.972981E-4
1.104750E+7,  5.964935E-4
1.105375E+7,  5.908608E-4
1.106000E+7,  5.868673E-4
1.106625E+7,  5.902052E-4
1.107250E+7,  5.792975E-4
1.107875E+7,  6.012917E-4
1.108500E+7,  6.089509E-4
1.109125E+7,  6.233752E-4
1.109750E+7,  6.121993E-4
1.110375E+7,  6.153584E-4
1.111000E+7,  6.168485E-4
1.111625E+7,  6.318390E-4
1.112250E+7,  6.267130E-4
1.112875E+7,  6.522536E-4
1.113500E+7,  6.250143E-4
1.114125E+7,  6.310344E-4
1.114750E+7,  6.338656E-4
1.115375E+7,  6.415844E-4
1.116000E+7,  6.566644E-4
1.116625E+7,  6.474555E-4
1.117250E+7,  6.650984E-4
1.117875E+7,  6.466806E-4
1.118500E+7,  6.496608E-4
1.119125E+7,  6.915927E-4
1.119750E+7,  6.801188E-4
1.120375E+7,  6.781518E-4
1.121000E+7,  7.010102E-4
1.121625E+7,  7.253885E-4
1.122250E+7,  7.687807E-4
1.122875E+7,  8.242130E-4
1.123500E+7,  8.656979E-4
1.124125E+7,  8.791983E-4
1.124750E+7,  8.733273E-4
1.125375E+7,  8.609295E-4
1.126000E+7,  8.847415E-4
1.126625E+7,  8.460283E-4
1.127250E+7,  9.165406E-4
1.127875E+7,  8.469522E-4
1.128500E+7,  8.628666E-4
1.129125E+7,  8.319020E-4
1.129750E+7,  7.679462E-4
1.130375E+7,  8.372366E-4
1.131000E+7,  8.469820E-4
1.131625E+7,  8.372366E-4
1.132250E+7,  8.795857E-4
1.132875E+7,  8.785725E-4
1.133500E+7,  8.805990E-4
1.134125E+7,  8.458793E-4
1.134750E+7,  8.644760E-4
1.135375E+7,  8.485317E-4
1.136000E+7,  8.232296E-4
1.136625E+7,  8.628964E-4
1.137250E+7,  8.736849E-4
1.137875E+7,  9.115934E-4
1.138500E+7,  8.902848E-4
1.139125E+7,  8.711219E-4
1.139750E+7,  8.578897E-4
1.140375E+7,  8.467436E-4
1.141000E+7,  8.333325E-4
1.141625E+7,  8.549988E-4
1.142250E+7,  8.756518E-4
1.142875E+7,  9.249151E-4
1.143500E+7,  8.987784E-4
1.144125E+7,  8.835793E-4
1.144750E+7,  9.592474E-4
1.145375E+7,  1.017094E-3
1.146000E+7,  1.001656E-3
1.146625E+7,  1.040936E-3
1.147250E+7,  1.026988E-3
1.147875E+7,  9.813309E-4
1.148500E+7,  9.855628E-4
1.149125E+7,  1.085222E-3
1.149750E+7,  1.115084E-3
1.150375E+7,  1.100123E-3
1.151000E+7,  1.098454E-3
1.151625E+7,  1.129627E-3
1.152250E+7,  1.088202E-3
1.152875E+7,  1.046717E-3
1.153500E+7,  9.958148E-4
1.154125E+7,  1.125038E-3
1.154750E+7,  1.144230E-3
1.155375E+7,  1.112640E-3
1.156000E+7,  1.257479E-3
1.156625E+7,  1.266301E-3
1.157250E+7,  1.255870E-3
1.157875E+7,  1.306653E-3
1.158500E+7,  1.410723E-3
1.159125E+7,  1.239061E-3
1.159750E+7,  1.229107E-3
1.160375E+7,  1.352787E-3
1.161000E+7,  1.312613E-3
1.161625E+7,  1.443207E-3
1.162250E+7,  1.505554E-3
1.162875E+7,  1.776218E-3
1.163500E+7,  1.896143E-3
1.164125E+7,  2.094269E-3
1.164750E+7,  2.373338E-3
1.165375E+7,  2.336025E-3
1.166000E+7,  2.190471E-3
1.166625E+7,  2.400398E-3
1.167250E+7,  2.293348E-3
1.167875E+7,  2.319932E-3
1.168500E+7,  2.348423E-3
1.169125E+7,  2.373219E-3
1.169750E+7,  2.357602E-3
1.170375E+7,  2.418876E-3
1.171000E+7,  2.409220E-3
1.171625E+7,  2.452254E-3
1.172250E+7,  2.488375E-3
1.172875E+7,  2.425790E-3
1.173500E+7,  2.469778E-3
1.174125E+7,  2.546310E-3
1.174750E+7,  2.507925E-3
1.175375E+7,  2.610207E-3
1.176000E+7,  2.546310E-3
1.176625E+7,  2.571344E-3
1.177250E+7,  2.649903E-3
1.177875E+7,  2.720356E-3
1.178500E+7,  2.651930E-3
1.179125E+7,  2.658367E-3
1.179750E+7,  2.712488E-3
1.180375E+7,  2.704263E-3
1.181000E+7,  2.704501E-3
1.181625E+7,  2.735496E-3
1.182250E+7,  2.810001E-3
1.182875E+7,  2.784491E-3
1.183500E+7,  2.856493E-3
1.184125E+7,  2.930760E-3
1.184750E+7,  2.896309E-3
1.185375E+7,  2.929449E-3
1.186000E+7,  2.951384E-3
1.186625E+7,  2.973676E-3
1.187250E+7,  2.983689E-3
1.187875E+7,  3.014326E-3
1.188500E+7,  3.060579E-3
1.189125E+7,  3.130078E-3
1.189750E+7,  3.111362E-3
1.190375E+7,  3.143430E-3
1.191000E+7,  3.181338E-3
1.191625E+7,  3.208637E-3
1.192250E+7,  3.190517E-3
1.192875E+7,  3.256202E-3
1.193500E+7,  3.272057E-3
1.194125E+7,  3.277659E-3
1.194750E+7,  3.307700E-3
1.195375E+7,  3.337860E-3
1.196000E+7,  3.368378E-3
1.196625E+7,  3.397822E-3
1.197250E+7,  3.444552E-3
1.197875E+7,  3.439188E-3
1.198500E+7,  3.505230E-3
1.199125E+7,  3.522277E-3
1.199750E+7,  3.512621E-3
1.200375E+7,  3.605247E-3
1.201000E+7,  3.568292E-3
1.201625E+7,  3.631115E-3
1.202250E+7,  3.672838E-3
1.202875E+7,  3.678918E-3
1.203500E+7,  3.706694E-3
1.204125E+7,  3.717184E-3
1.204750E+7,  3.709435E-3
1.205375E+7,  3.782868E-3
1.206000E+7,  3.716588E-3
1.206625E+7,  3.867745E-3
1.207250E+7,  3.939390E-3
1.207875E+7,  3.869772E-3
1.208500E+7,  3.886461E-3
1.209125E+7,  3.926516E-3
1.209750E+7,  3.969669E-3
1.210375E+7,  4.022360E-3
1.211000E+7,  4.028797E-3
1.211625E+7,  4.061460E-3
1.212250E+7,  4.062653E-3
1.212875E+7,  4.128933E-3
1.213500E+7,  4.136086E-3
1.214125E+7,  4.163504E-3
1.214750E+7,  4.267931E-3
1.215375E+7,  4.346371E-3
1.216000E+7,  4.372358E-3
1.216625E+7,  4.406452E-3
1.217250E+7,  4.409075E-3
1.217875E+7,  4.478931E-3
1.218500E+7,  4.524231E-3
1.219125E+7,  4.542589E-3
1.219750E+7,  4.611492E-3
1.220375E+7,  4.669189E-3
1.221000E+7,  4.704714E-3
1.221625E+7,  4.729033E-3
1.222250E+7,  4.810810E-3
1.222875E+7,  4.880190E-3
1.223500E+7,  4.976273E-3
1.224125E+7,  5.065680E-3
1.224750E+7,  5.041122E-3
1.225375E+7,  5.062580E-3
1.226000E+7,  5.169153E-3
1.226625E+7,  5.228281E-3
1.227250E+7,  5.305290E-3
1.227875E+7,  5.386114E-3
1.228500E+7,  5.485058E-3
1.229125E+7,  5.517006E-3
1.229750E+7,  5.564213E-3
1.230375E+7,  5.623817E-3
1.231000E+7,  5.758762E-3
1.231625E+7,  5.797863E-3
1.232250E+7,  5.872250E-3
1.232875E+7,  5.927324E-3
1.233500E+7,  6.026745E-3
1.234125E+7,  6.090164E-3
1.234750E+7,  6.150723E-3
1.235375E+7,  6.229162E-3
1.236000E+7,  6.297588E-3
1.236625E+7,  6.427288E-3
1.237250E+7,  6.520510E-3
1.237875E+7,  6.576061E-3
1.238500E+7,  6.675243E-3
1.239125E+7,  6.776810E-3
1.239750E+7,  6.853580E-3
1.240375E+7,  6.945848E-3
1.241000E+7,  7.035255E-3
1.241625E+7,  7.147074E-3
1.242250E+7,  7.260323E-3
1.242875E+7,  7.436752E-3
1.243500E+7,  7.522583E-3
1.244125E+7,  7.665634E-3
1.244750E+7,  7.685661E-3
1.245375E+7,  7.838726E-3
1.246000E+7,  7.950783E-3
1.246625E+7,  8.108616E-3
1.247250E+7,  8.208275E-3
1.247875E+7,  8.381367E-3
1.248500E+7,  8.470058E-3
1.249125E+7,  8.619308E-3
1.249750E+7,  8.740902E-3
1.250375E+7,  8.982182E-3
1.251000E+7,  9.028435E-3
1.251625E+7,  9.203434E-3
1.252250E+7,  9.377003E-3
1.252875E+7,  9.516239E-3
1.253500E+7,  9.655476E-3
1.254125E+7,  9.878635E-3
1.254750E+7,  9.988308E-3
1.255375E+7,  1.019335E-2
1.256000E+7,  1.041365E-2
1.256625E+7,  1.056004E-2
1.257250E+7,  1.080036E-2
1.257875E+7,  1.101923E-2
1.258500E+7,  1.121616E-2
1.259125E+7,  1.145077E-2
1.259750E+7,  1.169014E-2
1.260375E+7,  1.189232E-2
1.261000E+7,  1.213026E-2
1.261625E+7,  1.250505E-2
1.262250E+7,  1.264191E-2
1.262875E+7,  1.321745E-2
1.263500E+7,  1.301384E-2
1.264125E+7,  1.349974E-2
1.264750E+7,  1.385784E-2
1.265375E+7,  1.406050E-2
1.266000E+7,  1.453686E-2
1.266625E+7,  1.471567E-2
1.267250E+7,  1.534271E-2
1.267875E+7,  1.574516E-2
1.268500E+7,  1.643276E-2
1.269125E+7,  1.682472E-2
1.269750E+7,  1.629353E-2
1.270375E+7,  1.623631E-2
1.271000E+7,  1.895142E-2
1.271625E+7,  1.780510E-2
1.272250E+7,  1.822090E-2
1.272875E+7,  1.874542E-2
1.273500E+7,  1.953697E-2
1.274125E+7,  1.992035E-2
1.274750E+7,  2.069855E-2
1.275375E+7,  2.084064E-2
1.276000E+7,  2.156258E-2
1.276625E+7,  2.199268E-2
1.277250E+7,  1.666164E-2
1.277875E+7,  2.145958E-2
1.278500E+7,  2.488804E-2
1.279125E+7,  2.632046E-2
1.279750E+7,  2.570057E-2
1.280375E+7,  2.494812E-2
1.281000E+7,  2.350998E-2
1.281625E+7,  3.025150E-2
1.282250E+7,  3.055191E-2
1.282875E+7,  3.084087E-2
1.283500E+7,  2.938271E-2
1.284125E+7,  3.539658E-2
1.284750E+7,  3.569603E-2
1.285375E+7,  3.780556E-2
1.286000E+7,  3.835869E-2
1.286625E+7,  4.108047E-2
1.287250E+7,  4.234886E-2
1.287875E+7,  4.290009E-2
1.288500E+7,  4.388237E-2
1.289125E+7,  4.868507E-2
1.289750E+7,  4.997444E-2
1.290375E+7,  5.086136E-2
1.291000E+7,  5.381393E-2
1.291625E+7,  5.870247E-2
1.292250E+7,  5.341721E-2
1.292875E+7,  6.103134E-2
1.293500E+7,  5.820274E-2
1.294125E+7,  6.306076E-2
1.294750E+7,  5.508614E-2
1.295375E+7,  4.271698E-2
1.296000E+7,  3.567505E-2
1.296625E+7,  3.573036E-2
1.297250E+7,  3.849030E-2
1.297875E+7,  4.083443E-2
1.298500E+7,  4.334831E-2
1.299125E+7,  4.646683E-2
1.299750E+7,  4.967499E-2
1.300375E+7,  5.353546E-2
1.301000E+7,  5.777931E-2
1.301625E+7,  6.196213E-2
1.302250E+7,  6.697845E-2
1.302875E+7,  7.172775E-2
1.303500E+7,  7.677841E-2
1.304125E+7,  8.133316E-2
1.304750E+7,  8.552551E-2
1.305375E+7,  8.850479E-2
1.306000E+7,  9.030914E-2
1.306625E+7,  9.101868E-2
1.307250E+7,  9.004211E-2
1.307875E+7,  8.841705E-2
1.308500E+7,  8.523941E-2
1.309125E+7,  8.193207E-2
1.309750E+7,  7.777405E-2
1.310375E+7,  7.387924E-2
1.311000E+7,  7.017136E-2
1.311625E+7,  6.668854E-2
1.312250E+7,  6.362534E-2
1.312875E+7,  6.068420E-2
1.313500E+7,  5.798340E-2
1.314125E+7,  5.528259E-2
1.314750E+7,  5.319786E-2
1.315375E+7,  5.176163E-2
1.316000E+7,  4.986954E-2
1.316625E+7,  4.823685E-2
1.317250E+7,  4.626846E-2
1.317875E+7,  4.506683E-2
1.318500E+7,  4.368210E-2
1.319125E+7,  4.279709E-2
1.319750E+7,  4.119682E-2
1.320375E+7,  4.025078E-2
1.321000E+7,  3.970909E-2
1.321625E+7,  3.830147E-2
1.322250E+7,  3.754044E-2
1.322875E+7,  3.708649E-2
1.323500E+7,  3.668785E-2
1.324125E+7,  3.655052E-2
1.324750E+7,  3.681374E-2
1.325375E+7,  3.695679E-2
1.326000E+7,  3.620720E-2
1.326625E+7,  3.597260E-2
1.327250E+7,  3.580666E-2
1.327875E+7,  3.595734E-2
1.328500E+7,  3.540421E-2
1.329125E+7,  3.586960E-2
1.329750E+7,  3.557587E-2
1.330375E+7,  3.520584E-2
1.331000E+7,  3.610802E-2
1.331625E+7,  3.604507E-2
1.332250E+7,  3.689575E-2
1.332875E+7,  3.577423E-2
1.333500E+7,  3.485680E-2
1.334125E+7,  3.454399E-2
1.334750E+7,  3.438568E-2
1.335375E+7,  3.510666E-2
1.336000E+7,  3.507233E-2
1.336625E+7,  3.492165E-2
1.337250E+7,  3.559113E-2
1.337875E+7,  3.557968E-2
1.338500E+7,  3.560066E-2
1.339125E+7,  3.647614E-2
1.339750E+7,  3.659248E-2
1.340375E+7,  3.674889E-2
1.341000E+7,  3.720284E-2
1.341625E+7,  3.816223E-2
1.342250E+7,  3.873253E-2
1.342875E+7,  3.969955E-2
1.343500E+7,  4.081345E-2
1.344125E+7,  4.127502E-2
1.344750E+7,  4.248428E-2
1.345375E+7,  4.362869E-2
1.346000E+7,  4.475021E-2
1.346625E+7,  4.635048E-2
1.347250E+7,  4.835510E-2
1.347875E+7,  4.969215E-2
1.348500E+7,  5.094337E-2
1.349125E+7,  5.278587E-2
1.349750E+7,  5.497742E-2
1.350375E+7,  5.762482E-2
1.351000E+7,  5.972099E-2
1.351625E+7,  6.196213E-2
1.352250E+7,  6.458664E-2
1.352875E+7,  6.724167E-2
1.353500E+7,  7.004929E-2
1.354125E+7,  7.240677E-2
1.354750E+7,  7.469177E-2
1.355375E+7,  7.632065E-2
1.356000E+7,  7.734680E-2
1.356625E+7,  7.740021E-2
1.357250E+7,  7.656860E-2
1.357875E+7,  7.502365E-2
1.358500E+7,  7.255173E-2
1.359125E+7,  6.948471E-2
1.359750E+7,  6.607056E-2
1.360375E+7,  6.239319E-2
1.361000E+7,  5.853081E-2
1.361625E+7,  5.491447E-2
1.362250E+7,  5.140686E-2
1.362875E+7,  4.814529E-2
1.363500E+7,  4.511642E-2
1.364125E+7,  4.227066E-2
1.364750E+7,  3.959465E-2
1.365375E+7,  3.722954E-2
1.366000E+7,  3.509140E-2
1.366625E+7,  3.314209E-2
1.367250E+7,  3.127861E-2
1.367875E+7,  2.961159E-2
1.368500E+7,  2.801228E-2
1.369125E+7,  2.654457E-2
1.369750E+7,  2.517605E-2
1.370375E+7,  2.394867E-2
1.371000E+7,  2.286339E-2
1.371625E+7,  2.180386E-2
1.372250E+7,  2.084827E-2
1.372875E+7,  1.996136E-2
1.373500E+7,  1.914787E-2
1.374125E+7,  1.834774E-2
1.374750E+7,  1.758575E-2
1.375375E+7,  1.691437E-2
1.376000E+7,  1.629925E-2
1.376625E+7,  1.569939E-2
1.377250E+7,  1.516581E-2
1.377875E+7,  1.464605E-2
1.378500E+7,  1.411390E-2
1.379125E+7,  1.366138E-2
1.379750E+7,  1.320314E-2
1.380375E+7,  1.277018E-2
1.381000E+7,  1.236820E-2
1.381625E+7,  1.198292E-2
1.382250E+7,  1.163816E-2
1.382875E+7,  1.129913E-2
1.383500E+7,  1.099300E-2
1.384125E+7,  1.065636E-2
1.384750E+7,  1.037216E-2
1.385375E+7,  1.011324E-2
1.386000E+7,  9.814739E-3
1.386625E+7,  9.570599E-3
1.387250E+7,  9.339809E-3
1.387875E+7,  9.102821E-3
1.388500E+7,  8.902073E-3
1.389125E+7,  8.706093E-3
1.389750E+7,  8.472443E-3
1.390375E+7,  8.287430E-3
1.391000E+7,  8.079529E-3
1.391625E+7,  7.912159E-3
1.392250E+7,  7.739782E-3
1.392875E+7,  7.563353E-3
1.393500E+7,  7.414103E-3
1.394125E+7,  7.267475E-3
1.394750E+7,  7.107973E-3
1.395375E+7,  6.966829E-3
1.396000E+7,  6.839037E-3
1.396625E+7,  6.718397E-3
1.397250E+7,  6.590366E-3
1.397875E+7,  6.460428E-3
1.398500E+7,  6.324291E-3
1.399125E+7,  6.224394E-3
1.399750E+7,  6.129503E-3
1.400375E+7,  6.040335E-3
1.401000E+7,  5.917311E-3
1.401625E+7,  5.825043E-3
1.402250E+7,  5.735397E-3
1.402875E+7,  5.652428E-3
1.403500E+7,  5.547047E-3
1.404125E+7,  5.476236E-3
1.404750E+7,  5.363464E-3
1.405375E+7,  5.304337E-3
1.406000E+7,  5.207777E-3
1.406625E+7,  5.153179E-3
1.407250E+7,  5.088329E-3
1.407875E+7,  5.033016E-3
1.408500E+7,  4.980087E-3
1.409125E+7,  4.925728E-3
1.409750E+7,  4.838228E-3
1.410375E+7,  4.790068E-3
1.411000E+7,  4.715919E-3
1.411625E+7,  4.674435E-3
1.412250E+7,  4.628181E-3
1.412875E+7,  4.559517E-3
1.413500E+7,  4.498720E-3
1.414125E+7,  4.472017E-3
1.414750E+7,  4.443169E-3
1.415375E+7,  4.395723E-3
1.416000E+7,  4.344225E-3
1.416625E+7,  4.321575E-3
1.417250E+7,  4.299641E-3
1.417875E+7,  4.265785E-3
1.418500E+7,  4.239798E-3
1.419125E+7,  4.182577E-3
1.419750E+7,  4.164219E-3
1.420375E+7,  4.137516E-3
1.421000E+7,  4.091263E-3
1.421625E+7,  4.084826E-3
1.422250E+7,  4.056931E-3
1.422875E+7,  4.044056E-3
1.423500E+7,  4.031181E-3
1.424125E+7,  4.028559E-3
1.424750E+7,  3.994703E-3
1.425375E+7,  3.988743E-3
1.426000E+7,  3.981590E-3
1.426625E+7,  3.953457E-3
1.427250E+7,  3.939629E-3
1.427875E+7,  3.945351E-3
1.428500E+7,  3.938675E-3
1.429125E+7,  3.926516E-3
1.429750E+7,  3.944159E-3
1.430375E+7,  3.921747E-3
1.431000E+7,  3.924847E-3
1.431625E+7,  3.944397E-3
1.432250E+7,  3.978491E-3
1.432875E+7,  3.965139E-3
1.433500E+7,  3.993511E-3
1.434125E+7,  4.008293E-3
1.434750E+7,  4.024267E-3
1.435375E+7,  4.053593E-3
1.436000E+7,  4.076242E-3
1.436625E+7,  4.142523E-3
1.437250E+7,  4.167080E-3
1.437875E+7,  4.209042E-3
1.438500E+7,  4.244328E-3
1.439125E+7,  4.307270E-3
1.439750E+7,  4.342079E-3
1.440375E+7,  4.425287E-3
1.441000E+7,  4.477739E-3
1.441625E+7,  4.552364E-3
1.442250E+7,  4.651546E-3
1.442875E+7,  4.725218E-3
1.443500E+7,  4.835844E-3
1.444125E+7,  4.963636E-3
1.444750E+7,  5.074263E-3
1.445375E+7,  5.238533E-3
1.446000E+7,  5.392075E-3
1.446625E+7,  5.577564E-3
1.447250E+7,  5.783558E-3
1.447875E+7,  6.018639E-3
1.448500E+7,  6.278515E-3
1.449125E+7,  6.581545E-3
1.449750E+7,  6.920815E-3
1.450375E+7,  7.320404E-3
1.451000E+7,  7.772684E-3
1.451625E+7,  8.334160E-3
1.452250E+7,  8.957386E-3
1.452875E+7,  9.717941E-3
1.453500E+7,  1.059961E-2
1.454125E+7,  1.167011E-2
1.454750E+7,  1.281357E-2
1.455375E+7,  1.405668E-2
1.456000E+7,  1.519585E-2
1.456625E+7,  1.595020E-2
1.457250E+7,  1.601124E-2
1.457875E+7,  1.522160E-2
1.458500E+7,  1.384306E-2
1.459125E+7,  1.224661E-2
1.459750E+7,  1.065397E-2
1.460375E+7,  9.281158E-3
1.461000E+7,  8.132935E-3
1.461625E+7,  7.152796E-3
1.462250E+7,  6.346464E-3
1.462875E+7,  5.638361E-3
1.463500E+7,  5.069733E-3
1.464125E+7,  4.564047E-3
1.464750E+7,  4.146814E-3
1.465375E+7,  3.781080E-3
1.466000E+7,  3.467083E-3
1.466625E+7,  3.207564E-3
1.467250E+7,  2.944350E-3
1.467875E+7,  2.694130E-3
1.468500E+7,  2.514482E-3
1.469125E+7,  2.319217E-3
1.469750E+7,  2.197146E-3
1.470375E+7,  2.040029E-3
1.471000E+7,  1.897752E-3
1.471625E+7,  1.797616E-3
1.472250E+7,  1.677692E-3
1.472875E+7,  1.592636E-3
1.473500E+7,  1.500905E-3
1.474125E+7,  1.418591E-3
1.474750E+7,  1.330197E-3
1.475375E+7,  1.244247E-3
1.476000E+7,  1.218557E-3
1.476625E+7,  1.158059E-3
1.477250E+7,  1.078784E-3
1.477875E+7,  1.010120E-3
1.478500E+7,  9.724200E-4
1.479125E+7,  9.358227E-4
1.479750E+7,  8.837581E-4
1.480375E+7,  8.236468E-4
1.481000E+7,  8.141398E-4
1.481625E+7,  7.629097E-4
1.482250E+7,  7.372200E-4
1.482875E+7,  6.853044E-4
1.483500E+7,  6.599128E-4
1.484125E+7,  6.289184E-4
1.484750E+7,  5.940497E-4
1.485375E+7,  5.784631E-4
1.486000E+7,  5.571842E-4
1.486625E+7,  5.415678E-4
1.487250E+7,  5.315840E-4
1.487875E+7,  5.018711E-4
1.488500E+7,  4.629344E-4
1.489125E+7,  4.308969E-4
1.489750E+7,  4.444122E-4
1.490375E+7,  4.018545E-4
1.491000E+7,  4.097670E-4
1.491625E+7,  3.838986E-4
1.492250E+7,  3.432184E-4
1.492875E+7,  3.497154E-4
1.493500E+7,  3.466606E-4
1.494125E+7,  3.496706E-4
1.494750E+7,  3.079772E-4
1.495375E+7,  3.045350E-4
1.496000E+7,  2.790093E-4
1.496625E+7,  2.638102E-4
1.497250E+7,  2.621859E-4
1.497875E+7,  2.512187E-4
1.498500E+7,  2.559274E-4
1.499125E+7,  2.398863E-4
1.499750E+7,  2.306774E-4
1.500375E+7,  2.347752E-4
1.501000E+7,  2.188459E-4
1.501625E+7,  2.302825E-4
1.502250E+7,  1.799166E-4
1.502875E+7,  1.763552E-4
1.503500E+7,  1.751855E-4
1.504125E+7,  1.678988E-4
1.504750E+7,  1.785532E-4
1.505375E+7,  1.785010E-4
1.506000E+7,  1.503602E-4
1.506625E+7,  1.685768E-4
1.507250E+7,  1.441613E-4
1.507875E+7,  1.601800E-4
1.508500E+7,  1.355708E-4
1.509125E+7,  1.260042E-4
1.509750E+7,  1.437142E-4
1.510375E+7,  9.759516E-5
1.511000E+7,  1.341477E-4
1.511625E+7,  1.071319E-4
1.512250E+7,  1.143739E-4
1.512875E+7,  1.041479E-4
1.513500E+7,  1.107603E-4
1.514125E+7,  9.104237E-5
1.514750E+7,  8.580461E-5
1.515375E+7,  7.967278E-5
1.516000E+7,  8.629262E-5
1.516625E+7,  9.618700E-5
1.517250E+7,  7.263571E-5
1.517875E+7,  6.887689E-5
1.518500E+7,  7.954612E-5
1.519125E+7,  8.190423E-5
1.519750E+7,  7.426739E-5
1.520375E+7,  7.967278E-5
1.521000E+7,  5.301833E-5
1.521625E+7,  6.125867E-5
1.522250E+7,  8.744374E-5
1.522875E+7,  4.618056E-5
1.523500E+7,  5.223602E-5
1.524125E+7,  4.620105E-5
1.524750E+7,  5.356222E-5
1.525375E+7,  4.799291E-5
1.526000E+7,  2.281927E-5
1.526625E+7,  4.535355E-5
1.527250E+7,  3.055856E-5
1.527875E+7,  4.812516E-5
1.528500E+7,  3.083982E-5
1.529125E+7,  4.665554E-5
1.529750E+7,  4.742667E-5
1.530375E+7,  1.914892E-5
1.531000E+7,  2.343487E-5
1.531625E+7,  1.710001E-5
1.532250E+7,  2.407469E-5
1.532875E+7,  4.627183E-5
1.533500E+7,  3.197603E-5
1.534125E+7,  1.746323E-5
1.534750E+7,  8.797273E-6
1.535375E+7,  1.883321E-5
1.536000E+7,  3.244355E-5
1.536625E+7,  1.860596E-5
1.537250E+7,  2.342928E-5
1.537875E+7,  3.372692E-5
1.538500E+7,  1.539104E-5
1.539125E+7,  2.578553E-5
1.539750E+7,  8.522067E-6
1.540375E+7,  2.244487E-5
1.541000E+7,  8.758623E-6
1.541625E+7,  1.660548E-5
1.542250E+7,  1.194468E-5
1.542875E+7,  3.612041E-5
1.543500E+7,  1.964625E-5
1.544125E+7,  1.536310E-5
1.544750E+7,  1.921505E-5
1.545375E+7,  3.710948E-5
1.546000E+7,  7.457572E-10
1.546625E+7,  2.938975E-5
1.547250E+7,  7.111112E-10
1.547875E+7,  9.365845E-6
1.548500E+7,  1.686346E-5
1.549125E+7,  2.275873E-5
1.549750E+7,  1.974124E-5
1.550375E+7,  1.282245E-5
1.551000E+7,  3.141537E-5
1.551625E+7,  3.594346E-5
1.552250E+7,  2.774410E-5
1.552875E+7,  2.109446E-5
1.553500E+7,  1.455797E-5
1.554125E+7,  8.953735E-6
1.554750E+7,  1.256494E-5
1.555375E+7,  1.073396E-5
1.556000E+7,  2.552569E-5
1.556625E+7,  1.117960E-5
1.557250E+7,  1.741946E-5
1.557875E+7,  9.073410E-6
1.558500E+7,  4.082453E-6
1.559125E+7,  1.826417E-5
1.559750E+7,  1.146412E-5
1.560375E+7,  1.797732E-5
1.561000E+7,  2.181623E-5
1.561625E+7,  9.172596E-6
1.562250E+7,  3.248453E-5
1.562875E+7,  2.980605E-5
1.563500E+7,  1.589954E-5
1.564125E+7,  1.405738E-5
1.564750E+7,  1.586508E-5
1.565375E+7,  1.160335E-5
1.566000E+7,  1.578312E-5
1.566625E+7,  1.591071E-5
1.567250E+7,  1.088390E-5
1.567875E+7,  8.564442E-6
1.568500E+7,  6.438938E-10
1.569125E+7,  3.824942E-6
1.569750E+7,  1.709443E-5
1.570375E+7,  1.143664E-5
1.571000E+7,  1.696777E-5
1.571625E+7,  1.368998E-5
1.572250E+7,  7.614959E-6
1.572875E+7,  3.227778E-5
1.573500E+7,  1.897663E-5
1.574125E+7,  3.118068E-5
1.574750E+7,  2.274010E-5
1.575375E+7,  1.365226E-5
1.576000E+7,  3.212504E-5
1.576625E+7,  2.402160E-5
1.577250E+7,  1.896080E-5
1.577875E+7,  1.073210E-5
1.578500E+7,  1.564063E-5
1.579125E+7,  7.586321E-6
1.579750E+7,  1.893565E-5
1.580375E+7,  2.728216E-5
1.581000E+7,  8.445233E-6
1.581625E+7,  1.359498E-5
1.582250E+7,  7.538823E-6
1.582875E+7,  8.414965E-6
1.583500E+7,  7.541617E-6
1.584125E+7,  2.413429E-5
1.584750E+7,  2.945680E-5
1.585375E+7,  8.411705E-6
1.586000E+7,  3.761845E-6
1.586625E+7,  2.635270E-5
1.587250E+7,  1.681224E-5
1.587875E+7,  1.550931E-5
1.588500E+7,  1.680944E-5
1.589125E+7,  1.063291E-5
1.589750E+7,  2.518669E-5
1.590375E+7,  2.021808E-5
1.591000E+7,  7.512048E-6
1.591625E+7,  1.876242E-5
1.592250E+7,  2.018083E-5
1.592875E+7,  3.746361E-6
1.593500E+7,  2.703909E-5
1.594125E+7,  3.743218E-6
1.594750E+7,  1.674145E-5
1.595375E+7,  2.244860E-5
1.596000E+7,  7.485505E-6
1.596625E+7,  2.698507E-5
1.597250E+7,  7.482478E-6
1.597875E+7,  2.278667E-5
1.598500E+7,  1.872797E-5
1.599125E+7,  1.122989E-5
1.599750E+7,  1.870748E-5
1.600375E+7,  5.192868E-5
1.601000E+7,  7.056817E-5
1.601625E+7,  1.000836E-4
1.602250E+7,  2.707168E-5
1.602875E+7,  1.004823E-4
1.603500E+7,  8.630753E-5
1.604125E+7,  9.764358E-5
1.604750E+7,  1.096278E-4
1.605375E+7,  9.348616E-5
1.606000E+7,  3.359094E-5
1.606625E+7,  6.055273E-5
1.607250E+7,  4.179031E-5
1.607875E+7,  4.495494E-5
1.608500E+7,  9.072199E-5
1.609125E+7,  2.736300E-4
1.609750E+7,  1.014955E-4
1.610375E+7,  6.892532E-5
1.611000E+7,  7.015467E-5
1.611625E+7,  2.297293E-5
1.612250E+7,  6.059185E-5
1.612875E+7,  5.854107E-5
1.613500E+7,  8.484349E-5
1.614125E+7,  6.214157E-5
1.614750E+7,  3.456883E-5
1.615375E+7,  1.132712E-4
1.616000E+7,  6.916746E-5
1.616625E+7,  2.887752E-5
1.617250E+7,  5.859882E-5
1.617875E+7,  4.887022E-5
1.618500E+7,  3.093481E-5
1.619125E+7,  4.673749E-5
1.619750E+7,  2.830476E-5
1.620375E+7,  5.744584E-5
1.621000E+7,  8.171052E-5
1.621625E+7,  1.184596E-5
1.622250E+7,  7.733330E-5
1.622875E+7,  1.045316E-4
1.623500E+7,  5.489215E-5
1.624125E+7,  1.157783E-4
1.624750E+7,  1.139529E-4
1.625375E+7,  1.354590E-4
1.626000E+7,  8.644164E-5
1.626625E+7,  2.439227E-5
1.627250E+7,  5.140156E-5
1.627875E+7,  8.443370E-5
1.628500E+7,  3.350340E-5
1.629125E+7,  6.686151E-5
1.629750E+7,  7.345155E-5
1.630375E+7,  6.731972E-5
1.631000E+7,  4.350394E-5
1.631625E+7,  6.166101E-5
1.632250E+7,  9.267405E-5
1.632875E+7,  1.005232E-4
1.633500E+7,  5.396083E-5
1.634125E+7,  3.680401E-5
1.634750E+7,  4.496239E-5
1.635375E+7,  6.550178E-5
1.636000E+7,  7.066131E-5
1.636625E+7,  1.086444E-4
1.637250E+7,  7.816404E-5
1.637875E+7,  3.332794E-4
1.638500E+7,  1.792759E-4
1.639125E+7,  3.508851E-5
1.639750E+7,  6.354973E-5
1.640375E+7,  8.644164E-5
1.641000E+7,  1.818221E-5
1.641625E+7,  1.276806E-4
1.642250E+7,  9.208173E-5
1.642875E+7,  3.096648E-5
1.643500E+7,  4.876964E-5
1.644125E+7,  8.013844E-5
1.644750E+7,  6.735697E-5
1.645375E+7,  1.017489E-4
1.646000E+7,  2.245978E-5
1.646625E+7,  3.355742E-5
1.647250E+7,  4.494749E-5
1.647875E+7,  7.275119E-5
1.648500E+7,  6.924197E-5
1.649125E+7,  7.281452E-5
1.649750E+7,  8.244812E-5
1.650375E+7,  4.641898E-5
1.651000E+7,  6.791204E-5
1.651625E+7,  6.649271E-5
1.652250E+7,  2.573896E-5
1.652875E+7,  7.754937E-5
1.653500E+7,  8.023158E-5
1.654125E+7,  1.469478E-4
1.654750E+7,  6.699190E-5
1.655375E+7,  7.512420E-5
1.656000E+7,  6.008148E-5
1.656625E+7,  4.954636E-5
1.657250E+7,  1.270846E-4
1.657875E+7,  6.940216E-5
1.658500E+7,  4.890934E-5
1.659125E+7,  6.401911E-5
1.659750E+7,  9.017065E-5
1.660375E+7,  5.127676E-5
1.661000E+7,  3.745593E-5
1.661625E+7,  5.879067E-5
1.662250E+7,  6.363913E-5
1.662875E+7,  1.356378E-4
1.663500E+7,  1.716390E-4
1.664125E+7,  1.540631E-4
1.664750E+7,  1.517460E-4
1.665375E+7,  1.450554E-4
1.666000E+7,  7.226691E-5
1.666625E+7,  1.448914E-4
1.667250E+7,  8.578598E-5
1.667875E+7,  7.497892E-5
1.668500E+7,  7.232651E-5
1.669125E+7,  1.137257E-4
1.669750E+7,  7.743388E-5
1.670375E+7,  1.732782E-4
1.671000E+7,  8.890033E-5
1.671625E+7,  4.859544E-10
1.672250E+7,  1.270920E-4
1.672875E+7,  6.139651E-5
1.673500E+7,  1.233742E-4
1.674125E+7,  6.451085E-5
1.674750E+7,  3.228523E-5
1.675375E+7,  6.591529E-5
1.676000E+7,  4.629977E-5
1.676625E+7,  7.239357E-5
1.677250E+7,  7.055327E-5
1.677875E+7,  7.351488E-5
1.678500E+7,  7.652864E-5
1.679125E+7,  3.527291E-5
1.679750E+7,  7.238984E-5
1.680375E+7,  3.701448E-5
1.681000E+7,  4.483201E-5
1.681625E+7,  5.781278E-5
1.682250E+7,  1.191720E-5
1.682875E+7,  4.141964E-5
1.683500E+7,  6.461889E-5
1.684125E+7,  7.037073E-5
1.684750E+7,  6.937608E-5
1.685375E+7,  9.658933E-5
1.686000E+7,  2.847239E-5
1.686625E+7,  3.382936E-5
1.687250E+7,  7.323548E-5
1.687875E+7,  5.783513E-6
1.688500E+7,  2.330728E-5
1.689125E+7,  5.612895E-5
1.689750E+7,  5.618483E-5
1.690375E+7,  1.636799E-5
1.691000E+7,  2.226532E-4
1.691625E+7,  5.050190E-5
1.692250E+7,  4.300661E-5
1.692875E+7,  9.996444E-5
1.693500E+7,  4.145503E-5
1.694125E+7,  7.235631E-5
1.694750E+7,  5.907752E-5
1.695375E+7,  1.090355E-4
1.696000E+7,  1.790822E-4
1.696625E+7,  1.889542E-4
1.697250E+7,  6.603077E-5
1.697875E+7,  1.071915E-4
1.698500E+7,  8.120015E-5
1.699125E+7,  1.297742E-4
1.699750E+7,  7.650629E-5
1.700375E+7,  1.239777E-4
1.701000E+7,  8.465350E-5
1.701625E+7,  5.805492E-5
1.702250E+7,  8.057803E-5
1.702875E+7,  9.002909E-5
1.703500E+7,  5.741976E-5
1.704125E+7,  1.045018E-4
1.704750E+7,  2.979189E-4
1.705375E+7,  8.168444E-5
1.706000E+7,  1.816228E-4
1.706625E+7,  1.194328E-4
1.707250E+7,  4.132092E-4
1.707875E+7,  5.221553E-5
1.708500E+7,  4.350953E-5
1.709125E+7,  9.517744E-5
1.709750E+7,  1.062676E-4
1.710375E+7,  1.173802E-4
1.711000E+7,  2.901722E-5
1.711625E+7,  5.134754E-5
1.712250E+7,  8.213799E-6
1.712875E+7,  2.093986E-5
1.713500E+7,  5.631708E-5
1.714125E+7,  4.989654E-5
1.714750E+7,  7.731467E-5
1.715375E+7,  4.934520E-5
1.716000E+7,  2.269447E-5
1.716625E+7,  5.235337E-5
1.717250E+7,  1.354367E-4
1.717875E+7,  7.183850E-5
1.718500E+7,  1.425520E-4
1.719125E+7,  4.963204E-5
1.719750E+7,  6.624684E-5
1.720375E+7,  1.072548E-4
1.721000E+7,  5.584769E-5
1.721625E+7,  8.204579E-5
1.722250E+7,  1.231432E-4
1.722875E+7,  8.895248E-5
1.723500E+7,  5.820394E-5
1.724125E+7,  6.498769E-6
1.724750E+7,  1.561344E-4
1.725375E+7,  6.576627E-5
1.726000E+7,  5.816668E-5
1.726625E+7,  5.846843E-5
1.727250E+7,  8.646399E-5
1.727875E+7,  5.205348E-5
1.728500E+7,  8.386374E-5
1.729125E+7,  4.662573E-5
1.729750E+7,  4.193746E-5
1.730375E+7,  1.106448E-4
1.731000E+7,  7.943809E-5
1.731625E+7,  1.367554E-4
1.732250E+7,  9.197742E-5
1.732875E+7,  2.682675E-5
1.733500E+7,  2.099294E-5
1.734125E+7,  2.602860E-5
1.734750E+7,  6.636605E-5
1.735375E+7,  4.198402E-5
1.736000E+7,  1.163920E-5
1.736625E+7,  5.439483E-5
1.737250E+7,  8.806214E-5
1.737875E+7,  1.278669E-4
1.738500E+7,  1.689047E-4
1.739125E+7,  5.318224E-5
1.739750E+7,  1.002289E-4
1.740375E+7,  2.045855E-4
1.741000E+7,  6.470457E-5
1.741625E+7,  6.418303E-5
1.742250E+7,  3.138185E-5
1.742875E+7,  6.593019E-5
1.743500E+7,  4.696101E-5
1.744125E+7,  1.565516E-4
1.744750E+7,  8.244533E-6
1.745375E+7,  1.020283E-4
1.746000E+7,  2.275314E-5
1.746625E+7,  1.020133E-4
1.747250E+7,  1.143217E-4
1.747875E+7,  4.203245E-5
1.748500E+7,  1.341999E-4
1.749125E+7,  2.758801E-4
1.749750E+7,  3.791973E-5
1.750375E+7,  6.527081E-5
1.751000E+7,  6.658211E-5
1.751625E+7,  1.605302E-4
1.752250E+7,  8.577853E-5
1.752875E+7,  9.346008E-5
1.753500E+7,  9.421259E-5
1.754125E+7,  1.254082E-4
1.754750E+7,  1.202673E-4
1.755375E+7,  5.383231E-5
1.756000E+7,  6.585568E-5
1.756625E+7,  1.391321E-4
1.757250E+7,  3.795698E-5
1.757875E+7,  1.458405E-5
1.758500E+7,  6.565452E-5
1.759125E+7,  9.981170E-5
1.759750E+7,  2.335850E-5
1.760375E+7,  1.019947E-4
1.761000E+7,  7.186085E-5
1.761625E+7,  3.741868E-5
1.762250E+7,  1.060851E-4
1.762875E+7,  1.571029E-4
1.763500E+7,  1.363903E-4
1.764125E+7,  2.922863E-5
1.764750E+7,  7.490814E-5
1.765375E+7,  9.800866E-5
1.766000E+7,  2.980977E-5
1.766625E+7,  9.805709E-5
1.767250E+7,  1.516342E-4
1.767875E+7,  1.463015E-5
1.768500E+7,  1.316294E-4
1.769125E+7,  9.153783E-5
1.769750E+7,  5.492754E-5
1.770375E+7,  5.264208E-5
1.771000E+7,  8.945912E-5
1.771625E+7,  1.647100E-4
1.772250E+7,  1.386032E-4
1.772875E+7,  5.761161E-5
1.773500E+7,  7.314235E-5
1.774125E+7,  1.183450E-4
1.774750E+7,  6.950647E-5
1.775375E+7,  9.165332E-5
1.776000E+7,  1.676604E-4
1.776625E+7,  1.639053E-4
1.777250E+7,  7.120892E-5
1.777875E+7,  6.579608E-5
1.778500E+7,  8.511171E-5
1.779125E+7,  2.760906E-5
1.779750E+7,  1.049675E-4
1.780375E+7,  9.909272E-5
1.781000E+7,  7.878244E-5
1.781625E+7,  8.444861E-5
1.782250E+7,  1.000613E-4
1.782875E+7,  6.199256E-5
1.783500E+7,  5.303696E-5
1.784125E+7,  6.473809E-5
1.784750E+7,  8.920208E-5
1.785375E+7,  5.244091E-5
1.786000E+7,  8.912385E-5
1.786625E+7,  1.310464E-5
1.787250E+7,  6.152317E-5
1.787875E+7,  8.272380E-5
1.788500E+7,  3.115833E-5
1.789125E+7,  9.097159E-5
1.789750E+7,  3.317744E-5
1.790375E+7,  5.221926E-5
1.791000E+7,  3.629364E-5
1.791625E+7,  4.984252E-5
1.792250E+7,  9.496510E-5
1.792875E+7,  4.228763E-5
1.793500E+7,  5.600229E-5
1.794125E+7,  5.315989E-5
1.794750E+7,  4.199520E-5
1.795375E+7,  4.361197E-5
1.796000E+7,  8.532405E-5
1.796625E+7,  5.124137E-5
1.797250E+7,  4.471280E-5
1.797875E+7,  7.761270E-5
1.798500E+7,  1.194179E-4
1.799125E+7,  6.458536E-5
1.799750E+7,  8.121133E-5
1.800375E+7,  5.792268E-5
1.801000E+7,  3.534183E-5
1.801625E+7,  3.278628E-5
1.802250E+7,  2.935249E-5
1.802875E+7,  6.467849E-5
1.803500E+7,  1.394749E-4
1.804125E+7,  6.848574E-5
1.804750E+7,  2.995227E-5
1.805375E+7,  3.535300E-5
1.806000E+7,  8.697808E-5
1.806625E+7,  1.378953E-4
1.807250E+7,  6.854162E-5
1.807875E+7,  8.580461E-5
1.808500E+7,  4.707091E-5
1.809125E+7,  3.538653E-5
1.809750E+7,  1.791790E-4
1.810375E+7,  1.785066E-5
1.811000E+7,  1.287013E-4
1.811625E+7,  1.336783E-4
1.812250E+7,  7.076189E-5
1.812875E+7,  1.254827E-4
1.813500E+7,  6.051920E-5
1.814125E+7,  6.140769E-5
1.814750E+7,  1.176726E-5
1.815375E+7,  1.059361E-4
1.816000E+7,  4.281290E-5
1.816625E+7,  7.369369E-5
1.817250E+7,  9.471923E-5
1.817875E+7,  9.178743E-5
1.818500E+7,  1.449585E-4
1.819125E+7,  2.630614E-5
1.819750E+7,  7.517636E-5
1.820375E+7,  5.298294E-5
1.821000E+7,  1.860131E-5
1.821625E+7,  2.892502E-5
1.822250E+7,  9.117275E-5
1.822875E+7,  5.264767E-5
1.823500E+7,  4.897080E-5
1.824125E+7,  2.141204E-5
1.824750E+7,  7.354468E-5
1.825375E+7,  4.286133E-5
1.826000E+7,  5.035102E-5
1.826625E+7,  4.898757E-5
1.827250E+7,  6.637350E-5
1.827875E+7,  6.365776E-5
1.828500E+7,  9.198859E-5
1.829125E+7,  4.855730E-5
1.829750E+7,  2.942048E-5
1.830375E+7,  9.496510E-5
1.831000E+7,  2.944004E-5
1.831625E+7,  7.634610E-5
1.832250E+7,  5.888054E-6
1.832875E+7,  4.830398E-5
1.833500E+7,  1.106821E-4
1.834125E+7,  5.886145E-5
1.834750E+7,  1.317309E-5
1.835375E+7,  5.812570E-5
1.836000E+7,  3.004167E-5
1.836625E+7,  3.596395E-5
1.837250E+7,  5.809776E-5
1.837875E+7,  1.214910E-5
1.838500E+7,  6.591156E-5
1.839125E+7,  1.214398E-5
1.839750E+7,  6.621331E-5
1.840375E+7,  7.668510E-5
1.841000E+7,  1.533926E-4
1.841625E+7,  8.608773E-5
1.842250E+7,  7.760152E-5
1.842875E+7,  5.565956E-5
1.843500E+7,  6.728992E-5
1.844125E+7,  1.114383E-4
1.844750E+7,  3.537536E-5
1.845375E+7,  1.087338E-4
1.846000E+7,  7.080659E-5
1.846625E+7,  8.763000E-5
1.847250E+7,  5.316362E-5
1.847875E+7,  8.590892E-5
1.848500E+7,  2.719369E-5
1.849125E+7,  1.027845E-4
1.849750E+7,  3.966875E-5
1.850375E+7,  3.553368E-5
1.851000E+7,  2.950802E-5
1.851625E+7,  1.062714E-4
1.852250E+7,  4.731864E-5
1.852875E+7,  1.216643E-4
1.853500E+7,  1.051873E-4
1.854125E+7,  7.465854E-5
1.854750E+7,  1.600906E-4
1.855375E+7,  1.458377E-4
1.856000E+7,  1.654401E-4